FREQUENCIES 
Gen,mut_id,mut_freq
1.0,0.0,0.5
1.0,1.0,0.5
1.0,2.0,0.5
1.0,3.0,0.5
1.0,4.0,0.5
1.0,5.0,0.5
1.0,6.0,0.5
1.0,7.0,0.5
1.0,8.0,0.5
1.0,9.0,0.5
1.0,10.0,0.5
1.0,11.0,0.5
1.0,12.0,0.5
1.0,13.0,0.5
1.0,14.0,0.5
1.0,15.0,0.5
1.0,16.0,0.5
1.0,17.0,0.5
1000.0,0.0,0.476695
1000.0,1.0,0.183132
1000.0,2.0,0.240692
1000.0,3.0,0.0
1000.0,4.0,0.78532
1000.0,5.0,0.581507
1000.0,6.0,0.0
1000.0,7.0,0.640491
1000.0,8.0,0.716226
1000.0,9.0,0.535341
1000.0,10.0,0.18127
1000.0,11.0,0.488513
1000.0,12.0,0.870941
1000.0,13.0,0.628739
1000.0,14.0,0.580881
1000.0,15.0,0.449245
1000.0,16.0,0.670609
1000.0,17.0,0.552504
1001.0,0.0,0.490067
1001.0,1.0,0.199576
1001.0,2.0,0.351455
1001.0,3.0,0.0
1001.0,4.0,0.813051
1001.0,5.0,0.611861
1001.0,6.0,0.0
1001.0,7.0,0.654956
1001.0,8.0,0.725396
1001.0,9.0,0.544094
1001.0,10.0,0.310693
1001.0,11.0,0.534375
1001.0,12.0,0.873488
1001.0,13.0,0.63128
1001.0,14.0,0.627863
1001.0,15.0,0.593519
1001.0,16.0,0.701524
1001.0,17.0,0.542977
1002.0,0.0,0.501639
1002.0,1.0,0.213549
1002.0,2.0,0.468513
1002.0,3.0,0.0
1002.0,4.0,0.834175
1002.0,5.0,0.643333
1002.0,6.0,0.0
1002.0,7.0,0.666391
1002.0,8.0,0.732238
1002.0,9.0,0.552078
1002.0,10.0,0.433703
1002.0,11.0,0.570273
1002.0,12.0,0.875912
1002.0,13.0,0.632283
1002.0,14.0,0.663205
1002.0,15.0,0.703225
1002.0,16.0,0.725516
1002.0,17.0,0.533223
1003.0,0.0,0.513474
1003.0,1.0,0.227897
1003.0,2.0,0.58557
1003.0,3.0,0.0
1003.0,4.0,0.852305
1003.0,5.0,0.677654
1003.0,6.0,0.0
1003.0,7.0,0.677941
1003.0,8.0,0.738842
1003.0,9.0,0.558923
1003.0,10.0,0.537113
1003.0,11.0,0.60103
1003.0,12.0,0.878446
1003.0,13.0,0.634041
1003.0,14.0,0.693665
1003.0,15.0,0.786117
1003.0,16.0,0.745439
1003.0,17.0,0.523444
1004.0,0.0,0.524093
1004.0,1.0,0.243246
1004.0,2.0,0.690937
1004.0,3.0,0.0
1004.0,4.0,0.868927
1004.0,5.0,0.716725
1004.0,6.0,0.0
1004.0,7.0,0.688702
1004.0,8.0,0.744741
1004.0,9.0,0.564998
1004.0,10.0,0.617995
1004.0,11.0,0.629139
1004.0,12.0,0.881093
1004.0,13.0,0.635302
1004.0,14.0,0.720084
1004.0,15.0,0.84739
1004.0,16.0,0.762787
1004.0,17.0,0.514053
1005.0,0.0,0.533239
1005.0,1.0,0.258096
1005.0,2.0,0.778457
1005.0,3.0,0.0
1005.0,4.0,0.882401
1005.0,5.0,0.756852
1005.0,6.0,0.0
1005.0,7.0,0.698691
1005.0,8.0,0.750387
1005.0,9.0,0.57213
1005.0,10.0,0.682182
1005.0,11.0,0.654217
1005.0,12.0,0.883502
1005.0,13.0,0.636534
1005.0,14.0,0.743208
1005.0,15.0,0.891283
1005.0,16.0,0.778469
1005.0,17.0,0.507962
1006.0,0.0,0.520834
1006.0,1.0,0.237869
1006.0,2.0,0.654144
1006.0,3.0,0.0
1006.0,4.0,0.862848
1006.0,5.0,0.706458
1006.0,6.0,0.0
1006.0,7.0,0.683329
1006.0,8.0,0.742096
1006.0,9.0,0.562695
1006.0,10.0,0.491345
1006.0,11.0,0.619704
1006.0,12.0,0.880738
1006.0,13.0,0.633078
1006.0,14.0,0.710028
1006.0,15.0,0.809017
1006.0,16.0,0.755457
1006.0,17.0,0.519208
1007.0,0.0,0.508605
1007.0,1.0,0.221811
1007.0,2.0,0.529586
1007.0,3.0,0.0
1007.0,4.0,0.84512
1007.0,5.0,0.66852
1007.0,6.0,0.0
1007.0,7.0,0.670375
1007.0,8.0,0.734247
1007.0,9.0,0.554512
1007.0,10.0,0.36631
1007.0,11.0,0.58636
1007.0,12.0,0.878719
1007.0,13.0,0.63071
1007.0,14.0,0.679129
1007.0,15.0,0.713212
1007.0,16.0,0.733812
1007.0,17.0,0.52922
1008.0,0.0,0.496498
1008.0,1.0,0.206214
1008.0,2.0,0.41598
1008.0,3.0,0.0
1008.0,4.0,0.825786
1008.0,5.0,0.635259
1008.0,6.0,0.0
1008.0,7.0,0.658478
1008.0,8.0,0.727955
1008.0,9.0,0.547078
1008.0,10.0,0.282733
1008.0,11.0,0.552996
1008.0,12.0,0.876086
1008.0,13.0,0.628659
1008.0,14.0,0.648012
1008.0,15.0,0.616026
1008.0,16.0,0.711672
1008.0,17.0,0.539331
1009.0,0.0,0.484658
1009.0,1.0,0.193454
1009.0,2.0,0.318914
1009.0,3.0,0.0
1009.0,4.0,0.805256
1009.0,5.0,0.605744
1009.0,6.0,0.0
1009.0,7.0,0.646929
1009.0,8.0,0.720307
1009.0,9.0,0.540027
1009.0,10.0,0.223585
1009.0,11.0,0.519456
1009.0,12.0,0.873622
1009.0,13.0,0.627379
1009.0,14.0,0.616211
1009.0,15.0,0.527369
1009.0,16.0,0.69069
1009.0,17.0,0.547157
1010.0,0.0,0.474994
1010.0,1.0,0.180539
1010.0,2.0,0.242277
1010.0,3.0,0.0
1010.0,4.0,0.783323
1010.0,5.0,0.579131
1010.0,6.0,0.0
1010.0,7.0,0.635247
1010.0,8.0,0.713599
1010.0,9.0,0.532186
1010.0,10.0,0.180753
1010.0,11.0,0.48656
1010.0,12.0,0.871379
1010.0,13.0,0.625547
1010.0,14.0,0.58405
1010.0,15.0,0.452154
1010.0,16.0,0.669958
1010.0,17.0,0.553966
2000.0,0.0,0.485905
2000.0,1.0,0.184817
2000.0,2.0,0.264867
2000.0,3.0,0.0
2000.0,4.0,0.802769
2000.0,5.0,0.52056
2000.0,6.0,0.0
2000.0,7.0,0.635924
2000.0,8.0,0.720839
2000.0,9.0,0.539703
2000.0,10.0,0.184259
2000.0,11.0,0.499494
2000.0,12.0,0.875379
2000.0,13.0,0.689245
2000.0,14.0,0.584326
2000.0,15.0,0.451718
2000.0,16.0,0.677979
2000.0,17.0,0.544128
2001.0,0.0,0.499732
2001.0,1.0,0.201028
2001.0,2.0,0.382628
2001.0,3.0,0.0
2001.0,4.0,0.827375
2001.0,5.0,0.542265
2001.0,6.0,0.0
2001.0,7.0,0.651257
2001.0,8.0,0.728089
2001.0,9.0,0.54875
2001.0,10.0,0.314631
2001.0,11.0,0.544025
2001.0,12.0,0.878419
2001.0,13.0,0.690809
2001.0,14.0,0.630325
2001.0,15.0,0.598296
2001.0,16.0,0.707303
2001.0,17.0,0.533247
2002.0,0.0,0.511597
2002.0,1.0,0.216671
2002.0,2.0,0.503695
2002.0,3.0,0.0
2002.0,4.0,0.847153
2002.0,5.0,0.566525
2002.0,6.0,0.0
2002.0,7.0,0.664101
2002.0,8.0,0.735296
2002.0,9.0,0.555813
2002.0,10.0,0.436717
2002.0,11.0,0.579155
2002.0,12.0,0.880295
2002.0,13.0,0.692251
2002.0,14.0,0.666374
2002.0,15.0,0.710457
2002.0,16.0,0.73019
2002.0,17.0,0.520843
2003.0,0.0,0.522531
2003.0,1.0,0.231674
2003.0,2.0,0.620927
2003.0,3.0,0.0
2003.0,4.0,0.864486
2003.0,5.0,0.593803
2003.0,6.0,0.0
2003.0,7.0,0.675806
2003.0,8.0,0.74286
2003.0,9.0,0.562563
2003.0,10.0,0.539253
2003.0,11.0,0.610263
2003.0,12.0,0.882179
2003.0,13.0,0.694025
2003.0,14.0,0.696633
2003.0,15.0,0.794204
2003.0,16.0,0.751303
2003.0,17.0,0.506425
2004.0,0.0,0.533301
2004.0,1.0,0.24768
2004.0,2.0,0.723608
2004.0,3.0,0.0
2004.0,4.0,0.878667
2004.0,5.0,0.625672
2004.0,6.0,0.0
2004.0,7.0,0.687547
2004.0,8.0,0.749675
2004.0,9.0,0.570076
2004.0,10.0,0.62135
2004.0,11.0,0.638278
2004.0,12.0,0.883949
2004.0,13.0,0.695631
2004.0,14.0,0.722874
2004.0,15.0,0.856115
2004.0,16.0,0.770093
2004.0,17.0,0.490631
2005.0,0.0,0.542628
2005.0,1.0,0.262373
2005.0,2.0,0.805675
2005.0,3.0,0.0
2005.0,4.0,0.891804
2005.0,5.0,0.661904
2005.0,6.0,0.0
2005.0,7.0,0.698202
2005.0,8.0,0.75498
2005.0,9.0,0.577158
2005.0,10.0,0.684177
2005.0,11.0,0.663947
2005.0,12.0,0.88559
2005.0,13.0,0.697019
2005.0,14.0,0.745738
2005.0,15.0,0.89963
2005.0,16.0,0.785789
2005.0,17.0,0.474104
2006.0,0.0,0.528987
2006.0,1.0,0.241514
2006.0,2.0,0.689007
2006.0,3.0,0.0
2006.0,4.0,0.874268
2006.0,5.0,0.618592
2006.0,6.0,0.0
2006.0,7.0,0.684113
2006.0,8.0,0.747107
2006.0,9.0,0.567677
2006.0,10.0,0.49479
2006.0,11.0,0.629564
2006.0,12.0,0.882894
2006.0,13.0,0.696006
2006.0,14.0,0.713382
2006.0,15.0,0.820897
2006.0,16.0,0.762533
2006.0,17.0,0.494481
2007.0,0.0,0.516727
2007.0,1.0,0.223739
2007.0,2.0,0.566951
2007.0,3.0,0.0
2007.0,4.0,0.857278
2007.0,5.0,0.587606
2007.0,6.0,0.0
2007.0,7.0,0.671597
2007.0,8.0,0.739508
2007.0,9.0,0.558812
2007.0,10.0,0.368796
2007.0,11.0,0.596524
2007.0,12.0,0.880614
2007.0,13.0,0.69412
2007.0,14.0,0.683217
2007.0,15.0,0.724451
2007.0,16.0,0.740132
2007.0,17.0,0.510791
2008.0,0.0,0.50604
2008.0,1.0,0.209303
2008.0,2.0,0.451009
2008.0,3.0,0.0
2008.0,4.0,0.83941
2008.0,5.0,0.563513
2008.0,6.0,0.0
2008.0,7.0,0.659988
2008.0,8.0,0.733221
2008.0,9.0,0.551095
2008.0,10.0,0.284234
2008.0,11.0,0.563569
2008.0,12.0,0.878568
2008.0,13.0,0.693568
2008.0,14.0,0.652055
2008.0,15.0,0.624241
2008.0,16.0,0.717847
2008.0,17.0,0.522795
2009.0,0.0,0.495187
2009.0,1.0,0.194949
2009.0,2.0,0.349318
2009.0,3.0,0.0
2009.0,4.0,0.820726
2009.0,5.0,0.541746
2009.0,6.0,0.0
2009.0,7.0,0.6488
2009.0,8.0,0.726343
2009.0,9.0,0.544264
2009.0,10.0,0.225059
2009.0,11.0,0.530881
2009.0,12.0,0.876207
2009.0,13.0,0.692947
2009.0,14.0,0.620815
2009.0,15.0,0.532215
2009.0,16.0,0.696248
2009.0,17.0,0.533988
2010.0,0.0,0.485037
2010.0,1.0,0.182584
2010.0,2.0,0.267115
2010.0,3.0,0.0
2010.0,4.0,0.800683
2010.0,5.0,0.523251
2010.0,6.0,0.0
2010.0,7.0,0.637503
2010.0,8.0,0.718857
2010.0,9.0,0.538255
2010.0,10.0,0.182559
2010.0,11.0,0.497627
2010.0,12.0,0.874437
2010.0,13.0,0.691115
2010.0,14.0,0.587367
2010.0,15.0,0.45349
2010.0,16.0,0.676688
2010.0,17.0,0.542025
3000.0,0.0,0.485793
3000.0,1.0,0.182702
3000.0,2.0,0.268296
3000.0,3.0,0.0
3000.0,4.0,0.797408
3000.0,5.0,0.505551
3000.0,6.0,0.0
3000.0,7.0,0.634956
3000.0,8.0,0.742302
3000.0,9.0,0.54275
3000.0,10.0,0.181725
3000.0,11.0,0.500274
3000.0,12.0,0.879296
3000.0,13.0,0.722154
3000.0,14.0,0.590399
3000.0,15.0,0.451283
3000.0,16.0,0.674116
3000.0,17.0,0.548619
3001.0,0.0,0.499965
3001.0,1.0,0.200164
3001.0,2.0,0.388361
3001.0,3.0,0.0
3001.0,4.0,0.824865
3001.0,5.0,0.525456
3001.0,6.0,0.0
3001.0,7.0,0.650854
3001.0,8.0,0.748885
3001.0,9.0,0.552527
3001.0,10.0,0.310875
3001.0,11.0,0.544477
3001.0,12.0,0.882415
3001.0,13.0,0.723746
3001.0,14.0,0.635379
3001.0,15.0,0.598727
3001.0,16.0,0.704736
3001.0,17.0,0.537493
3002.0,0.0,0.512309
3002.0,1.0,0.215018
3002.0,2.0,0.510589
3002.0,3.0,0.0
3002.0,4.0,0.845161
3002.0,5.0,0.547305
3002.0,6.0,0.0
3002.0,7.0,0.66445
3002.0,8.0,0.75491
3002.0,9.0,0.560166
3002.0,10.0,0.433553
3002.0,11.0,0.579468
3002.0,12.0,0.88422
3002.0,13.0,0.724959
3002.0,14.0,0.670826
3002.0,15.0,0.7117
3002.0,16.0,0.728964
3002.0,17.0,0.524342
3003.0,0.0,0.523342
3003.0,1.0,0.230571
3003.0,2.0,0.627834
3003.0,3.0,0.0
3003.0,4.0,0.861307
3003.0,5.0,0.571285
3003.0,6.0,0.0
3003.0,7.0,0.676916
3003.0,8.0,0.760495
3003.0,9.0,0.566953
3003.0,10.0,0.536503
3003.0,11.0,0.609345
3003.0,12.0,0.885479
3003.0,13.0,0.726134
3003.0,14.0,0.700199
3003.0,15.0,0.796594
3003.0,16.0,0.749003
3003.0,17.0,0.51084
3004.0,0.0,0.534023
3004.0,1.0,0.246333
3004.0,2.0,0.728495
3004.0,3.0,0.0
3004.0,4.0,0.876518
3004.0,5.0,0.601898
3004.0,6.0,0.0
3004.0,7.0,0.68865
3004.0,8.0,0.765751
3004.0,9.0,0.573047
3004.0,10.0,0.619362
3004.0,11.0,0.637214
3004.0,12.0,0.887287
3004.0,13.0,0.727025
3004.0,14.0,0.726178
3004.0,15.0,0.857257
3004.0,16.0,0.766869
3004.0,17.0,0.493137
3005.0,0.0,0.544351
3005.0,1.0,0.262045
3005.0,2.0,0.809432
3005.0,3.0,0.0
3005.0,4.0,0.890056
3005.0,5.0,0.636207
3005.0,6.0,0.0
3005.0,7.0,0.699449
3005.0,8.0,0.771026
3005.0,9.0,0.580419
3005.0,10.0,0.683653
3005.0,11.0,0.662445
3005.0,12.0,0.889369
3005.0,13.0,0.727873
3005.0,14.0,0.749524
3005.0,15.0,0.900871
3005.0,16.0,0.783174
3005.0,17.0,0.475162
3006.0,0.0,0.531121
3006.0,1.0,0.240478
3006.0,2.0,0.693447
3006.0,3.0,0.0
3006.0,4.0,0.871563
3006.0,5.0,0.593922
3006.0,6.0,0.0
3006.0,7.0,0.685049
3006.0,8.0,0.763656
3006.0,9.0,0.571794
3006.0,10.0,0.49472
3006.0,11.0,0.626306
3006.0,12.0,0.88629
3006.0,13.0,0.726457
3006.0,14.0,0.717016
3006.0,15.0,0.821385
3006.0,16.0,0.75947
3006.0,17.0,0.498801
3007.0,0.0,0.52045
3007.0,1.0,0.223455
3007.0,2.0,0.571491
3007.0,3.0,0.0
3007.0,4.0,0.854222
3007.0,5.0,0.565022
3007.0,6.0,0.0
3007.0,7.0,0.671646
3007.0,8.0,0.756848
3007.0,9.0,0.564048
3007.0,10.0,0.369498
3007.0,11.0,0.593182
3007.0,12.0,0.883471
3007.0,13.0,0.725219
3007.0,14.0,0.68642
3007.0,15.0,0.725087
3007.0,16.0,0.738557
3007.0,17.0,0.515994
3008.0,0.0,0.509977
3008.0,1.0,0.207752
3008.0,2.0,0.454671
3008.0,3.0,0.0
3008.0,4.0,0.83606
3008.0,5.0,0.540263
3008.0,6.0,0.0
3008.0,7.0,0.65934
3008.0,8.0,0.751305
3008.0,9.0,0.557071
3008.0,10.0,0.285683
3008.0,11.0,0.561628
3008.0,12.0,0.881557
3008.0,13.0,0.723806
3008.0,14.0,0.654423
3008.0,15.0,0.624545
3008.0,16.0,0.717383
3008.0,17.0,0.531158
3009.0,0.0,0.499278
3009.0,1.0,0.193138
3009.0,2.0,0.351503
3009.0,3.0,0.0
3009.0,4.0,0.816481
3009.0,5.0,0.520712
3009.0,6.0,0.0
3009.0,7.0,0.647239
3009.0,8.0,0.746399
3009.0,9.0,0.551243
3009.0,10.0,0.22693
3009.0,11.0,0.530067
3009.0,12.0,0.879217
3009.0,13.0,0.723025
3009.0,14.0,0.622473
3009.0,15.0,0.530971
3009.0,16.0,0.696061
3009.0,17.0,0.542153
3010.0,0.0,0.489204
3010.0,1.0,0.180193
3010.0,2.0,0.267347
3010.0,3.0,0.0
3010.0,4.0,0.79612
3010.0,5.0,0.502344
3010.0,6.0,0.0
3010.0,7.0,0.636374
3010.0,8.0,0.739882
3010.0,9.0,0.544562
3010.0,10.0,0.182982
3010.0,11.0,0.497502
3010.0,12.0,0.877027
3010.0,13.0,0.721287
3010.0,14.0,0.590311
3010.0,15.0,0.450778
3010.0,16.0,0.674363
3010.0,17.0,0.551541
4000.0,0.0,0.484015
4000.0,1.0,0.187043
4000.0,2.0,0.269876
4000.0,3.0,0.0
4000.0,4.0,0.793205
4000.0,5.0,0.504709
4000.0,6.0,0.0
4000.0,7.0,0.637496
4000.0,8.0,0.723268
4000.0,9.0,0.544458
4000.0,10.0,0.183511
4000.0,11.0,0.495238
4000.0,12.0,0.879042
4000.0,13.0,0.731423
4000.0,14.0,0.587807
4000.0,15.0,0.450547
4000.0,16.0,0.674158
4000.0,17.0,0.544288
4001.0,0.0,0.498378
4001.0,1.0,0.204304
4001.0,2.0,0.389196
4001.0,3.0,0.0
4001.0,4.0,0.819368
4001.0,5.0,0.521472
4001.0,6.0,0.0
4001.0,7.0,0.651431
4001.0,8.0,0.731803
4001.0,9.0,0.553849
4001.0,10.0,0.312204
4001.0,11.0,0.537973
4001.0,12.0,0.881232
4001.0,13.0,0.731491
4001.0,14.0,0.631725
4001.0,15.0,0.598547
4001.0,16.0,0.703666
4001.0,17.0,0.536254
4002.0,0.0,0.510032
4002.0,1.0,0.219554
4002.0,2.0,0.512243
4002.0,3.0,0.0
4002.0,4.0,0.840623
4002.0,5.0,0.54065
4002.0,6.0,0.0
4002.0,7.0,0.665099
4002.0,8.0,0.74024
4002.0,9.0,0.562198
4002.0,10.0,0.436085
4002.0,11.0,0.572303
4002.0,12.0,0.883036
4002.0,13.0,0.733457
4002.0,14.0,0.66663
4002.0,15.0,0.712679
4002.0,16.0,0.726938
4002.0,17.0,0.526128
4003.0,0.0,0.521567
4003.0,1.0,0.234776
4003.0,2.0,0.628695
4003.0,3.0,0.0
4003.0,4.0,0.858299
4003.0,5.0,0.563573
4003.0,6.0,0.0
4003.0,7.0,0.676699
4003.0,8.0,0.747561
4003.0,9.0,0.569307
4003.0,10.0,0.53956
4003.0,11.0,0.603906
4003.0,12.0,0.884395
4003.0,13.0,0.734856
4003.0,14.0,0.696881
4003.0,15.0,0.795987
4003.0,16.0,0.746994
4003.0,17.0,0.513695
4004.0,0.0,0.531781
4004.0,1.0,0.250233
4004.0,2.0,0.730718
4004.0,3.0,0.0
4004.0,4.0,0.87291
4004.0,5.0,0.590194
4004.0,6.0,0.0
4004.0,7.0,0.687745
4004.0,8.0,0.754881
4004.0,9.0,0.576372
4004.0,10.0,0.621713
4004.0,11.0,0.633038
4004.0,12.0,0.886612
4004.0,13.0,0.7354
4004.0,14.0,0.722544
4004.0,15.0,0.858714
4004.0,16.0,0.765072
4004.0,17.0,0.499393
4005.0,0.0,0.542434
4005.0,1.0,0.265198
4005.0,2.0,0.811908
4005.0,3.0,0.0
4005.0,4.0,0.885868
4005.0,5.0,0.623035
4005.0,6.0,0.0
4005.0,7.0,0.697722
4005.0,8.0,0.760076
4005.0,9.0,0.583299
4005.0,10.0,0.685717
4005.0,11.0,0.659535
4005.0,12.0,0.888539
4005.0,13.0,0.736275
4005.0,14.0,0.745438
4005.0,15.0,0.901764
4005.0,16.0,0.781633
4005.0,17.0,0.48187
4006.0,0.0,0.528545
4006.0,1.0,0.243958
4006.0,2.0,0.697472
4006.0,3.0,0.0
4006.0,4.0,0.868636
4006.0,5.0,0.582252
4006.0,6.0,0.0
4006.0,7.0,0.682866
4006.0,8.0,0.751911
4006.0,9.0,0.573769
4006.0,10.0,0.495924
4006.0,11.0,0.62314
4006.0,12.0,0.88615
4006.0,13.0,0.735935
4006.0,14.0,0.71283
4006.0,15.0,0.823384
4006.0,16.0,0.756735
4006.0,17.0,0.504787
4007.0,0.0,0.516449
4007.0,1.0,0.227955
4007.0,2.0,0.576111
4007.0,3.0,0.0
4007.0,4.0,0.85094
4007.0,5.0,0.555672
4007.0,6.0,0.0
4007.0,7.0,0.67101
4007.0,8.0,0.744784
4007.0,9.0,0.566728
4007.0,10.0,0.369813
4007.0,11.0,0.590791
4007.0,12.0,0.884494
4007.0,13.0,0.735155
4007.0,14.0,0.682407
4007.0,15.0,0.727326
4007.0,16.0,0.734449
4007.0,17.0,0.52008
4008.0,0.0,0.505861
4008.0,1.0,0.213348
4008.0,2.0,0.459806
4008.0,3.0,0.0
4008.0,4.0,0.833139
4008.0,5.0,0.535337
4008.0,6.0,0.0
4008.0,7.0,0.659788
4008.0,8.0,0.738244
4008.0,9.0,0.559219
4008.0,10.0,0.28622
4008.0,11.0,0.559934
4008.0,12.0,0.882814
4008.0,13.0,0.734409
4008.0,14.0,0.651329
4008.0,15.0,0.625976
4008.0,16.0,0.714406
4008.0,17.0,0.531308
4009.0,0.0,0.495821
4009.0,1.0,0.199531
4009.0,2.0,0.357079
4009.0,3.0,0.0
4009.0,4.0,0.813568
4009.0,5.0,0.518272
4009.0,6.0,0.0
4009.0,7.0,0.648278
4009.0,8.0,0.731581
4009.0,9.0,0.552406
4009.0,10.0,0.226395
4009.0,11.0,0.527615
4009.0,12.0,0.880671
4009.0,13.0,0.733917
4009.0,14.0,0.619641
4009.0,15.0,0.532101
4009.0,16.0,0.694288
4009.0,17.0,0.54047
4010.0,0.0,0.485017
4010.0,1.0,0.186832
4010.0,2.0,0.273056
4010.0,3.0,0.0
4010.0,4.0,0.79282
4010.0,5.0,0.502003
4010.0,6.0,0.0
4010.0,7.0,0.637595
4010.0,8.0,0.725976
4010.0,9.0,0.5449
4010.0,10.0,0.183395
4010.0,11.0,0.494843
4010.0,12.0,0.878595
4010.0,13.0,0.732148
4010.0,14.0,0.587203
4010.0,15.0,0.452138
4010.0,16.0,0.672806
4010.0,17.0,0.54841
5000.0,0.0,0.481328
5000.0,1.0,0.191087
5000.0,2.0,0.270785
5000.0,3.0,0.0
5000.0,4.0,0.796337
5000.0,5.0,0.495016
5000.0,6.0,0.0
5000.0,7.0,0.644931
5000.0,8.0,0.740647
5000.0,9.0,0.547732
5000.0,10.0,0.18335
5000.0,11.0,0.495889
5000.0,12.0,0.888961
5000.0,13.0,0.758502
5000.0,14.0,0.593095
5000.0,15.0,0.448864
5000.0,16.0,0.673885
5000.0,17.0,0.547146
5001.0,0.0,0.494943
5001.0,1.0,0.208035
5001.0,2.0,0.390783
5001.0,3.0,0.0
5001.0,4.0,0.822537
5001.0,5.0,0.513452
5001.0,6.0,0.0
5001.0,7.0,0.659559
5001.0,8.0,0.748111
5001.0,9.0,0.557959
5001.0,10.0,0.311944
5001.0,11.0,0.540059
5001.0,12.0,0.890914
5001.0,13.0,0.761011
5001.0,14.0,0.637233
5001.0,15.0,0.598823
5001.0,16.0,0.704131
5001.0,17.0,0.535614
5002.0,0.0,0.506168
5002.0,1.0,0.224034
5002.0,2.0,0.51243
5002.0,3.0,0.0
5002.0,4.0,0.842957
5002.0,5.0,0.533895
5002.0,6.0,0.0
5002.0,7.0,0.671741
5002.0,8.0,0.754129
5002.0,9.0,0.565942
5002.0,10.0,0.43464
5002.0,11.0,0.575354
5002.0,12.0,0.892404
5002.0,13.0,0.762292
5002.0,14.0,0.672968
5002.0,15.0,0.712171
5002.0,16.0,0.727885
5002.0,17.0,0.522541
5003.0,0.0,0.517019
5003.0,1.0,0.239029
5003.0,2.0,0.628763
5003.0,3.0,0.0
5003.0,4.0,0.860063
5003.0,5.0,0.555975
5003.0,6.0,0.0
5003.0,7.0,0.683511
5003.0,8.0,0.758721
5003.0,9.0,0.573263
5003.0,10.0,0.537579
5003.0,11.0,0.608362
5003.0,12.0,0.893664
5003.0,13.0,0.7628
5003.0,14.0,0.702346
5003.0,15.0,0.79784
5003.0,16.0,0.748929
5003.0,17.0,0.508714
5004.0,0.0,0.526348
5004.0,1.0,0.255615
5004.0,2.0,0.730809
5004.0,3.0,0.0
5004.0,4.0,0.874536
5004.0,5.0,0.582941
5004.0,6.0,0.0
5004.0,7.0,0.693997
5004.0,8.0,0.763965
5004.0,9.0,0.579445
5004.0,10.0,0.619372
5004.0,11.0,0.637767
5004.0,12.0,0.895723
5004.0,13.0,0.763655
5004.0,14.0,0.728574
5004.0,15.0,0.859616
5004.0,16.0,0.767509
5004.0,17.0,0.492871
5005.0,0.0,0.537184
5005.0,1.0,0.271083
5005.0,2.0,0.811803
5005.0,3.0,0.0
5005.0,4.0,0.887726
5005.0,5.0,0.615563
5005.0,6.0,0.0
5005.0,7.0,0.705755
5005.0,8.0,0.768511
5005.0,9.0,0.586112
5005.0,10.0,0.684003
5005.0,11.0,0.663763
5005.0,12.0,0.896948
5005.0,13.0,0.765126
5005.0,14.0,0.751447
5005.0,15.0,0.902858
5005.0,16.0,0.784546
5005.0,17.0,0.474521
5006.0,0.0,0.523578
5006.0,1.0,0.249736
5006.0,2.0,0.696455
5006.0,3.0,0.0
5006.0,4.0,0.869773
5006.0,5.0,0.575824
5006.0,6.0,0.0
5006.0,7.0,0.691356
5006.0,8.0,0.761368
5006.0,9.0,0.577617
5006.0,10.0,0.494615
5006.0,11.0,0.627564
5006.0,12.0,0.8954
5006.0,13.0,0.764221
5006.0,14.0,0.718757
5006.0,15.0,0.823297
5006.0,16.0,0.760331
5006.0,17.0,0.498341
5007.0,0.0,0.512644
5007.0,1.0,0.232711
5007.0,2.0,0.574038
5007.0,3.0,0.0
5007.0,4.0,0.852956
5007.0,5.0,0.549162
5007.0,6.0,0.0
5007.0,7.0,0.679713
5007.0,8.0,0.755211
5007.0,9.0,0.570208
5007.0,10.0,0.368023
5007.0,11.0,0.594931
5007.0,12.0,0.894946
5007.0,13.0,0.761805
5007.0,14.0,0.689789
5007.0,15.0,0.726674
5007.0,16.0,0.739207
5007.0,17.0,0.514875
5008.0,0.0,0.502543
5008.0,1.0,0.217886
5008.0,2.0,0.456827
5008.0,3.0,0.0
5008.0,4.0,0.834873
5008.0,5.0,0.528209
5008.0,6.0,0.0
5008.0,7.0,0.667774
5008.0,8.0,0.749023
5008.0,9.0,0.562952
5008.0,10.0,0.284362
5008.0,11.0,0.563459
5008.0,12.0,0.894103
5008.0,13.0,0.759604
5008.0,14.0,0.659087
5008.0,15.0,0.624517
5008.0,16.0,0.718407
5008.0,17.0,0.527607
5009.0,0.0,0.492494
5009.0,1.0,0.20414
5009.0,2.0,0.35493
5009.0,3.0,0.0
5009.0,4.0,0.815399
5009.0,5.0,0.51153
5009.0,6.0,0.0
5009.0,7.0,0.65641
5009.0,8.0,0.742772
5009.0,9.0,0.555938
5009.0,10.0,0.226243
5009.0,11.0,0.531454
5009.0,12.0,0.892421
5009.0,13.0,0.75901
5009.0,14.0,0.626422
5009.0,15.0,0.529542
5009.0,16.0,0.697726
5009.0,17.0,0.537134
5010.0,0.0,0.482322
5010.0,1.0,0.190096
5010.0,2.0,0.271197
5010.0,3.0,0.0
5010.0,4.0,0.795007
5010.0,5.0,0.495911
5010.0,6.0,0.0
5010.0,7.0,0.64617
5010.0,8.0,0.736266
5010.0,9.0,0.549027
5010.0,10.0,0.18354
5010.0,11.0,0.498541
5010.0,12.0,0.891101
5010.0,13.0,0.758317
5010.0,14.0,0.59446
5010.0,15.0,0.449
5010.0,16.0,0.676792
5010.0,17.0,0.545738
6000.0,0.0,0.484886
6000.0,1.0,0.190481
6000.0,2.0,0.270412
6000.0,3.0,0.0
6000.0,4.0,0.804712
6000.0,5.0,0.496875
6000.0,6.0,0.0
6000.0,7.0,0.639581
6000.0,8.0,0.724775
6000.0,9.0,0.53576
6000.0,10.0,0.185792
6000.0,11.0,0.50301
6000.0,12.0,0.878147
6000.0,13.0,0.809
6000.0,14.0,0.591354
6000.0,15.0,0.454396
6000.0,16.0,0.675514
6000.0,17.0,0.544283
6001.0,0.0,0.498595
6001.0,1.0,0.207855
6001.0,2.0,0.388239
6001.0,3.0,0.0
6001.0,4.0,0.830935
6001.0,5.0,0.513206
6001.0,6.0,0.0
6001.0,7.0,0.654764
6001.0,8.0,0.733551
6001.0,9.0,0.54534
6001.0,10.0,0.315182
6001.0,11.0,0.545839
6001.0,12.0,0.880854
6001.0,13.0,0.810983
6001.0,14.0,0.636869
6001.0,15.0,0.602354
6001.0,16.0,0.705342
6001.0,17.0,0.534887
6002.0,0.0,0.509731
6002.0,1.0,0.223549
6002.0,2.0,0.508769
6002.0,3.0,0.0
6002.0,4.0,0.850717
6002.0,5.0,0.532306
6002.0,6.0,0.0
6002.0,7.0,0.667723
6002.0,8.0,0.740012
6002.0,9.0,0.552354
6002.0,10.0,0.437134
6002.0,11.0,0.580837
6002.0,12.0,0.88295
6002.0,13.0,0.811899
6002.0,14.0,0.672274
6002.0,15.0,0.716512
6002.0,16.0,0.728749
6002.0,17.0,0.523627
6003.0,0.0,0.521457
6003.0,1.0,0.239081
6003.0,2.0,0.626021
6003.0,3.0,0.0
6003.0,4.0,0.867565
6003.0,5.0,0.555669
6003.0,6.0,0.0
6003.0,7.0,0.678385
6003.0,8.0,0.745776
6003.0,9.0,0.559518
6003.0,10.0,0.539609
6003.0,11.0,0.612354
6003.0,12.0,0.884927
6003.0,13.0,0.813595
6003.0,14.0,0.701978
6003.0,15.0,0.800258
6003.0,16.0,0.748533
6003.0,17.0,0.509593
6004.0,0.0,0.532144
6004.0,1.0,0.253902
6004.0,2.0,0.726941
6004.0,3.0,0.0
6004.0,4.0,0.881917
6004.0,5.0,0.583334
6004.0,6.0,0.0
6004.0,7.0,0.689846
6004.0,8.0,0.751155
6004.0,9.0,0.564834
6004.0,10.0,0.621598
6004.0,11.0,0.640031
6004.0,12.0,0.88698
6004.0,13.0,0.814465
6004.0,14.0,0.727939
6004.0,15.0,0.861583
6004.0,16.0,0.766517
6004.0,17.0,0.492793
6005.0,0.0,0.5414
6005.0,1.0,0.269417
6005.0,2.0,0.808047
6005.0,3.0,0.0
6005.0,4.0,0.894314
6005.0,5.0,0.615012
6005.0,6.0,0.0
6005.0,7.0,0.699592
6005.0,8.0,0.757066
6005.0,9.0,0.570893
6005.0,10.0,0.685935
6005.0,11.0,0.66539
6005.0,12.0,0.888517
6005.0,13.0,0.81531
6005.0,14.0,0.750705
6005.0,15.0,0.904374
6005.0,16.0,0.782908
6005.0,17.0,0.474816
6006.0,0.0,0.528264
6006.0,1.0,0.248572
6006.0,2.0,0.69129
6006.0,3.0,0.0
6006.0,4.0,0.877342
6006.0,5.0,0.576122
6006.0,6.0,0.0
6006.0,7.0,0.685222
6006.0,8.0,0.749474
6006.0,9.0,0.561972
6006.0,10.0,0.496023
6006.0,11.0,0.630104
6006.0,12.0,0.886087
6006.0,13.0,0.814795
6006.0,14.0,0.718372
6006.0,15.0,0.826596
6006.0,16.0,0.758657
6006.0,17.0,0.498534
6007.0,0.0,0.515887
6007.0,1.0,0.23122
6007.0,2.0,0.568614
6007.0,3.0,0.0
6007.0,4.0,0.860677
6007.0,5.0,0.550027
6007.0,6.0,0.0
6007.0,7.0,0.672689
6007.0,8.0,0.743379
6007.0,9.0,0.553967
6007.0,10.0,0.369642
6007.0,11.0,0.596609
6007.0,12.0,0.884359
6007.0,13.0,0.813622
6007.0,14.0,0.687316
6007.0,15.0,0.729845
6007.0,16.0,0.736744
6007.0,17.0,0.514697
6008.0,0.0,0.504607
6008.0,1.0,0.216252
6008.0,2.0,0.452349
6008.0,3.0,0.0
6008.0,4.0,0.843803
6008.0,5.0,0.530513
6008.0,6.0,0.0
6008.0,7.0,0.661226
6008.0,8.0,0.736624
6008.0,9.0,0.546679
6008.0,10.0,0.285572
6008.0,11.0,0.564384
6008.0,12.0,0.882948
6008.0,13.0,0.812496
6008.0,14.0,0.655834
6008.0,15.0,0.627566
6008.0,16.0,0.715544
6008.0,17.0,0.526419
6009.0,0.0,0.493049
6009.0,1.0,0.203406
6009.0,2.0,0.350444
6009.0,3.0,0.0
6009.0,4.0,0.824662
6009.0,5.0,0.512739
6009.0,6.0,0.0
6009.0,7.0,0.649046
6009.0,8.0,0.729819
6009.0,9.0,0.540229
6009.0,10.0,0.226304
6009.0,11.0,0.53225
6009.0,12.0,0.880892
6009.0,13.0,0.811471
6009.0,14.0,0.623873
6009.0,15.0,0.533878
6009.0,16.0,0.694475
6009.0,17.0,0.536334
6010.0,0.0,0.482531
6010.0,1.0,0.191369
6010.0,2.0,0.268152
6010.0,3.0,0.0
6010.0,4.0,0.804541
6010.0,5.0,0.496873
6010.0,6.0,0.0
6010.0,7.0,0.637827
6010.0,8.0,0.722996
6010.0,9.0,0.533574
6010.0,10.0,0.183032
6010.0,11.0,0.498954
6010.0,12.0,0.878562
6010.0,13.0,0.810967
6010.0,14.0,0.591011
6010.0,15.0,0.45286
6010.0,16.0,0.674299
6010.0,17.0,0.544973
7000.0,0.0,0.473261
7000.0,1.0,0.187521
7000.0,2.0,0.269826
7000.0,3.0,0.0
7000.0,4.0,0.798309
7000.0,5.0,0.499122
7000.0,6.0,0.0
7000.0,7.0,0.644652
7000.0,8.0,0.718452
7000.0,9.0,0.535851
7000.0,10.0,0.184256
7000.0,11.0,0.502348
7000.0,12.0,0.88455
7000.0,13.0,0.825921
7000.0,14.0,0.593856
7000.0,15.0,0.451048
7000.0,16.0,0.67442
7000.0,17.0,0.542561
7001.0,0.0,0.487449
7001.0,1.0,0.204025
7001.0,2.0,0.388831
7001.0,3.0,0.0
7001.0,4.0,0.824687
7001.0,5.0,0.517513
7001.0,6.0,0.0
7001.0,7.0,0.65946
7001.0,8.0,0.726588
7001.0,9.0,0.544556
7001.0,10.0,0.313287
7001.0,11.0,0.546334
7001.0,12.0,0.886888
7001.0,13.0,0.826648
7001.0,14.0,0.639442
7001.0,15.0,0.599698
7001.0,16.0,0.704199
7001.0,17.0,0.531872
7002.0,0.0,0.499955
7002.0,1.0,0.219749
7002.0,2.0,0.50955
7002.0,3.0,0.0
7002.0,4.0,0.845549
7002.0,5.0,0.536958
7002.0,6.0,0.0
7002.0,7.0,0.672035
7002.0,8.0,0.734167
7002.0,9.0,0.552249
7002.0,10.0,0.435238
7002.0,11.0,0.582416
7002.0,12.0,0.888682
7002.0,13.0,0.827203
7002.0,14.0,0.673431
7002.0,15.0,0.712777
7002.0,16.0,0.72841
7002.0,17.0,0.520675
7003.0,0.0,0.510903
7003.0,1.0,0.234692
7003.0,2.0,0.62596
7003.0,3.0,0.0
7003.0,4.0,0.862673
7003.0,5.0,0.560506
7003.0,6.0,0.0
7003.0,7.0,0.683848
7003.0,8.0,0.740713
7003.0,9.0,0.558411
7003.0,10.0,0.537999
7003.0,11.0,0.614317
7003.0,12.0,0.89149
7003.0,13.0,0.827826
7003.0,14.0,0.702986
7003.0,15.0,0.797243
7003.0,16.0,0.749195
7003.0,17.0,0.506737
7004.0,0.0,0.522396
7004.0,1.0,0.249952
7004.0,2.0,0.727969
7004.0,3.0,0.0
7004.0,4.0,0.877864
7004.0,5.0,0.587942
7004.0,6.0,0.0
7004.0,7.0,0.694627
7004.0,8.0,0.746086
7004.0,9.0,0.564434
7004.0,10.0,0.620129
7004.0,11.0,0.642867
7004.0,12.0,0.893123
7004.0,13.0,0.827009
7004.0,14.0,0.729014
7004.0,15.0,0.859056
7004.0,16.0,0.767264
7004.0,17.0,0.491106
7005.0,0.0,0.532132
7005.0,1.0,0.265737
7005.0,2.0,0.809796
7005.0,3.0,0.0
7005.0,4.0,0.890959
7005.0,5.0,0.619082
7005.0,6.0,0.0
7005.0,7.0,0.704906
7005.0,8.0,0.751658
7005.0,9.0,0.57175
7005.0,10.0,0.684704
7005.0,11.0,0.668174
7005.0,12.0,0.894785
7005.0,13.0,0.827899
7005.0,14.0,0.752394
7005.0,15.0,0.902896
7005.0,16.0,0.782888
7005.0,17.0,0.473608
7006.0,0.0,0.51904
7006.0,1.0,0.24596
7006.0,2.0,0.694336
7006.0,3.0,0.0
7006.0,4.0,0.872868
7006.0,5.0,0.579039
7006.0,6.0,0.0
7006.0,7.0,0.689884
7006.0,8.0,0.744653
7006.0,9.0,0.562749
7006.0,10.0,0.49509
7006.0,11.0,0.632754
7006.0,12.0,0.892434
7006.0,13.0,0.827181
7006.0,14.0,0.719891
7006.0,15.0,0.824354
7006.0,16.0,0.758739
7006.0,17.0,0.497821
7007.0,0.0,0.5068
7007.0,1.0,0.229502
7007.0,2.0,0.571893
7007.0,3.0,0.0
7007.0,4.0,0.855692
7007.0,5.0,0.552587
7007.0,6.0,0.0
7007.0,7.0,0.677853
7007.0,8.0,0.737972
7007.0,9.0,0.555865
7007.0,10.0,0.369938
7007.0,11.0,0.600896
7007.0,12.0,0.890995
7007.0,13.0,0.825857
7007.0,14.0,0.690901
7007.0,15.0,0.727291
7007.0,16.0,0.737809
7007.0,17.0,0.513541
7008.0,0.0,0.495751
7008.0,1.0,0.214262
7008.0,2.0,0.454985
7008.0,3.0,0.0
7008.0,4.0,0.837635
7008.0,5.0,0.532729
7008.0,6.0,0.0
7008.0,7.0,0.6658
7008.0,8.0,0.73153
7008.0,9.0,0.549498
7008.0,10.0,0.285453
7008.0,11.0,0.569652
7008.0,12.0,0.889767
7008.0,13.0,0.824981
7008.0,14.0,0.66196
7008.0,15.0,0.625343
7008.0,16.0,0.716858
7008.0,17.0,0.52545
7009.0,0.0,0.484859
7009.0,1.0,0.200669
7009.0,2.0,0.351809
7009.0,3.0,0.0
7009.0,4.0,0.818409
7009.0,5.0,0.514669
7009.0,6.0,0.0
7009.0,7.0,0.654309
7009.0,8.0,0.725261
7009.0,9.0,0.543352
7009.0,10.0,0.226697
7009.0,11.0,0.536637
7009.0,12.0,0.888282
7009.0,13.0,0.824891
7009.0,14.0,0.630245
7009.0,15.0,0.530899
7009.0,16.0,0.695602
7009.0,17.0,0.535275
7010.0,0.0,0.474361
7010.0,1.0,0.187685
7010.0,2.0,0.268649
7010.0,3.0,0.0
7010.0,4.0,0.799023
7010.0,5.0,0.49881
7010.0,6.0,0.0
7010.0,7.0,0.644293
7010.0,8.0,0.719074
7010.0,9.0,0.5372
7010.0,10.0,0.183854
7010.0,11.0,0.503832
7010.0,12.0,0.886776
7010.0,13.0,0.824897
7010.0,14.0,0.596843
7010.0,15.0,0.450546
7010.0,16.0,0.675303
7010.0,17.0,0.543691
8000.0,0.0,0.481513
8000.0,1.0,0.184258
8000.0,2.0,0.273756
8000.0,3.0,0.0
8000.0,4.0,0.791693
8000.0,5.0,0.498936
8000.0,6.0,0.0
8000.0,7.0,0.644828
8000.0,8.0,0.723596
8000.0,9.0,0.535615
8000.0,10.0,0.183352
8000.0,11.0,0.505714
8000.0,12.0,0.876014
8000.0,13.0,0.84546
8000.0,14.0,0.585606
8000.0,15.0,0.451914
8000.0,16.0,0.673819
8000.0,17.0,0.538351
8001.0,0.0,0.496507
8001.0,1.0,0.202244
8001.0,2.0,0.395922
8001.0,3.0,0.0
8001.0,4.0,0.819182
8001.0,5.0,0.515892
8001.0,6.0,0.0
8001.0,7.0,0.659149
8001.0,8.0,0.731795
8001.0,9.0,0.544047
8001.0,10.0,0.314647
8001.0,11.0,0.549704
8001.0,12.0,0.878572
8001.0,13.0,0.84634
8001.0,14.0,0.631089
8001.0,15.0,0.600361
8001.0,16.0,0.703069
8001.0,17.0,0.527817
8002.0,0.0,0.50942
8002.0,1.0,0.218019
8002.0,2.0,0.518142
8002.0,3.0,0.0
8002.0,4.0,0.839435
8002.0,5.0,0.535081
8002.0,6.0,0.0
8002.0,7.0,0.672085
8002.0,8.0,0.739826
8002.0,9.0,0.552043
8002.0,10.0,0.437347
8002.0,11.0,0.5856
8002.0,12.0,0.879876
8002.0,13.0,0.846463
8002.0,14.0,0.666781
8002.0,15.0,0.71443
8002.0,16.0,0.726386
8002.0,17.0,0.515384
8003.0,0.0,0.520877
8003.0,1.0,0.233888
8003.0,2.0,0.634309
8003.0,3.0,0.0
8003.0,4.0,0.857328
8003.0,5.0,0.557747
8003.0,6.0,0.0
8003.0,7.0,0.684895
8003.0,8.0,0.746308
8003.0,9.0,0.55892
8003.0,10.0,0.539764
8003.0,11.0,0.617868
8003.0,12.0,0.881814
8003.0,13.0,0.846768
8003.0,14.0,0.696788
8003.0,15.0,0.798852
8003.0,16.0,0.747227
8003.0,17.0,0.500757
8004.0,0.0,0.53222
8004.0,1.0,0.250037
8004.0,2.0,0.735114
8004.0,3.0,0.0
8004.0,4.0,0.872726
8004.0,5.0,0.58593
8004.0,6.0,0.0
8004.0,7.0,0.695364
8004.0,8.0,0.753094
8004.0,9.0,0.566663
8004.0,10.0,0.621265
8004.0,11.0,0.645252
8004.0,12.0,0.883367
8004.0,13.0,0.847349
8004.0,14.0,0.723789
8004.0,15.0,0.859926
8004.0,16.0,0.765757
8004.0,17.0,0.48257
8005.0,0.0,0.542102
8005.0,1.0,0.266262
8005.0,2.0,0.81504
8005.0,3.0,0.0
8005.0,4.0,0.886024
8005.0,5.0,0.617748
8005.0,6.0,0.0
8005.0,7.0,0.705572
8005.0,8.0,0.758749
8005.0,9.0,0.573213
8005.0,10.0,0.684768
8005.0,11.0,0.67101
8005.0,12.0,0.884679
8005.0,13.0,0.848003
8005.0,14.0,0.747162
8005.0,15.0,0.903188
8005.0,16.0,0.782029
8005.0,17.0,0.462952
8006.0,0.0,0.527198
8006.0,1.0,0.244696
8006.0,2.0,0.701902
8006.0,3.0,0.0
8006.0,4.0,0.867766
8006.0,5.0,0.577162
8006.0,6.0,0.0
8006.0,7.0,0.692057
8006.0,8.0,0.75097
8006.0,9.0,0.564657
8006.0,10.0,0.495361
8006.0,11.0,0.634566
8006.0,12.0,0.882674
8006.0,13.0,0.84794
8006.0,14.0,0.713713
8006.0,15.0,0.825245
8006.0,16.0,0.757231
8006.0,17.0,0.490197
8007.0,0.0,0.516572
8007.0,1.0,0.227677
8007.0,2.0,0.579811
8007.0,3.0,0.0
8007.0,4.0,0.849958
8007.0,5.0,0.548378
8007.0,6.0,0.0
8007.0,7.0,0.680549
8007.0,8.0,0.744233
8007.0,9.0,0.55681
8007.0,10.0,0.369387
8007.0,11.0,0.601972
8007.0,12.0,0.8806
8007.0,13.0,0.847119
8007.0,14.0,0.682777
8007.0,15.0,0.729587
8007.0,16.0,0.734087
8007.0,17.0,0.509466
8008.0,0.0,0.504885
8008.0,1.0,0.212043
8008.0,2.0,0.462501
8008.0,3.0,0.0
8008.0,4.0,0.831854
8008.0,5.0,0.526214
8008.0,6.0,0.0
8008.0,7.0,0.669622
8008.0,8.0,0.737378
8008.0,9.0,0.549794
8008.0,10.0,0.286304
8008.0,11.0,0.569539
8008.0,12.0,0.87921
8008.0,13.0,0.847131
8008.0,14.0,0.651047
8008.0,15.0,0.626761
8008.0,16.0,0.711619
8008.0,17.0,0.523671
8009.0,0.0,0.493193
8009.0,1.0,0.198246
8009.0,2.0,0.359652
8009.0,3.0,0.0
8009.0,4.0,0.812997
8009.0,5.0,0.509974
8009.0,6.0,0.0
8009.0,7.0,0.658056
8009.0,8.0,0.73095
8009.0,9.0,0.542461
8009.0,10.0,0.2264
8009.0,11.0,0.53705
8009.0,12.0,0.877166
8009.0,13.0,0.846492
8009.0,14.0,0.61927
8009.0,15.0,0.531896
8009.0,16.0,0.690201
8009.0,17.0,0.532782
8010.0,0.0,0.481647
8010.0,1.0,0.184298
8010.0,2.0,0.275199
8010.0,3.0,0.0
8010.0,4.0,0.791852
8010.0,5.0,0.495298
8010.0,6.0,0.0
8010.0,7.0,0.647447
8010.0,8.0,0.72472
8010.0,9.0,0.535101
8010.0,10.0,0.183787
8010.0,11.0,0.504222
8010.0,12.0,0.875216
8010.0,13.0,0.845985
8010.0,14.0,0.58795
8010.0,15.0,0.451725
8010.0,16.0,0.66887
8010.0,17.0,0.540666
9000.0,0.0,0.482829
9000.0,1.0,0.18786
9000.0,2.0,0.274872
9000.0,3.0,0.0
9000.0,4.0,0.798232
9000.0,5.0,0.490019
9000.0,6.0,0.0
9000.0,7.0,0.636433
9000.0,8.0,0.730039
9000.0,9.0,0.539246
9000.0,10.0,0.183083
9000.0,11.0,0.497331
9000.0,12.0,0.879598
9000.0,13.0,0.85726
9000.0,14.0,0.594527
9000.0,15.0,0.454567
9000.0,16.0,0.666223
9000.0,17.0,0.545674
9001.0,0.0,0.498337
9001.0,1.0,0.204839
9001.0,2.0,0.395037
9001.0,3.0,0.0
9001.0,4.0,0.825554
9001.0,5.0,0.508643
9001.0,6.0,0.0
9001.0,7.0,0.651032
9001.0,8.0,0.737496
9001.0,9.0,0.54831
9001.0,10.0,0.313241
9001.0,11.0,0.540666
9001.0,12.0,0.881265
9001.0,13.0,0.858534
9001.0,14.0,0.638457
9001.0,15.0,0.603233
9001.0,16.0,0.697512
9001.0,17.0,0.532923
9002.0,0.0,0.510828
9002.0,1.0,0.220271
9002.0,2.0,0.515741
9002.0,3.0,0.0
9002.0,4.0,0.845591
9002.0,5.0,0.528999
9002.0,6.0,0.0
9002.0,7.0,0.6648
9002.0,8.0,0.745033
9002.0,9.0,0.556073
9002.0,10.0,0.437251
9002.0,11.0,0.576706
9002.0,12.0,0.882345
9002.0,13.0,0.859884
9002.0,14.0,0.673556
9002.0,15.0,0.717934
9002.0,16.0,0.722394
9002.0,17.0,0.518654
9003.0,0.0,0.523678
9003.0,1.0,0.23559
9003.0,2.0,0.631557
9003.0,3.0,0.0
9003.0,4.0,0.862539
9003.0,5.0,0.552341
9003.0,6.0,0.0
9003.0,7.0,0.676899
9003.0,8.0,0.751891
9003.0,9.0,0.562732
9003.0,10.0,0.539535
9003.0,11.0,0.607135
9003.0,12.0,0.884064
9003.0,13.0,0.860822
9003.0,14.0,0.702154
9003.0,15.0,0.802435
9003.0,16.0,0.743473
9003.0,17.0,0.502694
9004.0,0.0,0.534376
9004.0,1.0,0.251083
9004.0,2.0,0.732596
9004.0,3.0,0.0
9004.0,4.0,0.876926
9004.0,5.0,0.579982
9004.0,6.0,0.0
9004.0,7.0,0.687926
9004.0,8.0,0.757949
9004.0,9.0,0.570004
9004.0,10.0,0.621474
9004.0,11.0,0.636185
9004.0,12.0,0.885257
9004.0,13.0,0.86136
9004.0,14.0,0.728362
9004.0,15.0,0.863038
9004.0,16.0,0.762169
9004.0,17.0,0.484358
9005.0,0.0,0.544529
9005.0,1.0,0.267122
9005.0,2.0,0.812842
9005.0,3.0,0.0
9005.0,4.0,0.890115
9005.0,5.0,0.611851
9005.0,6.0,0.0
9005.0,7.0,0.697966
9005.0,8.0,0.763717
9005.0,9.0,0.576299
9005.0,10.0,0.686571
9005.0,11.0,0.663847
9005.0,12.0,0.886528
9005.0,13.0,0.861907
9005.0,14.0,0.750763
9005.0,15.0,0.904866
9005.0,16.0,0.778416
9005.0,17.0,0.464082
9006.0,0.0,0.530765
9006.0,1.0,0.245047
9006.0,2.0,0.697728
9006.0,3.0,0.0
9006.0,4.0,0.87192
9006.0,5.0,0.571834
9006.0,6.0,0.0
9006.0,7.0,0.683654
9006.0,8.0,0.756064
9006.0,9.0,0.567286
9006.0,10.0,0.497388
9006.0,11.0,0.627046
9006.0,12.0,0.88454
9006.0,13.0,0.861059
9006.0,14.0,0.717269
9006.0,15.0,0.826515
9006.0,16.0,0.75326
9006.0,17.0,0.490567
9007.0,0.0,0.518746
9007.0,1.0,0.228361
9007.0,2.0,0.57712
9007.0,3.0,0.0
9007.0,4.0,0.854554
9007.0,5.0,0.545571
9007.0,6.0,0.0
9007.0,7.0,0.671946
9007.0,8.0,0.750334
9007.0,9.0,0.558856
9007.0,10.0,0.371352
9007.0,11.0,0.595262
9007.0,12.0,0.883307
9007.0,13.0,0.860077
9007.0,14.0,0.685983
9007.0,15.0,0.730256
9007.0,16.0,0.730918
9007.0,17.0,0.508309
9008.0,0.0,0.507919
9008.0,1.0,0.212802
9008.0,2.0,0.460251
9008.0,3.0,0.0
9008.0,4.0,0.83638
9008.0,5.0,0.524782
9008.0,6.0,0.0
9008.0,7.0,0.661612
9008.0,8.0,0.744592
9008.0,9.0,0.551192
9008.0,10.0,0.287912
9008.0,11.0,0.564233
9008.0,12.0,0.882379
9008.0,13.0,0.859516
9008.0,14.0,0.654577
9008.0,15.0,0.628206
9008.0,16.0,0.709967
9008.0,17.0,0.522437
9009.0,0.0,0.497543
9009.0,1.0,0.199345
9009.0,2.0,0.358224
9009.0,3.0,0.0
9009.0,4.0,0.817915
9009.0,5.0,0.507979
9009.0,6.0,0.0
9009.0,7.0,0.650497
9009.0,8.0,0.738666
9009.0,9.0,0.543456
9009.0,10.0,0.228178
9009.0,11.0,0.531782
9009.0,12.0,0.880976
9009.0,13.0,0.859752
9009.0,14.0,0.62202
9009.0,15.0,0.533317
9009.0,16.0,0.688513
9009.0,17.0,0.533102
9010.0,0.0,0.486538
9010.0,1.0,0.186575
9010.0,2.0,0.273855
9010.0,3.0,0.0
9010.0,4.0,0.797528
9010.0,5.0,0.492496
9010.0,6.0,0.0
9010.0,7.0,0.639371
9010.0,8.0,0.732359
9010.0,9.0,0.537219
9010.0,10.0,0.185241
9010.0,11.0,0.499016
9010.0,12.0,0.87976
9010.0,13.0,0.85902
9010.0,14.0,0.589122
9010.0,15.0,0.453002
9010.0,16.0,0.667222
9010.0,17.0,0.542976
10000.0,0.0,0.483368
10000.0,1.0,0.186473
10000.0,2.0,0.275789
10000.0,3.0,0.0
10000.0,4.0,0.793459
10000.0,5.0,0.494986
10000.0,6.0,0.0
10000.0,7.0,0.645093
10000.0,8.0,0.720251
10000.0,9.0,0.542263
10000.0,10.0,0.1827
10000.0,11.0,0.501522
10000.0,12.0,0.878372
10000.0,13.0,0.882473
10000.0,14.0,0.588276
10000.0,15.0,0.449557
10000.0,16.0,0.674156
10000.0,17.0,0.543201
10001.0,0.0,0.4977
10001.0,1.0,0.20337
10001.0,2.0,0.397664
10001.0,3.0,0.0
10001.0,4.0,0.820658
10001.0,5.0,0.511726
10001.0,6.0,0.0
10001.0,7.0,0.659197
10001.0,8.0,0.728106
10001.0,9.0,0.551003
10001.0,10.0,0.312146
10001.0,11.0,0.544696
10001.0,12.0,0.879675
10001.0,13.0,0.8834
10001.0,14.0,0.63336
10001.0,15.0,0.59842
10001.0,16.0,0.704522
10001.0,17.0,0.533179
10002.0,0.0,0.509838
10002.0,1.0,0.219446
10002.0,2.0,0.519413
10002.0,3.0,0.0
10002.0,4.0,0.840262
10002.0,5.0,0.530684
10002.0,6.0,0.0
10002.0,7.0,0.671687
10002.0,8.0,0.735007
10002.0,9.0,0.557466
10002.0,10.0,0.434086
10002.0,11.0,0.580717
10002.0,12.0,0.88029
10002.0,13.0,0.884155
10002.0,14.0,0.667908
10002.0,15.0,0.711772
10002.0,16.0,0.728003
10002.0,17.0,0.521032
10003.0,0.0,0.52169
10003.0,1.0,0.235429
10003.0,2.0,0.63516
10003.0,3.0,0.0
10003.0,4.0,0.857983
10003.0,5.0,0.552312
10003.0,6.0,0.0
10003.0,7.0,0.683931
10003.0,8.0,0.741098
10003.0,9.0,0.563341
10003.0,10.0,0.536818
10003.0,11.0,0.611872
10003.0,12.0,0.881115
10003.0,13.0,0.883903
10003.0,14.0,0.698634
10003.0,15.0,0.796736
10003.0,16.0,0.747888
10003.0,17.0,0.507181
10004.0,0.0,0.533276
10004.0,1.0,0.250758
10004.0,2.0,0.735863
10004.0,3.0,0.0
10004.0,4.0,0.873619
10004.0,5.0,0.579387
10004.0,6.0,0.0
10004.0,7.0,0.694881
10004.0,8.0,0.747053
10004.0,9.0,0.569198
10004.0,10.0,0.618569
10004.0,11.0,0.64002
10004.0,12.0,0.882042
10004.0,13.0,0.883729
10004.0,14.0,0.725218
10004.0,15.0,0.858334
10004.0,16.0,0.766079
10004.0,17.0,0.490483
10005.0,0.0,0.543647
10005.0,1.0,0.266425
10005.0,2.0,0.815413
10005.0,3.0,0.0
10005.0,4.0,0.887406
10005.0,5.0,0.610152
10005.0,6.0,0.0
10005.0,7.0,0.704611
10005.0,8.0,0.75338
10005.0,9.0,0.57615
10005.0,10.0,0.683295
10005.0,11.0,0.66484
10005.0,12.0,0.88397
10005.0,13.0,0.884378
10005.0,14.0,0.747921
10005.0,15.0,0.901913
10005.0,16.0,0.781567
10005.0,17.0,0.472396
10006.0,0.0,0.530048
10006.0,1.0,0.244617
10006.0,2.0,0.703331
10006.0,3.0,0.0
10006.0,4.0,0.869398
10006.0,5.0,0.571321
10006.0,6.0,0.0
10006.0,7.0,0.69051
10006.0,8.0,0.746588
10006.0,9.0,0.567679
10006.0,10.0,0.494555
10006.0,11.0,0.627821
10006.0,12.0,0.882952
10006.0,13.0,0.883905
10006.0,14.0,0.716087
10006.0,15.0,0.823374
10006.0,16.0,0.757975
10006.0,17.0,0.49777
10007.0,0.0,0.517872
10007.0,1.0,0.228521
10007.0,2.0,0.582246
10007.0,3.0,0.0
10007.0,4.0,0.851551
10007.0,5.0,0.544389
10007.0,6.0,0.0
10007.0,7.0,0.677392
10007.0,8.0,0.74053
10007.0,9.0,0.561418
10007.0,10.0,0.369016
10007.0,11.0,0.594172
10007.0,12.0,0.882026
10007.0,13.0,0.883991
10007.0,14.0,0.68675
10007.0,15.0,0.726774
10007.0,16.0,0.735975
10007.0,17.0,0.515897
10008.0,0.0,0.506024
10008.0,1.0,0.213341
10008.0,2.0,0.465391
10008.0,3.0,0.0
10008.0,4.0,0.832641
10008.0,5.0,0.52539
10008.0,6.0,0.0
10008.0,7.0,0.664668
10008.0,8.0,0.733848
10008.0,9.0,0.555605
10008.0,10.0,0.284825
10008.0,11.0,0.561658
10008.0,12.0,0.881218
10008.0,13.0,0.88299
10008.0,14.0,0.656538
10008.0,15.0,0.625248
10008.0,16.0,0.715297
10008.0,17.0,0.527698
10009.0,0.0,0.495375
10009.0,1.0,0.198724
10009.0,2.0,0.36275
10009.0,3.0,0.0
10009.0,4.0,0.81322
10009.0,5.0,0.509737
10009.0,6.0,0.0
10009.0,7.0,0.652635
10009.0,8.0,0.727691
10009.0,9.0,0.548839
10009.0,10.0,0.225737
10009.0,11.0,0.528802
10009.0,12.0,0.88061
10009.0,13.0,0.88253
10009.0,14.0,0.62482
10009.0,15.0,0.531334
10009.0,16.0,0.694653
10009.0,17.0,0.536754
10010.0,0.0,0.484402
10010.0,1.0,0.186251
10010.0,2.0,0.277664
10010.0,3.0,0.0
10010.0,4.0,0.792452
10010.0,5.0,0.49455
10010.0,6.0,0.0
10010.0,7.0,0.641302
10010.0,8.0,0.720893
10010.0,9.0,0.542303
10010.0,10.0,0.183249
10010.0,11.0,0.495498
10010.0,12.0,0.879074
10010.0,13.0,0.881781
10010.0,14.0,0.592638
10010.0,15.0,0.451143
10010.0,16.0,0.674977
10010.0,17.0,0.545576
