FREQUENCIES 
Gen,mut_id,mut_freq
1.0,0.0,0.5
1.0,1.0,0.5
1.0,2.0,0.5
1.0,3.0,0.5
1.0,4.0,0.5
1.0,5.0,0.5
1.0,6.0,0.5
1.0,7.0,0.5
1.0,8.0,0.5
1.0,9.0,0.5
1.0,10.0,0.5
1.0,11.0,0.5
1.0,12.0,0.5
1.0,13.0,0.5
1.0,14.0,0.5
1.0,15.0,0.5
1.0,16.0,0.5
1.0,17.0,0.5
1000.0,0.0,0.506967
1000.0,1.0,0.499928
1000.0,2.0,0.631884
1000.0,3.0,0.322261
1000.0,4.0,0.714125
1000.0,5.0,0.998643
1000.0,6.0,0.94323
1000.0,7.0,0.092416
1000.0,8.0,0.088309
1000.0,9.0,0.191208
1000.0,10.0,0.822272
1000.0,11.0,0.324051
1000.0,12.0,0.731654
1000.0,13.0,0.564299
1000.0,14.0,0.995251
1000.0,15.0,0.0
1000.0,16.0,0.939697
1000.0,17.0,0.245623
1001.0,0.0,0.526411
1001.0,1.0,0.548225
1001.0,2.0,0.682223
1001.0,3.0,0.420422
1001.0,4.0,0.72415
1001.0,5.0,0.998784
1001.0,6.0,0.944531
1001.0,7.0,0.097305
1001.0,8.0,0.09707
1001.0,9.0,0.201027
1001.0,10.0,0.869514
1001.0,11.0,0.392585
1001.0,12.0,0.72765
1001.0,13.0,0.584471
1001.0,14.0,0.995304
1001.0,15.0,0.0
1001.0,16.0,0.940603
1001.0,17.0,0.371132
1002.0,0.0,0.544103
1002.0,1.0,0.587822
1002.0,2.0,0.727226
1002.0,3.0,0.506003
1002.0,4.0,0.733325
1002.0,5.0,0.998913
1002.0,6.0,0.945832
1002.0,7.0,0.100897
1002.0,8.0,0.106168
1002.0,9.0,0.210243
1002.0,10.0,0.903403
1002.0,11.0,0.453446
1002.0,12.0,0.724921
1002.0,13.0,0.602396
1002.0,14.0,0.995499
1002.0,15.0,0.0
1002.0,16.0,0.941144
1002.0,17.0,0.481162
1003.0,0.0,0.559519
1003.0,1.0,0.62227
1003.0,2.0,0.767534
1003.0,3.0,0.578387
1003.0,4.0,0.742364
1003.0,5.0,0.99898
1003.0,6.0,0.94739
1003.0,7.0,0.105221
1003.0,8.0,0.115271
1003.0,9.0,0.218799
1003.0,10.0,0.927643
1003.0,11.0,0.508473
1003.0,12.0,0.724904
1003.0,13.0,0.618484
1003.0,14.0,0.995507
1003.0,15.0,0.0
1003.0,16.0,0.94185
1003.0,17.0,0.569536
1004.0,0.0,0.574575
1004.0,1.0,0.651854
1004.0,2.0,0.803197
1004.0,3.0,0.637867
1004.0,4.0,0.750367
1004.0,5.0,0.999078
1004.0,6.0,0.948949
1004.0,7.0,0.109951
1004.0,8.0,0.12458
1004.0,9.0,0.228259
1004.0,10.0,0.946189
1004.0,11.0,0.558641
1004.0,12.0,0.727468
1004.0,13.0,0.634295
1004.0,14.0,0.995515
1004.0,15.0,0.0
1004.0,16.0,0.942145
1004.0,17.0,0.637352
1005.0,0.0,0.588817
1005.0,1.0,0.67753
1005.0,2.0,0.834052
1005.0,3.0,0.686321
1005.0,4.0,0.758255
1005.0,5.0,0.999215
1005.0,6.0,0.950032
1005.0,7.0,0.114322
1005.0,8.0,0.134493
1005.0,9.0,0.237422
1005.0,10.0,0.959914
1005.0,11.0,0.603205
1005.0,12.0,0.731931
1005.0,13.0,0.650244
1005.0,14.0,0.995523
1005.0,15.0,0.0
1005.0,16.0,0.942461
1005.0,17.0,0.689366
1006.0,0.0,0.569802
1006.0,1.0,0.63995
1006.0,2.0,0.793886
1006.0,3.0,0.600976
1006.0,4.0,0.749373
1006.0,5.0,0.999151
1006.0,6.0,0.94882
1006.0,7.0,0.109104
1006.0,8.0,0.12205
1006.0,9.0,0.226302
1006.0,10.0,0.943171
1006.0,11.0,0.541168
1006.0,12.0,0.732122
1006.0,13.0,0.631979
1006.0,14.0,0.995484
1006.0,15.0,0.0
1006.0,16.0,0.942093
1006.0,17.0,0.607042
1007.0,0.0,0.553694
1007.0,1.0,0.603399
1007.0,2.0,0.751907
1007.0,3.0,0.519235
1007.0,4.0,0.738777
1007.0,5.0,0.999047
1007.0,6.0,0.947872
1007.0,7.0,0.104069
1007.0,8.0,0.111633
1007.0,9.0,0.21644
1007.0,10.0,0.921482
1007.0,11.0,0.481701
1007.0,12.0,0.732804
1007.0,13.0,0.61401
1007.0,14.0,0.995471
1007.0,15.0,0.0
1007.0,16.0,0.941303
1007.0,17.0,0.514758
1008.0,0.0,0.537399
1008.0,1.0,0.568125
1008.0,2.0,0.710655
1008.0,3.0,0.44535
1008.0,4.0,0.72928
1008.0,5.0,0.998923
1008.0,6.0,0.946572
1008.0,7.0,0.100612
1008.0,8.0,0.103051
1008.0,9.0,0.208403
1008.0,10.0,0.894774
1008.0,11.0,0.423781
1008.0,12.0,0.732282
1008.0,13.0,0.596219
1008.0,14.0,0.995514
1008.0,15.0,0.0
1008.0,16.0,0.940605
1008.0,17.0,0.419898
1009.0,0.0,0.521467
1009.0,1.0,0.534237
1009.0,2.0,0.6708
1009.0,3.0,0.378805
1009.0,4.0,0.720081
1009.0,5.0,0.998812
1009.0,6.0,0.945197
1009.0,7.0,0.096389
1009.0,8.0,0.094783
1009.0,9.0,0.200406
1009.0,10.0,0.86299
1009.0,11.0,0.369839
1009.0,12.0,0.732152
1009.0,13.0,0.578765
1009.0,14.0,0.995475
1009.0,15.0,0.0
1009.0,16.0,0.940081
1009.0,17.0,0.32798
1010.0,0.0,0.506453
1010.0,1.0,0.501015
1010.0,2.0,0.630716
1010.0,3.0,0.321491
1010.0,4.0,0.710991
1010.0,5.0,0.998747
1010.0,6.0,0.944049
1010.0,7.0,0.092667
1010.0,8.0,0.087171
1010.0,9.0,0.191857
1010.0,10.0,0.826655
1010.0,11.0,0.320523
1010.0,12.0,0.729899
1010.0,13.0,0.561961
1010.0,14.0,0.995442
1010.0,15.0,0.0
1010.0,16.0,0.939168
1010.0,17.0,0.246634
2000.0,0.0,0.51144
2000.0,1.0,0.503392
2000.0,2.0,0.63174
2000.0,3.0,0.319802
2000.0,4.0,0.714785
2000.0,5.0,1.0
2000.0,6.0,0.977393
2000.0,7.0,0.090177
2000.0,8.0,0.044046
2000.0,9.0,0.186167
2000.0,10.0,0.830374
2000.0,11.0,0.322266
2000.0,12.0,0.7335
2000.0,13.0,0.554963
2000.0,14.0,0.999556
2000.0,15.0,0.0
2000.0,16.0,0.980948
2000.0,17.0,0.248815
2001.0,0.0,0.528587
2001.0,1.0,0.550528
2001.0,2.0,0.682684
2001.0,3.0,0.418215
2001.0,4.0,0.724189
2001.0,5.0,1.0
2001.0,6.0,0.97798
2001.0,7.0,0.094176
2001.0,8.0,0.04922
2001.0,9.0,0.195167
2001.0,10.0,0.875026
2001.0,11.0,0.390375
2001.0,12.0,0.729264
2001.0,13.0,0.57635
2001.0,14.0,0.999547
2001.0,15.0,0.0
2001.0,16.0,0.981158
2001.0,17.0,0.373599
2002.0,0.0,0.545279
2002.0,1.0,0.590726
2002.0,2.0,0.727168
2002.0,3.0,0.503898
2002.0,4.0,0.732829
2002.0,5.0,1.0
2002.0,6.0,0.978485
2002.0,7.0,0.097685
2002.0,8.0,0.054773
2002.0,9.0,0.204306
2002.0,10.0,0.906942
2002.0,11.0,0.452948
2002.0,12.0,0.726666
2002.0,13.0,0.594414
2002.0,14.0,0.999552
2002.0,15.0,0.0
2002.0,16.0,0.981279
2002.0,17.0,0.483069
2003.0,0.0,0.561183
2003.0,1.0,0.623664
2003.0,2.0,0.767217
2003.0,3.0,0.576031
2003.0,4.0,0.741223
2003.0,5.0,1.0
2003.0,6.0,0.97871
2003.0,7.0,0.101718
2003.0,8.0,0.059442
2003.0,9.0,0.213025
2003.0,10.0,0.93087
2003.0,11.0,0.509153
2003.0,12.0,0.727606
2003.0,13.0,0.612364
2003.0,14.0,0.999535
2003.0,15.0,0.0
2003.0,16.0,0.981336
2003.0,17.0,0.571153
2004.0,0.0,0.575808
2004.0,1.0,0.652608
2004.0,2.0,0.802397
2004.0,3.0,0.635434
2004.0,4.0,0.749429
2004.0,5.0,1.0
2004.0,6.0,0.979158
2004.0,7.0,0.10612
2004.0,8.0,0.065078
2004.0,9.0,0.22206
2004.0,10.0,0.948669
2004.0,11.0,0.559487
2004.0,12.0,0.73057
2004.0,13.0,0.62981
2004.0,14.0,0.999567
2004.0,15.0,0.0
2004.0,16.0,0.981412
2004.0,17.0,0.638873
2005.0,0.0,0.591444
2005.0,1.0,0.678398
2005.0,2.0,0.833701
2005.0,3.0,0.685432
2005.0,4.0,0.757139
2005.0,5.0,1.0
2005.0,6.0,0.979698
2005.0,7.0,0.110808
2005.0,8.0,0.071101
2005.0,9.0,0.231453
2005.0,10.0,0.961484
2005.0,11.0,0.60391
2005.0,12.0,0.734738
2005.0,13.0,0.64623
2005.0,14.0,0.999561
2005.0,15.0,0.0
2005.0,16.0,0.98165
2005.0,17.0,0.690882
2006.0,0.0,0.573729
2006.0,1.0,0.640884
2006.0,2.0,0.794024
2006.0,3.0,0.600935
2006.0,4.0,0.747601
2006.0,5.0,1.0
2006.0,6.0,0.979022
2006.0,7.0,0.10477
2006.0,8.0,0.063743
2006.0,9.0,0.220879
2006.0,10.0,0.944912
2006.0,11.0,0.54382
2006.0,12.0,0.733475
2006.0,13.0,0.626096
2006.0,14.0,0.999544
2006.0,15.0,0.0
2006.0,16.0,0.981415
2006.0,17.0,0.606398
2007.0,0.0,0.556787
2007.0,1.0,0.604835
2007.0,2.0,0.75259
2007.0,3.0,0.518966
2007.0,4.0,0.738215
2007.0,5.0,1.0
2007.0,6.0,0.97836
2007.0,7.0,0.100189
2007.0,8.0,0.057254
2007.0,9.0,0.211357
2007.0,10.0,0.924206
2007.0,11.0,0.483254
2007.0,12.0,0.732998
2007.0,13.0,0.607906
2007.0,14.0,0.999513
2007.0,15.0,0.0
2007.0,16.0,0.981239
2007.0,17.0,0.514914
2008.0,0.0,0.540547
2008.0,1.0,0.570202
2008.0,2.0,0.711593
2008.0,3.0,0.44434
2008.0,4.0,0.728703
2008.0,5.0,1.0
2008.0,6.0,0.978067
2008.0,7.0,0.096415
2008.0,8.0,0.052258
2008.0,9.0,0.202835
2008.0,10.0,0.898252
2008.0,11.0,0.425899
2008.0,12.0,0.732625
2008.0,13.0,0.589511
2008.0,14.0,0.999506
2008.0,15.0,0.0
2008.0,16.0,0.981107
2008.0,17.0,0.419658
2009.0,0.0,0.524842
2009.0,1.0,0.536195
2009.0,2.0,0.671073
2009.0,3.0,0.377601
2009.0,4.0,0.720601
2009.0,5.0,1.0
2009.0,6.0,0.977972
2009.0,7.0,0.093115
2009.0,8.0,0.047721
2009.0,9.0,0.194985
2009.0,10.0,0.867161
2009.0,11.0,0.372135
2009.0,12.0,0.732943
2009.0,13.0,0.572074
2009.0,14.0,0.99951
2009.0,15.0,0.0
2009.0,16.0,0.98094
2009.0,17.0,0.328951
2010.0,0.0,0.510169
2010.0,1.0,0.503594
2010.0,2.0,0.63194
2010.0,3.0,0.320801
2010.0,4.0,0.712085
2010.0,5.0,1.0
2010.0,6.0,0.977609
2010.0,7.0,0.089857
2010.0,8.0,0.043624
2010.0,9.0,0.188084
2010.0,10.0,0.830613
2010.0,11.0,0.323114
2010.0,12.0,0.731975
2010.0,13.0,0.554664
2010.0,14.0,0.999517
2010.0,15.0,0.0
2010.0,16.0,0.980752
2010.0,17.0,0.246976
3000.0,0.0,0.511852
3000.0,1.0,0.501306
3000.0,2.0,0.634752
3000.0,3.0,0.320185
3000.0,4.0,0.715986
3000.0,5.0,1.0
3000.0,6.0,0.987157
3000.0,7.0,0.087403
3000.0,8.0,0.030912
3000.0,9.0,0.184597
3000.0,10.0,0.830404
3000.0,11.0,0.323362
3000.0,12.0,0.734881
3000.0,13.0,0.553891
3000.0,14.0,0.999951
3000.0,15.0,0.0
3000.0,16.0,0.990407
3000.0,17.0,0.249574
3001.0,0.0,0.530812
3001.0,1.0,0.548879
3001.0,2.0,0.686921
3001.0,3.0,0.419269
3001.0,4.0,0.726051
3001.0,5.0,1.0
3001.0,6.0,0.987326
3001.0,7.0,0.090988
3001.0,8.0,0.034721
3001.0,9.0,0.193211
3001.0,10.0,0.876142
3001.0,11.0,0.390802
3001.0,12.0,0.730028
3001.0,13.0,0.577065
3001.0,14.0,0.99996
3001.0,15.0,0.0
3001.0,16.0,0.990315
3001.0,17.0,0.374388
3002.0,0.0,0.548508
3002.0,1.0,0.588102
3002.0,2.0,0.730761
3002.0,3.0,0.504066
3002.0,4.0,0.73497
3002.0,5.0,1.0
3002.0,6.0,0.987597
3002.0,7.0,0.09472
3002.0,8.0,0.037857
3002.0,9.0,0.201241
3002.0,10.0,0.908155
3002.0,11.0,0.452337
3002.0,12.0,0.726664
3002.0,13.0,0.597026
3002.0,14.0,0.999964
3002.0,15.0,0.0
3002.0,16.0,0.990543
3002.0,17.0,0.4835
3003.0,0.0,0.563941
3003.0,1.0,0.620865
3003.0,2.0,0.770732
3003.0,3.0,0.576386
3003.0,4.0,0.7433
3003.0,5.0,1.0
3003.0,6.0,0.987796
3003.0,7.0,0.099057
3003.0,8.0,0.041701
3003.0,9.0,0.210165
3003.0,10.0,0.931735
3003.0,11.0,0.508453
3003.0,12.0,0.726408
3003.0,13.0,0.616602
3003.0,14.0,0.999953
3003.0,15.0,0.0
3003.0,16.0,0.99056
3003.0,17.0,0.569892
3004.0,0.0,0.579397
3004.0,1.0,0.649412
3004.0,2.0,0.805161
3004.0,3.0,0.63557
3004.0,4.0,0.75159
3004.0,5.0,1.0
3004.0,6.0,0.987984
3004.0,7.0,0.103437
3004.0,8.0,0.045515
3004.0,9.0,0.218536
3004.0,10.0,0.949196
3004.0,11.0,0.55787
3004.0,12.0,0.727607
3004.0,13.0,0.63508
3004.0,14.0,0.999957
3004.0,15.0,0.0
3004.0,16.0,0.990698
3004.0,17.0,0.638499
3005.0,0.0,0.593901
3005.0,1.0,0.675562
3005.0,2.0,0.835445
3005.0,3.0,0.684923
3005.0,4.0,0.759387
3005.0,5.0,1.0
3005.0,6.0,0.988129
3005.0,7.0,0.109002
3005.0,8.0,0.04957
3005.0,9.0,0.227698
3005.0,10.0,0.962388
3005.0,11.0,0.60307
3005.0,12.0,0.731879
3005.0,13.0,0.652008
3005.0,14.0,0.999953
3005.0,15.0,0.0
3005.0,16.0,0.990928
3005.0,17.0,0.691464
3006.0,0.0,0.576165
3006.0,1.0,0.639236
3006.0,2.0,0.796032
3006.0,3.0,0.598694
3006.0,4.0,0.749727
3006.0,5.0,1.0
3006.0,6.0,0.987701
3006.0,7.0,0.104272
3006.0,8.0,0.04491
3006.0,9.0,0.216917
3006.0,10.0,0.946826
3006.0,11.0,0.542261
3006.0,12.0,0.731712
3006.0,13.0,0.630764
3006.0,14.0,0.999944
3006.0,15.0,0.0
3006.0,16.0,0.990908
3006.0,17.0,0.608658
3007.0,0.0,0.559783
3007.0,1.0,0.603788
3007.0,2.0,0.75531
3007.0,3.0,0.516668
3007.0,4.0,0.740202
3007.0,5.0,1.0
3007.0,6.0,0.987495
3007.0,7.0,0.09945
3007.0,8.0,0.040538
3007.0,9.0,0.207649
3007.0,10.0,0.926581
3007.0,11.0,0.48309
3007.0,12.0,0.732786
3007.0,13.0,0.61114
3007.0,14.0,0.999953
3007.0,15.0,0.0
3007.0,16.0,0.990992
3007.0,17.0,0.517487
3008.0,0.0,0.544424
3008.0,1.0,0.568888
3008.0,2.0,0.713857
3008.0,3.0,0.441547
3008.0,4.0,0.730993
3008.0,5.0,1.0
3008.0,6.0,0.98716
3008.0,7.0,0.096226
3008.0,8.0,0.036709
3008.0,9.0,0.199315
3008.0,10.0,0.90178
3008.0,11.0,0.426109
3008.0,12.0,0.73348
3008.0,13.0,0.592553
3008.0,14.0,0.999954
3008.0,15.0,0.0
3008.0,16.0,0.990931
3008.0,17.0,0.423378
3009.0,0.0,0.528985
3009.0,1.0,0.533977
3009.0,2.0,0.673052
3009.0,3.0,0.375626
3009.0,4.0,0.721717
3009.0,5.0,1.0
3009.0,6.0,0.986901
3009.0,7.0,0.092573
3009.0,8.0,0.033174
3009.0,9.0,0.191347
3009.0,10.0,0.871282
3009.0,11.0,0.372756
3009.0,12.0,0.734341
3009.0,13.0,0.574747
3009.0,14.0,0.999965
3009.0,15.0,0.0
3009.0,16.0,0.990835
3009.0,17.0,0.331593
3010.0,0.0,0.513426
3010.0,1.0,0.499666
3010.0,2.0,0.633978
3010.0,3.0,0.318883
3010.0,4.0,0.712325
3010.0,5.0,1.0
3010.0,6.0,0.986657
3010.0,7.0,0.089158
3010.0,8.0,0.03012
3010.0,9.0,0.184315
3010.0,10.0,0.836772
3010.0,11.0,0.323738
3010.0,12.0,0.733178
3010.0,13.0,0.556732
3010.0,14.0,0.999954
3010.0,15.0,0.0
3010.0,16.0,0.990755
3010.0,17.0,0.250208
4000.0,0.0,0.50783
4000.0,1.0,0.50527
4000.0,2.0,0.635191
4000.0,3.0,0.320502
4000.0,4.0,0.710996
4000.0,5.0,1.0
4000.0,6.0,0.987959
4000.0,7.0,0.079824
4000.0,8.0,0.016982
4000.0,9.0,0.183832
4000.0,10.0,0.83558
4000.0,11.0,0.323644
4000.0,12.0,0.730318
4000.0,13.0,0.558967
4000.0,14.0,1.0
4000.0,15.0,0.0
4000.0,16.0,0.99481
4000.0,17.0,0.248737
4001.0,0.0,0.527084
4001.0,1.0,0.550744
4001.0,2.0,0.686615
4001.0,3.0,0.421011
4001.0,4.0,0.721264
4001.0,5.0,1.0
4001.0,6.0,0.988079
4001.0,7.0,0.083468
4001.0,8.0,0.019064
4001.0,9.0,0.192928
4001.0,10.0,0.880403
4001.0,11.0,0.39132
4001.0,12.0,0.727558
4001.0,13.0,0.580393
4001.0,14.0,1.0
4001.0,15.0,0.0
4001.0,16.0,0.994807
4001.0,17.0,0.373809
4002.0,0.0,0.54523
4002.0,1.0,0.589914
4002.0,2.0,0.731841
4002.0,3.0,0.5055
4002.0,4.0,0.731203
4002.0,5.0,1.0
4002.0,6.0,0.988175
4002.0,7.0,0.086014
4002.0,8.0,0.021232
4002.0,9.0,0.201235
4002.0,10.0,0.911961
4002.0,11.0,0.453505
4002.0,12.0,0.727912
4002.0,13.0,0.600039
4002.0,14.0,1.0
4002.0,15.0,0.0
4002.0,16.0,0.99471
4002.0,17.0,0.482081
4003.0,0.0,0.55993
4003.0,1.0,0.622854
4003.0,2.0,0.77132
4003.0,3.0,0.577706
4003.0,4.0,0.739843
4003.0,5.0,1.0
4003.0,6.0,0.988272
4003.0,7.0,0.089443
4003.0,8.0,0.023069
4003.0,9.0,0.209825
4003.0,10.0,0.934492
4003.0,11.0,0.509873
4003.0,12.0,0.730753
4003.0,13.0,0.619284
4003.0,14.0,1.0
4003.0,15.0,0.0
4003.0,16.0,0.994641
4003.0,17.0,0.569949
4004.0,0.0,0.575707
4004.0,1.0,0.652608
4004.0,2.0,0.806664
4004.0,3.0,0.636986
4004.0,4.0,0.748899
4004.0,5.0,1.0
4004.0,6.0,0.988493
4004.0,7.0,0.093578
4004.0,8.0,0.025397
4004.0,9.0,0.219052
4004.0,10.0,0.950811
4004.0,11.0,0.560165
4004.0,12.0,0.734685
4004.0,13.0,0.63714
4004.0,14.0,1.0
4004.0,15.0,0.0
4004.0,16.0,0.994634
4004.0,17.0,0.637896
4005.0,0.0,0.591107
4005.0,1.0,0.67906
4005.0,2.0,0.837152
4005.0,3.0,0.685718
4005.0,4.0,0.756638
4005.0,5.0,1.0
4005.0,6.0,0.988738
4005.0,7.0,0.097203
4005.0,8.0,0.02767
4005.0,9.0,0.229295
4005.0,10.0,0.963206
4005.0,11.0,0.604705
4005.0,12.0,0.740332
4005.0,13.0,0.654836
4005.0,14.0,1.0
4005.0,15.0,0.0
4005.0,16.0,0.994595
4005.0,17.0,0.690319
4006.0,0.0,0.573003
4006.0,1.0,0.642222
4006.0,2.0,0.798144
4006.0,3.0,0.600041
4006.0,4.0,0.746366
4006.0,5.0,1.0
4006.0,6.0,0.988696
4006.0,7.0,0.092154
4006.0,8.0,0.024766
4006.0,9.0,0.218606
4006.0,10.0,0.947548
4006.0,11.0,0.543821
4006.0,12.0,0.73819
4006.0,13.0,0.634056
4006.0,14.0,1.0
4006.0,15.0,0.0
4006.0,16.0,0.994525
4006.0,17.0,0.606782
4007.0,0.0,0.555555
4007.0,1.0,0.606563
4007.0,2.0,0.757655
4007.0,3.0,0.517657
4007.0,4.0,0.737073
4007.0,5.0,1.0
4007.0,6.0,0.988396
4007.0,7.0,0.088247
4007.0,8.0,0.022265
4007.0,9.0,0.208565
4007.0,10.0,0.927253
4007.0,11.0,0.485005
4007.0,12.0,0.736311
4007.0,13.0,0.614107
4007.0,14.0,1.0
4007.0,15.0,0.0
4007.0,16.0,0.994555
4007.0,17.0,0.515943
4008.0,0.0,0.539638
4008.0,1.0,0.571806
4008.0,2.0,0.716464
4008.0,3.0,0.443069
4008.0,4.0,0.727609
4008.0,5.0,1.0
4008.0,6.0,0.988164
4008.0,7.0,0.084501
4008.0,8.0,0.020081
4008.0,9.0,0.200805
4008.0,10.0,0.902185
4008.0,11.0,0.429253
4008.0,12.0,0.734541
4008.0,13.0,0.595429
4008.0,14.0,1.0
4008.0,15.0,0.0
4008.0,16.0,0.994481
4008.0,17.0,0.422275
4009.0,0.0,0.523792
4009.0,1.0,0.537668
4009.0,2.0,0.675528
4009.0,3.0,0.376454
4009.0,4.0,0.718731
4009.0,5.0,1.0
4009.0,6.0,0.988087
4009.0,7.0,0.081432
4009.0,8.0,0.01835
4009.0,9.0,0.193159
4009.0,10.0,0.872038
4009.0,11.0,0.375945
4009.0,12.0,0.732369
4009.0,13.0,0.577167
4009.0,14.0,1.0
4009.0,15.0,0.0
4009.0,16.0,0.994534
4009.0,17.0,0.330195
4010.0,0.0,0.508351
4010.0,1.0,0.504613
4010.0,2.0,0.636626
4010.0,3.0,0.318878
4010.0,4.0,0.709432
4010.0,5.0,1.0
4010.0,6.0,0.988133
4010.0,7.0,0.078883
4010.0,8.0,0.016519
4010.0,9.0,0.185073
4010.0,10.0,0.837192
4010.0,11.0,0.326394
4010.0,12.0,0.730098
4010.0,13.0,0.559009
4010.0,14.0,1.0
4010.0,15.0,0.0
4010.0,16.0,0.994577
4010.0,17.0,0.248755
5000.0,0.0,0.508829
5000.0,1.0,0.505546
5000.0,2.0,0.636978
5000.0,3.0,0.319551
5000.0,4.0,0.713927
5000.0,5.0,1.0
5000.0,6.0,0.99389
5000.0,7.0,0.090427
5000.0,8.0,0.00936
5000.0,9.0,0.182682
5000.0,10.0,0.835781
5000.0,11.0,0.323597
5000.0,12.0,0.734645
5000.0,13.0,0.559202
5000.0,14.0,1.0
5000.0,15.0,0.0
5000.0,16.0,0.999328
5000.0,17.0,0.250501
5001.0,0.0,0.527755
5001.0,1.0,0.551989
5001.0,2.0,0.687233
5001.0,3.0,0.418502
5001.0,4.0,0.725339
5001.0,5.0,1.0
5001.0,6.0,0.994231
5001.0,7.0,0.094894
5001.0,8.0,0.010354
5001.0,9.0,0.190319
5001.0,10.0,0.879125
5001.0,11.0,0.390801
5001.0,12.0,0.729725
5001.0,13.0,0.580024
5001.0,14.0,1.0
5001.0,15.0,0.0
5001.0,16.0,0.999289
5001.0,17.0,0.375228
5002.0,0.0,0.545501
5002.0,1.0,0.590649
5002.0,2.0,0.731134
5002.0,3.0,0.504417
5002.0,4.0,0.734376
5002.0,5.0,1.0
5002.0,6.0,0.994561
5002.0,7.0,0.099092
5002.0,8.0,0.011699
5002.0,9.0,0.198966
5002.0,10.0,0.909541
5002.0,11.0,0.452217
5002.0,12.0,0.728199
5002.0,13.0,0.599146
5002.0,14.0,1.0
5002.0,15.0,0.0
5002.0,16.0,0.999251
5002.0,17.0,0.485661
5003.0,0.0,0.561753
5003.0,1.0,0.624619
5003.0,2.0,0.769551
5003.0,3.0,0.577086
5003.0,4.0,0.743629
5003.0,5.0,1.0
5003.0,6.0,0.994764
5003.0,7.0,0.102637
5003.0,8.0,0.01285
5003.0,9.0,0.20723
5003.0,10.0,0.932864
5003.0,11.0,0.508195
5003.0,12.0,0.729345
5003.0,13.0,0.617797
5003.0,14.0,1.0
5003.0,15.0,0.0
5003.0,16.0,0.999225
5003.0,17.0,0.572481
5004.0,0.0,0.577228
5004.0,1.0,0.654289
5004.0,2.0,0.804086
5004.0,3.0,0.638014
5004.0,4.0,0.751555
5004.0,5.0,1.0
5004.0,6.0,0.994829
5004.0,7.0,0.106622
5004.0,8.0,0.014062
5004.0,9.0,0.215429
5004.0,10.0,0.950135
5004.0,11.0,0.558471
5004.0,12.0,0.732071
5004.0,13.0,0.634228
5004.0,14.0,1.0
5004.0,15.0,0.0
5004.0,16.0,0.999279
5004.0,17.0,0.639907
5005.0,0.0,0.592333
5005.0,1.0,0.680297
5005.0,2.0,0.835506
5005.0,3.0,0.687238
5005.0,4.0,0.759237
5005.0,5.0,1.0
5005.0,6.0,0.994918
5005.0,7.0,0.111227
5005.0,8.0,0.015657
5005.0,9.0,0.224164
5005.0,10.0,0.96303
5005.0,11.0,0.603247
5005.0,12.0,0.7372
5005.0,13.0,0.650994
5005.0,14.0,1.0
5005.0,15.0,0.0
5005.0,16.0,0.99929
5005.0,17.0,0.691544
5006.0,0.0,0.574267
5006.0,1.0,0.643666
5006.0,2.0,0.796643
5006.0,3.0,0.601787
5006.0,4.0,0.750012
5006.0,5.0,1.0
5006.0,6.0,0.994906
5006.0,7.0,0.106153
5006.0,8.0,0.013968
5006.0,9.0,0.213244
5006.0,10.0,0.947336
5006.0,11.0,0.542586
5006.0,12.0,0.735642
5006.0,13.0,0.630305
5006.0,14.0,1.0
5006.0,15.0,0.0
5006.0,16.0,0.999242
5006.0,17.0,0.608901
5007.0,0.0,0.557049
5007.0,1.0,0.607947
5007.0,2.0,0.756222
5007.0,3.0,0.520337
5007.0,4.0,0.740926
5007.0,5.0,1.0
5007.0,6.0,0.994805
5007.0,7.0,0.10167
5007.0,8.0,0.01245
5007.0,9.0,0.203523
5007.0,10.0,0.927149
5007.0,11.0,0.482223
5007.0,12.0,0.735716
5007.0,13.0,0.611967
5007.0,14.0,1.0
5007.0,15.0,0.0
5007.0,16.0,0.999194
5007.0,17.0,0.517467
5008.0,0.0,0.54142
5008.0,1.0,0.57219
5008.0,2.0,0.715622
5008.0,3.0,0.44544
5008.0,4.0,0.732327
5008.0,5.0,1.0
5008.0,6.0,0.994611
5008.0,7.0,0.098315
5008.0,8.0,0.011119
5008.0,9.0,0.195788
5008.0,10.0,0.90162
5008.0,11.0,0.424647
5008.0,12.0,0.733959
5008.0,13.0,0.593532
5008.0,14.0,1.0
5008.0,15.0,0.0
5008.0,16.0,0.999166
5008.0,17.0,0.423072
5009.0,0.0,0.526667
5009.0,1.0,0.537555
5009.0,2.0,0.674674
5009.0,3.0,0.378929
5009.0,4.0,0.724575
5009.0,5.0,1.0
5009.0,6.0,0.994439
5009.0,7.0,0.094331
5009.0,8.0,0.010035
5009.0,9.0,0.187962
5009.0,10.0,0.871296
5009.0,11.0,0.370962
5009.0,12.0,0.732371
5009.0,13.0,0.574915
5009.0,14.0,1.0
5009.0,15.0,0.0
5009.0,16.0,0.999109
5009.0,17.0,0.331148
5010.0,0.0,0.511423
5010.0,1.0,0.504621
5010.0,2.0,0.636245
5010.0,3.0,0.322117
5010.0,4.0,0.716546
5010.0,5.0,1.0
5010.0,6.0,0.994386
5010.0,7.0,0.091047
5010.0,8.0,0.009124
5010.0,9.0,0.181185
5010.0,10.0,0.836249
5010.0,11.0,0.321717
5010.0,12.0,0.730638
5010.0,13.0,0.556784
5010.0,14.0,1.0
5010.0,15.0,0.0
5010.0,16.0,0.999105
5010.0,17.0,0.249467
6000.0,0.0,0.514614
6000.0,1.0,0.500867
6000.0,2.0,0.634598
6000.0,3.0,0.320632
6000.0,4.0,0.713599
6000.0,5.0,1.0
6000.0,6.0,0.997829
6000.0,7.0,0.080413
6000.0,8.0,0.005457
6000.0,9.0,0.190514
6000.0,10.0,0.835224
6000.0,11.0,0.324142
6000.0,12.0,0.733025
6000.0,13.0,0.564367
6000.0,14.0,1.0
6000.0,15.0,0.0
6000.0,16.0,1.0
6000.0,17.0,0.250812
6001.0,0.0,0.531484
6001.0,1.0,0.548457
6001.0,2.0,0.686174
6001.0,3.0,0.419799
6001.0,4.0,0.724583
6001.0,5.0,1.0
6001.0,6.0,0.997843
6001.0,7.0,0.084088
6001.0,8.0,0.006244
6001.0,9.0,0.199635
6001.0,10.0,0.879556
6001.0,11.0,0.392574
6001.0,12.0,0.729719
6001.0,13.0,0.584463
6001.0,14.0,1.0
6001.0,15.0,0.0
6001.0,16.0,1.0
6001.0,17.0,0.375752
6002.0,0.0,0.547867
6002.0,1.0,0.587688
6002.0,2.0,0.731668
6002.0,3.0,0.505041
6002.0,4.0,0.734966
6002.0,5.0,1.0
6002.0,6.0,0.997842
6002.0,7.0,0.087926
6002.0,8.0,0.006907
6002.0,9.0,0.208283
6002.0,10.0,0.91132
6002.0,11.0,0.454628
6002.0,12.0,0.727735
6002.0,13.0,0.602847
6002.0,14.0,1.0
6002.0,15.0,0.0
6002.0,16.0,1.0
6002.0,17.0,0.485292
6003.0,0.0,0.56307
6003.0,1.0,0.622124
6003.0,2.0,0.771598
6003.0,3.0,0.576954
6003.0,4.0,0.743707
6003.0,5.0,1.0
6003.0,6.0,0.997827
6003.0,7.0,0.091731
6003.0,8.0,0.007763
6003.0,9.0,0.216515
6003.0,10.0,0.933727
6003.0,11.0,0.509508
6003.0,12.0,0.72861
6003.0,13.0,0.620019
6003.0,14.0,1.0
6003.0,15.0,0.0
6003.0,16.0,1.0
6003.0,17.0,0.57257
6004.0,0.0,0.578519
6004.0,1.0,0.651359
6004.0,2.0,0.806612
6004.0,3.0,0.635894
6004.0,4.0,0.751946
6004.0,5.0,1.0
6004.0,6.0,0.997798
6004.0,7.0,0.095142
6004.0,8.0,0.008515
6004.0,9.0,0.225816
6004.0,10.0,0.950679
6004.0,11.0,0.560022
6004.0,12.0,0.732549
6004.0,13.0,0.636821
6004.0,14.0,1.0
6004.0,15.0,0.0
6004.0,16.0,1.0
6004.0,17.0,0.638963
6005.0,0.0,0.592944
6005.0,1.0,0.676969
6005.0,2.0,0.836957
6005.0,3.0,0.685811
6005.0,4.0,0.759319
6005.0,5.0,1.0
6005.0,6.0,0.997878
6005.0,7.0,0.099189
6005.0,8.0,0.009415
6005.0,9.0,0.235056
6005.0,10.0,0.963329
6005.0,11.0,0.604519
6005.0,12.0,0.736827
6005.0,13.0,0.653207
6005.0,14.0,1.0
6005.0,15.0,0.0
6005.0,16.0,1.0
6005.0,17.0,0.691851
6006.0,0.0,0.574719
6006.0,1.0,0.63981
6006.0,2.0,0.797845
6006.0,3.0,0.600831
6006.0,4.0,0.749207
6006.0,5.0,1.0
6006.0,6.0,0.997859
6006.0,7.0,0.094504
6006.0,8.0,0.008392
6006.0,9.0,0.22423
6006.0,10.0,0.947078
6006.0,11.0,0.542896
6006.0,12.0,0.735965
6006.0,13.0,0.632585
6006.0,14.0,1.0
6006.0,15.0,0.0
6006.0,16.0,1.0
6006.0,17.0,0.608432
6007.0,0.0,0.558145
6007.0,1.0,0.603313
6007.0,2.0,0.756114
6007.0,3.0,0.519906
6007.0,4.0,0.740151
6007.0,5.0,1.0
6007.0,6.0,0.997835
6007.0,7.0,0.090187
6007.0,8.0,0.007516
6007.0,9.0,0.214864
6007.0,10.0,0.926575
6007.0,11.0,0.483568
6007.0,12.0,0.735432
6007.0,13.0,0.614575
6007.0,14.0,1.0
6007.0,15.0,0.0
6007.0,16.0,1.0
6007.0,17.0,0.517324
6008.0,0.0,0.542176
6008.0,1.0,0.568467
6008.0,2.0,0.715458
6008.0,3.0,0.445258
6008.0,4.0,0.731391
6008.0,5.0,1.0
6008.0,6.0,0.997765
6008.0,7.0,0.08709
6008.0,8.0,0.00687
6008.0,9.0,0.205839
6008.0,10.0,0.900542
6008.0,11.0,0.425618
6008.0,12.0,0.735931
6008.0,13.0,0.595813
6008.0,14.0,1.0
6008.0,15.0,0.0
6008.0,16.0,1.0
6008.0,17.0,0.422781
6009.0,0.0,0.525942
6009.0,1.0,0.534627
6009.0,2.0,0.675231
6009.0,3.0,0.379956
6009.0,4.0,0.722267
6009.0,5.0,1.0
6009.0,6.0,0.997728
6009.0,7.0,0.083706
6009.0,8.0,0.00622
6009.0,9.0,0.197958
6009.0,10.0,0.869749
6009.0,11.0,0.372043
6009.0,12.0,0.734063
6009.0,13.0,0.5785
6009.0,14.0,1.0
6009.0,15.0,0.0
6009.0,16.0,1.0
6009.0,17.0,0.331306
6010.0,0.0,0.511095
6010.0,1.0,0.502182
6010.0,2.0,0.635209
6010.0,3.0,0.322867
6010.0,4.0,0.71374
6010.0,5.0,1.0
6010.0,6.0,0.997722
6010.0,7.0,0.081155
6010.0,8.0,0.005575
6010.0,9.0,0.190316
6010.0,10.0,0.833897
6010.0,11.0,0.321841
6010.0,12.0,0.732695
6010.0,13.0,0.561005
6010.0,14.0,1.0
6010.0,15.0,0.0
6010.0,16.0,1.0
6010.0,17.0,0.249326
7000.0,0.0,0.506674
7000.0,1.0,0.507002
7000.0,2.0,0.640586
7000.0,3.0,0.323276
7000.0,4.0,0.708726
7000.0,5.0,1.0
7000.0,6.0,0.998929
7000.0,7.0,0.090886
7000.0,8.0,0.00524
7000.0,9.0,0.184319
7000.0,10.0,0.827565
7000.0,11.0,0.32438
7000.0,12.0,0.732993
7000.0,13.0,0.557121
7000.0,14.0,1.0
7000.0,15.0,0.0
7000.0,16.0,1.0
7000.0,17.0,0.254129
7001.0,0.0,0.525382
7001.0,1.0,0.5542
7001.0,2.0,0.691832
7001.0,3.0,0.42204
7001.0,4.0,0.720755
7001.0,5.0,1.0
7001.0,6.0,0.998888
7001.0,7.0,0.095032
7001.0,8.0,0.005838
7001.0,9.0,0.192974
7001.0,10.0,0.873044
7001.0,11.0,0.393447
7001.0,12.0,0.728855
7001.0,13.0,0.579099
7001.0,14.0,1.0
7001.0,15.0,0.0
7001.0,16.0,1.0
7001.0,17.0,0.378841
7002.0,0.0,0.54217
7002.0,1.0,0.593046
7002.0,2.0,0.735667
7002.0,3.0,0.507152
7002.0,4.0,0.730572
7002.0,5.0,1.0
7002.0,6.0,0.998902
7002.0,7.0,0.098802
7002.0,8.0,0.006567
7002.0,9.0,0.201614
7002.0,10.0,0.905517
7002.0,11.0,0.454275
7002.0,12.0,0.726512
7002.0,13.0,0.598575
7002.0,14.0,1.0
7002.0,15.0,0.0
7002.0,16.0,1.0
7002.0,17.0,0.487373
7003.0,0.0,0.558082
7003.0,1.0,0.626083
7003.0,2.0,0.775388
7003.0,3.0,0.578285
7003.0,4.0,0.739806
7003.0,5.0,1.0
7003.0,6.0,0.998898
7003.0,7.0,0.103346
7003.0,8.0,0.007352
7003.0,9.0,0.211066
7003.0,10.0,0.929927
7003.0,11.0,0.509515
7003.0,12.0,0.726619
7003.0,13.0,0.61705
7003.0,14.0,1.0
7003.0,15.0,0.0
7003.0,16.0,1.0
7003.0,17.0,0.575198
7004.0,0.0,0.573672
7004.0,1.0,0.655878
7004.0,2.0,0.810236
7004.0,3.0,0.638001
7004.0,4.0,0.748281
7004.0,5.0,1.0
7004.0,6.0,0.998832
7004.0,7.0,0.107854
7004.0,8.0,0.008175
7004.0,9.0,0.220084
7004.0,10.0,0.947798
7004.0,11.0,0.560006
7004.0,12.0,0.72843
7004.0,13.0,0.635483
7004.0,14.0,1.0
7004.0,15.0,0.0
7004.0,16.0,1.0
7004.0,17.0,0.641522
7005.0,0.0,0.58865
7005.0,1.0,0.681288
7005.0,2.0,0.840206
7005.0,3.0,0.687529
7005.0,4.0,0.755788
7005.0,5.0,1.0
7005.0,6.0,0.998816
7005.0,7.0,0.112952
7005.0,8.0,0.009167
7005.0,9.0,0.228743
7005.0,10.0,0.961419
7005.0,11.0,0.604599
7005.0,12.0,0.732213
7005.0,13.0,0.652651
7005.0,14.0,1.0
7005.0,15.0,0.0
7005.0,16.0,1.0
7005.0,17.0,0.693363
7006.0,0.0,0.571559
7006.0,1.0,0.644323
7006.0,2.0,0.800996
7006.0,3.0,0.601938
7006.0,4.0,0.745756
7006.0,5.0,1.0
7006.0,6.0,0.998753
7006.0,7.0,0.106907
7006.0,8.0,0.008207
7006.0,9.0,0.218069
7006.0,10.0,0.944702
7006.0,11.0,0.543324
7006.0,12.0,0.733385
7006.0,13.0,0.631499
7006.0,14.0,1.0
7006.0,15.0,0.0
7006.0,16.0,1.0
7006.0,17.0,0.610932
7007.0,0.0,0.554696
7007.0,1.0,0.608069
7007.0,2.0,0.760408
7007.0,3.0,0.519708
7007.0,4.0,0.736715
7007.0,5.0,1.0
7007.0,6.0,0.998703
7007.0,7.0,0.101872
7007.0,8.0,0.007417
7007.0,9.0,0.2088
7007.0,10.0,0.922623
7007.0,11.0,0.484012
7007.0,12.0,0.734738
7007.0,13.0,0.611553
7007.0,14.0,1.0
7007.0,15.0,0.0
7007.0,16.0,1.0
7007.0,17.0,0.520125
7008.0,0.0,0.538613
7008.0,1.0,0.573357
7008.0,2.0,0.719388
7008.0,3.0,0.445592
7008.0,4.0,0.727779
7008.0,5.0,1.0
7008.0,6.0,0.998691
7008.0,7.0,0.097028
7008.0,8.0,0.006686
7008.0,9.0,0.201271
7008.0,10.0,0.895743
7008.0,11.0,0.428667
7008.0,12.0,0.735144
7008.0,13.0,0.59344
7008.0,14.0,1.0
7008.0,15.0,0.0
7008.0,16.0,1.0
7008.0,17.0,0.426201
7009.0,0.0,0.522847
7009.0,1.0,0.54002
7009.0,2.0,0.679456
7009.0,3.0,0.379394
7009.0,4.0,0.718192
7009.0,5.0,1.0
7009.0,6.0,0.998566
7009.0,7.0,0.092877
7009.0,8.0,0.006131
7009.0,9.0,0.19367
7009.0,10.0,0.863907
7009.0,11.0,0.374787
7009.0,12.0,0.735846
7009.0,13.0,0.574543
7009.0,14.0,1.0
7009.0,15.0,0.0
7009.0,16.0,1.0
7009.0,17.0,0.334834
7010.0,0.0,0.507018
7010.0,1.0,0.507649
7010.0,2.0,0.639608
7010.0,3.0,0.322298
7010.0,4.0,0.708799
7010.0,5.0,1.0
7010.0,6.0,0.9985
7010.0,7.0,0.089258
7010.0,8.0,0.005636
7010.0,9.0,0.186327
7010.0,10.0,0.826179
7010.0,11.0,0.326505
7010.0,12.0,0.734415
7010.0,13.0,0.555783
7010.0,14.0,1.0
7010.0,15.0,0.0
7010.0,16.0,1.0
7010.0,17.0,0.252014
8000.0,0.0,0.511219
8000.0,1.0,0.50674
8000.0,2.0,0.635817
8000.0,3.0,0.323481
8000.0,4.0,0.71457
8000.0,5.0,1.0
8000.0,6.0,1.0
8000.0,7.0,0.082794
8000.0,8.0,0.011592
8000.0,9.0,0.185652
8000.0,10.0,0.831721
8000.0,11.0,0.326949
8000.0,12.0,0.728926
8000.0,13.0,0.556014
8000.0,14.0,1.0
8000.0,15.0,0.0
8000.0,16.0,1.0
8000.0,17.0,0.250007
8001.0,0.0,0.528281
8001.0,1.0,0.553402
8001.0,2.0,0.686874
8001.0,3.0,0.421654
8001.0,4.0,0.72571
8001.0,5.0,1.0
8001.0,6.0,1.0
8001.0,7.0,0.086464
8001.0,8.0,0.013131
8001.0,9.0,0.19501
8001.0,10.0,0.87654
8001.0,11.0,0.394855
8001.0,12.0,0.724618
8001.0,13.0,0.580129
8001.0,14.0,1.0
8001.0,15.0,0.0
8001.0,16.0,1.0
8001.0,17.0,0.374692
8002.0,0.0,0.545002
8002.0,1.0,0.592193
8002.0,2.0,0.732758
8002.0,3.0,0.507902
8002.0,4.0,0.73588
8002.0,5.0,1.0
8002.0,6.0,1.0
8002.0,7.0,0.09027
8002.0,8.0,0.014641
8002.0,9.0,0.204198
8002.0,10.0,0.908363
8002.0,11.0,0.456214
8002.0,12.0,0.723415
8002.0,13.0,0.602031
8002.0,14.0,1.0
8002.0,15.0,0.0
8002.0,16.0,1.0
8002.0,17.0,0.484486
8003.0,0.0,0.561107
8003.0,1.0,0.626005
8003.0,2.0,0.773387
8003.0,3.0,0.578253
8003.0,4.0,0.744821
8003.0,5.0,1.0
8003.0,6.0,1.0
8003.0,7.0,0.09422
8003.0,8.0,0.01616
8003.0,9.0,0.213458
8003.0,10.0,0.931879
8003.0,11.0,0.511231
8003.0,12.0,0.724641
8003.0,13.0,0.621811
8003.0,14.0,1.0
8003.0,15.0,0.0
8003.0,16.0,1.0
8003.0,17.0,0.571851
8004.0,0.0,0.574351
8004.0,1.0,0.654774
8004.0,2.0,0.80789
8004.0,3.0,0.638087
8004.0,4.0,0.753314
8004.0,5.0,1.0
8004.0,6.0,1.0
8004.0,7.0,0.097938
8004.0,8.0,0.017967
8004.0,9.0,0.222166
8004.0,10.0,0.949638
8004.0,11.0,0.561316
8004.0,12.0,0.727751
8004.0,13.0,0.639179
8004.0,14.0,1.0
8004.0,15.0,0.0
8004.0,16.0,1.0
8004.0,17.0,0.640224
8005.0,0.0,0.588885
8005.0,1.0,0.680391
8005.0,2.0,0.838661
8005.0,3.0,0.687755
8005.0,4.0,0.760208
8005.0,5.0,1.0
8005.0,6.0,1.0
8005.0,7.0,0.101483
8005.0,8.0,0.019942
8005.0,9.0,0.231358
8005.0,10.0,0.962609
8005.0,11.0,0.605744
8005.0,12.0,0.733433
8005.0,13.0,0.655498
8005.0,14.0,1.0
8005.0,15.0,0.0
8005.0,16.0,1.0
8005.0,17.0,0.693128
8006.0,0.0,0.572094
8006.0,1.0,0.644385
8006.0,2.0,0.799539
8006.0,3.0,0.602178
8006.0,4.0,0.7517
8006.0,5.0,1.0
8006.0,6.0,1.0
8006.0,7.0,0.097404
8006.0,8.0,0.017648
8006.0,9.0,0.221414
8006.0,10.0,0.946286
8006.0,11.0,0.545321
8006.0,12.0,0.731722
8006.0,13.0,0.633536
8006.0,14.0,1.0
8006.0,15.0,0.0
8006.0,16.0,1.0
8006.0,17.0,0.610015
8007.0,0.0,0.556046
8007.0,1.0,0.609068
8007.0,2.0,0.759348
8007.0,3.0,0.519815
8007.0,4.0,0.742157
8007.0,5.0,1.0
8007.0,6.0,1.0
8007.0,7.0,0.093032
8007.0,8.0,0.015935
8007.0,9.0,0.211581
8007.0,10.0,0.925673
8007.0,11.0,0.485914
8007.0,12.0,0.731541
8007.0,13.0,0.613663
8007.0,14.0,1.0
8007.0,15.0,0.0
8007.0,16.0,1.0
8007.0,17.0,0.518391
8008.0,0.0,0.541205
8008.0,1.0,0.574713
8008.0,2.0,0.718432
8008.0,3.0,0.444701
8008.0,4.0,0.733886
8008.0,5.0,1.0
8008.0,6.0,1.0
8008.0,7.0,0.089001
8008.0,8.0,0.014384
8008.0,9.0,0.203449
8008.0,10.0,0.900467
8008.0,11.0,0.428416
8008.0,12.0,0.731394
8008.0,13.0,0.594131
8008.0,14.0,1.0
8008.0,15.0,0.0
8008.0,16.0,1.0
8008.0,17.0,0.424468
8009.0,0.0,0.524909
8009.0,1.0,0.539886
8009.0,2.0,0.677677
8009.0,3.0,0.378369
8009.0,4.0,0.725513
8009.0,5.0,1.0
8009.0,6.0,1.0
8009.0,7.0,0.085407
8009.0,8.0,0.012952
8009.0,9.0,0.195384
8009.0,10.0,0.869866
8009.0,11.0,0.375788
8009.0,12.0,0.731105
8009.0,13.0,0.5749
8009.0,14.0,1.0
8009.0,15.0,0.0
8009.0,16.0,1.0
8009.0,17.0,0.333368
8010.0,0.0,0.510051
8010.0,1.0,0.507319
8010.0,2.0,0.637333
8010.0,3.0,0.321976
8010.0,4.0,0.716725
8010.0,5.0,1.0
8010.0,6.0,1.0
8010.0,7.0,0.083192
8010.0,8.0,0.011884
8010.0,9.0,0.187897
8010.0,10.0,0.83469
8010.0,11.0,0.326852
8010.0,12.0,0.729589
8010.0,13.0,0.557264
8010.0,14.0,1.0
8010.0,15.0,0.0
8010.0,16.0,1.0
8010.0,17.0,0.251489
9000.0,0.0,0.508034
9000.0,1.0,0.504759
9000.0,2.0,0.636668
9000.0,3.0,0.322726
9000.0,4.0,0.710207
9000.0,5.0,1.0
9000.0,6.0,1.0
9000.0,7.0,0.087384
9000.0,8.0,0.010536
9000.0,9.0,0.190476
9000.0,10.0,0.833842
9000.0,11.0,0.327012
9000.0,12.0,0.733221
9000.0,13.0,0.562714
9000.0,14.0,1.0
9000.0,15.0,0.0
9000.0,16.0,1.0
9000.0,17.0,0.250807
9001.0,0.0,0.527065
9001.0,1.0,0.551308
9001.0,2.0,0.687215
9001.0,3.0,0.420487
9001.0,4.0,0.722351
9001.0,5.0,1.0
9001.0,6.0,1.0
9001.0,7.0,0.090311
9001.0,8.0,0.011779
9001.0,9.0,0.200285
9001.0,10.0,0.878505
9001.0,11.0,0.394203
9001.0,12.0,0.730672
9001.0,13.0,0.584043
9001.0,14.0,1.0
9001.0,15.0,0.0
9001.0,16.0,1.0
9001.0,17.0,0.376129
9002.0,0.0,0.542462
9002.0,1.0,0.590099
9002.0,2.0,0.731562
9002.0,3.0,0.506326
9002.0,4.0,0.731751
9002.0,5.0,1.0
9002.0,6.0,1.0
9002.0,7.0,0.093733
9002.0,8.0,0.01296
9002.0,9.0,0.209438
9002.0,10.0,0.910348
9002.0,11.0,0.455456
9002.0,12.0,0.729211
9002.0,13.0,0.603153
9002.0,14.0,1.0
9002.0,15.0,0.0
9002.0,16.0,1.0
9002.0,17.0,0.484959
9003.0,0.0,0.557616
9003.0,1.0,0.622679
9003.0,2.0,0.771672
9003.0,3.0,0.578948
9003.0,4.0,0.741297
9003.0,5.0,1.0
9003.0,6.0,1.0
9003.0,7.0,0.097988
9003.0,8.0,0.014447
9003.0,9.0,0.21727
9003.0,10.0,0.933634
9003.0,11.0,0.510761
9003.0,12.0,0.730554
9003.0,13.0,0.620082
9003.0,14.0,1.0
9003.0,15.0,0.0
9003.0,16.0,1.0
9003.0,17.0,0.57246
9004.0,0.0,0.573163
9004.0,1.0,0.652852
9004.0,2.0,0.806783
9004.0,3.0,0.638809
9004.0,4.0,0.749778
9004.0,5.0,1.0
9004.0,6.0,1.0
9004.0,7.0,0.101455
9004.0,8.0,0.015855
9004.0,9.0,0.226709
9004.0,10.0,0.950653
9004.0,11.0,0.560183
9004.0,12.0,0.733175
9004.0,13.0,0.637355
9004.0,14.0,1.0
9004.0,15.0,0.0
9004.0,16.0,1.0
9004.0,17.0,0.639476
9005.0,0.0,0.587733
9005.0,1.0,0.67811
9005.0,2.0,0.837586
9005.0,3.0,0.688235
9005.0,4.0,0.757208
9005.0,5.0,1.0
9005.0,6.0,1.0
9005.0,7.0,0.106143
9005.0,8.0,0.017629
9005.0,9.0,0.235767
9005.0,10.0,0.963168
9005.0,11.0,0.604402
9005.0,12.0,0.737377
9005.0,13.0,0.653626
9005.0,14.0,1.0
9005.0,15.0,0.0
9005.0,16.0,1.0
9005.0,17.0,0.691824
9006.0,0.0,0.570497
9006.0,1.0,0.641467
9006.0,2.0,0.798364
9006.0,3.0,0.602628
9006.0,4.0,0.747732
9006.0,5.0,1.0
9006.0,6.0,1.0
9006.0,7.0,0.100539
9006.0,8.0,0.015788
9006.0,9.0,0.224673
9006.0,10.0,0.947412
9006.0,11.0,0.541982
9006.0,12.0,0.734818
9006.0,13.0,0.634684
9006.0,14.0,1.0
9006.0,15.0,0.0
9006.0,16.0,1.0
9006.0,17.0,0.608996
9007.0,0.0,0.554331
9007.0,1.0,0.604815
9007.0,2.0,0.757253
9007.0,3.0,0.52051
9007.0,4.0,0.738125
9007.0,5.0,1.0
9007.0,6.0,1.0
9007.0,7.0,0.095985
9007.0,8.0,0.014111
9007.0,9.0,0.214524
9007.0,10.0,0.926875
9007.0,11.0,0.481473
9007.0,12.0,0.734289
9007.0,13.0,0.616771
9007.0,14.0,1.0
9007.0,15.0,0.0
9007.0,16.0,1.0
9007.0,17.0,0.518354
9008.0,0.0,0.539114
9008.0,1.0,0.569917
9008.0,2.0,0.717419
9008.0,3.0,0.446891
9008.0,4.0,0.729355
9008.0,5.0,1.0
9008.0,6.0,1.0
9008.0,7.0,0.092651
9008.0,8.0,0.012927
9008.0,9.0,0.205825
9008.0,10.0,0.901307
9008.0,11.0,0.424973
9008.0,12.0,0.73357
9008.0,13.0,0.598602
9008.0,14.0,1.0
9008.0,15.0,0.0
9008.0,16.0,1.0
9008.0,17.0,0.424367
9009.0,0.0,0.524964
9009.0,1.0,0.535372
9009.0,2.0,0.676552
9009.0,3.0,0.381367
9009.0,4.0,0.721234
9009.0,5.0,1.0
9009.0,6.0,1.0
9009.0,7.0,0.089014
9009.0,8.0,0.011801
9009.0,9.0,0.197288
9009.0,10.0,0.870881
9009.0,11.0,0.373084
9009.0,12.0,0.731885
9009.0,13.0,0.581039
9009.0,14.0,1.0
9009.0,15.0,0.0
9009.0,16.0,1.0
9009.0,17.0,0.332905
9010.0,0.0,0.510597
9010.0,1.0,0.502007
9010.0,2.0,0.637599
9010.0,3.0,0.323842
9010.0,4.0,0.713181
9010.0,5.0,1.0
9010.0,6.0,1.0
9010.0,7.0,0.086098
9010.0,8.0,0.01074
9010.0,9.0,0.189356
9010.0,10.0,0.835137
9010.0,11.0,0.324634
9010.0,12.0,0.729652
9010.0,13.0,0.562905
9010.0,14.0,1.0
9010.0,15.0,0.0
9010.0,16.0,1.0
9010.0,17.0,0.250517
10000.0,0.0,0.504956
10000.0,1.0,0.50161
10000.0,2.0,0.63694
10000.0,3.0,0.318485
10000.0,4.0,0.713711
10000.0,5.0,1.0
10000.0,6.0,1.0
10000.0,7.0,0.08798
10000.0,8.0,0.01316
10000.0,9.0,0.186171
10000.0,10.0,0.835442
10000.0,11.0,0.326796
10000.0,12.0,0.736237
10000.0,13.0,0.559442
10000.0,14.0,1.0
10000.0,15.0,0.0
10000.0,16.0,1.0
10000.0,17.0,0.249852
10001.0,0.0,0.52483
10001.0,1.0,0.549493
10001.0,2.0,0.688337
10001.0,3.0,0.4182
10001.0,4.0,0.724072
10001.0,5.0,1.0
10001.0,6.0,1.0
10001.0,7.0,0.091801
10001.0,8.0,0.014762
10001.0,9.0,0.195997
10001.0,10.0,0.879106
10001.0,11.0,0.39432
10001.0,12.0,0.731655
10001.0,13.0,0.581228
10001.0,14.0,1.0
10001.0,15.0,0.0
10001.0,16.0,1.0
10001.0,17.0,0.374443
10002.0,0.0,0.542279
10002.0,1.0,0.589316
10002.0,2.0,0.733272
10002.0,3.0,0.503367
10002.0,4.0,0.732478
10002.0,5.0,1.0
10002.0,6.0,1.0
10002.0,7.0,0.095763
10002.0,8.0,0.016368
10002.0,9.0,0.205082
10002.0,10.0,0.910016
10002.0,11.0,0.455444
10002.0,12.0,0.729541
10002.0,13.0,0.599932
10002.0,14.0,1.0
10002.0,15.0,0.0
10002.0,16.0,1.0
10002.0,17.0,0.483006
10003.0,0.0,0.560101
10003.0,1.0,0.623356
10003.0,2.0,0.772693
10003.0,3.0,0.57585
10003.0,4.0,0.741252
10003.0,5.0,1.0
10003.0,6.0,1.0
10003.0,7.0,0.100054
10003.0,8.0,0.018301
10003.0,9.0,0.213877
10003.0,10.0,0.932965
10003.0,11.0,0.511033
10003.0,12.0,0.73093
10003.0,13.0,0.618747
10003.0,14.0,1.0
10003.0,15.0,0.0
10003.0,16.0,1.0
10003.0,17.0,0.570588
10004.0,0.0,0.574971
10004.0,1.0,0.652986
10004.0,2.0,0.80764
10004.0,3.0,0.636682
10004.0,4.0,0.749509
10004.0,5.0,1.0
10004.0,6.0,1.0
10004.0,7.0,0.103841
10004.0,8.0,0.020307
10004.0,9.0,0.222439
10004.0,10.0,0.949912
10004.0,11.0,0.56049
10004.0,12.0,0.733481
10004.0,13.0,0.635411
10004.0,14.0,1.0
10004.0,15.0,0.0
10004.0,16.0,1.0
10004.0,17.0,0.637882
10005.0,0.0,0.590111
10005.0,1.0,0.679595
10005.0,2.0,0.838302
10005.0,3.0,0.686112
10005.0,4.0,0.757095
10005.0,5.0,1.0
10005.0,6.0,1.0
10005.0,7.0,0.107908
10005.0,8.0,0.022713
10005.0,9.0,0.231169
10005.0,10.0,0.96268
10005.0,11.0,0.604498
10005.0,12.0,0.737281
10005.0,13.0,0.652342
10005.0,14.0,1.0
10005.0,15.0,0.0
10005.0,16.0,1.0
10005.0,17.0,0.690551
10006.0,0.0,0.572472
10006.0,1.0,0.642726
10006.0,2.0,0.798438
10006.0,3.0,0.600408
10006.0,4.0,0.746649
10006.0,5.0,1.0
10006.0,6.0,1.0
10006.0,7.0,0.102762
10006.0,8.0,0.020198
10006.0,9.0,0.220025
10006.0,10.0,0.946506
10006.0,11.0,0.543949
10006.0,12.0,0.736379
10006.0,13.0,0.632814
10006.0,14.0,1.0
10006.0,15.0,0.0
10006.0,16.0,1.0
10006.0,17.0,0.607546
10007.0,0.0,0.554983
10007.0,1.0,0.606252
10007.0,2.0,0.756934
10007.0,3.0,0.518557
10007.0,4.0,0.736671
10007.0,5.0,1.0
10007.0,6.0,1.0
10007.0,7.0,0.098181
10007.0,8.0,0.018327
10007.0,9.0,0.210861
10007.0,10.0,0.925696
10007.0,11.0,0.484199
10007.0,12.0,0.736776
10007.0,13.0,0.614422
10007.0,14.0,1.0
10007.0,15.0,0.0
10007.0,16.0,1.0
10007.0,17.0,0.515434
10008.0,0.0,0.538506
10008.0,1.0,0.57098
10008.0,2.0,0.715971
10008.0,3.0,0.443757
10008.0,4.0,0.728264
10008.0,5.0,1.0
10008.0,6.0,1.0
10008.0,7.0,0.093915
10008.0,8.0,0.016286
10008.0,9.0,0.20174
10008.0,10.0,0.900118
10008.0,11.0,0.427143
10008.0,12.0,0.736736
10008.0,13.0,0.596388
10008.0,14.0,1.0
10008.0,15.0,0.0
10008.0,16.0,1.0
10008.0,17.0,0.420934
10009.0,0.0,0.522978
10009.0,1.0,0.535548
10009.0,2.0,0.675882
10009.0,3.0,0.378678
10009.0,4.0,0.719871
10009.0,5.0,1.0
10009.0,6.0,1.0
10009.0,7.0,0.090544
10009.0,8.0,0.014716
10009.0,9.0,0.193181
10009.0,10.0,0.868988
10009.0,11.0,0.374709
10009.0,12.0,0.736079
10009.0,13.0,0.579328
10009.0,14.0,1.0
10009.0,15.0,0.0
10009.0,16.0,1.0
10009.0,17.0,0.329621
10010.0,0.0,0.507717
10010.0,1.0,0.502332
10010.0,2.0,0.635914
10010.0,3.0,0.322137
10010.0,4.0,0.710719
10010.0,5.0,1.0
10010.0,6.0,1.0
10010.0,7.0,0.087772
10010.0,8.0,0.013342
10010.0,9.0,0.185872
10010.0,10.0,0.833225
10010.0,11.0,0.326168
10010.0,12.0,0.733904
10010.0,13.0,0.561389
10010.0,14.0,1.0
10010.0,15.0,0.0
10010.0,16.0,1.0
10010.0,17.0,0.248322
