FREQUENCIES 
Gen,mut_id,mut_freq
1.0,0.0,0.5
1.0,1.0,0.5
1.0,2.0,0.5
1.0,3.0,0.5
1.0,4.0,0.5
1.0,5.0,0.5
1.0,6.0,0.5
1.0,7.0,0.5
1.0,8.0,0.5
1.0,9.0,0.5
1.0,10.0,0.5
1.0,11.0,0.5
1.0,12.0,0.5
1.0,13.0,0.5
1.0,14.0,0.5
1.0,15.0,0.5
1.0,16.0,0.5
1.0,17.0,0.5
1000.0,0.0,0.0
1000.0,1.0,0.786761
1000.0,2.0,0.173229
1000.0,3.0,0.417466
1000.0,4.0,0.173599
1000.0,5.0,0.0433
1000.0,6.0,0.302876
1000.0,7.0,0.718612
1000.0,8.0,0.179974
1000.0,9.0,0.13349
1000.0,10.0,0.496623
1000.0,11.0,0.210672
1000.0,12.0,0.396571
1000.0,13.0,0.206628
1000.0,14.0,0.094524
1000.0,15.0,0.744384
1000.0,16.0,1.0
1000.0,17.0,0.160751
1001.0,0.0,0.0
1001.0,1.0,0.800828
1001.0,2.0,0.178675
1001.0,3.0,0.4749
1001.0,4.0,0.192655
1001.0,5.0,0.04612
1001.0,6.0,0.306145
1001.0,7.0,0.754524
1001.0,8.0,0.200335
1001.0,9.0,0.149956
1001.0,10.0,0.531145
1001.0,11.0,0.217109
1001.0,12.0,0.401891
1001.0,13.0,0.219366
1001.0,14.0,0.155568
1001.0,15.0,0.767037
1001.0,16.0,1.0
1001.0,17.0,0.222557
1002.0,0.0,0.0
1002.0,1.0,0.812914
1002.0,2.0,0.183472
1002.0,3.0,0.527672
1002.0,4.0,0.210607
1002.0,5.0,0.048912
1002.0,6.0,0.30799
1002.0,7.0,0.783897
1002.0,8.0,0.220381
1002.0,9.0,0.16693
1002.0,10.0,0.561093
1002.0,11.0,0.223066
1002.0,12.0,0.407266
1002.0,13.0,0.232272
1002.0,14.0,0.233716
1002.0,15.0,0.785626
1002.0,16.0,1.0
1002.0,17.0,0.301216
1003.0,0.0,0.0
1003.0,1.0,0.822969
1003.0,2.0,0.188412
1003.0,3.0,0.574532
1003.0,4.0,0.228105
1003.0,5.0,0.051227
1003.0,6.0,0.310321
1003.0,7.0,0.808898
1003.0,8.0,0.241203
1003.0,9.0,0.183622
1003.0,10.0,0.588439
1003.0,11.0,0.228978
1003.0,12.0,0.412686
1003.0,13.0,0.245626
1003.0,14.0,0.320783
1003.0,15.0,0.802602
1003.0,16.0,1.0
1003.0,17.0,0.397418
1004.0,0.0,0.0
1004.0,1.0,0.832567
1004.0,2.0,0.193162
1004.0,3.0,0.6163
1004.0,4.0,0.245648
1004.0,5.0,0.053901
1004.0,6.0,0.312429
1004.0,7.0,0.829902
1004.0,8.0,0.260809
1004.0,9.0,0.200543
1004.0,10.0,0.611995
1004.0,11.0,0.234324
1004.0,12.0,0.416852
1004.0,13.0,0.258503
1004.0,14.0,0.406273
1004.0,15.0,0.816972
1004.0,16.0,1.0
1004.0,17.0,0.507472
1005.0,0.0,0.0
1005.0,1.0,0.840022
1005.0,2.0,0.198885
1005.0,3.0,0.654489
1005.0,4.0,0.263833
1005.0,5.0,0.056837
1005.0,6.0,0.313489
1005.0,7.0,0.847866
1005.0,8.0,0.280925
1005.0,9.0,0.215526
1005.0,10.0,0.634614
1005.0,11.0,0.240422
1005.0,12.0,0.421377
1005.0,13.0,0.272519
1005.0,14.0,0.48343
1005.0,15.0,0.830483
1005.0,16.0,1.0
1005.0,17.0,0.622857
1006.0,0.0,0.0
1006.0,1.0,0.830316
1006.0,2.0,0.192775
1006.0,3.0,0.596834
1006.0,4.0,0.243288
1006.0,5.0,0.053416
1006.0,6.0,0.310564
1006.0,7.0,0.825811
1006.0,8.0,0.255582
1006.0,9.0,0.197275
1006.0,10.0,0.608752
1006.0,11.0,0.234109
1006.0,12.0,0.416426
1006.0,13.0,0.256348
1006.0,14.0,0.356117
1006.0,15.0,0.814178
1006.0,16.0,1.0
1006.0,17.0,0.446653
1007.0,0.0,0.0
1007.0,1.0,0.820178
1007.0,2.0,0.188138
1007.0,3.0,0.545256
1007.0,4.0,0.224322
1007.0,5.0,0.050621
1007.0,6.0,0.3077
1007.0,7.0,0.802156
1007.0,8.0,0.234148
1007.0,9.0,0.179713
1007.0,10.0,0.58184
1007.0,11.0,0.228331
1007.0,12.0,0.411389
1007.0,13.0,0.241021
1007.0,14.0,0.258879
1007.0,15.0,0.797508
1007.0,16.0,1.0
1007.0,17.0,0.331562
1008.0,0.0,0.0
1008.0,1.0,0.810164
1008.0,2.0,0.182254
1008.0,3.0,0.497513
1008.0,4.0,0.206064
1008.0,5.0,0.048224
1008.0,6.0,0.304985
1008.0,7.0,0.776126
1008.0,8.0,0.214215
1008.0,9.0,0.163398
1008.0,10.0,0.553763
1008.0,11.0,0.221893
1008.0,12.0,0.406123
1008.0,13.0,0.227387
1008.0,14.0,0.186154
1008.0,15.0,0.780705
1008.0,16.0,1.0
1008.0,17.0,0.253998
1009.0,0.0,0.0
1009.0,1.0,0.799695
1009.0,2.0,0.177422
1009.0,3.0,0.45559
1009.0,4.0,0.189454
1009.0,5.0,0.046143
1009.0,6.0,0.302676
1009.0,7.0,0.748993
1009.0,8.0,0.196
1009.0,9.0,0.148668
1009.0,10.0,0.525
1009.0,11.0,0.216523
1009.0,12.0,0.400736
1009.0,13.0,0.214756
1009.0,14.0,0.132882
1009.0,15.0,0.762939
1009.0,16.0,1.0
1009.0,17.0,0.199102
1010.0,0.0,0.0
1010.0,1.0,0.788892
1010.0,2.0,0.172834
1010.0,3.0,0.416962
1010.0,4.0,0.173975
1010.0,5.0,0.043912
1010.0,6.0,0.301049
1010.0,7.0,0.719704
1010.0,8.0,0.179985
1010.0,9.0,0.134701
1010.0,10.0,0.495264
1010.0,11.0,0.211517
1010.0,12.0,0.396296
1010.0,13.0,0.203702
1010.0,14.0,0.094769
1010.0,15.0,0.746618
1010.0,16.0,1.0
1010.0,17.0,0.158932
2000.0,0.0,0.0
2000.0,1.0,0.7914
2000.0,2.0,0.17371
2000.0,3.0,0.416909
2000.0,4.0,0.112352
2000.0,5.0,0.010086
2000.0,6.0,0.190328
2000.0,7.0,0.728732
2000.0,8.0,0.178968
2000.0,9.0,0.138342
2000.0,10.0,0.588184
2000.0,11.0,0.202861
2000.0,12.0,0.391811
2000.0,13.0,0.201974
2000.0,14.0,0.09331
2000.0,15.0,0.744341
2000.0,16.0,1.0
2000.0,17.0,0.160411
2001.0,0.0,0.0
2001.0,1.0,0.805222
2001.0,2.0,0.179586
2001.0,3.0,0.474063
2001.0,4.0,0.126033
2001.0,5.0,0.010684
2001.0,6.0,0.191403
2001.0,7.0,0.763657
2001.0,8.0,0.199087
2001.0,9.0,0.154589
2001.0,10.0,0.617455
2001.0,11.0,0.209237
2001.0,12.0,0.398264
2001.0,13.0,0.215522
2001.0,14.0,0.154036
2001.0,15.0,0.766422
2001.0,16.0,1.0
2001.0,17.0,0.222599
2002.0,0.0,0.0
2002.0,1.0,0.817189
2002.0,2.0,0.184497
2002.0,3.0,0.526537
2002.0,4.0,0.140095
2002.0,5.0,0.011251
2002.0,6.0,0.192814
2002.0,7.0,0.792135
2002.0,8.0,0.219586
2002.0,9.0,0.171341
2002.0,10.0,0.642439
2002.0,11.0,0.214488
2002.0,12.0,0.403956
2002.0,13.0,0.227966
2002.0,14.0,0.232246
2002.0,15.0,0.784656
2002.0,16.0,1.0
2002.0,17.0,0.302965
2003.0,0.0,0.0
2003.0,1.0,0.82837
2003.0,2.0,0.188779
2003.0,3.0,0.572372
2003.0,4.0,0.153605
2003.0,5.0,0.011735
2003.0,6.0,0.194104
2003.0,7.0,0.817065
2003.0,8.0,0.239487
2003.0,9.0,0.188634
2003.0,10.0,0.664706
2003.0,11.0,0.220336
2003.0,12.0,0.407862
2003.0,13.0,0.240824
2003.0,14.0,0.318881
2003.0,15.0,0.801375
2003.0,16.0,1.0
2003.0,17.0,0.400448
2004.0,0.0,0.0
2004.0,1.0,0.836872
2004.0,2.0,0.193058
2004.0,3.0,0.614935
2004.0,4.0,0.167897
2004.0,5.0,0.012409
2004.0,6.0,0.194014
2004.0,7.0,0.836738
2004.0,8.0,0.25895
2004.0,9.0,0.205281
2004.0,10.0,0.684685
2004.0,11.0,0.226569
2004.0,12.0,0.412533
2004.0,13.0,0.253737
2004.0,14.0,0.403815
2004.0,15.0,0.815859
2004.0,16.0,1.0
2004.0,17.0,0.51218
2005.0,0.0,0.0
2005.0,1.0,0.844818
2005.0,2.0,0.197482
2005.0,3.0,0.652375
2005.0,4.0,0.182075
2005.0,5.0,0.012898
2005.0,6.0,0.194757
2005.0,7.0,0.853873
2005.0,8.0,0.278848
2005.0,9.0,0.222304
2005.0,10.0,0.702758
2005.0,11.0,0.232157
2005.0,12.0,0.417807
2005.0,13.0,0.267224
2005.0,14.0,0.48136
2005.0,15.0,0.828437
2005.0,16.0,1.0
2005.0,17.0,0.628411
2006.0,0.0,0.0
2006.0,1.0,0.833715
2006.0,2.0,0.192917
2006.0,3.0,0.594054
2006.0,4.0,0.165271
2006.0,5.0,0.012239
2006.0,6.0,0.192317
2006.0,7.0,0.832606
2006.0,8.0,0.253637
2006.0,9.0,0.202062
2006.0,10.0,0.681141
2006.0,11.0,0.225208
2006.0,12.0,0.412595
2006.0,13.0,0.251908
2006.0,14.0,0.353357
2006.0,15.0,0.812181
2006.0,16.0,1.0
2006.0,17.0,0.451099
2007.0,0.0,0.0
2007.0,1.0,0.824233
2007.0,2.0,0.186711
2007.0,3.0,0.541529
2007.0,4.0,0.150154
2007.0,5.0,0.011503
2007.0,6.0,0.190345
2007.0,7.0,0.809379
2007.0,8.0,0.231779
2007.0,9.0,0.184547
2007.0,10.0,0.659478
2007.0,11.0,0.219889
2007.0,12.0,0.406855
2007.0,13.0,0.237558
2007.0,14.0,0.256445
2007.0,15.0,0.796589
2007.0,16.0,1.0
2007.0,17.0,0.333196
2008.0,0.0,0.0
2008.0,1.0,0.813707
2008.0,2.0,0.182075
2008.0,3.0,0.494866
2008.0,4.0,0.136026
2008.0,5.0,0.010812
2008.0,6.0,0.189545
2008.0,7.0,0.784154
2008.0,8.0,0.211707
2008.0,9.0,0.16754
2008.0,10.0,0.637337
2008.0,11.0,0.214255
2008.0,12.0,0.401881
2008.0,13.0,0.225494
2008.0,14.0,0.184138
2008.0,15.0,0.780137
2008.0,16.0,1.0
2008.0,17.0,0.254478
2009.0,0.0,0.0
2009.0,1.0,0.80374
2009.0,2.0,0.177911
2009.0,3.0,0.452189
2009.0,4.0,0.123616
2009.0,5.0,0.010094
2009.0,6.0,0.189018
2009.0,7.0,0.756858
2009.0,8.0,0.193745
2009.0,9.0,0.152833
2009.0,10.0,0.613646
2009.0,11.0,0.20835
2009.0,12.0,0.397475
2009.0,13.0,0.213885
2009.0,14.0,0.131557
2009.0,15.0,0.764057
2009.0,16.0,1.0
2009.0,17.0,0.199334
2010.0,0.0,0.0
2010.0,1.0,0.793422
2010.0,2.0,0.173811
2010.0,3.0,0.414564
2010.0,4.0,0.111545
2010.0,5.0,0.009432
2010.0,6.0,0.187835
2010.0,7.0,0.727006
2010.0,8.0,0.17796
2010.0,9.0,0.138853
2010.0,10.0,0.589331
2010.0,11.0,0.20358
2010.0,12.0,0.392876
2010.0,13.0,0.203019
2010.0,14.0,0.094336
2010.0,15.0,0.747169
2010.0,16.0,1.0
2010.0,17.0,0.16007
3000.0,0.0,0.0
3000.0,1.0,0.794214
3000.0,2.0,0.173847
3000.0,3.0,0.414082
3000.0,4.0,0.074692
3000.0,5.0,0.001754
3000.0,6.0,0.167008
3000.0,7.0,0.725573
3000.0,8.0,0.178326
3000.0,9.0,0.13272
3000.0,10.0,0.647709
3000.0,11.0,0.217366
3000.0,12.0,0.390855
3000.0,13.0,0.201636
3000.0,14.0,0.094255
3000.0,15.0,0.748237
3000.0,16.0,1.0
3000.0,17.0,0.161348
3001.0,0.0,0.0
3001.0,1.0,0.80703
3001.0,2.0,0.178463
3001.0,3.0,0.471018
3001.0,4.0,0.084775
3001.0,5.0,0.00198
3001.0,6.0,0.167942
3001.0,7.0,0.760714
3001.0,8.0,0.198483
3001.0,9.0,0.148331
3001.0,10.0,0.672054
3001.0,11.0,0.22389
3001.0,12.0,0.396963
3001.0,13.0,0.215225
3001.0,14.0,0.155424
3001.0,15.0,0.770104
3001.0,16.0,1.0
3001.0,17.0,0.222876
3002.0,0.0,0.0
3002.0,1.0,0.818676
3002.0,2.0,0.183179
3002.0,3.0,0.523382
3002.0,4.0,0.095061
3002.0,5.0,0.002131
3002.0,6.0,0.168978
3002.0,7.0,0.789642
3002.0,8.0,0.218029
3002.0,9.0,0.163976
3002.0,10.0,0.694264
3002.0,11.0,0.230765
3002.0,12.0,0.401758
3002.0,13.0,0.228442
3002.0,14.0,0.233378
3002.0,15.0,0.788375
3002.0,16.0,1.0
3002.0,17.0,0.300619
3003.0,0.0,0.0
3003.0,1.0,0.828382
3003.0,2.0,0.187758
3003.0,3.0,0.570884
3003.0,4.0,0.105067
3003.0,5.0,0.002204
3003.0,6.0,0.169937
3003.0,7.0,0.81372
3003.0,8.0,0.238558
3003.0,9.0,0.179192
3003.0,10.0,0.712379
3003.0,11.0,0.237163
3003.0,12.0,0.406762
3003.0,13.0,0.242237
3003.0,14.0,0.320399
3003.0,15.0,0.804644
3003.0,16.0,1.0
3003.0,17.0,0.39593
3004.0,0.0,0.0
3004.0,1.0,0.836671
3004.0,2.0,0.191766
3004.0,3.0,0.612828
3004.0,4.0,0.115964
3004.0,5.0,0.002284
3004.0,6.0,0.171101
3004.0,7.0,0.834101
3004.0,8.0,0.258802
3004.0,9.0,0.194925
3004.0,10.0,0.728968
3004.0,11.0,0.24282
3004.0,12.0,0.411168
3004.0,13.0,0.255784
3004.0,14.0,0.406411
3004.0,15.0,0.818872
3004.0,16.0,1.0
3004.0,17.0,0.506788
3005.0,0.0,0.0
3005.0,1.0,0.844679
3005.0,2.0,0.196692
3005.0,3.0,0.650675
3005.0,4.0,0.127372
3005.0,5.0,0.002491
3005.0,6.0,0.172226
3005.0,7.0,0.851
3005.0,8.0,0.279444
3005.0,9.0,0.211236
3005.0,10.0,0.744109
3005.0,11.0,0.248352
3005.0,12.0,0.416228
3005.0,13.0,0.269277
3005.0,14.0,0.483666
3005.0,15.0,0.831689
3005.0,16.0,1.0
3005.0,17.0,0.62441
3006.0,0.0,0.0
3006.0,1.0,0.835013
3006.0,2.0,0.19089
3006.0,3.0,0.593466
3006.0,4.0,0.113476
3006.0,5.0,0.002399
3006.0,6.0,0.170699
3006.0,7.0,0.830213
3006.0,8.0,0.254697
3006.0,9.0,0.191035
3006.0,10.0,0.725588
3006.0,11.0,0.241633
3006.0,12.0,0.409538
3006.0,13.0,0.252773
3006.0,14.0,0.357057
3006.0,15.0,0.816478
3006.0,16.0,1.0
3006.0,17.0,0.447966
3007.0,0.0,0.0
3007.0,1.0,0.825064
3007.0,2.0,0.185556
3007.0,3.0,0.542065
3007.0,4.0,0.101966
3007.0,5.0,0.00237
3007.0,6.0,0.169151
3007.0,7.0,0.807555
3007.0,8.0,0.232532
3007.0,9.0,0.173493
3007.0,10.0,0.707202
3007.0,11.0,0.234646
3007.0,12.0,0.403537
3007.0,13.0,0.238522
3007.0,14.0,0.259202
3007.0,15.0,0.800275
3007.0,16.0,1.0
3007.0,17.0,0.332362
3008.0,0.0,0.0
3008.0,1.0,0.81471
3008.0,2.0,0.181158
3008.0,3.0,0.494326
3008.0,4.0,0.091475
3008.0,5.0,0.002236
3008.0,6.0,0.168439
3008.0,7.0,0.783389
3008.0,8.0,0.213545
3008.0,9.0,0.157537
3008.0,10.0,0.688793
3008.0,11.0,0.228379
3008.0,12.0,0.3988
3008.0,13.0,0.226379
3008.0,14.0,0.186934
3008.0,15.0,0.783284
3008.0,16.0,1.0
3008.0,17.0,0.254695
3009.0,0.0,0.0
3009.0,1.0,0.804988
3009.0,2.0,0.176499
3009.0,3.0,0.451724
3009.0,4.0,0.081897
3009.0,5.0,0.002158
3009.0,6.0,0.166479
3009.0,7.0,0.757505
3009.0,8.0,0.19622
3009.0,9.0,0.142545
3009.0,10.0,0.668221
3009.0,11.0,0.222455
3009.0,12.0,0.394343
3009.0,13.0,0.214272
3009.0,14.0,0.133626
3009.0,15.0,0.766647
3009.0,16.0,1.0
3009.0,17.0,0.200374
3010.0,0.0,0.0
3010.0,1.0,0.794231
3010.0,2.0,0.172601
3010.0,3.0,0.415186
3010.0,4.0,0.0735
3010.0,5.0,0.002116
3010.0,6.0,0.165296
3010.0,7.0,0.727824
3010.0,8.0,0.180501
3010.0,9.0,0.129249
3010.0,10.0,0.645658
3010.0,11.0,0.216211
3010.0,12.0,0.390307
3010.0,13.0,0.203586
3010.0,14.0,0.0954
3010.0,15.0,0.750217
3010.0,16.0,1.0
3010.0,17.0,0.16104
4000.0,0.0,0.0
4000.0,1.0,0.792991
4000.0,2.0,0.175638
4000.0,3.0,0.417589
4000.0,4.0,0.05923
4000.0,5.0,0.00081
4000.0,6.0,0.124775
4000.0,7.0,0.72173
4000.0,8.0,0.176546
4000.0,9.0,0.142127
4000.0,10.0,0.644483
4000.0,11.0,0.210462
4000.0,12.0,0.400055
4000.0,13.0,0.199934
4000.0,14.0,0.096247
4000.0,15.0,0.747833
4000.0,16.0,1.0
4000.0,17.0,0.161287
4001.0,0.0,0.0
4001.0,1.0,0.806344
4001.0,2.0,0.180344
4001.0,3.0,0.475366
4001.0,4.0,0.067579
4001.0,5.0,0.000855
4001.0,6.0,0.125758
4001.0,7.0,0.757418
4001.0,8.0,0.196609
4001.0,9.0,0.15876
4001.0,10.0,0.669613
4001.0,11.0,0.216701
4001.0,12.0,0.405879
4001.0,13.0,0.212637
4001.0,14.0,0.158267
4001.0,15.0,0.769407
4001.0,16.0,1.0
4001.0,17.0,0.22241
4002.0,0.0,0.0
4002.0,1.0,0.816841
4002.0,2.0,0.18512
4002.0,3.0,0.527892
4002.0,4.0,0.076669
4002.0,5.0,0.000913
4002.0,6.0,0.12669
4002.0,7.0,0.786392
4002.0,8.0,0.216506
4002.0,9.0,0.175789
4002.0,10.0,0.690123
4002.0,11.0,0.2237
4002.0,12.0,0.411996
4002.0,13.0,0.225828
4002.0,14.0,0.236359
4002.0,15.0,0.787838
4002.0,16.0,1.0
4002.0,17.0,0.302099
4003.0,0.0,0.0
4003.0,1.0,0.82683
4003.0,2.0,0.188862
4003.0,3.0,0.574106
4003.0,4.0,0.08558
4003.0,5.0,0.000969
4003.0,6.0,0.126838
4003.0,7.0,0.811124
4003.0,8.0,0.237257
4003.0,9.0,0.192038
4003.0,10.0,0.708989
4003.0,11.0,0.229855
4003.0,12.0,0.418503
4003.0,13.0,0.238298
4003.0,14.0,0.32344
4003.0,15.0,0.804648
4003.0,16.0,1.0
4003.0,17.0,0.400112
4004.0,0.0,0.0
4004.0,1.0,0.835868
4004.0,2.0,0.193366
4004.0,3.0,0.616238
4004.0,4.0,0.095687
4004.0,5.0,0.001088
4004.0,6.0,0.126936
4004.0,7.0,0.831712
4004.0,8.0,0.257551
4004.0,9.0,0.208603
4004.0,10.0,0.725422
4004.0,11.0,0.235737
4004.0,12.0,0.423585
4004.0,13.0,0.251083
4004.0,14.0,0.40915
4004.0,15.0,0.818861
4004.0,16.0,1.0
4004.0,17.0,0.510386
4005.0,0.0,0.0
4005.0,1.0,0.843935
4005.0,2.0,0.197741
4005.0,3.0,0.654156
4005.0,4.0,0.104911
4005.0,5.0,0.001155
4005.0,6.0,0.127379
4005.0,7.0,0.849648
4005.0,8.0,0.277189
4005.0,9.0,0.22533
4005.0,10.0,0.740346
4005.0,11.0,0.241615
4005.0,12.0,0.427789
4005.0,13.0,0.264298
4005.0,14.0,0.485986
4005.0,15.0,0.832064
4005.0,16.0,1.0
4005.0,17.0,0.62724
4006.0,0.0,0.0
4006.0,1.0,0.834293
4006.0,2.0,0.19187
4006.0,3.0,0.59641
4006.0,4.0,0.093111
4006.0,5.0,0.001083
4006.0,6.0,0.127247
4006.0,7.0,0.828154
4006.0,8.0,0.250613
4006.0,9.0,0.205401
4006.0,10.0,0.722976
4006.0,11.0,0.234387
4006.0,12.0,0.421239
4006.0,13.0,0.248235
4006.0,14.0,0.35778
4006.0,15.0,0.816362
4006.0,16.0,1.0
4006.0,17.0,0.451763
4007.0,0.0,0.0
4007.0,1.0,0.824975
4007.0,2.0,0.186741
4007.0,3.0,0.543759
4007.0,4.0,0.082842
4007.0,5.0,0.001024
4007.0,6.0,0.126533
4007.0,7.0,0.804184
4007.0,8.0,0.229263
4007.0,9.0,0.186687
4007.0,10.0,0.704119
4007.0,11.0,0.228388
4007.0,12.0,0.415365
4007.0,13.0,0.233678
4007.0,14.0,0.260252
4007.0,15.0,0.800159
4007.0,16.0,1.0
4007.0,17.0,0.334919
4008.0,0.0,0.0
4008.0,1.0,0.815345
4008.0,2.0,0.181585
4008.0,3.0,0.495182
4008.0,4.0,0.073245
4008.0,5.0,0.000916
4008.0,6.0,0.125591
4008.0,7.0,0.778398
4008.0,8.0,0.209648
4008.0,9.0,0.170278
4008.0,10.0,0.684533
4008.0,11.0,0.223121
4008.0,12.0,0.409897
4008.0,13.0,0.220144
4008.0,14.0,0.187609
4008.0,15.0,0.783723
4008.0,16.0,1.0
4008.0,17.0,0.256193
4009.0,0.0,0.0
4009.0,1.0,0.80548
4009.0,2.0,0.177044
4009.0,3.0,0.453212
4009.0,4.0,0.065479
4009.0,5.0,0.000916
4009.0,6.0,0.124822
4009.0,7.0,0.75074
4009.0,8.0,0.192459
4009.0,9.0,0.15517
4009.0,10.0,0.664973
4009.0,11.0,0.217881
4009.0,12.0,0.406216
4009.0,13.0,0.208159
4009.0,14.0,0.133828
4009.0,15.0,0.766875
4009.0,16.0,1.0
4009.0,17.0,0.201452
4010.0,0.0,0.0
4010.0,1.0,0.795227
4010.0,2.0,0.173495
4010.0,3.0,0.414529
4010.0,4.0,0.058467
4010.0,5.0,0.000851
4010.0,6.0,0.124295
4010.0,7.0,0.720613
4010.0,8.0,0.176594
4010.0,9.0,0.141342
4010.0,10.0,0.642833
4010.0,11.0,0.211841
4010.0,12.0,0.401042
4010.0,13.0,0.19807
4010.0,14.0,0.09541
4010.0,15.0,0.748986
4010.0,16.0,1.0
4010.0,17.0,0.161902
5000.0,0.0,0.0
5000.0,1.0,0.790466
5000.0,2.0,0.172874
5000.0,3.0,0.41276
5000.0,4.0,0.052193
5000.0,5.0,0.000125
5000.0,6.0,0.110002
5000.0,7.0,0.716288
5000.0,8.0,0.180994
5000.0,9.0,0.137614
5000.0,10.0,0.68913
5000.0,11.0,0.207747
5000.0,12.0,0.400707
5000.0,13.0,0.19468
5000.0,14.0,0.095057
5000.0,15.0,0.745507
5000.0,16.0,1.0
5000.0,17.0,0.160078
5001.0,0.0,0.0
5001.0,1.0,0.80393
5001.0,2.0,0.177639
5001.0,3.0,0.469711
5001.0,4.0,0.059634
5001.0,5.0,0.000134
5001.0,6.0,0.110651
5001.0,7.0,0.753019
5001.0,8.0,0.201364
5001.0,9.0,0.154164
5001.0,10.0,0.710682
5001.0,11.0,0.214742
5001.0,12.0,0.405625
5001.0,13.0,0.207633
5001.0,14.0,0.157189
5001.0,15.0,0.76735
5001.0,16.0,1.0
5001.0,17.0,0.22181
5002.0,0.0,0.0
5002.0,1.0,0.815488
5002.0,2.0,0.182157
5002.0,3.0,0.522732
5002.0,4.0,0.067298
5002.0,5.0,0.000159
5002.0,6.0,0.111295
5002.0,7.0,0.783467
5002.0,8.0,0.221342
5002.0,9.0,0.170645
5002.0,10.0,0.728743
5002.0,11.0,0.221477
5002.0,12.0,0.410921
5002.0,13.0,0.220906
5002.0,14.0,0.236804
5002.0,15.0,0.786136
5002.0,16.0,1.0
5002.0,17.0,0.300072
5003.0,0.0,0.0
5003.0,1.0,0.825759
5003.0,2.0,0.186456
5003.0,3.0,0.570267
5003.0,4.0,0.074959
5003.0,5.0,0.000191
5003.0,6.0,0.111539
5003.0,7.0,0.808283
5003.0,8.0,0.242512
5003.0,9.0,0.187823
5003.0,10.0,0.744878
5003.0,11.0,0.22736
5003.0,12.0,0.41498
5003.0,13.0,0.234087
5003.0,14.0,0.324273
5003.0,15.0,0.801927
5003.0,16.0,1.0
5003.0,17.0,0.396679
5004.0,0.0,0.0
5004.0,1.0,0.834638
5004.0,2.0,0.190265
5004.0,3.0,0.612081
5004.0,4.0,0.083302
5004.0,5.0,0.000191
5004.0,6.0,0.112638
5004.0,7.0,0.828831
5004.0,8.0,0.262296
5004.0,9.0,0.205611
5004.0,10.0,0.759344
5004.0,11.0,0.2331
5004.0,12.0,0.418591
5004.0,13.0,0.247698
5004.0,14.0,0.410027
5004.0,15.0,0.815844
5004.0,16.0,1.0
5004.0,17.0,0.508049
5005.0,0.0,0.0
5005.0,1.0,0.842402
5005.0,2.0,0.194604
5005.0,3.0,0.650007
5005.0,4.0,0.092431
5005.0,5.0,0.000215
5005.0,6.0,0.11362
5005.0,7.0,0.846538
5005.0,8.0,0.282967
5005.0,9.0,0.223309
5005.0,10.0,0.772598
5005.0,11.0,0.239521
5005.0,12.0,0.422229
5005.0,13.0,0.261462
5005.0,14.0,0.487425
5005.0,15.0,0.827872
5005.0,16.0,1.0
5005.0,17.0,0.623827
5006.0,0.0,0.0
5006.0,1.0,0.832576
5006.0,2.0,0.189056
5006.0,3.0,0.592927
5006.0,4.0,0.082529
5006.0,5.0,0.000178
5006.0,6.0,0.112358
5006.0,7.0,0.824643
5006.0,8.0,0.257205
5006.0,9.0,0.202558
5006.0,10.0,0.757268
5006.0,11.0,0.232626
5006.0,12.0,0.417454
5006.0,13.0,0.24556
5006.0,14.0,0.358756
5006.0,15.0,0.811781
5006.0,16.0,1.0
5006.0,17.0,0.448632
5007.0,0.0,0.0
5007.0,1.0,0.823042
5007.0,2.0,0.183951
5007.0,3.0,0.541162
5007.0,4.0,0.073995
5007.0,5.0,0.000163
5007.0,6.0,0.111462
5007.0,7.0,0.800934
5007.0,8.0,0.234816
5007.0,9.0,0.183975
5007.0,10.0,0.741473
5007.0,11.0,0.226441
5007.0,12.0,0.411793
5007.0,13.0,0.231547
5007.0,14.0,0.261493
5007.0,15.0,0.795876
5007.0,16.0,1.0
5007.0,17.0,0.333218
5008.0,0.0,0.0
5008.0,1.0,0.812964
5008.0,2.0,0.179858
5008.0,3.0,0.494288
5008.0,4.0,0.065999
5008.0,5.0,0.000171
5008.0,6.0,0.110481
5008.0,7.0,0.774605
5008.0,8.0,0.214406
5008.0,9.0,0.16734
5008.0,10.0,0.724438
5008.0,11.0,0.220661
5008.0,12.0,0.4068
5008.0,13.0,0.218632
5008.0,14.0,0.188302
5008.0,15.0,0.779571
5008.0,16.0,1.0
5008.0,17.0,0.254893
5009.0,0.0,0.0
5009.0,1.0,0.802419
5009.0,2.0,0.175035
5009.0,3.0,0.451741
5009.0,4.0,0.05943
5009.0,5.0,0.000147
5009.0,6.0,0.109952
5009.0,7.0,0.74669
5009.0,8.0,0.196843
5009.0,9.0,0.152431
5009.0,10.0,0.707904
5009.0,11.0,0.214674
5009.0,12.0,0.402318
5009.0,13.0,0.20758
5009.0,14.0,0.134684
5009.0,15.0,0.762279
5009.0,16.0,1.0
5009.0,17.0,0.199357
5010.0,0.0,0.0
5010.0,1.0,0.792651
5010.0,2.0,0.171427
5010.0,3.0,0.41379
5010.0,4.0,0.053273
5010.0,5.0,0.000158
5010.0,6.0,0.109816
5010.0,7.0,0.716218
5010.0,8.0,0.180274
5010.0,9.0,0.138834
5010.0,10.0,0.689827
5010.0,11.0,0.209402
5010.0,12.0,0.397589
5010.0,13.0,0.196434
5010.0,14.0,0.096213
5010.0,15.0,0.744675
5010.0,16.0,1.0
5010.0,17.0,0.159291
6000.0,0.0,0.0
6000.0,1.0,0.788256
6000.0,2.0,0.170029
6000.0,3.0,0.415471
6000.0,4.0,0.041607
6000.0,5.0,0.0
6000.0,6.0,0.089911
6000.0,7.0,0.722957
6000.0,8.0,0.183545
6000.0,9.0,0.133889
6000.0,10.0,0.682842
6000.0,11.0,0.205729
6000.0,12.0,0.395931
6000.0,13.0,0.203069
6000.0,14.0,0.095446
6000.0,15.0,0.740941
6000.0,16.0,1.0
6000.0,17.0,0.161321
6001.0,0.0,0.0
6001.0,1.0,0.802438
6001.0,2.0,0.175617
6001.0,3.0,0.473331
6001.0,4.0,0.047215
6001.0,5.0,0.0
6001.0,6.0,0.089945
6001.0,7.0,0.759129
6001.0,8.0,0.204604
6001.0,9.0,0.149635
6001.0,10.0,0.705018
6001.0,11.0,0.212322
6001.0,12.0,0.402213
6001.0,13.0,0.216826
6001.0,14.0,0.156946
6001.0,15.0,0.762462
6001.0,16.0,1.0
6001.0,17.0,0.223376
6002.0,0.0,0.0
6002.0,1.0,0.814336
6002.0,2.0,0.180695
6002.0,3.0,0.526343
6002.0,4.0,0.053052
6002.0,5.0,0.0
6002.0,6.0,0.090633
6002.0,7.0,0.787626
6002.0,8.0,0.225904
6002.0,9.0,0.165452
6002.0,10.0,0.723403
6002.0,11.0,0.217967
6002.0,12.0,0.407206
6002.0,13.0,0.229289
6002.0,14.0,0.236466
6002.0,15.0,0.782407
6002.0,16.0,1.0
6002.0,17.0,0.303072
6003.0,0.0,0.0
6003.0,1.0,0.824914
6003.0,2.0,0.186009
6003.0,3.0,0.574021
6003.0,4.0,0.059105
6003.0,5.0,0.0
6003.0,6.0,0.091651
6003.0,7.0,0.811483
6003.0,8.0,0.24611
6003.0,9.0,0.18124
6003.0,10.0,0.740341
6003.0,11.0,0.223926
6003.0,12.0,0.412646
6003.0,13.0,0.242775
6003.0,14.0,0.323495
6003.0,15.0,0.799051
6003.0,16.0,1.0
6003.0,17.0,0.399429
6004.0,0.0,0.0
6004.0,1.0,0.834034
6004.0,2.0,0.190826
6004.0,3.0,0.616106
6004.0,4.0,0.065749
6004.0,5.0,0.0
6004.0,6.0,0.091941
6004.0,7.0,0.832115
6004.0,8.0,0.265785
6004.0,9.0,0.197228
6004.0,10.0,0.754223
6004.0,11.0,0.229389
6004.0,12.0,0.417992
6004.0,13.0,0.256722
6004.0,14.0,0.409361
6004.0,15.0,0.814556
6004.0,16.0,1.0
6004.0,17.0,0.511245
6005.0,0.0,0.0
6005.0,1.0,0.842374
6005.0,2.0,0.195502
6005.0,3.0,0.65317
6005.0,4.0,0.072222
6005.0,5.0,0.0
6005.0,6.0,0.092318
6005.0,7.0,0.849622
6005.0,8.0,0.286632
6005.0,9.0,0.213804
6005.0,10.0,0.767065
6005.0,11.0,0.23473
6005.0,12.0,0.422542
6005.0,13.0,0.270519
6005.0,14.0,0.485344
6005.0,15.0,0.82767
6005.0,16.0,1.0
6005.0,17.0,0.628269
6006.0,0.0,0.0
6006.0,1.0,0.832227
6006.0,2.0,0.189294
6006.0,3.0,0.596023
6006.0,4.0,0.063862
6006.0,5.0,0.0
6006.0,6.0,0.091295
6006.0,7.0,0.827097
6006.0,8.0,0.260741
6006.0,9.0,0.195015
6006.0,10.0,0.751864
6006.0,11.0,0.228434
6006.0,12.0,0.417847
6006.0,13.0,0.25381
6006.0,14.0,0.358164
6006.0,15.0,0.810144
6006.0,16.0,1.0
6006.0,17.0,0.452149
6007.0,0.0,0.0
6007.0,1.0,0.822311
6007.0,2.0,0.182945
6007.0,3.0,0.544921
6007.0,4.0,0.056649
6007.0,5.0,0.0
6007.0,6.0,0.090604
6007.0,7.0,0.804097
6007.0,8.0,0.237869
6007.0,9.0,0.177277
6007.0,10.0,0.734985
6007.0,11.0,0.221744
6007.0,12.0,0.41346
6007.0,13.0,0.240523
6007.0,14.0,0.26064
6007.0,15.0,0.794099
6007.0,16.0,1.0
6007.0,17.0,0.333822
6008.0,0.0,0.0
6008.0,1.0,0.811601
6008.0,2.0,0.178239
6008.0,3.0,0.497955
6008.0,4.0,0.05058
6008.0,5.0,0.0
6008.0,6.0,0.089465
6008.0,7.0,0.777787
6008.0,8.0,0.217414
6008.0,9.0,0.161479
6008.0,10.0,0.717636
6008.0,11.0,0.215697
6008.0,12.0,0.408201
6008.0,13.0,0.227127
6008.0,14.0,0.188066
6008.0,15.0,0.777717
6008.0,16.0,1.0
6008.0,17.0,0.254225
6009.0,0.0,0.0
6009.0,1.0,0.80084
6009.0,2.0,0.173251
6009.0,3.0,0.45456
6009.0,4.0,0.045001
6009.0,5.0,0.0
6009.0,6.0,0.088647
6009.0,7.0,0.749045
6009.0,8.0,0.198574
6009.0,9.0,0.146792
6009.0,10.0,0.698964
6009.0,11.0,0.209985
6009.0,12.0,0.403454
6009.0,13.0,0.214983
6009.0,14.0,0.134763
6009.0,15.0,0.760834
6009.0,16.0,1.0
6009.0,17.0,0.199247
6010.0,0.0,0.0
6010.0,1.0,0.790239
6010.0,2.0,0.168705
6010.0,3.0,0.41665
6010.0,4.0,0.040073
6010.0,5.0,0.0
6010.0,6.0,0.087521
6010.0,7.0,0.719172
6010.0,8.0,0.182054
6010.0,9.0,0.133496
6010.0,10.0,0.680813
6010.0,11.0,0.204602
6010.0,12.0,0.397971
6010.0,13.0,0.204358
6010.0,14.0,0.095732
6010.0,15.0,0.74419
6010.0,16.0,1.0
6010.0,17.0,0.160643
7000.0,0.0,0.0
7000.0,1.0,0.791108
7000.0,2.0,0.173949
7000.0,3.0,0.418655
7000.0,4.0,0.03739
7000.0,5.0,0.0
7000.0,6.0,0.080163
7000.0,7.0,0.724593
7000.0,8.0,0.174932
7000.0,9.0,0.138655
7000.0,10.0,0.684025
7000.0,11.0,0.207643
7000.0,12.0,0.391826
7000.0,13.0,0.193924
7000.0,14.0,0.09515
7000.0,15.0,0.750144
7000.0,16.0,1.0
7000.0,17.0,0.162158
7001.0,0.0,0.0
7001.0,1.0,0.804242
7001.0,2.0,0.179164
7001.0,3.0,0.475701
7001.0,4.0,0.04324
7001.0,5.0,0.0
7001.0,6.0,0.080574
7001.0,7.0,0.759698
7001.0,8.0,0.194633
7001.0,9.0,0.155078
7001.0,10.0,0.70629
7001.0,11.0,0.214577
7001.0,12.0,0.396985
7001.0,13.0,0.206151
7001.0,14.0,0.156517
7001.0,15.0,0.771236
7001.0,16.0,1.0
7001.0,17.0,0.224416
7002.0,0.0,0.0
7002.0,1.0,0.815976
7002.0,2.0,0.183358
7002.0,3.0,0.528353
7002.0,4.0,0.048994
7002.0,5.0,0.0
7002.0,6.0,0.080516
7002.0,7.0,0.788762
7002.0,8.0,0.215032
7002.0,9.0,0.172184
7002.0,10.0,0.724957
7002.0,11.0,0.221195
7002.0,12.0,0.401424
7002.0,13.0,0.219011
7002.0,14.0,0.235394
7002.0,15.0,0.789386
7002.0,16.0,1.0
7002.0,17.0,0.305048
7003.0,0.0,0.0
7003.0,1.0,0.826321
7003.0,2.0,0.1886
7003.0,3.0,0.575294
7003.0,4.0,0.05512
7003.0,5.0,0.0
7003.0,6.0,0.080918
7003.0,7.0,0.812478
7003.0,8.0,0.235554
7003.0,9.0,0.188684
7003.0,10.0,0.741514
7003.0,11.0,0.227896
7003.0,12.0,0.405841
7003.0,13.0,0.231459
7003.0,14.0,0.322378
7003.0,15.0,0.805429
7003.0,16.0,1.0
7003.0,17.0,0.403208
7004.0,0.0,0.0
7004.0,1.0,0.83523
7004.0,2.0,0.193605
7004.0,3.0,0.617015
7004.0,4.0,0.061798
7004.0,5.0,0.0
7004.0,6.0,0.081541
7004.0,7.0,0.83281
7004.0,8.0,0.256197
7004.0,9.0,0.204994
7004.0,10.0,0.754521
7004.0,11.0,0.234899
7004.0,12.0,0.410296
7004.0,13.0,0.244022
7004.0,14.0,0.407986
7004.0,15.0,0.819501
7004.0,16.0,1.0
7004.0,17.0,0.515192
7005.0,0.0,0.0
7005.0,1.0,0.843036
7005.0,2.0,0.198814
7005.0,3.0,0.654855
7005.0,4.0,0.068403
7005.0,5.0,0.0
7005.0,6.0,0.082085
7005.0,7.0,0.849849
7005.0,8.0,0.276345
7005.0,9.0,0.22157
7005.0,10.0,0.768409
7005.0,11.0,0.241115
7005.0,12.0,0.413778
7005.0,13.0,0.258182
7005.0,14.0,0.486347
7005.0,15.0,0.832839
7005.0,16.0,1.0
7005.0,17.0,0.632753
7006.0,0.0,0.0
7006.0,1.0,0.833372
7006.0,2.0,0.193637
7006.0,3.0,0.596463
7006.0,4.0,0.060431
7006.0,5.0,0.0
7006.0,6.0,0.081717
7006.0,7.0,0.828991
7006.0,8.0,0.251379
7006.0,9.0,0.201938
7006.0,10.0,0.752977
7006.0,11.0,0.233283
7006.0,12.0,0.409715
7006.0,13.0,0.243318
7006.0,14.0,0.358188
7006.0,15.0,0.816198
7006.0,16.0,1.0
7006.0,17.0,0.454714
7007.0,0.0,0.0
7007.0,1.0,0.823678
7007.0,2.0,0.188718
7007.0,3.0,0.543321
7007.0,4.0,0.053443
7007.0,5.0,0.0
7007.0,6.0,0.080791
7007.0,7.0,0.806484
7007.0,8.0,0.228736
7007.0,9.0,0.183927
7007.0,10.0,0.737785
7007.0,11.0,0.2273
7007.0,12.0,0.405627
7007.0,13.0,0.229129
7007.0,14.0,0.260094
7007.0,15.0,0.800434
7007.0,16.0,1.0
7007.0,17.0,0.335024
7008.0,0.0,0.0
7008.0,1.0,0.813251
7008.0,2.0,0.184224
7008.0,3.0,0.496495
7008.0,4.0,0.047719
7008.0,5.0,0.0
7008.0,6.0,0.080487
7008.0,7.0,0.78074
7008.0,8.0,0.20945
7008.0,9.0,0.167964
7008.0,10.0,0.720791
7008.0,11.0,0.221642
7008.0,12.0,0.399893
7008.0,13.0,0.216845
7008.0,14.0,0.186743
7008.0,15.0,0.783104
7008.0,16.0,1.0
7008.0,17.0,0.256718
7009.0,0.0,0.0
7009.0,1.0,0.803166
7009.0,2.0,0.179552
7009.0,3.0,0.452708
7009.0,4.0,0.042245
7009.0,5.0,0.0
7009.0,6.0,0.079836
7009.0,7.0,0.753627
7009.0,8.0,0.192769
7009.0,9.0,0.153457
7009.0,10.0,0.702736
7009.0,11.0,0.215378
7009.0,12.0,0.394747
7009.0,13.0,0.204243
7009.0,14.0,0.133712
7009.0,15.0,0.765955
7009.0,16.0,1.0
7009.0,17.0,0.201155
7010.0,0.0,0.0
7010.0,1.0,0.792207
7010.0,2.0,0.174592
7010.0,3.0,0.414633
7010.0,4.0,0.037251
7010.0,5.0,0.0
7010.0,6.0,0.07931
7010.0,7.0,0.724192
7010.0,8.0,0.176347
7010.0,9.0,0.140237
7010.0,10.0,0.683816
7010.0,11.0,0.209315
7010.0,12.0,0.389517
7010.0,13.0,0.193565
7010.0,14.0,0.095084
7010.0,15.0,0.749083
7010.0,16.0,1.0
7010.0,17.0,0.161592
8000.0,0.0,0.0
8000.0,1.0,0.793774
8000.0,2.0,0.170905
8000.0,3.0,0.415391
8000.0,4.0,0.036752
8000.0,5.0,0.0
8000.0,6.0,0.083589
8000.0,7.0,0.738237
8000.0,8.0,0.175838
8000.0,9.0,0.138586
8000.0,10.0,0.695594
8000.0,11.0,0.20392
8000.0,12.0,0.390628
8000.0,13.0,0.189315
8000.0,14.0,0.095036
8000.0,15.0,0.740945
8000.0,16.0,1.0
8000.0,17.0,0.161589
8001.0,0.0,0.0
8001.0,1.0,0.806917
8001.0,2.0,0.176004
8001.0,3.0,0.473215
8001.0,4.0,0.042121
8001.0,5.0,0.0
8001.0,6.0,0.083675
8001.0,7.0,0.772168
8001.0,8.0,0.195613
8001.0,9.0,0.155416
8001.0,10.0,0.716407
8001.0,11.0,0.210662
8001.0,12.0,0.3963
8001.0,13.0,0.200627
8001.0,14.0,0.156498
8001.0,15.0,0.762054
8001.0,16.0,1.0
8001.0,17.0,0.223981
8002.0,0.0,0.0
8002.0,1.0,0.817403
8002.0,2.0,0.180443
8002.0,3.0,0.525636
8002.0,4.0,0.047547
8002.0,5.0,0.0
8002.0,6.0,0.084141
8002.0,7.0,0.800804
8002.0,8.0,0.216633
8002.0,9.0,0.172549
8002.0,10.0,0.734298
8002.0,11.0,0.21669
8002.0,12.0,0.401612
8002.0,13.0,0.212303
8002.0,14.0,0.235049
8002.0,15.0,0.78105
8002.0,16.0,1.0
8002.0,17.0,0.303706
8003.0,0.0,0.0
8003.0,1.0,0.827818
8003.0,2.0,0.185511
8003.0,3.0,0.572797
8003.0,4.0,0.053309
8003.0,5.0,0.0
8003.0,6.0,0.083932
8003.0,7.0,0.824162
8003.0,8.0,0.236551
8003.0,9.0,0.189146
8003.0,10.0,0.750871
8003.0,11.0,0.222051
8003.0,12.0,0.407143
8003.0,13.0,0.224543
8003.0,14.0,0.323383
8003.0,15.0,0.798549
8003.0,16.0,1.0
8003.0,17.0,0.402939
8004.0,0.0,0.0
8004.0,1.0,0.836315
8004.0,2.0,0.189192
8004.0,3.0,0.613888
8004.0,4.0,0.058957
8004.0,5.0,0.0
8004.0,6.0,0.083907
8004.0,7.0,0.843604
8004.0,8.0,0.257392
8004.0,9.0,0.205961
8004.0,10.0,0.764999
8004.0,11.0,0.227803
8004.0,12.0,0.413099
8004.0,13.0,0.236038
8004.0,14.0,0.409228
8004.0,15.0,0.813465
8004.0,16.0,1.0
8004.0,17.0,0.51614
8005.0,0.0,0.0
8005.0,1.0,0.843541
8005.0,2.0,0.193713
8005.0,3.0,0.651549
8005.0,4.0,0.065483
8005.0,5.0,0.0
8005.0,6.0,0.084143
8005.0,7.0,0.859581
8005.0,8.0,0.277441
8005.0,9.0,0.223569
8005.0,10.0,0.777417
8005.0,11.0,0.23325
8005.0,12.0,0.417803
8005.0,13.0,0.248574
8005.0,14.0,0.486513
8005.0,15.0,0.826783
8005.0,16.0,1.0
8005.0,17.0,0.633346
8006.0,0.0,0.0
8006.0,1.0,0.833224
8006.0,2.0,0.188637
8006.0,3.0,0.594266
8006.0,4.0,0.058453
8006.0,5.0,0.0
8006.0,6.0,0.083745
8006.0,7.0,0.839988
8006.0,8.0,0.251967
8006.0,9.0,0.201821
8006.0,10.0,0.763622
8006.0,11.0,0.226053
8006.0,12.0,0.412991
8006.0,13.0,0.235027
8006.0,14.0,0.358299
8006.0,15.0,0.810387
8006.0,16.0,1.0
8006.0,17.0,0.455493
