FREQUENCIES 
Gen,mut_id,mut_freq
1.0,0.0,0.5
1.0,1.0,0.5
1.0,2.0,0.5
1.0,3.0,0.5
1.0,4.0,0.5
1.0,5.0,0.5
1.0,6.0,0.5
1.0,7.0,0.5
1.0,8.0,0.5
1.0,9.0,0.5
1.0,10.0,0.5
1.0,11.0,0.5
1.0,12.0,0.5
1.0,13.0,0.5
1.0,14.0,0.5
1.0,15.0,0.5
1.0,16.0,0.5
1.0,17.0,0.5
1000.0,0.0,0.000833
1000.0,1.0,0.518513
1000.0,2.0,0.434016
1000.0,3.0,0.366138
1000.0,4.0,0.368496
1000.0,5.0,0.460879
1000.0,6.0,0.418066
1000.0,7.0,0.385118
1000.0,8.0,0.311026
1000.0,9.0,0.365682
1000.0,10.0,0.074846
1000.0,11.0,0.045652
1000.0,12.0,1.0
1000.0,13.0,0.246925
1000.0,14.0,0.226371
1000.0,15.0,0.788734
1000.0,16.0,0.067155
1000.0,17.0,0.319068
1001.0,0.0,0.000848
1001.0,1.0,0.57698
1001.0,2.0,0.441586
1001.0,3.0,0.399338
1001.0,4.0,0.40474
1001.0,5.0,0.462917
1001.0,6.0,0.436667
1001.0,7.0,0.477566
1001.0,8.0,0.3861
1001.0,9.0,0.368329
1001.0,10.0,0.07557
1001.0,11.0,0.047612
1001.0,12.0,1.0
1001.0,13.0,0.33387
1001.0,14.0,0.280443
1001.0,15.0,0.843257
1001.0,16.0,0.070193
1001.0,17.0,0.327422
1002.0,0.0,0.000895
1002.0,1.0,0.622888
1002.0,2.0,0.447866
1002.0,3.0,0.431344
1002.0,4.0,0.439192
1002.0,5.0,0.464987
1002.0,6.0,0.453589
1002.0,7.0,0.558045
1002.0,8.0,0.454925
1002.0,9.0,0.371373
1002.0,10.0,0.075741
1002.0,11.0,0.049968
1002.0,12.0,1.0
1002.0,13.0,0.419034
1002.0,14.0,0.334007
1002.0,15.0,0.882156
1002.0,16.0,0.072935
1002.0,17.0,0.33763
1003.0,0.0,0.000916
1003.0,1.0,0.662036
1003.0,2.0,0.454719
1003.0,3.0,0.460153
1003.0,4.0,0.473231
1003.0,5.0,0.467977
1003.0,6.0,0.469295
1003.0,7.0,0.62733
1003.0,8.0,0.518623
1003.0,9.0,0.374142
1003.0,10.0,0.075427
1003.0,11.0,0.052283
1003.0,12.0,1.0
1003.0,13.0,0.496907
1003.0,14.0,0.386075
1003.0,15.0,0.909777
1003.0,16.0,0.075391
1003.0,17.0,0.34601
1004.0,0.0,0.000944
1004.0,1.0,0.693831
1004.0,2.0,0.461299
1004.0,3.0,0.487083
1004.0,4.0,0.507416
1004.0,5.0,0.471284
1004.0,6.0,0.48501
1004.0,7.0,0.687676
1004.0,8.0,0.575448
1004.0,9.0,0.377031
1004.0,10.0,0.07578
1004.0,11.0,0.05487
1004.0,12.0,1.0
1004.0,13.0,0.565344
1004.0,14.0,0.435814
1004.0,15.0,0.929803
1004.0,16.0,0.077737
1004.0,17.0,0.353851
1005.0,0.0,0.001031
1005.0,1.0,0.721544
1005.0,2.0,0.467501
1005.0,3.0,0.513509
1005.0,4.0,0.541897
1005.0,5.0,0.474884
1005.0,6.0,0.499936
1005.0,7.0,0.738475
1005.0,8.0,0.628318
1005.0,9.0,0.379037
1005.0,10.0,0.076137
1005.0,11.0,0.057827
1005.0,12.0,1.0
1005.0,13.0,0.624217
1005.0,14.0,0.48332
1005.0,15.0,0.944949
1005.0,16.0,0.080354
1005.0,17.0,0.361844
1006.0,0.0,0.000932
1006.0,1.0,0.679015
1006.0,2.0,0.459845
1006.0,3.0,0.476957
1006.0,4.0,0.497594
1006.0,5.0,0.473371
1006.0,6.0,0.479907
1006.0,7.0,0.659101
1006.0,8.0,0.547028
1006.0,9.0,0.376255
1006.0,10.0,0.075981
1006.0,11.0,0.054297
1006.0,12.0,1.0
1006.0,13.0,0.491726
1006.0,14.0,0.404255
1006.0,15.0,0.924001
1006.0,16.0,0.07696
1006.0,17.0,0.352507
1007.0,0.0,0.000905
1007.0,1.0,0.637407
1007.0,2.0,0.451865
1007.0,3.0,0.445294
1007.0,4.0,0.458882
1007.0,5.0,0.47082
1007.0,6.0,0.462714
1007.0,7.0,0.581755
1007.0,8.0,0.476228
1007.0,9.0,0.372461
1007.0,10.0,0.075505
1007.0,11.0,0.051186
1007.0,12.0,1.0
1007.0,13.0,0.3982
1007.0,14.0,0.343632
1007.0,15.0,0.897884
1007.0,16.0,0.074211
1007.0,17.0,0.344263
1008.0,0.0,0.000892
1008.0,1.0,0.596549
1008.0,2.0,0.445177
1008.0,3.0,0.416955
1008.0,4.0,0.424972
1008.0,5.0,0.467798
1008.0,6.0,0.44735
1008.0,7.0,0.509206
1008.0,8.0,0.414126
1008.0,9.0,0.368662
1008.0,10.0,0.075018
1008.0,11.0,0.048562
1008.0,12.0,1.0
1008.0,13.0,0.332423
1008.0,14.0,0.296431
1008.0,15.0,0.866757
1008.0,16.0,0.071463
1008.0,17.0,0.335306
1009.0,0.0,0.000834
1009.0,1.0,0.556819
1009.0,2.0,0.439867
1009.0,3.0,0.392136
1009.0,4.0,0.395031
1009.0,5.0,0.463408
1009.0,6.0,0.433303
1009.0,7.0,0.443857
1009.0,8.0,0.358858
1009.0,9.0,0.365888
1009.0,10.0,0.074109
1009.0,11.0,0.046214
1009.0,12.0,1.0
1009.0,13.0,0.284025
1009.0,14.0,0.257556
1009.0,15.0,0.829751
1009.0,16.0,0.069408
1009.0,17.0,0.327657
1010.0,0.0,0.000786
1010.0,1.0,0.519716
1010.0,2.0,0.433219
1010.0,3.0,0.368583
1010.0,4.0,0.368176
1010.0,5.0,0.459563
1010.0,6.0,0.419651
1010.0,7.0,0.383802
1010.0,8.0,0.310187
1010.0,9.0,0.362689
1010.0,10.0,0.073293
1010.0,11.0,0.044137
1010.0,12.0,1.0
1010.0,13.0,0.247602
1010.0,14.0,0.226183
1010.0,15.0,0.787272
1010.0,16.0,0.067739
1010.0,17.0,0.320102
2000.0,0.0,0.0
2000.0,1.0,0.518668
2000.0,2.0,0.427495
2000.0,3.0,0.369243
2000.0,4.0,0.372543
2000.0,5.0,0.463205
2000.0,6.0,0.424498
2000.0,7.0,0.385747
2000.0,8.0,0.308824
2000.0,9.0,0.287987
2000.0,10.0,0.01023
2000.0,11.0,0.007176
2000.0,12.0,1.0
2000.0,13.0,0.246867
2000.0,14.0,0.227363
2000.0,15.0,0.793954
2000.0,16.0,0.065946
2000.0,17.0,0.318506
2001.0,0.0,0.0
2001.0,1.0,0.576852
2001.0,2.0,0.434257
2001.0,3.0,0.401762
2001.0,4.0,0.40977
2001.0,5.0,0.4658
2001.0,6.0,0.442548
2001.0,7.0,0.478187
2001.0,8.0,0.382861
2001.0,9.0,0.291023
2001.0,10.0,0.010289
2001.0,11.0,0.007631
2001.0,12.0,1.0
2001.0,13.0,0.333192
2001.0,14.0,0.281338
2001.0,15.0,0.847874
2001.0,16.0,0.068202
2001.0,17.0,0.327562
2002.0,0.0,0.0
2002.0,1.0,0.622581
2002.0,2.0,0.44173
2002.0,3.0,0.431401
2002.0,4.0,0.445113
2002.0,5.0,0.468732
2002.0,6.0,0.45903
2002.0,7.0,0.558252
2002.0,8.0,0.450871
2002.0,9.0,0.293307
2002.0,10.0,0.010315
2002.0,11.0,0.007992
2002.0,12.0,1.0
2002.0,13.0,0.417053
2002.0,14.0,0.336457
2002.0,15.0,0.884626
2002.0,16.0,0.070697
2002.0,17.0,0.335319
2003.0,0.0,0.0
2003.0,1.0,0.661129
2003.0,2.0,0.447989
2003.0,3.0,0.459095
2003.0,4.0,0.481322
2003.0,5.0,0.470682
2003.0,6.0,0.475592
2003.0,7.0,0.627814
2003.0,8.0,0.51415
2003.0,9.0,0.295392
2003.0,10.0,0.010301
2003.0,11.0,0.008415
2003.0,12.0,1.0
2003.0,13.0,0.49486
2003.0,14.0,0.389519
2003.0,15.0,0.911769
2003.0,16.0,0.073121
2003.0,17.0,0.343829
2004.0,0.0,0.0
2004.0,1.0,0.694377
2004.0,2.0,0.454114
2004.0,3.0,0.486881
2004.0,4.0,0.517214
2004.0,5.0,0.473026
2004.0,6.0,0.490319
2004.0,7.0,0.688301
2004.0,8.0,0.572407
2004.0,9.0,0.297502
2004.0,10.0,0.010411
2004.0,11.0,0.008759
2004.0,12.0,1.0
2004.0,13.0,0.564904
2004.0,14.0,0.439329
2004.0,15.0,0.932002
2004.0,16.0,0.075514
2004.0,17.0,0.351957
2005.0,0.0,0.0
2005.0,1.0,0.722639
2005.0,2.0,0.459493
2005.0,3.0,0.511983
2005.0,4.0,0.551542
2005.0,5.0,0.474204
2005.0,6.0,0.505427
2005.0,7.0,0.739816
2005.0,8.0,0.626258
2005.0,9.0,0.299977
2005.0,10.0,0.010496
2005.0,11.0,0.009127
2005.0,12.0,1.0
2005.0,13.0,0.624338
2005.0,14.0,0.485635
2005.0,15.0,0.947086
2005.0,16.0,0.078117
2005.0,17.0,0.360401
2006.0,0.0,0.0
2006.0,1.0,0.679015
2006.0,2.0,0.45312
2006.0,3.0,0.476119
2006.0,4.0,0.505458
2006.0,5.0,0.473385
2006.0,6.0,0.486136
2006.0,7.0,0.660153
2006.0,8.0,0.545328
2006.0,9.0,0.297811
2006.0,10.0,0.010449
2006.0,11.0,0.008634
2006.0,12.0,1.0
2006.0,13.0,0.49165
2006.0,14.0,0.406363
2006.0,15.0,0.926844
2006.0,16.0,0.074087
2006.0,17.0,0.350244
2007.0,0.0,0.0
2007.0,1.0,0.637689
2007.0,2.0,0.446041
2007.0,3.0,0.443644
2007.0,4.0,0.465383
2007.0,5.0,0.471167
2007.0,6.0,0.468524
2007.0,7.0,0.582469
2007.0,8.0,0.475401
2007.0,9.0,0.29663
2007.0,10.0,0.010324
2007.0,11.0,0.008204
2007.0,12.0,1.0
2007.0,13.0,0.397776
2007.0,14.0,0.345812
2007.0,15.0,0.902383
2007.0,16.0,0.071372
2007.0,17.0,0.341861
2008.0,0.0,0.0
2008.0,1.0,0.596902
2008.0,2.0,0.438298
2008.0,3.0,0.414756
2008.0,4.0,0.431341
2008.0,5.0,0.46968
2008.0,6.0,0.451317
2008.0,7.0,0.509856
2008.0,8.0,0.413502
2008.0,9.0,0.295125
2008.0,10.0,0.010008
2008.0,11.0,0.00776
2008.0,12.0,1.0
2008.0,13.0,0.332066
2008.0,14.0,0.297841
2008.0,15.0,0.873009
2008.0,16.0,0.068844
2008.0,17.0,0.333878
2009.0,0.0,0.0
2009.0,1.0,0.557242
2009.0,2.0,0.43079
2009.0,3.0,0.389252
2009.0,4.0,0.401583
2009.0,5.0,0.46751
2009.0,6.0,0.435219
2009.0,7.0,0.443415
2009.0,8.0,0.359178
2009.0,9.0,0.293475
2009.0,10.0,0.009757
2009.0,11.0,0.007362
2009.0,12.0,1.0
2009.0,13.0,0.283382
2009.0,14.0,0.258388
2009.0,15.0,0.837446
2009.0,16.0,0.066503
2009.0,17.0,0.326051
2010.0,0.0,0.0
2010.0,1.0,0.519227
2010.0,2.0,0.424476
2010.0,3.0,0.365541
2010.0,4.0,0.374234
2010.0,5.0,0.464721
2010.0,6.0,0.420992
2010.0,7.0,0.383269
2010.0,8.0,0.3101
2010.0,9.0,0.291482
2010.0,10.0,0.009455
2010.0,11.0,0.006794
2010.0,12.0,1.0
2010.0,13.0,0.246499
2010.0,14.0,0.226178
2010.0,15.0,0.796204
2010.0,16.0,0.064739
2010.0,17.0,0.317221
3000.0,0.0,0.0
3000.0,1.0,0.522782
3000.0,2.0,0.430543
3000.0,3.0,0.364257
3000.0,4.0,0.375143
3000.0,5.0,0.47153
3000.0,6.0,0.416001
3000.0,7.0,0.38461
3000.0,8.0,0.308355
3000.0,9.0,0.239654
3000.0,10.0,0.0
3000.0,11.0,0.00167
3000.0,12.0,1.0
3000.0,13.0,0.248855
3000.0,14.0,0.229435
3000.0,15.0,0.790751
3000.0,16.0,0.062194
3000.0,17.0,0.31137
3001.0,0.0,0.0
3001.0,1.0,0.578941
3001.0,2.0,0.438429
3001.0,3.0,0.396976
3001.0,4.0,0.412118
3001.0,5.0,0.472565
3001.0,6.0,0.434136
3001.0,7.0,0.478266
3001.0,8.0,0.381762
3001.0,9.0,0.242056
3001.0,10.0,0.0
3001.0,11.0,0.001832
3001.0,12.0,1.0
3001.0,13.0,0.335573
3001.0,14.0,0.283875
3001.0,15.0,0.845186
3001.0,16.0,0.064647
3001.0,17.0,0.320847
3002.0,0.0,0.0
3002.0,1.0,0.625259
3002.0,2.0,0.445353
3002.0,3.0,0.427147
3002.0,4.0,0.448802
3002.0,5.0,0.473918
3002.0,6.0,0.4515
3002.0,7.0,0.559115
3002.0,8.0,0.449593
3002.0,9.0,0.244949
3002.0,10.0,0.0
3002.0,11.0,0.001961
3002.0,12.0,1.0
3002.0,13.0,0.419976
3002.0,14.0,0.336996
3002.0,15.0,0.882879
3002.0,16.0,0.066989
3002.0,17.0,0.33018
3003.0,0.0,0.0
3003.0,1.0,0.663383
3003.0,2.0,0.450958
3003.0,3.0,0.455834
3003.0,4.0,0.484589
3003.0,5.0,0.476329
3003.0,6.0,0.467217
3003.0,7.0,0.628242
3003.0,8.0,0.51266
3003.0,9.0,0.246409
3003.0,10.0,0.0
3003.0,11.0,0.002023
3003.0,12.0,1.0
3003.0,13.0,0.497427
3003.0,14.0,0.389242
3003.0,15.0,0.910093
3003.0,16.0,0.068828
3003.0,17.0,0.338671
3004.0,0.0,0.0
3004.0,1.0,0.696498
3004.0,2.0,0.456677
3004.0,3.0,0.482755
3004.0,4.0,0.519875
3004.0,5.0,0.478367
3004.0,6.0,0.481443
3004.0,7.0,0.687859
3004.0,8.0,0.57049
3004.0,9.0,0.248199
3004.0,10.0,0.0
3004.0,11.0,0.002066
3004.0,12.0,1.0
3004.0,13.0,0.565038
3004.0,14.0,0.43991
3004.0,15.0,0.930251
3004.0,16.0,0.071155
3004.0,17.0,0.345978
3005.0,0.0,0.0
3005.0,1.0,0.724378
3005.0,2.0,0.46225
3005.0,3.0,0.508862
3005.0,4.0,0.55424
3005.0,5.0,0.479969
3005.0,6.0,0.496927
3005.0,7.0,0.738898
3005.0,8.0,0.623803
3005.0,9.0,0.249638
3005.0,10.0,0.0
3005.0,11.0,0.00214
3005.0,12.0,1.0
3005.0,13.0,0.624358
3005.0,14.0,0.488159
3005.0,15.0,0.945525
3005.0,16.0,0.073303
3005.0,17.0,0.354092
3006.0,0.0,0.0
3006.0,1.0,0.681842
3006.0,2.0,0.456074
3006.0,3.0,0.472437
3006.0,4.0,0.508505
3006.0,5.0,0.478782
3006.0,6.0,0.477568
3006.0,7.0,0.659867
3006.0,8.0,0.543077
3006.0,9.0,0.246855
3006.0,10.0,0.0
3006.0,11.0,0.002049
3006.0,12.0,1.0
3006.0,13.0,0.492958
3006.0,14.0,0.407242
3006.0,15.0,0.924857
3006.0,16.0,0.07067
3006.0,17.0,0.344602
3007.0,0.0,0.0
3007.0,1.0,0.641063
3007.0,2.0,0.449135
3007.0,3.0,0.43954
3007.0,4.0,0.468767
3007.0,5.0,0.478398
3007.0,6.0,0.461306
3007.0,7.0,0.58388
3007.0,8.0,0.472279
3007.0,9.0,0.244318
3007.0,10.0,0.0
3007.0,11.0,0.001925
3007.0,12.0,1.0
3007.0,13.0,0.399594
3007.0,14.0,0.345626
3007.0,15.0,0.899618
3007.0,16.0,0.068105
3007.0,17.0,0.336219
3008.0,0.0,0.0
3008.0,1.0,0.600747
3008.0,2.0,0.442387
3008.0,3.0,0.410834
3008.0,4.0,0.433787
3008.0,5.0,0.477765
3008.0,6.0,0.44561
3008.0,7.0,0.511837
3008.0,8.0,0.412291
3008.0,9.0,0.242399
3008.0,10.0,0.0
3008.0,11.0,0.001818
3008.0,12.0,1.0
3008.0,13.0,0.332971
3008.0,14.0,0.297806
3008.0,15.0,0.869625
3008.0,16.0,0.066133
3008.0,17.0,0.327975
3009.0,0.0,0.0
3009.0,1.0,0.561359
3009.0,2.0,0.435604
3009.0,3.0,0.384846
3009.0,4.0,0.403412
3009.0,5.0,0.475573
3009.0,6.0,0.430301
3009.0,7.0,0.446115
3009.0,8.0,0.357652
3009.0,9.0,0.239409
3009.0,10.0,0.0
3009.0,11.0,0.001749
3009.0,12.0,1.0
3009.0,13.0,0.284513
3009.0,14.0,0.259496
3009.0,15.0,0.83381
3009.0,16.0,0.064362
3009.0,17.0,0.320053
3010.0,0.0,0.0
3010.0,1.0,0.523122
3010.0,2.0,0.42961
3010.0,3.0,0.36176
3010.0,4.0,0.37678
3010.0,5.0,0.472106
3010.0,6.0,0.415929
3010.0,7.0,0.386345
3010.0,8.0,0.310018
3010.0,9.0,0.238246
3010.0,10.0,0.0
3010.0,11.0,0.001632
3010.0,12.0,1.0
3010.0,13.0,0.247807
3010.0,14.0,0.22782
3010.0,15.0,0.792625
3010.0,16.0,0.062806
3010.0,17.0,0.311495
4000.0,0.0,0.0
4000.0,1.0,0.522108
4000.0,2.0,0.424783
4000.0,3.0,0.364815
4000.0,4.0,0.378414
4000.0,5.0,0.463973
4000.0,6.0,0.421367
4000.0,7.0,0.384511
4000.0,8.0,0.312457
4000.0,9.0,0.221929
4000.0,10.0,0.0
4000.0,11.0,0.0
4000.0,12.0,1.0
4000.0,13.0,0.246889
4000.0,14.0,0.227608
4000.0,15.0,0.789966
4000.0,16.0,0.063722
4000.0,17.0,0.331358
4001.0,0.0,0.0
4001.0,1.0,0.580158
4001.0,2.0,0.432235
4001.0,3.0,0.398179
4001.0,4.0,0.416498
4001.0,5.0,0.464915
4001.0,6.0,0.439813
4001.0,7.0,0.477151
4001.0,8.0,0.386877
4001.0,9.0,0.224119
4001.0,10.0,0.0
4001.0,11.0,0.0
4001.0,12.0,1.0
4001.0,13.0,0.334177
4001.0,14.0,0.282563
4001.0,15.0,0.845315
4001.0,16.0,0.066406
4001.0,17.0,0.340847
4002.0,0.0,0.0
4002.0,1.0,0.627531
4002.0,2.0,0.439433
4002.0,3.0,0.429949
4002.0,4.0,0.453706
4002.0,5.0,0.466915
4002.0,6.0,0.45703
4002.0,7.0,0.557509
4002.0,8.0,0.455018
4002.0,9.0,0.225946
4002.0,10.0,0.0
4002.0,11.0,0.0
4002.0,12.0,1.0
4002.0,13.0,0.418755
4002.0,14.0,0.336266
4002.0,15.0,0.882889
4002.0,16.0,0.068733
4002.0,17.0,0.349616
4003.0,0.0,0.0
4003.0,1.0,0.665375
4003.0,2.0,0.446596
4003.0,3.0,0.459825
4003.0,4.0,0.489338
4003.0,5.0,0.468433
4003.0,6.0,0.472466
4003.0,7.0,0.627068
4003.0,8.0,0.517984
4003.0,9.0,0.227224
4003.0,10.0,0.0
4003.0,11.0,0.0
4003.0,12.0,1.0
4003.0,13.0,0.496114
4003.0,14.0,0.388954
4003.0,15.0,0.910197
4003.0,16.0,0.071213
4003.0,17.0,0.358085
4004.0,0.0,0.0
4004.0,1.0,0.698329
4004.0,2.0,0.453006
4004.0,3.0,0.487489
4004.0,4.0,0.525319
4004.0,5.0,0.471551
4004.0,6.0,0.487232
4004.0,7.0,0.687337
4004.0,8.0,0.57547
4004.0,9.0,0.229307
4004.0,10.0,0.0
4004.0,11.0,0.0
4004.0,12.0,1.0
4004.0,13.0,0.565453
4004.0,14.0,0.439622
4004.0,15.0,0.930049
4004.0,16.0,0.073437
4004.0,17.0,0.366315
4005.0,0.0,0.0
4005.0,1.0,0.725365
4005.0,2.0,0.458774
4005.0,3.0,0.51324
4005.0,4.0,0.559242
4005.0,5.0,0.475041
4005.0,6.0,0.501752
4005.0,7.0,0.740445
4005.0,8.0,0.626509
4005.0,9.0,0.231557
4005.0,10.0,0.0
4005.0,11.0,0.0
4005.0,12.0,1.0
4005.0,13.0,0.625068
4005.0,14.0,0.486419
4005.0,15.0,0.945127
4005.0,16.0,0.075714
4005.0,17.0,0.375038
4006.0,0.0,0.0
4006.0,1.0,0.682028
4006.0,2.0,0.451791
4006.0,3.0,0.476215
4006.0,4.0,0.513479
4006.0,5.0,0.474885
4006.0,6.0,0.482796
4006.0,7.0,0.66086
4006.0,8.0,0.544768
4006.0,9.0,0.228383
4006.0,10.0,0.0
4006.0,11.0,0.0
4006.0,12.0,1.0
4006.0,13.0,0.492365
4006.0,14.0,0.406887
4006.0,15.0,0.924153
4006.0,16.0,0.073276
4006.0,17.0,0.365651
4007.0,0.0,0.0
4007.0,1.0,0.640296
4007.0,2.0,0.445666
4007.0,3.0,0.44505
4007.0,4.0,0.474557
4007.0,5.0,0.473725
4007.0,6.0,0.464922
4007.0,7.0,0.584114
4007.0,8.0,0.47438
4007.0,9.0,0.226005
4007.0,10.0,0.0
4007.0,11.0,0.0
4007.0,12.0,1.0
4007.0,13.0,0.3989
4007.0,14.0,0.34591
4007.0,15.0,0.899089
4007.0,16.0,0.071137
4007.0,17.0,0.35707
4008.0,0.0,0.0
4008.0,1.0,0.598888
4008.0,2.0,0.439607
4008.0,3.0,0.417016
4008.0,4.0,0.439364
4008.0,5.0,0.472275
4008.0,6.0,0.448865
4008.0,7.0,0.511188
4008.0,8.0,0.41348
4008.0,9.0,0.223329
4008.0,10.0,0.0
4008.0,11.0,0.0
4008.0,12.0,1.0
4008.0,13.0,0.332883
4008.0,14.0,0.297828
4008.0,15.0,0.869067
4008.0,16.0,0.068994
4008.0,17.0,0.348471
4009.0,0.0,0.0
4009.0,1.0,0.559381
4009.0,2.0,0.434112
4009.0,3.0,0.391715
4009.0,4.0,0.408746
4009.0,5.0,0.469221
4009.0,6.0,0.433973
4009.0,7.0,0.445087
4009.0,8.0,0.357974
4009.0,9.0,0.222227
4009.0,10.0,0.0
4009.0,11.0,0.0
4009.0,12.0,1.0
4009.0,13.0,0.284594
4009.0,14.0,0.258897
4009.0,15.0,0.832847
4009.0,16.0,0.067086
4009.0,17.0,0.340704
4010.0,0.0,0.0
4010.0,1.0,0.522341
4010.0,2.0,0.42736
4010.0,3.0,0.367768
4010.0,4.0,0.38081
4010.0,5.0,0.465971
4010.0,6.0,0.420121
4010.0,7.0,0.384457
4010.0,8.0,0.310941
4010.0,9.0,0.219921
4010.0,10.0,0.0
4010.0,11.0,0.0
4010.0,12.0,1.0
4010.0,13.0,0.248201
4010.0,14.0,0.227545
4010.0,15.0,0.791107
4010.0,16.0,0.065421
4010.0,17.0,0.333123
5000.0,0.0,0.0
5000.0,1.0,0.520813
5000.0,2.0,0.423827
5000.0,3.0,0.366326
5000.0,4.0,0.373313
5000.0,5.0,0.470001
5000.0,6.0,0.421412
5000.0,7.0,0.385127
5000.0,8.0,0.310545
5000.0,9.0,0.225592
5000.0,10.0,0.0
5000.0,11.0,0.0
5000.0,12.0,1.0
5000.0,13.0,0.24781
5000.0,14.0,0.227427
5000.0,15.0,0.794724
5000.0,16.0,0.062849
5000.0,17.0,0.327491
5001.0,0.0,0.0
5001.0,1.0,0.578106
5001.0,2.0,0.431955
5001.0,3.0,0.399553
5001.0,4.0,0.409805
5001.0,5.0,0.470456
5001.0,6.0,0.439734
5001.0,7.0,0.480161
5001.0,8.0,0.385725
5001.0,9.0,0.228423
5001.0,10.0,0.0
5001.0,11.0,0.0
5001.0,12.0,1.0
5001.0,13.0,0.33479
5001.0,14.0,0.282512
5001.0,15.0,0.847636
5001.0,16.0,0.065404
5001.0,17.0,0.33704
5002.0,0.0,0.0
5002.0,1.0,0.624955
5002.0,2.0,0.438526
5002.0,3.0,0.430142
5002.0,4.0,0.444696
5002.0,5.0,0.471273
5002.0,6.0,0.456986
5002.0,7.0,0.562559
5002.0,8.0,0.454825
5002.0,9.0,0.2306
5002.0,10.0,0.0
5002.0,11.0,0.0
5002.0,12.0,1.0
5002.0,13.0,0.420727
5002.0,14.0,0.336033
5002.0,15.0,0.883938
5002.0,16.0,0.068449
5002.0,17.0,0.345833
5003.0,0.0,0.0
5003.0,1.0,0.66387
5003.0,2.0,0.445228
5003.0,3.0,0.458685
5003.0,4.0,0.47888
5003.0,5.0,0.472546
5003.0,6.0,0.472578
5003.0,7.0,0.63193
5003.0,8.0,0.517448
5003.0,9.0,0.232457
5003.0,10.0,0.0
5003.0,11.0,0.0
5003.0,12.0,1.0
5003.0,13.0,0.498241
5003.0,14.0,0.38815
5003.0,15.0,0.910564
5003.0,16.0,0.070974
5003.0,17.0,0.354096
5004.0,0.0,0.0
5004.0,1.0,0.696758
5004.0,2.0,0.450763
5004.0,3.0,0.486451
5004.0,4.0,0.513289
5004.0,5.0,0.474349
5004.0,6.0,0.487145
5004.0,7.0,0.692253
5004.0,8.0,0.574854
5004.0,9.0,0.233912
5004.0,10.0,0.0
5004.0,11.0,0.0
5004.0,12.0,1.0
5004.0,13.0,0.566976
5004.0,14.0,0.437925
5004.0,15.0,0.930869
5004.0,16.0,0.073564
5004.0,17.0,0.361482
5005.0,0.0,0.0
5005.0,1.0,0.725178
5005.0,2.0,0.456289
5005.0,3.0,0.512978
5005.0,4.0,0.547844
5005.0,5.0,0.476348
5005.0,6.0,0.501812
5005.0,7.0,0.744463
5005.0,8.0,0.62746
5005.0,9.0,0.236552
5005.0,10.0,0.0
5005.0,11.0,0.0
5005.0,12.0,1.0
5005.0,13.0,0.627226
5005.0,14.0,0.485549
5005.0,15.0,0.945989
5005.0,16.0,0.076093
5005.0,17.0,0.368772
5006.0,0.0,0.0
5006.0,1.0,0.681482
5006.0,2.0,0.449316
5006.0,3.0,0.475584
5006.0,4.0,0.502385
5006.0,5.0,0.476855
5006.0,6.0,0.482311
5006.0,7.0,0.664071
5006.0,8.0,0.545845
5006.0,9.0,0.234501
5006.0,10.0,0.0
5006.0,11.0,0.0
5006.0,12.0,1.0
5006.0,13.0,0.493977
5006.0,14.0,0.406005
5006.0,15.0,0.925592
5006.0,16.0,0.073322
5006.0,17.0,0.359131
5007.0,0.0,0.0
5007.0,1.0,0.638752
5007.0,2.0,0.442486
5007.0,3.0,0.443822
5007.0,4.0,0.463437
5007.0,5.0,0.477749
5007.0,6.0,0.466518
5007.0,7.0,0.586961
5007.0,8.0,0.474319
5007.0,9.0,0.232982
5007.0,10.0,0.0
5007.0,11.0,0.0
5007.0,12.0,1.0
5007.0,13.0,0.399776
5007.0,14.0,0.344782
5007.0,15.0,0.900479
5007.0,16.0,0.070872
5007.0,17.0,0.35061
5008.0,0.0,0.0
5008.0,1.0,0.597829
5008.0,2.0,0.435548
5008.0,3.0,0.41502
5008.0,4.0,0.428776
5008.0,5.0,0.476353
5008.0,6.0,0.451525
5008.0,7.0,0.514272
5008.0,8.0,0.412646
5008.0,9.0,0.231295
5008.0,10.0,0.0
5008.0,11.0,0.0
5008.0,12.0,1.0
5008.0,13.0,0.333696
5008.0,14.0,0.296812
5008.0,15.0,0.870446
5008.0,16.0,0.068427
5008.0,17.0,0.342052
5009.0,0.0,0.0
5009.0,1.0,0.557959
5009.0,2.0,0.428548
5009.0,3.0,0.38977
5009.0,4.0,0.398305
5009.0,5.0,0.473958
5009.0,6.0,0.437066
5009.0,7.0,0.447677
5009.0,8.0,0.358086
5009.0,9.0,0.229964
5009.0,10.0,0.0
5009.0,11.0,0.0
5009.0,12.0,1.0
5009.0,13.0,0.28511
5009.0,14.0,0.258264
5009.0,15.0,0.834537
5009.0,16.0,0.065989
5009.0,17.0,0.334849
5010.0,0.0,0.0
5010.0,1.0,0.519716
5010.0,2.0,0.422411
5010.0,3.0,0.365397
5010.0,4.0,0.371402
5010.0,5.0,0.471735
5010.0,6.0,0.423032
5010.0,7.0,0.386655
5010.0,8.0,0.309394
5010.0,9.0,0.228261
5010.0,10.0,0.0
5010.0,11.0,0.0
5010.0,12.0,1.0
5010.0,13.0,0.249239
5010.0,14.0,0.227471
5010.0,15.0,0.793326
5010.0,16.0,0.063648
5010.0,17.0,0.327013
6000.0,0.0,0.0
6000.0,1.0,0.517563
6000.0,2.0,0.414335
6000.0,3.0,0.368513
6000.0,4.0,0.37272
6000.0,5.0,0.469187
6000.0,6.0,0.424155
6000.0,7.0,0.386244
6000.0,8.0,0.311978
6000.0,9.0,0.227257
6000.0,10.0,0.0
6000.0,11.0,0.0
6000.0,12.0,1.0
6000.0,13.0,0.249138
6000.0,14.0,0.227516
6000.0,15.0,0.79355
6000.0,16.0,0.063146
6000.0,17.0,0.32277
6001.0,0.0,0.0
6001.0,1.0,0.576833
6001.0,2.0,0.422849
6001.0,3.0,0.402038
6001.0,4.0,0.409814
6001.0,5.0,0.471668
6001.0,6.0,0.44177
6001.0,7.0,0.479789
6001.0,8.0,0.38731
6001.0,9.0,0.229751
6001.0,10.0,0.0
6001.0,11.0,0.0
6001.0,12.0,1.0
6001.0,13.0,0.337038
6001.0,14.0,0.281875
6001.0,15.0,0.847543
6001.0,16.0,0.065332
6001.0,17.0,0.331744
6002.0,0.0,0.0
6002.0,1.0,0.62381
6002.0,2.0,0.43008
6002.0,3.0,0.431251
6002.0,4.0,0.445719
6002.0,5.0,0.472941
6002.0,6.0,0.458309
6002.0,7.0,0.561723
6002.0,8.0,0.456219
6002.0,9.0,0.23241
6002.0,10.0,0.0
6002.0,11.0,0.0
6002.0,12.0,1.0
6002.0,13.0,0.42176
6002.0,14.0,0.335888
6002.0,15.0,0.884482
6002.0,16.0,0.067441
6002.0,17.0,0.340129
6003.0,0.0,0.0
6003.0,1.0,0.663122
6003.0,2.0,0.436962
6003.0,3.0,0.45964
6003.0,4.0,0.480254
6003.0,5.0,0.473785
6003.0,6.0,0.473865
6003.0,7.0,0.633059
6003.0,8.0,0.520159
6003.0,9.0,0.234187
6003.0,10.0,0.0
6003.0,11.0,0.0
6003.0,12.0,1.0
6003.0,13.0,0.49955
6003.0,14.0,0.388961
6003.0,15.0,0.911632
6003.0,16.0,0.070051
6003.0,17.0,0.348452
6004.0,0.0,0.0
6004.0,1.0,0.696184
6004.0,2.0,0.443137
6004.0,3.0,0.485545
6004.0,4.0,0.515574
6004.0,5.0,0.474951
6004.0,6.0,0.488719
6004.0,7.0,0.693594
6004.0,8.0,0.57876
6004.0,9.0,0.235929
6004.0,10.0,0.0
6004.0,11.0,0.0
6004.0,12.0,1.0
6004.0,13.0,0.568563
6004.0,14.0,0.439231
6004.0,15.0,0.931807
6004.0,16.0,0.07232
6004.0,17.0,0.356865
6005.0,0.0,0.0
6005.0,1.0,0.723992
6005.0,2.0,0.449329
6005.0,3.0,0.511008
6005.0,4.0,0.550987
6005.0,5.0,0.476832
6005.0,6.0,0.503032
6005.0,7.0,0.745532
6005.0,8.0,0.63165
6005.0,9.0,0.237061
6005.0,10.0,0.0
6005.0,11.0,0.0
6005.0,12.0,1.0
6005.0,13.0,0.628623
6005.0,14.0,0.485656
6005.0,15.0,0.946472
6005.0,16.0,0.07437
6005.0,17.0,0.365125
6006.0,0.0,0.0
6006.0,1.0,0.681021
6006.0,2.0,0.4423
6006.0,3.0,0.475096
6006.0,4.0,0.505057
6006.0,5.0,0.477002
6006.0,6.0,0.485299
6006.0,7.0,0.665811
6006.0,8.0,0.549344
6006.0,9.0,0.235219
6006.0,10.0,0.0
6006.0,11.0,0.0
6006.0,12.0,1.0
6006.0,13.0,0.494215
6006.0,14.0,0.406441
6006.0,15.0,0.926116
6006.0,16.0,0.072198
6006.0,17.0,0.355228
6007.0,0.0,0.0
6007.0,1.0,0.641634
6007.0,2.0,0.435214
6007.0,3.0,0.444275
6007.0,4.0,0.465676
6007.0,5.0,0.475122
6007.0,6.0,0.468407
6007.0,7.0,0.589274
6007.0,8.0,0.478721
6007.0,9.0,0.234078
6007.0,10.0,0.0
6007.0,11.0,0.0
6007.0,12.0,1.0
6007.0,13.0,0.4012
6007.0,14.0,0.345888
6007.0,15.0,0.901207
6007.0,16.0,0.070222
6007.0,17.0,0.345577
6008.0,0.0,0.0
6008.0,1.0,0.601581
6008.0,2.0,0.428918
6008.0,3.0,0.415781
6008.0,4.0,0.430548
6008.0,5.0,0.474016
6008.0,6.0,0.452744
6008.0,7.0,0.516075
6008.0,8.0,0.415605
6008.0,9.0,0.231809
6008.0,10.0,0.0
6008.0,11.0,0.0
6008.0,12.0,1.0
6008.0,13.0,0.33411
6008.0,14.0,0.299372
6008.0,15.0,0.871202
6008.0,16.0,0.067905
6008.0,17.0,0.336479
6009.0,0.0,0.0
6009.0,1.0,0.562489
6009.0,2.0,0.422813
6009.0,3.0,0.390162
6009.0,4.0,0.400563
6009.0,5.0,0.472726
6009.0,6.0,0.437718
6009.0,7.0,0.449153
6009.0,8.0,0.360629
6009.0,9.0,0.230174
6009.0,10.0,0.0
6009.0,11.0,0.0
6009.0,12.0,1.0
6009.0,13.0,0.284957
6009.0,14.0,0.261168
6009.0,15.0,0.835192
6009.0,16.0,0.065717
6009.0,17.0,0.327965
6010.0,0.0,0.0
6010.0,1.0,0.524938
6010.0,2.0,0.417097
6010.0,3.0,0.367111
6010.0,4.0,0.373145
6010.0,5.0,0.470664
6010.0,6.0,0.424035
6010.0,7.0,0.3881
6010.0,8.0,0.311483
6010.0,9.0,0.227996
6010.0,10.0,0.0
6010.0,11.0,0.0
6010.0,12.0,1.0
6010.0,13.0,0.24862
6010.0,14.0,0.229467
6010.0,15.0,0.794572
6010.0,16.0,0.063551
6010.0,17.0,0.320014
7000.0,0.0,0.0
7000.0,1.0,0.521114
7000.0,2.0,0.424911
7000.0,3.0,0.363064
7000.0,4.0,0.372272
7000.0,5.0,0.463299
7000.0,6.0,0.417723
7000.0,7.0,0.386703
7000.0,8.0,0.313236
7000.0,9.0,0.211489
7000.0,10.0,0.0
7000.0,11.0,0.0
7000.0,12.0,1.0
7000.0,13.0,0.247511
7000.0,14.0,0.227472
7000.0,15.0,0.791759
7000.0,16.0,0.065701
7000.0,17.0,0.309224
7001.0,0.0,0.0
7001.0,1.0,0.578945
7001.0,2.0,0.432832
7001.0,3.0,0.395871
7001.0,4.0,0.409518
7001.0,5.0,0.465189
7001.0,6.0,0.437166
7001.0,7.0,0.478533
7001.0,8.0,0.387066
7001.0,9.0,0.21342
7001.0,10.0,0.0
7001.0,11.0,0.0
7001.0,12.0,1.0
7001.0,13.0,0.334813
7001.0,14.0,0.281213
7001.0,15.0,0.846207
7001.0,16.0,0.068192
7001.0,17.0,0.318064
7002.0,0.0,0.0
7002.0,1.0,0.625165
7002.0,2.0,0.439872
7002.0,3.0,0.425678
7002.0,4.0,0.445086
7002.0,5.0,0.468316
7002.0,6.0,0.454115
7002.0,7.0,0.558766
7002.0,8.0,0.455435
7002.0,9.0,0.216264
7002.0,10.0,0.0
7002.0,11.0,0.0
7002.0,12.0,1.0
7002.0,13.0,0.419212
7002.0,14.0,0.33476
7002.0,15.0,0.883879
7002.0,16.0,0.070598
7002.0,17.0,0.327298
7003.0,0.0,0.0
7003.0,1.0,0.66438
7003.0,2.0,0.447574
7003.0,3.0,0.454562
7003.0,4.0,0.480734
7003.0,5.0,0.470382
7003.0,6.0,0.47101
7003.0,7.0,0.627663
7003.0,8.0,0.517603
7003.0,9.0,0.217712
7003.0,10.0,0.0
7003.0,11.0,0.0
7003.0,12.0,1.0
7003.0,13.0,0.497128
7003.0,14.0,0.385888
7003.0,15.0,0.910511
7003.0,16.0,0.072929
7003.0,17.0,0.335454
7004.0,0.0,0.0
7004.0,1.0,0.696853
7004.0,2.0,0.452896
7004.0,3.0,0.481786
7004.0,4.0,0.516579
7004.0,5.0,0.472014
7004.0,6.0,0.486194
7004.0,7.0,0.687698
7004.0,8.0,0.575854
7004.0,9.0,0.219406
7004.0,10.0,0.0
7004.0,11.0,0.0
7004.0,12.0,1.0
7004.0,13.0,0.564577
7004.0,14.0,0.43624
7004.0,15.0,0.930607
7004.0,16.0,0.07524
7004.0,17.0,0.343453
7005.0,0.0,0.0
7005.0,1.0,0.723999
7005.0,2.0,0.45901
7005.0,3.0,0.50745
7005.0,4.0,0.551633
7005.0,5.0,0.47416
7005.0,6.0,0.500978
7005.0,7.0,0.739312
7005.0,8.0,0.628584
7005.0,9.0,0.221281
7005.0,10.0,0.0
7005.0,11.0,0.0
7005.0,12.0,1.0
7005.0,13.0,0.624279
7005.0,14.0,0.483732
7005.0,15.0,0.945376
7005.0,16.0,0.077947
7005.0,17.0,0.351456
7006.0,0.0,0.0
7006.0,1.0,0.680763
7006.0,2.0,0.450993
7006.0,3.0,0.471515
7006.0,4.0,0.50547
7006.0,5.0,0.474073
7006.0,6.0,0.480622
7006.0,7.0,0.661039
7006.0,8.0,0.548344
7006.0,9.0,0.219532
7006.0,10.0,0.0
7006.0,11.0,0.0
7006.0,12.0,1.0
7006.0,13.0,0.492401
7006.0,14.0,0.405139
7006.0,15.0,0.924532
7006.0,16.0,0.074984
7006.0,17.0,0.34229
7007.0,0.0,0.0
7007.0,1.0,0.640236
7007.0,2.0,0.443151
7007.0,3.0,0.440658
7007.0,4.0,0.467071
7007.0,5.0,0.472883
7007.0,6.0,0.46276
7007.0,7.0,0.584213
7007.0,8.0,0.477233
7007.0,9.0,0.217396
7007.0,10.0,0.0
7007.0,11.0,0.0
7007.0,12.0,1.0
7007.0,13.0,0.399501
7007.0,14.0,0.345299
7007.0,15.0,0.899512
7007.0,16.0,0.072235
7007.0,17.0,0.333251
7008.0,0.0,0.0
7008.0,1.0,0.599355
7008.0,2.0,0.436722
7008.0,3.0,0.413793
7008.0,4.0,0.432706
7008.0,5.0,0.471484
7008.0,6.0,0.446197
7008.0,7.0,0.513244
7008.0,8.0,0.41633
7008.0,9.0,0.215422
7008.0,10.0,0.0
7008.0,11.0,0.0
7008.0,12.0,1.0
7008.0,13.0,0.332622
7008.0,14.0,0.297926
7008.0,15.0,0.868483
7008.0,16.0,0.070234
7008.0,17.0,0.325263
7009.0,0.0,0.0
7009.0,1.0,0.560298
7009.0,2.0,0.42998
7009.0,3.0,0.388705
7009.0,4.0,0.401764
7009.0,5.0,0.469401
7009.0,6.0,0.430229
7009.0,7.0,0.446968
7009.0,8.0,0.360971
7009.0,9.0,0.213427
7009.0,10.0,0.0
7009.0,11.0,0.0
7009.0,12.0,1.0
7009.0,13.0,0.283365
7009.0,14.0,0.25901
7009.0,15.0,0.832561
7009.0,16.0,0.068289
7009.0,17.0,0.31709
7010.0,0.0,0.0
7010.0,1.0,0.521673
7010.0,2.0,0.424054
7010.0,3.0,0.365265
7010.0,4.0,0.374519
7010.0,5.0,0.467766
7010.0,6.0,0.4157
7010.0,7.0,0.386418
7010.0,8.0,0.313394
7010.0,9.0,0.211842
7010.0,10.0,0.0
7010.0,11.0,0.0
7010.0,12.0,1.0
7010.0,13.0,0.246709
7010.0,14.0,0.227134
7010.0,15.0,0.790677
7010.0,16.0,0.066191
7010.0,17.0,0.309087
8000.0,0.0,0.0
8000.0,1.0,0.518637
8000.0,2.0,0.426742
8000.0,3.0,0.364428
8000.0,4.0,0.37609
8000.0,5.0,0.460632
8000.0,6.0,0.428922
8000.0,7.0,0.3875
8000.0,8.0,0.313763
8000.0,9.0,0.200291
8000.0,10.0,0.0
8000.0,11.0,0.0
8000.0,12.0,1.0
8000.0,13.0,0.247682
8000.0,14.0,0.227354
8000.0,15.0,0.794887
8000.0,16.0,0.061884
8000.0,17.0,0.314315
8001.0,0.0,0.0
8001.0,1.0,0.577518
8001.0,2.0,0.435375
8001.0,3.0,0.398153
8001.0,4.0,0.41397
8001.0,5.0,0.46076
8001.0,6.0,0.447222
8001.0,7.0,0.478918
8001.0,8.0,0.387582
8001.0,9.0,0.203212
8001.0,10.0,0.0
8001.0,11.0,0.0
8001.0,12.0,1.0
8001.0,13.0,0.334408
8001.0,14.0,0.282593
8001.0,15.0,0.848457
8001.0,16.0,0.063986
8001.0,17.0,0.323954
8002.0,0.0,0.0
8002.0,1.0,0.62485
8002.0,2.0,0.441781
8002.0,3.0,0.429652
8002.0,4.0,0.449974
8002.0,5.0,0.460707
8002.0,6.0,0.463165
8002.0,7.0,0.55986
8002.0,8.0,0.455912
8002.0,9.0,0.205181
8002.0,10.0,0.0
8002.0,11.0,0.0
8002.0,12.0,1.0
8002.0,13.0,0.417645
8002.0,14.0,0.336833
8002.0,15.0,0.885632
8002.0,16.0,0.066561
8002.0,17.0,0.332771
8003.0,0.0,0.0
8003.0,1.0,0.662657
8003.0,2.0,0.449778
8003.0,3.0,0.458725
8003.0,4.0,0.484976
8003.0,5.0,0.461678
8003.0,6.0,0.479683
8003.0,7.0,0.62934
8003.0,8.0,0.518147
8003.0,9.0,0.206545
8003.0,10.0,0.0
8003.0,11.0,0.0
8003.0,12.0,1.0
8003.0,13.0,0.495378
8003.0,14.0,0.389799
8003.0,15.0,0.912091
8003.0,16.0,0.068901
8003.0,17.0,0.340696
8004.0,0.0,0.0
8004.0,1.0,0.694941
8004.0,2.0,0.457133
8004.0,3.0,0.487146
8004.0,4.0,0.519913
8004.0,5.0,0.463899
8004.0,6.0,0.49459
8004.0,7.0,0.689839
8004.0,8.0,0.575328
8004.0,9.0,0.208392
8004.0,10.0,0.0
8004.0,11.0,0.0
8004.0,12.0,1.0
8004.0,13.0,0.564153
8004.0,14.0,0.440307
8004.0,15.0,0.932109
8004.0,16.0,0.070955
8004.0,17.0,0.348817
8005.0,0.0,0.0
8005.0,1.0,0.72293
8005.0,2.0,0.463079
8005.0,3.0,0.513956
8005.0,4.0,0.553902
8005.0,5.0,0.466416
8005.0,6.0,0.508834
8005.0,7.0,0.740798
8005.0,8.0,0.628361
8005.0,9.0,0.209646
8005.0,10.0,0.0
8005.0,11.0,0.0
8005.0,12.0,1.0
8005.0,13.0,0.624097
8005.0,14.0,0.487738
8005.0,15.0,0.947313
8005.0,16.0,0.073575
8005.0,17.0,0.357113
8006.0,0.0,0.0
8006.0,1.0,0.681345
8006.0,2.0,0.455312
8006.0,3.0,0.476223
8006.0,4.0,0.508338
8006.0,5.0,0.46719
8006.0,6.0,0.490191
8006.0,7.0,0.660605
8006.0,8.0,0.546837
8006.0,9.0,0.207993
8006.0,10.0,0.0
8006.0,11.0,0.0
8006.0,12.0,1.0
8006.0,13.0,0.49179
8006.0,14.0,0.406138
8006.0,15.0,0.926971
8006.0,16.0,0.070898
8006.0,17.0,0.347714
8007.0,0.0,0.0
8007.0,1.0,0.640128
8007.0,2.0,0.448748
8007.0,3.0,0.444546
8007.0,4.0,0.468819
8007.0,5.0,0.467456
8007.0,6.0,0.472639
8007.0,7.0,0.584733
8007.0,8.0,0.475825
8007.0,9.0,0.2065
8007.0,10.0,0.0
8007.0,11.0,0.0
8007.0,12.0,1.0
8007.0,13.0,0.398094
8007.0,14.0,0.345125
8007.0,15.0,0.902814
8007.0,16.0,0.068174
8007.0,17.0,0.339132
8008.0,0.0,0.0
8008.0,1.0,0.599902
8008.0,2.0,0.441678
8008.0,3.0,0.415519
8008.0,4.0,0.433356
8008.0,5.0,0.467625
8008.0,6.0,0.456382
8008.0,7.0,0.51206
8008.0,8.0,0.414369
8008.0,9.0,0.204122
8008.0,10.0,0.0
8008.0,11.0,0.0
8008.0,12.0,1.0
8008.0,13.0,0.332466
8008.0,14.0,0.297153
8008.0,15.0,0.872489
8008.0,16.0,0.065788
8008.0,17.0,0.330632
8009.0,0.0,0.0
8009.0,1.0,0.560199
8009.0,2.0,0.435414
8009.0,3.0,0.389935
8009.0,4.0,0.402364
8009.0,5.0,0.465855
8009.0,6.0,0.441176
8009.0,7.0,0.445586
8009.0,8.0,0.359938
8009.0,9.0,0.202581
8009.0,10.0,0.0
8009.0,11.0,0.0
8009.0,12.0,1.0
8009.0,13.0,0.284112
8009.0,14.0,0.258632
8009.0,15.0,0.836878
8009.0,16.0,0.063774
8009.0,17.0,0.323115
8010.0,0.0,0.0
8010.0,1.0,0.52279
8010.0,2.0,0.429511
8010.0,3.0,0.366114
8010.0,4.0,0.375408
8010.0,5.0,0.462158
8010.0,6.0,0.42709
8010.0,7.0,0.384718
8010.0,8.0,0.311861
8010.0,9.0,0.201448
8010.0,10.0,0.0
8010.0,11.0,0.0
8010.0,12.0,1.0
8010.0,13.0,0.247549
8010.0,14.0,0.226615
8010.0,15.0,0.796119
8010.0,16.0,0.061679
8010.0,17.0,0.315369
9000.0,0.0,0.0
9000.0,1.0,0.522078
9000.0,2.0,0.42971
9000.0,3.0,0.368646
9000.0,4.0,0.375322
9000.0,5.0,0.476606
9000.0,6.0,0.425238
9000.0,7.0,0.385142
9000.0,8.0,0.311229
9000.0,9.0,0.17313
9000.0,10.0,0.0
9000.0,11.0,0.0
9000.0,12.0,1.0
9000.0,13.0,0.248877
9000.0,14.0,0.228615
9000.0,15.0,0.795814
9000.0,16.0,0.065519
9000.0,17.0,0.310595
9001.0,0.0,0.0
9001.0,1.0,0.579704
9001.0,2.0,0.436951
9001.0,3.0,0.402194
9001.0,4.0,0.412992
9001.0,5.0,0.476596
9001.0,6.0,0.443
9001.0,7.0,0.477586
9001.0,8.0,0.38568
9001.0,9.0,0.175172
9001.0,10.0,0.0
9001.0,11.0,0.0
9001.0,12.0,1.0
9001.0,13.0,0.33687
9001.0,14.0,0.28243
9001.0,15.0,0.849135
9001.0,16.0,0.067745
9001.0,17.0,0.320176
9002.0,0.0,0.0
9002.0,1.0,0.625344
9002.0,2.0,0.443264
9002.0,3.0,0.43341
9002.0,4.0,0.447206
9002.0,5.0,0.476762
9002.0,6.0,0.458757
9002.0,7.0,0.5593
9002.0,8.0,0.454948
9002.0,9.0,0.176887
9002.0,10.0,0.0
9002.0,11.0,0.0
9002.0,12.0,1.0
9002.0,13.0,0.421064
9002.0,14.0,0.333854
9002.0,15.0,0.88585
9002.0,16.0,0.069608
9002.0,17.0,0.329265
9003.0,0.0,0.0
9003.0,1.0,0.663503
9003.0,2.0,0.450432
9003.0,3.0,0.461351
9003.0,4.0,0.4817
9003.0,5.0,0.476018
9003.0,6.0,0.474359
9003.0,7.0,0.63016
9003.0,8.0,0.51881
9003.0,9.0,0.178618
9003.0,10.0,0.0
9003.0,11.0,0.0
9003.0,12.0,1.0
9003.0,13.0,0.498284
9003.0,14.0,0.386893
9003.0,15.0,0.911678
9003.0,16.0,0.071572
9003.0,17.0,0.337628
9004.0,0.0,0.0
9004.0,1.0,0.696369
9004.0,2.0,0.457105
9004.0,3.0,0.489557
9004.0,4.0,0.516294
9004.0,5.0,0.477205
9004.0,6.0,0.48906
9004.0,7.0,0.690589
9004.0,8.0,0.576507
9004.0,9.0,0.180051
9004.0,10.0,0.0
9004.0,11.0,0.0
9004.0,12.0,1.0
9004.0,13.0,0.566418
9004.0,14.0,0.43665
9004.0,15.0,0.931808
9004.0,16.0,0.074087
9004.0,17.0,0.346251
9005.0,0.0,0.0
9005.0,1.0,0.723689
9005.0,2.0,0.463774
9005.0,3.0,0.515514
9005.0,4.0,0.551135
9005.0,5.0,0.477842
9005.0,6.0,0.503398
9005.0,7.0,0.742454
9005.0,8.0,0.628422
9005.0,9.0,0.181603
9005.0,10.0,0.0
9005.0,11.0,0.0
9005.0,12.0,1.0
9005.0,13.0,0.625885
9005.0,14.0,0.483542
9005.0,15.0,0.946717
9005.0,16.0,0.076715
9005.0,17.0,0.35403
9006.0,0.0,0.0
9006.0,1.0,0.68127
9006.0,2.0,0.454932
9006.0,3.0,0.47945
9006.0,4.0,0.504857
9006.0,5.0,0.480189
9006.0,6.0,0.485125
9006.0,7.0,0.662576
9006.0,8.0,0.546881
9006.0,9.0,0.180031
9006.0,10.0,0.0
9006.0,11.0,0.0
9006.0,12.0,1.0
9006.0,13.0,0.492864
9006.0,14.0,0.404062
9006.0,15.0,0.925687
9006.0,16.0,0.073774
9006.0,17.0,0.344194
9007.0,0.0,0.0
9007.0,1.0,0.640198
9007.0,2.0,0.44795
9007.0,3.0,0.447467
9007.0,4.0,0.464784
9007.0,5.0,0.481944
9007.0,6.0,0.468046
9007.0,7.0,0.585855
9007.0,8.0,0.475888
9007.0,9.0,0.178218
9007.0,10.0,0.0
9007.0,11.0,0.0
9007.0,12.0,1.0
9007.0,13.0,0.400424
9007.0,14.0,0.344161
9007.0,15.0,0.900892
9007.0,16.0,0.071114
9007.0,17.0,0.335087
9008.0,0.0,0.0
9008.0,1.0,0.600097
9008.0,2.0,0.441779
9008.0,3.0,0.418309
9008.0,4.0,0.430105
9008.0,5.0,0.481818
9008.0,6.0,0.452672
9008.0,7.0,0.513187
9008.0,8.0,0.413723
9008.0,9.0,0.176441
9008.0,10.0,0.0
9008.0,11.0,0.0
9008.0,12.0,1.0
9008.0,13.0,0.334706
9008.0,14.0,0.296804
9008.0,15.0,0.870824
9008.0,16.0,0.068473
9008.0,17.0,0.328251
9009.0,0.0,0.0
9009.0,1.0,0.561388
9009.0,2.0,0.435358
9009.0,3.0,0.392404
9009.0,4.0,0.399053
9009.0,5.0,0.481526
9009.0,6.0,0.437619
9009.0,7.0,0.446096
9009.0,8.0,0.35869
9009.0,9.0,0.174935
9009.0,10.0,0.0
9009.0,11.0,0.0
9009.0,12.0,1.0
9009.0,13.0,0.285882
9009.0,14.0,0.258408
9009.0,15.0,0.835049
9009.0,16.0,0.066007
9009.0,17.0,0.320557
9010.0,0.0,0.0
9010.0,1.0,0.522928
9010.0,2.0,0.429663
9010.0,3.0,0.369072
9010.0,4.0,0.372369
9010.0,5.0,0.481417
9010.0,6.0,0.422725
9010.0,7.0,0.386464
9010.0,8.0,0.310039
9010.0,9.0,0.173998
9010.0,10.0,0.0
9010.0,11.0,0.0
9010.0,12.0,1.0
9010.0,13.0,0.249529
9010.0,14.0,0.226924
9010.0,15.0,0.794149
9010.0,16.0,0.064525
9010.0,17.0,0.31291
10000.0,0.0,0.0
10000.0,1.0,0.522449
10000.0,2.0,0.422928
10000.0,3.0,0.367333
10000.0,4.0,0.377313
10000.0,5.0,0.470207
10000.0,6.0,0.423604
10000.0,7.0,0.385945
10000.0,8.0,0.311421
10000.0,9.0,0.189285
10000.0,10.0,0.0
10000.0,11.0,0.0
10000.0,12.0,1.0
10000.0,13.0,0.248993
10000.0,14.0,0.228486
10000.0,15.0,0.79583
10000.0,16.0,0.062242
10000.0,17.0,0.316147
10001.0,0.0,0.0
10001.0,1.0,0.579694
10001.0,2.0,0.430948
10001.0,3.0,0.400788
10001.0,4.0,0.414797
10001.0,5.0,0.469659
10001.0,6.0,0.441692
10001.0,7.0,0.477771
10001.0,8.0,0.385674
10001.0,9.0,0.190061
10001.0,10.0,0.0
10001.0,11.0,0.0
10001.0,12.0,1.0
10001.0,13.0,0.335705
10001.0,14.0,0.284363
10001.0,15.0,0.84923
10001.0,16.0,0.064542
10001.0,17.0,0.325479
10002.0,0.0,0.0
10002.0,1.0,0.626378
10002.0,2.0,0.436762
10002.0,3.0,0.431427
10002.0,4.0,0.450723
10002.0,5.0,0.469564
10002.0,6.0,0.457985
10002.0,7.0,0.558043
10002.0,8.0,0.452707
10002.0,9.0,0.191392
10002.0,10.0,0.0
10002.0,11.0,0.0
10002.0,12.0,1.0
10002.0,13.0,0.419025
10002.0,14.0,0.338878
10002.0,15.0,0.885447
10002.0,16.0,0.066741
10002.0,17.0,0.334003
10003.0,0.0,0.0
10003.0,1.0,0.664642
10003.0,2.0,0.44294
10003.0,3.0,0.460452
10003.0,4.0,0.485742
10003.0,5.0,0.469919
10003.0,6.0,0.473425
10003.0,7.0,0.627709
10003.0,8.0,0.514951
10003.0,9.0,0.193579
10003.0,10.0,0.0
10003.0,11.0,0.0
10003.0,12.0,1.0
10003.0,13.0,0.496808
10003.0,14.0,0.390975
10003.0,15.0,0.911822
10003.0,16.0,0.068874
10003.0,17.0,0.342989
10004.0,0.0,0.0
10004.0,1.0,0.696719
10004.0,2.0,0.448775
10004.0,3.0,0.487935
10004.0,4.0,0.520235
10004.0,5.0,0.469778
10004.0,6.0,0.488721
10004.0,7.0,0.687069
10004.0,8.0,0.572485
10004.0,9.0,0.195291
10004.0,10.0,0.0
10004.0,11.0,0.0
10004.0,12.0,1.0
10004.0,13.0,0.566585
10004.0,14.0,0.441299
10004.0,15.0,0.931663
10004.0,16.0,0.071475
10004.0,17.0,0.351353
10005.0,0.0,0.0
10005.0,1.0,0.723349
10005.0,2.0,0.455629
10005.0,3.0,0.513588
10005.0,4.0,0.554634
10005.0,5.0,0.470687
10005.0,6.0,0.503737
10005.0,7.0,0.738818
10005.0,8.0,0.624625
10005.0,9.0,0.19751
10005.0,10.0,0.0
10005.0,11.0,0.0
10005.0,12.0,1.0
10005.0,13.0,0.625848
10005.0,14.0,0.488464
10005.0,15.0,0.946892
10005.0,16.0,0.073704
10005.0,17.0,0.359027
10006.0,0.0,0.0
10006.0,1.0,0.68134
10006.0,2.0,0.448138
10006.0,3.0,0.478407
10006.0,4.0,0.509165
10006.0,5.0,0.473658
10006.0,6.0,0.485418
10006.0,7.0,0.659791
10006.0,8.0,0.544424
10006.0,9.0,0.196418
10006.0,10.0,0.0
10006.0,11.0,0.0
10006.0,12.0,1.0
10006.0,13.0,0.493162
10006.0,14.0,0.407725
10006.0,15.0,0.926112
10006.0,16.0,0.070765
10006.0,17.0,0.349922
10007.0,0.0,0.0
10007.0,1.0,0.640335
10007.0,2.0,0.440635
10007.0,3.0,0.446714
10007.0,4.0,0.469883
10007.0,5.0,0.475013
10007.0,6.0,0.468107
10007.0,7.0,0.583335
10007.0,8.0,0.475722
10007.0,9.0,0.19438
10007.0,10.0,0.0
10007.0,11.0,0.0
10007.0,12.0,1.0
10007.0,13.0,0.399221
10007.0,14.0,0.345792
10007.0,15.0,0.901245
10007.0,16.0,0.068105
10007.0,17.0,0.341791
10008.0,0.0,0.0
10008.0,1.0,0.59937
10008.0,2.0,0.434779
10008.0,3.0,0.417986
10008.0,4.0,0.435122
10008.0,5.0,0.475742
10008.0,6.0,0.451411
10008.0,7.0,0.511379
10008.0,8.0,0.415009
10008.0,9.0,0.192548
10008.0,10.0,0.0
10008.0,11.0,0.0
10008.0,12.0,1.0
10008.0,13.0,0.333528
10008.0,14.0,0.297677
10008.0,15.0,0.870801
10008.0,16.0,0.065881
10008.0,17.0,0.33298
10009.0,0.0,0.0
10009.0,1.0,0.558073
10009.0,2.0,0.42817
10009.0,3.0,0.392798
10009.0,4.0,0.404451
10009.0,5.0,0.475622
10009.0,6.0,0.4369
10009.0,7.0,0.445582
10009.0,8.0,0.361254
10009.0,9.0,0.190699
10009.0,10.0,0.0
10009.0,11.0,0.0
10009.0,12.0,1.0
10009.0,13.0,0.285488
10009.0,14.0,0.259124
10009.0,15.0,0.834933
10009.0,16.0,0.06377
10009.0,17.0,0.325222
10010.0,0.0,0.0
10010.0,1.0,0.520719
10010.0,2.0,0.42245
10010.0,3.0,0.369219
10010.0,4.0,0.376034
10010.0,5.0,0.473826
10010.0,6.0,0.422829
10010.0,7.0,0.385523
10010.0,8.0,0.313223
10010.0,9.0,0.189465
10010.0,10.0,0.0
10010.0,11.0,0.0
10010.0,12.0,1.0
10010.0,13.0,0.24865
10010.0,14.0,0.227027
10010.0,15.0,0.793837
10010.0,16.0,0.061755
10010.0,17.0,0.317292
