FREQUENCIES 
Gen,mut_id,mut_freq
1.0,0.0,0.5
1.0,1.0,0.5
1.0,2.0,0.5
1.0,3.0,0.5
1.0,4.0,0.5
1.0,5.0,0.5
1.0,6.0,0.5
1.0,7.0,0.5
1.0,8.0,0.5
1.0,9.0,0.5
1.0,10.0,0.5
1.0,11.0,0.5
1.0,12.0,0.5
1.0,13.0,0.5
1.0,14.0,0.5
1.0,15.0,0.5
1.0,16.0,0.5
1.0,17.0,0.5
1000.0,0.0,0.37525
1000.0,1.0,0.66386
1000.0,2.0,0.585424
1000.0,3.0,0.429223
1000.0,4.0,0.319107
1000.0,5.0,0.128274
1000.0,6.0,0.391403
1000.0,7.0,0.038833
1000.0,8.0,0.741061
1000.0,9.0,1.0
1000.0,10.0,0.587309
1000.0,11.0,0.350815
1000.0,12.0,0.525495
1000.0,13.0,0.136804
1000.0,14.0,0.134831
1000.0,15.0,0.366333
1000.0,16.0,0.0
1000.0,17.0,0.87184
1001.0,0.0,0.380217
1001.0,1.0,0.668786
1001.0,2.0,0.603191
1001.0,3.0,0.439941
1001.0,4.0,0.56917
1001.0,5.0,0.133204
1001.0,6.0,0.403081
1001.0,7.0,0.056748
1001.0,8.0,0.754078
1001.0,9.0,1.0
1001.0,10.0,0.616017
1001.0,11.0,0.38751
1001.0,12.0,0.603758
1001.0,13.0,0.171409
1001.0,14.0,0.151898
1001.0,15.0,0.404316
1001.0,16.0,0.0
1001.0,17.0,0.875934
1002.0,0.0,0.385548
1002.0,1.0,0.673458
1002.0,2.0,0.619367
1002.0,3.0,0.449592
1002.0,4.0,0.700901
1002.0,5.0,0.137425
1002.0,6.0,0.414301
1002.0,7.0,0.080637
1002.0,8.0,0.764898
1002.0,9.0,1.0
1002.0,10.0,0.642487
1002.0,11.0,0.424446
1002.0,12.0,0.674113
1002.0,13.0,0.210074
1002.0,14.0,0.168977
1002.0,15.0,0.441205
1002.0,16.0,0.0
1002.0,17.0,0.885316
1003.0,0.0,0.389919
1003.0,1.0,0.67817
1003.0,2.0,0.634908
1003.0,3.0,0.458619
1003.0,4.0,0.777741
1003.0,5.0,0.141964
1003.0,6.0,0.425629
1003.0,7.0,0.113141
1003.0,8.0,0.775036
1003.0,9.0,1.0
1003.0,10.0,0.666058
1003.0,11.0,0.46092
1003.0,12.0,0.738247
1003.0,13.0,0.255952
1003.0,14.0,0.186845
1003.0,15.0,0.477014
1003.0,16.0,0.0
1003.0,17.0,0.8959
1004.0,0.0,0.394438
1004.0,1.0,0.682644
1004.0,2.0,0.649018
1004.0,3.0,0.469081
1004.0,4.0,0.82743
1004.0,5.0,0.146264
1004.0,6.0,0.435957
1004.0,7.0,0.154916
1004.0,8.0,0.784366
1004.0,9.0,1.0
1004.0,10.0,0.687635
1004.0,11.0,0.497627
1004.0,12.0,0.792809
1004.0,13.0,0.30879
1004.0,14.0,0.205893
1004.0,15.0,0.509481
1004.0,16.0,0.0
1004.0,17.0,0.906327
1005.0,0.0,0.398746
1005.0,1.0,0.687585
1005.0,2.0,0.662549
1005.0,3.0,0.47787
1005.0,4.0,0.861569
1005.0,5.0,0.150407
1005.0,6.0,0.445618
1005.0,7.0,0.20566
1005.0,8.0,0.792631
1005.0,9.0,1.0
1005.0,10.0,0.707844
1005.0,11.0,0.532656
1005.0,12.0,0.838101
1005.0,13.0,0.367252
1005.0,14.0,0.224993
1005.0,15.0,0.541307
1005.0,16.0,0.0
1005.0,17.0,0.915891
1006.0,0.0,0.392315
1006.0,1.0,0.680624
1006.0,2.0,0.645678
1006.0,3.0,0.465505
1006.0,4.0,0.746964
1006.0,5.0,0.144675
1006.0,6.0,0.432479
1006.0,7.0,0.142768
1006.0,8.0,0.782147
1006.0,9.0,1.0
1006.0,10.0,0.680664
1006.0,11.0,0.487484
1006.0,12.0,0.777131
1006.0,13.0,0.295485
1006.0,14.0,0.200069
1006.0,15.0,0.495801
1006.0,16.0,0.0
1006.0,17.0,0.906365
1007.0,0.0,0.386746
1007.0,1.0,0.67462
1007.0,2.0,0.630268
1007.0,3.0,0.454741
1007.0,4.0,0.616663
1007.0,5.0,0.139684
1007.0,6.0,0.420793
1007.0,7.0,0.101537
1007.0,8.0,0.772451
1007.0,9.0,1.0
1007.0,10.0,0.655921
1007.0,11.0,0.445472
1007.0,12.0,0.712413
1007.0,13.0,0.242396
1007.0,14.0,0.180429
1007.0,15.0,0.456586
1007.0,16.0,0.0
1007.0,17.0,0.898026
1008.0,0.0,0.382282
1008.0,1.0,0.669409
1008.0,2.0,0.615162
1008.0,3.0,0.444994
1008.0,4.0,0.495714
1008.0,5.0,0.136057
1008.0,6.0,0.409157
1008.0,7.0,0.073425
1008.0,8.0,0.763466
1008.0,9.0,1.0
1008.0,10.0,0.633219
1008.0,11.0,0.409865
1008.0,12.0,0.646845
1008.0,13.0,0.198954
1008.0,14.0,0.1632
1008.0,15.0,0.423705
1008.0,16.0,0.0
1008.0,17.0,0.890055
1009.0,0.0,0.377724
1009.0,1.0,0.663553
1009.0,2.0,0.599544
1009.0,3.0,0.435724
1009.0,4.0,0.396323
1009.0,5.0,0.132411
1009.0,6.0,0.398277
1009.0,7.0,0.053899
1009.0,8.0,0.753959
1009.0,9.0,1.0
1009.0,10.0,0.611095
1009.0,11.0,0.377178
1009.0,12.0,0.584298
1009.0,13.0,0.165105
1009.0,14.0,0.148295
1009.0,15.0,0.394072
1009.0,16.0,0.0
1009.0,17.0,0.881534
1010.0,0.0,0.373596
1010.0,1.0,0.65854
1010.0,2.0,0.585218
1010.0,3.0,0.4277
1010.0,4.0,0.318762
1010.0,5.0,0.1295
1010.0,6.0,0.387919
1010.0,7.0,0.039716
1010.0,8.0,0.743991
1010.0,9.0,1.0
1010.0,10.0,0.589439
1010.0,11.0,0.347706
1010.0,12.0,0.52583
1010.0,13.0,0.137237
1010.0,14.0,0.134522
1010.0,15.0,0.366773
1010.0,16.0,0.0
1010.0,17.0,0.871821
2000.0,0.0,0.362698
2000.0,1.0,0.663756
2000.0,2.0,0.600956
2000.0,3.0,0.432754
2000.0,4.0,0.319672
2000.0,5.0,0.124772
2000.0,6.0,0.391331
2000.0,7.0,0.037517
2000.0,8.0,0.737725
2000.0,9.0,1.0
2000.0,10.0,0.596594
2000.0,11.0,0.357681
2000.0,12.0,0.523705
2000.0,13.0,0.136933
2000.0,14.0,0.13475
2000.0,15.0,0.366999
2000.0,16.0,0.0
2000.0,17.0,0.868175
2001.0,0.0,0.368505
2001.0,1.0,0.66832
2001.0,2.0,0.617326
2001.0,3.0,0.444836
2001.0,4.0,0.56942
2001.0,5.0,0.128769
2001.0,6.0,0.402693
2001.0,7.0,0.054006
2001.0,8.0,0.74995
2001.0,9.0,1.0
2001.0,10.0,0.623731
2001.0,11.0,0.39512
2001.0,12.0,0.600033
2001.0,13.0,0.170269
2001.0,14.0,0.151046
2001.0,15.0,0.40648
2001.0,16.0,0.0
2001.0,17.0,0.871121
2002.0,0.0,0.373427
2002.0,1.0,0.67386
2002.0,2.0,0.631898
2002.0,3.0,0.456051
2002.0,4.0,0.701343
2002.0,5.0,0.132511
2002.0,6.0,0.414177
2002.0,7.0,0.076939
2002.0,8.0,0.760278
2002.0,9.0,1.0
2002.0,10.0,0.648114
2002.0,11.0,0.432705
2002.0,12.0,0.672031
2002.0,13.0,0.209892
2002.0,14.0,0.168096
2002.0,15.0,0.442643
2002.0,16.0,0.0
2002.0,17.0,0.880338
2003.0,0.0,0.378067
2003.0,1.0,0.679124
2003.0,2.0,0.64672
2003.0,3.0,0.466631
2003.0,4.0,0.777618
2003.0,5.0,0.135677
2003.0,6.0,0.425659
2003.0,7.0,0.107206
2003.0,8.0,0.771096
2003.0,9.0,1.0
2003.0,10.0,0.671963
2003.0,11.0,0.470125
2003.0,12.0,0.736397
2003.0,13.0,0.255185
2003.0,14.0,0.186182
2003.0,15.0,0.477819
2003.0,16.0,0.0
2003.0,17.0,0.891502
2004.0,0.0,0.38211
2004.0,1.0,0.683195
2004.0,2.0,0.660685
2004.0,3.0,0.475398
2004.0,4.0,0.826702
2004.0,5.0,0.140305
2004.0,6.0,0.436705
2004.0,7.0,0.146359
2004.0,8.0,0.780195
2004.0,9.0,1.0
2004.0,10.0,0.693291
2004.0,11.0,0.506238
2004.0,12.0,0.791109
2004.0,13.0,0.306571
2004.0,14.0,0.205166
2004.0,15.0,0.510993
2004.0,16.0,0.0
2004.0,17.0,0.901883
2005.0,0.0,0.385791
2005.0,1.0,0.688131
2005.0,2.0,0.674529
2005.0,3.0,0.484097
2005.0,4.0,0.861187
2005.0,5.0,0.144533
2005.0,6.0,0.447501
2005.0,7.0,0.195018
2005.0,8.0,0.788699
2005.0,9.0,1.0
2005.0,10.0,0.713056
2005.0,11.0,0.540578
2005.0,12.0,0.837173
2005.0,13.0,0.364081
2005.0,14.0,0.224552
2005.0,15.0,0.542295
2005.0,16.0,0.0
2005.0,17.0,0.91164
2006.0,0.0,0.379962
2006.0,1.0,0.681342
2006.0,2.0,0.658331
2006.0,3.0,0.473222
2006.0,4.0,0.746409
2006.0,5.0,0.140288
2006.0,6.0,0.433723
2006.0,7.0,0.135156
2006.0,8.0,0.778477
2006.0,9.0,1.0
2006.0,10.0,0.685667
2006.0,11.0,0.49529
2006.0,12.0,0.775261
2006.0,13.0,0.292142
2006.0,14.0,0.200677
2006.0,15.0,0.49646
2006.0,16.0,0.0
2006.0,17.0,0.902893
2007.0,0.0,0.37593
2007.0,1.0,0.675598
2007.0,2.0,0.642864
2007.0,3.0,0.463117
2007.0,4.0,0.616794
2007.0,5.0,0.136446
2007.0,6.0,0.421676
2007.0,7.0,0.096312
2007.0,8.0,0.768758
2007.0,9.0,1.0
2007.0,10.0,0.661353
2007.0,11.0,0.456322
2007.0,12.0,0.710947
2007.0,13.0,0.238883
2007.0,14.0,0.180621
2007.0,15.0,0.458052
2007.0,16.0,0.0
2007.0,17.0,0.894802
2008.0,0.0,0.370242
2008.0,1.0,0.670745
2008.0,2.0,0.628776
2008.0,3.0,0.453501
2008.0,4.0,0.495476
2008.0,5.0,0.132873
2008.0,6.0,0.410684
2008.0,7.0,0.069971
2008.0,8.0,0.759159
2008.0,9.0,1.0
2008.0,10.0,0.638732
2008.0,11.0,0.420694
2008.0,12.0,0.645932
2008.0,13.0,0.196453
2008.0,14.0,0.163071
2008.0,15.0,0.425242
2008.0,16.0,0.0
2008.0,17.0,0.886299
2009.0,0.0,0.366486
2009.0,1.0,0.666122
2009.0,2.0,0.61393
2009.0,3.0,0.444925
2009.0,4.0,0.396918
2009.0,5.0,0.129398
2009.0,6.0,0.400168
2009.0,7.0,0.050964
2009.0,8.0,0.750684
2009.0,9.0,1.0
2009.0,10.0,0.61767
2009.0,11.0,0.388057
2009.0,12.0,0.582922
2009.0,13.0,0.162693
2009.0,14.0,0.147339
2009.0,15.0,0.394469
2009.0,16.0,0.0
2009.0,17.0,0.877194
2010.0,0.0,0.362524
2010.0,1.0,0.66108
2010.0,2.0,0.59927
2010.0,3.0,0.435563
2010.0,4.0,0.318964
2010.0,5.0,0.126345
2010.0,6.0,0.391016
2010.0,7.0,0.037361
2010.0,8.0,0.740842
2010.0,9.0,1.0
2010.0,10.0,0.596127
2010.0,11.0,0.358539
2010.0,12.0,0.523419
2010.0,13.0,0.134449
2010.0,14.0,0.13354
2010.0,15.0,0.367354
2010.0,16.0,0.0
2010.0,17.0,0.867511
3000.0,0.0,0.366497
3000.0,1.0,0.666911
3000.0,2.0,0.602181
3000.0,3.0,0.419994
3000.0,4.0,0.317784
3000.0,5.0,0.12817
3000.0,6.0,0.392339
3000.0,7.0,0.037635
3000.0,8.0,0.739954
3000.0,9.0,1.0
3000.0,10.0,0.593519
3000.0,11.0,0.349858
3000.0,12.0,0.528181
3000.0,13.0,0.137738
3000.0,14.0,0.134756
3000.0,15.0,0.368218
3000.0,16.0,0.0
3000.0,17.0,0.872379
3001.0,0.0,0.371606
3001.0,1.0,0.67358
3001.0,2.0,0.61722
3001.0,3.0,0.430724
3001.0,4.0,0.568661
3001.0,5.0,0.131541
3001.0,6.0,0.403901
3001.0,7.0,0.054235
3001.0,8.0,0.752494
3001.0,9.0,1.0
3001.0,10.0,0.622089
3001.0,11.0,0.387996
3001.0,12.0,0.606377
3001.0,13.0,0.171877
3001.0,14.0,0.150803
3001.0,15.0,0.406644
3001.0,16.0,0.0
3001.0,17.0,0.87449
3002.0,0.0,0.375764
3002.0,1.0,0.678352
3002.0,2.0,0.632971
3002.0,3.0,0.441296
3002.0,4.0,0.70068
3002.0,5.0,0.135557
3002.0,6.0,0.416501
3002.0,7.0,0.076545
3002.0,8.0,0.76318
3002.0,9.0,1.0
3002.0,10.0,0.647346
3002.0,11.0,0.424825
3002.0,12.0,0.677803
3002.0,13.0,0.2123
3002.0,14.0,0.168326
3002.0,15.0,0.443573
3002.0,16.0,0.0
3002.0,17.0,0.883296
3003.0,0.0,0.37953
3003.0,1.0,0.683188
3003.0,2.0,0.648387
3003.0,3.0,0.450988
3003.0,4.0,0.777113
3003.0,5.0,0.138721
3003.0,6.0,0.427706
3003.0,7.0,0.107037
3003.0,8.0,0.772627
3003.0,9.0,1.0
3003.0,10.0,0.671263
3003.0,11.0,0.461695
3003.0,12.0,0.741982
3003.0,13.0,0.259786
3003.0,14.0,0.185772
3003.0,15.0,0.479241
3003.0,16.0,0.0
3003.0,17.0,0.893833
3004.0,0.0,0.384469
3004.0,1.0,0.688228
3004.0,2.0,0.662877
3004.0,3.0,0.460921
3004.0,4.0,0.827762
3004.0,5.0,0.142893
3004.0,6.0,0.438821
3004.0,7.0,0.146574
3004.0,8.0,0.781755
3004.0,9.0,1.0
3004.0,10.0,0.693623
3004.0,11.0,0.499195
3004.0,12.0,0.796414
3004.0,13.0,0.313104
3004.0,14.0,0.203209
3004.0,15.0,0.512051
3004.0,16.0,0.0
3004.0,17.0,0.904367
3005.0,0.0,0.389053
3005.0,1.0,0.693461
3005.0,2.0,0.67631
3005.0,3.0,0.470042
3005.0,4.0,0.862371
3005.0,5.0,0.146535
3005.0,6.0,0.448215
3005.0,7.0,0.19574
3005.0,8.0,0.789823
3005.0,9.0,1.0
3005.0,10.0,0.714222
3005.0,11.0,0.533207
3005.0,12.0,0.841156
3005.0,13.0,0.372413
3005.0,14.0,0.220427
3005.0,15.0,0.542839
3005.0,16.0,0.0
3005.0,17.0,0.914133
3006.0,0.0,0.384265
3006.0,1.0,0.687889
3006.0,2.0,0.66024
3006.0,3.0,0.458362
3006.0,4.0,0.748438
3006.0,5.0,0.140975
3006.0,6.0,0.435704
3006.0,7.0,0.135073
3006.0,8.0,0.779652
3006.0,9.0,1.0
3006.0,10.0,0.686283
3006.0,11.0,0.487266
3006.0,12.0,0.779894
3006.0,13.0,0.299098
3006.0,14.0,0.196535
3006.0,15.0,0.497012
3006.0,16.0,0.0
3006.0,17.0,0.904677
3007.0,0.0,0.379397
3007.0,1.0,0.68241
3007.0,2.0,0.6459
3007.0,3.0,0.448575
3007.0,4.0,0.617955
3007.0,5.0,0.136959
3007.0,6.0,0.42424
3007.0,7.0,0.096114
3007.0,8.0,0.769589
3007.0,9.0,1.0
3007.0,10.0,0.660513
3007.0,11.0,0.448868
3007.0,12.0,0.714968
3007.0,13.0,0.243775
3007.0,14.0,0.177436
3007.0,15.0,0.457733
3007.0,16.0,0.0
3007.0,17.0,0.896426
3008.0,0.0,0.375489
3008.0,1.0,0.676887
3008.0,2.0,0.630689
3008.0,3.0,0.438972
3008.0,4.0,0.497402
3008.0,5.0,0.133103
3008.0,6.0,0.414025
3008.0,7.0,0.069401
3008.0,8.0,0.759412
3008.0,9.0,1.0
3008.0,10.0,0.637496
3008.0,11.0,0.413786
3008.0,12.0,0.650866
3008.0,13.0,0.200296
3008.0,14.0,0.161091
3008.0,15.0,0.42414
3008.0,16.0,0.0
3008.0,17.0,0.888696
3009.0,0.0,0.371025
3009.0,1.0,0.672447
3009.0,2.0,0.615906
3009.0,3.0,0.429548
3009.0,4.0,0.396803
3009.0,5.0,0.129901
3009.0,6.0,0.403779
3009.0,7.0,0.050176
3009.0,8.0,0.750301
3009.0,9.0,1.0
3009.0,10.0,0.614956
3009.0,11.0,0.382702
3009.0,12.0,0.587871
3009.0,13.0,0.164405
3009.0,14.0,0.147001
3009.0,15.0,0.39355
3009.0,16.0,0.0
3009.0,17.0,0.880271
3010.0,0.0,0.366336
3010.0,1.0,0.668595
3010.0,2.0,0.60245
3010.0,3.0,0.420749
3010.0,4.0,0.318694
3010.0,5.0,0.126326
3010.0,6.0,0.39385
3010.0,7.0,0.036487
3010.0,8.0,0.742042
3010.0,9.0,1.0
3010.0,10.0,0.592917
3010.0,11.0,0.353116
3010.0,12.0,0.527458
3010.0,13.0,0.136224
3010.0,14.0,0.133991
3010.0,15.0,0.367229
3010.0,16.0,0.0
3010.0,17.0,0.87025
4000.0,0.0,0.366469
4000.0,1.0,0.673597
4000.0,2.0,0.609648
4000.0,3.0,0.429485
4000.0,4.0,0.318548
4000.0,5.0,0.117592
4000.0,6.0,0.396418
4000.0,7.0,0.037189
4000.0,8.0,0.742913
4000.0,9.0,1.0
4000.0,10.0,0.594791
4000.0,11.0,0.351231
4000.0,12.0,0.524684
4000.0,13.0,0.135353
4000.0,14.0,0.131196
4000.0,15.0,0.366323
4000.0,16.0,0.0
4000.0,17.0,0.868192
4001.0,0.0,0.371893
4001.0,1.0,0.679183
4001.0,2.0,0.626419
4001.0,3.0,0.43908
4001.0,4.0,0.568934
4001.0,5.0,0.121244
4001.0,6.0,0.407904
4001.0,7.0,0.053493
4001.0,8.0,0.754731
4001.0,9.0,1.0
4001.0,10.0,0.622994
4001.0,11.0,0.387238
4001.0,12.0,0.60196
4001.0,13.0,0.169552
4001.0,14.0,0.147366
4001.0,15.0,0.405695
4001.0,16.0,0.0
4001.0,17.0,0.872824
4002.0,0.0,0.377915
4002.0,1.0,0.683416
4002.0,2.0,0.642038
4002.0,3.0,0.448812
4002.0,4.0,0.700439
4002.0,5.0,0.12483
4002.0,6.0,0.419685
4002.0,7.0,0.075653
4002.0,8.0,0.76682
4002.0,9.0,1.0
4002.0,10.0,0.647443
4002.0,11.0,0.424435
4002.0,12.0,0.673935
4002.0,13.0,0.21042
4002.0,14.0,0.163851
4002.0,15.0,0.44144
4002.0,16.0,0.0
4002.0,17.0,0.881807
4003.0,0.0,0.380971
4003.0,1.0,0.687792
4003.0,2.0,0.655532
4003.0,3.0,0.45804
4003.0,4.0,0.777393
4003.0,5.0,0.128393
4003.0,6.0,0.430642
4003.0,7.0,0.105165
4003.0,8.0,0.776421
4003.0,9.0,1.0
4003.0,10.0,0.670174
4003.0,11.0,0.46111
4003.0,12.0,0.738726
4003.0,13.0,0.256747
4003.0,14.0,0.182495
4003.0,15.0,0.476346
4003.0,16.0,0.0
4003.0,17.0,0.892564
4004.0,0.0,0.385915
4004.0,1.0,0.69188
4004.0,2.0,0.66916
4004.0,3.0,0.46758
4004.0,4.0,0.826936
4004.0,5.0,0.131889
4004.0,6.0,0.441551
4004.0,7.0,0.144431
4004.0,8.0,0.785656
4004.0,9.0,1.0
4004.0,10.0,0.69172
4004.0,11.0,0.496131
4004.0,12.0,0.793937
4004.0,13.0,0.309369
4004.0,14.0,0.201728
4004.0,15.0,0.51032
4004.0,16.0,0.0
4004.0,17.0,0.903066
4005.0,0.0,0.390215
4005.0,1.0,0.696547
4005.0,2.0,0.682856
4005.0,3.0,0.476663
4005.0,4.0,0.860955
4005.0,5.0,0.135361
4005.0,6.0,0.451635
4005.0,7.0,0.193318
4005.0,8.0,0.793521
4005.0,9.0,1.0
4005.0,10.0,0.711902
4005.0,11.0,0.530789
4005.0,12.0,0.839019
4005.0,13.0,0.367347
4005.0,14.0,0.221245
4005.0,15.0,0.541409
4005.0,16.0,0.0
4005.0,17.0,0.9127
4006.0,0.0,0.383754
4006.0,1.0,0.690382
4006.0,2.0,0.665243
4006.0,3.0,0.466007
4006.0,4.0,0.745726
4006.0,5.0,0.130924
4006.0,6.0,0.438052
4006.0,7.0,0.133711
4006.0,8.0,0.782308
4006.0,9.0,1.0
4006.0,10.0,0.683448
4006.0,11.0,0.485264
4006.0,12.0,0.777364
4006.0,13.0,0.295648
4006.0,14.0,0.195927
4006.0,15.0,0.495299
4006.0,16.0,0.0
4006.0,17.0,0.903249
4007.0,0.0,0.378365
4007.0,1.0,0.684857
4007.0,2.0,0.649819
4007.0,3.0,0.456206
4007.0,4.0,0.615408
4007.0,5.0,0.127342
4007.0,6.0,0.425916
4007.0,7.0,0.095277
4007.0,8.0,0.77242
4007.0,9.0,1.0
4007.0,10.0,0.659526
4007.0,11.0,0.446105
4007.0,12.0,0.712941
4007.0,13.0,0.242154
4007.0,14.0,0.175568
4007.0,15.0,0.456267
4007.0,16.0,0.0
4007.0,17.0,0.895273
4008.0,0.0,0.373528
4008.0,1.0,0.680424
4008.0,2.0,0.63549
4008.0,3.0,0.447134
4008.0,4.0,0.495298
4008.0,5.0,0.123711
4008.0,6.0,0.415285
4008.0,7.0,0.0686
4008.0,8.0,0.762652
4008.0,9.0,1.0
4008.0,10.0,0.635498
4008.0,11.0,0.411735
4008.0,12.0,0.648147
4008.0,13.0,0.199578
4008.0,14.0,0.158122
4008.0,15.0,0.422622
4008.0,16.0,0.0
4008.0,17.0,0.887008
4009.0,0.0,0.368785
4009.0,1.0,0.675031
4009.0,2.0,0.621627
4009.0,3.0,0.439256
4009.0,4.0,0.395244
4009.0,5.0,0.119885
4009.0,6.0,0.405146
4009.0,7.0,0.049674
4009.0,8.0,0.75364
4009.0,9.0,1.0
4009.0,10.0,0.612689
4009.0,11.0,0.380355
4009.0,12.0,0.585517
4009.0,13.0,0.165078
4009.0,14.0,0.143039
4009.0,15.0,0.392426
4009.0,16.0,0.0
4009.0,17.0,0.877257
4010.0,0.0,0.365487
4010.0,1.0,0.670271
4010.0,2.0,0.607962
4010.0,3.0,0.42949
4010.0,4.0,0.317458
4010.0,5.0,0.116327
4010.0,6.0,0.394423
4010.0,7.0,0.03578
4010.0,8.0,0.744855
4010.0,9.0,1.0
4010.0,10.0,0.591428
4010.0,11.0,0.350918
4010.0,12.0,0.525769
4010.0,13.0,0.137556
4010.0,14.0,0.130009
4010.0,15.0,0.365438
4010.0,16.0,0.0
4010.0,17.0,0.866453
5000.0,0.0,0.359937
5000.0,1.0,0.667264
5000.0,2.0,0.616804
5000.0,3.0,0.42294
5000.0,4.0,0.320338
5000.0,5.0,0.12665
5000.0,6.0,0.38189
5000.0,7.0,0.039047
5000.0,8.0,0.733167
5000.0,9.0,1.0
5000.0,10.0,0.591111
5000.0,11.0,0.349747
5000.0,12.0,0.526567
5000.0,13.0,0.136163
5000.0,14.0,0.130516
5000.0,15.0,0.368662
5000.0,16.0,0.0
5000.0,17.0,0.853899
5001.0,0.0,0.365688
5001.0,1.0,0.673023
5001.0,2.0,0.631552
5001.0,3.0,0.43334
5001.0,4.0,0.570569
5001.0,5.0,0.13099
5001.0,6.0,0.394948
5001.0,7.0,0.056798
5001.0,8.0,0.745522
5001.0,9.0,1.0
5001.0,10.0,0.617586
5001.0,11.0,0.387058
5001.0,12.0,0.604786
5001.0,13.0,0.169461
5001.0,14.0,0.146391
5001.0,15.0,0.406593
5001.0,16.0,0.0
5001.0,17.0,0.859188
5002.0,0.0,0.371273
5002.0,1.0,0.678815
5002.0,2.0,0.646493
5002.0,3.0,0.44309
5002.0,4.0,0.701505
5002.0,5.0,0.135322
5002.0,6.0,0.407283
5002.0,7.0,0.080527
5002.0,8.0,0.756359
5002.0,9.0,1.0
5002.0,10.0,0.642867
5002.0,11.0,0.425031
5002.0,12.0,0.676965
5002.0,13.0,0.209858
5002.0,14.0,0.163072
5002.0,15.0,0.444025
5002.0,16.0,0.0
5002.0,17.0,0.86989
5003.0,0.0,0.375521
5003.0,1.0,0.684416
5003.0,2.0,0.660896
5003.0,3.0,0.452968
5003.0,4.0,0.77758
5003.0,5.0,0.140127
5003.0,6.0,0.419661
5003.0,7.0,0.112313
5003.0,8.0,0.766405
5003.0,9.0,1.0
5003.0,10.0,0.666713
5003.0,11.0,0.461232
5003.0,12.0,0.740212
5003.0,13.0,0.256416
5003.0,14.0,0.180409
5003.0,15.0,0.479326
5003.0,16.0,0.0
5003.0,17.0,0.882052
5004.0,0.0,0.380293
5004.0,1.0,0.688983
5004.0,2.0,0.675201
5004.0,3.0,0.46259
5004.0,4.0,0.826362
5004.0,5.0,0.144363
5004.0,6.0,0.430219
5004.0,7.0,0.153162
5004.0,8.0,0.775082
5004.0,9.0,1.0
5004.0,10.0,0.687764
5004.0,11.0,0.497945
5004.0,12.0,0.795699
5004.0,13.0,0.308568
5004.0,14.0,0.198444
5004.0,15.0,0.512976
5004.0,16.0,0.0
5004.0,17.0,0.89399
5005.0,0.0,0.384487
5005.0,1.0,0.694109
5005.0,2.0,0.688122
5005.0,3.0,0.472184
5005.0,4.0,0.860751
5005.0,5.0,0.148263
5005.0,6.0,0.439939
5005.0,7.0,0.203617
5005.0,8.0,0.783458
5005.0,9.0,1.0
5005.0,10.0,0.708325
5005.0,11.0,0.531698
5005.0,12.0,0.840763
5005.0,13.0,0.367284
5005.0,14.0,0.217598
5005.0,15.0,0.544959
5005.0,16.0,0.0
5005.0,17.0,0.904984
5006.0,0.0,0.37997
5006.0,1.0,0.688666
5006.0,2.0,0.671655
5006.0,3.0,0.460171
5006.0,4.0,0.745847
5006.0,5.0,0.142867
5006.0,6.0,0.425451
5006.0,7.0,0.141401
5006.0,8.0,0.773208
5006.0,9.0,1.0
5006.0,10.0,0.679744
5006.0,11.0,0.485547
5006.0,12.0,0.779346
5006.0,13.0,0.294864
5006.0,14.0,0.19296
5006.0,15.0,0.498821
5006.0,16.0,0.0
5006.0,17.0,0.893997
5007.0,0.0,0.375891
5007.0,1.0,0.683329
5007.0,2.0,0.656354
5007.0,3.0,0.450439
5007.0,4.0,0.615254
5007.0,5.0,0.13894
5007.0,6.0,0.41347
5007.0,7.0,0.100882
5007.0,8.0,0.762015
5007.0,9.0,1.0
5007.0,10.0,0.655576
5007.0,11.0,0.446054
5007.0,12.0,0.715772
5007.0,13.0,0.240589
5007.0,14.0,0.174311
5007.0,15.0,0.460339
5007.0,16.0,0.0
5007.0,17.0,0.88493
5008.0,0.0,0.370814
5008.0,1.0,0.678356
5008.0,2.0,0.643133
5008.0,3.0,0.441255
5008.0,4.0,0.4949
5008.0,5.0,0.134988
5008.0,6.0,0.402102
5008.0,7.0,0.07325
5008.0,8.0,0.75209
5008.0,9.0,1.0
5008.0,10.0,0.6326
5008.0,11.0,0.410866
5008.0,12.0,0.650027
5008.0,13.0,0.198654
5008.0,14.0,0.158153
5008.0,15.0,0.426607
5008.0,16.0,0.0
5008.0,17.0,0.876491
5009.0,0.0,0.367335
5009.0,1.0,0.673479
5009.0,2.0,0.628703
5009.0,3.0,0.432171
5009.0,4.0,0.39704
5009.0,5.0,0.131098
5009.0,6.0,0.391991
5009.0,7.0,0.053164
5009.0,8.0,0.74166
5009.0,9.0,1.0
5009.0,10.0,0.611352
5009.0,11.0,0.37808
5009.0,12.0,0.586293
5009.0,13.0,0.164446
5009.0,14.0,0.143545
5009.0,15.0,0.396777
5009.0,16.0,0.0
5009.0,17.0,0.866992
5010.0,0.0,0.363776
5010.0,1.0,0.66851
5010.0,2.0,0.61485
5010.0,3.0,0.423022
5010.0,4.0,0.318658
5010.0,5.0,0.127969
5010.0,6.0,0.382986
5010.0,7.0,0.039176
5010.0,8.0,0.732241
5010.0,9.0,1.0
5010.0,10.0,0.590249
5010.0,11.0,0.348827
5010.0,12.0,0.527368
5010.0,13.0,0.136337
5010.0,14.0,0.129663
5010.0,15.0,0.369467
5010.0,16.0,0.0
5010.0,17.0,0.855776
6000.0,0.0,0.359924
6000.0,1.0,0.665124
6000.0,2.0,0.591152
6000.0,3.0,0.426161
6000.0,4.0,0.318931
6000.0,5.0,0.117033
6000.0,6.0,0.383289
6000.0,7.0,0.038665
6000.0,8.0,0.741763
6000.0,9.0,1.0
6000.0,10.0,0.593092
6000.0,11.0,0.356174
6000.0,12.0,0.531808
6000.0,13.0,0.135865
6000.0,14.0,0.134313
6000.0,15.0,0.366157
6000.0,16.0,0.0
6000.0,17.0,0.863595
6001.0,0.0,0.36313
6001.0,1.0,0.670749
6001.0,2.0,0.608049
6001.0,3.0,0.437846
6001.0,4.0,0.569867
6001.0,5.0,0.120753
6001.0,6.0,0.395504
6001.0,7.0,0.055598
6001.0,8.0,0.752809
6001.0,9.0,1.0
6001.0,10.0,0.622224
6001.0,11.0,0.393173
6001.0,12.0,0.609326
6001.0,13.0,0.170401
6001.0,14.0,0.151389
6001.0,15.0,0.406112
6001.0,16.0,0.0
6001.0,17.0,0.868955
6002.0,0.0,0.368098
6002.0,1.0,0.67637
6002.0,2.0,0.622962
6002.0,3.0,0.44788
6002.0,4.0,0.700611
6002.0,5.0,0.12416
6002.0,6.0,0.406874
6002.0,7.0,0.078573
6002.0,8.0,0.762928
6002.0,9.0,1.0
6002.0,10.0,0.646504
6002.0,11.0,0.429711
6002.0,12.0,0.681986
6002.0,13.0,0.209616
6002.0,14.0,0.168508
6002.0,15.0,0.441882
6002.0,16.0,0.0
6002.0,17.0,0.879816
6003.0,0.0,0.373633
6003.0,1.0,0.681515
6003.0,2.0,0.638383
6003.0,3.0,0.457718
6003.0,4.0,0.777046
6003.0,5.0,0.1282
6003.0,6.0,0.418037
6003.0,7.0,0.109534
6003.0,8.0,0.773389
6003.0,9.0,1.0
6003.0,10.0,0.669249
6003.0,11.0,0.466594
6003.0,12.0,0.745374
6003.0,13.0,0.256228
6003.0,14.0,0.187121
6003.0,15.0,0.4767
6003.0,16.0,0.0
6003.0,17.0,0.892033
6004.0,0.0,0.377894
6004.0,1.0,0.686235
6004.0,2.0,0.653
6004.0,3.0,0.467524
6004.0,4.0,0.827661
6004.0,5.0,0.131814
6004.0,6.0,0.429596
6004.0,7.0,0.150076
6004.0,8.0,0.782381
6004.0,9.0,1.0
6004.0,10.0,0.691852
6004.0,11.0,0.502167
6004.0,12.0,0.798614
6004.0,13.0,0.308408
6004.0,14.0,0.20543
6004.0,15.0,0.511169
6004.0,16.0,0.0
6004.0,17.0,0.902399
6005.0,0.0,0.382563
6005.0,1.0,0.689453
6005.0,2.0,0.666447
6005.0,3.0,0.475626
6005.0,4.0,0.860745
6005.0,5.0,0.135342
6005.0,6.0,0.440104
6005.0,7.0,0.201259
6005.0,8.0,0.790237
6005.0,9.0,1.0
6005.0,10.0,0.713126
6005.0,11.0,0.537042
6005.0,12.0,0.842594
6005.0,13.0,0.366828
6005.0,14.0,0.224922
6005.0,15.0,0.543147
6005.0,16.0,0.0
6005.0,17.0,0.912473
6006.0,0.0,0.37718
6006.0,1.0,0.684532
6006.0,2.0,0.650319
6006.0,3.0,0.464263
6006.0,4.0,0.745395
6006.0,5.0,0.131052
6006.0,6.0,0.426134
6006.0,7.0,0.140179
6006.0,8.0,0.779862
6006.0,9.0,1.0
6006.0,10.0,0.68579
6006.0,11.0,0.491318
6006.0,12.0,0.781391
6006.0,13.0,0.295606
6006.0,14.0,0.200602
6006.0,15.0,0.496228
6006.0,16.0,0.0
6006.0,17.0,0.902017
6007.0,0.0,0.372327
6007.0,1.0,0.680134
6007.0,2.0,0.63521
6007.0,3.0,0.454116
6007.0,4.0,0.614643
6007.0,5.0,0.12639
6007.0,6.0,0.414617
6007.0,7.0,0.099961
6007.0,8.0,0.769613
6007.0,9.0,1.0
6007.0,10.0,0.661879
6007.0,11.0,0.451105
6007.0,12.0,0.718346
6007.0,13.0,0.242715
6007.0,14.0,0.180657
6007.0,15.0,0.457121
6007.0,16.0,0.0
6007.0,17.0,0.892264
6008.0,0.0,0.368873
6008.0,1.0,0.675512
6008.0,2.0,0.621085
6008.0,3.0,0.44388
6008.0,4.0,0.493719
6008.0,5.0,0.122593
6008.0,6.0,0.403869
6008.0,7.0,0.07258
6008.0,8.0,0.760142
6008.0,9.0,1.0
6008.0,10.0,0.638421
6008.0,11.0,0.415365
6008.0,12.0,0.653371
6008.0,13.0,0.199558
6008.0,14.0,0.163131
6008.0,15.0,0.423231
6008.0,16.0,0.0
6008.0,17.0,0.88314
6009.0,0.0,0.365188
6009.0,1.0,0.671177
6009.0,2.0,0.606652
6009.0,3.0,0.43576
6009.0,4.0,0.395059
6009.0,5.0,0.119031
6009.0,6.0,0.393841
6009.0,7.0,0.052975
6009.0,8.0,0.750448
6009.0,9.0,1.0
6009.0,10.0,0.616299
6009.0,11.0,0.383463
6009.0,12.0,0.590026
6009.0,13.0,0.165117
6009.0,14.0,0.148043
6009.0,15.0,0.39303
6009.0,16.0,0.0
6009.0,17.0,0.873434
6010.0,0.0,0.361477
6010.0,1.0,0.666841
6010.0,2.0,0.593216
6010.0,3.0,0.427712
6010.0,4.0,0.317815
6010.0,5.0,0.116347
6010.0,6.0,0.384057
6010.0,7.0,0.03871
6010.0,8.0,0.741634
6010.0,9.0,1.0
6010.0,10.0,0.595011
6010.0,11.0,0.353417
6010.0,12.0,0.530668
6010.0,13.0,0.136915
6010.0,14.0,0.134492
6010.0,15.0,0.365624
6010.0,16.0,0.0
6010.0,17.0,0.861815
7000.0,0.0,0.368849
7000.0,1.0,0.671585
7000.0,2.0,0.598327
7000.0,3.0,0.421848
7000.0,4.0,0.317932
7000.0,5.0,0.122029
7000.0,6.0,0.389324
7000.0,7.0,0.037919
7000.0,8.0,0.733317
7000.0,9.0,1.0
7000.0,10.0,0.591703
7000.0,11.0,0.351743
7000.0,12.0,0.527139
7000.0,13.0,0.132814
7000.0,14.0,0.133422
7000.0,15.0,0.369926
7000.0,16.0,0.0
7000.0,17.0,0.87448
7001.0,0.0,0.373726
7001.0,1.0,0.676909
7001.0,2.0,0.614961
7001.0,3.0,0.432321
7001.0,4.0,0.569158
7001.0,5.0,0.125989
7001.0,6.0,0.400849
7001.0,7.0,0.054623
7001.0,8.0,0.745554
7001.0,9.0,1.0
7001.0,10.0,0.619564
7001.0,11.0,0.38891
7001.0,12.0,0.602966
7001.0,13.0,0.166646
7001.0,14.0,0.150689
7001.0,15.0,0.409318
7001.0,16.0,0.0
7001.0,17.0,0.879389
7002.0,0.0,0.378076
7002.0,1.0,0.681902
7002.0,2.0,0.630479
7002.0,3.0,0.44258
7002.0,4.0,0.700777
7002.0,5.0,0.129195
7002.0,6.0,0.412273
7002.0,7.0,0.07735
7002.0,8.0,0.756441
7002.0,9.0,1.0
7002.0,10.0,0.645143
7002.0,11.0,0.426308
7002.0,12.0,0.67326
7002.0,13.0,0.205128
7002.0,14.0,0.167642
7002.0,15.0,0.445588
7002.0,16.0,0.0
7002.0,17.0,0.888403
7003.0,0.0,0.383048
7003.0,1.0,0.68687
7003.0,2.0,0.645491
7003.0,3.0,0.45207
7003.0,4.0,0.778425
7003.0,5.0,0.132833
7003.0,6.0,0.42343
7003.0,7.0,0.108411
7003.0,8.0,0.766926
7003.0,9.0,1.0
7003.0,10.0,0.668959
7003.0,11.0,0.46256
7003.0,12.0,0.737078
7003.0,13.0,0.249674
7003.0,14.0,0.185982
7003.0,15.0,0.480779
7003.0,16.0,0.0
7003.0,17.0,0.899133
7004.0,0.0,0.386596
7004.0,1.0,0.692145
7004.0,2.0,0.659838
7004.0,3.0,0.461119
7004.0,4.0,0.826913
7004.0,5.0,0.136555
7004.0,6.0,0.434207
7004.0,7.0,0.148256
7004.0,8.0,0.776269
7004.0,9.0,1.0
7004.0,10.0,0.690554
7004.0,11.0,0.498677
7004.0,12.0,0.791723
7004.0,13.0,0.301471
7004.0,14.0,0.204093
7004.0,15.0,0.51429
7004.0,16.0,0.0
7004.0,17.0,0.909372
7005.0,0.0,0.390327
7005.0,1.0,0.696345
7005.0,2.0,0.673959
7005.0,3.0,0.470243
7005.0,4.0,0.861032
7005.0,5.0,0.139888
7005.0,6.0,0.444688
7005.0,7.0,0.197825
7005.0,8.0,0.78468
7005.0,9.0,1.0
7005.0,10.0,0.710724
7005.0,11.0,0.532416
7005.0,12.0,0.837574
7005.0,13.0,0.359346
7005.0,14.0,0.224355
7005.0,15.0,0.545694
7005.0,16.0,0.0
7005.0,17.0,0.919044
7006.0,0.0,0.386121
7006.0,1.0,0.691496
7006.0,2.0,0.656477
7006.0,3.0,0.459238
7006.0,4.0,0.746074
7006.0,5.0,0.136005
7006.0,6.0,0.43055
7006.0,7.0,0.137012
7006.0,8.0,0.773556
7006.0,9.0,1.0
7006.0,10.0,0.683398
7006.0,11.0,0.487017
7006.0,12.0,0.776024
7006.0,13.0,0.288476
7006.0,14.0,0.199677
7006.0,15.0,0.498817
7006.0,16.0,0.0
7006.0,17.0,0.909311
7007.0,0.0,0.380973
7007.0,1.0,0.686108
7007.0,2.0,0.640109
7007.0,3.0,0.449377
7007.0,4.0,0.616367
7007.0,5.0,0.132399
7007.0,6.0,0.418385
7007.0,7.0,0.097183
7007.0,8.0,0.764045
7007.0,9.0,1.0
7007.0,10.0,0.659148
7007.0,11.0,0.447964
7007.0,12.0,0.711735
7007.0,13.0,0.235988
7007.0,14.0,0.180391
7007.0,15.0,0.459422
7007.0,16.0,0.0
7007.0,17.0,0.900706
7008.0,0.0,0.375354
7008.0,1.0,0.681456
7008.0,2.0,0.624351
7008.0,3.0,0.439592
7008.0,4.0,0.495635
7008.0,5.0,0.129679
7008.0,6.0,0.406738
7008.0,7.0,0.069485
7008.0,8.0,0.754315
7008.0,9.0,1.0
7008.0,10.0,0.635962
7008.0,11.0,0.413422
7008.0,12.0,0.64692
7008.0,13.0,0.194327
7008.0,14.0,0.163761
7008.0,15.0,0.425652
7008.0,16.0,0.0
7008.0,17.0,0.892145
7009.0,0.0,0.370345
7009.0,1.0,0.67678
7009.0,2.0,0.610105
7009.0,3.0,0.430529
7009.0,4.0,0.397159
7009.0,5.0,0.12689
7009.0,6.0,0.397264
7009.0,7.0,0.050723
7009.0,8.0,0.743408
7009.0,9.0,1.0
7009.0,10.0,0.614289
7009.0,11.0,0.380921
7009.0,12.0,0.584303
7009.0,13.0,0.161983
7009.0,14.0,0.149858
7009.0,15.0,0.395339
7009.0,16.0,0.0
7009.0,17.0,0.882204
7010.0,0.0,0.366119
7010.0,1.0,0.670688
7010.0,2.0,0.596839
7010.0,3.0,0.422686
7010.0,4.0,0.319034
7010.0,5.0,0.123294
7010.0,6.0,0.3875
7010.0,7.0,0.036919
7010.0,8.0,0.733417
7010.0,9.0,1.0
7010.0,10.0,0.592916
7010.0,11.0,0.35035
7010.0,12.0,0.524561
7010.0,13.0,0.134416
7010.0,14.0,0.135461
7010.0,15.0,0.368418
7010.0,16.0,0.0
7010.0,17.0,0.871234
8000.0,0.0,0.374673
8000.0,1.0,0.666746
8000.0,2.0,0.613921
8000.0,3.0,0.425851
8000.0,4.0,0.319796
8000.0,5.0,0.125494
8000.0,6.0,0.389967
8000.0,7.0,0.036407
8000.0,8.0,0.741399
8000.0,9.0,1.0
8000.0,10.0,0.593259
8000.0,11.0,0.352784
8000.0,12.0,0.528914
8000.0,13.0,0.137293
8000.0,14.0,0.131067
8000.0,15.0,0.37037
8000.0,16.0,0.0
8000.0,17.0,0.863263
8001.0,0.0,0.379813
8001.0,1.0,0.672084
8001.0,2.0,0.631828
8001.0,3.0,0.436263
8001.0,4.0,0.571345
8001.0,5.0,0.12941
8001.0,6.0,0.401041
8001.0,7.0,0.05334
8001.0,8.0,0.752961
8001.0,9.0,1.0
8001.0,10.0,0.620792
8001.0,11.0,0.389013
8001.0,12.0,0.606068
8001.0,13.0,0.172571
8001.0,14.0,0.146992
8001.0,15.0,0.409246
8001.0,16.0,0.0
8001.0,17.0,0.868892
8002.0,0.0,0.385144
8002.0,1.0,0.676315
8002.0,2.0,0.647347
8002.0,3.0,0.446367
8002.0,4.0,0.701717
8002.0,5.0,0.133812
8002.0,6.0,0.412736
8002.0,7.0,0.075645
8002.0,8.0,0.763332
8002.0,9.0,1.0
8002.0,10.0,0.645125
8002.0,11.0,0.426783
8002.0,12.0,0.677619
8002.0,13.0,0.213055
8002.0,14.0,0.16384
8002.0,15.0,0.445667
8002.0,16.0,0.0
8002.0,17.0,0.879287
8003.0,0.0,0.390843
8003.0,1.0,0.681988
8003.0,2.0,0.662792
8003.0,3.0,0.456324
8003.0,4.0,0.777773
8003.0,5.0,0.138738
8003.0,6.0,0.42368
8003.0,7.0,0.105155
8003.0,8.0,0.773227
8003.0,9.0,1.0
8003.0,10.0,0.667952
8003.0,11.0,0.46344
8003.0,12.0,0.740637
8003.0,13.0,0.259552
8003.0,14.0,0.182807
8003.0,15.0,0.480217
8003.0,16.0,0.0
8003.0,17.0,0.891248
8004.0,0.0,0.395616
8004.0,1.0,0.686832
8004.0,2.0,0.676123
8004.0,3.0,0.464892
8004.0,4.0,0.82657
8004.0,5.0,0.142872
8004.0,6.0,0.434049
8004.0,7.0,0.14335
8004.0,8.0,0.781632
8004.0,9.0,1.0
8004.0,10.0,0.689996
8004.0,11.0,0.49932
8004.0,12.0,0.79567
8004.0,13.0,0.312721
8004.0,14.0,0.201951
8004.0,15.0,0.513486
8004.0,16.0,0.0
8004.0,17.0,0.902194
8005.0,0.0,0.399676
8005.0,1.0,0.691959
8005.0,2.0,0.688818
8005.0,3.0,0.474408
8005.0,4.0,0.86049
8005.0,5.0,0.147522
8005.0,6.0,0.444295
8005.0,7.0,0.191654
8005.0,8.0,0.790012
8005.0,9.0,1.0
8005.0,10.0,0.71022
8005.0,11.0,0.534418
8005.0,12.0,0.84168
8005.0,13.0,0.372301
8005.0,14.0,0.221428
8005.0,15.0,0.544907
8005.0,16.0,0.0
8005.0,17.0,0.911942
8006.0,0.0,0.395019
8006.0,1.0,0.686376
8006.0,2.0,0.672435
8006.0,3.0,0.462708
8006.0,4.0,0.745392
8006.0,5.0,0.142199
8006.0,6.0,0.430473
8006.0,7.0,0.133585
8006.0,8.0,0.778444
8006.0,9.0,1.0
8006.0,10.0,0.683276
8006.0,11.0,0.488114
8006.0,12.0,0.781826
8006.0,13.0,0.298515
8006.0,14.0,0.196415
8006.0,15.0,0.497587
8006.0,16.0,0.0
8006.0,17.0,0.901724
8007.0,0.0,0.390996
8007.0,1.0,0.679539
8007.0,2.0,0.657237
8007.0,3.0,0.453279
8007.0,4.0,0.614353
8007.0,5.0,0.137099
8007.0,6.0,0.418224
8007.0,7.0,0.095214
8007.0,8.0,0.767217
8007.0,9.0,1.0
8007.0,10.0,0.658625
8007.0,11.0,0.448511
8007.0,12.0,0.718556
8007.0,13.0,0.243457
8007.0,14.0,0.17687
8007.0,15.0,0.459857
8007.0,16.0,0.0
8007.0,17.0,0.893
8008.0,0.0,0.386783
8008.0,1.0,0.674125
8008.0,2.0,0.642738
8008.0,3.0,0.443744
8008.0,4.0,0.494729
8008.0,5.0,0.13286
8008.0,6.0,0.407978
8008.0,7.0,0.06901
8008.0,8.0,0.756087
8008.0,9.0,1.0
8008.0,10.0,0.635464
8008.0,11.0,0.413178
8008.0,12.0,0.654828
8008.0,13.0,0.201126
8008.0,14.0,0.160285
8008.0,15.0,0.425549
8008.0,16.0,0.0
8008.0,17.0,0.882969
8009.0,0.0,0.38244
8009.0,1.0,0.66854
8009.0,2.0,0.628251
8009.0,3.0,0.434954
8009.0,4.0,0.395991
8009.0,5.0,0.129172
8009.0,6.0,0.397208
8009.0,7.0,0.050209
8009.0,8.0,0.745402
8009.0,9.0,1.0
8009.0,10.0,0.613913
8009.0,11.0,0.38043
8009.0,12.0,0.592238
8009.0,13.0,0.16707
8009.0,14.0,0.145166
8009.0,15.0,0.396448
8009.0,16.0,0.0
8009.0,17.0,0.872529
8010.0,0.0,0.378259
8010.0,1.0,0.663236
8010.0,2.0,0.614155
8010.0,3.0,0.426503
8010.0,4.0,0.317445
8010.0,5.0,0.126126
8010.0,6.0,0.388285
8010.0,7.0,0.036927
8010.0,8.0,0.735589
8010.0,9.0,1.0
8010.0,10.0,0.592531
8010.0,11.0,0.349536
8010.0,12.0,0.533382
8010.0,13.0,0.138093
8010.0,14.0,0.131492
8010.0,15.0,0.369068
8010.0,16.0,0.0
8010.0,17.0,0.860761
9000.0,0.0,0.368015
9000.0,1.0,0.664278
9000.0,2.0,0.59306
9000.0,3.0,0.425066
9000.0,4.0,0.319655
9000.0,5.0,0.124547
9000.0,6.0,0.383451
9000.0,7.0,0.038849
9000.0,8.0,0.732486
9000.0,9.0,1.0
9000.0,10.0,0.597181
9000.0,11.0,0.348442
9000.0,12.0,0.527048
9000.0,13.0,0.132441
9000.0,14.0,0.13685
9000.0,15.0,0.369396
9000.0,16.0,0.0
9000.0,17.0,0.864304
9001.0,0.0,0.37289
9001.0,1.0,0.668455
9001.0,2.0,0.610028
9001.0,3.0,0.436837
9001.0,4.0,0.570555
9001.0,5.0,0.128488
9001.0,6.0,0.395934
9001.0,7.0,0.056032
9001.0,8.0,0.744532
9001.0,9.0,1.0
9001.0,10.0,0.624193
9001.0,11.0,0.386133
9001.0,12.0,0.604318
9001.0,13.0,0.165448
9001.0,14.0,0.153124
9001.0,15.0,0.40731
9001.0,16.0,0.0
9001.0,17.0,0.867617
9002.0,0.0,0.377217
9002.0,1.0,0.672889
9002.0,2.0,0.624787
9002.0,3.0,0.447668
9002.0,4.0,0.701453
9002.0,5.0,0.132201
9002.0,6.0,0.407864
9002.0,7.0,0.080054
9002.0,8.0,0.754574
9002.0,9.0,1.0
9002.0,10.0,0.64856
9002.0,11.0,0.423734
9002.0,12.0,0.675325
9002.0,13.0,0.204471
9002.0,14.0,0.170886
9002.0,15.0,0.442506
9002.0,16.0,0.0
9002.0,17.0,0.877219
9003.0,0.0,0.382267
9003.0,1.0,0.678056
9003.0,2.0,0.6391
9003.0,3.0,0.457348
9003.0,4.0,0.778037
9003.0,5.0,0.135941
9003.0,6.0,0.418533
9003.0,7.0,0.111985
9003.0,8.0,0.764607
9003.0,9.0,1.0
9003.0,10.0,0.672228
9003.0,11.0,0.461126
9003.0,12.0,0.73799
9003.0,13.0,0.248998
9003.0,14.0,0.189736
9003.0,15.0,0.476932
9003.0,16.0,0.0
9003.0,17.0,0.887156
9004.0,0.0,0.386487
9004.0,1.0,0.68308
9004.0,2.0,0.654199
9004.0,3.0,0.466313
9004.0,4.0,0.826954
9004.0,5.0,0.140463
9004.0,6.0,0.427802
9004.0,7.0,0.152231
9004.0,8.0,0.773749
9004.0,9.0,1.0
9004.0,10.0,0.693981
9004.0,11.0,0.498494
9004.0,12.0,0.792769
9004.0,13.0,0.300715
9004.0,14.0,0.209366
9004.0,15.0,0.510026
9004.0,16.0,0.0
9004.0,17.0,0.897948
9005.0,0.0,0.391368
9005.0,1.0,0.687794
9005.0,2.0,0.667317
9005.0,3.0,0.476029
9005.0,4.0,0.860744
9005.0,5.0,0.144635
9005.0,6.0,0.437716
9005.0,7.0,0.203664
9005.0,8.0,0.78263
9005.0,9.0,1.0
9005.0,10.0,0.714068
9005.0,11.0,0.534249
9005.0,12.0,0.83894
9005.0,13.0,0.35774
9005.0,14.0,0.229299
9005.0,15.0,0.541442
9005.0,16.0,0.0
9005.0,17.0,0.907525
9006.0,0.0,0.386098
9006.0,1.0,0.682295
9006.0,2.0,0.650822
9006.0,3.0,0.464198
9006.0,4.0,0.745994
9006.0,5.0,0.139317
9006.0,6.0,0.424098
9006.0,7.0,0.140682
9006.0,8.0,0.77179
9006.0,9.0,1.0
9006.0,10.0,0.686277
9006.0,11.0,0.487567
9006.0,12.0,0.777848
9006.0,13.0,0.287108
9006.0,14.0,0.204278
9006.0,15.0,0.495603
9006.0,16.0,0.0
9006.0,17.0,0.897829
9007.0,0.0,0.380656
9007.0,1.0,0.677414
9007.0,2.0,0.634966
9007.0,3.0,0.453644
9007.0,4.0,0.616271
9007.0,5.0,0.134898
9007.0,6.0,0.411538
9007.0,7.0,0.100521
9007.0,8.0,0.761868
9007.0,9.0,1.0
9007.0,10.0,0.662481
9007.0,11.0,0.448062
9007.0,12.0,0.713609
9007.0,13.0,0.234765
9007.0,14.0,0.184112
9007.0,15.0,0.456751
9007.0,16.0,0.0
9007.0,17.0,0.88942
9008.0,0.0,0.375557
9008.0,1.0,0.673164
9008.0,2.0,0.619627
9008.0,3.0,0.44438
9008.0,4.0,0.495329
9008.0,5.0,0.130696
9008.0,6.0,0.400127
9008.0,7.0,0.072074
9008.0,8.0,0.752966
9008.0,9.0,1.0
9008.0,10.0,0.638612
9008.0,11.0,0.412607
9008.0,12.0,0.649181
9008.0,13.0,0.19354
9008.0,14.0,0.16598
9008.0,15.0,0.423917
9008.0,16.0,0.0
9008.0,17.0,0.880848
9009.0,0.0,0.370794
9009.0,1.0,0.669093
9009.0,2.0,0.604461
9009.0,3.0,0.435362
9009.0,4.0,0.396627
9009.0,5.0,0.127351
9009.0,6.0,0.389318
9009.0,7.0,0.052527
9009.0,8.0,0.743385
9009.0,9.0,1.0
9009.0,10.0,0.616683
9009.0,11.0,0.379942
9009.0,12.0,0.585181
9009.0,13.0,0.159643
9009.0,14.0,0.151148
9009.0,15.0,0.394413
9009.0,16.0,0.0
9009.0,17.0,0.871732
9010.0,0.0,0.36656
9010.0,1.0,0.66492
9010.0,2.0,0.58954
9010.0,3.0,0.426686
9010.0,4.0,0.318486
9010.0,5.0,0.124191
9010.0,6.0,0.38002
9010.0,7.0,0.038253
9010.0,8.0,0.733797
9010.0,9.0,1.0
9010.0,10.0,0.594215
9010.0,11.0,0.350642
9010.0,12.0,0.525999
9010.0,13.0,0.131867
9010.0,14.0,0.137387
9010.0,15.0,0.368105
9010.0,16.0,0.0
9010.0,17.0,0.861416
10000.0,0.0,0.366212
10000.0,1.0,0.658687
10000.0,2.0,0.610996
10000.0,3.0,0.435717
10000.0,4.0,0.315961
10000.0,5.0,0.127021
10000.0,6.0,0.387896
10000.0,7.0,0.037321
10000.0,8.0,0.736561
10000.0,9.0,1.0
10000.0,10.0,0.591778
10000.0,11.0,0.352459
10000.0,12.0,0.530695
10000.0,13.0,0.134954
10000.0,14.0,0.137931
10000.0,15.0,0.370009
10000.0,16.0,0.0
10000.0,17.0,0.86678
10001.0,0.0,0.371365
10001.0,1.0,0.66487
10001.0,2.0,0.627773
10001.0,3.0,0.446357
10001.0,4.0,0.568345
10001.0,5.0,0.131072
10001.0,6.0,0.400503
10001.0,7.0,0.053991
10001.0,8.0,0.747959
10001.0,9.0,1.0
10001.0,10.0,0.62147
10001.0,11.0,0.38866
10001.0,12.0,0.608466
10001.0,13.0,0.167961
10001.0,14.0,0.154326
10001.0,15.0,0.408717
10001.0,16.0,0.0
10001.0,17.0,0.872613
10002.0,0.0,0.376013
10002.0,1.0,0.670449
10002.0,2.0,0.643395
10002.0,3.0,0.455859
10002.0,4.0,0.701263
10002.0,5.0,0.134979
10002.0,6.0,0.412497
10002.0,7.0,0.077035
10002.0,8.0,0.757725
10002.0,9.0,1.0
10002.0,10.0,0.647203
10002.0,11.0,0.42602
10002.0,12.0,0.679153
10002.0,13.0,0.206603
10002.0,14.0,0.17225
10002.0,15.0,0.445759
10002.0,16.0,0.0
10002.0,17.0,0.88274
10003.0,0.0,0.381372
10003.0,1.0,0.675409
10003.0,2.0,0.657667
10003.0,3.0,0.465083
10003.0,4.0,0.777296
10003.0,5.0,0.139471
10003.0,6.0,0.423929
10003.0,7.0,0.107403
10003.0,8.0,0.767922
10003.0,9.0,1.0
10003.0,10.0,0.670864
10003.0,11.0,0.462922
10003.0,12.0,0.742567
10003.0,13.0,0.25187
10003.0,14.0,0.190933
10003.0,15.0,0.481704
10003.0,16.0,0.0
10003.0,17.0,0.894259
10004.0,0.0,0.386896
10004.0,1.0,0.681295
10004.0,2.0,0.67276
10004.0,3.0,0.473722
10004.0,4.0,0.826872
10004.0,5.0,0.143578
10004.0,6.0,0.435189
10004.0,7.0,0.146917
10004.0,8.0,0.777309
10004.0,9.0,1.0
10004.0,10.0,0.69362
10004.0,11.0,0.499748
10004.0,12.0,0.79719
10004.0,13.0,0.30419
10004.0,14.0,0.209999
10004.0,15.0,0.51539
10004.0,16.0,0.0
10004.0,17.0,0.904854
10005.0,0.0,0.391384
10005.0,1.0,0.686624
10005.0,2.0,0.685793
10005.0,3.0,0.482705
10005.0,4.0,0.861196
10005.0,5.0,0.146802
10005.0,6.0,0.445298
10005.0,7.0,0.196034
10005.0,8.0,0.78635
10005.0,9.0,1.0
10005.0,10.0,0.713951
10005.0,11.0,0.534268
10005.0,12.0,0.842305
10005.0,13.0,0.361403
10005.0,14.0,0.229471
10005.0,15.0,0.546337
10005.0,16.0,0.0
10005.0,17.0,0.914815
10006.0,0.0,0.385829
10006.0,1.0,0.680473
10006.0,2.0,0.669117
10006.0,3.0,0.471067
10006.0,4.0,0.746122
10006.0,5.0,0.1422
10006.0,6.0,0.43247
10006.0,7.0,0.136035
10006.0,8.0,0.774683
10006.0,9.0,1.0
10006.0,10.0,0.685487
10006.0,11.0,0.487622
10006.0,12.0,0.7825
10006.0,13.0,0.292131
10006.0,14.0,0.204262
10006.0,15.0,0.500128
10006.0,16.0,0.0
10006.0,17.0,0.905011
10007.0,0.0,0.379971
10007.0,1.0,0.67587
10007.0,2.0,0.653518
10007.0,3.0,0.461014
10007.0,4.0,0.615864
10007.0,5.0,0.137786
10007.0,6.0,0.420522
10007.0,7.0,0.097287
10007.0,8.0,0.763765
10007.0,9.0,1.0
10007.0,10.0,0.659459
10007.0,11.0,0.447008
10007.0,12.0,0.719159
10007.0,13.0,0.240061
10007.0,14.0,0.183531
10007.0,15.0,0.461294
10007.0,16.0,0.0
10007.0,17.0,0.896417
10008.0,0.0,0.375341
10008.0,1.0,0.670962
10008.0,2.0,0.639112
10008.0,3.0,0.451731
10008.0,4.0,0.495847
10008.0,5.0,0.134324
10008.0,6.0,0.410236
10008.0,7.0,0.07025
10008.0,8.0,0.754485
10008.0,9.0,1.0
10008.0,10.0,0.63631
10008.0,11.0,0.410946
10008.0,12.0,0.655079
10008.0,13.0,0.198312
10008.0,14.0,0.166105
10008.0,15.0,0.427367
10008.0,16.0,0.0
10008.0,17.0,0.887867
10009.0,0.0,0.370806
10009.0,1.0,0.6657
10009.0,2.0,0.623854
10009.0,3.0,0.442391
10009.0,4.0,0.396384
10009.0,5.0,0.130887
10009.0,6.0,0.39985
10009.0,7.0,0.051125
10009.0,8.0,0.744862
10009.0,9.0,1.0
10009.0,10.0,0.614087
10009.0,11.0,0.37807
10009.0,12.0,0.592737
10009.0,13.0,0.164695
10009.0,14.0,0.151195
10009.0,15.0,0.39732
10009.0,16.0,0.0
10009.0,17.0,0.878365
10010.0,0.0,0.365612
10010.0,1.0,0.660621
10010.0,2.0,0.609398
10010.0,3.0,0.433454
10010.0,4.0,0.318732
10010.0,5.0,0.12733
10010.0,6.0,0.390134
10010.0,7.0,0.037792
10010.0,8.0,0.734587
10010.0,9.0,1.0
10010.0,10.0,0.591277
10010.0,11.0,0.349372
10010.0,12.0,0.534487
10010.0,13.0,0.137051
10010.0,14.0,0.137909
10010.0,15.0,0.369809
10010.0,16.0,0.0
10010.0,17.0,0.868116
