FREQUENCIES 
Gen,mut_id,mut_freq
1.0,0.0,0.5
1.0,1.0,0.5
1.0,2.0,0.5
1.0,3.0,0.5
1.0,4.0,0.5
1.0,5.0,0.5
1.0,6.0,0.5
1.0,7.0,0.5
1.0,8.0,0.5
1.0,9.0,0.5
1.0,10.0,0.5
1.0,11.0,0.5
1.0,12.0,0.5
1.0,13.0,0.5
1.0,14.0,0.5
1.0,15.0,0.5
1.0,16.0,0.5
1.0,17.0,0.5
1000.0,0.0,0.881639
1000.0,1.0,0.0
1000.0,2.0,0.545248
1000.0,3.0,0.569976
1000.0,4.0,0.317501
1000.0,5.0,0.642794
1000.0,6.0,0.314131
1000.0,7.0,0.876414
1000.0,8.0,0.371467
1000.0,9.0,0.323718
1000.0,10.0,0.016792
1000.0,11.0,0.436734
1000.0,12.0,0.445393
1000.0,13.0,0.783103
1000.0,14.0,0.65879
1000.0,15.0,1.0
1000.0,16.0,0.298846
1000.0,17.0,0.0
1001.0,0.0,0.883377
1001.0,1.0,0.0
1001.0,2.0,0.555473
1001.0,3.0,0.606346
1001.0,4.0,0.334335
1001.0,5.0,0.664377
1001.0,6.0,0.443024
1001.0,7.0,0.896347
1001.0,8.0,0.425086
1001.0,9.0,0.349921
1001.0,10.0,0.021512
1001.0,11.0,0.458969
1001.0,12.0,0.620813
1001.0,13.0,0.786563
1001.0,14.0,0.673798
1001.0,15.0,1.0
1001.0,16.0,0.307381
1001.0,17.0,0.0
1002.0,0.0,0.884309
1002.0,1.0,0.0
1002.0,2.0,0.565406
1002.0,3.0,0.636199
1002.0,4.0,0.347749
1002.0,5.0,0.682582
1002.0,6.0,0.565818
1002.0,7.0,0.910285
1002.0,8.0,0.472853
1002.0,9.0,0.373154
1002.0,10.0,0.026173
1002.0,11.0,0.477943
1002.0,12.0,0.747414
1002.0,13.0,0.789875
1002.0,14.0,0.68648
1002.0,15.0,1.0
1002.0,16.0,0.313591
1002.0,17.0,0.0
1003.0,0.0,0.88588
1003.0,1.0,0.0
1003.0,2.0,0.574228
1003.0,3.0,0.662254
1003.0,4.0,0.36117
1003.0,5.0,0.698462
1003.0,6.0,0.680336
1003.0,7.0,0.922453
1003.0,8.0,0.519824
1003.0,9.0,0.394312
1003.0,10.0,0.031757
1003.0,11.0,0.49704
1003.0,12.0,0.838462
1003.0,13.0,0.792733
1003.0,14.0,0.697792
1003.0,15.0,1.0
1003.0,16.0,0.319672
1003.0,17.0,0.0
1004.0,0.0,0.887475
1004.0,1.0,0.0
1004.0,2.0,0.582694
1004.0,3.0,0.685487
1004.0,4.0,0.375241
1004.0,5.0,0.713409
1004.0,6.0,0.777799
1004.0,7.0,0.933028
1004.0,8.0,0.569478
1004.0,9.0,0.414336
1004.0,10.0,0.038318
1004.0,11.0,0.515164
1004.0,12.0,0.901411
1004.0,13.0,0.795791
1004.0,14.0,0.709731
1004.0,15.0,1.0
1004.0,16.0,0.325443
1004.0,17.0,0.0
1005.0,0.0,0.888879
1005.0,1.0,0.0
1005.0,2.0,0.591118
1005.0,3.0,0.706801
1005.0,4.0,0.387823
1005.0,5.0,0.727498
1005.0,6.0,0.851356
1005.0,7.0,0.942232
1005.0,8.0,0.621696
1005.0,9.0,0.435468
1005.0,10.0,0.046342
1005.0,11.0,0.532642
1005.0,12.0,0.941241
1005.0,13.0,0.798328
1005.0,14.0,0.72063
1005.0,15.0,1.0
1005.0,16.0,0.331728
1005.0,17.0,0.0
1006.0,0.0,0.885905
1006.0,1.0,0.0
1006.0,2.0,0.579693
1006.0,3.0,0.673002
1006.0,4.0,0.370539
1006.0,5.0,0.706679
1006.0,6.0,0.744558
1006.0,7.0,0.929847
1006.0,8.0,0.538031
1006.0,9.0,0.406235
1006.0,10.0,0.035816
1006.0,11.0,0.506911
1006.0,12.0,0.856245
1006.0,13.0,0.79411
1006.0,14.0,0.705647
1006.0,15.0,1.0
1006.0,16.0,0.321844
1006.0,17.0,0.0
1007.0,0.0,0.883945
1007.0,1.0,0.0
1007.0,2.0,0.570365
1007.0,3.0,0.645829
1007.0,4.0,0.356489
1007.0,5.0,0.690583
1007.0,6.0,0.631242
1007.0,7.0,0.917182
1007.0,8.0,0.48364
1007.0,9.0,0.382414
1007.0,10.0,0.028838
1007.0,11.0,0.486937
1007.0,12.0,0.735787
1007.0,13.0,0.790359
1007.0,14.0,0.694145
1007.0,15.0,1.0
1007.0,16.0,0.314065
1007.0,17.0,0.0
1008.0,0.0,0.88281
1008.0,1.0,0.0
1008.0,2.0,0.561827
1008.0,3.0,0.621671
1008.0,4.0,0.344149
1008.0,5.0,0.674505
1008.0,6.0,0.522671
1008.0,7.0,0.904409
1008.0,8.0,0.443704
1008.0,9.0,0.362484
1008.0,10.0,0.023609
1008.0,11.0,0.469012
1008.0,12.0,0.618337
1008.0,13.0,0.787324
1008.0,14.0,0.682718
1008.0,15.0,1.0
1008.0,16.0,0.307006
1008.0,17.0,0.0
1009.0,0.0,0.88112
1009.0,1.0,0.0
1009.0,2.0,0.553464
1009.0,3.0,0.598907
1009.0,4.0,0.331628
1009.0,5.0,0.659107
1009.0,6.0,0.41851
1009.0,7.0,0.890456
1009.0,8.0,0.408126
1009.0,9.0,0.343521
1009.0,10.0,0.019705
1009.0,11.0,0.452166
1009.0,12.0,0.522261
1009.0,13.0,0.78456
1009.0,14.0,0.671705
1009.0,15.0,1.0
1009.0,16.0,0.300371
1009.0,17.0,0.0
1010.0,0.0,0.879291
1010.0,1.0,0.0
1010.0,2.0,0.54641
1010.0,3.0,0.575337
1010.0,4.0,0.320115
1010.0,5.0,0.643729
1010.0,6.0,0.31809
1010.0,7.0,0.875052
1010.0,8.0,0.375399
1010.0,9.0,0.326035
1010.0,10.0,0.016372
1010.0,11.0,0.435398
1010.0,12.0,0.443599
1010.0,13.0,0.78143
1010.0,14.0,0.661187
1010.0,15.0,1.0
1010.0,16.0,0.295217
1010.0,17.0,0.0
2000.0,0.0,0.879755
2000.0,1.0,0.0
2000.0,2.0,0.534755
2000.0,3.0,0.569347
2000.0,4.0,0.325492
2000.0,5.0,0.632377
2000.0,6.0,0.314599
2000.0,7.0,0.89836
2000.0,8.0,0.368402
2000.0,9.0,0.324587
2000.0,10.0,0.011384
2000.0,11.0,0.437515
2000.0,12.0,0.447968
2000.0,13.0,0.793499
2000.0,14.0,0.66232
2000.0,15.0,1.0
2000.0,16.0,0.288777
2000.0,17.0,0.0
2001.0,0.0,0.88176
2001.0,1.0,0.0
2001.0,2.0,0.546343
2001.0,3.0,0.60445
2001.0,4.0,0.342265
2001.0,5.0,0.654412
2001.0,6.0,0.443112
2001.0,7.0,0.914882
2001.0,8.0,0.41986
2001.0,9.0,0.350338
2001.0,10.0,0.014221
2001.0,11.0,0.459579
2001.0,12.0,0.621384
2001.0,13.0,0.797429
2001.0,14.0,0.676839
2001.0,15.0,1.0
2001.0,16.0,0.297381
2001.0,17.0,0.0
2002.0,0.0,0.883802
2002.0,1.0,0.0
2002.0,2.0,0.556328
2002.0,3.0,0.632854
2002.0,4.0,0.358127
2002.0,5.0,0.672147
2002.0,6.0,0.565412
2002.0,7.0,0.927749
2002.0,8.0,0.468631
2002.0,9.0,0.37339
2002.0,10.0,0.017782
2002.0,11.0,0.479463
2002.0,12.0,0.747853
2002.0,13.0,0.800796
2002.0,14.0,0.689297
2002.0,15.0,1.0
2002.0,16.0,0.305269
2002.0,17.0,0.0
2003.0,0.0,0.885423
2003.0,1.0,0.0
2003.0,2.0,0.56548
2003.0,3.0,0.658093
2003.0,4.0,0.372516
2003.0,5.0,0.687914
2003.0,6.0,0.680763
2003.0,7.0,0.938239
2003.0,8.0,0.515086
2003.0,9.0,0.395357
2003.0,10.0,0.021798
2003.0,11.0,0.49866
2003.0,12.0,0.838905
2003.0,13.0,0.802919
2003.0,14.0,0.700793
2003.0,15.0,1.0
2003.0,16.0,0.311806
2003.0,17.0,0.0
2004.0,0.0,0.886788
2004.0,1.0,0.0
2004.0,2.0,0.57392
2004.0,3.0,0.680872
2004.0,4.0,0.385781
2004.0,5.0,0.702896
2004.0,6.0,0.777507
2004.0,7.0,0.946769
2004.0,8.0,0.56354
2004.0,9.0,0.415788
2004.0,10.0,0.026464
2004.0,11.0,0.516707
2004.0,12.0,0.901166
2004.0,13.0,0.805037
2004.0,14.0,0.711523
2004.0,15.0,1.0
2004.0,16.0,0.319145
2004.0,17.0,0.0
2005.0,0.0,0.888166
2005.0,1.0,0.0
2005.0,2.0,0.582699
2005.0,3.0,0.701353
2005.0,4.0,0.399892
2005.0,5.0,0.716114
2005.0,6.0,0.851
2005.0,7.0,0.954199
2005.0,8.0,0.616874
2005.0,9.0,0.435915
2005.0,10.0,0.032054
2005.0,11.0,0.533779
2005.0,12.0,0.942227
2005.0,13.0,0.807427
2005.0,14.0,0.722921
2005.0,15.0,1.0
2005.0,16.0,0.326168
2005.0,17.0,0.0
2006.0,0.0,0.885868
2006.0,1.0,0.0
2006.0,2.0,0.571021
2006.0,3.0,0.668778
2006.0,4.0,0.381339
2006.0,5.0,0.697241
2006.0,6.0,0.743121
2006.0,7.0,0.944114
2006.0,8.0,0.532851
2006.0,9.0,0.407126
2006.0,10.0,0.025359
2006.0,11.0,0.508401
2006.0,12.0,0.859196
2006.0,13.0,0.80457
2006.0,14.0,0.707904
2006.0,15.0,1.0
2006.0,16.0,0.316265
2006.0,17.0,0.0
2007.0,0.0,0.883499
2007.0,1.0,0.0
2007.0,2.0,0.561391
2007.0,3.0,0.64003
2007.0,4.0,0.366072
2007.0,5.0,0.680292
2007.0,6.0,0.628178
2007.0,7.0,0.934521
2007.0,8.0,0.479731
2007.0,9.0,0.383214
2007.0,10.0,0.020603
2007.0,11.0,0.487716
2007.0,12.0,0.739958
2007.0,13.0,0.801851
2007.0,14.0,0.694418
2007.0,15.0,1.0
2007.0,16.0,0.309037
2007.0,17.0,0.0
2008.0,0.0,0.882139
2008.0,1.0,0.0
2008.0,2.0,0.553279
2008.0,3.0,0.613118
2008.0,4.0,0.35338
2008.0,5.0,0.66479
2008.0,6.0,0.518959
2008.0,7.0,0.924275
2008.0,8.0,0.438164
2008.0,9.0,0.361465
2008.0,10.0,0.017187
2008.0,11.0,0.470415
2008.0,12.0,0.62259
2008.0,13.0,0.798606
2008.0,14.0,0.682058
2008.0,15.0,1.0
2008.0,16.0,0.302085
2008.0,17.0,0.0
2009.0,0.0,0.87998
2009.0,1.0,0.0
2009.0,2.0,0.54478
2009.0,3.0,0.587781
2009.0,4.0,0.340025
2009.0,5.0,0.649542
2009.0,6.0,0.414163
2009.0,7.0,0.912738
2009.0,8.0,0.401657
2009.0,9.0,0.341515
2009.0,10.0,0.01437
2009.0,11.0,0.452944
2009.0,12.0,0.525622
2009.0,13.0,0.796173
2009.0,14.0,0.671114
2009.0,15.0,1.0
2009.0,16.0,0.295332
2009.0,17.0,0.0
2010.0,0.0,0.87812
2010.0,1.0,0.0
2010.0,2.0,0.536296
2010.0,3.0,0.564568
2010.0,4.0,0.32783
2010.0,5.0,0.634016
2010.0,6.0,0.313296
2010.0,7.0,0.900337
2010.0,8.0,0.369406
2010.0,9.0,0.323438
2010.0,10.0,0.012281
2010.0,11.0,0.437136
2010.0,12.0,0.445916
2010.0,13.0,0.792584
2010.0,14.0,0.660405
2010.0,15.0,1.0
2010.0,16.0,0.289293
2010.0,17.0,0.0
3000.0,0.0,0.892943
3000.0,1.0,0.0
3000.0,2.0,0.525661
3000.0,3.0,0.574566
3000.0,4.0,0.318425
3000.0,5.0,0.648506
3000.0,6.0,0.308427
3000.0,7.0,0.902536
3000.0,8.0,0.37502
3000.0,9.0,0.326422
3000.0,10.0,0.015083
3000.0,11.0,0.438104
3000.0,12.0,0.443297
3000.0,13.0,0.78345
3000.0,14.0,0.670656
3000.0,15.0,1.0
3000.0,16.0,0.28887
3000.0,17.0,0.0
3001.0,0.0,0.89384
3001.0,1.0,0.0
3001.0,2.0,0.53738
3001.0,3.0,0.608813
3001.0,4.0,0.334277
3001.0,5.0,0.66887
3001.0,6.0,0.437604
3001.0,7.0,0.918733
3001.0,8.0,0.425111
3001.0,9.0,0.350423
3001.0,10.0,0.019222
3001.0,11.0,0.460745
3001.0,12.0,0.619952
3001.0,13.0,0.787758
3001.0,14.0,0.685272
3001.0,15.0,1.0
3001.0,16.0,0.2971
3001.0,17.0,0.0
3002.0,0.0,0.895453
3002.0,1.0,0.0
3002.0,2.0,0.547679
3002.0,3.0,0.638327
3002.0,4.0,0.348353
3002.0,5.0,0.685433
3002.0,6.0,0.559948
3002.0,7.0,0.930545
3002.0,8.0,0.47132
3002.0,9.0,0.37275
3002.0,10.0,0.023468
3002.0,11.0,0.48146
3002.0,12.0,0.747464
3002.0,13.0,0.79102
3002.0,14.0,0.69637
3002.0,15.0,1.0
3002.0,16.0,0.304933
3002.0,17.0,0.0
3003.0,0.0,0.897159
3003.0,1.0,0.0
3003.0,2.0,0.557034
3003.0,3.0,0.662155
3003.0,4.0,0.361855
3003.0,5.0,0.700777
3003.0,6.0,0.674894
3003.0,7.0,0.940151
3003.0,8.0,0.516802
3003.0,9.0,0.394391
3003.0,10.0,0.028486
3003.0,11.0,0.500003
3003.0,12.0,0.838291
3003.0,13.0,0.793852
3003.0,14.0,0.706686
3003.0,15.0,1.0
3003.0,16.0,0.312586
3003.0,17.0,0.0
3004.0,0.0,0.898691
3004.0,1.0,0.0
3004.0,2.0,0.566429
3004.0,3.0,0.685677
3004.0,4.0,0.375548
3004.0,5.0,0.714407
3004.0,6.0,0.771974
3004.0,7.0,0.948686
3004.0,8.0,0.566056
3004.0,9.0,0.414134
3004.0,10.0,0.034552
3004.0,11.0,0.518405
3004.0,12.0,0.901216
3004.0,13.0,0.796105
3004.0,14.0,0.717023
3004.0,15.0,1.0
3004.0,16.0,0.318886
3004.0,17.0,0.0
3005.0,0.0,0.900266
3005.0,1.0,0.0
3005.0,2.0,0.576853
3005.0,3.0,0.705778
3005.0,4.0,0.388388
3005.0,5.0,0.72795
3005.0,6.0,0.846415
3005.0,7.0,0.955867
3005.0,8.0,0.618636
3005.0,9.0,0.433434
3005.0,10.0,0.042006
3005.0,11.0,0.536396
3005.0,12.0,0.941605
3005.0,13.0,0.79923
3005.0,14.0,0.72725
3005.0,15.0,1.0
3005.0,16.0,0.32552
3005.0,17.0,0.0
3006.0,0.0,0.898464
3006.0,1.0,0.0
3006.0,2.0,0.563862
3006.0,3.0,0.673181
3006.0,4.0,0.369619
3006.0,5.0,0.70843
3006.0,6.0,0.737086
3006.0,7.0,0.945389
3006.0,8.0,0.534337
3006.0,9.0,0.404373
3006.0,10.0,0.032225
3006.0,11.0,0.510479
3006.0,12.0,0.85767
3006.0,13.0,0.794925
3006.0,14.0,0.712982
3006.0,15.0,1.0
3006.0,16.0,0.315918
3006.0,17.0,0.0
3007.0,0.0,0.896341
3007.0,1.0,0.0
3007.0,2.0,0.554919
3007.0,3.0,0.646025
3007.0,4.0,0.353671
3007.0,5.0,0.691867
3007.0,6.0,0.620976
3007.0,7.0,0.935596
3007.0,8.0,0.481571
3007.0,9.0,0.379842
3007.0,10.0,0.025994
3007.0,11.0,0.490136
3007.0,12.0,0.739015
3007.0,13.0,0.792447
3007.0,14.0,0.70028
3007.0,15.0,1.0
3007.0,16.0,0.307976
3007.0,17.0,0.0
3008.0,0.0,0.894328
3008.0,1.0,0.0
3008.0,2.0,0.546952
3008.0,3.0,0.621334
3008.0,4.0,0.338838
3008.0,5.0,0.676935
3008.0,6.0,0.512161
3008.0,7.0,0.925073
3008.0,8.0,0.442283
3008.0,9.0,0.358939
3008.0,10.0,0.021298
3008.0,11.0,0.471074
3008.0,12.0,0.623074
3008.0,13.0,0.789676
3008.0,14.0,0.689555
3008.0,15.0,1.0
3008.0,16.0,0.301617
3008.0,17.0,0.0
3009.0,0.0,0.893425
3009.0,1.0,0.0
3009.0,2.0,0.540175
3009.0,3.0,0.597259
3009.0,4.0,0.325915
3009.0,5.0,0.662049
3009.0,6.0,0.408083
3009.0,7.0,0.913016
3009.0,8.0,0.406309
3009.0,9.0,0.34064
3009.0,10.0,0.017585
3009.0,11.0,0.454079
3009.0,12.0,0.52664
3009.0,13.0,0.786025
3009.0,14.0,0.678357
3009.0,15.0,1.0
3009.0,16.0,0.29558
3009.0,17.0,0.0
3010.0,0.0,0.892045
3010.0,1.0,0.0
3010.0,2.0,0.532234
3010.0,3.0,0.572684
3010.0,4.0,0.313668
3010.0,5.0,0.646498
3010.0,6.0,0.309295
3010.0,7.0,0.900011
3010.0,8.0,0.374331
3010.0,9.0,0.324182
3010.0,10.0,0.014824
3010.0,11.0,0.437565
3010.0,12.0,0.447064
3010.0,13.0,0.782707
3010.0,14.0,0.667972
3010.0,15.0,1.0
3010.0,16.0,0.288825
3010.0,17.0,0.0
4000.0,0.0,0.881221
4000.0,1.0,0.0
4000.0,2.0,0.542083
4000.0,3.0,0.568457
4000.0,4.0,0.325858
4000.0,5.0,0.640982
4000.0,6.0,0.318337
4000.0,7.0,0.884918
4000.0,8.0,0.373629
4000.0,9.0,0.323754
4000.0,10.0,0.011672
4000.0,11.0,0.439513
4000.0,12.0,0.446982
4000.0,13.0,0.788404
4000.0,14.0,0.651074
4000.0,15.0,1.0
4000.0,16.0,0.292877
4000.0,17.0,0.0
4001.0,0.0,0.884012
4001.0,1.0,0.0
4001.0,2.0,0.554373
4001.0,3.0,0.604007
4001.0,4.0,0.342641
4001.0,5.0,0.661792
4001.0,6.0,0.445803
4001.0,7.0,0.903428
4001.0,8.0,0.423948
4001.0,9.0,0.347914
4001.0,10.0,0.014609
4001.0,11.0,0.462974
4001.0,12.0,0.62
4001.0,13.0,0.793033
4001.0,14.0,0.664543
4001.0,15.0,1.0
4001.0,16.0,0.300719
4001.0,17.0,0.0
4002.0,0.0,0.885662
4002.0,1.0,0.0
4002.0,2.0,0.565798
4002.0,3.0,0.632961
4002.0,4.0,0.358197
4002.0,5.0,0.67859
4002.0,6.0,0.568055
4002.0,7.0,0.917287
4002.0,8.0,0.471792
4002.0,9.0,0.369878
4002.0,10.0,0.017872
4002.0,11.0,0.483732
4002.0,12.0,0.746031
4002.0,13.0,0.796571
4002.0,14.0,0.677008
4002.0,15.0,1.0
4002.0,16.0,0.30776
4002.0,17.0,0.0
4003.0,0.0,0.8878
4003.0,1.0,0.0
4003.0,2.0,0.576502
4003.0,3.0,0.658066
4003.0,4.0,0.37128
4003.0,5.0,0.695113
4003.0,6.0,0.68193
4003.0,7.0,0.928834
4003.0,8.0,0.518563
4003.0,9.0,0.391499
4003.0,10.0,0.021528
4003.0,11.0,0.5029
4003.0,12.0,0.837037
4003.0,13.0,0.799781
4003.0,14.0,0.688155
4003.0,15.0,1.0
4003.0,16.0,0.313928
4003.0,17.0,0.0
4004.0,0.0,0.889716
4004.0,1.0,0.0
4004.0,2.0,0.586455
4004.0,3.0,0.680753
4004.0,4.0,0.385641
4004.0,5.0,0.708729
4004.0,6.0,0.777919
4004.0,7.0,0.93891
4004.0,8.0,0.567447
4004.0,9.0,0.412571
4004.0,10.0,0.026004
4004.0,11.0,0.521287
4004.0,12.0,0.900847
4004.0,13.0,0.80234
4004.0,14.0,0.699442
4004.0,15.0,1.0
4004.0,16.0,0.32115
4004.0,17.0,0.0
4005.0,0.0,0.890725
4005.0,1.0,0.0
4005.0,2.0,0.596204
4005.0,3.0,0.701678
4005.0,4.0,0.398187
4005.0,5.0,0.72307
4005.0,6.0,0.851075
4005.0,7.0,0.94736
4005.0,8.0,0.62044
4005.0,9.0,0.433607
4005.0,10.0,0.031427
4005.0,11.0,0.538465
4005.0,12.0,0.941654
4005.0,13.0,0.805405
4005.0,14.0,0.710658
4005.0,15.0,1.0
4005.0,16.0,0.327973
4005.0,17.0,0.0
4006.0,0.0,0.889681
4006.0,1.0,0.0
4006.0,2.0,0.582764
4006.0,3.0,0.668015
4006.0,4.0,0.380553
4006.0,5.0,0.703175
4006.0,6.0,0.74253
4006.0,7.0,0.936008
4006.0,8.0,0.536978
4006.0,9.0,0.403618
4006.0,10.0,0.024493
4006.0,11.0,0.512947
4006.0,12.0,0.857459
4006.0,13.0,0.800915
4006.0,14.0,0.69602
4006.0,15.0,1.0
4006.0,16.0,0.320069
4006.0,17.0,0.0
4007.0,0.0,0.888
4007.0,1.0,0.0
4007.0,2.0,0.572529
4007.0,3.0,0.639873
4007.0,4.0,0.365324
4007.0,5.0,0.686146
4007.0,6.0,0.627525
4007.0,7.0,0.924582
4007.0,8.0,0.483177
4007.0,9.0,0.380885
4007.0,10.0,0.019957
4007.0,11.0,0.492669
4007.0,12.0,0.737751
4007.0,13.0,0.79695
4007.0,14.0,0.684363
4007.0,15.0,1.0
4007.0,16.0,0.313804
4007.0,17.0,0.0
4008.0,0.0,0.885935
4008.0,1.0,0.0
4008.0,2.0,0.563669
4008.0,3.0,0.615115
4008.0,4.0,0.351572
4008.0,5.0,0.66972
4008.0,6.0,0.518522
4008.0,7.0,0.912869
4008.0,8.0,0.440761
4008.0,9.0,0.359925
4008.0,10.0,0.016364
4008.0,11.0,0.474337
4008.0,12.0,0.620502
4008.0,13.0,0.793386
4008.0,14.0,0.672955
4008.0,15.0,1.0
4008.0,16.0,0.307227
4008.0,17.0,0.0
4009.0,0.0,0.884286
4009.0,1.0,0.0
4009.0,2.0,0.554263
4009.0,3.0,0.589908
4009.0,4.0,0.337873
4009.0,5.0,0.653814
4009.0,6.0,0.41267
4009.0,7.0,0.899664
4009.0,8.0,0.405004
4009.0,9.0,0.3407
4009.0,10.0,0.013784
4009.0,11.0,0.456923
4009.0,12.0,0.522801
4009.0,13.0,0.791063
4009.0,14.0,0.661456
4009.0,15.0,1.0
4009.0,16.0,0.30088
4009.0,17.0,0.0
4010.0,0.0,0.882585
4010.0,1.0,0.0
4010.0,2.0,0.54693
4010.0,3.0,0.565628
4010.0,4.0,0.325571
4010.0,5.0,0.637577
4010.0,6.0,0.3114
4010.0,7.0,0.885531
4010.0,8.0,0.371403
4010.0,9.0,0.322876
4010.0,10.0,0.0116
4010.0,11.0,0.44054
4010.0,12.0,0.444225
4010.0,13.0,0.788018
4010.0,14.0,0.651
4010.0,15.0,1.0
4010.0,16.0,0.29506
4010.0,17.0,0.0
5000.0,0.0,0.893065
5000.0,1.0,0.0
5000.0,2.0,0.532884
5000.0,3.0,0.561446
5000.0,4.0,0.326168
5000.0,5.0,0.644913
5000.0,6.0,0.311202
5000.0,7.0,0.894736
5000.0,8.0,0.371271
5000.0,9.0,0.327388
5000.0,10.0,0.010741
5000.0,11.0,0.434294
5000.0,12.0,0.447035
5000.0,13.0,0.786389
5000.0,14.0,0.664368
5000.0,15.0,1.0
5000.0,16.0,0.292685
5000.0,17.0,0.0
5001.0,0.0,0.894734
5001.0,1.0,0.0
5001.0,2.0,0.544245
5001.0,3.0,0.597667
5001.0,4.0,0.342929
5001.0,5.0,0.666709
5001.0,6.0,0.439959
5001.0,7.0,0.911374
5001.0,8.0,0.424446
5001.0,9.0,0.352884
5001.0,10.0,0.013597
5001.0,11.0,0.456904
5001.0,12.0,0.623795
5001.0,13.0,0.789481
5001.0,14.0,0.677836
5001.0,15.0,1.0
5001.0,16.0,0.300597
5001.0,17.0,0.0
5002.0,0.0,0.897194
5002.0,1.0,0.0
5002.0,2.0,0.55361
5002.0,3.0,0.627971
5002.0,4.0,0.357855
5002.0,5.0,0.684513
5002.0,6.0,0.562702
5002.0,7.0,0.924766
5002.0,8.0,0.472152
5002.0,9.0,0.375616
5002.0,10.0,0.016863
5002.0,11.0,0.477002
5002.0,12.0,0.750078
5002.0,13.0,0.792723
5002.0,14.0,0.689796
5002.0,15.0,1.0
5002.0,16.0,0.307524
5002.0,17.0,0.0
5003.0,0.0,0.898474
5003.0,1.0,0.0
5003.0,2.0,0.562183
5003.0,3.0,0.654443
5003.0,4.0,0.372201
5003.0,5.0,0.700137
5003.0,6.0,0.677068
5003.0,7.0,0.935012
5003.0,8.0,0.517983
5003.0,9.0,0.39771
5003.0,10.0,0.020514
5003.0,11.0,0.496455
5003.0,12.0,0.840567
5003.0,13.0,0.795058
5003.0,14.0,0.700513
5003.0,15.0,1.0
5003.0,16.0,0.314771
5003.0,17.0,0.0
5004.0,0.0,0.900452
5004.0,1.0,0.0
5004.0,2.0,0.571689
5004.0,3.0,0.677069
5004.0,4.0,0.385923
5004.0,5.0,0.714677
5004.0,6.0,0.774895
5004.0,7.0,0.944117
5004.0,8.0,0.565658
5004.0,9.0,0.418829
5004.0,10.0,0.024628
5004.0,11.0,0.51467
5004.0,12.0,0.90331
5004.0,13.0,0.798422
5004.0,14.0,0.711342
5004.0,15.0,1.0
5004.0,16.0,0.321443
5004.0,17.0,0.0
5005.0,0.0,0.901616
5005.0,1.0,0.0
5005.0,2.0,0.580745
5005.0,3.0,0.698559
5005.0,4.0,0.398912
5005.0,5.0,0.727899
5005.0,6.0,0.848881
5005.0,7.0,0.951483
5005.0,8.0,0.617964
5005.0,9.0,0.439851
5005.0,10.0,0.029165
5005.0,11.0,0.533021
5005.0,12.0,0.942965
5005.0,13.0,0.801374
5005.0,14.0,0.72276
5005.0,15.0,1.0
5005.0,16.0,0.328522
5005.0,17.0,0.0
5006.0,0.0,0.900273
5006.0,1.0,0.0
5006.0,2.0,0.568847
5006.0,3.0,0.665322
5006.0,4.0,0.381275
5006.0,5.0,0.708299
5006.0,6.0,0.739258
5006.0,7.0,0.940305
5006.0,8.0,0.535004
5006.0,9.0,0.410722
5006.0,10.0,0.022644
5006.0,11.0,0.506632
5006.0,12.0,0.860605
5006.0,13.0,0.797425
5006.0,14.0,0.707951
5006.0,15.0,1.0
5006.0,16.0,0.318205
5006.0,17.0,0.0
5007.0,0.0,0.898756
5007.0,1.0,0.0
5007.0,2.0,0.558983
5007.0,3.0,0.637703
5007.0,4.0,0.365749
5007.0,5.0,0.691437
5007.0,6.0,0.623231
5007.0,7.0,0.929454
5007.0,8.0,0.482554
5007.0,9.0,0.386456
5007.0,10.0,0.018778
5007.0,11.0,0.486167
5007.0,12.0,0.743466
5007.0,13.0,0.794673
5007.0,14.0,0.694696
5007.0,15.0,1.0
5007.0,16.0,0.310382
5007.0,17.0,0.0
5008.0,0.0,0.897894
5008.0,1.0,0.0
5008.0,2.0,0.550435
5008.0,3.0,0.61138
5008.0,4.0,0.352462
5008.0,5.0,0.674984
5008.0,6.0,0.51346
5008.0,7.0,0.918178
5008.0,8.0,0.441142
5008.0,9.0,0.365337
5008.0,10.0,0.015526
5008.0,11.0,0.467826
5008.0,12.0,0.62626
5008.0,13.0,0.79198
5008.0,14.0,0.683618
5008.0,15.0,1.0
5008.0,16.0,0.303174
5008.0,17.0,0.0
5009.0,0.0,0.896303
5009.0,1.0,0.0
5009.0,2.0,0.542727
5009.0,3.0,0.587046
5009.0,4.0,0.339394
5009.0,5.0,0.659197
5009.0,6.0,0.408545
5009.0,7.0,0.906449
5009.0,8.0,0.404519
5009.0,9.0,0.345873
5009.0,10.0,0.012926
5009.0,11.0,0.450961
5009.0,12.0,0.529876
5009.0,13.0,0.789915
5009.0,14.0,0.673064
5009.0,15.0,1.0
5009.0,16.0,0.296464
5009.0,17.0,0.0
5010.0,0.0,0.896065
5010.0,1.0,0.0
5010.0,2.0,0.53588
5010.0,3.0,0.564005
5010.0,4.0,0.326888
5010.0,5.0,0.643673
5010.0,6.0,0.308872
5010.0,7.0,0.892935
5010.0,8.0,0.373312
5010.0,9.0,0.327797
5010.0,10.0,0.011042
5010.0,11.0,0.435697
5010.0,12.0,0.4501
5010.0,13.0,0.788012
5010.0,14.0,0.662409
5010.0,15.0,1.0
5010.0,16.0,0.290247
5010.0,17.0,0.0
6000.0,0.0,0.880996
6000.0,1.0,0.0
6000.0,2.0,0.541229
6000.0,3.0,0.559331
6000.0,4.0,0.315864
6000.0,5.0,0.63683
6000.0,6.0,0.309035
6000.0,7.0,0.900679
6000.0,8.0,0.372158
6000.0,9.0,0.324097
6000.0,10.0,0.011283
6000.0,11.0,0.438399
6000.0,12.0,0.443947
6000.0,13.0,0.781511
6000.0,14.0,0.653855
6000.0,15.0,1.0
6000.0,16.0,0.29305
6000.0,17.0,0.0
6001.0,0.0,0.883477
6001.0,1.0,0.0
6001.0,2.0,0.550919
6001.0,3.0,0.594954
6001.0,4.0,0.332352
6001.0,5.0,0.657812
6001.0,6.0,0.43838
6001.0,7.0,0.917165
6001.0,8.0,0.42413
6001.0,9.0,0.348735
6001.0,10.0,0.014171
6001.0,11.0,0.46108
6001.0,12.0,0.621262
6001.0,13.0,0.786258
6001.0,14.0,0.668509
6001.0,15.0,1.0
6001.0,16.0,0.302883
6001.0,17.0,0.0
6002.0,0.0,0.885212
6002.0,1.0,0.0
6002.0,2.0,0.560584
6002.0,3.0,0.625376
6002.0,4.0,0.348009
6002.0,5.0,0.675497
6002.0,6.0,0.562485
6002.0,7.0,0.929528
6002.0,8.0,0.472716
6002.0,9.0,0.373265
6002.0,10.0,0.017427
6002.0,11.0,0.480606
6002.0,12.0,0.747755
6002.0,13.0,0.789022
6002.0,14.0,0.68191
6002.0,15.0,1.0
6002.0,16.0,0.310672
6002.0,17.0,0.0
6003.0,0.0,0.886851
6003.0,1.0,0.0
6003.0,2.0,0.567638
6003.0,3.0,0.652006
6003.0,4.0,0.363462
6003.0,5.0,0.691551
6003.0,6.0,0.677301
6003.0,7.0,0.939764
6003.0,8.0,0.519086
6003.0,9.0,0.395805
6003.0,10.0,0.021057
6003.0,11.0,0.499563
6003.0,12.0,0.839092
6003.0,13.0,0.792824
6003.0,14.0,0.694244
6003.0,15.0,1.0
6003.0,16.0,0.317219
6003.0,17.0,0.0
6004.0,0.0,0.888769
6004.0,1.0,0.0
6004.0,2.0,0.57684
6004.0,3.0,0.675002
6004.0,4.0,0.377674
6004.0,5.0,0.705088
6004.0,6.0,0.775084
6004.0,7.0,0.948034
6004.0,8.0,0.56844
6004.0,9.0,0.41602
6004.0,10.0,0.025286
6004.0,11.0,0.516953
6004.0,12.0,0.901549
6004.0,13.0,0.795574
6004.0,14.0,0.706042
6004.0,15.0,1.0
6004.0,16.0,0.323826
6004.0,17.0,0.0
6005.0,0.0,0.890214
6005.0,1.0,0.0
6005.0,2.0,0.585344
6005.0,3.0,0.696912
6005.0,4.0,0.391147
6005.0,5.0,0.718508
6005.0,6.0,0.84867
6005.0,7.0,0.955308
6005.0,8.0,0.62092
6005.0,9.0,0.436409
6005.0,10.0,0.030451
6005.0,11.0,0.533819
6005.0,12.0,0.941803
6005.0,13.0,0.79869
6005.0,14.0,0.717258
6005.0,15.0,1.0
6005.0,16.0,0.330683
6005.0,17.0,0.0
6006.0,0.0,0.887718
6006.0,1.0,0.0
6006.0,2.0,0.573206
6006.0,3.0,0.663245
6006.0,4.0,0.373091
6006.0,5.0,0.699533
6006.0,6.0,0.739325
6006.0,7.0,0.945455
6006.0,8.0,0.537077
6006.0,9.0,0.405779
6006.0,10.0,0.023742
6006.0,11.0,0.509495
6006.0,12.0,0.858211
6006.0,13.0,0.795564
6006.0,14.0,0.702869
6006.0,15.0,1.0
6006.0,16.0,0.320792
6006.0,17.0,0.0
6007.0,0.0,0.885525
6007.0,1.0,0.0
6007.0,2.0,0.563134
6007.0,3.0,0.63481
6007.0,4.0,0.358439
6007.0,5.0,0.682994
6007.0,6.0,0.622648
6007.0,7.0,0.935928
6007.0,8.0,0.484028
6007.0,9.0,0.381897
6007.0,10.0,0.019054
6007.0,11.0,0.489238
6007.0,12.0,0.73975
6007.0,13.0,0.792136
6007.0,14.0,0.689613
6007.0,15.0,1.0
6007.0,16.0,0.31236
6007.0,17.0,0.0
6008.0,0.0,0.883499
6008.0,1.0,0.0
6008.0,2.0,0.553729
6008.0,3.0,0.609819
6008.0,4.0,0.344917
6008.0,5.0,0.666949
6008.0,6.0,0.514119
6008.0,7.0,0.925256
6008.0,8.0,0.442087
6008.0,9.0,0.360974
6008.0,10.0,0.015342
6008.0,11.0,0.471948
6008.0,12.0,0.622478
6008.0,13.0,0.789072
6008.0,14.0,0.67783
6008.0,15.0,1.0
6008.0,16.0,0.306157
6008.0,17.0,0.0
6009.0,0.0,0.881412
6009.0,1.0,0.0
6009.0,2.0,0.54493
6009.0,3.0,0.586359
6009.0,4.0,0.331331
6009.0,5.0,0.650936
6009.0,6.0,0.409648
6009.0,7.0,0.913756
6009.0,8.0,0.406861
6009.0,9.0,0.340769
6009.0,10.0,0.012516
6009.0,11.0,0.454841
6009.0,12.0,0.525491
6009.0,13.0,0.785621
6009.0,14.0,0.666301
6009.0,15.0,1.0
6009.0,16.0,0.29985
6009.0,17.0,0.0
6010.0,0.0,0.879742
6010.0,1.0,0.0
6010.0,2.0,0.536113
6010.0,3.0,0.562278
6010.0,4.0,0.318179
6010.0,5.0,0.635402
6010.0,6.0,0.30905
6010.0,7.0,0.902177
6010.0,8.0,0.373836
6010.0,9.0,0.323283
6010.0,10.0,0.010348
6010.0,11.0,0.438493
6010.0,12.0,0.446714
6010.0,13.0,0.782698
6010.0,14.0,0.655507
6010.0,15.0,1.0
6010.0,16.0,0.293186
6010.0,17.0,0.0
7000.0,0.0,0.886513
7000.0,1.0,0.0
7000.0,2.0,0.532504
7000.0,3.0,0.566692
7000.0,4.0,0.327807
7000.0,5.0,0.644774
7000.0,6.0,0.309632
7000.0,7.0,0.895475
7000.0,8.0,0.372
7000.0,9.0,0.324568
7000.0,10.0,0.006501
7000.0,11.0,0.431186
7000.0,12.0,0.443759
7000.0,13.0,0.792994
7000.0,14.0,0.666965
7000.0,15.0,1.0
7000.0,16.0,0.279173
7000.0,17.0,0.0
7001.0,0.0,0.888741
7001.0,1.0,0.0
7001.0,2.0,0.541993
7001.0,3.0,0.603997
7001.0,4.0,0.345159
7001.0,5.0,0.665638
7001.0,6.0,0.440513
7001.0,7.0,0.913014
7001.0,8.0,0.423229
7001.0,9.0,0.350271
7001.0,10.0,0.008399
7001.0,11.0,0.454362
7001.0,12.0,0.621111
7001.0,13.0,0.797704
7001.0,14.0,0.681596
7001.0,15.0,1.0
7001.0,16.0,0.28717
7001.0,17.0,0.0
7002.0,0.0,0.890465
7002.0,1.0,0.0
7002.0,2.0,0.55125
7002.0,3.0,0.634057
7002.0,4.0,0.360734
7002.0,5.0,0.682411
7002.0,6.0,0.563983
7002.0,7.0,0.925767
7002.0,8.0,0.471777
7002.0,9.0,0.373767
7002.0,10.0,0.010522
7002.0,11.0,0.473532
7002.0,12.0,0.748489
7002.0,13.0,0.800364
7002.0,14.0,0.692724
7002.0,15.0,1.0
7002.0,16.0,0.294126
7002.0,17.0,0.0
7003.0,0.0,0.892715
7003.0,1.0,0.0
7003.0,2.0,0.559561
7003.0,3.0,0.660377
7003.0,4.0,0.376109
7003.0,5.0,0.697878
7003.0,6.0,0.67886
7003.0,7.0,0.936559
7003.0,8.0,0.519265
7003.0,9.0,0.395382
7003.0,10.0,0.012886
7003.0,11.0,0.491548
7003.0,12.0,0.840216
7003.0,13.0,0.802997
7003.0,14.0,0.704605
7003.0,15.0,1.0
7003.0,16.0,0.300706
7003.0,17.0,0.0
7004.0,0.0,0.895013
7004.0,1.0,0.0
7004.0,2.0,0.568868
7004.0,3.0,0.683835
7004.0,4.0,0.389438
7004.0,5.0,0.712972
7004.0,6.0,0.776154
7004.0,7.0,0.94555
7004.0,8.0,0.568473
7004.0,9.0,0.417074
7004.0,10.0,0.015724
7004.0,11.0,0.510041
7004.0,12.0,0.902764
7004.0,13.0,0.806129
7004.0,14.0,0.715763
7004.0,15.0,1.0
7004.0,16.0,0.307313
7004.0,17.0,0.0
7005.0,0.0,0.896322
7005.0,1.0,0.0
7005.0,2.0,0.57758
7005.0,3.0,0.705608
7005.0,4.0,0.402553
7005.0,5.0,0.725846
7005.0,6.0,0.850474
7005.0,7.0,0.953116
7005.0,8.0,0.621648
7005.0,9.0,0.437669
7005.0,10.0,0.0188
7005.0,11.0,0.527911
7005.0,12.0,0.942686
7005.0,13.0,0.809595
7005.0,14.0,0.726395
7005.0,15.0,1.0
7005.0,16.0,0.314017
7005.0,17.0,0.0
7006.0,0.0,0.894697
7006.0,1.0,0.0
7006.0,2.0,0.565452
7006.0,3.0,0.67102
7006.0,4.0,0.384674
7006.0,5.0,0.706215
7006.0,6.0,0.741408
7006.0,7.0,0.943038
7006.0,8.0,0.537548
7006.0,9.0,0.4074
7006.0,10.0,0.014581
7006.0,11.0,0.50298
7006.0,12.0,0.859735
7006.0,13.0,0.80583
7006.0,14.0,0.710937
7006.0,15.0,1.0
7006.0,16.0,0.305408
7006.0,17.0,0.0
7007.0,0.0,0.893123
7007.0,1.0,0.0
7007.0,2.0,0.55522
7007.0,3.0,0.642965
7007.0,4.0,0.36846
7007.0,5.0,0.689693
7007.0,6.0,0.625219
7007.0,7.0,0.932826
7007.0,8.0,0.484407
7007.0,9.0,0.382613
7007.0,10.0,0.012309
7007.0,11.0,0.482823
7007.0,12.0,0.740499
7007.0,13.0,0.803652
7007.0,14.0,0.698308
7007.0,15.0,1.0
7007.0,16.0,0.299111
7007.0,17.0,0.0
7008.0,0.0,0.891736
7008.0,1.0,0.0
7008.0,2.0,0.546389
7008.0,3.0,0.616835
7008.0,4.0,0.355439
7008.0,5.0,0.674061
7008.0,6.0,0.516043
7008.0,7.0,0.921576
7008.0,8.0,0.443875
7008.0,9.0,0.361978
7008.0,10.0,0.01021
7008.0,11.0,0.464796
7008.0,12.0,0.622653
7008.0,13.0,0.800975
7008.0,14.0,0.686276
7008.0,15.0,1.0
7008.0,16.0,0.29196
7008.0,17.0,0.0
7009.0,0.0,0.890035
7009.0,1.0,0.0
7009.0,2.0,0.538249
7009.0,3.0,0.591194
7009.0,4.0,0.34203
7009.0,5.0,0.658574
7009.0,6.0,0.411363
7009.0,7.0,0.909439
7009.0,8.0,0.40735
7009.0,9.0,0.342802
7009.0,10.0,0.008519
7009.0,11.0,0.447833
7009.0,12.0,0.525619
7009.0,13.0,0.798267
7009.0,14.0,0.675636
7009.0,15.0,1.0
7009.0,16.0,0.285967
7009.0,17.0,0.0
7010.0,0.0,0.887941
7010.0,1.0,0.0
7010.0,2.0,0.529807
7010.0,3.0,0.567216
7010.0,4.0,0.328932
7010.0,5.0,0.641889
7010.0,6.0,0.310683
7010.0,7.0,0.89612
7010.0,8.0,0.375499
7010.0,9.0,0.324575
7010.0,10.0,0.007207
7010.0,11.0,0.432078
7010.0,12.0,0.445377
7010.0,13.0,0.795652
7010.0,14.0,0.664675
7010.0,15.0,1.0
7010.0,16.0,0.281405
7010.0,17.0,0.0
8000.0,0.0,0.892793
8000.0,1.0,0.0
8000.0,2.0,0.540477
8000.0,3.0,0.565019
8000.0,4.0,0.321128
8000.0,5.0,0.642962
8000.0,6.0,0.315303
8000.0,7.0,0.879654
8000.0,8.0,0.367358
8000.0,9.0,0.3189
8000.0,10.0,0.0091
8000.0,11.0,0.436927
8000.0,12.0,0.448123
8000.0,13.0,0.782088
8000.0,14.0,0.65516
8000.0,15.0,1.0
8000.0,16.0,0.291151
8000.0,17.0,0.0
8001.0,0.0,0.894898
8001.0,1.0,0.0
8001.0,2.0,0.551376
8001.0,3.0,0.603022
8001.0,4.0,0.338277
8001.0,5.0,0.663335
8001.0,6.0,0.444198
8001.0,7.0,0.899368
8001.0,8.0,0.42063
8001.0,9.0,0.344117
8001.0,10.0,0.011538
8001.0,11.0,0.459688
8001.0,12.0,0.623538
8001.0,13.0,0.785252
8001.0,14.0,0.669604
8001.0,15.0,1.0
8001.0,16.0,0.299938
8001.0,17.0,0.0
8002.0,0.0,0.896495
8002.0,1.0,0.0
8002.0,2.0,0.561491
8002.0,3.0,0.633212
8002.0,4.0,0.352548
8002.0,5.0,0.68094
8002.0,6.0,0.567445
8002.0,7.0,0.91347
8002.0,8.0,0.468698
8002.0,9.0,0.366606
8002.0,10.0,0.01429
8002.0,11.0,0.480201
8002.0,12.0,0.748667
8002.0,13.0,0.788158
8002.0,14.0,0.682516
8002.0,15.0,1.0
8002.0,16.0,0.307479
8002.0,17.0,0.0
8003.0,0.0,0.898438
8003.0,1.0,0.0
8003.0,2.0,0.571409
8003.0,3.0,0.658962
8003.0,4.0,0.365819
8003.0,5.0,0.69632
8003.0,6.0,0.682471
8003.0,7.0,0.926222
8003.0,8.0,0.515814
8003.0,9.0,0.388516
8003.0,10.0,0.01747
8003.0,11.0,0.498801
8003.0,12.0,0.840215
8003.0,13.0,0.79158
8003.0,14.0,0.694418
8003.0,15.0,1.0
8003.0,16.0,0.315311
8003.0,17.0,0.0
8004.0,0.0,0.900164
8004.0,1.0,0.0
8004.0,2.0,0.580885
8004.0,3.0,0.682672
8004.0,4.0,0.378611
8004.0,5.0,0.710351
8004.0,6.0,0.779252
8004.0,7.0,0.936009
8004.0,8.0,0.566217
8004.0,9.0,0.409627
8004.0,10.0,0.021295
8004.0,11.0,0.515781
8004.0,12.0,0.902685
8004.0,13.0,0.794578
8004.0,14.0,0.705564
8004.0,15.0,1.0
8004.0,16.0,0.321803
8004.0,17.0,0.0
8005.0,0.0,0.90158
8005.0,1.0,0.0
8005.0,2.0,0.58983
8005.0,3.0,0.703337
8005.0,4.0,0.390636
8005.0,5.0,0.723953
8005.0,6.0,0.852251
8005.0,7.0,0.944366
8005.0,8.0,0.618201
8005.0,9.0,0.43069
8005.0,10.0,0.025476
8005.0,11.0,0.53253
8005.0,12.0,0.942822
8005.0,13.0,0.797229
8005.0,14.0,0.716067
8005.0,15.0,1.0
8005.0,16.0,0.329528
8005.0,17.0,0.0
8006.0,0.0,0.899509
8006.0,1.0,0.0
8006.0,2.0,0.576682
8006.0,3.0,0.669084
8006.0,4.0,0.371579
8006.0,5.0,0.702589
8006.0,6.0,0.743915
8006.0,7.0,0.932281
8006.0,8.0,0.533935
8006.0,9.0,0.401188
8006.0,10.0,0.01993
8006.0,11.0,0.507423
8006.0,12.0,0.860419
8006.0,13.0,0.793444
8006.0,14.0,0.700916
8006.0,15.0,1.0
8006.0,16.0,0.318605
8006.0,17.0,0.0
8007.0,0.0,0.897748
8007.0,1.0,0.0
8007.0,2.0,0.567296
8007.0,3.0,0.642048
8007.0,4.0,0.357116
8007.0,5.0,0.68508
8007.0,6.0,0.628668
8007.0,7.0,0.921054
8007.0,8.0,0.480105
8007.0,9.0,0.378456
8007.0,10.0,0.016056
8007.0,11.0,0.487282
8007.0,12.0,0.7412
8007.0,13.0,0.789814
8007.0,14.0,0.688223
8007.0,15.0,1.0
8007.0,16.0,0.310425
8007.0,17.0,0.0
8008.0,0.0,0.896321
8008.0,1.0,0.0
8008.0,2.0,0.558862
8008.0,3.0,0.617189
8008.0,4.0,0.343849
8008.0,5.0,0.669314
8008.0,6.0,0.519264
8008.0,7.0,0.908821
8008.0,8.0,0.438911
8008.0,9.0,0.357476
8008.0,10.0,0.013256
8008.0,11.0,0.469635
8008.0,12.0,0.623998
8008.0,13.0,0.785887
8008.0,14.0,0.676055
8008.0,15.0,1.0
8008.0,16.0,0.303814
8008.0,17.0,0.0
8009.0,0.0,0.894776
8009.0,1.0,0.0
8009.0,2.0,0.550942
8009.0,3.0,0.593328
8009.0,4.0,0.330955
8009.0,5.0,0.65424
8009.0,6.0,0.415359
8009.0,7.0,0.895457
8009.0,8.0,0.402418
8009.0,9.0,0.338021
8009.0,10.0,0.011049
8009.0,11.0,0.452714
8009.0,12.0,0.526712
8009.0,13.0,0.782386
8009.0,14.0,0.664202
8009.0,15.0,1.0
8009.0,16.0,0.295906
8009.0,17.0,0.0
8010.0,0.0,0.893122
8010.0,1.0,0.0
8010.0,2.0,0.54258
8010.0,3.0,0.569929
8010.0,4.0,0.317517
8010.0,5.0,0.63988
8010.0,6.0,0.315103
8010.0,7.0,0.881019
8010.0,8.0,0.369784
8010.0,9.0,0.321034
8010.0,10.0,0.009435
8010.0,11.0,0.436701
8010.0,12.0,0.446894
8010.0,13.0,0.779505
8010.0,14.0,0.653487
8010.0,15.0,1.0
8010.0,16.0,0.290033
8010.0,17.0,0.0
9000.0,0.0,0.902009
9000.0,1.0,0.0
9000.0,2.0,0.5384
9000.0,3.0,0.569058
9000.0,4.0,0.330215
9000.0,5.0,0.645655
9000.0,6.0,0.311949
9000.0,7.0,0.896739
9000.0,8.0,0.370804
9000.0,9.0,0.320815
9000.0,10.0,0.010193
9000.0,11.0,0.433894
9000.0,12.0,0.447142
9000.0,13.0,0.768709
9000.0,14.0,0.660835
9000.0,15.0,1.0
9000.0,16.0,0.288108
9000.0,17.0,0.0
9001.0,0.0,0.904041
9001.0,1.0,0.0
9001.0,2.0,0.549053
9001.0,3.0,0.603987
9001.0,4.0,0.346924
9001.0,5.0,0.666021
9001.0,6.0,0.43909
9001.0,7.0,0.913772
9001.0,8.0,0.424432
9001.0,9.0,0.345161
9001.0,10.0,0.01271
9001.0,11.0,0.4572
9001.0,12.0,0.621394
9001.0,13.0,0.772576
9001.0,14.0,0.675854
9001.0,15.0,1.0
9001.0,16.0,0.296579
9001.0,17.0,0.0
9002.0,0.0,0.90629
9002.0,1.0,0.0
9002.0,2.0,0.559255
9002.0,3.0,0.632842
9002.0,4.0,0.361543
9002.0,5.0,0.683024
9002.0,6.0,0.562242
9002.0,7.0,0.92582
9002.0,8.0,0.472661
9002.0,9.0,0.367798
9002.0,10.0,0.015702
9002.0,11.0,0.476261
9002.0,12.0,0.74688
9002.0,13.0,0.776042
9002.0,14.0,0.687828
9002.0,15.0,1.0
9002.0,16.0,0.302951
9002.0,17.0,0.0
9003.0,0.0,0.908487
9003.0,1.0,0.0
9003.0,2.0,0.568859
9003.0,3.0,0.658326
9003.0,4.0,0.374221
9003.0,5.0,0.699198
9003.0,6.0,0.678351
9003.0,7.0,0.936293
9003.0,8.0,0.519807
9003.0,9.0,0.389575
9003.0,10.0,0.019202
9003.0,11.0,0.495
9003.0,12.0,0.838063
9003.0,13.0,0.778798
9003.0,14.0,0.699299
9003.0,15.0,1.0
9003.0,16.0,0.309441
9003.0,17.0,0.0
9004.0,0.0,0.909803
9004.0,1.0,0.0
9004.0,2.0,0.577811
9004.0,3.0,0.681633
9004.0,4.0,0.387742
9004.0,5.0,0.713383
9004.0,6.0,0.775145
9004.0,7.0,0.945189
9004.0,8.0,0.569195
9004.0,9.0,0.411113
9004.0,10.0,0.023373
9004.0,11.0,0.512678
9004.0,12.0,0.90065
9004.0,13.0,0.781781
9004.0,14.0,0.709542
9004.0,15.0,1.0
9004.0,16.0,0.316298
9004.0,17.0,0.0
9005.0,0.0,0.91112
9005.0,1.0,0.0
9005.0,2.0,0.586179
9005.0,3.0,0.702882
9005.0,4.0,0.400515
9005.0,5.0,0.727172
9005.0,6.0,0.848859
9005.0,7.0,0.952782
9005.0,8.0,0.621351
9005.0,9.0,0.432207
9005.0,10.0,0.028508
9005.0,11.0,0.529866
9005.0,12.0,0.941198
9005.0,13.0,0.784268
9005.0,14.0,0.719788
9005.0,15.0,1.0
9005.0,16.0,0.323366
9005.0,17.0,0.0
9006.0,0.0,0.908965
9006.0,1.0,0.0
9006.0,2.0,0.573942
9006.0,3.0,0.66985
9006.0,4.0,0.382104
9006.0,5.0,0.706953
9006.0,6.0,0.74032
9006.0,7.0,0.942456
9006.0,8.0,0.53824
9006.0,9.0,0.402623
9006.0,10.0,0.022043
9006.0,11.0,0.504687
9006.0,12.0,0.856393
9006.0,13.0,0.780422
9006.0,14.0,0.704644
9006.0,15.0,1.0
9006.0,16.0,0.314685
9006.0,17.0,0.0
9007.0,0.0,0.907504
9007.0,1.0,0.0
9007.0,2.0,0.563587
9007.0,3.0,0.642788
9007.0,4.0,0.366793
9007.0,5.0,0.689523
9007.0,6.0,0.624525
9007.0,7.0,0.932549
9007.0,8.0,0.484494
9007.0,9.0,0.379373
9007.0,10.0,0.017809
9007.0,11.0,0.484966
9007.0,12.0,0.737139
9007.0,13.0,0.777284
9007.0,14.0,0.691509
9007.0,15.0,1.0
9007.0,16.0,0.306884
9007.0,17.0,0.0
9008.0,0.0,0.905863
9008.0,1.0,0.0
9008.0,2.0,0.554949
9008.0,3.0,0.618036
9008.0,4.0,0.353161
9008.0,5.0,0.673184
9008.0,6.0,0.515587
9008.0,7.0,0.921816
9008.0,8.0,0.442393
9008.0,9.0,0.359135
9008.0,10.0,0.014656
9008.0,11.0,0.466966
9008.0,12.0,0.619983
9008.0,13.0,0.775155
9008.0,14.0,0.679729
9008.0,15.0,1.0
9008.0,16.0,0.300189
9008.0,17.0,0.0
9009.0,0.0,0.904612
9009.0,1.0,0.0
9009.0,2.0,0.546999
9009.0,3.0,0.594145
9009.0,4.0,0.340391
9009.0,5.0,0.657239
9009.0,6.0,0.409672
9009.0,7.0,0.909114
9009.0,8.0,0.405652
9009.0,9.0,0.339222
9009.0,10.0,0.012133
9009.0,11.0,0.449475
9009.0,12.0,0.523049
9009.0,13.0,0.772887
9009.0,14.0,0.668499
9009.0,15.0,1.0
9009.0,16.0,0.293845
9009.0,17.0,0.0
9010.0,0.0,0.903599
9010.0,1.0,0.0
9010.0,2.0,0.540031
9010.0,3.0,0.570298
9010.0,4.0,0.327768
9010.0,5.0,0.642558
9010.0,6.0,0.308799
9010.0,7.0,0.896018
9010.0,8.0,0.372142
9010.0,9.0,0.321769
9010.0,10.0,0.010199
9010.0,11.0,0.433114
9010.0,12.0,0.444004
9010.0,13.0,0.769492
9010.0,14.0,0.657891
9010.0,15.0,1.0
9010.0,16.0,0.288065
9010.0,17.0,0.0
10000.0,0.0,0.882578
10000.0,1.0,0.0
10000.0,2.0,0.537519
10000.0,3.0,0.567835
10000.0,4.0,0.326965
10000.0,5.0,0.639174
10000.0,6.0,0.31202
10000.0,7.0,0.887227
10000.0,8.0,0.373987
10000.0,9.0,0.325263
10000.0,10.0,0.012277
10000.0,11.0,0.430848
10000.0,12.0,0.451126
10000.0,13.0,0.785373
10000.0,14.0,0.664867
10000.0,15.0,1.0
10000.0,16.0,0.293383
10000.0,17.0,0.0
10001.0,0.0,0.884906
10001.0,1.0,0.0
10001.0,2.0,0.55044
10001.0,3.0,0.603092
10001.0,4.0,0.342893
10001.0,5.0,0.660292
10001.0,6.0,0.441387
10001.0,7.0,0.905578
10001.0,8.0,0.423618
10001.0,9.0,0.350308
10001.0,10.0,0.015665
10001.0,11.0,0.454054
10001.0,12.0,0.624218
10001.0,13.0,0.789403
10001.0,14.0,0.680137
10001.0,15.0,1.0
10001.0,16.0,0.302042
10001.0,17.0,0.0
10002.0,0.0,0.886683
10002.0,1.0,0.0
10002.0,2.0,0.561586
10002.0,3.0,0.631896
10002.0,4.0,0.357396
10002.0,5.0,0.677542
10002.0,6.0,0.564312
10002.0,7.0,0.920335
10002.0,8.0,0.471181
10002.0,9.0,0.372266
10002.0,10.0,0.019043
10002.0,11.0,0.473298
10002.0,12.0,0.749254
10002.0,13.0,0.793238
10002.0,14.0,0.692454
10002.0,15.0,1.0
10002.0,16.0,0.309718
10002.0,17.0,0.0
10003.0,0.0,0.888109
10003.0,1.0,0.0
10003.0,2.0,0.571931
10003.0,3.0,0.657283
10003.0,4.0,0.371356
10003.0,5.0,0.693147
10003.0,6.0,0.679612
10003.0,7.0,0.931324
10003.0,8.0,0.517497
10003.0,9.0,0.393516
10003.0,10.0,0.02327
10003.0,11.0,0.491699
10003.0,12.0,0.839246
10003.0,13.0,0.796294
10003.0,14.0,0.705516
10003.0,15.0,1.0
10003.0,16.0,0.317908
10003.0,17.0,0.0
10004.0,0.0,0.889531
10004.0,1.0,0.0
10004.0,2.0,0.581724
10004.0,3.0,0.680111
10004.0,4.0,0.384162
10004.0,5.0,0.708071
10004.0,6.0,0.777175
10004.0,7.0,0.940815
10004.0,8.0,0.567152
10004.0,9.0,0.414351
10004.0,10.0,0.028042
10004.0,11.0,0.510082
10004.0,12.0,0.902043
10004.0,13.0,0.800314
10004.0,14.0,0.716712
10004.0,15.0,1.0
10004.0,16.0,0.325473
10004.0,17.0,0.0
10005.0,0.0,0.891546
10005.0,1.0,0.0
10005.0,2.0,0.591205
10005.0,3.0,0.701828
10005.0,4.0,0.396929
10005.0,5.0,0.722071
10005.0,6.0,0.850845
10005.0,7.0,0.948751
10005.0,8.0,0.619663
10005.0,9.0,0.435363
10005.0,10.0,0.033897
10005.0,11.0,0.528175
10005.0,12.0,0.941602
10005.0,13.0,0.803003
10005.0,14.0,0.727143
10005.0,15.0,1.0
10005.0,16.0,0.332738
10005.0,17.0,0.0
10006.0,0.0,0.889903
10006.0,1.0,0.0
10006.0,2.0,0.578094
10006.0,3.0,0.66841
10006.0,4.0,0.37865
10006.0,5.0,0.701894
10006.0,6.0,0.742596
10006.0,7.0,0.938153
10006.0,8.0,0.53423
10006.0,9.0,0.404244
10006.0,10.0,0.026771
10006.0,11.0,0.502694
10006.0,12.0,0.858084
10006.0,13.0,0.799605
10006.0,14.0,0.712048
10006.0,15.0,1.0
10006.0,16.0,0.322353
10006.0,17.0,0.0
10007.0,0.0,0.888933
10007.0,1.0,0.0
10007.0,2.0,0.567412
10007.0,3.0,0.64094
10007.0,4.0,0.362212
10007.0,5.0,0.685433
10007.0,6.0,0.626575
10007.0,7.0,0.927403
10007.0,8.0,0.481378
10007.0,9.0,0.379191
10007.0,10.0,0.021605
10007.0,11.0,0.4828
10007.0,12.0,0.740602
10007.0,13.0,0.796213
10007.0,14.0,0.699079
10007.0,15.0,1.0
10007.0,16.0,0.313519
10007.0,17.0,0.0
10008.0,0.0,0.88669
10008.0,1.0,0.0
10008.0,2.0,0.558119
10008.0,3.0,0.61562
10008.0,4.0,0.348599
10008.0,5.0,0.669609
10008.0,6.0,0.517821
10008.0,7.0,0.916158
10008.0,8.0,0.439998
10008.0,9.0,0.358959
10008.0,10.0,0.01814
10008.0,11.0,0.464243
10008.0,12.0,0.623385
10008.0,13.0,0.792512
10008.0,14.0,0.687052
10008.0,15.0,1.0
10008.0,16.0,0.306648
10008.0,17.0,0.0
10009.0,0.0,0.88531
10009.0,1.0,0.0
10009.0,2.0,0.549433
10009.0,3.0,0.591201
10009.0,4.0,0.335731
10009.0,5.0,0.654909
10009.0,6.0,0.412473
10009.0,7.0,0.903251
10009.0,8.0,0.403722
10009.0,9.0,0.340523
10009.0,10.0,0.015094
10009.0,11.0,0.446216
10009.0,12.0,0.526472
10009.0,13.0,0.789666
10009.0,14.0,0.676185
10009.0,15.0,1.0
10009.0,16.0,0.299744
10009.0,17.0,0.0
10010.0,0.0,0.88354
10010.0,1.0,0.0
10010.0,2.0,0.539473
10010.0,3.0,0.567811
10010.0,4.0,0.32256
10010.0,5.0,0.640231
10010.0,6.0,0.312102
10010.0,7.0,0.889669
10010.0,8.0,0.372055
10010.0,9.0,0.321893
10010.0,10.0,0.012785
10010.0,11.0,0.430529
10010.0,12.0,0.448061
10010.0,13.0,0.786543
10010.0,14.0,0.666116
10010.0,15.0,1.0
10010.0,16.0,0.294228
10010.0,17.0,0.0
