FREQUENCIES 
Gen,mut_id,mut_freq
1.0,0.0,0.5
1.0,1.0,0.5
1.0,2.0,0.5
1.0,3.0,0.5
1.0,4.0,0.5
1.0,5.0,0.5
1.0,6.0,0.5
1.0,7.0,0.5
1.0,8.0,0.5
1.0,9.0,0.5
1.0,10.0,0.5
1.0,11.0,0.5
1.0,12.0,0.5
1.0,13.0,0.5
1.0,14.0,0.5
1.0,15.0,0.5
1.0,16.0,0.5
1.0,17.0,0.5
1.0,18.0,0.5
1.0,19.0,0.5
1.0,20.0,0.5
1.0,21.0,0.5
1.0,22.0,0.5
1.0,23.0,0.5
1.0,24.0,0.5
1.0,25.0,0.5
1.0,26.0,0.5
1.0,27.0,0.5
1.0,28.0,0.5
1.0,29.0,0.5
1.0,30.0,0.5
1.0,31.0,0.5
1.0,32.0,0.5
1.0,33.0,0.5
1.0,34.0,0.5
1.0,35.0,0.5
1.0,36.0,0.5
1000.0,0.0,0.003229
1000.0,1.0,0.22853
1000.0,2.0,0.644554
1000.0,3.0,0.58773
1000.0,4.0,0.563105
1000.0,5.0,0.999213
1000.0,6.0,0.18757
1000.0,7.0,0.054016
1000.0,8.0,0.565774
1000.0,9.0,0.005472
1000.0,10.0,0.706108
1000.0,11.0,0.999503
1000.0,12.0,0.473056
1000.0,13.0,0.023203
1000.0,14.0,0.575435
1000.0,15.0,0.388531
1000.0,16.0,0.558831
1000.0,17.0,0.664412
1000.0,18.0,0.722222
1000.0,19.0,1.0
1000.0,20.0,0.0
1000.0,21.0,0.015673
1000.0,22.0,0.309998
1000.0,23.0,0.795234
1000.0,24.0,0.957819
1000.0,25.0,0.518642
1000.0,26.0,0.456977
1000.0,27.0,0.354746
1000.0,28.0,0.875013
1000.0,29.0,0.523794
1000.0,30.0,0.65643
1000.0,31.0,0.000142
1000.0,32.0,0.801722
1000.0,33.0,0.542441
1000.0,34.0,0.358404
1000.0,35.0,0.576009
1000.0,36.0,0.40307
1001.0,0.0,0.003283
1001.0,1.0,0.230321
1001.0,2.0,0.649992
1001.0,3.0,0.603159
1001.0,4.0,0.56557
1001.0,5.0,0.99926
1001.0,6.0,0.196777
1001.0,7.0,0.056086
1001.0,8.0,0.56946
1001.0,9.0,0.00565
1001.0,10.0,0.72471
1001.0,11.0,0.99953
1001.0,12.0,0.47623
1001.0,13.0,0.023165
1001.0,14.0,0.591111
1001.0,15.0,0.391547
1001.0,16.0,0.561512
1001.0,17.0,0.666473
1001.0,18.0,0.73526
1001.0,19.0,1.0
1001.0,20.0,0.0
1001.0,21.0,0.016202
1001.0,22.0,0.319257
1001.0,23.0,0.795897
1001.0,24.0,0.95859
1001.0,25.0,0.535651
1001.0,26.0,0.461653
1001.0,27.0,0.368139
1001.0,28.0,0.876867
1001.0,29.0,0.537187
1001.0,30.0,0.659809
1001.0,31.0,0.000156
1001.0,32.0,0.804424
1001.0,33.0,0.544476
1001.0,34.0,0.389385
1001.0,35.0,0.585583
1001.0,36.0,0.405847
1002.0,0.0,0.003332
1002.0,1.0,0.232158
1002.0,2.0,0.654817
1002.0,3.0,0.616967
1002.0,4.0,0.567537
1002.0,5.0,0.99932
1002.0,6.0,0.206531
1002.0,7.0,0.058324
1002.0,8.0,0.572369
1002.0,9.0,0.005917
1002.0,10.0,0.741465
1002.0,11.0,0.999564
1002.0,12.0,0.478477
1002.0,13.0,0.023497
1002.0,14.0,0.606474
1002.0,15.0,0.395477
1002.0,16.0,0.564228
1002.0,17.0,0.668374
1002.0,18.0,0.746661
1002.0,19.0,1.0
1002.0,20.0,0.0
1002.0,21.0,0.016981
1002.0,22.0,0.329529
1002.0,23.0,0.79633
1002.0,24.0,0.959083
1002.0,25.0,0.5521
1002.0,26.0,0.466673
1002.0,27.0,0.381908
1002.0,28.0,0.878301
1002.0,29.0,0.54881
1002.0,30.0,0.663187
1002.0,31.0,0.00016
1002.0,32.0,0.807589
1002.0,33.0,0.546869
1002.0,34.0,0.420649
1002.0,35.0,0.594384
1002.0,36.0,0.408428
1003.0,0.0,0.003398
1003.0,1.0,0.233995
1003.0,2.0,0.660601
1003.0,3.0,0.630454
1003.0,4.0,0.569852
1003.0,5.0,0.999367
1003.0,6.0,0.216099
1003.0,7.0,0.060439
1003.0,8.0,0.57523
1003.0,9.0,0.005976
1003.0,10.0,0.757117
1003.0,11.0,0.999587
1003.0,12.0,0.481849
1003.0,13.0,0.023806
1003.0,14.0,0.620705
1003.0,15.0,0.398879
1003.0,16.0,0.565966
1003.0,17.0,0.670039
1003.0,18.0,0.757081
1003.0,19.0,1.0
1003.0,20.0,0.0
1003.0,21.0,0.017711
1003.0,22.0,0.338469
1003.0,23.0,0.796946
1003.0,24.0,0.959772
1003.0,25.0,0.567456
1003.0,26.0,0.471232
1003.0,27.0,0.396928
1003.0,28.0,0.879524
1003.0,29.0,0.562001
1003.0,30.0,0.665708
1003.0,31.0,0.000172
1003.0,32.0,0.809835
1003.0,33.0,0.548753
1003.0,34.0,0.450004
1003.0,35.0,0.604173
1003.0,36.0,0.410035
1004.0,0.0,0.003389
1004.0,1.0,0.23639
1004.0,2.0,0.664619
1004.0,3.0,0.644361
1004.0,4.0,0.57196
1004.0,5.0,0.999377
1004.0,6.0,0.225538
1004.0,7.0,0.062742
1004.0,8.0,0.578475
1004.0,9.0,0.006204
1004.0,10.0,0.771442
1004.0,11.0,0.99962
1004.0,12.0,0.485098
1004.0,13.0,0.02397
1004.0,14.0,0.634319
1004.0,15.0,0.401383
1004.0,16.0,0.568296
1004.0,17.0,0.672675
1004.0,18.0,0.767207
1004.0,19.0,1.0
1004.0,20.0,0.0
1004.0,21.0,0.018373
1004.0,22.0,0.347848
1004.0,23.0,0.798234
1004.0,24.0,0.960517
1004.0,25.0,0.582571
1004.0,26.0,0.475944
1004.0,27.0,0.41056
1004.0,28.0,0.880503
1004.0,29.0,0.575164
1004.0,30.0,0.668827
1004.0,31.0,0.000189
1004.0,32.0,0.812949
1004.0,33.0,0.551192
1004.0,34.0,0.479621
1004.0,35.0,0.612875
1004.0,36.0,0.411429
1005.0,0.0,0.003345
1005.0,1.0,0.238877
1005.0,2.0,0.668445
1005.0,3.0,0.657293
1005.0,4.0,0.573553
1005.0,5.0,0.999379
1005.0,6.0,0.235331
1005.0,7.0,0.064804
1005.0,8.0,0.581218
1005.0,9.0,0.006305
1005.0,10.0,0.784717
1005.0,11.0,0.999593
1005.0,12.0,0.487748
1005.0,13.0,0.024403
1005.0,14.0,0.646494
1005.0,15.0,0.404505
1005.0,16.0,0.571552
1005.0,17.0,0.674393
1005.0,18.0,0.776737
1005.0,19.0,1.0
1005.0,20.0,0.0
1005.0,21.0,0.018926
1005.0,22.0,0.357173
1005.0,23.0,0.798914
1005.0,24.0,0.961031
1005.0,25.0,0.597149
1005.0,26.0,0.480412
1005.0,27.0,0.42506
1005.0,28.0,0.881514
1005.0,29.0,0.587776
1005.0,30.0,0.671844
1005.0,31.0,0.000183
1005.0,32.0,0.815132
1005.0,33.0,0.553919
1005.0,34.0,0.507586
1005.0,35.0,0.621324
1005.0,36.0,0.412912
1006.0,0.0,0.003236
1006.0,1.0,0.236335
1006.0,2.0,0.662388
1006.0,3.0,0.643024
1006.0,4.0,0.570865
1006.0,5.0,0.999381
1006.0,6.0,0.224413
1006.0,7.0,0.062537
1006.0,8.0,0.577443
1006.0,9.0,0.006253
1006.0,10.0,0.769881
1006.0,11.0,0.999589
1006.0,12.0,0.484583
1006.0,13.0,0.023843
1006.0,14.0,0.632898
1006.0,15.0,0.401062
1006.0,16.0,0.570164
1006.0,17.0,0.672552
1006.0,18.0,0.765933
1006.0,19.0,1.0
1006.0,20.0,0.0
1006.0,21.0,0.018105
1006.0,22.0,0.347096
1006.0,23.0,0.798862
1006.0,24.0,0.960463
1006.0,25.0,0.581748
1006.0,26.0,0.476315
1006.0,27.0,0.41093
1006.0,28.0,0.88065
1006.0,29.0,0.575273
1006.0,30.0,0.669163
1006.0,31.0,0.000169
1006.0,32.0,0.813064
1006.0,33.0,0.551433
1006.0,34.0,0.47308
1006.0,35.0,0.611417
1006.0,36.0,0.410638
1007.0,0.0,0.00317
1007.0,1.0,0.233978
1007.0,2.0,0.65705
1007.0,3.0,0.62947
1007.0,4.0,0.570808
1007.0,5.0,0.999342
1007.0,6.0,0.21495
1007.0,7.0,0.060501
1007.0,8.0,0.574087
1007.0,9.0,0.00613
1007.0,10.0,0.754142
1007.0,11.0,0.999572
1007.0,12.0,0.481651
1007.0,13.0,0.023138
1007.0,14.0,0.620153
1007.0,15.0,0.397369
1007.0,16.0,0.568048
1007.0,17.0,0.67117
1007.0,18.0,0.754944
1007.0,19.0,1.0
1007.0,20.0,0.0
1007.0,21.0,0.017264
1007.0,22.0,0.337948
1007.0,23.0,0.798577
1007.0,24.0,0.959805
1007.0,25.0,0.565879
1007.0,26.0,0.472254
1007.0,27.0,0.39751
1007.0,28.0,0.879198
1007.0,29.0,0.562113
1007.0,30.0,0.665841
1007.0,31.0,0.000152
1007.0,32.0,0.810568
1007.0,33.0,0.549537
1007.0,34.0,0.44027
1007.0,35.0,0.601935
1007.0,36.0,0.408402
1008.0,0.0,0.003142
1008.0,1.0,0.231714
1008.0,2.0,0.651441
1008.0,3.0,0.616215
1008.0,4.0,0.569218
1008.0,5.0,0.999354
1008.0,6.0,0.205126
1008.0,7.0,0.058897
1008.0,8.0,0.570836
1008.0,9.0,0.006028
1008.0,10.0,0.737544
1008.0,11.0,0.999575
1008.0,12.0,0.478237
1008.0,13.0,0.02246
1008.0,14.0,0.606573
1008.0,15.0,0.395085
1008.0,16.0,0.566466
1008.0,17.0,0.669839
1008.0,18.0,0.743302
1008.0,19.0,1.0
1008.0,20.0,0.0
1008.0,21.0,0.016612
1008.0,22.0,0.328275
1008.0,23.0,0.79841
1008.0,24.0,0.959418
1008.0,25.0,0.550615
1008.0,26.0,0.466995
1008.0,27.0,0.383503
1008.0,28.0,0.877168
1008.0,29.0,0.549566
1008.0,30.0,0.663091
1008.0,31.0,0.000154
1008.0,32.0,0.808185
1008.0,33.0,0.5478
1008.0,34.0,0.410994
1008.0,35.0,0.593577
1008.0,36.0,0.405774
1009.0,0.0,0.003119
1009.0,1.0,0.229274
1009.0,2.0,0.646946
1009.0,3.0,0.601961
1009.0,4.0,0.568017
1009.0,5.0,0.999319
1009.0,6.0,0.195988
1009.0,7.0,0.056677
1009.0,8.0,0.567419
1009.0,9.0,0.005885
1009.0,10.0,0.721332
1009.0,11.0,0.999571
1009.0,12.0,0.474994
1009.0,13.0,0.021802
1009.0,14.0,0.592337
1009.0,15.0,0.391898
1009.0,16.0,0.564855
1009.0,17.0,0.667884
1009.0,18.0,0.731983
1009.0,19.0,1.0
1009.0,20.0,0.0
1009.0,21.0,0.016007
1009.0,22.0,0.319864
1009.0,23.0,0.797668
1009.0,24.0,0.959193
1009.0,25.0,0.535343
1009.0,26.0,0.463204
1009.0,27.0,0.370826
1009.0,28.0,0.876087
1009.0,29.0,0.537608
1009.0,30.0,0.660642
1009.0,31.0,0.000148
1009.0,32.0,0.805825
1009.0,33.0,0.545863
1009.0,34.0,0.383739
1009.0,35.0,0.584595
1009.0,36.0,0.403035
1010.0,0.0,0.002955
1010.0,1.0,0.226727
1010.0,2.0,0.642743
1010.0,3.0,0.588573
1010.0,4.0,0.566831
1010.0,5.0,0.999265
1010.0,6.0,0.1874
1010.0,7.0,0.054535
1010.0,8.0,0.563971
1010.0,9.0,0.005761
1010.0,10.0,0.704475
1010.0,11.0,0.999571
1010.0,12.0,0.472008
1010.0,13.0,0.021335
1010.0,14.0,0.578296
1010.0,15.0,0.388739
1010.0,16.0,0.563948
1010.0,17.0,0.665851
1010.0,18.0,0.720659
1010.0,19.0,1.0
1010.0,20.0,0.0
1010.0,21.0,0.015299
1010.0,22.0,0.312058
1010.0,23.0,0.796915
1010.0,24.0,0.958668
1010.0,25.0,0.519201
1010.0,26.0,0.458809
1010.0,27.0,0.35694
1010.0,28.0,0.874972
1010.0,29.0,0.524944
1010.0,30.0,0.658158
1010.0,31.0,0.000139
1010.0,32.0,0.804004
1010.0,33.0,0.54332
1010.0,34.0,0.359705
1010.0,35.0,0.57617
1010.0,36.0,0.401524
2000.0,0.0,4.1e-05
2000.0,1.0,0.089578
2000.0,2.0,0.646893
2000.0,3.0,0.580466
2000.0,4.0,0.618106
2000.0,5.0,1.0
2000.0,6.0,0.185754
2000.0,7.0,0.027561
2000.0,8.0,0.56579
2000.0,9.0,0.0
2000.0,10.0,0.699462
2000.0,11.0,1.0
2000.0,12.0,0.476318
2000.0,13.0,0.000362
2000.0,14.0,0.577202
2000.0,15.0,0.384948
2000.0,16.0,0.606483
2000.0,17.0,0.665704
2000.0,18.0,0.719615
2000.0,19.0,1.0
2000.0,20.0,0.0
2000.0,21.0,0.005484
2000.0,22.0,0.310761
2000.0,23.0,0.891437
2000.0,24.0,0.972363
2000.0,25.0,0.516104
2000.0,26.0,0.464215
2000.0,27.0,0.349562
2000.0,28.0,0.963072
2000.0,29.0,0.528174
2000.0,30.0,0.673661
2000.0,31.0,0.0
2000.0,32.0,0.846081
2000.0,33.0,0.563675
2000.0,34.0,0.35757
2000.0,35.0,0.569535
2000.0,36.0,0.397502
2001.0,0.0,4.6e-05
2001.0,1.0,0.090468
2001.0,2.0,0.651743
2001.0,3.0,0.596011
2001.0,4.0,0.618942
2001.0,5.0,1.0
2001.0,6.0,0.194453
2001.0,7.0,0.028518
2001.0,8.0,0.569819
2001.0,9.0,0.0
2001.0,10.0,0.718758
2001.0,11.0,1.0
2001.0,12.0,0.478883
2001.0,13.0,0.000411
2001.0,14.0,0.593306
2001.0,15.0,0.38814
2001.0,16.0,0.609491
2001.0,17.0,0.66699
2001.0,18.0,0.73136
2001.0,19.0,1.0
2001.0,20.0,0.0
2001.0,21.0,0.005725
2001.0,22.0,0.32062
2001.0,23.0,0.892401
2001.0,24.0,0.972818
2001.0,25.0,0.53361
2001.0,26.0,0.468984
2001.0,27.0,0.364105
2001.0,28.0,0.963455
2001.0,29.0,0.54123
2001.0,30.0,0.676637
2001.0,31.0,0.0
2001.0,32.0,0.848983
2001.0,33.0,0.565883
2001.0,34.0,0.38866
2001.0,35.0,0.579837
2001.0,36.0,0.39925
2002.0,0.0,4.6e-05
2002.0,1.0,0.091818
2002.0,2.0,0.656337
2002.0,3.0,0.61005
2002.0,4.0,0.620336
2002.0,5.0,1.0
2002.0,6.0,0.203464
2002.0,7.0,0.029658
2002.0,8.0,0.572676
2002.0,9.0,0.0
2002.0,10.0,0.737155
2002.0,11.0,1.0
2002.0,12.0,0.481936
2002.0,13.0,0.000406
2002.0,14.0,0.608021
2002.0,15.0,0.391048
2002.0,16.0,0.611301
2002.0,17.0,0.66872
2002.0,18.0,0.743207
2002.0,19.0,1.0
2002.0,20.0,0.0
2002.0,21.0,0.006064
2002.0,22.0,0.330539
2002.0,23.0,0.892719
2002.0,24.0,0.973439
2002.0,25.0,0.550112
2002.0,26.0,0.472366
2002.0,27.0,0.377771
2002.0,28.0,0.963738
2002.0,29.0,0.553143
2002.0,30.0,0.679314
2002.0,31.0,0.0
2002.0,32.0,0.851211
2002.0,33.0,0.567643
2002.0,34.0,0.419461
2002.0,35.0,0.589665
2002.0,36.0,0.401326
2003.0,0.0,4.7e-05
2003.0,1.0,0.093508
2003.0,2.0,0.661375
2003.0,3.0,0.624261
2003.0,4.0,0.622316
2003.0,5.0,1.0
2003.0,6.0,0.213438
2003.0,7.0,0.031129
2003.0,8.0,0.576313
2003.0,9.0,0.0
2003.0,10.0,0.753504
2003.0,11.0,1.0
2003.0,12.0,0.485584
2003.0,13.0,0.000394
2003.0,14.0,0.621393
2003.0,15.0,0.393374
2003.0,16.0,0.613543
2003.0,17.0,0.670225
2003.0,18.0,0.753681
2003.0,19.0,1.0
2003.0,20.0,0.0
2003.0,21.0,0.006279
2003.0,22.0,0.340312
2003.0,23.0,0.893343
2003.0,24.0,0.973867
2003.0,25.0,0.565361
2003.0,26.0,0.476057
2003.0,27.0,0.392576
2003.0,28.0,0.963796
2003.0,29.0,0.565522
2003.0,30.0,0.682667
2003.0,31.0,0.0
2003.0,32.0,0.853449
2003.0,33.0,0.570402
2003.0,34.0,0.449857
2003.0,35.0,0.598367
2003.0,36.0,0.403421
2004.0,0.0,4.2e-05
2004.0,1.0,0.094538
2004.0,2.0,0.66615
2004.0,3.0,0.63644
2004.0,4.0,0.624252
2004.0,5.0,1.0
2004.0,6.0,0.22296
2004.0,7.0,0.032146
2004.0,8.0,0.579027
2004.0,9.0,0.0
2004.0,10.0,0.768964
2004.0,11.0,1.0
2004.0,12.0,0.488439
2004.0,13.0,0.00038
2004.0,14.0,0.634052
2004.0,15.0,0.395825
2004.0,16.0,0.616078
2004.0,17.0,0.67199
2004.0,18.0,0.764662
2004.0,19.0,1.0
2004.0,20.0,0.0
2004.0,21.0,0.006717
2004.0,22.0,0.35009
2004.0,23.0,0.893561
2004.0,24.0,0.974374
2004.0,25.0,0.579976
2004.0,26.0,0.480968
2004.0,27.0,0.406047
2004.0,28.0,0.964378
2004.0,29.0,0.578252
2004.0,30.0,0.685064
2004.0,31.0,0.0
2004.0,32.0,0.855506
2004.0,33.0,0.5733
2004.0,34.0,0.478611
2004.0,35.0,0.607044
2004.0,36.0,0.40539
2005.0,0.0,3.9e-05
2005.0,1.0,0.095553
2005.0,2.0,0.670699
2005.0,3.0,0.648687
2005.0,4.0,0.626033
2005.0,5.0,1.0
2005.0,6.0,0.232973
2005.0,7.0,0.032978
2005.0,8.0,0.582225
2005.0,9.0,0.0
2005.0,10.0,0.783316
2005.0,11.0,1.0
2005.0,12.0,0.491091
2005.0,13.0,0.000396
2005.0,14.0,0.645235
2005.0,15.0,0.398522
2005.0,16.0,0.618216
2005.0,17.0,0.673261
2005.0,18.0,0.774583
2005.0,19.0,1.0
2005.0,20.0,0.0
2005.0,21.0,0.006862
2005.0,22.0,0.359152
2005.0,23.0,0.893875
2005.0,24.0,0.974636
2005.0,25.0,0.594025
2005.0,26.0,0.485093
2005.0,27.0,0.420561
2005.0,28.0,0.964999
2005.0,29.0,0.590216
2005.0,30.0,0.688
2005.0,31.0,0.0
2005.0,32.0,0.858241
2005.0,33.0,0.57555
2005.0,34.0,0.506776
2005.0,35.0,0.614948
2005.0,36.0,0.407856
2006.0,0.0,4.0e-05
2006.0,1.0,0.094099
2006.0,2.0,0.666303
2006.0,3.0,0.63482
2006.0,4.0,0.625247
2006.0,5.0,1.0
2006.0,6.0,0.222992
2006.0,7.0,0.031695
2006.0,8.0,0.578613
2006.0,9.0,0.0
2006.0,10.0,0.768108
2006.0,11.0,1.0
2006.0,12.0,0.487385
2006.0,13.0,0.000415
2006.0,14.0,0.631588
2006.0,15.0,0.395548
2006.0,16.0,0.615411
2006.0,17.0,0.672037
2006.0,18.0,0.763436
2006.0,19.0,1.0
2006.0,20.0,0.0
2006.0,21.0,0.006411
2006.0,22.0,0.347338
2006.0,23.0,0.893445
2006.0,24.0,0.974274
2006.0,25.0,0.578951
2006.0,26.0,0.480534
2006.0,27.0,0.405266
2006.0,28.0,0.964842
2006.0,29.0,0.577259
2006.0,30.0,0.685342
2006.0,31.0,0.0
2006.0,32.0,0.85631
2006.0,33.0,0.573105
2006.0,34.0,0.472173
2006.0,35.0,0.605646
2006.0,36.0,0.406635
2007.0,0.0,5.4e-05
2007.0,1.0,0.093049
2007.0,2.0,0.661295
2007.0,3.0,0.620748
2007.0,4.0,0.623492
2007.0,5.0,1.0
2007.0,6.0,0.212281
2007.0,7.0,0.030691
2007.0,8.0,0.575658
2007.0,9.0,0.0
2007.0,10.0,0.752448
2007.0,11.0,1.0
2007.0,12.0,0.483958
2007.0,13.0,0.000416
2007.0,14.0,0.618646
2007.0,15.0,0.392293
2007.0,16.0,0.613114
2007.0,17.0,0.670062
2007.0,18.0,0.753079
2007.0,19.0,1.0
2007.0,20.0,0.0
2007.0,21.0,0.006182
2007.0,22.0,0.337255
2007.0,23.0,0.892944
2007.0,24.0,0.973762
2007.0,25.0,0.563591
2007.0,26.0,0.476385
2007.0,27.0,0.391499
2007.0,28.0,0.96428
2007.0,29.0,0.56382
2007.0,30.0,0.683419
2007.0,31.0,0.0
2007.0,32.0,0.853694
2007.0,33.0,0.570159
2007.0,34.0,0.439515
2007.0,35.0,0.596359
2007.0,36.0,0.404165
2008.0,0.0,5.4e-05
2008.0,1.0,0.092303
2008.0,2.0,0.65636
2008.0,3.0,0.606825
2008.0,4.0,0.622218
2008.0,5.0,1.0
2008.0,6.0,0.202873
2008.0,7.0,0.029768
2008.0,8.0,0.572204
2008.0,9.0,0.0
2008.0,10.0,0.73649
2008.0,11.0,1.0
2008.0,12.0,0.481335
2008.0,13.0,0.000397
2008.0,14.0,0.604606
2008.0,15.0,0.388587
2008.0,16.0,0.611092
2008.0,17.0,0.668928
2008.0,18.0,0.741628
2008.0,19.0,1.0
2008.0,20.0,0.0
2008.0,21.0,0.005924
2008.0,22.0,0.327891
2008.0,23.0,0.892404
2008.0,24.0,0.973424
2008.0,25.0,0.548126
2008.0,26.0,0.472343
2008.0,27.0,0.378059
2008.0,28.0,0.96372
2008.0,29.0,0.550414
2008.0,30.0,0.680166
2008.0,31.0,0.0
2008.0,32.0,0.851854
2008.0,33.0,0.568811
2008.0,34.0,0.410646
2008.0,35.0,0.587431
2008.0,36.0,0.40199
2009.0,0.0,4.1e-05
2009.0,1.0,0.090891
2009.0,2.0,0.652105
2009.0,3.0,0.593457
2009.0,4.0,0.621037
2009.0,5.0,1.0
2009.0,6.0,0.193794
2009.0,7.0,0.028807
2009.0,8.0,0.56894
2009.0,9.0,0.0
2009.0,10.0,0.719615
2009.0,11.0,1.0
2009.0,12.0,0.478819
2009.0,13.0,0.000411
2009.0,14.0,0.589989
2009.0,15.0,0.385969
2009.0,16.0,0.608904
2009.0,17.0,0.666531
2009.0,18.0,0.730345
2009.0,19.0,1.0
2009.0,20.0,0.0
2009.0,21.0,0.005722
2009.0,22.0,0.318128
2009.0,23.0,0.891546
2009.0,24.0,0.972958
2009.0,25.0,0.532538
2009.0,26.0,0.468287
2009.0,27.0,0.365557
2009.0,28.0,0.963232
2009.0,29.0,0.537548
2009.0,30.0,0.677863
2009.0,31.0,0.0
2009.0,32.0,0.849436
2009.0,33.0,0.565647
2009.0,34.0,0.383489
2009.0,35.0,0.578172
2009.0,36.0,0.400229
2010.0,0.0,4.1e-05
2010.0,1.0,0.089514
2010.0,2.0,0.646931
2010.0,3.0,0.578905
2010.0,4.0,0.61991
2010.0,5.0,1.0
2010.0,6.0,0.185953
2010.0,7.0,0.027877
2010.0,8.0,0.565469
2010.0,9.0,0.0
2010.0,10.0,0.702589
2010.0,11.0,1.0
2010.0,12.0,0.475409
2010.0,13.0,0.000378
2010.0,14.0,0.577074
2010.0,15.0,0.383214
2010.0,16.0,0.605877
2010.0,17.0,0.664998
2010.0,18.0,0.719
2010.0,19.0,1.0
2010.0,20.0,0.0
2010.0,21.0,0.00553
2010.0,22.0,0.310179
2010.0,23.0,0.890419
2010.0,24.0,0.972593
2010.0,25.0,0.516846
2010.0,26.0,0.463217
2010.0,27.0,0.352362
2010.0,28.0,0.962801
2010.0,29.0,0.526052
2010.0,30.0,0.674867
2010.0,31.0,0.0
2010.0,32.0,0.847289
2010.0,33.0,0.563315
2010.0,34.0,0.359799
2010.0,35.0,0.569371
2010.0,36.0,0.397947
3000.0,0.0,0.0
3000.0,1.0,0.03414
3000.0,2.0,0.654151
3000.0,3.0,0.597322
3000.0,4.0,0.633712
3000.0,5.0,1.0
3000.0,6.0,0.182849
3000.0,7.0,0.02709
3000.0,8.0,0.562088
3000.0,9.0,0.0
3000.0,10.0,0.70598
3000.0,11.0,1.0
3000.0,12.0,0.485799
3000.0,13.0,0.0
3000.0,14.0,0.579508
3000.0,15.0,0.372545
3000.0,16.0,0.582131
3000.0,17.0,0.681749
3000.0,18.0,0.720308
3000.0,19.0,1.0
3000.0,20.0,0.0
3000.0,21.0,0.001155
3000.0,22.0,0.309007
3000.0,23.0,0.91578
3000.0,24.0,0.97178
3000.0,25.0,0.519554
3000.0,26.0,0.452169
3000.0,27.0,0.349658
3000.0,28.0,0.992892
3000.0,29.0,0.529436
3000.0,30.0,0.675173
3000.0,31.0,0.0
3000.0,32.0,0.857332
3000.0,33.0,0.544185
3000.0,34.0,0.362259
3000.0,35.0,0.570628
3000.0,36.0,0.405445
3001.0,0.0,0.0
3001.0,1.0,0.034684
3001.0,2.0,0.659753
3001.0,3.0,0.611974
3001.0,4.0,0.635147
3001.0,5.0,1.0
3001.0,6.0,0.19156
3001.0,7.0,0.028395
3001.0,8.0,0.566914
3001.0,9.0,0.0
3001.0,10.0,0.723875
3001.0,11.0,1.0
3001.0,12.0,0.488147
3001.0,13.0,0.0
3001.0,14.0,0.594197
3001.0,15.0,0.375276
3001.0,16.0,0.584137
3001.0,17.0,0.683949
3001.0,18.0,0.732807
3001.0,19.0,1.0
3001.0,20.0,0.0
3001.0,21.0,0.001201
3001.0,22.0,0.31815
3001.0,23.0,0.916151
3001.0,24.0,0.972378
3001.0,25.0,0.536733
3001.0,26.0,0.456892
3001.0,27.0,0.364372
3001.0,28.0,0.992954
3001.0,29.0,0.542433
3001.0,30.0,0.67724
3001.0,31.0,0.0
3001.0,32.0,0.859142
3001.0,33.0,0.547564
3001.0,34.0,0.393461
3001.0,35.0,0.58017
3001.0,36.0,0.407348
3002.0,0.0,0.0
3002.0,1.0,0.034978
3002.0,2.0,0.665046
3002.0,3.0,0.625883
3002.0,4.0,0.636106
3002.0,5.0,1.0
3002.0,6.0,0.200177
3002.0,7.0,0.029806
3002.0,8.0,0.569944
3002.0,9.0,0.0
3002.0,10.0,0.740646
3002.0,11.0,1.0
3002.0,12.0,0.490868
3002.0,13.0,0.0
3002.0,14.0,0.607998
3002.0,15.0,0.378719
3002.0,16.0,0.587698
3002.0,17.0,0.685181
3002.0,18.0,0.744978
3002.0,19.0,1.0
3002.0,20.0,0.0
3002.0,21.0,0.001277
3002.0,22.0,0.327551
3002.0,23.0,0.916077
3002.0,24.0,0.972753
3002.0,25.0,0.552693
3002.0,26.0,0.460245
3002.0,27.0,0.379177
3002.0,28.0,0.993136
3002.0,29.0,0.554809
3002.0,30.0,0.680103
3002.0,31.0,0.0
3002.0,32.0,0.861063
3002.0,33.0,0.549141
3002.0,34.0,0.424291
3002.0,35.0,0.589931
3002.0,36.0,0.410028
3003.0,0.0,0.0
3003.0,1.0,0.035606
3003.0,2.0,0.669106
3003.0,3.0,0.639296
3003.0,4.0,0.637373
3003.0,5.0,1.0
3003.0,6.0,0.208732
3003.0,7.0,0.030654
3003.0,8.0,0.573639
3003.0,9.0,0.0
3003.0,10.0,0.757062
3003.0,11.0,1.0
3003.0,12.0,0.493998
3003.0,13.0,0.0
3003.0,14.0,0.621795
3003.0,15.0,0.381031
3003.0,16.0,0.58991
3003.0,17.0,0.687048
3003.0,18.0,0.75651
3003.0,19.0,1.0
3003.0,20.0,0.0
3003.0,21.0,0.001369
3003.0,22.0,0.336678
3003.0,23.0,0.916618
3003.0,24.0,0.973503
3003.0,25.0,0.56871
3003.0,26.0,0.464656
3003.0,27.0,0.392205
3003.0,28.0,0.993304
3003.0,29.0,0.567761
3003.0,30.0,0.682516
3003.0,31.0,0.0
3003.0,32.0,0.86346
3003.0,33.0,0.55207
3003.0,34.0,0.454565
3003.0,35.0,0.599092
3003.0,36.0,0.411151
3004.0,0.0,0.0
3004.0,1.0,0.036212
3004.0,2.0,0.672941
3004.0,3.0,0.652052
3004.0,4.0,0.637704
3004.0,5.0,1.0
3004.0,6.0,0.216802
3004.0,7.0,0.031661
3004.0,8.0,0.577189
3004.0,9.0,0.0
3004.0,10.0,0.772732
3004.0,11.0,1.0
3004.0,12.0,0.497475
3004.0,13.0,0.0
3004.0,14.0,0.635003
3004.0,15.0,0.383371
3004.0,16.0,0.591874
3004.0,17.0,0.689388
3004.0,18.0,0.766796
3004.0,19.0,1.0
3004.0,20.0,0.0
3004.0,21.0,0.001487
3004.0,22.0,0.346193
3004.0,23.0,0.917003
3004.0,24.0,0.973912
3004.0,25.0,0.583397
3004.0,26.0,0.470028
3004.0,27.0,0.40534
3004.0,28.0,0.993353
3004.0,29.0,0.580832
3004.0,30.0,0.685141
3004.0,31.0,0.0
3004.0,32.0,0.865537
3004.0,33.0,0.554331
3004.0,34.0,0.482755
3004.0,35.0,0.606986
3004.0,36.0,0.41279
3005.0,0.0,0.0
3005.0,1.0,0.03657
3005.0,2.0,0.677861
3005.0,3.0,0.66396
3005.0,4.0,0.639571
3005.0,5.0,1.0
3005.0,6.0,0.22637
3005.0,7.0,0.032694
3005.0,8.0,0.57964
3005.0,9.0,0.0
3005.0,10.0,0.787244
3005.0,11.0,1.0
3005.0,12.0,0.499308
3005.0,13.0,0.0
3005.0,14.0,0.646713
3005.0,15.0,0.38582
3005.0,16.0,0.593908
3005.0,17.0,0.690651
3005.0,18.0,0.775455
3005.0,19.0,1.0
3005.0,20.0,0.0
3005.0,21.0,0.001552
3005.0,22.0,0.355404
3005.0,23.0,0.91722
3005.0,24.0,0.974265
3005.0,25.0,0.596559
3005.0,26.0,0.473833
3005.0,27.0,0.419851
3005.0,28.0,0.993358
3005.0,29.0,0.592847
3005.0,30.0,0.687828
3005.0,31.0,0.0
3005.0,32.0,0.867595
3005.0,33.0,0.555457
3005.0,34.0,0.511055
3005.0,35.0,0.615591
3005.0,36.0,0.414516
3006.0,0.0,0.0
3006.0,1.0,0.036087
3006.0,2.0,0.673732
3006.0,3.0,0.650507
3006.0,4.0,0.637235
3006.0,5.0,1.0
3006.0,6.0,0.216381
3006.0,7.0,0.031504
3006.0,8.0,0.577148
3006.0,9.0,0.0
3006.0,10.0,0.772642
3006.0,11.0,1.0
3006.0,12.0,0.49653
3006.0,13.0,0.0
3006.0,14.0,0.632552
3006.0,15.0,0.38314
3006.0,16.0,0.591151
3006.0,17.0,0.689626
3006.0,18.0,0.764763
3006.0,19.0,1.0
3006.0,20.0,0.0
3006.0,21.0,0.001518
3006.0,22.0,0.34557
3006.0,23.0,0.917019
3006.0,24.0,0.973866
3006.0,25.0,0.580937
3006.0,26.0,0.469916
3006.0,27.0,0.405211
3006.0,28.0,0.993198
3006.0,29.0,0.580495
3006.0,30.0,0.68538
3006.0,31.0,0.0
3006.0,32.0,0.865736
3006.0,33.0,0.553375
3006.0,34.0,0.475515
3006.0,35.0,0.606138
3006.0,36.0,0.412357
3007.0,0.0,0.0
3007.0,1.0,0.035923
3007.0,2.0,0.66961
3007.0,3.0,0.63686
3007.0,4.0,0.636178
3007.0,5.0,1.0
3007.0,6.0,0.206442
3007.0,7.0,0.03081
3007.0,8.0,0.573738
3007.0,9.0,0.0
3007.0,10.0,0.757226
3007.0,11.0,1.0
3007.0,12.0,0.493828
3007.0,13.0,0.0
3007.0,14.0,0.61775
3007.0,15.0,0.380127
3007.0,16.0,0.588425
3007.0,17.0,0.687491
3007.0,18.0,0.754109
3007.0,19.0,1.0
3007.0,20.0,0.0
3007.0,21.0,0.001438
3007.0,22.0,0.335288
3007.0,23.0,0.916731
3007.0,24.0,0.973718
3007.0,25.0,0.564472
3007.0,26.0,0.466062
3007.0,27.0,0.390607
3007.0,28.0,0.993115
3007.0,29.0,0.56702
3007.0,30.0,0.682319
3007.0,31.0,0.0
3007.0,32.0,0.863294
3007.0,33.0,0.551295
3007.0,34.0,0.442632
3007.0,35.0,0.596857
3007.0,36.0,0.410381
3008.0,0.0,0.0
3008.0,1.0,0.035425
3008.0,2.0,0.665456
3008.0,3.0,0.62359
3008.0,4.0,0.634316
3008.0,5.0,1.0
3008.0,6.0,0.197962
3008.0,7.0,0.029787
3008.0,8.0,0.570437
3008.0,9.0,0.0
3008.0,10.0,0.740767
3008.0,11.0,1.0
3008.0,12.0,0.490726
3008.0,13.0,0.0
3008.0,14.0,0.603694
3008.0,15.0,0.377133
3008.0,16.0,0.58564
3008.0,17.0,0.686169
3008.0,18.0,0.743785
3008.0,19.0,1.0
3008.0,20.0,0.0
3008.0,21.0,0.001311
3008.0,22.0,0.326319
3008.0,23.0,0.916722
3008.0,24.0,0.973248
3008.0,25.0,0.54894
3008.0,26.0,0.461175
3008.0,27.0,0.376512
3008.0,28.0,0.993001
3008.0,29.0,0.553669
3008.0,30.0,0.679356
3008.0,31.0,0.0
3008.0,32.0,0.861544
3008.0,33.0,0.54954
3008.0,34.0,0.413616
3008.0,35.0,0.588593
3008.0,36.0,0.408176
3009.0,0.0,0.0
3009.0,1.0,0.035069
3009.0,2.0,0.661286
3009.0,3.0,0.610009
3009.0,4.0,0.632748
3009.0,5.0,1.0
3009.0,6.0,0.189654
3009.0,7.0,0.028729
3009.0,8.0,0.567344
3009.0,9.0,0.0
3009.0,10.0,0.724275
3009.0,11.0,1.0
3009.0,12.0,0.487135
3009.0,13.0,0.0
3009.0,14.0,0.589913
3009.0,15.0,0.374965
3009.0,16.0,0.58377
3009.0,17.0,0.6846
3009.0,18.0,0.732985
3009.0,19.0,1.0
3009.0,20.0,0.0
3009.0,21.0,0.00124
3009.0,22.0,0.317238
3009.0,23.0,0.91617
3009.0,24.0,0.973008
3009.0,25.0,0.533439
3009.0,26.0,0.456479
3009.0,27.0,0.363344
3009.0,28.0,0.992869
3009.0,29.0,0.541163
3009.0,30.0,0.677133
3009.0,31.0,0.0
3009.0,32.0,0.859291
3009.0,33.0,0.547462
3009.0,34.0,0.388124
3009.0,35.0,0.579974
3009.0,36.0,0.406805
3010.0,0.0,0.0
3010.0,1.0,0.034469
3010.0,2.0,0.657234
3010.0,3.0,0.595463
3010.0,4.0,0.631726
3010.0,5.0,1.0
3010.0,6.0,0.182709
3010.0,7.0,0.027952
3010.0,8.0,0.563893
3010.0,9.0,0.0
3010.0,10.0,0.707686
3010.0,11.0,1.0
3010.0,12.0,0.484773
3010.0,13.0,0.0
3010.0,14.0,0.576341
3010.0,15.0,0.37171
3010.0,16.0,0.581785
3010.0,17.0,0.68291
3010.0,18.0,0.721211
3010.0,19.0,1.0
3010.0,20.0,0.0
3010.0,21.0,0.001195
3010.0,22.0,0.309167
3010.0,23.0,0.915934
3010.0,24.0,0.972621
3010.0,25.0,0.517397
3010.0,26.0,0.452992
3010.0,27.0,0.350836
3010.0,28.0,0.992793
3010.0,29.0,0.528996
3010.0,30.0,0.674353
3010.0,31.0,0.0
3010.0,32.0,0.857144
3010.0,33.0,0.544986
3010.0,34.0,0.363652
3010.0,35.0,0.571887
3010.0,36.0,0.4054
4000.0,0.0,0.0
4000.0,1.0,0.014442
4000.0,2.0,0.650868
4000.0,3.0,0.593731
4000.0,4.0,0.633939
4000.0,5.0,1.0
4000.0,6.0,0.191014
4000.0,7.0,0.017704
4000.0,8.0,0.566654
4000.0,9.0,0.0
4000.0,10.0,0.700581
4000.0,11.0,1.0
4000.0,12.0,0.474597
4000.0,13.0,0.0
4000.0,14.0,0.576449
4000.0,15.0,0.387893
4000.0,16.0,0.604235
4000.0,17.0,0.67541
4000.0,18.0,0.717945
4000.0,19.0,1.0
4000.0,20.0,0.0
4000.0,21.0,0.0
4000.0,22.0,0.312223
4000.0,23.0,0.936745
4000.0,24.0,0.976363
4000.0,25.0,0.520717
4000.0,26.0,0.45572
4000.0,27.0,0.349513
4000.0,28.0,0.99763
4000.0,29.0,0.526411
4000.0,30.0,0.684485
4000.0,31.0,0.0
4000.0,32.0,0.871093
4000.0,33.0,0.551796
4000.0,34.0,0.362249
4000.0,35.0,0.563793
4000.0,36.0,0.411508
4001.0,0.0,0.0
4001.0,1.0,0.014476
4001.0,2.0,0.656031
4001.0,3.0,0.609459
4001.0,4.0,0.634698
4001.0,5.0,1.0
4001.0,6.0,0.199672
4001.0,7.0,0.018326
4001.0,8.0,0.570246
4001.0,9.0,0.0
4001.0,10.0,0.719399
4001.0,11.0,1.0
4001.0,12.0,0.477982
4001.0,13.0,0.0
4001.0,14.0,0.591895
4001.0,15.0,0.390743
4001.0,16.0,0.606525
4001.0,17.0,0.678055
4001.0,18.0,0.730717
4001.0,19.0,1.0
4001.0,20.0,0.0
4001.0,21.0,0.0
4001.0,22.0,0.321108
4001.0,23.0,0.937463
4001.0,24.0,0.97654
4001.0,25.0,0.538084
4001.0,26.0,0.459279
4001.0,27.0,0.364149
4001.0,28.0,0.997658
4001.0,29.0,0.539457
4001.0,30.0,0.687162
4001.0,31.0,0.0
4001.0,32.0,0.872994
4001.0,33.0,0.553814
4001.0,34.0,0.393505
4001.0,35.0,0.573712
4001.0,36.0,0.415136
4002.0,0.0,0.0
4002.0,1.0,0.014692
4002.0,2.0,0.660929
4002.0,3.0,0.62372
4002.0,4.0,0.635692
4002.0,5.0,1.0
4002.0,6.0,0.208854
4002.0,7.0,0.019073
4002.0,8.0,0.573615
4002.0,9.0,0.0
4002.0,10.0,0.736861
4002.0,11.0,1.0
4002.0,12.0,0.480186
4002.0,13.0,0.0
4002.0,14.0,0.606052
4002.0,15.0,0.393834
4002.0,16.0,0.608852
4002.0,17.0,0.679351
4002.0,18.0,0.742726
4002.0,19.0,1.0
4002.0,20.0,0.0
4002.0,21.0,0.0
4002.0,22.0,0.330481
4002.0,23.0,0.937894
4002.0,24.0,0.976743
4002.0,25.0,0.554266
4002.0,26.0,0.463152
4002.0,27.0,0.377847
4002.0,28.0,0.9977
4002.0,29.0,0.552074
4002.0,30.0,0.689856
4002.0,31.0,0.0
4002.0,32.0,0.87541
4002.0,33.0,0.556202
4002.0,34.0,0.423659
4002.0,35.0,0.583252
4002.0,36.0,0.416886
4003.0,0.0,0.0
4003.0,1.0,0.014814
4003.0,2.0,0.664376
4003.0,3.0,0.637422
4003.0,4.0,0.636927
4003.0,5.0,1.0
4003.0,6.0,0.21805
4003.0,7.0,0.019685
4003.0,8.0,0.576895
4003.0,9.0,0.0
4003.0,10.0,0.753507
4003.0,11.0,1.0
4003.0,12.0,0.483478
4003.0,13.0,0.0
4003.0,14.0,0.619612
4003.0,15.0,0.39725
4003.0,16.0,0.611897
4003.0,17.0,0.681087
4003.0,18.0,0.754289
4003.0,19.0,1.0
4003.0,20.0,0.0
4003.0,21.0,0.0
4003.0,22.0,0.339922
4003.0,23.0,0.938276
4003.0,24.0,0.977168
4003.0,25.0,0.568551
4003.0,26.0,0.467855
4003.0,27.0,0.391988
4003.0,28.0,0.99772
4003.0,29.0,0.564265
4003.0,30.0,0.692814
4003.0,31.0,0.0
4003.0,32.0,0.877252
4003.0,33.0,0.558951
4003.0,34.0,0.453295
4003.0,35.0,0.592175
4003.0,36.0,0.419563
4004.0,0.0,0.0
4004.0,1.0,0.014882
4004.0,2.0,0.668905
4004.0,3.0,0.650567
4004.0,4.0,0.63762
4004.0,5.0,1.0
4004.0,6.0,0.228065
4004.0,7.0,0.020187
4004.0,8.0,0.579694
4004.0,9.0,0.0
4004.0,10.0,0.768124
4004.0,11.0,1.0
4004.0,12.0,0.486121
4004.0,13.0,0.0
4004.0,14.0,0.63212
4004.0,15.0,0.401436
4004.0,16.0,0.614194
4004.0,17.0,0.682066
4004.0,18.0,0.764588
4004.0,19.0,1.0
4004.0,20.0,0.0
4004.0,21.0,0.0
4004.0,22.0,0.349385
4004.0,23.0,0.938491
4004.0,24.0,0.977836
4004.0,25.0,0.582746
4004.0,26.0,0.471604
4004.0,27.0,0.406463
4004.0,28.0,0.997779
4004.0,29.0,0.577099
4004.0,30.0,0.695642
4004.0,31.0,0.0
4004.0,32.0,0.87871
4004.0,33.0,0.56099
4004.0,34.0,0.481863
4004.0,35.0,0.601814
4004.0,36.0,0.422044
4005.0,0.0,0.0
4005.0,1.0,0.015137
4005.0,2.0,0.672994
4005.0,3.0,0.661826
4005.0,4.0,0.638736
4005.0,5.0,1.0
4005.0,6.0,0.238113
4005.0,7.0,0.020992
4005.0,8.0,0.583595
4005.0,9.0,0.0
4005.0,10.0,0.782196
4005.0,11.0,1.0
4005.0,12.0,0.489713
4005.0,13.0,0.0
4005.0,14.0,0.644479
4005.0,15.0,0.404398
4005.0,16.0,0.616812
4005.0,17.0,0.684855
4005.0,18.0,0.774187
4005.0,19.0,1.0
4005.0,20.0,0.0
4005.0,21.0,0.0
4005.0,22.0,0.358626
4005.0,23.0,0.939052
4005.0,24.0,0.978322
4005.0,25.0,0.596112
4005.0,26.0,0.475733
4005.0,27.0,0.419717
4005.0,28.0,0.997784
4005.0,29.0,0.589437
4005.0,30.0,0.699204
4005.0,31.0,0.0
4005.0,32.0,0.880388
4005.0,33.0,0.562938
4005.0,34.0,0.509547
4005.0,35.0,0.610724
4005.0,36.0,0.424775
4006.0,0.0,0.0
4006.0,1.0,0.015085
4006.0,2.0,0.668028
4006.0,3.0,0.647185
4006.0,4.0,0.637057
4006.0,5.0,1.0
4006.0,6.0,0.227047
4006.0,7.0,0.020397
4006.0,8.0,0.580121
4006.0,9.0,0.0
4006.0,10.0,0.766463
4006.0,11.0,1.0
4006.0,12.0,0.486405
4006.0,13.0,0.0
4006.0,14.0,0.630204
4006.0,15.0,0.401498
4006.0,16.0,0.613985
4006.0,17.0,0.682458
4006.0,18.0,0.76385
4006.0,19.0,1.0
4006.0,20.0,0.0
4006.0,21.0,0.0
4006.0,22.0,0.349104
4006.0,23.0,0.938809
4006.0,24.0,0.978326
4006.0,25.0,0.57985
4006.0,26.0,0.471115
4006.0,27.0,0.40545
4006.0,28.0,0.997714
4006.0,29.0,0.576905
4006.0,30.0,0.696008
4006.0,31.0,0.0
4006.0,32.0,0.878533
4006.0,33.0,0.561453
4006.0,34.0,0.473672
4006.0,35.0,0.600631
4006.0,36.0,0.422528
4007.0,0.0,0.0
4007.0,1.0,0.01503
4007.0,2.0,0.663407
4007.0,3.0,0.633289
4007.0,4.0,0.635445
4007.0,5.0,1.0
4007.0,6.0,0.216452
4007.0,7.0,0.01978
4007.0,8.0,0.576394
4007.0,9.0,0.0
4007.0,10.0,0.75036
4007.0,11.0,1.0
4007.0,12.0,0.483307
4007.0,13.0,0.0
4007.0,14.0,0.616472
4007.0,15.0,0.397979
4007.0,16.0,0.611088
4007.0,17.0,0.68047
4007.0,18.0,0.75305
4007.0,19.0,1.0
4007.0,20.0,0.0
4007.0,21.0,0.0
4007.0,22.0,0.339171
4007.0,23.0,0.938239
4007.0,24.0,0.978091
4007.0,25.0,0.564277
4007.0,26.0,0.46682
4007.0,27.0,0.391391
4007.0,28.0,0.997806
4007.0,29.0,0.563931
4007.0,30.0,0.693396
4007.0,31.0,0.0
4007.0,32.0,0.877198
4007.0,33.0,0.559097
4007.0,34.0,0.441139
4007.0,35.0,0.591391
4007.0,36.0,0.420402
4008.0,0.0,0.0
4008.0,1.0,0.014905
4008.0,2.0,0.658763
4008.0,3.0,0.619586
4008.0,4.0,0.634569
4008.0,5.0,1.0
4008.0,6.0,0.20715
4008.0,7.0,0.019002
4008.0,8.0,0.573752
4008.0,9.0,0.0
4008.0,10.0,0.734224
4008.0,11.0,1.0
4008.0,12.0,0.480394
4008.0,13.0,0.0
4008.0,14.0,0.602984
4008.0,15.0,0.394549
4008.0,16.0,0.608824
4008.0,17.0,0.679048
4008.0,18.0,0.742627
4008.0,19.0,1.0
4008.0,20.0,0.0
4008.0,21.0,0.0
4008.0,22.0,0.329656
4008.0,23.0,0.937833
4008.0,24.0,0.97785
4008.0,25.0,0.549253
4008.0,26.0,0.461988
4008.0,27.0,0.377237
4008.0,28.0,0.997797
4008.0,29.0,0.551262
4008.0,30.0,0.691133
4008.0,31.0,0.0
4008.0,32.0,0.875522
4008.0,33.0,0.556197
4008.0,34.0,0.412375
4008.0,35.0,0.58117
4008.0,36.0,0.417574
4009.0,0.0,0.0
4009.0,1.0,0.014684
4009.0,2.0,0.654219
4009.0,3.0,0.605004
4009.0,4.0,0.633943
4009.0,5.0,1.0
4009.0,6.0,0.198431
4009.0,7.0,0.018355
4009.0,8.0,0.570093
4009.0,9.0,0.0
4009.0,10.0,0.717175
4009.0,11.0,1.0
4009.0,12.0,0.476688
4009.0,13.0,0.0
4009.0,14.0,0.58805
4009.0,15.0,0.391727
4009.0,16.0,0.606008
4009.0,17.0,0.677439
4009.0,18.0,0.730855
4009.0,19.0,1.0
4009.0,20.0,0.0
4009.0,21.0,0.0
4009.0,22.0,0.320866
4009.0,23.0,0.937122
4009.0,24.0,0.977617
4009.0,25.0,0.533797
4009.0,26.0,0.457568
4009.0,27.0,0.363879
4009.0,28.0,0.997743
4009.0,29.0,0.538978
4009.0,30.0,0.688053
4009.0,31.0,0.0
4009.0,32.0,0.873595
4009.0,33.0,0.554265
4009.0,34.0,0.385493
4009.0,35.0,0.571262
4009.0,36.0,0.415355
4010.0,0.0,0.0
4010.0,1.0,0.014518
4010.0,2.0,0.650569
4010.0,3.0,0.590323
4010.0,4.0,0.633008
4010.0,5.0,1.0
4010.0,6.0,0.190385
4010.0,7.0,0.017535
4010.0,8.0,0.567028
4010.0,9.0,0.0
4010.0,10.0,0.700251
4010.0,11.0,1.0
4010.0,12.0,0.473588
4010.0,13.0,0.0
4010.0,14.0,0.57427
4010.0,15.0,0.388261
4010.0,16.0,0.603827
4010.0,17.0,0.675341
4010.0,18.0,0.719268
4010.0,19.0,1.0
4010.0,20.0,0.0
4010.0,21.0,0.0
4010.0,22.0,0.312188
4010.0,23.0,0.936824
4010.0,24.0,0.977068
4010.0,25.0,0.5184
4010.0,26.0,0.453594
4010.0,27.0,0.351301
4010.0,28.0,0.997745
4010.0,29.0,0.526631
4010.0,30.0,0.684739
4010.0,31.0,0.0
4010.0,32.0,0.871442
4010.0,33.0,0.552463
4010.0,34.0,0.361277
4010.0,35.0,0.562349
4010.0,36.0,0.413449
5000.0,0.0,0.0
5000.0,1.0,0.002495
5000.0,2.0,0.638783
5000.0,3.0,0.591754
5000.0,4.0,0.653834
5000.0,5.0,1.0
5000.0,6.0,0.184779
5000.0,7.0,0.012982
5000.0,8.0,0.571794
5000.0,9.0,0.0
5000.0,10.0,0.705628
5000.0,11.0,1.0
5000.0,12.0,0.477103
5000.0,13.0,0.0
5000.0,14.0,0.577861
5000.0,15.0,0.375511
5000.0,16.0,0.589431
5000.0,17.0,0.660554
5000.0,18.0,0.71957
5000.0,19.0,1.0
5000.0,20.0,0.0
5000.0,21.0,0.0
5000.0,22.0,0.312095
5000.0,23.0,0.956357
5000.0,24.0,0.980932
5000.0,25.0,0.515156
5000.0,26.0,0.453819
5000.0,27.0,0.350925
5000.0,28.0,0.99991
5000.0,29.0,0.525675
5000.0,30.0,0.682174
5000.0,31.0,0.0
5000.0,32.0,0.876318
5000.0,33.0,0.56211
5000.0,34.0,0.362123
5000.0,35.0,0.569992
5000.0,36.0,0.407164
5001.0,0.0,0.0
5001.0,1.0,0.002488
5001.0,2.0,0.643465
5001.0,3.0,0.606312
5001.0,4.0,0.655486
5001.0,5.0,1.0
5001.0,6.0,0.194136
5001.0,7.0,0.013437
5001.0,8.0,0.575095
5001.0,9.0,0.0
5001.0,10.0,0.723973
5001.0,11.0,1.0
5001.0,12.0,0.480326
5001.0,13.0,0.0
5001.0,14.0,0.593231
5001.0,15.0,0.378164
5001.0,16.0,0.591403
5001.0,17.0,0.662405
5001.0,18.0,0.732672
5001.0,19.0,1.0
5001.0,20.0,0.0
5001.0,21.0,0.0
5001.0,22.0,0.321286
5001.0,23.0,0.956468
5001.0,24.0,0.981046
5001.0,25.0,0.532387
5001.0,26.0,0.457451
5001.0,27.0,0.364338
5001.0,28.0,0.999909
5001.0,29.0,0.539231
5001.0,30.0,0.685639
5001.0,31.0,0.0
5001.0,32.0,0.878579
5001.0,33.0,0.564083
5001.0,34.0,0.392867
5001.0,35.0,0.579721
5001.0,36.0,0.409484
5002.0,0.0,0.0
5002.0,1.0,0.002616
5002.0,2.0,0.649102
5002.0,3.0,0.620933
5002.0,4.0,0.656238
5002.0,5.0,1.0
5002.0,6.0,0.202369
5002.0,7.0,0.013826
5002.0,8.0,0.578603
5002.0,9.0,0.0
5002.0,10.0,0.742368
5002.0,11.0,1.0
5002.0,12.0,0.483401
5002.0,13.0,0.0
5002.0,14.0,0.606992
5002.0,15.0,0.3802
5002.0,16.0,0.594002
5002.0,17.0,0.664197
5002.0,18.0,0.744166
5002.0,19.0,1.0
5002.0,20.0,0.0
5002.0,21.0,0.0
5002.0,22.0,0.329389
5002.0,23.0,0.956274
5002.0,24.0,0.981342
5002.0,25.0,0.549377
5002.0,26.0,0.461286
5002.0,27.0,0.377957
5002.0,28.0,0.999916
5002.0,29.0,0.551624
5002.0,30.0,0.688124
5002.0,31.0,0.0
5002.0,32.0,0.879901
5002.0,33.0,0.565903
5002.0,34.0,0.423456
5002.0,35.0,0.590115
5002.0,36.0,0.412119
5003.0,0.0,0.0
5003.0,1.0,0.002561
5003.0,2.0,0.654366
5003.0,3.0,0.634204
5003.0,4.0,0.657722
5003.0,5.0,1.0
5003.0,6.0,0.211265
5003.0,7.0,0.014482
5003.0,8.0,0.58234
5003.0,9.0,0.0
5003.0,10.0,0.758549
5003.0,11.0,1.0
5003.0,12.0,0.48688
5003.0,13.0,0.0
5003.0,14.0,0.620254
5003.0,15.0,0.382451
5003.0,16.0,0.596705
5003.0,17.0,0.665229
5003.0,18.0,0.754885
5003.0,19.0,1.0
5003.0,20.0,0.0
5003.0,21.0,0.0
5003.0,22.0,0.33824
5003.0,23.0,0.956195
5003.0,24.0,0.981635
5003.0,25.0,0.565184
5003.0,26.0,0.465285
5003.0,27.0,0.392185
5003.0,28.0,0.999918
5003.0,29.0,0.563823
5003.0,30.0,0.691548
5003.0,31.0,0.0
5003.0,32.0,0.881615
5003.0,33.0,0.568989
5003.0,34.0,0.453187
5003.0,35.0,0.598938
5003.0,36.0,0.414392
5004.0,0.0,0.0
5004.0,1.0,0.002652
5004.0,2.0,0.659611
5004.0,3.0,0.647267
5004.0,4.0,0.659407
5004.0,5.0,1.0
5004.0,6.0,0.221193
5004.0,7.0,0.01514
5004.0,8.0,0.586032
5004.0,9.0,0.0
5004.0,10.0,0.77362
5004.0,11.0,1.0
5004.0,12.0,0.489594
5004.0,13.0,0.0
5004.0,14.0,0.633679
5004.0,15.0,0.385187
5004.0,16.0,0.598672
5004.0,17.0,0.666853
5004.0,18.0,0.765697
5004.0,19.0,1.0
5004.0,20.0,0.0
5004.0,21.0,0.0
5004.0,22.0,0.346747
5004.0,23.0,0.956493
5004.0,24.0,0.981859
5004.0,25.0,0.580474
5004.0,26.0,0.46944
5004.0,27.0,0.405597
5004.0,28.0,0.999927
5004.0,29.0,0.575326
5004.0,30.0,0.695456
5004.0,31.0,0.0
5004.0,32.0,0.883298
5004.0,33.0,0.570697
5004.0,34.0,0.481209
5004.0,35.0,0.608584
5004.0,36.0,0.415295
5005.0,0.0,0.0
5005.0,1.0,0.002694
5005.0,2.0,0.664368
5005.0,3.0,0.659701
5005.0,4.0,0.661584
5005.0,5.0,1.0
5005.0,6.0,0.230897
5005.0,7.0,0.015658
5005.0,8.0,0.588892
5005.0,9.0,0.0
5005.0,10.0,0.787389
5005.0,11.0,1.0
5005.0,12.0,0.491351
5005.0,13.0,0.0
5005.0,14.0,0.645275
5005.0,15.0,0.388312
5005.0,16.0,0.601296
5005.0,17.0,0.668913
5005.0,18.0,0.775004
5005.0,19.0,1.0
5005.0,20.0,0.0
5005.0,21.0,0.0
5005.0,22.0,0.356362
5005.0,23.0,0.956681
5005.0,24.0,0.98204
5005.0,25.0,0.595293
5005.0,26.0,0.473495
5005.0,27.0,0.41917
5005.0,28.0,0.999928
5005.0,29.0,0.587474
5005.0,30.0,0.698654
5005.0,31.0,0.0
5005.0,32.0,0.885131
5005.0,33.0,0.573373
5005.0,34.0,0.509145
5005.0,35.0,0.617891
5005.0,36.0,0.416927
5006.0,0.0,0.0
5006.0,1.0,0.002691
5006.0,2.0,0.659356
5006.0,3.0,0.646674
5006.0,4.0,0.660144
5006.0,5.0,1.0
5006.0,6.0,0.220734
5006.0,7.0,0.015236
5006.0,8.0,0.585346
5006.0,9.0,0.0
5006.0,10.0,0.772121
5006.0,11.0,1.0
5006.0,12.0,0.488147
5006.0,13.0,0.0
5006.0,14.0,0.63042
5006.0,15.0,0.385601
5006.0,16.0,0.599191
5006.0,17.0,0.667299
5006.0,18.0,0.764166
5006.0,19.0,1.0
5006.0,20.0,0.0
5006.0,21.0,0.0
5006.0,22.0,0.345933
5006.0,23.0,0.9564
5006.0,24.0,0.981754
5006.0,25.0,0.579572
5006.0,26.0,0.469457
5006.0,27.0,0.404812
5006.0,28.0,0.999935
5006.0,29.0,0.574753
5006.0,30.0,0.695948
5006.0,31.0,0.0
5006.0,32.0,0.883921
5006.0,33.0,0.571004
5006.0,34.0,0.473631
5006.0,35.0,0.609171
5006.0,36.0,0.414286
5007.0,0.0,0.0
5007.0,1.0,0.002673
5007.0,2.0,0.654549
5007.0,3.0,0.633724
5007.0,4.0,0.659403
5007.0,5.0,1.0
5007.0,6.0,0.21101
5007.0,7.0,0.014664
5007.0,8.0,0.581984
5007.0,9.0,0.0
5007.0,10.0,0.756471
5007.0,11.0,1.0
5007.0,12.0,0.484803
5007.0,13.0,0.0
5007.0,14.0,0.615924
5007.0,15.0,0.382827
5007.0,16.0,0.597533
5007.0,17.0,0.666038
5007.0,18.0,0.753548
5007.0,19.0,1.0
5007.0,20.0,0.0
5007.0,21.0,0.0
5007.0,22.0,0.336207
5007.0,23.0,0.956039
5007.0,24.0,0.981437
5007.0,25.0,0.564089
5007.0,26.0,0.464653
5007.0,27.0,0.391353
5007.0,28.0,0.999931
5007.0,29.0,0.560946
5007.0,30.0,0.693184
5007.0,31.0,0.0
5007.0,32.0,0.882107
5007.0,33.0,0.568483
5007.0,34.0,0.44079
5007.0,35.0,0.599666
5007.0,36.0,0.412592
5008.0,0.0,0.0
5008.0,1.0,0.002658
5008.0,2.0,0.649417
5008.0,3.0,0.620391
5008.0,4.0,0.658054
5008.0,5.0,1.0
5008.0,6.0,0.202522
5008.0,7.0,0.014037
5008.0,8.0,0.577782
5008.0,9.0,0.0
5008.0,10.0,0.740364
5008.0,11.0,1.0
5008.0,12.0,0.480643
5008.0,13.0,0.0
5008.0,14.0,0.603037
5008.0,15.0,0.379358
5008.0,16.0,0.595755
5008.0,17.0,0.664022
5008.0,18.0,0.742079
5008.0,19.0,1.0
5008.0,20.0,0.0
5008.0,21.0,0.0
5008.0,22.0,0.327495
5008.0,23.0,0.955674
5008.0,24.0,0.981271
5008.0,25.0,0.55008
5008.0,26.0,0.460641
5008.0,27.0,0.377524
5008.0,28.0,0.999916
5008.0,29.0,0.548903
5008.0,30.0,0.690344
5008.0,31.0,0.0
5008.0,32.0,0.880385
5008.0,33.0,0.566744
5008.0,34.0,0.411775
5008.0,35.0,0.589451
5008.0,36.0,0.410564
5009.0,0.0,0.0
5009.0,1.0,0.002607
5009.0,2.0,0.643847
5009.0,3.0,0.605633
5009.0,4.0,0.655685
5009.0,5.0,1.0
5009.0,6.0,0.192793
5009.0,7.0,0.013642
5009.0,8.0,0.574535
5009.0,9.0,0.0
5009.0,10.0,0.722851
5009.0,11.0,1.0
5009.0,12.0,0.47778
5009.0,13.0,0.0
5009.0,14.0,0.589463
5009.0,15.0,0.376599
5009.0,16.0,0.593445
5009.0,17.0,0.662304
5009.0,18.0,0.730245
5009.0,19.0,1.0
5009.0,20.0,0.0
5009.0,21.0,0.0
5009.0,22.0,0.318781
5009.0,23.0,0.955187
5009.0,24.0,0.981179
5009.0,25.0,0.534608
5009.0,26.0,0.456337
5009.0,27.0,0.363929
5009.0,28.0,0.999923
5009.0,29.0,0.535882
5009.0,30.0,0.687681
5009.0,31.0,0.0
5009.0,32.0,0.878722
5009.0,33.0,0.564394
5009.0,34.0,0.385219
5009.0,35.0,0.581011
5009.0,36.0,0.409221
5010.0,0.0,0.0
5010.0,1.0,0.002536
5010.0,2.0,0.639389
5010.0,3.0,0.592289
5010.0,4.0,0.6542
5010.0,5.0,1.0
5010.0,6.0,0.184633
5010.0,7.0,0.013074
5010.0,8.0,0.571282
5010.0,9.0,0.0
5010.0,10.0,0.706283
5010.0,11.0,1.0
5010.0,12.0,0.474895
5010.0,13.0,0.0
5010.0,14.0,0.576482
5010.0,15.0,0.374463
5010.0,16.0,0.591604
5010.0,17.0,0.660336
5010.0,18.0,0.718494
5010.0,19.0,1.0
5010.0,20.0,0.0
5010.0,21.0,0.0
5010.0,22.0,0.310962
5010.0,23.0,0.954999
5010.0,24.0,0.980871
5010.0,25.0,0.519002
5010.0,26.0,0.453058
5010.0,27.0,0.351323
5010.0,28.0,0.999934
5010.0,29.0,0.523177
5010.0,30.0,0.685083
5010.0,31.0,0.0
5010.0,32.0,0.876971
5010.0,33.0,0.56258
5010.0,34.0,0.361361
5010.0,35.0,0.572247
5010.0,36.0,0.407572
6000.0,0.0,0.0
6000.0,1.0,0.001976
6000.0,2.0,0.643709
6000.0,3.0,0.587044
6000.0,4.0,0.658852
6000.0,5.0,1.0
6000.0,6.0,0.18683
6000.0,7.0,0.006049
6000.0,8.0,0.567637
6000.0,9.0,0.0
6000.0,10.0,0.710923
6000.0,11.0,1.0
6000.0,12.0,0.474376
6000.0,13.0,0.0
6000.0,14.0,0.57775
6000.0,15.0,0.37535
6000.0,16.0,0.595144
6000.0,17.0,0.672843
6000.0,18.0,0.719136
6000.0,19.0,1.0
6000.0,20.0,0.0
6000.0,21.0,0.0
6000.0,22.0,0.311902
6000.0,23.0,0.95453
6000.0,24.0,0.975824
6000.0,25.0,0.516391
6000.0,26.0,0.45777
6000.0,27.0,0.350439
6000.0,28.0,1.0
6000.0,29.0,0.530267
6000.0,30.0,0.67552
6000.0,31.0,0.0
6000.0,32.0,0.880746
6000.0,33.0,0.563031
6000.0,34.0,0.360187
6000.0,35.0,0.570531
6000.0,36.0,0.410388
6001.0,0.0,0.0
6001.0,1.0,0.001948
6001.0,2.0,0.648702
6001.0,3.0,0.602367
6001.0,4.0,0.660115
6001.0,5.0,1.0
6001.0,6.0,0.195769
6001.0,7.0,0.00631
6001.0,8.0,0.571009
6001.0,9.0,0.0
6001.0,10.0,0.730067
6001.0,11.0,1.0
6001.0,12.0,0.476568
6001.0,13.0,0.0
6001.0,14.0,0.593035
6001.0,15.0,0.378412
6001.0,16.0,0.597616
6001.0,17.0,0.674378
6001.0,18.0,0.732182
6001.0,19.0,1.0
6001.0,20.0,0.0
6001.0,21.0,0.0
6001.0,22.0,0.320944
6001.0,23.0,0.954601
6001.0,24.0,0.975962
6001.0,25.0,0.53322
6001.0,26.0,0.462142
6001.0,27.0,0.364119
6001.0,28.0,1.0
6001.0,29.0,0.543414
6001.0,30.0,0.678868
6001.0,31.0,0.0
6001.0,32.0,0.882702
6001.0,33.0,0.564766
6001.0,34.0,0.390934
6001.0,35.0,0.579915
6001.0,36.0,0.412777
6002.0,0.0,0.0
6002.0,1.0,0.001931
6002.0,2.0,0.653369
6002.0,3.0,0.617222
6002.0,4.0,0.661645
6002.0,5.0,1.0
6002.0,6.0,0.205261
6002.0,7.0,0.006629
6002.0,8.0,0.574444
6002.0,9.0,0.0
6002.0,10.0,0.747537
6002.0,11.0,1.0
6002.0,12.0,0.479687
6002.0,13.0,0.0
6002.0,14.0,0.607246
6002.0,15.0,0.382012
6002.0,16.0,0.599761
6002.0,17.0,0.676317
6002.0,18.0,0.743902
6002.0,19.0,1.0
6002.0,20.0,0.0
6002.0,21.0,0.0
6002.0,22.0,0.331423
6002.0,23.0,0.954744
6002.0,24.0,0.976425
6002.0,25.0,0.549024
6002.0,26.0,0.465837
6002.0,27.0,0.37915
6002.0,28.0,1.0
6002.0,29.0,0.5557
6002.0,30.0,0.681352
6002.0,31.0,0.0
6002.0,32.0,0.884143
6002.0,33.0,0.566325
6002.0,34.0,0.420777
6002.0,35.0,0.588981
6002.0,36.0,0.415311
6003.0,0.0,0.0
6003.0,1.0,0.00196
6003.0,2.0,0.657367
6003.0,3.0,0.631959
6003.0,4.0,0.663112
6003.0,5.0,1.0
6003.0,6.0,0.21419
6003.0,7.0,0.006899
6003.0,8.0,0.578015
6003.0,9.0,0.0
6003.0,10.0,0.762721
6003.0,11.0,1.0
6003.0,12.0,0.481458
6003.0,13.0,0.0
6003.0,14.0,0.621033
6003.0,15.0,0.384625
6003.0,16.0,0.602256
6003.0,17.0,0.678193
6003.0,18.0,0.754936
6003.0,19.0,1.0
6003.0,20.0,0.0
6003.0,21.0,0.0
6003.0,22.0,0.341222
6003.0,23.0,0.95523
6003.0,24.0,0.976794
6003.0,25.0,0.56373
6003.0,26.0,0.47038
6003.0,27.0,0.39359
6003.0,28.0,1.0
6003.0,29.0,0.568189
6003.0,30.0,0.68468
6003.0,31.0,0.0
6003.0,32.0,0.885659
6003.0,33.0,0.567941
6003.0,34.0,0.450199
6003.0,35.0,0.59938
6003.0,36.0,0.417614
6004.0,0.0,0.0
6004.0,1.0,0.002001
6004.0,2.0,0.66264
6004.0,3.0,0.645602
6004.0,4.0,0.664079
6004.0,5.0,1.0
6004.0,6.0,0.223142
6004.0,7.0,0.007075
6004.0,8.0,0.58105
6004.0,9.0,0.0
6004.0,10.0,0.776733
6004.0,11.0,1.0
6004.0,12.0,0.484885
6004.0,13.0,0.0
6004.0,14.0,0.633959
6004.0,15.0,0.387216
6004.0,16.0,0.604001
6004.0,17.0,0.680683
6004.0,18.0,0.764966
6004.0,19.0,1.0
6004.0,20.0,0.0
6004.0,21.0,0.0
6004.0,22.0,0.350628
6004.0,23.0,0.955247
6004.0,24.0,0.977283
6004.0,25.0,0.579424
6004.0,26.0,0.474482
6004.0,27.0,0.408656
6004.0,28.0,1.0
6004.0,29.0,0.581078
6004.0,30.0,0.687243
6004.0,31.0,0.0
6004.0,32.0,0.887295
6004.0,33.0,0.57097
6004.0,34.0,0.480023
6004.0,35.0,0.608157
6004.0,36.0,0.419644
6005.0,0.0,0.0
6005.0,1.0,0.00203
6005.0,2.0,0.666884
6005.0,3.0,0.657671
6005.0,4.0,0.666642
6005.0,5.0,1.0
6005.0,6.0,0.232849
6005.0,7.0,0.007393
6005.0,8.0,0.583951
6005.0,9.0,0.0
6005.0,10.0,0.790952
6005.0,11.0,1.0
6005.0,12.0,0.487415
6005.0,13.0,0.0
6005.0,14.0,0.646874
6005.0,15.0,0.390118
6005.0,16.0,0.606663
6005.0,17.0,0.682031
6005.0,18.0,0.774901
6005.0,19.0,1.0
6005.0,20.0,0.0
6005.0,21.0,0.0
6005.0,22.0,0.360444
6005.0,23.0,0.955463
6005.0,24.0,0.977755
6005.0,25.0,0.593748
6005.0,26.0,0.47886
6005.0,27.0,0.423363
6005.0,28.0,1.0
6005.0,29.0,0.59396
6005.0,30.0,0.69004
6005.0,31.0,0.0
6005.0,32.0,0.889028
6005.0,33.0,0.573592
6005.0,34.0,0.507704
6005.0,35.0,0.616699
6005.0,36.0,0.422089
6006.0,0.0,0.0
6006.0,1.0,0.001985
6006.0,2.0,0.662798
6006.0,3.0,0.644015
6006.0,4.0,0.665262
6006.0,5.0,1.0
6006.0,6.0,0.222757
6006.0,7.0,0.006926
6006.0,8.0,0.579757
6006.0,9.0,0.0
6006.0,10.0,0.776727
6006.0,11.0,1.0
6006.0,12.0,0.484887
6006.0,13.0,0.0
6006.0,14.0,0.633052
6006.0,15.0,0.387478
6006.0,16.0,0.603246
6006.0,17.0,0.680654
6006.0,18.0,0.765147
6006.0,19.0,1.0
6006.0,20.0,0.0
6006.0,21.0,0.0
6006.0,22.0,0.349592
6006.0,23.0,0.955441
6006.0,24.0,0.977323
6006.0,25.0,0.57833
6006.0,26.0,0.474312
6006.0,27.0,0.409641
6006.0,28.0,1.0
6006.0,29.0,0.580681
6006.0,30.0,0.687604
6006.0,31.0,0.0
6006.0,32.0,0.886639
6006.0,33.0,0.571547
6006.0,34.0,0.472353
6006.0,35.0,0.607085
6006.0,36.0,0.419697
6007.0,0.0,0.0
6007.0,1.0,0.001914
6007.0,2.0,0.65868
6007.0,3.0,0.630574
6007.0,4.0,0.664258
6007.0,5.0,1.0
6007.0,6.0,0.212701
6007.0,7.0,0.006622
6007.0,8.0,0.575889
6007.0,9.0,0.0
6007.0,10.0,0.762252
6007.0,11.0,1.0
6007.0,12.0,0.482402
6007.0,13.0,0.0
6007.0,14.0,0.619621
6007.0,15.0,0.38495
6007.0,16.0,0.601248
6007.0,17.0,0.678466
6007.0,18.0,0.754334
6007.0,19.0,1.0
6007.0,20.0,0.0
6007.0,21.0,0.0
6007.0,22.0,0.339859
6007.0,23.0,0.955329
6007.0,24.0,0.976898
6007.0,25.0,0.562546
6007.0,26.0,0.470196
6007.0,27.0,0.394552
6007.0,28.0,1.0
6007.0,29.0,0.567417
6007.0,30.0,0.685152
6007.0,31.0,0.0
6007.0,32.0,0.884759
6007.0,33.0,0.569028
6007.0,34.0,0.440854
6007.0,35.0,0.59697
6007.0,36.0,0.41734
6008.0,0.0,0.0
6008.0,1.0,0.002007
6008.0,2.0,0.654055
6008.0,3.0,0.616955
6008.0,4.0,0.663162
6008.0,5.0,1.0
6008.0,6.0,0.203775
6008.0,7.0,0.00648
6008.0,8.0,0.572687
6008.0,9.0,0.0
6008.0,10.0,0.746258
6008.0,11.0,1.0
6008.0,12.0,0.479406
6008.0,13.0,0.0
6008.0,14.0,0.605845
6008.0,15.0,0.382417
6008.0,16.0,0.5994
6008.0,17.0,0.675807
6008.0,18.0,0.74408
6008.0,19.0,1.0
6008.0,20.0,0.0
6008.0,21.0,0.0
6008.0,22.0,0.330554
6008.0,23.0,0.954955
6008.0,24.0,0.976704
6008.0,25.0,0.546658
6008.0,26.0,0.465976
6008.0,27.0,0.38078
6008.0,28.0,1.0
6008.0,29.0,0.554931
6008.0,30.0,0.682099
6008.0,31.0,0.0
6008.0,32.0,0.881996
6008.0,33.0,0.566335
6008.0,34.0,0.411897
6008.0,35.0,0.587522
6008.0,36.0,0.41462
6009.0,0.0,0.0
6009.0,1.0,0.001985
6009.0,2.0,0.649076
6009.0,3.0,0.602446
6009.0,4.0,0.661812
6009.0,5.0,1.0
6009.0,6.0,0.194998
6009.0,7.0,0.006204
6009.0,8.0,0.568812
6009.0,9.0,0.0
6009.0,10.0,0.73045
6009.0,11.0,1.0
6009.0,12.0,0.476678
6009.0,13.0,0.0
6009.0,14.0,0.593499
6009.0,15.0,0.380042
6009.0,16.0,0.597043
6009.0,17.0,0.673846
6009.0,18.0,0.732906
6009.0,19.0,1.0
6009.0,20.0,0.0
6009.0,21.0,0.0
6009.0,22.0,0.321625
6009.0,23.0,0.95465
6009.0,24.0,0.97653
6009.0,25.0,0.530802
6009.0,26.0,0.461594
6009.0,27.0,0.366522
6009.0,28.0,1.0
6009.0,29.0,0.542928
6009.0,30.0,0.678815
6009.0,31.0,0.0
6009.0,32.0,0.880129
6009.0,33.0,0.563761
6009.0,34.0,0.385191
6009.0,35.0,0.578684
6009.0,36.0,0.41159
6010.0,0.0,0.0
6010.0,1.0,0.001923
6010.0,2.0,0.644276
6010.0,3.0,0.588991
6010.0,4.0,0.660063
6010.0,5.0,1.0
6010.0,6.0,0.1872
6010.0,7.0,0.005962
6010.0,8.0,0.565876
6010.0,9.0,0.0
6010.0,10.0,0.713566
6010.0,11.0,1.0
6010.0,12.0,0.473241
6010.0,13.0,0.0
6010.0,14.0,0.580256
6010.0,15.0,0.377364
6010.0,16.0,0.595869
6010.0,17.0,0.673345
6010.0,18.0,0.72167
6010.0,19.0,1.0
6010.0,20.0,0.0
6010.0,21.0,0.0
6010.0,22.0,0.313074
6010.0,23.0,0.954366
6010.0,24.0,0.976256
6010.0,25.0,0.515867
6010.0,26.0,0.456591
6010.0,27.0,0.353843
6010.0,28.0,1.0
6010.0,29.0,0.529914
6010.0,30.0,0.677284
6010.0,31.0,0.0
6010.0,32.0,0.878702
6010.0,33.0,0.561709
6010.0,34.0,0.361031
6010.0,35.0,0.570829
6010.0,36.0,0.409064
7000.0,0.0,0.0
7000.0,1.0,0.000497
7000.0,2.0,0.650803
7000.0,3.0,0.587785
7000.0,4.0,0.662736
7000.0,5.0,1.0
7000.0,6.0,0.184864
7000.0,7.0,0.007766
7000.0,8.0,0.567085
7000.0,9.0,0.0
7000.0,10.0,0.702391
7000.0,11.0,1.0
7000.0,12.0,0.475941
7000.0,13.0,0.0
7000.0,14.0,0.57761
7000.0,15.0,0.380891
7000.0,16.0,0.589858
7000.0,17.0,0.680213
7000.0,18.0,0.722227
7000.0,19.0,1.0
7000.0,20.0,0.0
7000.0,21.0,0.0
7000.0,22.0,0.308462
7000.0,23.0,0.966032
7000.0,24.0,0.983091
7000.0,25.0,0.522018
7000.0,26.0,0.462414
7000.0,27.0,0.357532
7000.0,28.0,1.0
7000.0,29.0,0.527358
7000.0,30.0,0.688778
7000.0,31.0,0.0
7000.0,32.0,0.881901
7000.0,33.0,0.560497
7000.0,34.0,0.360572
7000.0,35.0,0.572017
7000.0,36.0,0.401028
7001.0,0.0,0.0
7001.0,1.0,0.000505
7001.0,2.0,0.655741
7001.0,3.0,0.603227
7001.0,4.0,0.663711
7001.0,5.0,1.0
7001.0,6.0,0.194167
7001.0,7.0,0.00814
7001.0,8.0,0.570941
7001.0,9.0,0.0
7001.0,10.0,0.72012
7001.0,11.0,1.0
7001.0,12.0,0.478713
7001.0,13.0,0.0
7001.0,14.0,0.593238
7001.0,15.0,0.383391
7001.0,16.0,0.592273
7001.0,17.0,0.681666
7001.0,18.0,0.734777
7001.0,19.0,1.0
7001.0,20.0,0.0
7001.0,21.0,0.0
7001.0,22.0,0.317324
7001.0,23.0,0.966087
7001.0,24.0,0.983152
7001.0,25.0,0.538885
7001.0,26.0,0.4665
7001.0,27.0,0.371408
7001.0,28.0,1.0
7001.0,29.0,0.539959
7001.0,30.0,0.690952
7001.0,31.0,0.0
7001.0,32.0,0.883945
7001.0,33.0,0.563232
7001.0,34.0,0.390987
7001.0,35.0,0.581222
7001.0,36.0,0.403533
7002.0,0.0,0.0
7002.0,1.0,0.000522
7002.0,2.0,0.661051
7002.0,3.0,0.616773
7002.0,4.0,0.665341
7002.0,5.0,1.0
7002.0,6.0,0.202809
7002.0,7.0,0.008468
7002.0,8.0,0.574367
7002.0,9.0,0.0
7002.0,10.0,0.736836
7002.0,11.0,1.0
7002.0,12.0,0.481293
7002.0,13.0,0.0
7002.0,14.0,0.607367
7002.0,15.0,0.385813
7002.0,16.0,0.594063
7002.0,17.0,0.683748
7002.0,18.0,0.745887
7002.0,19.0,1.0
7002.0,20.0,0.0
7002.0,21.0,0.0
7002.0,22.0,0.325832
7002.0,23.0,0.966167
7002.0,24.0,0.983203
7002.0,25.0,0.55482
7002.0,26.0,0.471537
7002.0,27.0,0.385412
7002.0,28.0,1.0
7002.0,29.0,0.553094
7002.0,30.0,0.693889
7002.0,31.0,0.0
7002.0,32.0,0.885557
7002.0,33.0,0.564928
7002.0,34.0,0.4212
7002.0,35.0,0.589683
7002.0,36.0,0.405995
7003.0,0.0,0.0
7003.0,1.0,0.000492
7003.0,2.0,0.666035
7003.0,3.0,0.63038
7003.0,4.0,0.666248
7003.0,5.0,1.0
7003.0,6.0,0.211651
7003.0,7.0,0.008779
7003.0,8.0,0.578289
7003.0,9.0,0.0
7003.0,10.0,0.752497
7003.0,11.0,1.0
7003.0,12.0,0.484519
7003.0,13.0,0.0
7003.0,14.0,0.620909
7003.0,15.0,0.388568
7003.0,16.0,0.596738
7003.0,17.0,0.685296
7003.0,18.0,0.756897
7003.0,19.0,1.0
7003.0,20.0,0.0
7003.0,21.0,0.0
7003.0,22.0,0.335533
7003.0,23.0,0.966411
7003.0,24.0,0.983474
7003.0,25.0,0.570616
7003.0,26.0,0.476308
7003.0,27.0,0.399679
7003.0,28.0,1.0
7003.0,29.0,0.56576
7003.0,30.0,0.697148
7003.0,31.0,0.0
7003.0,32.0,0.887161
7003.0,33.0,0.567073
7003.0,34.0,0.450749
7003.0,35.0,0.599482
7003.0,36.0,0.408119
7004.0,0.0,0.0
7004.0,1.0,0.000474
7004.0,2.0,0.669854
7004.0,3.0,0.643425
7004.0,4.0,0.667612
7004.0,5.0,1.0
7004.0,6.0,0.220748
7004.0,7.0,0.009341
7004.0,8.0,0.580716
7004.0,9.0,0.0
7004.0,10.0,0.766611
7004.0,11.0,1.0
7004.0,12.0,0.487643
7004.0,13.0,0.0
7004.0,14.0,0.632866
7004.0,15.0,0.391256
7004.0,16.0,0.599233
7004.0,17.0,0.687499
7004.0,18.0,0.76711
7004.0,19.0,1.0
7004.0,20.0,0.0
7004.0,21.0,0.0
7004.0,22.0,0.344509
7004.0,23.0,0.96685
7004.0,24.0,0.983721
7004.0,25.0,0.585082
7004.0,26.0,0.480319
7004.0,27.0,0.412734
7004.0,28.0,1.0
7004.0,29.0,0.577898
7004.0,30.0,0.699553
7004.0,31.0,0.0
7004.0,32.0,0.888676
7004.0,33.0,0.568925
7004.0,34.0,0.480819
7004.0,35.0,0.608675
7004.0,36.0,0.41034
7005.0,0.0,0.0
7005.0,1.0,0.00047
7005.0,2.0,0.673752
7005.0,3.0,0.656378
7005.0,4.0,0.66888
7005.0,5.0,1.0
7005.0,6.0,0.231592
7005.0,7.0,0.009664
7005.0,8.0,0.583328
7005.0,9.0,0.0
7005.0,10.0,0.780211
7005.0,11.0,1.0
7005.0,12.0,0.490729
7005.0,13.0,0.0
7005.0,14.0,0.644457
7005.0,15.0,0.394045
7005.0,16.0,0.602091
7005.0,17.0,0.689018
7005.0,18.0,0.77689
7005.0,19.0,1.0
7005.0,20.0,0.0
7005.0,21.0,0.0
7005.0,22.0,0.352893
7005.0,23.0,0.96715
7005.0,24.0,0.983627
7005.0,25.0,0.598515
7005.0,26.0,0.48419
7005.0,27.0,0.426549
7005.0,28.0,1.0
7005.0,29.0,0.590029
7005.0,30.0,0.702824
7005.0,31.0,0.0
7005.0,32.0,0.890266
7005.0,33.0,0.571005
7005.0,34.0,0.508443
7005.0,35.0,0.617257
7005.0,36.0,0.412503
7006.0,0.0,0.0
7006.0,1.0,0.000468
7006.0,2.0,0.668484
7006.0,3.0,0.643011
7006.0,4.0,0.667222
7006.0,5.0,1.0
7006.0,6.0,0.221184
7006.0,7.0,0.009204
7006.0,8.0,0.579585
7006.0,9.0,0.0
7006.0,10.0,0.764406
7006.0,11.0,1.0
7006.0,12.0,0.488622
7006.0,13.0,0.0
7006.0,14.0,0.630402
7006.0,15.0,0.391694
7006.0,16.0,0.600216
7006.0,17.0,0.687206
7006.0,18.0,0.767108
7006.0,19.0,1.0
7006.0,20.0,0.0
7006.0,21.0,0.0
7006.0,22.0,0.34288
7006.0,23.0,0.967385
7006.0,24.0,0.983195
7006.0,25.0,0.58317
7006.0,26.0,0.478505
7006.0,27.0,0.41219
7006.0,28.0,1.0
7006.0,29.0,0.577652
7006.0,30.0,0.700262
7006.0,31.0,0.0
7006.0,32.0,0.888576
7006.0,33.0,0.568627
7006.0,34.0,0.472678
7006.0,35.0,0.60792
7006.0,36.0,0.410843
7007.0,0.0,0.0
7007.0,1.0,0.000475
7007.0,2.0,0.663825
7007.0,3.0,0.629046
7007.0,4.0,0.666031
7007.0,5.0,1.0
7007.0,6.0,0.211576
7007.0,7.0,0.009003
7007.0,8.0,0.577037
7007.0,9.0,0.0
7007.0,10.0,0.748926
7007.0,11.0,1.0
7007.0,12.0,0.485569
7007.0,13.0,0.0
7007.0,14.0,0.616743
7007.0,15.0,0.389054
7007.0,16.0,0.598713
7007.0,17.0,0.685238
7007.0,18.0,0.755685
7007.0,19.0,1.0
7007.0,20.0,0.0
7007.0,21.0,0.0
7007.0,22.0,0.33293
7007.0,23.0,0.967333
7007.0,24.0,0.983037
7007.0,25.0,0.568514
7007.0,26.0,0.473526
7007.0,27.0,0.397458
7007.0,28.0,1.0
7007.0,29.0,0.564635
7007.0,30.0,0.697111
7007.0,31.0,0.0
7007.0,32.0,0.886928
7007.0,33.0,0.567365
7007.0,34.0,0.44042
7007.0,35.0,0.598684
7007.0,36.0,0.409589
7008.0,0.0,0.0
7008.0,1.0,0.000453
7008.0,2.0,0.659107
7008.0,3.0,0.616375
7008.0,4.0,0.664871
7008.0,5.0,1.0
7008.0,6.0,0.202822
7008.0,7.0,0.008689
7008.0,8.0,0.573757
7008.0,9.0,0.0
7008.0,10.0,0.732212
7008.0,11.0,1.0
7008.0,12.0,0.482144
7008.0,13.0,0.0
7008.0,14.0,0.602561
7008.0,15.0,0.385611
7008.0,16.0,0.596455
7008.0,17.0,0.683739
7008.0,18.0,0.744818
7008.0,19.0,1.0
7008.0,20.0,0.0
7008.0,21.0,0.0
7008.0,22.0,0.323593
7008.0,23.0,0.967351
7008.0,24.0,0.982535
7008.0,25.0,0.552927
7008.0,26.0,0.469882
7008.0,27.0,0.383682
7008.0,28.0,1.0
7008.0,29.0,0.552284
7008.0,30.0,0.694567
7008.0,31.0,0.0
7008.0,32.0,0.885253
7008.0,33.0,0.566425
7008.0,34.0,0.411718
7008.0,35.0,0.589687
7008.0,36.0,0.408093
7009.0,0.0,0.0
7009.0,1.0,0.000436
7009.0,2.0,0.653692
7009.0,3.0,0.602652
7009.0,4.0,0.663953
7009.0,5.0,1.0
7009.0,6.0,0.19406
7009.0,7.0,0.008458
7009.0,8.0,0.570612
7009.0,9.0,0.0
7009.0,10.0,0.714697
7009.0,11.0,1.0
7009.0,12.0,0.479162
7009.0,13.0,0.0
7009.0,14.0,0.589637
7009.0,15.0,0.383176
7009.0,16.0,0.593826
7009.0,17.0,0.682001
7009.0,18.0,0.733435
7009.0,19.0,1.0
7009.0,20.0,0.0
7009.0,21.0,0.0
7009.0,22.0,0.314677
7009.0,23.0,0.967304
7009.0,24.0,0.982143
7009.0,25.0,0.537406
7009.0,26.0,0.465007
7009.0,27.0,0.370996
7009.0,28.0,1.0
7009.0,29.0,0.539993
7009.0,30.0,0.691461
7009.0,31.0,0.0
7009.0,32.0,0.883805
7009.0,33.0,0.564322
7009.0,34.0,0.385016
7009.0,35.0,0.581282
7009.0,36.0,0.405859
7010.0,0.0,0.0
7010.0,1.0,0.000424
7010.0,2.0,0.648923
7010.0,3.0,0.589161
7010.0,4.0,0.662213
7010.0,5.0,1.0
7010.0,6.0,0.185101
7010.0,7.0,0.008171
7010.0,8.0,0.5681
7010.0,9.0,0.0
7010.0,10.0,0.697455
7010.0,11.0,1.0
7010.0,12.0,0.476226
7010.0,13.0,0.0
7010.0,14.0,0.576669
7010.0,15.0,0.380554
7010.0,16.0,0.591321
7010.0,17.0,0.679419
7010.0,18.0,0.7219
7010.0,19.0,1.0
7010.0,20.0,0.0
7010.0,21.0,0.0
7010.0,22.0,0.305932
7010.0,23.0,0.967103
7010.0,24.0,0.981814
7010.0,25.0,0.522015
7010.0,26.0,0.460786
7010.0,27.0,0.357681
7010.0,28.0,1.0
7010.0,29.0,0.527742
7010.0,30.0,0.688947
7010.0,31.0,0.0
7010.0,32.0,0.881354
7010.0,33.0,0.56177
7010.0,34.0,0.361499
7010.0,35.0,0.573031
7010.0,36.0,0.404445
8000.0,0.0,0.0
8000.0,1.0,0.000312
8000.0,2.0,0.655136
8000.0,3.0,0.589551
8000.0,4.0,0.662625
8000.0,5.0,1.0
8000.0,6.0,0.183423
8000.0,7.0,0.009036
8000.0,8.0,0.562759
8000.0,9.0,0.0
8000.0,10.0,0.703992
8000.0,11.0,1.0
8000.0,12.0,0.482286
8000.0,13.0,0.0
8000.0,14.0,0.575737
8000.0,15.0,0.382511
8000.0,16.0,0.607125
8000.0,17.0,0.673631
8000.0,18.0,0.714654
8000.0,19.0,1.0
8000.0,20.0,0.0
8000.0,21.0,0.0
8000.0,22.0,0.302476
8000.0,23.0,0.973273
8000.0,24.0,0.986671
8000.0,25.0,0.516405
8000.0,26.0,0.465865
8000.0,27.0,0.347902
8000.0,28.0,1.0
8000.0,29.0,0.527866
8000.0,30.0,0.679752
8000.0,31.0,0.0
8000.0,32.0,0.869551
8000.0,33.0,0.573943
8000.0,34.0,0.359237
8000.0,35.0,0.572147
8000.0,36.0,0.416006
8001.0,0.0,0.0
8001.0,1.0,0.000298
8001.0,2.0,0.660206
8001.0,3.0,0.604409
8001.0,4.0,0.664238
8001.0,5.0,1.0
8001.0,6.0,0.191975
8001.0,7.0,0.009365
8001.0,8.0,0.566213
8001.0,9.0,0.0
8001.0,10.0,0.722006
8001.0,11.0,1.0
8001.0,12.0,0.485464
8001.0,13.0,0.0
8001.0,14.0,0.591479
8001.0,15.0,0.38547
8001.0,16.0,0.609538
8001.0,17.0,0.675508
8001.0,18.0,0.727505
8001.0,19.0,1.0
8001.0,20.0,0.0
8001.0,21.0,0.0
8001.0,22.0,0.311934
8001.0,23.0,0.973153
8001.0,24.0,0.986854
8001.0,25.0,0.533657
8001.0,26.0,0.469931
8001.0,27.0,0.361564
8001.0,28.0,1.0
8001.0,29.0,0.54074
8001.0,30.0,0.683922
8001.0,31.0,0.0
8001.0,32.0,0.871489
8001.0,33.0,0.576725
8001.0,34.0,0.390298
8001.0,35.0,0.582693
8001.0,36.0,0.41764
8002.0,0.0,0.0
8002.0,1.0,0.000298
8002.0,2.0,0.664979
8002.0,3.0,0.618985
8002.0,4.0,0.66595
8002.0,5.0,1.0
8002.0,6.0,0.200958
8002.0,7.0,0.009729
8002.0,8.0,0.5702
8002.0,9.0,0.0
8002.0,10.0,0.739241
8002.0,11.0,1.0
8002.0,12.0,0.488888
8002.0,13.0,0.0
8002.0,14.0,0.606157
8002.0,15.0,0.389057
8002.0,16.0,0.612869
8002.0,17.0,0.677237
8002.0,18.0,0.739717
8002.0,19.0,1.0
8002.0,20.0,0.0
8002.0,21.0,0.0
8002.0,22.0,0.321344
8002.0,23.0,0.973076
8002.0,24.0,0.987228
8002.0,25.0,0.550806
8002.0,26.0,0.474427
8002.0,27.0,0.375504
8002.0,28.0,1.0
8002.0,29.0,0.554169
8002.0,30.0,0.686582
8002.0,31.0,0.0
8002.0,32.0,0.873398
8002.0,33.0,0.578479
8002.0,34.0,0.420742
8002.0,35.0,0.591603
8002.0,36.0,0.419824
8003.0,0.0,0.0
8003.0,1.0,0.000262
8003.0,2.0,0.669135
8003.0,3.0,0.632905
8003.0,4.0,0.667093
8003.0,5.0,1.0
8003.0,6.0,0.210503
8003.0,7.0,0.010104
8003.0,8.0,0.574538
8003.0,9.0,0.0
8003.0,10.0,0.755791
8003.0,11.0,1.0
8003.0,12.0,0.491164
8003.0,13.0,0.0
8003.0,14.0,0.620016
8003.0,15.0,0.391056
8003.0,16.0,0.615067
8003.0,17.0,0.678215
8003.0,18.0,0.751821
8003.0,19.0,1.0
8003.0,20.0,0.0
8003.0,21.0,0.0
8003.0,22.0,0.32939
8003.0,23.0,0.97301
8003.0,24.0,0.987242
8003.0,25.0,0.566086
8003.0,26.0,0.478794
8003.0,27.0,0.389648
8003.0,28.0,1.0
8003.0,29.0,0.566684
8003.0,30.0,0.689459
8003.0,31.0,0.0
8003.0,32.0,0.874402
8003.0,33.0,0.580957
8003.0,34.0,0.450927
8003.0,35.0,0.601523
8003.0,36.0,0.422571
8004.0,0.0,0.0
8004.0,1.0,0.00025
8004.0,2.0,0.673612
8004.0,3.0,0.645674
8004.0,4.0,0.668375
8004.0,5.0,1.0
8004.0,6.0,0.219546
8004.0,7.0,0.01056
8004.0,8.0,0.577213
8004.0,9.0,0.0
8004.0,10.0,0.770751
8004.0,11.0,1.0
8004.0,12.0,0.493527
8004.0,13.0,0.0
8004.0,14.0,0.633346
8004.0,15.0,0.393989
8004.0,16.0,0.617236
8004.0,17.0,0.679738
8004.0,18.0,0.763191
8004.0,19.0,1.0
8004.0,20.0,0.0
8004.0,21.0,0.0
8004.0,22.0,0.339194
8004.0,23.0,0.972694
8004.0,24.0,0.987237
8004.0,25.0,0.580472
8004.0,26.0,0.482171
8004.0,27.0,0.403899
8004.0,28.0,1.0
8004.0,29.0,0.579212
8004.0,30.0,0.692525
8004.0,31.0,0.0
8004.0,32.0,0.876446
8004.0,33.0,0.583316
8004.0,34.0,0.478937
8004.0,35.0,0.609712
8004.0,36.0,0.424225
8005.0,0.0,0.0
8005.0,1.0,0.00024
8005.0,2.0,0.678039
8005.0,3.0,0.657823
8005.0,4.0,0.67026
8005.0,5.0,1.0
8005.0,6.0,0.228593
8005.0,7.0,0.010909
8005.0,8.0,0.580848
8005.0,9.0,0.0
8005.0,10.0,0.784607
8005.0,11.0,1.0
8005.0,12.0,0.49615
8005.0,13.0,0.0
8005.0,14.0,0.645175
8005.0,15.0,0.396821
8005.0,16.0,0.619053
8005.0,17.0,0.680822
8005.0,18.0,0.773243
8005.0,19.0,1.0
8005.0,20.0,0.0
8005.0,21.0,0.0
8005.0,22.0,0.348035
8005.0,23.0,0.973107
8005.0,24.0,0.987453
8005.0,25.0,0.594685
8005.0,26.0,0.486037
8005.0,27.0,0.418104
8005.0,28.0,1.0
8005.0,29.0,0.590984
8005.0,30.0,0.695402
8005.0,31.0,0.0
8005.0,32.0,0.878668
8005.0,33.0,0.584774
8005.0,34.0,0.50662
8005.0,35.0,0.617229
8005.0,36.0,0.425777
8006.0,0.0,0.0
8006.0,1.0,0.000213
8006.0,2.0,0.673702
8006.0,3.0,0.644092
8006.0,4.0,0.668674
8006.0,5.0,1.0
8006.0,6.0,0.218048
8006.0,7.0,0.010421
8006.0,8.0,0.576829
8006.0,9.0,0.0
8006.0,10.0,0.769519
8006.0,11.0,1.0
8006.0,12.0,0.492568
8006.0,13.0,0.0
8006.0,14.0,0.631304
8006.0,15.0,0.393695
8006.0,16.0,0.617648
8006.0,17.0,0.678601
8006.0,18.0,0.763024
8006.0,19.0,1.0
8006.0,20.0,0.0
8006.0,21.0,0.0
8006.0,22.0,0.336816
8006.0,23.0,0.972921
8006.0,24.0,0.987346
8006.0,25.0,0.578492
8006.0,26.0,0.481094
8006.0,27.0,0.403574
8006.0,28.0,1.0
8006.0,29.0,0.577732
8006.0,30.0,0.691822
8006.0,31.0,0.0
8006.0,32.0,0.877329
8006.0,33.0,0.582157
8006.0,34.0,0.472568
8006.0,35.0,0.607308
8006.0,36.0,0.423467
8007.0,0.0,0.0
8007.0,1.0,0.000215
8007.0,2.0,0.668833
8007.0,3.0,0.630165
8007.0,4.0,0.66776
8007.0,5.0,1.0
8007.0,6.0,0.208286
8007.0,7.0,0.010228
8007.0,8.0,0.573465
8007.0,9.0,0.0
8007.0,10.0,0.753395
8007.0,11.0,1.0
8007.0,12.0,0.488675
8007.0,13.0,0.0
8007.0,14.0,0.617025
8007.0,15.0,0.389232
8007.0,16.0,0.614873
8007.0,17.0,0.677451
8007.0,18.0,0.751224
8007.0,19.0,1.0
8007.0,20.0,0.0
8007.0,21.0,0.0
8007.0,22.0,0.327469
8007.0,23.0,0.972511
8007.0,24.0,0.98707
8007.0,25.0,0.56335
8007.0,26.0,0.476509
8007.0,27.0,0.389697
8007.0,28.0,1.0
8007.0,29.0,0.564466
8007.0,30.0,0.687667
8007.0,31.0,0.0
8007.0,32.0,0.875481
8007.0,33.0,0.58057
8007.0,34.0,0.440397
8007.0,35.0,0.598176
8007.0,36.0,0.421204
8008.0,0.0,0.0
8008.0,1.0,0.000226
8008.0,2.0,0.664899
8008.0,3.0,0.616221
8008.0,4.0,0.666884
8008.0,5.0,1.0
8008.0,6.0,0.199732
8008.0,7.0,0.009892
8008.0,8.0,0.569908
8008.0,9.0,0.0
8008.0,10.0,0.737666
8008.0,11.0,1.0
8008.0,12.0,0.485626
8008.0,13.0,0.0
8008.0,14.0,0.602909
8008.0,15.0,0.386631
8008.0,16.0,0.612983
8008.0,17.0,0.675862
8008.0,18.0,0.739764
8008.0,19.0,1.0
8008.0,20.0,0.0
8008.0,21.0,0.0
8008.0,22.0,0.319123
8008.0,23.0,0.972488
8008.0,24.0,0.986872
8008.0,25.0,0.547423
8008.0,26.0,0.47222
8008.0,27.0,0.375472
8008.0,28.0,1.0
8008.0,29.0,0.550554
8008.0,30.0,0.684128
8008.0,31.0,0.0
8008.0,32.0,0.873731
8008.0,33.0,0.578843
8008.0,34.0,0.41121
8008.0,35.0,0.589695
8008.0,36.0,0.418901
8009.0,0.0,0.0
8009.0,1.0,0.000236
8009.0,2.0,0.660209
8009.0,3.0,0.601131
8009.0,4.0,0.665589
8009.0,5.0,1.0
8009.0,6.0,0.191296
8009.0,7.0,0.00945
8009.0,8.0,0.566553
8009.0,9.0,0.0
8009.0,10.0,0.721265
8009.0,11.0,1.0
8009.0,12.0,0.482644
8009.0,13.0,0.0
8009.0,14.0,0.589932
8009.0,15.0,0.383809
8009.0,16.0,0.611323
8009.0,17.0,0.674462
8009.0,18.0,0.728823
8009.0,19.0,1.0
8009.0,20.0,0.0
8009.0,21.0,0.0
8009.0,22.0,0.309981
8009.0,23.0,0.972287
8009.0,24.0,0.986608
8009.0,25.0,0.531662
8009.0,26.0,0.468592
8009.0,27.0,0.361454
8009.0,28.0,1.0
8009.0,29.0,0.538096
8009.0,30.0,0.681721
8009.0,31.0,0.0
8009.0,32.0,0.871686
8009.0,33.0,0.575806
8009.0,34.0,0.384725
8009.0,35.0,0.581032
8009.0,36.0,0.417896
8010.0,0.0,0.0
8010.0,1.0,0.000242
8010.0,2.0,0.655354
8010.0,3.0,0.586934
8010.0,4.0,0.664054
8010.0,5.0,1.0
8010.0,6.0,0.18299
8010.0,7.0,0.008986
8010.0,8.0,0.562878
8010.0,9.0,0.0
8010.0,10.0,0.704417
8010.0,11.0,1.0
8010.0,12.0,0.479943
8010.0,13.0,0.0
8010.0,14.0,0.576153
8010.0,15.0,0.380747
8010.0,16.0,0.60914
8010.0,17.0,0.672437
8010.0,18.0,0.717671
8010.0,19.0,1.0
8010.0,20.0,0.0
8010.0,21.0,0.0
8010.0,22.0,0.302042
8010.0,23.0,0.972076
8010.0,24.0,0.986571
8010.0,25.0,0.516524
8010.0,26.0,0.465308
8010.0,27.0,0.348431
8010.0,28.0,1.0
8010.0,29.0,0.524888
8010.0,30.0,0.678341
8010.0,31.0,0.0
8010.0,32.0,0.869923
8010.0,33.0,0.574041
8010.0,34.0,0.359934
8010.0,35.0,0.572543
8010.0,36.0,0.414471
9000.0,0.0,0.0
9000.0,1.0,0.0
9000.0,2.0,0.642177
9000.0,3.0,0.585595
9000.0,4.0,0.656499
9000.0,5.0,1.0
9000.0,6.0,0.183431
9000.0,7.0,0.005687
9000.0,8.0,0.572254
9000.0,9.0,0.0
9000.0,10.0,0.709628
9000.0,11.0,1.0
9000.0,12.0,0.473617
9000.0,13.0,0.0
9000.0,14.0,0.576982
9000.0,15.0,0.379872
9000.0,16.0,0.611212
9000.0,17.0,0.66658
9000.0,18.0,0.714891
9000.0,19.0,1.0
9000.0,20.0,0.0
9000.0,21.0,0.0
9000.0,22.0,0.311654
9000.0,23.0,0.980204
9000.0,24.0,0.988255
9000.0,25.0,0.521887
9000.0,26.0,0.453677
9000.0,27.0,0.346609
9000.0,28.0,1.0
9000.0,29.0,0.532933
9000.0,30.0,0.688543
9000.0,31.0,0.0
9000.0,32.0,0.868566
9000.0,33.0,0.551187
9000.0,34.0,0.359445
9000.0,35.0,0.569554
9000.0,36.0,0.40839
9001.0,0.0,0.0
9001.0,1.0,0.0
9001.0,2.0,0.646716
9001.0,3.0,0.600522
9001.0,4.0,0.657408
9001.0,5.0,1.0
9001.0,6.0,0.192179
9001.0,7.0,0.005891
9001.0,8.0,0.57538
9001.0,9.0,0.0
9001.0,10.0,0.728937
9001.0,11.0,1.0
9001.0,12.0,0.476127
9001.0,13.0,0.0
9001.0,14.0,0.592478
9001.0,15.0,0.38334
9001.0,16.0,0.614173
9001.0,17.0,0.668212
9001.0,18.0,0.727718
9001.0,19.0,1.0
9001.0,20.0,0.0
9001.0,21.0,0.0
9001.0,22.0,0.321691
9001.0,23.0,0.980214
9001.0,24.0,0.988361
9001.0,25.0,0.539201
9001.0,26.0,0.457815
9001.0,27.0,0.36055
9001.0,28.0,1.0
9001.0,29.0,0.545453
9001.0,30.0,0.691152
9001.0,31.0,0.0
9001.0,32.0,0.871503
9001.0,33.0,0.553694
9001.0,34.0,0.390465
9001.0,35.0,0.579195
9001.0,36.0,0.410385
9002.0,0.0,0.0
9002.0,1.0,0.0
9002.0,2.0,0.650846
9002.0,3.0,0.615734
9002.0,4.0,0.659431
9002.0,5.0,1.0
9002.0,6.0,0.201106
9002.0,7.0,0.006166
9002.0,8.0,0.578704
9002.0,9.0,0.0
9002.0,10.0,0.745524
9002.0,11.0,1.0
9002.0,12.0,0.478606
9002.0,13.0,0.0
9002.0,14.0,0.607009
9002.0,15.0,0.385347
9002.0,16.0,0.617241
9002.0,17.0,0.670192
9002.0,18.0,0.739694
9002.0,19.0,1.0
9002.0,20.0,0.0
9002.0,21.0,0.0
9002.0,22.0,0.330209
9002.0,23.0,0.980295
9002.0,24.0,0.988634
9002.0,25.0,0.554455
9002.0,26.0,0.462186
9002.0,27.0,0.375079
9002.0,28.0,1.0
9002.0,29.0,0.557689
9002.0,30.0,0.694375
9002.0,31.0,0.0
9002.0,32.0,0.873368
9002.0,33.0,0.555598
9002.0,34.0,0.421655
9002.0,35.0,0.588631
9002.0,36.0,0.412246
9003.0,0.0,0.0
9003.0,1.0,0.0
9003.0,2.0,0.65574
9003.0,3.0,0.629069
9003.0,4.0,0.660679
9003.0,5.0,1.0
9003.0,6.0,0.209399
9003.0,7.0,0.006317
9003.0,8.0,0.581573
9003.0,9.0,0.0
9003.0,10.0,0.761349
9003.0,11.0,1.0
9003.0,12.0,0.481698
9003.0,13.0,0.0
9003.0,14.0,0.620773
9003.0,15.0,0.388395
9003.0,16.0,0.618551
9003.0,17.0,0.672032
9003.0,18.0,0.750239
9003.0,19.0,1.0
9003.0,20.0,0.0
9003.0,21.0,0.0
9003.0,22.0,0.340302
9003.0,23.0,0.980486
9003.0,24.0,0.988634
9003.0,25.0,0.569727
9003.0,26.0,0.466649
9003.0,27.0,0.389089
9003.0,28.0,1.0
9003.0,29.0,0.57102
9003.0,30.0,0.69757
9003.0,31.0,0.0
9003.0,32.0,0.87498
9003.0,33.0,0.557949
9003.0,34.0,0.451067
9003.0,35.0,0.597601
9003.0,36.0,0.414383
9004.0,0.0,0.0
9004.0,1.0,0.0
9004.0,2.0,0.660587
9004.0,3.0,0.641829
9004.0,4.0,0.661997
9004.0,5.0,1.0
9004.0,6.0,0.218886
9004.0,7.0,0.006549
9004.0,8.0,0.585152
9004.0,9.0,0.0
9004.0,10.0,0.775283
9004.0,11.0,1.0
9004.0,12.0,0.485453
9004.0,13.0,0.0
9004.0,14.0,0.633611
9004.0,15.0,0.391309
9004.0,16.0,0.620084
9004.0,17.0,0.673483
9004.0,18.0,0.761551
9004.0,19.0,1.0
9004.0,20.0,0.0
9004.0,21.0,0.0
9004.0,22.0,0.349133
9004.0,23.0,0.980656
9004.0,24.0,0.988745
9004.0,25.0,0.583843
9004.0,26.0,0.471121
9004.0,27.0,0.402533
9004.0,28.0,1.0
9004.0,29.0,0.584124
9004.0,30.0,0.699983
9004.0,31.0,0.0
9004.0,32.0,0.876683
9004.0,33.0,0.560949
9004.0,34.0,0.480066
9004.0,35.0,0.605984
9004.0,36.0,0.415991
9005.0,0.0,0.0
9005.0,1.0,0.0
9005.0,2.0,0.664459
9005.0,3.0,0.655156
9005.0,4.0,0.662891
9005.0,5.0,1.0
9005.0,6.0,0.229296
9005.0,7.0,0.006845
9005.0,8.0,0.589489
9005.0,9.0,0.0
9005.0,10.0,0.788412
9005.0,11.0,1.0
9005.0,12.0,0.48779
9005.0,13.0,0.0
9005.0,14.0,0.6448
9005.0,15.0,0.394454
9005.0,16.0,0.621392
9005.0,17.0,0.674787
9005.0,18.0,0.771734
9005.0,19.0,1.0
9005.0,20.0,0.0
9005.0,21.0,0.0
9005.0,22.0,0.358747
9005.0,23.0,0.980664
9005.0,24.0,0.988893
9005.0,25.0,0.597983
9005.0,26.0,0.476303
9005.0,27.0,0.416339
9005.0,28.0,1.0
9005.0,29.0,0.596005
9005.0,30.0,0.702306
9005.0,31.0,0.0
9005.0,32.0,0.878735
9005.0,33.0,0.56349
9005.0,34.0,0.508375
9005.0,35.0,0.614832
9005.0,36.0,0.417847
9006.0,0.0,0.0
9006.0,1.0,0.0
9006.0,2.0,0.659818
9006.0,3.0,0.64109
9006.0,4.0,0.662064
9006.0,5.0,1.0
9006.0,6.0,0.218684
9006.0,7.0,0.006558
9006.0,8.0,0.585346
9006.0,9.0,0.0
9006.0,10.0,0.773211
9006.0,11.0,1.0
9006.0,12.0,0.484491
9006.0,13.0,0.0
9006.0,14.0,0.631001
9006.0,15.0,0.390837
9006.0,16.0,0.619007
9006.0,17.0,0.672812
9006.0,18.0,0.761007
9006.0,19.0,1.0
9006.0,20.0,0.0
9006.0,21.0,0.0
9006.0,22.0,0.347856
9006.0,23.0,0.980567
9006.0,24.0,0.988747
9006.0,25.0,0.582233
9006.0,26.0,0.471535
9006.0,27.0,0.402197
9006.0,28.0,1.0
9006.0,29.0,0.583172
9006.0,30.0,0.698532
9006.0,31.0,0.0
9006.0,32.0,0.87695
9006.0,33.0,0.56112
9006.0,34.0,0.472958
9006.0,35.0,0.605501
9006.0,36.0,0.415403
9007.0,0.0,0.0
9007.0,1.0,0.0
9007.0,2.0,0.65567
9007.0,3.0,0.626997
9007.0,4.0,0.661335
9007.0,5.0,1.0
9007.0,6.0,0.209024
9007.0,7.0,0.006328
9007.0,8.0,0.581738
9007.0,9.0,0.0
9007.0,10.0,0.757456
9007.0,11.0,1.0
9007.0,12.0,0.48136
9007.0,13.0,0.0
9007.0,14.0,0.617176
9007.0,15.0,0.387655
9007.0,16.0,0.61679
9007.0,17.0,0.671564
9007.0,18.0,0.74953
9007.0,19.0,1.0
9007.0,20.0,0.0
9007.0,21.0,0.0
9007.0,22.0,0.338228
9007.0,23.0,0.980726
9007.0,24.0,0.988383
9007.0,25.0,0.565624
9007.0,26.0,0.466912
9007.0,27.0,0.388869
9007.0,28.0,1.0
9007.0,29.0,0.569705
9007.0,30.0,0.696218
9007.0,31.0,0.0
9007.0,32.0,0.875375
9007.0,33.0,0.558893
9007.0,34.0,0.440947
9007.0,35.0,0.596837
9007.0,36.0,0.413968
9008.0,0.0,0.0
9008.0,1.0,0.0
9008.0,2.0,0.650536
9008.0,3.0,0.613068
9008.0,4.0,0.659771
9008.0,5.0,1.0
9008.0,6.0,0.20017
9008.0,7.0,0.006093
9008.0,8.0,0.578022
9008.0,9.0,0.0
9008.0,10.0,0.741752
9008.0,11.0,1.0
9008.0,12.0,0.478169
9008.0,13.0,0.0
9008.0,14.0,0.603599
9008.0,15.0,0.384745
9008.0,16.0,0.614466
9008.0,17.0,0.670377
9008.0,18.0,0.737347
9008.0,19.0,1.0
9008.0,20.0,0.0
9008.0,21.0,0.0
9008.0,22.0,0.329618
9008.0,23.0,0.98053
9008.0,24.0,0.988164
9008.0,25.0,0.549861
9008.0,26.0,0.462934
9008.0,27.0,0.375381
9008.0,28.0,1.0
9008.0,29.0,0.555936
9008.0,30.0,0.692873
9008.0,31.0,0.0
9008.0,32.0,0.873882
9008.0,33.0,0.558087
9008.0,34.0,0.412052
9008.0,35.0,0.587857
9008.0,36.0,0.411201
9009.0,0.0,0.0
9009.0,1.0,0.0
9009.0,2.0,0.645357
9009.0,3.0,0.599714
9009.0,4.0,0.658396
9009.0,5.0,1.0
9009.0,6.0,0.192347
9009.0,7.0,0.005929
9009.0,8.0,0.574812
9009.0,9.0,0.0
9009.0,10.0,0.724598
9009.0,11.0,1.0
9009.0,12.0,0.475682
9009.0,13.0,0.0
9009.0,14.0,0.590155
9009.0,15.0,0.381661
9009.0,16.0,0.611755
9009.0,17.0,0.66916
9009.0,18.0,0.725249
9009.0,19.0,1.0
9009.0,20.0,0.0
9009.0,21.0,0.0
9009.0,22.0,0.320847
9009.0,23.0,0.980373
9009.0,24.0,0.988263
9009.0,25.0,0.534888
9009.0,26.0,0.458482
9009.0,27.0,0.361902
9009.0,28.0,1.0
9009.0,29.0,0.542925
9009.0,30.0,0.689716
9009.0,31.0,0.0
9009.0,32.0,0.871922
9009.0,33.0,0.555781
9009.0,34.0,0.385331
9009.0,35.0,0.579075
9009.0,36.0,0.40857
9010.0,0.0,0.0
9010.0,1.0,0.0
9010.0,2.0,0.640089
9010.0,3.0,0.586454
9010.0,4.0,0.657154
9010.0,5.0,1.0
9010.0,6.0,0.184084
9010.0,7.0,0.005686
9010.0,8.0,0.570313
9010.0,9.0,0.0
9010.0,10.0,0.707903
9010.0,11.0,1.0
9010.0,12.0,0.472662
9010.0,13.0,0.0
9010.0,14.0,0.577621
9010.0,15.0,0.378403
9010.0,16.0,0.608508
9010.0,17.0,0.666952
9010.0,18.0,0.713289
9010.0,19.0,1.0
9010.0,20.0,0.0
9010.0,21.0,0.0
9010.0,22.0,0.312677
9010.0,23.0,0.980312
9010.0,24.0,0.988001
9010.0,25.0,0.519367
9010.0,26.0,0.453767
9010.0,27.0,0.348924
9010.0,28.0,1.0
9010.0,29.0,0.529979
9010.0,30.0,0.687309
9010.0,31.0,0.0
9010.0,32.0,0.870044
9010.0,33.0,0.553334
9010.0,34.0,0.361644
9010.0,35.0,0.569764
9010.0,36.0,0.406732
10000.0,0.0,0.0
10000.0,1.0,0.0
10000.0,2.0,0.650735
10000.0,3.0,0.591694
10000.0,4.0,0.659419
10000.0,5.0,1.0
10000.0,6.0,0.184818
10000.0,7.0,0.006018
10000.0,8.0,0.564568
10000.0,9.0,0.0
10000.0,10.0,0.702363
10000.0,11.0,1.0
10000.0,12.0,0.480321
10000.0,13.0,0.0
10000.0,14.0,0.575814
10000.0,15.0,0.386559
10000.0,16.0,0.592823
10000.0,17.0,0.671545
10000.0,18.0,0.723273
10000.0,19.0,1.0
10000.0,20.0,0.0
10000.0,21.0,0.0
10000.0,22.0,0.309495
10000.0,23.0,0.972145
10000.0,24.0,0.990009
10000.0,25.0,0.517794
10000.0,26.0,0.451963
10000.0,27.0,0.35096
10000.0,28.0,1.0
10000.0,29.0,0.52139
10000.0,30.0,0.687476
10000.0,31.0,0.0
10000.0,32.0,0.869505
10000.0,33.0,0.559352
10000.0,34.0,0.36007
10000.0,35.0,0.570362
10000.0,36.0,0.395567
10001.0,0.0,0.0
10001.0,1.0,0.0
10001.0,2.0,0.655719
10001.0,3.0,0.606801
10001.0,4.0,0.66019
10001.0,5.0,1.0
10001.0,6.0,0.194627
10001.0,7.0,0.006222
10001.0,8.0,0.56899
10001.0,9.0,0.0
10001.0,10.0,0.721354
10001.0,11.0,1.0
10001.0,12.0,0.483131
10001.0,13.0,0.0
10001.0,14.0,0.591407
10001.0,15.0,0.388768
10001.0,16.0,0.595031
10001.0,17.0,0.673777
10001.0,18.0,0.736004
10001.0,19.0,1.0
10001.0,20.0,0.0
10001.0,21.0,0.0
10001.0,22.0,0.319474
10001.0,23.0,0.972457
10001.0,24.0,0.99021
10001.0,25.0,0.5356
10001.0,26.0,0.456041
10001.0,27.0,0.365226
10001.0,28.0,1.0
10001.0,29.0,0.534583
10001.0,30.0,0.690244
10001.0,31.0,0.0
10001.0,32.0,0.871515
10001.0,33.0,0.562224
10001.0,34.0,0.390045
10001.0,35.0,0.579028
10001.0,36.0,0.397499
10002.0,0.0,0.0
10002.0,1.0,0.0
10002.0,2.0,0.659344
10002.0,3.0,0.621316
10002.0,4.0,0.660721
10002.0,5.0,1.0
10002.0,6.0,0.203549
10002.0,7.0,0.006561
10002.0,8.0,0.572749
10002.0,9.0,0.0
10002.0,10.0,0.73922
10002.0,11.0,1.0
10002.0,12.0,0.485522
10002.0,13.0,0.0
10002.0,14.0,0.605424
10002.0,15.0,0.392268
10002.0,16.0,0.597261
10002.0,17.0,0.675749
10002.0,18.0,0.74812
10002.0,19.0,1.0
10002.0,20.0,0.0
10002.0,21.0,0.0
10002.0,22.0,0.329121
10002.0,23.0,0.972528
10002.0,24.0,0.990257
10002.0,25.0,0.552072
10002.0,26.0,0.460939
10002.0,27.0,0.379233
10002.0,28.0,1.0
10002.0,29.0,0.547309
10002.0,30.0,0.693355
10002.0,31.0,0.0
10002.0,32.0,0.8733
10002.0,33.0,0.565102
10002.0,34.0,0.420057
10002.0,35.0,0.588867
10002.0,36.0,0.399395
10003.0,0.0,0.0
10003.0,1.0,0.0
10003.0,2.0,0.663754
10003.0,3.0,0.634679
10003.0,4.0,0.662912
10003.0,5.0,1.0
10003.0,6.0,0.212587
10003.0,7.0,0.006896
10003.0,8.0,0.575805
10003.0,9.0,0.0
10003.0,10.0,0.755222
10003.0,11.0,1.0
10003.0,12.0,0.488798
10003.0,13.0,0.0
10003.0,14.0,0.61926
10003.0,15.0,0.394202
10003.0,16.0,0.599678
10003.0,17.0,0.677713
10003.0,18.0,0.759281
10003.0,19.0,1.0
10003.0,20.0,0.0
10003.0,21.0,0.0
10003.0,22.0,0.338963
10003.0,23.0,0.972717
10003.0,24.0,0.990305
10003.0,25.0,0.567318
10003.0,26.0,0.464621
10003.0,27.0,0.393555
10003.0,28.0,1.0
10003.0,29.0,0.560844
10003.0,30.0,0.696311
10003.0,31.0,0.0
10003.0,32.0,0.875498
10003.0,33.0,0.56679
10003.0,34.0,0.45012
10003.0,35.0,0.597366
10003.0,36.0,0.40148
10004.0,0.0,0.0
10004.0,1.0,0.0
10004.0,2.0,0.668296
10004.0,3.0,0.646436
10004.0,4.0,0.664325
10004.0,5.0,1.0
10004.0,6.0,0.221343
10004.0,7.0,0.007123
10004.0,8.0,0.578539
10004.0,9.0,0.0
10004.0,10.0,0.770225
10004.0,11.0,1.0
10004.0,12.0,0.491274
10004.0,13.0,0.0
10004.0,14.0,0.631566
10004.0,15.0,0.396074
10004.0,16.0,0.602338
10004.0,17.0,0.679853
10004.0,18.0,0.76901
10004.0,19.0,1.0
10004.0,20.0,0.0
10004.0,21.0,0.0
10004.0,22.0,0.348547
10004.0,23.0,0.973165
10004.0,24.0,0.990539
10004.0,25.0,0.581801
10004.0,26.0,0.468907
10004.0,27.0,0.406752
10004.0,28.0,1.0
10004.0,29.0,0.572989
10004.0,30.0,0.699166
10004.0,31.0,0.0
10004.0,32.0,0.876785
10004.0,33.0,0.568635
10004.0,34.0,0.479715
10004.0,35.0,0.605654
10004.0,36.0,0.403728
10005.0,0.0,0.0
10005.0,1.0,0.0
10005.0,2.0,0.672553
10005.0,3.0,0.658058
10005.0,4.0,0.664972
10005.0,5.0,1.0
10005.0,6.0,0.230883
10005.0,7.0,0.007428
10005.0,8.0,0.581839
10005.0,9.0,0.0
10005.0,10.0,0.783391
10005.0,11.0,1.0
10005.0,12.0,0.494331
10005.0,13.0,0.0
10005.0,14.0,0.642885
10005.0,15.0,0.399648
10005.0,16.0,0.604338
10005.0,17.0,0.68152
10005.0,18.0,0.778333
10005.0,19.0,1.0
10005.0,20.0,0.0
10005.0,21.0,0.0
10005.0,22.0,0.357721
10005.0,23.0,0.973296
10005.0,24.0,0.990712
10005.0,25.0,0.59622
10005.0,26.0,0.473018
10005.0,27.0,0.420669
10005.0,28.0,1.0
10005.0,29.0,0.584651
10005.0,30.0,0.701046
10005.0,31.0,0.0
10005.0,32.0,0.878965
10005.0,33.0,0.570022
10005.0,34.0,0.508193
10005.0,35.0,0.613831
10005.0,36.0,0.406002
10006.0,0.0,0.0
10006.0,1.0,0.0
10006.0,2.0,0.668327
10006.0,3.0,0.644253
10006.0,4.0,0.663244
10006.0,5.0,1.0
10006.0,6.0,0.219814
10006.0,7.0,0.007225
10006.0,8.0,0.578581
10006.0,9.0,0.0
10006.0,10.0,0.76763
10006.0,11.0,1.0
10006.0,12.0,0.491448
10006.0,13.0,0.0
10006.0,14.0,0.628799
10006.0,15.0,0.396798
10006.0,16.0,0.60298
10006.0,17.0,0.679494
10006.0,18.0,0.76825
10006.0,19.0,1.0
10006.0,20.0,0.0
10006.0,21.0,0.0
10006.0,22.0,0.347255
10006.0,23.0,0.973471
10006.0,24.0,0.990615
10006.0,25.0,0.580841
10006.0,26.0,0.469263
10006.0,27.0,0.405029
10006.0,28.0,1.0
10006.0,29.0,0.571312
10006.0,30.0,0.697918
10006.0,31.0,0.0
10006.0,32.0,0.876701
10006.0,33.0,0.567835
10006.0,34.0,0.473356
10006.0,35.0,0.604779
10006.0,36.0,0.404756
10007.0,0.0,0.0
10007.0,1.0,0.0
10007.0,2.0,0.664116
10007.0,3.0,0.631122
10007.0,4.0,0.662178
10007.0,5.0,1.0
10007.0,6.0,0.209427
10007.0,7.0,0.007013
10007.0,8.0,0.575207
10007.0,9.0,0.0
10007.0,10.0,0.752361
10007.0,11.0,1.0
10007.0,12.0,0.487969
10007.0,13.0,0.0
10007.0,14.0,0.614594
10007.0,15.0,0.393969
10007.0,16.0,0.601297
10007.0,17.0,0.678091
10007.0,18.0,0.757739
10007.0,19.0,1.0
10007.0,20.0,0.0
10007.0,21.0,0.0
10007.0,22.0,0.337514
10007.0,23.0,0.973303
10007.0,24.0,0.990469
10007.0,25.0,0.564317
10007.0,26.0,0.464627
10007.0,27.0,0.391107
10007.0,28.0,1.0
10007.0,29.0,0.558067
10007.0,30.0,0.694822
10007.0,31.0,0.0
10007.0,32.0,0.875216
10007.0,33.0,0.56561
10007.0,34.0,0.441883
10007.0,35.0,0.595644
10007.0,36.0,0.402916
10008.0,0.0,0.0
10008.0,1.0,0.0
10008.0,2.0,0.658945
10008.0,3.0,0.617044
10008.0,4.0,0.660419
10008.0,5.0,1.0
10008.0,6.0,0.200615
10008.0,7.0,0.006894
10008.0,8.0,0.572169
10008.0,9.0,0.0
10008.0,10.0,0.736136
10008.0,11.0,1.0
10008.0,12.0,0.48458
10008.0,13.0,0.0
10008.0,14.0,0.600923
10008.0,15.0,0.391219
10008.0,16.0,0.599182
10008.0,17.0,0.676061
10008.0,18.0,0.746857
10008.0,19.0,1.0
10008.0,20.0,0.0
10008.0,21.0,0.0
10008.0,22.0,0.328069
10008.0,23.0,0.973135
10008.0,24.0,0.990375
10008.0,25.0,0.548292
10008.0,26.0,0.461088
10008.0,27.0,0.3769
10008.0,28.0,1.0
10008.0,29.0,0.545315
10008.0,30.0,0.691853
10008.0,31.0,0.0
10008.0,32.0,0.873174
10008.0,33.0,0.563524
10008.0,34.0,0.412848
10008.0,35.0,0.586687
10008.0,36.0,0.399609
10009.0,0.0,0.0
10009.0,1.0,0.0
10009.0,2.0,0.654265
10009.0,3.0,0.603424
10009.0,4.0,0.65919
10009.0,5.0,1.0
10009.0,6.0,0.192013
10009.0,7.0,0.006629
10009.0,8.0,0.568714
10009.0,9.0,0.0
10009.0,10.0,0.72017
10009.0,11.0,1.0
10009.0,12.0,0.482242
10009.0,13.0,0.0
10009.0,14.0,0.587655
10009.0,15.0,0.387814
10009.0,16.0,0.597166
10009.0,17.0,0.673908
10009.0,18.0,0.735333
10009.0,19.0,1.0
10009.0,20.0,0.0
10009.0,21.0,0.0
10009.0,22.0,0.319598
10009.0,23.0,0.97294
10009.0,24.0,0.990244
10009.0,25.0,0.532679
10009.0,26.0,0.456502
10009.0,27.0,0.363336
10009.0,28.0,1.0
10009.0,29.0,0.532439
10009.0,30.0,0.688591
10009.0,31.0,0.0
10009.0,32.0,0.871347
10009.0,33.0,0.561305
10009.0,34.0,0.385932
10009.0,35.0,0.578595
10009.0,36.0,0.396512
10010.0,0.0,0.0
10010.0,1.0,0.0
10010.0,2.0,0.649704
10010.0,3.0,0.589718
10010.0,4.0,0.658385
10010.0,5.0,1.0
10010.0,6.0,0.184254
10010.0,7.0,0.006414
10010.0,8.0,0.565389
10010.0,9.0,0.0
10010.0,10.0,0.703879
10010.0,11.0,1.0
10010.0,12.0,0.479542
10010.0,13.0,0.0
10010.0,14.0,0.574891
10010.0,15.0,0.385045
10010.0,16.0,0.595265
10010.0,17.0,0.671634
10010.0,18.0,0.723852
10010.0,19.0,1.0
10010.0,20.0,0.0
10010.0,21.0,0.0
10010.0,22.0,0.311496
10010.0,23.0,0.972835
10010.0,24.0,0.990115
10010.0,25.0,0.51725
10010.0,26.0,0.452515
10010.0,27.0,0.350099
10010.0,28.0,1.0
10010.0,29.0,0.519685
10010.0,30.0,0.687035
10010.0,31.0,0.0
10010.0,32.0,0.869562
10010.0,33.0,0.559092
10010.0,34.0,0.361549
10010.0,35.0,0.569176
10010.0,36.0,0.394262
