FREQUENCIES 
Gen,mut_id,mut_freq
1.0,0.0,0.5
1.0,1.0,0.5
1.0,2.0,0.5
1.0,3.0,0.5
1.0,4.0,0.5
1.0,5.0,0.5
1.0,6.0,0.5
1.0,7.0,0.5
1.0,8.0,0.5
1.0,9.0,0.5
1.0,10.0,0.5
1.0,11.0,0.5
1.0,12.0,0.5
1.0,13.0,0.5
1.0,14.0,0.5
1.0,15.0,0.5
1.0,16.0,0.5
1.0,17.0,0.5
1000.0,0.0,1.0
1000.0,1.0,0.691023
1000.0,2.0,0.308962
1000.0,3.0,0.039239
1000.0,4.0,0.522571
1000.0,5.0,0.134457
1000.0,6.0,0.595992
1000.0,7.0,1.0
1000.0,8.0,0.399251
1000.0,9.0,0.513841
1000.0,10.0,0.474282
1000.0,11.0,0.530473
1000.0,12.0,0.290517
1000.0,13.0,0.096623
1000.0,14.0,0.228692
1000.0,15.0,0.239946
1000.0,16.0,0.064094
1000.0,17.0,0.745944
1001.0,0.0,1.0
1001.0,1.0,0.700123
1001.0,2.0,0.389486
1001.0,3.0,0.039947
1001.0,4.0,0.560946
1001.0,5.0,0.151817
1001.0,6.0,0.622252
1001.0,7.0,1.0
1001.0,8.0,0.419085
1001.0,9.0,0.563196
1001.0,10.0,0.481502
1001.0,11.0,0.578574
1001.0,12.0,0.330654
1001.0,13.0,0.112551
1001.0,14.0,0.267173
1001.0,15.0,0.321606
1001.0,16.0,0.108338
1001.0,17.0,0.753036
1002.0,0.0,1.0
1002.0,1.0,0.708533
1002.0,2.0,0.460811
1002.0,3.0,0.039961
1002.0,4.0,0.596372
1002.0,5.0,0.168835
1002.0,6.0,0.646392
1002.0,7.0,1.0
1002.0,8.0,0.437624
1002.0,9.0,0.603268
1002.0,10.0,0.488108
1002.0,11.0,0.618217
1002.0,12.0,0.366943
1002.0,13.0,0.130482
1002.0,14.0,0.305292
1002.0,15.0,0.40255
1002.0,16.0,0.168265
1002.0,17.0,0.759593
1003.0,0.0,1.0
1003.0,1.0,0.716102
1003.0,2.0,0.522198
1003.0,3.0,0.040252
1003.0,4.0,0.62753
1003.0,5.0,0.185725
1003.0,6.0,0.668912
1003.0,7.0,1.0
1003.0,8.0,0.454677
1003.0,9.0,0.63799
1003.0,10.0,0.493851
1003.0,11.0,0.65139
1003.0,12.0,0.399609
1003.0,13.0,0.148846
1003.0,14.0,0.341502
1003.0,15.0,0.480505
1003.0,16.0,0.241946
1003.0,17.0,0.766208
1004.0,0.0,1.0
1004.0,1.0,0.723294
1004.0,2.0,0.575274
1004.0,3.0,0.040667
1004.0,4.0,0.655644
1004.0,5.0,0.203879
1004.0,6.0,0.689568
1004.0,7.0,1.0
1004.0,8.0,0.471052
1004.0,9.0,0.66654
1004.0,10.0,0.50091
1004.0,11.0,0.680499
1004.0,12.0,0.430975
1004.0,13.0,0.167928
1004.0,14.0,0.376262
1004.0,15.0,0.552279
1004.0,16.0,0.322666
1004.0,17.0,0.771959
1005.0,0.0,1.0
1005.0,1.0,0.730018
1005.0,2.0,0.619641
1005.0,3.0,0.041387
1005.0,4.0,0.682103
1005.0,5.0,0.222375
1005.0,6.0,0.710167
1005.0,7.0,1.0
1005.0,8.0,0.487072
1005.0,9.0,0.69136
1005.0,10.0,0.506614
1005.0,11.0,0.705799
1005.0,12.0,0.461798
1005.0,13.0,0.187716
1005.0,14.0,0.408827
1005.0,15.0,0.61496
1005.0,16.0,0.403277
1005.0,17.0,0.778086
1006.0,0.0,1.0
1006.0,1.0,0.722665
1006.0,2.0,0.556989
1006.0,3.0,0.041
1006.0,4.0,0.646422
1006.0,5.0,0.199489
1006.0,6.0,0.684664
1006.0,7.0,1.0
1006.0,8.0,0.466357
1006.0,9.0,0.650983
1006.0,10.0,0.498538
1006.0,11.0,0.668414
1006.0,12.0,0.427283
1006.0,13.0,0.162732
1006.0,14.0,0.365494
1006.0,15.0,0.481504
1006.0,16.0,0.288882
1006.0,17.0,0.769987
1007.0,0.0,1.0
1007.0,1.0,0.715526
1007.0,2.0,0.495189
1007.0,3.0,0.040824
1007.0,4.0,0.612949
1007.0,5.0,0.18077
1007.0,6.0,0.661632
1007.0,7.0,1.0
1007.0,8.0,0.447673
1007.0,9.0,0.613667
1007.0,10.0,0.490907
1007.0,11.0,0.632919
1007.0,12.0,0.392024
1007.0,13.0,0.14216
1007.0,14.0,0.326956
1007.0,15.0,0.388765
1007.0,16.0,0.202729
1007.0,17.0,0.763219
1008.0,0.0,1.0
1008.0,1.0,0.70888
1008.0,2.0,0.432301
1008.0,3.0,0.040175
1008.0,4.0,0.581499
1008.0,5.0,0.164322
1008.0,6.0,0.639641
1008.0,7.0,1.0
1008.0,8.0,0.429722
1008.0,9.0,0.578837
1008.0,10.0,0.484625
1008.0,11.0,0.598326
1008.0,12.0,0.356591
1008.0,13.0,0.126064
1008.0,14.0,0.291595
1008.0,15.0,0.323302
1008.0,16.0,0.139508
1008.0,17.0,0.757561
1009.0,0.0,1.0
1009.0,1.0,0.702137
1009.0,2.0,0.368486
1009.0,3.0,0.039664
1009.0,4.0,0.55189
1009.0,5.0,0.149406
1009.0,6.0,0.616485
1009.0,7.0,1.0
1009.0,8.0,0.413299
1009.0,9.0,0.545825
1009.0,10.0,0.479532
1009.0,11.0,0.564537
1009.0,12.0,0.322048
1009.0,13.0,0.111234
1009.0,14.0,0.258202
1009.0,15.0,0.275327
1009.0,16.0,0.095582
1009.0,17.0,0.751531
1010.0,0.0,1.0
1010.0,1.0,0.694986
1010.0,2.0,0.307269
1010.0,3.0,0.038943
1010.0,4.0,0.523839
1010.0,5.0,0.136558
1010.0,6.0,0.595606
1010.0,7.0,1.0
1010.0,8.0,0.397665
1010.0,9.0,0.514763
1010.0,10.0,0.473864
1010.0,11.0,0.532712
1010.0,12.0,0.289634
1010.0,13.0,0.099065
1010.0,14.0,0.228316
1010.0,15.0,0.238904
1010.0,16.0,0.064719
1010.0,17.0,0.745235
2000.0,0.0,1.0
2000.0,1.0,0.695886
2000.0,2.0,0.31205
2000.0,3.0,0.001981
2000.0,4.0,0.523834
2000.0,5.0,0.140143
2000.0,6.0,0.599584
2000.0,7.0,1.0
2000.0,8.0,0.404664
2000.0,9.0,0.514749
2000.0,10.0,0.469685
2000.0,11.0,0.530968
2000.0,12.0,0.29074
2000.0,13.0,0.095035
2000.0,14.0,0.229171
2000.0,15.0,0.239201
2000.0,16.0,0.062719
2000.0,17.0,0.740634
2001.0,0.0,1.0
2001.0,1.0,0.704152
2001.0,2.0,0.39167
2001.0,3.0,0.002078
2001.0,4.0,0.56368
2001.0,5.0,0.157271
2001.0,6.0,0.6261
2001.0,7.0,1.0
2001.0,8.0,0.424131
2001.0,9.0,0.563117
2001.0,10.0,0.476009
2001.0,11.0,0.578597
2001.0,12.0,0.33123
2001.0,13.0,0.110584
2001.0,14.0,0.26824
2001.0,15.0,0.321078
2001.0,16.0,0.105598
2001.0,17.0,0.747862
2002.0,0.0,1.0
2002.0,1.0,0.712345
2002.0,2.0,0.463248
2002.0,3.0,0.002106
2002.0,4.0,0.598577
2002.0,5.0,0.173854
2002.0,6.0,0.650139
2002.0,7.0,1.0
2002.0,8.0,0.443354
2002.0,9.0,0.604069
2002.0,10.0,0.481406
2002.0,11.0,0.618269
2002.0,12.0,0.367395
2002.0,13.0,0.127339
2002.0,14.0,0.306463
2002.0,15.0,0.402999
2002.0,16.0,0.164818
2002.0,17.0,0.754779
2003.0,0.0,1.0
2003.0,1.0,0.719918
2003.0,2.0,0.524159
2003.0,3.0,0.002198
2003.0,4.0,0.630164
2003.0,5.0,0.191268
2003.0,6.0,0.672706
2003.0,7.0,1.0
2003.0,8.0,0.460213
2003.0,9.0,0.637288
2003.0,10.0,0.487105
2003.0,11.0,0.652351
2003.0,12.0,0.400325
2003.0,13.0,0.145157
2003.0,14.0,0.342843
2003.0,15.0,0.480574
2003.0,16.0,0.237865
2003.0,17.0,0.760473
2004.0,0.0,1.0
2004.0,1.0,0.726293
2004.0,2.0,0.577484
2004.0,3.0,0.002306
2004.0,4.0,0.658052
2004.0,5.0,0.209011
2004.0,6.0,0.693657
2004.0,7.0,1.0
2004.0,8.0,0.478094
2004.0,9.0,0.665325
2004.0,10.0,0.492141
2004.0,11.0,0.680961
2004.0,12.0,0.431705
2004.0,13.0,0.164016
2004.0,14.0,0.377814
2004.0,15.0,0.552522
2004.0,16.0,0.318956
2004.0,17.0,0.767509
2005.0,0.0,1.0
2005.0,1.0,0.732886
2005.0,2.0,0.62296
2005.0,3.0,0.00228
2005.0,4.0,0.683845
2005.0,5.0,0.227664
2005.0,6.0,0.712726
2005.0,7.0,1.0
2005.0,8.0,0.496458
2005.0,9.0,0.690772
2005.0,10.0,0.497167
2005.0,11.0,0.706879
2005.0,12.0,0.463337
2005.0,13.0,0.183957
2005.0,14.0,0.411205
2005.0,15.0,0.615451
2005.0,16.0,0.4003
2005.0,17.0,0.773689
2006.0,0.0,1.0
2006.0,1.0,0.726006
2006.0,2.0,0.561848
2006.0,3.0,0.00224
2006.0,4.0,0.648582
2006.0,5.0,0.205308
2006.0,6.0,0.687687
2006.0,7.0,1.0
2006.0,8.0,0.475168
2006.0,9.0,0.65031
2006.0,10.0,0.490091
2006.0,11.0,0.667692
2006.0,12.0,0.427296
2006.0,13.0,0.159159
2006.0,14.0,0.367067
2006.0,15.0,0.480965
2006.0,16.0,0.287007
2006.0,17.0,0.766537
2007.0,0.0,1.0
2007.0,1.0,0.718766
2007.0,2.0,0.499953
2007.0,3.0,0.002097
2007.0,4.0,0.61503
2007.0,5.0,0.186292
2007.0,6.0,0.663557
2007.0,7.0,1.0
2007.0,8.0,0.455546
2007.0,9.0,0.613643
2007.0,10.0,0.48398
2007.0,11.0,0.630846
2007.0,12.0,0.391439
2007.0,13.0,0.13891
2007.0,14.0,0.328386
2007.0,15.0,0.38832
2007.0,16.0,0.200966
2007.0,17.0,0.760663
2008.0,0.0,1.0
2008.0,1.0,0.712355
2008.0,2.0,0.436398
2008.0,3.0,0.002174
2008.0,4.0,0.582706
2008.0,5.0,0.168888
2008.0,6.0,0.640987
2008.0,7.0,1.0
2008.0,8.0,0.437193
2008.0,9.0,0.577727
2008.0,10.0,0.478428
2008.0,11.0,0.595925
2008.0,12.0,0.355414
2008.0,13.0,0.122093
2008.0,14.0,0.293676
2008.0,15.0,0.322665
2008.0,16.0,0.138038
2008.0,17.0,0.754406
2009.0,0.0,1.0
2009.0,1.0,0.706157
2009.0,2.0,0.372953
2009.0,3.0,0.002129
2009.0,4.0,0.55251
2009.0,5.0,0.153692
2009.0,6.0,0.619578
2009.0,7.0,1.0
2009.0,8.0,0.421504
2009.0,9.0,0.545983
2009.0,10.0,0.472129
2009.0,11.0,0.56333
2009.0,12.0,0.321653
2009.0,13.0,0.107415
2009.0,14.0,0.260903
2009.0,15.0,0.274651
2009.0,16.0,0.09409
2009.0,17.0,0.748109
2010.0,0.0,1.0
2010.0,1.0,0.699777
2010.0,2.0,0.312918
2010.0,3.0,0.002137
2010.0,4.0,0.52379
2010.0,5.0,0.139255
2010.0,6.0,0.59963
2010.0,7.0,1.0
2010.0,8.0,0.405116
2010.0,9.0,0.515409
2010.0,10.0,0.467183
2010.0,11.0,0.530445
2010.0,12.0,0.289828
2010.0,13.0,0.095037
2010.0,14.0,0.230599
2010.0,15.0,0.237692
2010.0,16.0,0.063473
2010.0,17.0,0.741601
3000.0,0.0,1.0
3000.0,1.0,0.696474
3000.0,2.0,0.308145
3000.0,3.0,0.0
3000.0,4.0,0.525392
3000.0,5.0,0.129979
3000.0,6.0,0.595581
3000.0,7.0,1.0
3000.0,8.0,0.40107
3000.0,9.0,0.514188
3000.0,10.0,0.471057
3000.0,11.0,0.528779
3000.0,12.0,0.29123
3000.0,13.0,0.100096
3000.0,14.0,0.228281
3000.0,15.0,0.238411
3000.0,16.0,0.064299
3000.0,17.0,0.739524
3001.0,0.0,1.0
3001.0,1.0,0.703695
3001.0,2.0,0.389128
3001.0,3.0,0.0
3001.0,4.0,0.563915
3001.0,5.0,0.145625
3001.0,6.0,0.62239
3001.0,7.0,1.0
3001.0,8.0,0.421186
3001.0,9.0,0.562818
3001.0,10.0,0.477396
3001.0,11.0,0.577099
3001.0,12.0,0.332051
3001.0,13.0,0.116999
3001.0,14.0,0.266643
3001.0,15.0,0.321563
3001.0,16.0,0.108727
3001.0,17.0,0.747577
3002.0,0.0,1.0
3002.0,1.0,0.711281
3002.0,2.0,0.46003
3002.0,3.0,0.0
3002.0,4.0,0.597928
3002.0,5.0,0.161592
3002.0,6.0,0.645772
3002.0,7.0,1.0
3002.0,8.0,0.440003
3002.0,9.0,0.603471
3002.0,10.0,0.483534
3002.0,11.0,0.616296
3002.0,12.0,0.36838
3002.0,13.0,0.134308
3002.0,14.0,0.304135
3002.0,15.0,0.403789
3002.0,16.0,0.1693
3002.0,17.0,0.755576
3003.0,0.0,1.0
3003.0,1.0,0.71813
3003.0,2.0,0.522407
3003.0,3.0,0.0
3003.0,4.0,0.629584
3003.0,5.0,0.177817
3003.0,6.0,0.668513
3003.0,7.0,1.0
3003.0,8.0,0.4577
3003.0,9.0,0.63781
3003.0,10.0,0.488557
3003.0,11.0,0.649736
3003.0,12.0,0.402061
3003.0,13.0,0.153147
3003.0,14.0,0.339557
3003.0,15.0,0.481928
3003.0,16.0,0.243347
3003.0,17.0,0.762427
3004.0,0.0,1.0
3004.0,1.0,0.724247
3004.0,2.0,0.575542
3004.0,3.0,0.0
3004.0,4.0,0.656744
3004.0,5.0,0.195539
3004.0,6.0,0.689494
3004.0,7.0,1.0
3004.0,8.0,0.474325
3004.0,9.0,0.666223
3004.0,10.0,0.49404
3004.0,11.0,0.679062
3004.0,12.0,0.434085
3004.0,13.0,0.173009
3004.0,14.0,0.374403
3004.0,15.0,0.553524
3004.0,16.0,0.324323
3004.0,17.0,0.76865
3005.0,0.0,1.0
3005.0,1.0,0.731266
3005.0,2.0,0.620165
3005.0,3.0,0.0
3005.0,4.0,0.682746
3005.0,5.0,0.213762
3005.0,6.0,0.70942
3005.0,7.0,1.0
3005.0,8.0,0.490772
3005.0,9.0,0.691931
3005.0,10.0,0.499933
3005.0,11.0,0.704367
3005.0,12.0,0.464265
3005.0,13.0,0.193221
3005.0,14.0,0.407535
3005.0,15.0,0.617933
3005.0,16.0,0.405694
3005.0,17.0,0.774238
3006.0,0.0,1.0
3006.0,1.0,0.723737
3006.0,2.0,0.559561
3006.0,3.0,0.0
3006.0,4.0,0.646254
3006.0,5.0,0.191721
3006.0,6.0,0.683664
3006.0,7.0,1.0
3006.0,8.0,0.469987
3006.0,9.0,0.652714
3006.0,10.0,0.493909
3006.0,11.0,0.66627
3006.0,12.0,0.429505
3006.0,13.0,0.168083
3006.0,14.0,0.363253
3006.0,15.0,0.483602
3006.0,16.0,0.291613
3006.0,17.0,0.76768
3007.0,0.0,1.0
3007.0,1.0,0.716321
3007.0,2.0,0.497177
3007.0,3.0,0.0
3007.0,4.0,0.613883
3007.0,5.0,0.173401
3007.0,6.0,0.660367
3007.0,7.0,1.0
3007.0,8.0,0.450333
3007.0,9.0,0.615589
3007.0,10.0,0.488269
3007.0,11.0,0.62873
3007.0,12.0,0.394086
3007.0,13.0,0.147566
3007.0,14.0,0.32517
3007.0,15.0,0.390267
3007.0,16.0,0.203986
3007.0,17.0,0.761256
3008.0,0.0,1.0
3008.0,1.0,0.709916
3008.0,2.0,0.43427
3008.0,3.0,0.0
3008.0,4.0,0.581999
3008.0,5.0,0.156718
3008.0,6.0,0.637366
3008.0,7.0,1.0
3008.0,8.0,0.432782
3008.0,9.0,0.58127
3008.0,10.0,0.481325
3008.0,11.0,0.593434
3008.0,12.0,0.35759
3008.0,13.0,0.130139
3008.0,14.0,0.289494
3008.0,15.0,0.324964
3008.0,16.0,0.140417
3008.0,17.0,0.754416
3009.0,0.0,1.0
3009.0,1.0,0.702546
3009.0,2.0,0.372246
3009.0,3.0,0.0
3009.0,4.0,0.552326
3009.0,5.0,0.14224
3009.0,6.0,0.615487
3009.0,7.0,1.0
3009.0,8.0,0.416219
3009.0,9.0,0.548239
3009.0,10.0,0.475094
3009.0,11.0,0.559643
3009.0,12.0,0.322994
3009.0,13.0,0.114893
3009.0,14.0,0.255569
3009.0,15.0,0.276616
3009.0,16.0,0.095347
3009.0,17.0,0.748141
3010.0,0.0,1.0
3010.0,1.0,0.695253
3010.0,2.0,0.311706
3010.0,3.0,0.0
3010.0,4.0,0.523752
3010.0,5.0,0.12924
3010.0,6.0,0.594349
3010.0,7.0,1.0
3010.0,8.0,0.400215
3010.0,9.0,0.516421
3010.0,10.0,0.468881
3010.0,11.0,0.52647
3010.0,12.0,0.291182
3010.0,13.0,0.101668
3010.0,14.0,0.225571
3010.0,15.0,0.239588
3010.0,16.0,0.065043
3010.0,17.0,0.741859
4000.0,0.0,1.0
4000.0,1.0,0.695509
4000.0,2.0,0.306962
4000.0,3.0,0.0
4000.0,4.0,0.519649
4000.0,5.0,0.138761
4000.0,6.0,0.591643
4000.0,7.0,1.0
4000.0,8.0,0.399461
4000.0,9.0,0.515182
4000.0,10.0,0.471044
4000.0,11.0,0.52819
4000.0,12.0,0.29018
4000.0,13.0,0.099458
4000.0,14.0,0.225901
4000.0,15.0,0.239255
4000.0,16.0,0.063954
4000.0,17.0,0.743298
4001.0,0.0,1.0
4001.0,1.0,0.703159
4001.0,2.0,0.387006
4001.0,3.0,0.0
4001.0,4.0,0.559656
4001.0,5.0,0.155533
4001.0,6.0,0.617861
4001.0,7.0,1.0
4001.0,8.0,0.420124
4001.0,9.0,0.564504
4001.0,10.0,0.478431
4001.0,11.0,0.576459
4001.0,12.0,0.331458
4001.0,13.0,0.115513
4001.0,14.0,0.265833
4001.0,15.0,0.321809
4001.0,16.0,0.108656
4001.0,17.0,0.75097
4002.0,0.0,1.0
4002.0,1.0,0.709821
4002.0,2.0,0.45865
4002.0,3.0,0.0
4002.0,4.0,0.593955
4002.0,5.0,0.172127
4002.0,6.0,0.643019
4002.0,7.0,1.0
4002.0,8.0,0.438698
4002.0,9.0,0.605256
4002.0,10.0,0.485033
4002.0,11.0,0.616782
4002.0,12.0,0.369512
4002.0,13.0,0.132256
4002.0,14.0,0.303318
4002.0,15.0,0.404813
4002.0,16.0,0.168788
4002.0,17.0,0.757447
4003.0,0.0,1.0
4003.0,1.0,0.716729
4003.0,2.0,0.520994
4003.0,3.0,0.0
4003.0,4.0,0.625738
4003.0,5.0,0.189204
4003.0,6.0,0.665319
4003.0,7.0,1.0
4003.0,8.0,0.456449
4003.0,9.0,0.639306
4003.0,10.0,0.490801
4003.0,11.0,0.649539
4003.0,12.0,0.403997
4003.0,13.0,0.150466
4003.0,14.0,0.340012
4003.0,15.0,0.484032
4003.0,16.0,0.24275
4003.0,17.0,0.763769
4004.0,0.0,1.0
4004.0,1.0,0.723364
4004.0,2.0,0.573652
4004.0,3.0,0.0
4004.0,4.0,0.654348
4004.0,5.0,0.207542
4004.0,6.0,0.687181
4004.0,7.0,1.0
4004.0,8.0,0.475346
4004.0,9.0,0.667773
4004.0,10.0,0.496176
4004.0,11.0,0.678354
4004.0,12.0,0.437204
4004.0,13.0,0.169796
4004.0,14.0,0.375229
4004.0,15.0,0.555949
4004.0,16.0,0.323716
4004.0,17.0,0.770803
4005.0,0.0,1.0
4005.0,1.0,0.728901
4005.0,2.0,0.619683
4005.0,3.0,0.0
4005.0,4.0,0.67954
4005.0,5.0,0.226586
4005.0,6.0,0.708655
4005.0,7.0,1.0
4005.0,8.0,0.493234
4005.0,9.0,0.692178
4005.0,10.0,0.502312
4005.0,11.0,0.704281
4005.0,12.0,0.469809
4005.0,13.0,0.190448
4005.0,14.0,0.407782
4005.0,15.0,0.619442
4005.0,16.0,0.405748
4005.0,17.0,0.777449
4006.0,0.0,1.0
4006.0,1.0,0.720928
4006.0,2.0,0.557651
4006.0,3.0,0.0
4006.0,4.0,0.643452
4006.0,5.0,0.203584
4006.0,6.0,0.682261
4006.0,7.0,1.0
4006.0,8.0,0.471207
4006.0,9.0,0.651688
4006.0,10.0,0.496037
4006.0,11.0,0.665448
4006.0,12.0,0.432528
4006.0,13.0,0.165778
4006.0,14.0,0.364024
4006.0,15.0,0.484202
4006.0,16.0,0.290485
4006.0,17.0,0.771267
4007.0,0.0,1.0
4007.0,1.0,0.715104
4007.0,2.0,0.495727
4007.0,3.0,0.0
4007.0,4.0,0.609767
4007.0,5.0,0.18335
4007.0,6.0,0.657887
4007.0,7.0,1.0
4007.0,8.0,0.450614
4007.0,9.0,0.614238
4007.0,10.0,0.490003
4007.0,11.0,0.629101
4007.0,12.0,0.395239
4007.0,13.0,0.145288
4007.0,14.0,0.324489
4007.0,15.0,0.390916
4007.0,16.0,0.202573
4007.0,17.0,0.765363
4008.0,0.0,1.0
4008.0,1.0,0.708149
4008.0,2.0,0.432434
4008.0,3.0,0.0
4008.0,4.0,0.578838
4008.0,5.0,0.167094
4008.0,6.0,0.634622
4008.0,7.0,1.0
4008.0,8.0,0.431798
4008.0,9.0,0.579103
4008.0,10.0,0.484723
4008.0,11.0,0.59376
4008.0,12.0,0.358966
4008.0,13.0,0.127731
4008.0,14.0,0.289037
4008.0,15.0,0.324534
4008.0,16.0,0.138834
4008.0,17.0,0.759397
4009.0,0.0,1.0
4009.0,1.0,0.701537
4009.0,2.0,0.368898
4009.0,3.0,0.0
4009.0,4.0,0.549596
4009.0,5.0,0.152356
4009.0,6.0,0.612032
4009.0,7.0,1.0
4009.0,8.0,0.415747
4009.0,9.0,0.545544
4009.0,10.0,0.479946
4009.0,11.0,0.559751
4009.0,12.0,0.323257
4009.0,13.0,0.11305
4009.0,14.0,0.255599
4009.0,15.0,0.276205
4009.0,16.0,0.094305
4009.0,17.0,0.752625
4010.0,0.0,1.0
4010.0,1.0,0.695128
4010.0,2.0,0.307719
4010.0,3.0,0.0
4010.0,4.0,0.521486
4010.0,5.0,0.138754
4010.0,6.0,0.591409
4010.0,7.0,1.0
4010.0,8.0,0.399705
4010.0,9.0,0.514047
4010.0,10.0,0.474022
4010.0,11.0,0.528021
4010.0,12.0,0.291217
4010.0,13.0,0.100564
4010.0,14.0,0.225272
4010.0,15.0,0.238787
4010.0,16.0,0.063925
4010.0,17.0,0.74721
5000.0,0.0,1.0
5000.0,1.0,0.703309
5000.0,2.0,0.309181
5000.0,3.0,0.0
5000.0,4.0,0.52205
5000.0,5.0,0.138484
5000.0,6.0,0.599672
5000.0,7.0,1.0
5000.0,8.0,0.404703
5000.0,9.0,0.512878
5000.0,10.0,0.470289
5000.0,11.0,0.531537
5000.0,12.0,0.290042
5000.0,13.0,0.0946
5000.0,14.0,0.227644
5000.0,15.0,0.239594
5000.0,16.0,0.064793
5000.0,17.0,0.740841
5001.0,0.0,1.0
5001.0,1.0,0.711056
5001.0,2.0,0.389678
5001.0,3.0,0.0
5001.0,4.0,0.560248
5001.0,5.0,0.154759
5001.0,6.0,0.626985
5001.0,7.0,1.0
5001.0,8.0,0.425315
5001.0,9.0,0.562068
5001.0,10.0,0.477459
5001.0,11.0,0.579023
5001.0,12.0,0.330906
5001.0,13.0,0.110888
5001.0,14.0,0.265838
5001.0,15.0,0.322109
5001.0,16.0,0.109667
5001.0,17.0,0.748289
5002.0,0.0,1.0
5002.0,1.0,0.718728
5002.0,2.0,0.460638
5002.0,3.0,0.0
5002.0,4.0,0.594161
5002.0,5.0,0.171032
5002.0,6.0,0.651071
5002.0,7.0,1.0
5002.0,8.0,0.444319
5002.0,9.0,0.603284
5002.0,10.0,0.48387
5002.0,11.0,0.618748
5002.0,12.0,0.36711
5002.0,13.0,0.127374
5002.0,14.0,0.303605
5002.0,15.0,0.404489
5002.0,16.0,0.170289
5002.0,17.0,0.754007
5003.0,0.0,1.0
5003.0,1.0,0.726081
5003.0,2.0,0.523009
5003.0,3.0,0.0
5003.0,4.0,0.625075
5003.0,5.0,0.188928
5003.0,6.0,0.673943
5003.0,7.0,1.0
5003.0,8.0,0.462319
5003.0,9.0,0.637697
5003.0,10.0,0.489304
5003.0,11.0,0.652218
5003.0,12.0,0.401136
5003.0,13.0,0.14557
5003.0,14.0,0.339699
5003.0,15.0,0.481824
5003.0,16.0,0.244452
5003.0,17.0,0.760275
5004.0,0.0,1.0
5004.0,1.0,0.732476
5004.0,2.0,0.575407
5004.0,3.0,0.0
5004.0,4.0,0.653273
5004.0,5.0,0.207197
5004.0,6.0,0.695588
5004.0,7.0,1.0
5004.0,8.0,0.479898
5004.0,9.0,0.66675
5004.0,10.0,0.494265
5004.0,11.0,0.679829
5004.0,12.0,0.43314
5004.0,13.0,0.164689
5004.0,14.0,0.37491
5004.0,15.0,0.554899
5004.0,16.0,0.325128
5004.0,17.0,0.766189
5005.0,0.0,1.0
5005.0,1.0,0.738404
5005.0,2.0,0.62032
5005.0,3.0,0.0
5005.0,4.0,0.679095
5005.0,5.0,0.226304
5005.0,6.0,0.715667
5005.0,7.0,1.0
5005.0,8.0,0.49756
5005.0,9.0,0.691634
5005.0,10.0,0.498884
5005.0,11.0,0.705634
5005.0,12.0,0.465457
5005.0,13.0,0.184075
5005.0,14.0,0.408719
5005.0,15.0,0.618955
5005.0,16.0,0.407388
5005.0,17.0,0.771374
5006.0,0.0,1.0
5006.0,1.0,0.729631
5006.0,2.0,0.55731
5006.0,3.0,0.0
5006.0,4.0,0.643562
5006.0,5.0,0.203243
5006.0,6.0,0.689516
5006.0,7.0,1.0
5006.0,8.0,0.474975
5006.0,9.0,0.651753
5006.0,10.0,0.491415
5006.0,11.0,0.667613
5006.0,12.0,0.430516
5006.0,13.0,0.158999
5006.0,14.0,0.364995
5006.0,15.0,0.48329
5006.0,16.0,0.29117
5006.0,17.0,0.763722
5007.0,0.0,1.0
5007.0,1.0,0.721206
5007.0,2.0,0.494727
5007.0,3.0,0.0
5007.0,4.0,0.610082
5007.0,5.0,0.184175
5007.0,6.0,0.666805
5007.0,7.0,1.0
5007.0,8.0,0.455021
5007.0,9.0,0.615351
5007.0,10.0,0.485629
5007.0,11.0,0.632366
5007.0,12.0,0.394633
5007.0,13.0,0.139658
5007.0,14.0,0.326391
5007.0,15.0,0.389909
5007.0,16.0,0.202678
5007.0,17.0,0.757595
5008.0,0.0,1.0
5008.0,1.0,0.714215
5008.0,2.0,0.432147
5008.0,3.0,0.0
5008.0,4.0,0.578197
5008.0,5.0,0.167708
5008.0,6.0,0.643642
5008.0,7.0,1.0
5008.0,8.0,0.436495
5008.0,9.0,0.58064
5008.0,10.0,0.48011
5008.0,11.0,0.597902
5008.0,12.0,0.359076
5008.0,13.0,0.122751
5008.0,14.0,0.291251
5008.0,15.0,0.322969
5008.0,16.0,0.138799
5008.0,17.0,0.751161
5009.0,0.0,1.0
5009.0,1.0,0.707541
5009.0,2.0,0.368579
5009.0,3.0,0.0
5009.0,4.0,0.548664
5009.0,5.0,0.152448
5009.0,6.0,0.621829
5009.0,7.0,1.0
5009.0,8.0,0.420404
5009.0,9.0,0.548069
5009.0,10.0,0.474077
5009.0,11.0,0.562816
5009.0,12.0,0.323787
5009.0,13.0,0.108425
5009.0,14.0,0.258192
5009.0,15.0,0.275311
5009.0,16.0,0.09446
5009.0,17.0,0.745045
5010.0,0.0,1.0
5010.0,1.0,0.701326
5010.0,2.0,0.307296
5010.0,3.0,0.0
5010.0,4.0,0.521095
5010.0,5.0,0.138873
5010.0,6.0,0.601499
5010.0,7.0,1.0
5010.0,8.0,0.405057
5010.0,9.0,0.516599
5010.0,10.0,0.468086
5010.0,11.0,0.529939
5010.0,12.0,0.29147
5010.0,13.0,0.096093
5010.0,14.0,0.228872
5010.0,15.0,0.238224
5010.0,16.0,0.063687
5010.0,17.0,0.739265
6000.0,0.0,1.0
6000.0,1.0,0.696544
6000.0,2.0,0.310465
6000.0,3.0,0.0
6000.0,4.0,0.521223
6000.0,5.0,0.136075
6000.0,6.0,0.599891
6000.0,7.0,1.0
6000.0,8.0,0.404206
6000.0,9.0,0.515427
6000.0,10.0,0.478107
6000.0,11.0,0.529081
6000.0,12.0,0.293146
6000.0,13.0,0.099288
6000.0,14.0,0.230454
6000.0,15.0,0.240563
6000.0,16.0,0.063704
6000.0,17.0,0.735032
6001.0,0.0,1.0
6001.0,1.0,0.704224
6001.0,2.0,0.390867
6001.0,3.0,0.0
6001.0,4.0,0.560505
6001.0,5.0,0.152441
6001.0,6.0,0.625943
6001.0,7.0,1.0
6001.0,8.0,0.425506
6001.0,9.0,0.565139
6001.0,10.0,0.484013
6001.0,11.0,0.577171
6001.0,12.0,0.332827
6001.0,13.0,0.115296
6001.0,14.0,0.269112
6001.0,15.0,0.322684
6001.0,16.0,0.107165
6001.0,17.0,0.745439
6002.0,0.0,1.0
6002.0,1.0,0.710223
6002.0,2.0,0.461906
6002.0,3.0,0.0
6002.0,4.0,0.594684
6002.0,5.0,0.168934
6002.0,6.0,0.649809
6002.0,7.0,1.0
6002.0,8.0,0.445753
6002.0,9.0,0.606274
6002.0,10.0,0.489207
6002.0,11.0,0.616391
6002.0,12.0,0.368364
6002.0,13.0,0.132354
6002.0,14.0,0.306705
6002.0,15.0,0.403458
6002.0,16.0,0.16658
6002.0,17.0,0.754511
6003.0,0.0,1.0
6003.0,1.0,0.716814
6003.0,2.0,0.522905
6003.0,3.0,0.0
6003.0,4.0,0.625735
6003.0,5.0,0.186493
6003.0,6.0,0.671776
6003.0,7.0,1.0
6003.0,8.0,0.464301
6003.0,9.0,0.640285
6003.0,10.0,0.494609
6003.0,11.0,0.650432
6003.0,12.0,0.402233
6003.0,13.0,0.150497
6003.0,14.0,0.34399
6003.0,15.0,0.480068
6003.0,16.0,0.239499
6003.0,17.0,0.76169
6004.0,0.0,1.0
6004.0,1.0,0.724064
6004.0,2.0,0.575924
6004.0,3.0,0.0
6004.0,4.0,0.653579
6004.0,5.0,0.203854
6004.0,6.0,0.693024
6004.0,7.0,1.0
6004.0,8.0,0.482209
6004.0,9.0,0.669695
6004.0,10.0,0.500201
6004.0,11.0,0.678719
6004.0,12.0,0.434201
6004.0,13.0,0.169798
6004.0,14.0,0.379644
6004.0,15.0,0.551465
6004.0,16.0,0.320167
6004.0,17.0,0.768274
6005.0,0.0,1.0
6005.0,1.0,0.729134
6005.0,2.0,0.621192
6005.0,3.0,0.0
6005.0,4.0,0.679232
6005.0,5.0,0.222685
6005.0,6.0,0.71293
6005.0,7.0,1.0
6005.0,8.0,0.498573
6005.0,9.0,0.695562
6005.0,10.0,0.504982
6005.0,11.0,0.703793
6005.0,12.0,0.464151
6005.0,13.0,0.190017
6005.0,14.0,0.413008
6005.0,15.0,0.616097
6005.0,16.0,0.401967
6005.0,17.0,0.774676
6006.0,0.0,1.0
6006.0,1.0,0.721593
6006.0,2.0,0.558866
6006.0,3.0,0.0
6006.0,4.0,0.643289
6006.0,5.0,0.200311
6006.0,6.0,0.687594
6006.0,7.0,1.0
6006.0,8.0,0.477705
6006.0,9.0,0.653935
6006.0,10.0,0.497934
6006.0,11.0,0.666027
6006.0,12.0,0.430761
6006.0,13.0,0.165392
6006.0,14.0,0.370321
6006.0,15.0,0.481495
6006.0,16.0,0.288081
6006.0,17.0,0.767022
6007.0,0.0,1.0
6007.0,1.0,0.714989
6007.0,2.0,0.495912
6007.0,3.0,0.0
6007.0,4.0,0.609922
6007.0,5.0,0.181643
6007.0,6.0,0.664068
6007.0,7.0,1.0
6007.0,8.0,0.457709
6007.0,9.0,0.616461
6007.0,10.0,0.493657
6007.0,11.0,0.630781
6007.0,12.0,0.395663
6007.0,13.0,0.144033
6007.0,14.0,0.331148
6007.0,15.0,0.389105
6007.0,16.0,0.201573
6007.0,17.0,0.758699
6008.0,0.0,1.0
6008.0,1.0,0.70818
6008.0,2.0,0.433217
6008.0,3.0,0.0
6008.0,4.0,0.579445
6008.0,5.0,0.165365
6008.0,6.0,0.641879
6008.0,7.0,1.0
6008.0,8.0,0.440486
6008.0,9.0,0.580993
6008.0,10.0,0.488095
6008.0,11.0,0.595605
6008.0,12.0,0.359684
6008.0,13.0,0.126517
6008.0,14.0,0.29405
6008.0,15.0,0.324634
6008.0,16.0,0.138209
6008.0,17.0,0.751341
6009.0,0.0,1.0
6009.0,1.0,0.701739
6009.0,2.0,0.369327
6009.0,3.0,0.0
6009.0,4.0,0.549196
6009.0,5.0,0.150534
6009.0,6.0,0.620424
6009.0,7.0,1.0
6009.0,8.0,0.42408
6009.0,9.0,0.547782
6009.0,10.0,0.482234
6009.0,11.0,0.561808
6009.0,12.0,0.32534
6009.0,13.0,0.111978
6009.0,14.0,0.26074
6009.0,15.0,0.276974
6009.0,16.0,0.093828
6009.0,17.0,0.744787
6010.0,0.0,1.0
6010.0,1.0,0.695442
6010.0,2.0,0.308866
6010.0,3.0,0.0
6010.0,4.0,0.520901
6010.0,5.0,0.137318
6010.0,6.0,0.599716
6010.0,7.0,1.0
6010.0,8.0,0.408812
6010.0,9.0,0.515128
6010.0,10.0,0.477031
6010.0,11.0,0.529077
6010.0,12.0,0.292832
6010.0,13.0,0.098651
6010.0,14.0,0.230138
6010.0,15.0,0.241552
6010.0,16.0,0.063639
6010.0,17.0,0.736376
7000.0,0.0,1.0
7000.0,1.0,0.696737
7000.0,2.0,0.310105
7000.0,3.0,0.0
7000.0,4.0,0.524532
7000.0,5.0,0.139015
7000.0,6.0,0.594644
7000.0,7.0,1.0
7000.0,8.0,0.401283
7000.0,9.0,0.515835
7000.0,10.0,0.474546
7000.0,11.0,0.530662
7000.0,12.0,0.290372
7000.0,13.0,0.095836
7000.0,14.0,0.225212
7000.0,15.0,0.238054
7000.0,16.0,0.064658
7000.0,17.0,0.741765
7001.0,0.0,1.0
7001.0,1.0,0.70399
7001.0,2.0,0.390902
7001.0,3.0,0.0
7001.0,4.0,0.563611
7001.0,5.0,0.156099
7001.0,6.0,0.621016
7001.0,7.0,1.0
7001.0,8.0,0.420616
7001.0,9.0,0.563937
7001.0,10.0,0.481682
7001.0,11.0,0.578381
7001.0,12.0,0.332308
7001.0,13.0,0.111776
7001.0,14.0,0.264538
7001.0,15.0,0.320237
7001.0,16.0,0.108689
7001.0,17.0,0.749017
7002.0,0.0,1.0
7002.0,1.0,0.710582
7002.0,2.0,0.462088
7002.0,3.0,0.0
7002.0,4.0,0.598373
7002.0,5.0,0.17359
7002.0,6.0,0.644976
7002.0,7.0,1.0
7002.0,8.0,0.439026
7002.0,9.0,0.603836
7002.0,10.0,0.488623
7002.0,11.0,0.616877
7002.0,12.0,0.369239
7002.0,13.0,0.127794
7002.0,14.0,0.301436
7002.0,15.0,0.402912
7002.0,16.0,0.1682
7002.0,17.0,0.756034
7003.0,0.0,1.0
7003.0,1.0,0.717021
7003.0,2.0,0.524491
7003.0,3.0,0.0
7003.0,4.0,0.628931
7003.0,5.0,0.191081
7003.0,6.0,0.66711
7003.0,7.0,1.0
7003.0,8.0,0.456987
7003.0,9.0,0.637205
7003.0,10.0,0.493728
7003.0,11.0,0.651284
7003.0,12.0,0.403934
7003.0,13.0,0.145308
7003.0,14.0,0.338427
7003.0,15.0,0.480827
7003.0,16.0,0.241046
7003.0,17.0,0.76259
7004.0,0.0,1.0
7004.0,1.0,0.722799
7004.0,2.0,0.577914
7004.0,3.0,0.0
7004.0,4.0,0.656731
7004.0,5.0,0.209416
7004.0,6.0,0.688395
7004.0,7.0,1.0
7004.0,8.0,0.474168
7004.0,9.0,0.666182
7004.0,10.0,0.499512
7004.0,11.0,0.68129
7004.0,12.0,0.437342
7004.0,13.0,0.163463
7004.0,14.0,0.373813
7004.0,15.0,0.552299
7004.0,16.0,0.321714
7004.0,17.0,0.76885
7005.0,0.0,1.0
7005.0,1.0,0.728689
7005.0,2.0,0.622959
7005.0,3.0,0.0
7005.0,4.0,0.682138
7005.0,5.0,0.228292
7005.0,6.0,0.707844
7005.0,7.0,1.0
7005.0,8.0,0.491481
7005.0,9.0,0.691256
7005.0,10.0,0.504623
7005.0,11.0,0.70719
7005.0,12.0,0.469707
7005.0,13.0,0.183459
7005.0,14.0,0.407047
7005.0,15.0,0.617444
7005.0,16.0,0.403025
7005.0,17.0,0.774865
7006.0,0.0,1.0
7006.0,1.0,0.720883
7006.0,2.0,0.560402
7006.0,3.0,0.0
7006.0,4.0,0.647119
7006.0,5.0,0.205689
7006.0,6.0,0.68185
7006.0,7.0,1.0
7006.0,8.0,0.470513
7006.0,9.0,0.651754
7006.0,10.0,0.49814
7006.0,11.0,0.668376
7006.0,12.0,0.432468
7006.0,13.0,0.159413
7006.0,14.0,0.362693
7006.0,15.0,0.482211
7006.0,16.0,0.288526
7006.0,17.0,0.768123
7007.0,0.0,1.0
7007.0,1.0,0.714802
7007.0,2.0,0.498262
7007.0,3.0,0.0
7007.0,4.0,0.613944
7007.0,5.0,0.185401
7007.0,6.0,0.657128
7007.0,7.0,1.0
7007.0,8.0,0.451667
7007.0,9.0,0.614733
7007.0,10.0,0.493469
7007.0,11.0,0.632796
7007.0,12.0,0.396757
7007.0,13.0,0.139253
7007.0,14.0,0.324428
7007.0,15.0,0.38853
7007.0,16.0,0.201145
7007.0,17.0,0.761779
7008.0,0.0,1.0
7008.0,1.0,0.707702
7008.0,2.0,0.433893
7008.0,3.0,0.0
7008.0,4.0,0.583526
7008.0,5.0,0.168455
7008.0,6.0,0.633955
7008.0,7.0,1.0
7008.0,8.0,0.434146
7008.0,9.0,0.580234
7008.0,10.0,0.487335
7008.0,11.0,0.597762
7008.0,12.0,0.359388
7008.0,13.0,0.122318
7008.0,14.0,0.287763
7008.0,15.0,0.32298
7008.0,16.0,0.13817
7008.0,17.0,0.754978
7009.0,0.0,1.0
7009.0,1.0,0.701293
7009.0,2.0,0.370663
7009.0,3.0,0.0
7009.0,4.0,0.553744
7009.0,5.0,0.153149
7009.0,6.0,0.612446
7009.0,7.0,1.0
7009.0,8.0,0.417045
7009.0,9.0,0.546479
7009.0,10.0,0.48234
7009.0,11.0,0.564521
7009.0,12.0,0.324263
7009.0,13.0,0.107663
7009.0,14.0,0.254947
7009.0,15.0,0.274694
7009.0,16.0,0.093884
7009.0,17.0,0.748516
7010.0,0.0,1.0
7010.0,1.0,0.69421
7010.0,2.0,0.310318
7010.0,3.0,0.0
7010.0,4.0,0.525734
7010.0,5.0,0.138972
7010.0,6.0,0.591
7010.0,7.0,1.0
7010.0,8.0,0.40175
7010.0,9.0,0.515176
7010.0,10.0,0.478058
7010.0,11.0,0.532275
7010.0,12.0,0.291755
7010.0,13.0,0.095092
7010.0,14.0,0.225
7010.0,15.0,0.237122
7010.0,16.0,0.06337
7010.0,17.0,0.742766
8000.0,0.0,1.0
8000.0,1.0,0.697551
8000.0,2.0,0.312093
8000.0,3.0,0.0
8000.0,4.0,0.521689
8000.0,5.0,0.136747
8000.0,6.0,0.599598
8000.0,7.0,1.0
8000.0,8.0,0.409241
8000.0,9.0,0.514155
8000.0,10.0,0.474622
8000.0,11.0,0.529468
8000.0,12.0,0.288756
8000.0,13.0,0.096173
8000.0,14.0,0.228277
8000.0,15.0,0.238166
8000.0,16.0,0.064353
8000.0,17.0,0.742421
8001.0,0.0,1.0
8001.0,1.0,0.705075
8001.0,2.0,0.391341
8001.0,3.0,0.0
8001.0,4.0,0.560505
8001.0,5.0,0.153247
8001.0,6.0,0.626349
8001.0,7.0,1.0
8001.0,8.0,0.429261
8001.0,9.0,0.562798
8001.0,10.0,0.481897
8001.0,11.0,0.575555
8001.0,12.0,0.329318
8001.0,13.0,0.112409
8001.0,14.0,0.266987
8001.0,15.0,0.319714
8001.0,16.0,0.108566
8001.0,17.0,0.749996
8002.0,0.0,1.0
8002.0,1.0,0.712738
8002.0,2.0,0.46316
8002.0,3.0,0.0
8002.0,4.0,0.594829
8002.0,5.0,0.169796
8002.0,6.0,0.651124
8002.0,7.0,1.0
8002.0,8.0,0.447237
8002.0,9.0,0.602293
8002.0,10.0,0.488061
8002.0,11.0,0.614705
8002.0,12.0,0.366305
8002.0,13.0,0.129304
8002.0,14.0,0.304748
8002.0,15.0,0.40123
8002.0,16.0,0.168928
8002.0,17.0,0.756435
8003.0,0.0,1.0
8003.0,1.0,0.719564
8003.0,2.0,0.524511
8003.0,3.0,0.0
8003.0,4.0,0.625865
8003.0,5.0,0.186764
8003.0,6.0,0.673877
8003.0,7.0,1.0
8003.0,8.0,0.464473
8003.0,9.0,0.636187
8003.0,10.0,0.493428
8003.0,11.0,0.649446
8003.0,12.0,0.39977
8003.0,13.0,0.146348
8003.0,14.0,0.340358
8003.0,15.0,0.479557
8003.0,16.0,0.242083
8003.0,17.0,0.763375
8004.0,0.0,1.0
8004.0,1.0,0.726111
8004.0,2.0,0.577586
8004.0,3.0,0.0
8004.0,4.0,0.654045
8004.0,5.0,0.204606
8004.0,6.0,0.6951
8004.0,7.0,1.0
8004.0,8.0,0.481048
8004.0,9.0,0.665398
8004.0,10.0,0.49908
8004.0,11.0,0.678661
8004.0,12.0,0.431423
8004.0,13.0,0.165242
8004.0,14.0,0.374944
8004.0,15.0,0.551423
8004.0,16.0,0.323545
8004.0,17.0,0.769652
8005.0,0.0,1.0
8005.0,1.0,0.731717
8005.0,2.0,0.622868
8005.0,3.0,0.0
8005.0,4.0,0.679916
8005.0,5.0,0.223515
8005.0,6.0,0.715622
8005.0,7.0,1.0
8005.0,8.0,0.497214
8005.0,9.0,0.69067
8005.0,10.0,0.504861
8005.0,11.0,0.703969
8005.0,12.0,0.463592
8005.0,13.0,0.185616
8005.0,14.0,0.408313
8005.0,15.0,0.615611
8005.0,16.0,0.405131
8005.0,17.0,0.775633
8006.0,0.0,1.0
8006.0,1.0,0.724308
8006.0,2.0,0.560763
8006.0,3.0,0.0
8006.0,4.0,0.644697
8006.0,5.0,0.20045
8006.0,6.0,0.691026
8006.0,7.0,1.0
8006.0,8.0,0.47638
8006.0,9.0,0.65054
8006.0,10.0,0.4982
8006.0,11.0,0.665861
8006.0,12.0,0.426872
8006.0,13.0,0.160107
8006.0,14.0,0.36567
8006.0,15.0,0.48146
8006.0,16.0,0.289742
8006.0,17.0,0.76763
8007.0,0.0,1.0
8007.0,1.0,0.716827
8007.0,2.0,0.499161
8007.0,3.0,0.0
8007.0,4.0,0.61118
8007.0,5.0,0.18108
8007.0,6.0,0.668138
8007.0,7.0,1.0
8007.0,8.0,0.458061
8007.0,9.0,0.613243
8007.0,10.0,0.491643
8007.0,11.0,0.628816
8007.0,12.0,0.391301
8007.0,13.0,0.139559
8007.0,14.0,0.326925
8007.0,15.0,0.388345
8007.0,16.0,0.20254
8007.0,17.0,0.762251
8008.0,0.0,1.0
8008.0,1.0,0.709889
8008.0,2.0,0.435726
8008.0,3.0,0.0
8008.0,4.0,0.579893
8008.0,5.0,0.163952
8008.0,6.0,0.646666
8008.0,7.0,1.0
8008.0,8.0,0.440361
8008.0,9.0,0.578234
8008.0,10.0,0.486374
8008.0,11.0,0.593345
8008.0,12.0,0.355442
8008.0,13.0,0.122888
8008.0,14.0,0.292475
8008.0,15.0,0.323072
8008.0,16.0,0.139468
8008.0,17.0,0.756608
8009.0,0.0,1.0
8009.0,1.0,0.704127
8009.0,2.0,0.372386
8009.0,3.0,0.0
8009.0,4.0,0.549967
8009.0,5.0,0.149659
8009.0,6.0,0.62526
8009.0,7.0,1.0
8009.0,8.0,0.423273
8009.0,9.0,0.546819
8009.0,10.0,0.479816
8009.0,11.0,0.558267
8009.0,12.0,0.32091
8009.0,13.0,0.108915
8009.0,14.0,0.258807
8009.0,15.0,0.274916
8009.0,16.0,0.094643
8009.0,17.0,0.750084
8010.0,0.0,1.0
8010.0,1.0,0.697116
8010.0,2.0,0.311385
8010.0,3.0,0.0
8010.0,4.0,0.521893
8010.0,5.0,0.136252
8010.0,6.0,0.604592
8010.0,7.0,1.0
8010.0,8.0,0.407258
8010.0,9.0,0.515855
8010.0,10.0,0.474578
8010.0,11.0,0.525825
8010.0,12.0,0.289394
8010.0,13.0,0.096768
8010.0,14.0,0.22898
8010.0,15.0,0.237221
8010.0,16.0,0.063928
8010.0,17.0,0.744022
9000.0,0.0,1.0
9000.0,1.0,0.70151
9000.0,2.0,0.313113
9000.0,3.0,0.0
9000.0,4.0,0.519158
9000.0,5.0,0.134254
9000.0,6.0,0.600587
9000.0,7.0,1.0
9000.0,8.0,0.408421
9000.0,9.0,0.515329
9000.0,10.0,0.475898
9000.0,11.0,0.528989
9000.0,12.0,0.28972
9000.0,13.0,0.096421
9000.0,14.0,0.230202
9000.0,15.0,0.237768
9000.0,16.0,0.064775
9000.0,17.0,0.741952
9001.0,0.0,1.0
9001.0,1.0,0.709708
9001.0,2.0,0.393525
9001.0,3.0,0.0
9001.0,4.0,0.558248
9001.0,5.0,0.151273
9001.0,6.0,0.62649
9001.0,7.0,1.0
9001.0,8.0,0.429731
9001.0,9.0,0.564549
9001.0,10.0,0.481286
9001.0,11.0,0.576763
9001.0,12.0,0.329416
9001.0,13.0,0.111999
9001.0,14.0,0.269124
9001.0,15.0,0.320417
9001.0,16.0,0.109968
9001.0,17.0,0.749709
9002.0,0.0,1.0
9002.0,1.0,0.717291
9002.0,2.0,0.464324
9002.0,3.0,0.0
9002.0,4.0,0.592817
9002.0,5.0,0.168653
9002.0,6.0,0.65065
9002.0,7.0,1.0
9002.0,8.0,0.448609
9002.0,9.0,0.603668
9002.0,10.0,0.486538
9002.0,11.0,0.61607
9002.0,12.0,0.365183
9002.0,13.0,0.128188
9002.0,14.0,0.306785
9002.0,15.0,0.402926
9002.0,16.0,0.170173
9002.0,17.0,0.758084
9003.0,0.0,1.0
9003.0,1.0,0.724026
9003.0,2.0,0.525719
9003.0,3.0,0.0
9003.0,4.0,0.624504
9003.0,5.0,0.187499
9003.0,6.0,0.672381
9003.0,7.0,1.0
9003.0,8.0,0.466325
9003.0,9.0,0.636806
9003.0,10.0,0.492851
9003.0,11.0,0.648903
9003.0,12.0,0.399795
9003.0,13.0,0.145535
9003.0,14.0,0.342963
9003.0,15.0,0.481167
9003.0,16.0,0.244082
9003.0,17.0,0.763966
9004.0,0.0,1.0
9004.0,1.0,0.729746
9004.0,2.0,0.577741
9004.0,3.0,0.0
9004.0,4.0,0.652481
9004.0,5.0,0.20662
9004.0,6.0,0.692937
9004.0,7.0,1.0
9004.0,8.0,0.482362
9004.0,9.0,0.666185
9004.0,10.0,0.497791
9004.0,11.0,0.677408
9004.0,12.0,0.431392
9004.0,13.0,0.165129
9004.0,14.0,0.377737
9004.0,15.0,0.551556
9004.0,16.0,0.325377
9004.0,17.0,0.770488
9005.0,0.0,1.0
9005.0,1.0,0.735424
9005.0,2.0,0.620859
9005.0,3.0,0.0
9005.0,4.0,0.678416
9005.0,5.0,0.22605
9005.0,6.0,0.712157
9005.0,7.0,1.0
9005.0,8.0,0.498678
9005.0,9.0,0.691466
9005.0,10.0,0.502986
9005.0,11.0,0.702194
9005.0,12.0,0.462532
9005.0,13.0,0.184145
9005.0,14.0,0.412244
9005.0,15.0,0.615528
9005.0,16.0,0.407479
9005.0,17.0,0.776814
9006.0,0.0,1.0
9006.0,1.0,0.728748
9006.0,2.0,0.559651
9006.0,3.0,0.0
9006.0,4.0,0.641831
9006.0,5.0,0.202023
9006.0,6.0,0.687138
9006.0,7.0,1.0
9006.0,8.0,0.477095
9006.0,9.0,0.650604
9006.0,10.0,0.496915
9006.0,11.0,0.663226
9006.0,12.0,0.427617
9006.0,13.0,0.159698
9006.0,14.0,0.369512
9006.0,15.0,0.480617
9006.0,16.0,0.2921
9006.0,17.0,0.769986
9007.0,0.0,1.0
9007.0,1.0,0.722791
9007.0,2.0,0.497804
9007.0,3.0,0.0
9007.0,4.0,0.608426
9007.0,5.0,0.18291
9007.0,6.0,0.663948
9007.0,7.0,1.0
9007.0,8.0,0.457754
9007.0,9.0,0.613051
9007.0,10.0,0.491479
9007.0,11.0,0.627851
9007.0,12.0,0.391403
9007.0,13.0,0.140023
9007.0,14.0,0.330639
9007.0,15.0,0.388752
9007.0,16.0,0.20468
9007.0,17.0,0.76288
9008.0,0.0,1.0
9008.0,1.0,0.716188
9008.0,2.0,0.434193
9008.0,3.0,0.0
9008.0,4.0,0.578331
9008.0,5.0,0.16553
9008.0,6.0,0.640502
9008.0,7.0,1.0
9008.0,8.0,0.438343
9008.0,9.0,0.578367
9008.0,10.0,0.486775
9008.0,11.0,0.593554
9008.0,12.0,0.35489
9008.0,13.0,0.123558
9008.0,14.0,0.29538
9008.0,15.0,0.323284
9008.0,16.0,0.140131
9008.0,17.0,0.756822
9009.0,0.0,1.0
9009.0,1.0,0.710528
9009.0,2.0,0.370935
9009.0,3.0,0.0
9009.0,4.0,0.54957
9009.0,5.0,0.150621
9009.0,6.0,0.617526
9009.0,7.0,1.0
9009.0,8.0,0.420956
9009.0,9.0,0.545252
9009.0,10.0,0.481696
9009.0,11.0,0.560085
9009.0,12.0,0.320503
9009.0,13.0,0.109252
9009.0,14.0,0.262361
9009.0,15.0,0.274751
9009.0,16.0,0.095117
9009.0,17.0,0.749519
9010.0,0.0,1.0
9010.0,1.0,0.703946
9010.0,2.0,0.310015
9010.0,3.0,0.0
9010.0,4.0,0.521747
9010.0,5.0,0.137491
9010.0,6.0,0.596805
9010.0,7.0,1.0
9010.0,8.0,0.405796
9010.0,9.0,0.51441
9010.0,10.0,0.476868
9010.0,11.0,0.528126
9010.0,12.0,0.288166
9010.0,13.0,0.096315
9010.0,14.0,0.232497
9010.0,15.0,0.239175
9010.0,16.0,0.064636
9010.0,17.0,0.741509
10000.0,0.0,1.0
10000.0,1.0,0.692796
10000.0,2.0,0.305298
10000.0,3.0,0.0
10000.0,4.0,0.523216
10000.0,5.0,0.136235
10000.0,6.0,0.59857
10000.0,7.0,1.0
10000.0,8.0,0.405142
10000.0,9.0,0.511437
10000.0,10.0,0.475989
10000.0,11.0,0.529149
10000.0,12.0,0.29271
10000.0,13.0,0.10298
10000.0,14.0,0.229286
10000.0,15.0,0.237863
10000.0,16.0,0.06414
10000.0,17.0,0.747052
10001.0,0.0,1.0
10001.0,1.0,0.701298
10001.0,2.0,0.385869
10001.0,3.0,0.0
10001.0,4.0,0.563238
10001.0,5.0,0.152131
10001.0,6.0,0.625147
10001.0,7.0,1.0
10001.0,8.0,0.425709
10001.0,9.0,0.560086
10001.0,10.0,0.482983
10001.0,11.0,0.575806
10001.0,12.0,0.333621
10001.0,13.0,0.120597
10001.0,14.0,0.267482
10001.0,15.0,0.319465
10001.0,16.0,0.108754
10001.0,17.0,0.75493
10002.0,0.0,1.0
10002.0,1.0,0.708715
10002.0,2.0,0.457898
10002.0,3.0,0.0
10002.0,4.0,0.598213
10002.0,5.0,0.168515
10002.0,6.0,0.648832
10002.0,7.0,1.0
10002.0,8.0,0.444095
10002.0,9.0,0.600748
10002.0,10.0,0.489632
10002.0,11.0,0.615103
10002.0,12.0,0.370599
10002.0,13.0,0.138733
10002.0,14.0,0.305073
10002.0,15.0,0.402784
10002.0,16.0,0.16904
10002.0,17.0,0.761336
10003.0,0.0,1.0
10003.0,1.0,0.714052
10003.0,2.0,0.520216
10003.0,3.0,0.0
10003.0,4.0,0.628737
10003.0,5.0,0.186085
10003.0,6.0,0.671422
10003.0,7.0,1.0
10003.0,8.0,0.462366
10003.0,9.0,0.636384
10003.0,10.0,0.495613
10003.0,11.0,0.649521
10003.0,12.0,0.405862
10003.0,13.0,0.157258
10003.0,14.0,0.342009
10003.0,15.0,0.481285
10003.0,16.0,0.243371
10003.0,17.0,0.767642
10004.0,0.0,1.0
10004.0,1.0,0.720367
10004.0,2.0,0.572881
10004.0,3.0,0.0
10004.0,4.0,0.657236
10004.0,5.0,0.204708
10004.0,6.0,0.692867
10004.0,7.0,1.0
10004.0,8.0,0.478909
10004.0,9.0,0.665622
10004.0,10.0,0.501045
10004.0,11.0,0.679139
10004.0,12.0,0.438472
10004.0,13.0,0.177033
10004.0,14.0,0.376764
10004.0,15.0,0.553543
10004.0,16.0,0.325094
10004.0,17.0,0.773399
10005.0,0.0,1.0
10005.0,1.0,0.725427
10005.0,2.0,0.619073
10005.0,3.0,0.0
10005.0,4.0,0.682664
10005.0,5.0,0.224221
10005.0,6.0,0.713
10005.0,7.0,1.0
10005.0,8.0,0.496316
10005.0,9.0,0.691046
10005.0,10.0,0.505931
10005.0,11.0,0.70477
10005.0,12.0,0.470462
10005.0,13.0,0.197896
10005.0,14.0,0.410049
10005.0,15.0,0.617582
10005.0,16.0,0.406299
10005.0,17.0,0.779069
10006.0,0.0,1.0
10006.0,1.0,0.719406
10006.0,2.0,0.556556
10006.0,3.0,0.0
10006.0,4.0,0.646627
10006.0,5.0,0.200789
10006.0,6.0,0.686951
10006.0,7.0,1.0
10006.0,8.0,0.47533
10006.0,9.0,0.649849
10006.0,10.0,0.498921
10006.0,11.0,0.666145
10006.0,12.0,0.433061
10006.0,13.0,0.171371
10006.0,14.0,0.3658
10006.0,15.0,0.482175
10006.0,16.0,0.290587
10006.0,17.0,0.772249
10007.0,0.0,1.0
10007.0,1.0,0.712411
10007.0,2.0,0.493778
10007.0,3.0,0.0
10007.0,4.0,0.613827
10007.0,5.0,0.181373
10007.0,6.0,0.662699
10007.0,7.0,1.0
10007.0,8.0,0.456673
10007.0,9.0,0.61236
10007.0,10.0,0.493062
10007.0,11.0,0.630149
10007.0,12.0,0.396251
10007.0,13.0,0.149827
10007.0,14.0,0.327272
10007.0,15.0,0.389387
10007.0,16.0,0.20326
10007.0,17.0,0.765049
10008.0,0.0,1.0
10008.0,1.0,0.705472
10008.0,2.0,0.430067
10008.0,3.0,0.0
10008.0,4.0,0.582697
10008.0,5.0,0.164035
10008.0,6.0,0.639984
10008.0,7.0,1.0
10008.0,8.0,0.439243
10008.0,9.0,0.576535
10008.0,10.0,0.486483
10008.0,11.0,0.593713
10008.0,12.0,0.359925
10008.0,13.0,0.131152
10008.0,14.0,0.290997
10008.0,15.0,0.32298
10008.0,16.0,0.139668
10008.0,17.0,0.758185
10009.0,0.0,1.0
10009.0,1.0,0.698732
10009.0,2.0,0.366566
10009.0,3.0,0.0
10009.0,4.0,0.553054
10009.0,5.0,0.148923
10009.0,6.0,0.617905
10009.0,7.0,1.0
10009.0,8.0,0.422096
10009.0,9.0,0.543997
10009.0,10.0,0.480724
10009.0,11.0,0.559658
10009.0,12.0,0.325113
10009.0,13.0,0.115976
10009.0,14.0,0.257701
10009.0,15.0,0.274536
10009.0,16.0,0.095137
10009.0,17.0,0.751805
10010.0,0.0,1.0
10010.0,1.0,0.692673
10010.0,2.0,0.306616
10010.0,3.0,0.0
10010.0,4.0,0.525555
10010.0,5.0,0.135344
10010.0,6.0,0.596686
10010.0,7.0,1.0
10010.0,8.0,0.406486
10010.0,9.0,0.513301
10010.0,10.0,0.475816
10010.0,11.0,0.526503
10010.0,12.0,0.292187
10010.0,13.0,0.102977
10010.0,14.0,0.226573
10010.0,15.0,0.237437
10010.0,16.0,0.064635
10010.0,17.0,0.744637
