FREQUENCIES 
Gen,mut_id,mut_freq
1.0,0.0,0.5
1.0,1.0,0.5
1.0,2.0,0.5
1.0,3.0,0.5
1.0,4.0,0.5
1.0,5.0,0.5
1.0,6.0,0.5
1.0,7.0,0.5
1.0,8.0,0.5
1.0,9.0,0.5
1.0,10.0,0.5
1.0,11.0,0.5
1.0,12.0,0.5
1.0,13.0,0.5
1.0,14.0,0.5
1.0,15.0,0.5
1.0,16.0,0.5
1.0,17.0,0.5
1.0,18.0,0.5
1.0,19.0,0.5
1.0,20.0,0.5
1.0,21.0,0.5
1.0,22.0,0.5
1.0,23.0,0.5
1.0,24.0,0.5
1.0,25.0,0.5
1.0,26.0,0.5
1.0,27.0,0.5
1.0,28.0,0.5
1.0,29.0,0.5
1.0,30.0,0.5
1.0,31.0,0.5
1.0,32.0,0.5
1.0,33.0,0.5
1.0,34.0,0.5
1.0,35.0,0.5
1.0,36.0,0.5
1000.0,0.0,0.349581
1000.0,1.0,0.930992
1000.0,2.0,0.495832
1000.0,3.0,0.914021
1000.0,4.0,0.249208
1000.0,5.0,0.159596
1000.0,6.0,0.263947
1000.0,7.0,0.693306
1000.0,8.0,0.53096
1000.0,9.0,0.51777
1000.0,10.0,0.51148
1000.0,11.0,0.587939
1000.0,12.0,0.429257
1000.0,13.0,0.41743
1000.0,14.0,0.327588
1000.0,15.0,0.443742
1000.0,16.0,0.469845
1000.0,17.0,0.110545
1000.0,18.0,0.273843
1000.0,19.0,1.0
1000.0,20.0,0.390598
1000.0,21.0,0.339151
1000.0,22.0,0.218651
1000.0,23.0,0.826567
1000.0,24.0,0.014214
1000.0,25.0,0.714228
1000.0,26.0,0.418413
1000.0,27.0,0.481396
1000.0,28.0,0.25066
1000.0,29.0,0.064282
1000.0,30.0,0.762479
1000.0,31.0,0.481322
1000.0,32.0,0.400741
1000.0,33.0,0.13835
1000.0,34.0,0.197532
1000.0,35.0,0.044382
1000.0,36.0,0.468266
1001.0,0.0,0.351531
1001.0,1.0,0.932534
1001.0,2.0,0.510909
1001.0,3.0,0.915669
1001.0,4.0,0.252702
1001.0,5.0,0.16107
1001.0,6.0,0.26851
1001.0,7.0,0.703758
1001.0,8.0,0.532214
1001.0,9.0,0.521233
1001.0,10.0,0.513582
1001.0,11.0,0.58932
1001.0,12.0,0.472884
1001.0,13.0,0.431082
1001.0,14.0,0.32871
1001.0,15.0,0.456785
1001.0,16.0,0.480317
1001.0,17.0,0.113733
1001.0,18.0,0.278572
1001.0,19.0,1.0
1001.0,20.0,0.394719
1001.0,21.0,0.360962
1001.0,22.0,0.216766
1001.0,23.0,0.829501
1001.0,24.0,0.014417
1001.0,25.0,0.726354
1001.0,26.0,0.475262
1001.0,27.0,0.484341
1001.0,28.0,0.252959
1001.0,29.0,0.065147
1001.0,30.0,0.763816
1001.0,31.0,0.484985
1001.0,32.0,0.402189
1001.0,33.0,0.140452
1001.0,34.0,0.194
1001.0,35.0,0.044881
1001.0,36.0,0.470843
1002.0,0.0,0.353353
1002.0,1.0,0.933836
1002.0,2.0,0.524889
1002.0,3.0,0.917004
1002.0,4.0,0.256418
1002.0,5.0,0.161339
1002.0,6.0,0.27392
1002.0,7.0,0.713576
1002.0,8.0,0.533299
1002.0,9.0,0.524005
1002.0,10.0,0.516269
1002.0,11.0,0.590504
1002.0,12.0,0.515114
1002.0,13.0,0.44453
1002.0,14.0,0.330538
1002.0,15.0,0.46995
1002.0,16.0,0.491886
1002.0,17.0,0.115854
1002.0,18.0,0.283621
1002.0,19.0,1.0
1002.0,20.0,0.399024
1002.0,21.0,0.383227
1002.0,22.0,0.214894
1002.0,23.0,0.832111
1002.0,24.0,0.014255
1002.0,25.0,0.738578
1002.0,26.0,0.527009
1002.0,27.0,0.487271
1002.0,28.0,0.254512
1002.0,29.0,0.066466
1002.0,30.0,0.764742
1002.0,31.0,0.489714
1002.0,32.0,0.403726
1002.0,33.0,0.142218
1002.0,34.0,0.190539
1002.0,35.0,0.04532
1002.0,36.0,0.474377
1003.0,0.0,0.354666
1003.0,1.0,0.934788
1003.0,2.0,0.538114
1003.0,3.0,0.918538
1003.0,4.0,0.259977
1003.0,5.0,0.162333
1003.0,6.0,0.278813
1003.0,7.0,0.722477
1003.0,8.0,0.533872
1003.0,9.0,0.526682
1003.0,10.0,0.518498
1003.0,11.0,0.591748
1003.0,12.0,0.555862
1003.0,13.0,0.457893
1003.0,14.0,0.331248
1003.0,15.0,0.482489
1003.0,16.0,0.502516
1003.0,17.0,0.118159
1003.0,18.0,0.289058
1003.0,19.0,1.0
1003.0,20.0,0.403058
1003.0,21.0,0.403307
1003.0,22.0,0.213997
1003.0,23.0,0.83481
1003.0,24.0,0.014393
1003.0,25.0,0.749654
1003.0,26.0,0.57249
1003.0,27.0,0.490725
1003.0,28.0,0.256866
1003.0,29.0,0.067485
1003.0,30.0,0.766105
1003.0,31.0,0.494637
1003.0,32.0,0.40502
1003.0,33.0,0.14369
1003.0,34.0,0.188042
1003.0,35.0,0.045728
1003.0,36.0,0.476996
1004.0,0.0,0.356934
1004.0,1.0,0.936287
1004.0,2.0,0.551508
1004.0,3.0,0.919958
1004.0,4.0,0.264969
1004.0,5.0,0.163707
1004.0,6.0,0.283586
1004.0,7.0,0.731611
1004.0,8.0,0.534924
1004.0,9.0,0.528556
1004.0,10.0,0.521833
1004.0,11.0,0.593605
1004.0,12.0,0.593923
1004.0,13.0,0.469931
1004.0,14.0,0.332253
1004.0,15.0,0.494412
1004.0,16.0,0.513112
1004.0,17.0,0.120905
1004.0,18.0,0.294294
1004.0,19.0,1.0
1004.0,20.0,0.407823
1004.0,21.0,0.423389
1004.0,22.0,0.212284
1004.0,23.0,0.836382
1004.0,24.0,0.014416
1004.0,25.0,0.75951
1004.0,26.0,0.612707
1004.0,27.0,0.493993
1004.0,28.0,0.259185
1004.0,29.0,0.068902
1004.0,30.0,0.768024
1004.0,31.0,0.498708
1004.0,32.0,0.405164
1004.0,33.0,0.145514
1004.0,34.0,0.185956
1004.0,35.0,0.046323
1004.0,36.0,0.478996
1005.0,0.0,0.359617
1005.0,1.0,0.937767
1005.0,2.0,0.563741
1005.0,3.0,0.921409
1005.0,4.0,0.26864
1005.0,5.0,0.164486
1005.0,6.0,0.288175
1005.0,7.0,0.740291
1005.0,8.0,0.536232
1005.0,9.0,0.531468
1005.0,10.0,0.524803
1005.0,11.0,0.595956
1005.0,12.0,0.629586
1005.0,13.0,0.482443
1005.0,14.0,0.334448
1005.0,15.0,0.505291
1005.0,16.0,0.521878
1005.0,17.0,0.122544
1005.0,18.0,0.299671
1005.0,19.0,1.0
1005.0,20.0,0.412456
1005.0,21.0,0.441745
1005.0,22.0,0.21066
1005.0,23.0,0.839206
1005.0,24.0,0.014432
1005.0,25.0,0.768042
1005.0,26.0,0.648557
1005.0,27.0,0.49733
1005.0,28.0,0.260913
1005.0,29.0,0.069875
1005.0,30.0,0.769143
1005.0,31.0,0.502308
1005.0,32.0,0.406257
1005.0,33.0,0.147158
1005.0,34.0,0.184029
1005.0,35.0,0.046828
1005.0,36.0,0.481136
1006.0,0.0,0.357993
1006.0,1.0,0.93637
1006.0,2.0,0.549164
1006.0,3.0,0.920584
1006.0,4.0,0.264038
1006.0,5.0,0.162641
1006.0,6.0,0.282698
1006.0,7.0,0.731388
1006.0,8.0,0.535602
1006.0,9.0,0.52854
1006.0,10.0,0.522283
1006.0,11.0,0.594472
1006.0,12.0,0.58338
1006.0,13.0,0.467151
1006.0,14.0,0.332913
1006.0,15.0,0.49169
1006.0,16.0,0.511327
1006.0,17.0,0.119619
1006.0,18.0,0.293603
1006.0,19.0,1.0
1006.0,20.0,0.407928
1006.0,21.0,0.417569
1006.0,22.0,0.212325
1006.0,23.0,0.836707
1006.0,24.0,0.014176
1006.0,25.0,0.758261
1006.0,26.0,0.603545
1006.0,27.0,0.494231
1006.0,28.0,0.258666
1006.0,29.0,0.068909
1006.0,30.0,0.768008
1006.0,31.0,0.49734
1006.0,32.0,0.404238
1006.0,33.0,0.145
1006.0,34.0,0.186564
1006.0,35.0,0.04582
1006.0,36.0,0.47848
1007.0,0.0,0.356202
1007.0,1.0,0.935496
1007.0,2.0,0.535262
1007.0,3.0,0.919449
1007.0,4.0,0.259734
1007.0,5.0,0.161452
1007.0,6.0,0.277183
1007.0,7.0,0.721536
1007.0,8.0,0.533949
1007.0,9.0,0.525936
1007.0,10.0,0.520123
1007.0,11.0,0.592891
1007.0,12.0,0.540634
1007.0,13.0,0.453727
1007.0,14.0,0.330695
1007.0,15.0,0.479002
1007.0,16.0,0.501386
1007.0,17.0,0.116596
1007.0,18.0,0.287221
1007.0,19.0,1.0
1007.0,20.0,0.40331
1007.0,21.0,0.395028
1007.0,22.0,0.213737
1007.0,23.0,0.834148
1007.0,24.0,0.014099
1007.0,25.0,0.747484
1007.0,26.0,0.55697
1007.0,27.0,0.491978
1007.0,28.0,0.256252
1007.0,29.0,0.067416
1007.0,30.0,0.766962
1007.0,31.0,0.493609
1007.0,32.0,0.402414
1007.0,33.0,0.142547
1007.0,34.0,0.189946
1007.0,35.0,0.045389
1007.0,36.0,0.476444
1008.0,0.0,0.353903
1008.0,1.0,0.934627
1008.0,2.0,0.521904
1008.0,3.0,0.918773
1008.0,4.0,0.25573
1008.0,5.0,0.160105
1008.0,6.0,0.272048
1008.0,7.0,0.712512
1008.0,8.0,0.53258
1008.0,9.0,0.522287
1008.0,10.0,0.517072
1008.0,11.0,0.592419
1008.0,12.0,0.50027
1008.0,13.0,0.440758
1008.0,14.0,0.329552
1008.0,15.0,0.466416
1008.0,16.0,0.491118
1008.0,17.0,0.113807
1008.0,18.0,0.281242
1008.0,19.0,1.0
1008.0,20.0,0.399675
1008.0,21.0,0.374785
1008.0,22.0,0.215291
1008.0,23.0,0.831775
1008.0,24.0,0.013879
1008.0,25.0,0.736074
1008.0,26.0,0.511163
1008.0,27.0,0.488977
1008.0,28.0,0.25291
1008.0,29.0,0.066758
1008.0,30.0,0.766118
1008.0,31.0,0.489936
1008.0,32.0,0.401199
1008.0,33.0,0.139966
1008.0,34.0,0.192564
1008.0,35.0,0.044912
1008.0,36.0,0.47367
1009.0,0.0,0.352178
1009.0,1.0,0.933644
1009.0,2.0,0.509365
1009.0,3.0,0.917854
1009.0,4.0,0.251338
1009.0,5.0,0.159189
1009.0,6.0,0.268668
1009.0,7.0,0.703357
1009.0,8.0,0.530979
1009.0,9.0,0.520711
1009.0,10.0,0.514561
1009.0,11.0,0.592134
1009.0,12.0,0.463686
1009.0,13.0,0.42802
1009.0,14.0,0.328186
1009.0,15.0,0.4554
1009.0,16.0,0.48167
1009.0,17.0,0.111063
1009.0,18.0,0.276911
1009.0,19.0,1.0
1009.0,20.0,0.395327
1009.0,21.0,0.356468
1009.0,22.0,0.215877
1009.0,23.0,0.829564
1009.0,24.0,0.013783
1009.0,25.0,0.724947
1009.0,26.0,0.464353
1009.0,27.0,0.486488
1009.0,28.0,0.251423
1009.0,29.0,0.065589
1009.0,30.0,0.764827
1009.0,31.0,0.487709
1009.0,32.0,0.399293
1009.0,33.0,0.137742
1009.0,34.0,0.194867
1009.0,35.0,0.044425
1009.0,36.0,0.472353
1010.0,0.0,0.350092
1010.0,1.0,0.932798
1010.0,2.0,0.497177
1010.0,3.0,0.917061
1010.0,4.0,0.246627
1010.0,5.0,0.157661
1010.0,6.0,0.264139
1010.0,7.0,0.695843
1010.0,8.0,0.530102
1010.0,9.0,0.51848
1010.0,10.0,0.51225
1010.0,11.0,0.589783
1010.0,12.0,0.429684
1010.0,13.0,0.415715
1010.0,14.0,0.325972
1010.0,15.0,0.44472
1010.0,16.0,0.47066
1010.0,17.0,0.108655
1010.0,18.0,0.27217
1010.0,19.0,1.0
1010.0,20.0,0.390503
1010.0,21.0,0.339176
1010.0,22.0,0.217089
1010.0,23.0,0.827591
1010.0,24.0,0.013489
1010.0,25.0,0.712604
1010.0,26.0,0.418067
1010.0,27.0,0.484048
1010.0,28.0,0.249057
1010.0,29.0,0.064639
1010.0,30.0,0.76354
1010.0,31.0,0.484483
1010.0,32.0,0.397442
1010.0,33.0,0.134816
1010.0,34.0,0.197354
1010.0,35.0,0.043858
1010.0,36.0,0.47035
2000.0,0.0,0.31325
2000.0,1.0,0.970725
2000.0,2.0,0.494165
2000.0,3.0,0.987907
2000.0,4.0,0.23242
2000.0,5.0,0.056469
2000.0,6.0,0.261853
2000.0,7.0,0.703577
2000.0,8.0,0.54757
2000.0,9.0,0.540611
2000.0,10.0,0.54872
2000.0,11.0,0.653719
2000.0,12.0,0.430691
2000.0,13.0,0.423101
2000.0,14.0,0.324553
2000.0,15.0,0.447466
2000.0,16.0,0.473886
2000.0,17.0,0.125479
2000.0,18.0,0.270448
2000.0,19.0,1.0
2000.0,20.0,0.399434
2000.0,21.0,0.336892
2000.0,22.0,0.196661
2000.0,23.0,0.919992
2000.0,24.0,0.001604
2000.0,25.0,0.711884
2000.0,26.0,0.415637
2000.0,27.0,0.482546
2000.0,28.0,0.207832
2000.0,29.0,0.023228
2000.0,30.0,0.84161
2000.0,31.0,0.484966
2000.0,32.0,0.371114
2000.0,33.0,0.022263
2000.0,34.0,0.130413
2000.0,35.0,0.029785
2000.0,36.0,0.476378
2001.0,0.0,0.314985
2001.0,1.0,0.97142
2001.0,2.0,0.509601
2001.0,3.0,0.98813
2001.0,4.0,0.236259
2001.0,5.0,0.057019
2001.0,6.0,0.266647
2001.0,7.0,0.713101
2001.0,8.0,0.548851
2001.0,9.0,0.542937
2001.0,10.0,0.551404
2001.0,11.0,0.655017
2001.0,12.0,0.474771
2001.0,13.0,0.43679
2001.0,14.0,0.326524
2001.0,15.0,0.459885
2001.0,16.0,0.485688
2001.0,17.0,0.128004
2001.0,18.0,0.275183
2001.0,19.0,1.0
2001.0,20.0,0.404806
2001.0,21.0,0.359139
2001.0,22.0,0.194659
2001.0,23.0,0.921401
2001.0,24.0,0.001581
2001.0,25.0,0.724345
2001.0,26.0,0.473579
2001.0,27.0,0.485984
2001.0,28.0,0.210186
2001.0,29.0,0.023718
2001.0,30.0,0.842011
2001.0,31.0,0.489101
2001.0,32.0,0.37342
2001.0,33.0,0.022681
2001.0,34.0,0.129033
2001.0,35.0,0.030266
2001.0,36.0,0.478349
2002.0,0.0,0.317207
2002.0,1.0,0.971948
2002.0,2.0,0.523347
2002.0,3.0,0.988552
2002.0,4.0,0.23958
2002.0,5.0,0.057219
2002.0,6.0,0.271168
2002.0,7.0,0.722364
2002.0,8.0,0.549295
2002.0,9.0,0.544914
2002.0,10.0,0.554464
2002.0,11.0,0.656535
2002.0,12.0,0.51635
2002.0,13.0,0.450191
2002.0,14.0,0.327955
2002.0,15.0,0.47171
2002.0,16.0,0.497906
2002.0,17.0,0.130632
2002.0,18.0,0.281155
2002.0,19.0,1.0
2002.0,20.0,0.408946
2002.0,21.0,0.378838
2002.0,22.0,0.192656
2002.0,23.0,0.922333
2002.0,24.0,0.001531
2002.0,25.0,0.736638
2002.0,26.0,0.52689
2002.0,27.0,0.489958
2002.0,28.0,0.211981
2002.0,29.0,0.024132
2002.0,30.0,0.843463
2002.0,31.0,0.492424
2002.0,32.0,0.375374
2002.0,33.0,0.023109
2002.0,34.0,0.126864
2002.0,35.0,0.030875
2002.0,36.0,0.480047
2003.0,0.0,0.319016
2003.0,1.0,0.972596
2003.0,2.0,0.536946
2003.0,3.0,0.988644
2003.0,4.0,0.242898
2003.0,5.0,0.057309
2003.0,6.0,0.275747
2003.0,7.0,0.731901
2003.0,8.0,0.551297
2003.0,9.0,0.547773
2003.0,10.0,0.557046
2003.0,11.0,0.658626
2003.0,12.0,0.557093
2003.0,13.0,0.463487
2003.0,14.0,0.329345
2003.0,15.0,0.484447
2003.0,16.0,0.508534
2003.0,17.0,0.133648
2003.0,18.0,0.28672
2003.0,19.0,1.0
2003.0,20.0,0.413139
2003.0,21.0,0.3993
2003.0,22.0,0.191132
2003.0,23.0,0.923333
2003.0,24.0,0.001505
2003.0,25.0,0.747524
2003.0,26.0,0.572894
2003.0,27.0,0.492823
2003.0,28.0,0.213691
2003.0,29.0,0.024417
2003.0,30.0,0.844941
2003.0,31.0,0.496145
2003.0,32.0,0.377186
2003.0,33.0,0.023564
2003.0,34.0,0.125517
2003.0,35.0,0.03097
2003.0,36.0,0.481442
2004.0,0.0,0.321586
2004.0,1.0,0.973024
2004.0,2.0,0.550514
2004.0,3.0,0.988876
2004.0,4.0,0.246315
2004.0,5.0,0.057532
2004.0,6.0,0.28027
2004.0,7.0,0.74064
2004.0,8.0,0.552326
2004.0,9.0,0.549115
2004.0,10.0,0.559305
2004.0,11.0,0.660317
2004.0,12.0,0.595369
2004.0,13.0,0.475622
2004.0,14.0,0.330462
2004.0,15.0,0.495792
2004.0,16.0,0.519029
2004.0,17.0,0.136556
2004.0,18.0,0.290962
2004.0,19.0,1.0
2004.0,20.0,0.416839
2004.0,21.0,0.418306
2004.0,22.0,0.18939
2004.0,23.0,0.924557
2004.0,24.0,0.001523
2004.0,25.0,0.75699
2004.0,26.0,0.613999
2004.0,27.0,0.495712
2004.0,28.0,0.215579
2004.0,29.0,0.024746
2004.0,30.0,0.846567
2004.0,31.0,0.499516
2004.0,32.0,0.378505
2004.0,33.0,0.023692
2004.0,34.0,0.124134
2004.0,35.0,0.031317
2004.0,36.0,0.482751
2005.0,0.0,0.323454
2005.0,1.0,0.973629
2005.0,2.0,0.563556
2005.0,3.0,0.989029
2005.0,4.0,0.250344
2005.0,5.0,0.05791
2005.0,6.0,0.285675
2005.0,7.0,0.74886
2005.0,8.0,0.554019
2005.0,9.0,0.551058
2005.0,10.0,0.561141
2005.0,11.0,0.661484
2005.0,12.0,0.632066
2005.0,13.0,0.488521
2005.0,14.0,0.330799
2005.0,15.0,0.506162
2005.0,16.0,0.527838
2005.0,17.0,0.139928
2005.0,18.0,0.29663
2005.0,19.0,1.0
2005.0,20.0,0.421465
2005.0,21.0,0.436742
2005.0,22.0,0.188043
2005.0,23.0,0.925449
2005.0,24.0,0.001582
2005.0,25.0,0.766621
2005.0,26.0,0.650051
2005.0,27.0,0.49873
2005.0,28.0,0.217722
2005.0,29.0,0.025454
2005.0,30.0,0.846881
2005.0,31.0,0.503013
2005.0,32.0,0.379983
2005.0,33.0,0.024038
2005.0,34.0,0.123543
2005.0,35.0,0.031513
2005.0,36.0,0.484528
2006.0,0.0,0.321958
2006.0,1.0,0.972937
2006.0,2.0,0.54832
2006.0,3.0,0.988812
2006.0,4.0,0.245795
2006.0,5.0,0.057105
2006.0,6.0,0.280363
2006.0,7.0,0.74025
2006.0,8.0,0.552957
2006.0,9.0,0.549224
2006.0,10.0,0.558581
2006.0,11.0,0.659682
2006.0,12.0,0.586198
2006.0,13.0,0.474068
2006.0,14.0,0.328805
2006.0,15.0,0.492686
2006.0,16.0,0.516167
2006.0,17.0,0.137061
2006.0,18.0,0.29071
2006.0,19.0,1.0
2006.0,20.0,0.416688
2006.0,21.0,0.412559
2006.0,22.0,0.190505
2006.0,23.0,0.924263
2006.0,24.0,0.001562
2006.0,25.0,0.756046
2006.0,26.0,0.604187
2006.0,27.0,0.495681
2006.0,28.0,0.215249
2006.0,29.0,0.025125
2006.0,30.0,0.845707
2006.0,31.0,0.498994
2006.0,32.0,0.377513
2006.0,33.0,0.023365
2006.0,34.0,0.125372
2006.0,35.0,0.031035
2006.0,36.0,0.482753
2007.0,0.0,0.320066
2007.0,1.0,0.972584
2007.0,2.0,0.533947
2007.0,3.0,0.988591
2007.0,4.0,0.241916
2007.0,5.0,0.056545
2007.0,6.0,0.275209
2007.0,7.0,0.730573
2007.0,8.0,0.551162
2007.0,9.0,0.546477
2007.0,10.0,0.55674
2007.0,11.0,0.659106
2007.0,12.0,0.543229
2007.0,13.0,0.459591
2007.0,14.0,0.327099
2007.0,15.0,0.480151
2007.0,16.0,0.505378
2007.0,17.0,0.133773
2007.0,18.0,0.285689
2007.0,19.0,1.0
2007.0,20.0,0.410799
2007.0,21.0,0.390453
2007.0,22.0,0.191867
2007.0,23.0,0.923478
2007.0,24.0,0.001591
2007.0,25.0,0.74514
2007.0,26.0,0.557591
2007.0,27.0,0.492732
2007.0,28.0,0.213503
2007.0,29.0,0.024578
2007.0,30.0,0.844123
2007.0,31.0,0.496103
2007.0,32.0,0.375548
2007.0,33.0,0.0226
2007.0,34.0,0.126436
2007.0,35.0,0.030777
2007.0,36.0,0.48106
2008.0,0.0,0.318818
2008.0,1.0,0.972099
2008.0,2.0,0.520684
2008.0,3.0,0.988398
2008.0,4.0,0.237895
2008.0,5.0,0.055644
2008.0,6.0,0.270722
2008.0,7.0,0.721757
2008.0,8.0,0.550253
2008.0,9.0,0.544604
2008.0,10.0,0.554519
2008.0,11.0,0.657695
2008.0,12.0,0.502681
2008.0,13.0,0.446383
2008.0,14.0,0.325398
2008.0,15.0,0.468198
2008.0,16.0,0.495358
2008.0,17.0,0.130201
2008.0,18.0,0.280133
2008.0,19.0,1.0
2008.0,20.0,0.405762
2008.0,21.0,0.370877
2008.0,22.0,0.193167
2008.0,23.0,0.921594
2008.0,24.0,0.0016
2008.0,25.0,0.733912
2008.0,26.0,0.510696
2008.0,27.0,0.489832
2008.0,28.0,0.210892
2008.0,29.0,0.024154
2008.0,30.0,0.843329
2008.0,31.0,0.491655
2008.0,32.0,0.373866
2008.0,33.0,0.022189
2008.0,34.0,0.127763
2008.0,35.0,0.030171
2008.0,36.0,0.479012
2009.0,0.0,0.316648
2009.0,1.0,0.971558
2009.0,2.0,0.508286
2009.0,3.0,0.988207
2009.0,4.0,0.234438
2009.0,5.0,0.054918
2009.0,6.0,0.265833
2009.0,7.0,0.712941
2009.0,8.0,0.549439
2009.0,9.0,0.543203
2009.0,10.0,0.552005
2009.0,11.0,0.656169
2009.0,12.0,0.465572
2009.0,13.0,0.433871
2009.0,14.0,0.324571
2009.0,15.0,0.456429
2009.0,16.0,0.485271
2009.0,17.0,0.127569
2009.0,18.0,0.274996
2009.0,19.0,1.0
2009.0,20.0,0.40133
2009.0,21.0,0.353902
2009.0,22.0,0.194303
2009.0,23.0,0.920872
2009.0,24.0,0.001603
2009.0,25.0,0.72331
2009.0,26.0,0.463664
2009.0,27.0,0.4871
2009.0,28.0,0.209346
2009.0,29.0,0.023791
2009.0,30.0,0.842724
2009.0,31.0,0.487379
2009.0,32.0,0.372354
2009.0,33.0,0.021623
2009.0,34.0,0.128608
2009.0,35.0,0.029729
2009.0,36.0,0.478436
2010.0,0.0,0.315054
2010.0,1.0,0.970791
2010.0,2.0,0.495982
2010.0,3.0,0.988159
2010.0,4.0,0.230779
2010.0,5.0,0.054584
2010.0,6.0,0.262122
2010.0,7.0,0.703874
2010.0,8.0,0.548604
2010.0,9.0,0.541935
2010.0,10.0,0.550061
2010.0,11.0,0.654547
2010.0,12.0,0.432785
2010.0,13.0,0.42196
2010.0,14.0,0.322723
2010.0,15.0,0.444982
2010.0,16.0,0.474869
2010.0,17.0,0.125181
2010.0,18.0,0.270546
2010.0,19.0,1.0
2010.0,20.0,0.397354
2010.0,21.0,0.337328
2010.0,22.0,0.195352
2010.0,23.0,0.920063
2010.0,24.0,0.001526
2010.0,25.0,0.712112
2010.0,26.0,0.416405
2010.0,27.0,0.48416
2010.0,28.0,0.207471
2010.0,29.0,0.023407
2010.0,30.0,0.842051
2010.0,31.0,0.483557
2010.0,32.0,0.37068
2010.0,33.0,0.021332
2010.0,34.0,0.129677
2010.0,35.0,0.0291
2010.0,36.0,0.477261
3000.0,0.0,0.306027
3000.0,1.0,0.977353
3000.0,2.0,0.492066
3000.0,3.0,0.999053
3000.0,4.0,0.248569
3000.0,5.0,0.014296
3000.0,6.0,0.266218
3000.0,7.0,0.693235
3000.0,8.0,0.545448
3000.0,9.0,0.543302
3000.0,10.0,0.566288
3000.0,11.0,0.717959
3000.0,12.0,0.431791
3000.0,13.0,0.42069
3000.0,14.0,0.315669
3000.0,15.0,0.441696
3000.0,16.0,0.47846
3000.0,17.0,0.121839
3000.0,18.0,0.274198
3000.0,19.0,1.0
3000.0,20.0,0.4065
3000.0,21.0,0.33984
3000.0,22.0,0.20989
3000.0,23.0,0.955728
3000.0,24.0,0.000603
3000.0,25.0,0.718998
3000.0,26.0,0.4181
3000.0,27.0,0.484343
3000.0,28.0,0.172689
3000.0,29.0,0.009716
3000.0,30.0,0.876809
3000.0,31.0,0.482373
3000.0,32.0,0.344971
3000.0,33.0,0.002104
3000.0,34.0,0.108051
3000.0,35.0,0.024112
3000.0,36.0,0.476985
3001.0,0.0,0.307943
3001.0,1.0,0.977898
3001.0,2.0,0.50638
3001.0,3.0,0.999166
3001.0,4.0,0.252762
3001.0,5.0,0.014736
3001.0,6.0,0.271585
3001.0,7.0,0.703515
3001.0,8.0,0.546164
3001.0,9.0,0.544994
3001.0,10.0,0.568719
3001.0,11.0,0.718226
3001.0,12.0,0.476498
3001.0,13.0,0.43483
3001.0,14.0,0.31762
3001.0,15.0,0.454102
3001.0,16.0,0.488742
3001.0,17.0,0.124521
3001.0,18.0,0.27967
3001.0,19.0,1.0
3001.0,20.0,0.412235
3001.0,21.0,0.362531
3001.0,22.0,0.208334
3001.0,23.0,0.956656
3001.0,24.0,0.000579
3001.0,25.0,0.730828
3001.0,26.0,0.476011
3001.0,27.0,0.487242
3001.0,28.0,0.174909
3001.0,29.0,0.009776
3001.0,30.0,0.876787
3001.0,31.0,0.486135
3001.0,32.0,0.345788
3001.0,33.0,0.002102
3001.0,34.0,0.107683
3001.0,35.0,0.024499
3001.0,36.0,0.47891
3002.0,0.0,0.309567
3002.0,1.0,0.978335
3002.0,2.0,0.520348
3002.0,3.0,0.999201
3002.0,4.0,0.257288
3002.0,5.0,0.014878
3002.0,6.0,0.277005
3002.0,7.0,0.713213
3002.0,8.0,0.54677
3002.0,9.0,0.546249
3002.0,10.0,0.571874
3002.0,11.0,0.719454
3002.0,12.0,0.517525
3002.0,13.0,0.448157
3002.0,14.0,0.318095
3002.0,15.0,0.466679
3002.0,16.0,0.498731
3002.0,17.0,0.127275
3002.0,18.0,0.284873
3002.0,19.0,1.0
3002.0,20.0,0.416339
3002.0,21.0,0.38295
3002.0,22.0,0.206825
3002.0,23.0,0.957271
3002.0,24.0,0.000576
3002.0,25.0,0.74235
3002.0,26.0,0.529599
3002.0,27.0,0.490118
3002.0,28.0,0.176936
3002.0,29.0,0.00975
3002.0,30.0,0.878045
3002.0,31.0,0.488995
3002.0,32.0,0.346952
3002.0,33.0,0.00209
3002.0,34.0,0.106806
3002.0,35.0,0.0248
3002.0,36.0,0.480348
3003.0,0.0,0.310652
3003.0,1.0,0.978829
3003.0,2.0,0.534669
3003.0,3.0,0.999235
3003.0,4.0,0.261931
3003.0,5.0,0.014975
3003.0,6.0,0.282316
3003.0,7.0,0.722627
3003.0,8.0,0.548685
3003.0,9.0,0.547279
3003.0,10.0,0.574217
3003.0,11.0,0.720388
3003.0,12.0,0.558313
3003.0,13.0,0.461103
3003.0,14.0,0.318632
3003.0,15.0,0.478025
3003.0,16.0,0.509421
3003.0,17.0,0.130444
3003.0,18.0,0.289844
3003.0,19.0,1.0
3003.0,20.0,0.420757
3003.0,21.0,0.402351
3003.0,22.0,0.204991
3003.0,23.0,0.957891
3003.0,24.0,0.000555
3003.0,25.0,0.753091
3003.0,26.0,0.575967
3003.0,27.0,0.491809
3003.0,28.0,0.178777
3003.0,29.0,0.00981
3003.0,30.0,0.879553
3003.0,31.0,0.493306
3003.0,32.0,0.34902
3003.0,33.0,0.00213
3003.0,34.0,0.106204
3003.0,35.0,0.025172
3003.0,36.0,0.481841
3004.0,0.0,0.312199
3004.0,1.0,0.979287
3004.0,2.0,0.547978
3004.0,3.0,0.999262
3004.0,4.0,0.266443
3004.0,5.0,0.015048
3004.0,6.0,0.287681
3004.0,7.0,0.731141
3004.0,8.0,0.548962
3004.0,9.0,0.549787
3004.0,10.0,0.57683
3004.0,11.0,0.721744
3004.0,12.0,0.595346
3004.0,13.0,0.473649
3004.0,14.0,0.319994
3004.0,15.0,0.489699
3004.0,16.0,0.51853
3004.0,17.0,0.133695
3004.0,18.0,0.294944
3004.0,19.0,1.0
3004.0,20.0,0.425313
3004.0,21.0,0.422194
3004.0,22.0,0.203283
3004.0,23.0,0.958597
3004.0,24.0,0.000526
3004.0,25.0,0.763134
3004.0,26.0,0.618037
3004.0,27.0,0.494673
3004.0,28.0,0.180235
3004.0,29.0,0.009989
3004.0,30.0,0.880137
3004.0,31.0,0.496527
3004.0,32.0,0.350914
3004.0,33.0,0.002177
3004.0,34.0,0.105288
3004.0,35.0,0.025419
3004.0,36.0,0.484184
3005.0,0.0,0.3134
3005.0,1.0,0.979713
3005.0,2.0,0.561629
3005.0,3.0,0.999256
3005.0,4.0,0.271256
3005.0,5.0,0.015127
3005.0,6.0,0.292497
3005.0,7.0,0.739575
3005.0,8.0,0.550715
3005.0,9.0,0.552691
3005.0,10.0,0.57975
3005.0,11.0,0.722624
3005.0,12.0,0.630981
3005.0,13.0,0.486026
3005.0,14.0,0.322391
3005.0,15.0,0.500433
3005.0,16.0,0.528837
3005.0,17.0,0.136077
3005.0,18.0,0.300517
3005.0,19.0,1.0
3005.0,20.0,0.429912
3005.0,21.0,0.441003
3005.0,22.0,0.202328
3005.0,23.0,0.958875
3005.0,24.0,0.000543
3005.0,25.0,0.772409
3005.0,26.0,0.653913
3005.0,27.0,0.496723
3005.0,28.0,0.181934
3005.0,29.0,0.010205
3005.0,30.0,0.880772
3005.0,31.0,0.500791
3005.0,32.0,0.351704
3005.0,33.0,0.002218
3005.0,34.0,0.105518
3005.0,35.0,0.025841
3005.0,36.0,0.48564
3006.0,0.0,0.311146
3006.0,1.0,0.979394
3006.0,2.0,0.547289
3006.0,3.0,0.999269
3006.0,4.0,0.266332
3006.0,5.0,0.015022
3006.0,6.0,0.28728
3006.0,7.0,0.730147
3006.0,8.0,0.548602
3006.0,9.0,0.549251
3006.0,10.0,0.576574
3006.0,11.0,0.720887
3006.0,12.0,0.585673
3006.0,13.0,0.471087
3006.0,14.0,0.320661
3006.0,15.0,0.487148
3006.0,16.0,0.516442
3006.0,17.0,0.132897
3006.0,18.0,0.294799
3006.0,19.0,1.0
3006.0,20.0,0.42412
3006.0,21.0,0.416359
3006.0,22.0,0.204786
3006.0,23.0,0.958256
3006.0,24.0,0.000494
3006.0,25.0,0.762076
3006.0,26.0,0.608846
3006.0,27.0,0.493327
3006.0,28.0,0.179456
3006.0,29.0,0.010087
3006.0,30.0,0.880468
3006.0,31.0,0.497267
3006.0,32.0,0.350708
3006.0,33.0,0.002108
3006.0,34.0,0.105882
3006.0,35.0,0.025232
3006.0,36.0,0.482946
3007.0,0.0,0.309225
3007.0,1.0,0.97906
3007.0,2.0,0.534609
3007.0,3.0,0.999271
3007.0,4.0,0.261181
3007.0,5.0,0.014799
3007.0,6.0,0.28277
3007.0,7.0,0.720858
3007.0,8.0,0.547239
3007.0,9.0,0.545533
3007.0,10.0,0.573784
3007.0,11.0,0.718958
3007.0,12.0,0.542822
3007.0,13.0,0.458247
3007.0,14.0,0.319247
3007.0,15.0,0.474349
3007.0,16.0,0.505687
3007.0,17.0,0.130079
3007.0,18.0,0.28905
3007.0,19.0,1.0
3007.0,20.0,0.418545
3007.0,21.0,0.394488
3007.0,22.0,0.206641
3007.0,23.0,0.957727
3007.0,24.0,0.00046
3007.0,25.0,0.751911
3007.0,26.0,0.562025
3007.0,27.0,0.490049
3007.0,28.0,0.176951
3007.0,29.0,0.010055
3007.0,30.0,0.880231
3007.0,31.0,0.493166
3007.0,32.0,0.3486
3007.0,33.0,0.002099
3007.0,34.0,0.107246
3007.0,35.0,0.024553
3007.0,36.0,0.48073
3008.0,0.0,0.307321
3008.0,1.0,0.978584
3008.0,2.0,0.520774
3008.0,3.0,0.999278
3008.0,4.0,0.257093
3008.0,5.0,0.01462
3008.0,6.0,0.277532
3008.0,7.0,0.711411
3008.0,8.0,0.546136
3008.0,9.0,0.542968
3008.0,10.0,0.571236
3008.0,11.0,0.718316
3008.0,12.0,0.502217
3008.0,13.0,0.445101
3008.0,14.0,0.317812
3008.0,15.0,0.462637
3008.0,16.0,0.494979
3008.0,17.0,0.127695
3008.0,18.0,0.284372
3008.0,19.0,1.0
3008.0,20.0,0.4142
3008.0,21.0,0.374394
3008.0,22.0,0.208793
3008.0,23.0,0.95695
3008.0,24.0,0.000457
3008.0,25.0,0.740965
3008.0,26.0,0.514376
3008.0,27.0,0.486125
3008.0,28.0,0.174687
3008.0,29.0,0.009955
3008.0,30.0,0.879853
3008.0,31.0,0.489503
3008.0,32.0,0.347239
3008.0,33.0,0.002017
3008.0,34.0,0.107952
3008.0,35.0,0.024207
3008.0,36.0,0.479343
3009.0,0.0,0.305754
3009.0,1.0,0.978401
3009.0,2.0,0.508101
3009.0,3.0,0.999234
3009.0,4.0,0.252685
3009.0,5.0,0.014434
3009.0,6.0,0.272847
3009.0,7.0,0.701656
3009.0,8.0,0.545494
3009.0,9.0,0.540594
3009.0,10.0,0.569049
3009.0,11.0,0.71809
3009.0,12.0,0.464227
3009.0,13.0,0.432416
3009.0,14.0,0.316665
3009.0,15.0,0.451783
3009.0,16.0,0.486195
3009.0,17.0,0.124663
3009.0,18.0,0.27904
3009.0,19.0,1.0
3009.0,20.0,0.409117
3009.0,21.0,0.356439
3009.0,22.0,0.209862
3009.0,23.0,0.956365
3009.0,24.0,0.000469
3009.0,25.0,0.730071
3009.0,26.0,0.465743
3009.0,27.0,0.482923
3009.0,28.0,0.172216
3009.0,29.0,0.009731
3009.0,30.0,0.879818
3009.0,31.0,0.486621
3009.0,32.0,0.346277
3009.0,33.0,0.001989
3009.0,34.0,0.108387
3009.0,35.0,0.023581
3009.0,36.0,0.477518
3010.0,0.0,0.304429
3010.0,1.0,0.977802
3010.0,2.0,0.496515
3010.0,3.0,0.999231
3010.0,4.0,0.248128
3010.0,5.0,0.014441
3010.0,6.0,0.268898
3010.0,7.0,0.693151
3010.0,8.0,0.543774
3010.0,9.0,0.537925
3010.0,10.0,0.566205
3010.0,11.0,0.717138
3010.0,12.0,0.430311
3010.0,13.0,0.420771
3010.0,14.0,0.31498
3010.0,15.0,0.441053
3010.0,16.0,0.476478
3010.0,17.0,0.121839
3010.0,18.0,0.273795
3010.0,19.0,1.0
3010.0,20.0,0.40458
3010.0,21.0,0.33929
3010.0,22.0,0.211377
3010.0,23.0,0.955846
3010.0,24.0,0.000471
3010.0,25.0,0.719592
3010.0,26.0,0.418641
3010.0,27.0,0.480949
3010.0,28.0,0.169919
3010.0,29.0,0.009718
3010.0,30.0,0.879359
3010.0,31.0,0.482016
3010.0,32.0,0.344465
3010.0,33.0,0.001954
3010.0,34.0,0.108683
3010.0,35.0,0.023208
3010.0,36.0,0.475546
4000.0,0.0,0.31454
4000.0,1.0,0.985751
4000.0,2.0,0.497995
4000.0,3.0,1.0
4000.0,4.0,0.228866
4000.0,5.0,0.004098
4000.0,6.0,0.263117
4000.0,7.0,0.69469
4000.0,8.0,0.553171
4000.0,9.0,0.550734
4000.0,10.0,0.591597
4000.0,11.0,0.756797
4000.0,12.0,0.430803
4000.0,13.0,0.424053
4000.0,14.0,0.315104
4000.0,15.0,0.438044
4000.0,16.0,0.479082
4000.0,17.0,0.120386
4000.0,18.0,0.270747
4000.0,19.0,1.0
4000.0,20.0,0.387225
4000.0,21.0,0.342191
4000.0,22.0,0.207124
4000.0,23.0,0.972266
4000.0,24.0,0.0
4000.0,25.0,0.7188
4000.0,26.0,0.418082
4000.0,27.0,0.481331
4000.0,28.0,0.173288
4000.0,29.0,0.009546
4000.0,30.0,0.899143
4000.0,31.0,0.495347
4000.0,32.0,0.351829
4000.0,33.0,0.00049
4000.0,34.0,0.099153
4000.0,35.0,0.024773
4000.0,36.0,0.467028
4001.0,0.0,0.315916
4001.0,1.0,0.986243
4001.0,2.0,0.512087
4001.0,3.0,1.0
4001.0,4.0,0.232217
4001.0,5.0,0.004205
4001.0,6.0,0.267926
4001.0,7.0,0.705057
4001.0,8.0,0.554599
4001.0,9.0,0.553457
4001.0,10.0,0.595011
4001.0,11.0,0.757821
4001.0,12.0,0.474707
4001.0,13.0,0.438695
4001.0,14.0,0.317381
4001.0,15.0,0.451557
4001.0,16.0,0.490781
4001.0,17.0,0.12358
4001.0,18.0,0.275758
4001.0,19.0,1.0
4001.0,20.0,0.392167
4001.0,21.0,0.364401
4001.0,22.0,0.205048
4001.0,23.0,0.972715
4001.0,24.0,0.0
4001.0,25.0,0.731663
4001.0,26.0,0.476525
4001.0,27.0,0.483714
4001.0,28.0,0.175258
4001.0,29.0,0.009491
4001.0,30.0,0.89973
4001.0,31.0,0.500104
4001.0,32.0,0.354197
4001.0,33.0,0.000533
4001.0,34.0,0.097122
4001.0,35.0,0.024972
4001.0,36.0,0.46881
4002.0,0.0,0.316835
4002.0,1.0,0.986653
4002.0,2.0,0.525992
4002.0,3.0,1.0
4002.0,4.0,0.23631
4002.0,5.0,0.004165
4002.0,6.0,0.273176
4002.0,7.0,0.714431
4002.0,8.0,0.555054
4002.0,9.0,0.555758
4002.0,10.0,0.597311
4002.0,11.0,0.758786
4002.0,12.0,0.516629
4002.0,13.0,0.452112
4002.0,14.0,0.31885
4002.0,15.0,0.464245
4002.0,16.0,0.500725
4002.0,17.0,0.126209
4002.0,18.0,0.281423
4002.0,19.0,1.0
4002.0,20.0,0.397318
4002.0,21.0,0.385489
4002.0,22.0,0.203817
4002.0,23.0,0.972823
4002.0,24.0,0.0
4002.0,25.0,0.742793
4002.0,26.0,0.528521
4002.0,27.0,0.487106
4002.0,28.0,0.178128
4002.0,29.0,0.009882
4002.0,30.0,0.900417
4002.0,31.0,0.504296
4002.0,32.0,0.356534
4002.0,33.0,0.000577
4002.0,34.0,0.095799
4002.0,35.0,0.025318
4002.0,36.0,0.470482
4003.0,0.0,0.31851
4003.0,1.0,0.986891
4003.0,2.0,0.540075
4003.0,3.0,1.0
4003.0,4.0,0.239814
4003.0,5.0,0.004205
4003.0,6.0,0.278447
4003.0,7.0,0.723271
4003.0,8.0,0.555715
4003.0,9.0,0.558609
4003.0,10.0,0.600862
4003.0,11.0,0.759444
4003.0,12.0,0.55696
4003.0,13.0,0.465531
4003.0,14.0,0.320442
4003.0,15.0,0.476731
4003.0,16.0,0.511328
4003.0,17.0,0.130086
4003.0,18.0,0.286575
4003.0,19.0,1.0
4003.0,20.0,0.401756
4003.0,21.0,0.405818
4003.0,22.0,0.201716
4003.0,23.0,0.973353
4003.0,24.0,0.0
4003.0,25.0,0.753043
4003.0,26.0,0.574302
4003.0,27.0,0.489929
4003.0,28.0,0.18039
4003.0,29.0,0.010123
4003.0,30.0,0.901109
4003.0,31.0,0.507456
4003.0,32.0,0.357991
4003.0,33.0,0.000596
4003.0,34.0,0.094578
4003.0,35.0,0.025387
4003.0,36.0,0.472954
4004.0,0.0,0.320926
4004.0,1.0,0.986944
4004.0,2.0,0.553647
4004.0,3.0,1.0
4004.0,4.0,0.244046
4004.0,5.0,0.004306
4004.0,6.0,0.282816
4004.0,7.0,0.732037
4004.0,8.0,0.55711
4004.0,9.0,0.561609
4004.0,10.0,0.6038
4004.0,11.0,0.761167
4004.0,12.0,0.594725
4004.0,13.0,0.479081
4004.0,14.0,0.321261
4004.0,15.0,0.488314
4004.0,16.0,0.520914
4004.0,17.0,0.133012
4004.0,18.0,0.291775
4004.0,19.0,1.0
4004.0,20.0,0.407578
4004.0,21.0,0.425026
4004.0,22.0,0.199562
4004.0,23.0,0.973764
4004.0,24.0,0.0
4004.0,25.0,0.762815
4004.0,26.0,0.616262
4004.0,27.0,0.493042
4004.0,28.0,0.18241
4004.0,29.0,0.01036
4004.0,30.0,0.901517
4004.0,31.0,0.510772
4004.0,32.0,0.360052
4004.0,33.0,0.000638
4004.0,34.0,0.093217
4004.0,35.0,0.025952
4004.0,36.0,0.475004
4005.0,0.0,0.323343
4005.0,1.0,0.987027
4005.0,2.0,0.566374
4005.0,3.0,1.0
4005.0,4.0,0.247591
4005.0,5.0,0.004313
4005.0,6.0,0.2882
4005.0,7.0,0.740896
4005.0,8.0,0.558556
4005.0,9.0,0.564176
4005.0,10.0,0.606404
4005.0,11.0,0.761615
4005.0,12.0,0.631095
4005.0,13.0,0.49146
4005.0,14.0,0.322701
4005.0,15.0,0.499288
4005.0,16.0,0.530135
4005.0,17.0,0.13645
4005.0,18.0,0.297221
4005.0,19.0,1.0
4005.0,20.0,0.412151
4005.0,21.0,0.443991
4005.0,22.0,0.198126
4005.0,23.0,0.974109
4005.0,24.0,0.0
4005.0,25.0,0.771383
4005.0,26.0,0.652225
4005.0,27.0,0.494484
4005.0,28.0,0.184222
4005.0,29.0,0.010473
4005.0,30.0,0.902159
4005.0,31.0,0.514096
4005.0,32.0,0.361272
4005.0,33.0,0.000647
4005.0,34.0,0.092302
4005.0,35.0,0.025904
4005.0,36.0,0.477496
4006.0,0.0,0.321169
4006.0,1.0,0.986771
4006.0,2.0,0.552344
4006.0,3.0,1.0
4006.0,4.0,0.243881
4006.0,5.0,0.004314
4006.0,6.0,0.282728
4006.0,7.0,0.730685
4006.0,8.0,0.557313
4006.0,9.0,0.561973
4006.0,10.0,0.602497
4006.0,11.0,0.760965
4006.0,12.0,0.585565
4006.0,13.0,0.477188
4006.0,14.0,0.321288
4006.0,15.0,0.485502
4006.0,16.0,0.519689
4006.0,17.0,0.133399
4006.0,18.0,0.29117
4006.0,19.0,1.0
4006.0,20.0,0.407363
4006.0,21.0,0.420259
4006.0,22.0,0.201484
4006.0,23.0,0.973709
4006.0,24.0,0.0
4006.0,25.0,0.761514
4006.0,26.0,0.606287
4006.0,27.0,0.490834
4006.0,28.0,0.181936
4006.0,29.0,0.010336
4006.0,30.0,0.901614
4006.0,31.0,0.510464
4006.0,32.0,0.35971
4006.0,33.0,0.000627
4006.0,34.0,0.093652
4006.0,35.0,0.025469
4006.0,36.0,0.476095
4007.0,0.0,0.319545
4007.0,1.0,0.986668
4007.0,2.0,0.538989
4007.0,3.0,1.0
4007.0,4.0,0.240486
4007.0,5.0,0.004325
4007.0,6.0,0.277471
4007.0,7.0,0.721537
4007.0,8.0,0.557001
4007.0,9.0,0.559965
4007.0,10.0,0.599288
4007.0,11.0,0.759701
4007.0,12.0,0.54222
4007.0,13.0,0.463339
4007.0,14.0,0.319511
4007.0,15.0,0.472249
4007.0,16.0,0.508873
4007.0,17.0,0.130548
4007.0,18.0,0.285584
4007.0,19.0,1.0
4007.0,20.0,0.402333
4007.0,21.0,0.397782
4007.0,22.0,0.203302
4007.0,23.0,0.973647
4007.0,24.0,0.0
4007.0,25.0,0.751833
4007.0,26.0,0.559981
4007.0,27.0,0.487495
4007.0,28.0,0.179849
4007.0,29.0,0.010294
4007.0,30.0,0.901267
4007.0,31.0,0.507404
4007.0,32.0,0.358239
4007.0,33.0,0.000628
4007.0,34.0,0.094646
4007.0,35.0,0.025265
4007.0,36.0,0.473923
4008.0,0.0,0.318026
4008.0,1.0,0.986533
4008.0,2.0,0.525422
4008.0,3.0,1.0
4008.0,4.0,0.2365
4008.0,5.0,0.004377
4008.0,6.0,0.273143
4008.0,7.0,0.713494
4008.0,8.0,0.555905
4008.0,9.0,0.557753
4008.0,10.0,0.596658
4008.0,11.0,0.758679
4008.0,12.0,0.50254
4008.0,13.0,0.449627
4008.0,14.0,0.317719
4008.0,15.0,0.460216
4008.0,16.0,0.498842
4008.0,17.0,0.128124
4008.0,18.0,0.280617
4008.0,19.0,1.0
4008.0,20.0,0.397242
4008.0,21.0,0.378285
4008.0,22.0,0.205363
4008.0,23.0,0.973351
4008.0,24.0,0.0
4008.0,25.0,0.741615
4008.0,26.0,0.512596
4008.0,27.0,0.484698
4008.0,28.0,0.178116
4008.0,29.0,0.010136
4008.0,30.0,0.901403
4008.0,31.0,0.504722
4008.0,32.0,0.356349
4008.0,33.0,0.000637
4008.0,34.0,0.09565
4008.0,35.0,0.024969
4008.0,36.0,0.472444
4009.0,0.0,0.31588
4009.0,1.0,0.986526
4009.0,2.0,0.512196
4009.0,3.0,1.0
4009.0,4.0,0.233445
4009.0,5.0,0.004294
4009.0,6.0,0.26877
4009.0,7.0,0.703614
4009.0,8.0,0.554622
4009.0,9.0,0.555588
4009.0,10.0,0.593531
4009.0,11.0,0.757081
4009.0,12.0,0.465552
4009.0,13.0,0.437048
4009.0,14.0,0.316844
4009.0,15.0,0.449807
4009.0,16.0,0.489214
4009.0,17.0,0.125543
4009.0,18.0,0.275428
4009.0,19.0,1.0
4009.0,20.0,0.392908
4009.0,21.0,0.359715
4009.0,22.0,0.207019
4009.0,23.0,0.972604
4009.0,24.0,0.0
4009.0,25.0,0.730639
4009.0,26.0,0.465393
4009.0,27.0,0.482482
4009.0,28.0,0.175976
4009.0,29.0,0.009889
4009.0,30.0,0.901281
4009.0,31.0,0.501164
4009.0,32.0,0.355032
4009.0,33.0,0.000646
4009.0,34.0,0.097011
4009.0,35.0,0.02487
4009.0,36.0,0.471513
4010.0,0.0,0.314641
4010.0,1.0,0.986215
4010.0,2.0,0.499546
4010.0,3.0,1.0
4010.0,4.0,0.230208
4010.0,5.0,0.004215
4010.0,6.0,0.264857
4010.0,7.0,0.695794
4010.0,8.0,0.553458
4010.0,9.0,0.553054
4010.0,10.0,0.592146
4010.0,11.0,0.755799
4010.0,12.0,0.431795
4010.0,13.0,0.425074
4010.0,14.0,0.315443
4010.0,15.0,0.439421
4010.0,16.0,0.480013
4010.0,17.0,0.123061
4010.0,18.0,0.270256
4010.0,19.0,1.0
4010.0,20.0,0.388728
4010.0,21.0,0.342711
4010.0,22.0,0.208466
4010.0,23.0,0.972334
4010.0,24.0,0.0
4010.0,25.0,0.719684
4010.0,26.0,0.418795
4010.0,27.0,0.47956
4010.0,28.0,0.174055
4010.0,29.0,0.009765
4010.0,30.0,0.900828
4010.0,31.0,0.497896
4010.0,32.0,0.353955
4010.0,33.0,0.000617
4010.0,34.0,0.097455
4010.0,35.0,0.024608
4010.0,36.0,0.470041
5000.0,0.0,0.317439
5000.0,1.0,0.990095
5000.0,2.0,0.497593
5000.0,3.0,1.0
5000.0,4.0,0.235169
5000.0,5.0,0.00147
5000.0,6.0,0.262517
5000.0,7.0,0.697079
5000.0,8.0,0.594906
5000.0,9.0,0.538069
5000.0,10.0,0.598439
5000.0,11.0,0.772167
5000.0,12.0,0.43067
5000.0,13.0,0.421676
5000.0,14.0,0.307856
5000.0,15.0,0.448173
5000.0,16.0,0.476432
5000.0,17.0,0.125197
5000.0,18.0,0.27314
5000.0,19.0,1.0
5000.0,20.0,0.408371
5000.0,21.0,0.341135
5000.0,22.0,0.21202
5000.0,23.0,0.985296
5000.0,24.0,0.0
5000.0,25.0,0.717406
5000.0,26.0,0.417137
5000.0,27.0,0.479398
5000.0,28.0,0.175418
5000.0,29.0,0.002939
5000.0,30.0,0.902698
5000.0,31.0,0.490032
5000.0,32.0,0.36209
5000.0,33.0,0.000269
5000.0,34.0,0.072283
5000.0,35.0,0.027089
5000.0,36.0,0.484884
5001.0,0.0,0.319558
5001.0,1.0,0.990255
5001.0,2.0,0.511712
5001.0,3.0,1.0
5001.0,4.0,0.238736
5001.0,5.0,0.001458
5001.0,6.0,0.267556
5001.0,7.0,0.708257
5001.0,8.0,0.596252
5001.0,9.0,0.54078
5001.0,10.0,0.601257
5001.0,11.0,0.773942
5001.0,12.0,0.474992
5001.0,13.0,0.43549
5001.0,14.0,0.310608
5001.0,15.0,0.461007
5001.0,16.0,0.487619
5001.0,17.0,0.128057
5001.0,18.0,0.278743
5001.0,19.0,1.0
5001.0,20.0,0.413649
5001.0,21.0,0.362825
5001.0,22.0,0.209929
5001.0,23.0,0.985514
5001.0,24.0,0.0
5001.0,25.0,0.730394
5001.0,26.0,0.477125
5001.0,27.0,0.482751
5001.0,28.0,0.176725
5001.0,29.0,0.003068
5001.0,30.0,0.902753
5001.0,31.0,0.494018
5001.0,32.0,0.363431
5001.0,33.0,0.000274
5001.0,34.0,0.071729
5001.0,35.0,0.027406
5001.0,36.0,0.487135
5002.0,0.0,0.321727
5002.0,1.0,0.990473
5002.0,2.0,0.525224
5002.0,3.0,1.0
5002.0,4.0,0.242898
5002.0,5.0,0.001486
5002.0,6.0,0.272361
5002.0,7.0,0.718043
5002.0,8.0,0.597076
5002.0,9.0,0.544032
5002.0,10.0,0.604393
5002.0,11.0,0.775644
5002.0,12.0,0.517922
5002.0,13.0,0.44868
5002.0,14.0,0.312792
5002.0,15.0,0.473329
5002.0,16.0,0.498193
5002.0,17.0,0.130759
5002.0,18.0,0.283624
5002.0,19.0,1.0
5002.0,20.0,0.418176
5002.0,21.0,0.383166
5002.0,22.0,0.208351
5002.0,23.0,0.985867
5002.0,24.0,0.0
5002.0,25.0,0.742507
5002.0,26.0,0.531304
5002.0,27.0,0.486323
5002.0,28.0,0.179107
5002.0,29.0,0.003097
5002.0,30.0,0.903031
5002.0,31.0,0.497493
5002.0,32.0,0.364472
5002.0,33.0,0.000292
5002.0,34.0,0.071847
5002.0,35.0,0.027875
5002.0,36.0,0.489364
5003.0,0.0,0.323362
5003.0,1.0,0.990645
5003.0,2.0,0.539146
5003.0,3.0,1.0
5003.0,4.0,0.246464
5003.0,5.0,0.001536
5003.0,6.0,0.27694
5003.0,7.0,0.726482
5003.0,8.0,0.597766
5003.0,9.0,0.545497
5003.0,10.0,0.607085
5003.0,11.0,0.776823
5003.0,12.0,0.558792
5003.0,13.0,0.461735
5003.0,14.0,0.314722
5003.0,15.0,0.485283
5003.0,16.0,0.509074
5003.0,17.0,0.133774
5003.0,18.0,0.288045
5003.0,19.0,1.0
5003.0,20.0,0.424054
5003.0,21.0,0.403444
5003.0,22.0,0.207734
5003.0,23.0,0.985875
5003.0,24.0,0.0
5003.0,25.0,0.753026
5003.0,26.0,0.578151
5003.0,27.0,0.488986
5003.0,28.0,0.18118
5003.0,29.0,0.003081
5003.0,30.0,0.903001
5003.0,31.0,0.501492
5003.0,32.0,0.366409
5003.0,33.0,0.000262
5003.0,34.0,0.071934
5003.0,35.0,0.02837
5003.0,36.0,0.490549
5004.0,0.0,0.325733
5004.0,1.0,0.990735
5004.0,2.0,0.552228
5004.0,3.0,1.0
5004.0,4.0,0.250299
5004.0,5.0,0.001594
5004.0,6.0,0.28159
5004.0,7.0,0.735272
5004.0,8.0,0.599171
5004.0,9.0,0.547406
5004.0,10.0,0.609925
5004.0,11.0,0.777492
5004.0,12.0,0.597942
5004.0,13.0,0.47432
5004.0,14.0,0.315963
5004.0,15.0,0.495664
5004.0,16.0,0.519444
5004.0,17.0,0.136498
5004.0,18.0,0.293257
5004.0,19.0,1.0
5004.0,20.0,0.42876
5004.0,21.0,0.423702
5004.0,22.0,0.206308
5004.0,23.0,0.986024
5004.0,24.0,0.0
5004.0,25.0,0.761652
5004.0,26.0,0.619632
5004.0,27.0,0.491638
5004.0,28.0,0.183042
5004.0,29.0,0.003003
5004.0,30.0,0.902756
5004.0,31.0,0.504765
5004.0,32.0,0.367389
5004.0,33.0,0.000264
5004.0,34.0,0.071989
5004.0,35.0,0.028665
5004.0,36.0,0.492653
5005.0,0.0,0.327844
5005.0,1.0,0.990831
5005.0,2.0,0.565775
5005.0,3.0,1.0
5005.0,4.0,0.254595
5005.0,5.0,0.001532
5005.0,6.0,0.28554
5005.0,7.0,0.74362
5005.0,8.0,0.600764
5005.0,9.0,0.549675
5005.0,10.0,0.612378
5005.0,11.0,0.778429
5005.0,12.0,0.63405
5005.0,13.0,0.48688
5005.0,14.0,0.318086
5005.0,15.0,0.50723
5005.0,16.0,0.5288
5005.0,17.0,0.139179
5005.0,18.0,0.298527
5005.0,19.0,1.0
5005.0,20.0,0.434975
5005.0,21.0,0.443336
5005.0,22.0,0.204999
5005.0,23.0,0.986418
5005.0,24.0,0.0
5005.0,25.0,0.770282
5005.0,26.0,0.655491
5005.0,27.0,0.495718
5005.0,28.0,0.184558
5005.0,29.0,0.00301
5005.0,30.0,0.903082
5005.0,31.0,0.507792
5005.0,32.0,0.368958
5005.0,33.0,0.000234
5005.0,34.0,0.072434
5005.0,35.0,0.029063
5005.0,36.0,0.494366
5006.0,0.0,0.325916
5006.0,1.0,0.990602
5006.0,2.0,0.550665
5006.0,3.0,1.0
5006.0,4.0,0.250834
5006.0,5.0,0.001545
5006.0,6.0,0.280637
5006.0,7.0,0.734194
5006.0,8.0,0.599675
5006.0,9.0,0.547636
5006.0,10.0,0.609993
5006.0,11.0,0.778313
5006.0,12.0,0.587627
5006.0,13.0,0.472632
5006.0,14.0,0.315597
5006.0,15.0,0.493439
5006.0,16.0,0.51776
5006.0,17.0,0.135817
5006.0,18.0,0.292947
5006.0,19.0,1.0
5006.0,20.0,0.429312
5006.0,21.0,0.419335
5006.0,22.0,0.207221
5006.0,23.0,0.986183
5006.0,24.0,0.0
5006.0,25.0,0.760587
5006.0,26.0,0.610068
5006.0,27.0,0.49262
5006.0,28.0,0.182317
5006.0,29.0,0.002905
5006.0,30.0,0.902487
5006.0,31.0,0.503579
5006.0,32.0,0.3674
5006.0,33.0,0.00024
5006.0,34.0,0.072007
5006.0,35.0,0.028655
5006.0,36.0,0.492083
5007.0,0.0,0.324623
5007.0,1.0,0.990471
5007.0,2.0,0.53636
5007.0,3.0,1.0
5007.0,4.0,0.247468
5007.0,5.0,0.001606
5007.0,6.0,0.27537
5007.0,7.0,0.724922
5007.0,8.0,0.598381
5007.0,9.0,0.54465
5007.0,10.0,0.607413
5007.0,11.0,0.777787
5007.0,12.0,0.544469
5007.0,13.0,0.45871
5007.0,14.0,0.314578
5007.0,15.0,0.481259
5007.0,16.0,0.507461
5007.0,17.0,0.132788
5007.0,18.0,0.287325
5007.0,19.0,1.0
5007.0,20.0,0.423544
5007.0,21.0,0.396455
5007.0,22.0,0.209131
5007.0,23.0,0.985838
5007.0,24.0,0.0
5007.0,25.0,0.751163
5007.0,26.0,0.563162
5007.0,27.0,0.490374
5007.0,28.0,0.180229
5007.0,29.0,0.002858
5007.0,30.0,0.902526
5007.0,31.0,0.499501
5007.0,32.0,0.365592
5007.0,33.0,0.000223
5007.0,34.0,0.071687
5007.0,35.0,0.028045
5007.0,36.0,0.490442
5008.0,0.0,0.32326
5008.0,1.0,0.990258
5008.0,2.0,0.521823
5008.0,3.0,1.0
5008.0,4.0,0.244202
5008.0,5.0,0.001645
5008.0,6.0,0.270547
5008.0,7.0,0.715278
5008.0,8.0,0.596199
5008.0,9.0,0.542169
5008.0,10.0,0.604026
5008.0,11.0,0.776962
5008.0,12.0,0.503472
5008.0,13.0,0.445054
5008.0,14.0,0.313699
5008.0,15.0,0.4703
5008.0,16.0,0.49763
5008.0,17.0,0.129129
5008.0,18.0,0.281299
5008.0,19.0,1.0
5008.0,20.0,0.419047
5008.0,21.0,0.376316
5008.0,22.0,0.2104
5008.0,23.0,0.985629
5008.0,24.0,0.0
5008.0,25.0,0.740388
5008.0,26.0,0.514703
5008.0,27.0,0.487947
5008.0,28.0,0.17837
5008.0,29.0,0.002801
5008.0,30.0,0.902116
5008.0,31.0,0.495743
5008.0,32.0,0.364184
5008.0,33.0,0.000249
5008.0,34.0,0.071956
5008.0,35.0,0.027518
5008.0,36.0,0.488832
5009.0,0.0,0.321502
5009.0,1.0,0.990016
5009.0,2.0,0.509441
5009.0,3.0,1.0
5009.0,4.0,0.24105
5009.0,5.0,0.001616
5009.0,6.0,0.266192
5009.0,7.0,0.706332
5009.0,8.0,0.594327
5009.0,9.0,0.540113
5009.0,10.0,0.602084
5009.0,11.0,0.776358
5009.0,12.0,0.466209
5009.0,13.0,0.432746
5009.0,14.0,0.312506
5009.0,15.0,0.459358
5009.0,16.0,0.48845
5009.0,17.0,0.126576
5009.0,18.0,0.275568
5009.0,19.0,1.0
5009.0,20.0,0.41461
5009.0,21.0,0.358146
5009.0,22.0,0.211248
5009.0,23.0,0.985569
5009.0,24.0,0.0
5009.0,25.0,0.729361
5009.0,26.0,0.467458
5009.0,27.0,0.484854
5009.0,28.0,0.17622
5009.0,29.0,0.002801
5009.0,30.0,0.901923
5009.0,31.0,0.492632
5009.0,32.0,0.362978
5009.0,33.0,0.000257
5009.0,34.0,0.071653
5009.0,35.0,0.027286
5009.0,36.0,0.487704
5010.0,0.0,0.320178
5010.0,1.0,0.989905
5010.0,2.0,0.496636
5010.0,3.0,1.0
5010.0,4.0,0.237957
5010.0,5.0,0.00158
5010.0,6.0,0.262819
5010.0,7.0,0.697921
5010.0,8.0,0.592791
5010.0,9.0,0.537875
5010.0,10.0,0.599654
5010.0,11.0,0.774864
5010.0,12.0,0.430648
5010.0,13.0,0.420092
5010.0,14.0,0.311362
5010.0,15.0,0.448283
5010.0,16.0,0.478649
5010.0,17.0,0.12373
5010.0,18.0,0.270505
5010.0,19.0,1.0
5010.0,20.0,0.410136
5010.0,21.0,0.340803
5010.0,22.0,0.212467
5010.0,23.0,0.985335
5010.0,24.0,0.0
5010.0,25.0,0.718564
5010.0,26.0,0.42026
5010.0,27.0,0.481873
5010.0,28.0,0.173983
5010.0,29.0,0.002693
5010.0,30.0,0.902021
5010.0,31.0,0.48941
5010.0,32.0,0.361326
5010.0,33.0,0.000259
5010.0,34.0,0.071536
5010.0,35.0,0.026903
5010.0,36.0,0.485642
6000.0,0.0,0.322036
6000.0,1.0,0.994064
6000.0,2.0,0.495958
6000.0,3.0,1.0
6000.0,4.0,0.239896
6000.0,5.0,0.002422
6000.0,6.0,0.264044
6000.0,7.0,0.700215
6000.0,8.0,0.576155
6000.0,9.0,0.545119
6000.0,10.0,0.582861
6000.0,11.0,0.792742
6000.0,12.0,0.431183
6000.0,13.0,0.424306
6000.0,14.0,0.321697
6000.0,15.0,0.444835
6000.0,16.0,0.480785
6000.0,17.0,0.123465
6000.0,18.0,0.272565
6000.0,19.0,1.0
6000.0,20.0,0.400945
6000.0,21.0,0.341929
6000.0,22.0,0.217348
6000.0,23.0,0.990102
6000.0,24.0,0.0
6000.0,25.0,0.721073
6000.0,26.0,0.418506
6000.0,27.0,0.488176
6000.0,28.0,0.172288
6000.0,29.0,0.001253
6000.0,30.0,0.903289
6000.0,31.0,0.492965
6000.0,32.0,0.338863
6000.0,33.0,0.0
6000.0,34.0,0.065986
6000.0,35.0,0.023404
6000.0,36.0,0.478238
6001.0,0.0,0.324189
6001.0,1.0,0.994285
6001.0,2.0,0.510675
6001.0,3.0,1.0
6001.0,4.0,0.243942
6001.0,5.0,0.00247
6001.0,6.0,0.26857
6001.0,7.0,0.710356
6001.0,8.0,0.576175
6001.0,9.0,0.548199
6001.0,10.0,0.587319
6001.0,11.0,0.794306
6001.0,12.0,0.475016
6001.0,13.0,0.438328
6001.0,14.0,0.323376
6001.0,15.0,0.457907
6001.0,16.0,0.491916
6001.0,17.0,0.126018
6001.0,18.0,0.278103
6001.0,19.0,1.0
6001.0,20.0,0.405835
6001.0,21.0,0.36317
6001.0,22.0,0.214337
6001.0,23.0,0.990305
6001.0,24.0,0.0
6001.0,25.0,0.733618
6001.0,26.0,0.476991
6001.0,27.0,0.490882
6001.0,28.0,0.174284
6001.0,29.0,0.001293
6001.0,30.0,0.903265
6001.0,31.0,0.496318
6001.0,32.0,0.339855
6001.0,33.0,0.0
6001.0,34.0,0.065606
6001.0,35.0,0.02343
6001.0,36.0,0.479467
6002.0,0.0,0.326073
6002.0,1.0,0.994432
6002.0,2.0,0.524818
6002.0,3.0,1.0
6002.0,4.0,0.247704
6002.0,5.0,0.002553
6002.0,6.0,0.273402
6002.0,7.0,0.719791
6002.0,8.0,0.577593
6002.0,9.0,0.551005
6002.0,10.0,0.589274
6002.0,11.0,0.795728
6002.0,12.0,0.517615
6002.0,13.0,0.451942
6002.0,14.0,0.324908
6002.0,15.0,0.470266
6002.0,16.0,0.502873
6002.0,17.0,0.128507
6002.0,18.0,0.283349
6002.0,19.0,1.0
6002.0,20.0,0.411277
6002.0,21.0,0.383727
6002.0,22.0,0.211209
6002.0,23.0,0.990444
6002.0,24.0,0.0
6002.0,25.0,0.745198
6002.0,26.0,0.530457
6002.0,27.0,0.495011
6002.0,28.0,0.175973
6002.0,29.0,0.001314
6002.0,30.0,0.903311
6002.0,31.0,0.500638
6002.0,32.0,0.341491
6002.0,33.0,0.0
6002.0,34.0,0.065384
6002.0,35.0,0.023626
6002.0,36.0,0.481178
6003.0,0.0,0.327846
6003.0,1.0,0.994342
6003.0,2.0,0.538347
6003.0,3.0,1.0
6003.0,4.0,0.251069
6003.0,5.0,0.00261
6003.0,6.0,0.278143
6003.0,7.0,0.728029
6003.0,8.0,0.578237
6003.0,9.0,0.553155
6003.0,10.0,0.591811
6003.0,11.0,0.796812
6003.0,12.0,0.557975
6003.0,13.0,0.465505
6003.0,14.0,0.326562
6003.0,15.0,0.482622
6003.0,16.0,0.512824
6003.0,17.0,0.131213
6003.0,18.0,0.289252
6003.0,19.0,1.0
6003.0,20.0,0.41611
6003.0,21.0,0.403943
6003.0,22.0,0.207719
6003.0,23.0,0.990459
6003.0,24.0,0.0
6003.0,25.0,0.755525
6003.0,26.0,0.578189
6003.0,27.0,0.498118
6003.0,28.0,0.177734
6003.0,29.0,0.001294
6003.0,30.0,0.903347
6003.0,31.0,0.504417
6003.0,32.0,0.343098
6003.0,33.0,0.0
6003.0,34.0,0.065402
6003.0,35.0,0.024035
6003.0,36.0,0.482888
6004.0,0.0,0.329941
6004.0,1.0,0.994479
6004.0,2.0,0.552578
6004.0,3.0,1.0
6004.0,4.0,0.254781
6004.0,5.0,0.002604
6004.0,6.0,0.282562
6004.0,7.0,0.736507
6004.0,8.0,0.579192
6004.0,9.0,0.555322
6004.0,10.0,0.594976
6004.0,11.0,0.7975
6004.0,12.0,0.596485
6004.0,13.0,0.478557
6004.0,14.0,0.327689
6004.0,15.0,0.493922
6004.0,16.0,0.522967
6004.0,17.0,0.134276
6004.0,18.0,0.294359
6004.0,19.0,1.0
6004.0,20.0,0.420553
6004.0,21.0,0.42354
6004.0,22.0,0.204348
6004.0,23.0,0.990549
6004.0,24.0,0.0
6004.0,25.0,0.765072
6004.0,26.0,0.619258
6004.0,27.0,0.500836
6004.0,28.0,0.179741
6004.0,29.0,0.001336
6004.0,30.0,0.903327
6004.0,31.0,0.507403
6004.0,32.0,0.344724
6004.0,33.0,0.0
6004.0,34.0,0.065346
6004.0,35.0,0.024576
6004.0,36.0,0.483306
6005.0,0.0,0.332115
6005.0,1.0,0.99446
6005.0,2.0,0.564923
6005.0,3.0,1.0
6005.0,4.0,0.258577
6005.0,5.0,0.002693
6005.0,6.0,0.287061
6005.0,7.0,0.744356
6005.0,8.0,0.579602
6005.0,9.0,0.557754
6005.0,10.0,0.597542
6005.0,11.0,0.798525
6005.0,12.0,0.632378
6005.0,13.0,0.49147
6005.0,14.0,0.328898
6005.0,15.0,0.50493
6005.0,16.0,0.532038
6005.0,17.0,0.138107
6005.0,18.0,0.29963
6005.0,19.0,1.0
6005.0,20.0,0.425835
6005.0,21.0,0.442928
6005.0,22.0,0.201777
6005.0,23.0,0.990523
6005.0,24.0,0.0
6005.0,25.0,0.77366
6005.0,26.0,0.654918
6005.0,27.0,0.503341
6005.0,28.0,0.182221
6005.0,29.0,0.001328
6005.0,30.0,0.903546
6005.0,31.0,0.510952
6005.0,32.0,0.346583
6005.0,33.0,0.0
6005.0,34.0,0.065867
6005.0,35.0,0.024852
6005.0,36.0,0.485073
6006.0,0.0,0.330386
6006.0,1.0,0.99446
6006.0,2.0,0.551939
6006.0,3.0,1.0
6006.0,4.0,0.254151
6006.0,5.0,0.002671
6006.0,6.0,0.281458
6006.0,7.0,0.733821
6006.0,8.0,0.578505
6006.0,9.0,0.554239
6006.0,10.0,0.594193
6006.0,11.0,0.797865
6006.0,12.0,0.587252
6006.0,13.0,0.476685
6006.0,14.0,0.326886
6006.0,15.0,0.4914
6006.0,16.0,0.519841
6006.0,17.0,0.134958
6006.0,18.0,0.292528
6006.0,19.0,1.0
6006.0,20.0,0.420771
6006.0,21.0,0.418565
6006.0,22.0,0.205856
6006.0,23.0,0.990532
6006.0,24.0,0.0
6006.0,25.0,0.76451
6006.0,26.0,0.609372
6006.0,27.0,0.500054
6006.0,28.0,0.18047
6006.0,29.0,0.001239
6006.0,30.0,0.903783
6006.0,31.0,0.507315
6006.0,32.0,0.344587
6006.0,33.0,0.0
6006.0,34.0,0.06641
6006.0,35.0,0.024715
6006.0,36.0,0.483461
6007.0,0.0,0.327837
6007.0,1.0,0.994416
6007.0,2.0,0.537598
6007.0,3.0,1.0
6007.0,4.0,0.250124
6007.0,5.0,0.002611
6007.0,6.0,0.276015
6007.0,7.0,0.72385
6007.0,8.0,0.577799
6007.0,9.0,0.551274
6007.0,10.0,0.590953
6007.0,11.0,0.796169
6007.0,12.0,0.544131
6007.0,13.0,0.462602
6007.0,14.0,0.325316
6007.0,15.0,0.478534
6007.0,16.0,0.509803
6007.0,17.0,0.132049
6007.0,18.0,0.286835
6007.0,19.0,1.0
6007.0,20.0,0.415849
6007.0,21.0,0.396315
6007.0,22.0,0.209159
6007.0,23.0,0.990333
6007.0,24.0,0.0
6007.0,25.0,0.754234
6007.0,26.0,0.562809
6007.0,27.0,0.497438
6007.0,28.0,0.178704
6007.0,29.0,0.001222
6007.0,30.0,0.903618
6007.0,31.0,0.504051
6007.0,32.0,0.342882
6007.0,33.0,0.0
6007.0,34.0,0.066948
6007.0,35.0,0.024351
6007.0,36.0,0.481513
6008.0,0.0,0.326618
6008.0,1.0,0.994233
6008.0,2.0,0.523883
6008.0,3.0,1.0
6008.0,4.0,0.245743
6008.0,5.0,0.002631
6008.0,6.0,0.271458
6008.0,7.0,0.714942
6008.0,8.0,0.576948
6008.0,9.0,0.547426
6008.0,10.0,0.588811
6008.0,11.0,0.794993
6008.0,12.0,0.504001
6008.0,13.0,0.449452
6008.0,14.0,0.323989
6008.0,15.0,0.466233
6008.0,16.0,0.499308
6008.0,17.0,0.128793
6008.0,18.0,0.281667
6008.0,19.0,1.0
6008.0,20.0,0.411303
6008.0,21.0,0.376318
6008.0,22.0,0.212411
6008.0,23.0,0.99011
6008.0,24.0,0.0
6008.0,25.0,0.744454
6008.0,26.0,0.514841
6008.0,27.0,0.494582
6008.0,28.0,0.17712
6008.0,29.0,0.00122
6008.0,30.0,0.904142
6008.0,31.0,0.500392
6008.0,32.0,0.342264
6008.0,33.0,0.0
6008.0,34.0,0.066976
6008.0,35.0,0.023879
6008.0,36.0,0.479983
6009.0,0.0,0.325339
6009.0,1.0,0.994298
6009.0,2.0,0.511048
6009.0,3.0,1.0
6009.0,4.0,0.242404
6009.0,5.0,0.002545
6009.0,6.0,0.26752
6009.0,7.0,0.706595
6009.0,8.0,0.576278
6009.0,9.0,0.544098
6009.0,10.0,0.586046
6009.0,11.0,0.794222
6009.0,12.0,0.466618
6009.0,13.0,0.436321
6009.0,14.0,0.322166
6009.0,15.0,0.454725
6009.0,16.0,0.489015
6009.0,17.0,0.12588
6009.0,18.0,0.276342
6009.0,19.0,1.0
6009.0,20.0,0.407522
6009.0,21.0,0.357674
6009.0,22.0,0.215202
6009.0,23.0,0.990161
6009.0,24.0,0.0
6009.0,25.0,0.734131
6009.0,26.0,0.466233
6009.0,27.0,0.492046
6009.0,28.0,0.17481
6009.0,29.0,0.00124
6009.0,30.0,0.903955
6009.0,31.0,0.496667
6009.0,32.0,0.341049
6009.0,33.0,0.0
6009.0,34.0,0.06718
6009.0,35.0,0.023955
6009.0,36.0,0.478245
6010.0,0.0,0.323151
6010.0,1.0,0.994238
6010.0,2.0,0.499674
6010.0,3.0,1.0
6010.0,4.0,0.239079
6010.0,5.0,0.002506
6010.0,6.0,0.263033
6010.0,7.0,0.69768
6010.0,8.0,0.574805
6010.0,9.0,0.541071
6010.0,10.0,0.583965
6010.0,11.0,0.793339
6010.0,12.0,0.432615
6010.0,13.0,0.423741
6010.0,14.0,0.320804
6010.0,15.0,0.443491
6010.0,16.0,0.479919
6010.0,17.0,0.122787
6010.0,18.0,0.271756
6010.0,19.0,1.0
6010.0,20.0,0.403089
6010.0,21.0,0.341562
6010.0,22.0,0.21732
6010.0,23.0,0.989965
6010.0,24.0,0.0
6010.0,25.0,0.723536
6010.0,26.0,0.418876
6010.0,27.0,0.490331
6010.0,28.0,0.173203
6010.0,29.0,0.001216
6010.0,30.0,0.903737
6010.0,31.0,0.493605
6010.0,32.0,0.339752
6010.0,33.0,0.0
6010.0,34.0,0.066732
6010.0,35.0,0.023647
6010.0,36.0,0.476051
7000.0,0.0,0.316532
7000.0,1.0,0.995974
7000.0,2.0,0.494472
7000.0,3.0,1.0
7000.0,4.0,0.235422
7000.0,5.0,0.002289
7000.0,6.0,0.268727
7000.0,7.0,0.696575
7000.0,8.0,0.589986
7000.0,9.0,0.55111
7000.0,10.0,0.575196
7000.0,11.0,0.816497
7000.0,12.0,0.431231
7000.0,13.0,0.42631
7000.0,14.0,0.30827
7000.0,15.0,0.446139
7000.0,16.0,0.477038
7000.0,17.0,0.11985
7000.0,18.0,0.275997
7000.0,19.0,1.0
7000.0,20.0,0.420734
7000.0,21.0,0.340106
7000.0,22.0,0.215055
7000.0,23.0,0.994357
7000.0,24.0,0.0
7000.0,25.0,0.714923
7000.0,26.0,0.41669
7000.0,27.0,0.485154
7000.0,28.0,0.185898
7000.0,29.0,0.001349
7000.0,30.0,0.920454
7000.0,31.0,0.485679
7000.0,32.0,0.352665
7000.0,33.0,0.0
7000.0,34.0,0.077142
7000.0,35.0,0.030638
7000.0,36.0,0.478241
7001.0,0.0,0.318102
7001.0,1.0,0.996087
7001.0,2.0,0.509143
7001.0,3.0,1.0
7001.0,4.0,0.23937
7001.0,5.0,0.002329
7001.0,6.0,0.274665
7001.0,7.0,0.707057
7001.0,8.0,0.591602
7001.0,9.0,0.553874
7001.0,10.0,0.577879
7001.0,11.0,0.817451
7001.0,12.0,0.475068
7001.0,13.0,0.439498
7001.0,14.0,0.310193
7001.0,15.0,0.458376
7001.0,16.0,0.488284
7001.0,17.0,0.122768
7001.0,18.0,0.280655
7001.0,19.0,1.0
7001.0,20.0,0.425386
7001.0,21.0,0.361219
7001.0,22.0,0.212708
7001.0,23.0,0.994496
7001.0,24.0,0.0
7001.0,25.0,0.727685
7001.0,26.0,0.474399
7001.0,27.0,0.487948
7001.0,28.0,0.188589
7001.0,29.0,0.001416
7001.0,30.0,0.920882
7001.0,31.0,0.489116
7001.0,32.0,0.354319
7001.0,33.0,0.0
7001.0,34.0,0.076173
7001.0,35.0,0.030777
7001.0,36.0,0.480125
7002.0,0.0,0.320177
7002.0,1.0,0.99608
7002.0,2.0,0.522944
7002.0,3.0,1.0
7002.0,4.0,0.243208
7002.0,5.0,0.002339
7002.0,6.0,0.279693
7002.0,7.0,0.71674
7002.0,8.0,0.59245
7002.0,9.0,0.555983
7002.0,10.0,0.580665
7002.0,11.0,0.818679
7002.0,12.0,0.51662
7002.0,13.0,0.45311
7002.0,14.0,0.312609
7002.0,15.0,0.470526
7002.0,16.0,0.498433
7002.0,17.0,0.125476
7002.0,18.0,0.285874
7002.0,19.0,1.0
7002.0,20.0,0.430624
7002.0,21.0,0.382007
7002.0,22.0,0.209904
7002.0,23.0,0.994525
7002.0,24.0,0.0
7002.0,25.0,0.738615
7002.0,26.0,0.526987
7002.0,27.0,0.491166
7002.0,28.0,0.191225
7002.0,29.0,0.001445
7002.0,30.0,0.921332
7002.0,31.0,0.493622
7002.0,32.0,0.355283
7002.0,33.0,0.0
7002.0,34.0,0.075198
7002.0,35.0,0.030954
7002.0,36.0,0.480344
7003.0,0.0,0.32161
7003.0,1.0,0.996116
7003.0,2.0,0.536828
7003.0,3.0,1.0
7003.0,4.0,0.246173
7003.0,5.0,0.00236
7003.0,6.0,0.284185
7003.0,7.0,0.72585
7003.0,8.0,0.594607
7003.0,9.0,0.558079
7003.0,10.0,0.582696
7003.0,11.0,0.819884
7003.0,12.0,0.555842
7003.0,13.0,0.465804
7003.0,14.0,0.313406
7003.0,15.0,0.482095
7003.0,16.0,0.50876
7003.0,17.0,0.127822
7003.0,18.0,0.290471
7003.0,19.0,1.0
7003.0,20.0,0.43507
7003.0,21.0,0.401088
7003.0,22.0,0.207155
7003.0,23.0,0.994547
7003.0,24.0,0.0
7003.0,25.0,0.748736
7003.0,26.0,0.57454
7003.0,27.0,0.494604
7003.0,28.0,0.193391
7003.0,29.0,0.001404
7003.0,30.0,0.921708
7003.0,31.0,0.497599
7003.0,32.0,0.356491
7003.0,33.0,0.0
7003.0,34.0,0.074563
7003.0,35.0,0.031203
7003.0,36.0,0.481639
7004.0,0.0,0.323593
7004.0,1.0,0.996216
7004.0,2.0,0.549582
7004.0,3.0,1.0
7004.0,4.0,0.249637
7004.0,5.0,0.002317
7004.0,6.0,0.289414
7004.0,7.0,0.734599
7004.0,8.0,0.5952
7004.0,9.0,0.56072
7004.0,10.0,0.586021
7004.0,11.0,0.820725
7004.0,12.0,0.593569
7004.0,13.0,0.478149
7004.0,14.0,0.314842
7004.0,15.0,0.494306
7004.0,16.0,0.518352
7004.0,17.0,0.131222
7004.0,18.0,0.296162
7004.0,19.0,1.0
7004.0,20.0,0.439706
7004.0,21.0,0.420327
7004.0,22.0,0.204041
7004.0,23.0,0.994672
7004.0,24.0,0.0
7004.0,25.0,0.758793
7004.0,26.0,0.615373
7004.0,27.0,0.497351
7004.0,28.0,0.195679
7004.0,29.0,0.001377
7004.0,30.0,0.922539
7004.0,31.0,0.502242
7004.0,32.0,0.35814
7004.0,33.0,0.0
7004.0,34.0,0.07404
7004.0,35.0,0.031671
7004.0,36.0,0.482794
7005.0,0.0,0.325638
7005.0,1.0,0.996271
7005.0,2.0,0.562281
7005.0,3.0,1.0
7005.0,4.0,0.253748
7005.0,5.0,0.00237
7005.0,6.0,0.294281
7005.0,7.0,0.743301
7005.0,8.0,0.59638
7005.0,9.0,0.563178
7005.0,10.0,0.589348
7005.0,11.0,0.82193
7005.0,12.0,0.629549
7005.0,13.0,0.491381
7005.0,14.0,0.316566
7005.0,15.0,0.505527
7005.0,16.0,0.527405
7005.0,17.0,0.134748
7005.0,18.0,0.301552
7005.0,19.0,1.0
7005.0,20.0,0.444226
7005.0,21.0,0.439697
7005.0,22.0,0.2025
7005.0,23.0,0.994755
7005.0,24.0,0.0
7005.0,25.0,0.767326
7005.0,26.0,0.651904
7005.0,27.0,0.49956
7005.0,28.0,0.19664
7005.0,29.0,0.00143
7005.0,30.0,0.922495
7005.0,31.0,0.505595
7005.0,32.0,0.359022
7005.0,33.0,0.0
7005.0,34.0,0.073686
7005.0,35.0,0.032007
7005.0,36.0,0.483368
7006.0,0.0,0.323165
7006.0,1.0,0.996127
7006.0,2.0,0.547501
7006.0,3.0,1.0
7006.0,4.0,0.249272
7006.0,5.0,0.002314
7006.0,6.0,0.28917
7006.0,7.0,0.733948
7006.0,8.0,0.595019
7006.0,9.0,0.561667
7006.0,10.0,0.586486
7006.0,11.0,0.821006
7006.0,12.0,0.58383
7006.0,13.0,0.476569
7006.0,14.0,0.315044
7006.0,15.0,0.492666
7006.0,16.0,0.516396
7006.0,17.0,0.131458
7006.0,18.0,0.296491
7006.0,19.0,1.0
7006.0,20.0,0.439781
7006.0,21.0,0.416578
7006.0,22.0,0.205686
7006.0,23.0,0.994648
7006.0,24.0,0.0
7006.0,25.0,0.757342
7006.0,26.0,0.605553
7006.0,27.0,0.496318
7006.0,28.0,0.19457
7006.0,29.0,0.001362
7006.0,30.0,0.922183
7006.0,31.0,0.500772
7006.0,32.0,0.357405
7006.0,33.0,0.0
7006.0,34.0,0.07455
7006.0,35.0,0.03174
7006.0,36.0,0.482533
7007.0,0.0,0.321327
7007.0,1.0,0.995988
7007.0,2.0,0.533903
7007.0,3.0,1.0
7007.0,4.0,0.245174
7007.0,5.0,0.002385
7007.0,6.0,0.283292
7007.0,7.0,0.724063
7007.0,8.0,0.594042
7007.0,9.0,0.559149
7007.0,10.0,0.584212
7007.0,11.0,0.820368
7007.0,12.0,0.54114
7007.0,13.0,0.462874
7007.0,14.0,0.314024
7007.0,15.0,0.479744
7007.0,16.0,0.505697
7007.0,17.0,0.128887
7007.0,18.0,0.290868
7007.0,19.0,1.0
7007.0,20.0,0.434365
7007.0,21.0,0.39477
7007.0,22.0,0.208364
7007.0,23.0,0.994578
7007.0,24.0,0.0
7007.0,25.0,0.747068
7007.0,26.0,0.558329
7007.0,27.0,0.493683
7007.0,28.0,0.191773
7007.0,29.0,0.001333
7007.0,30.0,0.921868
7007.0,31.0,0.496676
7007.0,32.0,0.355434
7007.0,33.0,0.0
7007.0,34.0,0.075769
7007.0,35.0,0.031349
7007.0,36.0,0.482442
7008.0,0.0,0.319228
7008.0,1.0,0.995977
7008.0,2.0,0.520604
7008.0,3.0,1.0
7008.0,4.0,0.240561
7008.0,5.0,0.002366
7008.0,6.0,0.279221
7008.0,7.0,0.715076
7008.0,8.0,0.592435
7008.0,9.0,0.556909
7008.0,10.0,0.581301
7008.0,11.0,0.819886
7008.0,12.0,0.500712
7008.0,13.0,0.449052
7008.0,14.0,0.312424
7008.0,15.0,0.468081
7008.0,16.0,0.49581
7008.0,17.0,0.126064
7008.0,18.0,0.28499
7008.0,19.0,1.0
7008.0,20.0,0.429115
7008.0,21.0,0.374472
7008.0,22.0,0.211088
7008.0,23.0,0.994488
7008.0,24.0,0.0
7008.0,25.0,0.736685
7008.0,26.0,0.510655
7008.0,27.0,0.49092
7008.0,28.0,0.18933
7008.0,29.0,0.001268
7008.0,30.0,0.920912
7008.0,31.0,0.492378
7008.0,32.0,0.354099
7008.0,33.0,0.0
7008.0,34.0,0.075861
7008.0,35.0,0.031435
7008.0,36.0,0.481832
7009.0,0.0,0.317132
7009.0,1.0,0.995877
7009.0,2.0,0.507721
7009.0,3.0,1.0
7009.0,4.0,0.237124
7009.0,5.0,0.002323
7009.0,6.0,0.274268
7009.0,7.0,0.706036
7009.0,8.0,0.590872
7009.0,9.0,0.553943
7009.0,10.0,0.578731
7009.0,11.0,0.818841
7009.0,12.0,0.463292
7009.0,13.0,0.435899
7009.0,14.0,0.311139
7009.0,15.0,0.455355
7009.0,16.0,0.485819
7009.0,17.0,0.123749
7009.0,18.0,0.280066
7009.0,19.0,1.0
7009.0,20.0,0.424278
7009.0,21.0,0.356311
7009.0,22.0,0.213483
7009.0,23.0,0.994514
7009.0,24.0,0.0
7009.0,25.0,0.725567
7009.0,26.0,0.46344
7009.0,27.0,0.488121
7009.0,28.0,0.187368
7009.0,29.0,0.001282
7009.0,30.0,0.92108
7009.0,31.0,0.488835
7009.0,32.0,0.35256
7009.0,33.0,0.0
7009.0,34.0,0.076087
7009.0,35.0,0.031214
7009.0,36.0,0.479886
7010.0,0.0,0.315242
7010.0,1.0,0.995832
7010.0,2.0,0.496065
7010.0,3.0,1.0
7010.0,4.0,0.233953
7010.0,5.0,0.002351
7010.0,6.0,0.269528
7010.0,7.0,0.696638
7010.0,8.0,0.589423
7010.0,9.0,0.551731
7010.0,10.0,0.575711
7010.0,11.0,0.817801
7010.0,12.0,0.429081
7010.0,13.0,0.425332
7010.0,14.0,0.309041
7010.0,15.0,0.444565
7010.0,16.0,0.476644
7010.0,17.0,0.121323
7010.0,18.0,0.274853
7010.0,19.0,1.0
7010.0,20.0,0.41936
7010.0,21.0,0.33925
7010.0,22.0,0.215804
7010.0,23.0,0.994328
7010.0,24.0,0.0
7010.0,25.0,0.714507
7010.0,26.0,0.415707
7010.0,27.0,0.485999
7010.0,28.0,0.184838
7010.0,29.0,0.001265
7010.0,30.0,0.920748
7010.0,31.0,0.48554
7010.0,32.0,0.351484
7010.0,33.0,0.0
7010.0,34.0,0.076521
7010.0,35.0,0.031015
7010.0,36.0,0.478168
8000.0,0.0,0.33085
8000.0,1.0,0.99712
8000.0,2.0,0.497091
8000.0,3.0,1.0
8000.0,4.0,0.241068
8000.0,5.0,0.000762
8000.0,6.0,0.265117
8000.0,7.0,0.697007
8000.0,8.0,0.57641
8000.0,9.0,0.534137
8000.0,10.0,0.575001
8000.0,11.0,0.817142
8000.0,12.0,0.433006
8000.0,13.0,0.421093
8000.0,14.0,0.316255
8000.0,15.0,0.445249
8000.0,16.0,0.481001
8000.0,17.0,0.123708
8000.0,18.0,0.267011
8000.0,19.0,1.0
8000.0,20.0,0.407964
8000.0,21.0,0.340136
8000.0,22.0,0.207361
8000.0,23.0,0.996954
8000.0,24.0,0.0
8000.0,25.0,0.718717
8000.0,26.0,0.417578
8000.0,27.0,0.486381
8000.0,28.0,0.180493
8000.0,29.0,0.000509
8000.0,30.0,0.912707
8000.0,31.0,0.485183
8000.0,32.0,0.3625
8000.0,33.0,0.0
8000.0,34.0,0.070945
8000.0,35.0,0.029533
8000.0,36.0,0.473907
8001.0,0.0,0.333173
8001.0,1.0,0.997185
8001.0,2.0,0.511985
8001.0,3.0,1.0
8001.0,4.0,0.244754
8001.0,5.0,0.000775
8001.0,6.0,0.269891
8001.0,7.0,0.706774
8001.0,8.0,0.576857
8001.0,9.0,0.536785
8001.0,10.0,0.577786
8001.0,11.0,0.817403
8001.0,12.0,0.478147
8001.0,13.0,0.43617
8001.0,14.0,0.318145
8001.0,15.0,0.458944
8001.0,16.0,0.491732
8001.0,17.0,0.126767
8001.0,18.0,0.272343
8001.0,19.0,1.0
8001.0,20.0,0.412914
8001.0,21.0,0.361919
8001.0,22.0,0.20434
8001.0,23.0,0.997119
8001.0,24.0,0.0
8001.0,25.0,0.731483
8001.0,26.0,0.475911
8001.0,27.0,0.489281
8001.0,28.0,0.182055
8001.0,29.0,0.000507
8001.0,30.0,0.912786
8001.0,31.0,0.489796
8001.0,32.0,0.364076
8001.0,33.0,0.0
8001.0,34.0,0.070611
8001.0,35.0,0.029751
8001.0,36.0,0.475485
8002.0,0.0,0.334892
8002.0,1.0,0.997206
8002.0,2.0,0.526063
8002.0,3.0,1.0
8002.0,4.0,0.248691
8002.0,5.0,0.000813
8002.0,6.0,0.274906
8002.0,7.0,0.716014
8002.0,8.0,0.577303
8002.0,9.0,0.539081
8002.0,10.0,0.581262
8002.0,11.0,0.8185
8002.0,12.0,0.520687
8002.0,13.0,0.44943
8002.0,14.0,0.320006
8002.0,15.0,0.47167
8002.0,16.0,0.502978
8002.0,17.0,0.12949
8002.0,18.0,0.277422
8002.0,19.0,1.0
8002.0,20.0,0.416736
8002.0,21.0,0.382655
8002.0,22.0,0.201841
8002.0,23.0,0.997142
8002.0,24.0,0.0
8002.0,25.0,0.743004
8002.0,26.0,0.528362
8002.0,27.0,0.491843
8002.0,28.0,0.183514
8002.0,29.0,0.000526
8002.0,30.0,0.91315
8002.0,31.0,0.494159
8002.0,32.0,0.36508
8002.0,33.0,0.0
8002.0,34.0,0.070367
8002.0,35.0,0.029867
8002.0,36.0,0.477556
8003.0,0.0,0.337397
8003.0,1.0,0.997213
8003.0,2.0,0.539677
8003.0,3.0,1.0
8003.0,4.0,0.25302
8003.0,5.0,0.000794
8003.0,6.0,0.280552
8003.0,7.0,0.72372
8003.0,8.0,0.578065
8003.0,9.0,0.54159
8003.0,10.0,0.583932
8003.0,11.0,0.819223
8003.0,12.0,0.560106
8003.0,13.0,0.463019
8003.0,14.0,0.321707
8003.0,15.0,0.483245
8003.0,16.0,0.512609
8003.0,17.0,0.13258
8003.0,18.0,0.282094
8003.0,19.0,1.0
8003.0,20.0,0.421833
8003.0,21.0,0.403205
8003.0,22.0,0.200186
8003.0,23.0,0.99716
8003.0,24.0,0.0
8003.0,25.0,0.75434
8003.0,26.0,0.575311
8003.0,27.0,0.494972
8003.0,28.0,0.186171
8003.0,29.0,0.000553
8003.0,30.0,0.913784
8003.0,31.0,0.498444
8003.0,32.0,0.366307
8003.0,33.0,0.0
8003.0,34.0,0.070107
8003.0,35.0,0.030438
8003.0,36.0,0.47906
8004.0,0.0,0.339328
8004.0,1.0,0.997314
8004.0,2.0,0.552694
8004.0,3.0,1.0
8004.0,4.0,0.25736
8004.0,5.0,0.000806
8004.0,6.0,0.285232
8004.0,7.0,0.732668
8004.0,8.0,0.579981
8004.0,9.0,0.543429
8004.0,10.0,0.586252
8004.0,11.0,0.820529
8004.0,12.0,0.598137
8004.0,13.0,0.475906
8004.0,14.0,0.32353
8004.0,15.0,0.494593
8004.0,16.0,0.52296
8004.0,17.0,0.135744
8004.0,18.0,0.287639
8004.0,19.0,1.0
8004.0,20.0,0.4263
8004.0,21.0,0.42286
8004.0,22.0,0.198116
8004.0,23.0,0.997214
8004.0,24.0,0.0
8004.0,25.0,0.763822
8004.0,26.0,0.616952
8004.0,27.0,0.497872
8004.0,28.0,0.188548
8004.0,29.0,0.00058
8004.0,30.0,0.914232
8004.0,31.0,0.5022
8004.0,32.0,0.368504
8004.0,33.0,0.0
8004.0,34.0,0.069952
8004.0,35.0,0.030626
8004.0,36.0,0.48112
8005.0,0.0,0.341665
8005.0,1.0,0.997337
8005.0,2.0,0.566604
8005.0,3.0,1.0
8005.0,4.0,0.260312
8005.0,5.0,0.000791
8005.0,6.0,0.290275
8005.0,7.0,0.740568
8005.0,8.0,0.58141
8005.0,9.0,0.546669
8005.0,10.0,0.588692
8005.0,11.0,0.821411
8005.0,12.0,0.634077
8005.0,13.0,0.488131
8005.0,14.0,0.324592
8005.0,15.0,0.505806
8005.0,16.0,0.532855
8005.0,17.0,0.138584
8005.0,18.0,0.293043
8005.0,19.0,1.0
8005.0,20.0,0.429684
8005.0,21.0,0.441782
8005.0,22.0,0.197006
8005.0,23.0,0.99715
8005.0,24.0,0.0
8005.0,25.0,0.77174
8005.0,26.0,0.65301
8005.0,27.0,0.499676
8005.0,28.0,0.19083
8005.0,29.0,0.000641
8005.0,30.0,0.914752
8005.0,31.0,0.505985
8005.0,32.0,0.37021
8005.0,33.0,0.0
8005.0,34.0,0.069908
8005.0,35.0,0.030983
8005.0,36.0,0.483085
8006.0,0.0,0.340359
8006.0,1.0,0.997273
8006.0,2.0,0.55185
8006.0,3.0,1.0
8006.0,4.0,0.256697
8006.0,5.0,0.000769
8006.0,6.0,0.284813
8006.0,7.0,0.731435
8006.0,8.0,0.580187
8006.0,9.0,0.54453
8006.0,10.0,0.585993
8006.0,11.0,0.820163
8006.0,12.0,0.588146
8006.0,13.0,0.474625
8006.0,14.0,0.323637
8006.0,15.0,0.492712
8006.0,16.0,0.522467
8006.0,17.0,0.135254
8006.0,18.0,0.287126
8006.0,19.0,1.0
8006.0,20.0,0.42375
8006.0,21.0,0.417544
8006.0,22.0,0.199993
8006.0,23.0,0.99714
8006.0,24.0,0.0
8006.0,25.0,0.761131
8006.0,26.0,0.606481
8006.0,27.0,0.497008
8006.0,28.0,0.189297
8006.0,29.0,0.000637
8006.0,30.0,0.914569
8006.0,31.0,0.502206
8006.0,32.0,0.368441
8006.0,33.0,0.0
8006.0,34.0,0.070721
8006.0,35.0,0.030897
8006.0,36.0,0.481914
8007.0,0.0,0.338403
8007.0,1.0,0.997315
8007.0,2.0,0.537439
8007.0,3.0,1.0
8007.0,4.0,0.253323
8007.0,5.0,0.000727
8007.0,6.0,0.280034
8007.0,7.0,0.722974
8007.0,8.0,0.577844
8007.0,9.0,0.54234
8007.0,10.0,0.583811
8007.0,11.0,0.819836
8007.0,12.0,0.54482
8007.0,13.0,0.461235
8007.0,14.0,0.321976
8007.0,15.0,0.480429
8007.0,16.0,0.510774
8007.0,17.0,0.132132
8007.0,18.0,0.282328
8007.0,19.0,1.0
8007.0,20.0,0.4181
8007.0,21.0,0.395571
8007.0,22.0,0.203242
8007.0,23.0,0.997195
8007.0,24.0,0.0
8007.0,25.0,0.750522
8007.0,26.0,0.558753
8007.0,27.0,0.493716
8007.0,28.0,0.187959
8007.0,29.0,0.000587
8007.0,30.0,0.913858
8007.0,31.0,0.499089
8007.0,32.0,0.366668
8007.0,33.0,0.0
8007.0,34.0,0.071797
8007.0,35.0,0.030276
8007.0,36.0,0.480749
8008.0,0.0,0.336521
8008.0,1.0,0.997272
8008.0,2.0,0.523786
8008.0,3.0,1.0
8008.0,4.0,0.249814
8008.0,5.0,0.000747
8008.0,6.0,0.276062
8008.0,7.0,0.713937
8008.0,8.0,0.576719
8008.0,9.0,0.539916
8008.0,10.0,0.581853
8008.0,11.0,0.81931
8008.0,12.0,0.503618
8008.0,13.0,0.448276
8008.0,14.0,0.319187
8008.0,15.0,0.469249
8008.0,16.0,0.500801
8008.0,17.0,0.12938
8008.0,18.0,0.276784
8008.0,19.0,1.0
8008.0,20.0,0.413151
8008.0,21.0,0.37525
8008.0,22.0,0.205074
8008.0,23.0,0.997041
8008.0,24.0,0.0
8008.0,25.0,0.739438
8008.0,26.0,0.510251
8008.0,27.0,0.49051
8008.0,28.0,0.186113
8008.0,29.0,0.000555
8008.0,30.0,0.913589
8008.0,31.0,0.494725
8008.0,32.0,0.366365
8008.0,33.0,0.0
8008.0,34.0,0.072461
8008.0,35.0,0.029819
8008.0,36.0,0.477921
8009.0,0.0,0.33566
8009.0,1.0,0.997053
8009.0,2.0,0.510751
8009.0,3.0,1.0
8009.0,4.0,0.245919
8009.0,5.0,0.000739
8009.0,6.0,0.271385
8009.0,7.0,0.705198
8009.0,8.0,0.575339
8009.0,9.0,0.537966
8009.0,10.0,0.580055
8009.0,11.0,0.818758
8009.0,12.0,0.466549
8009.0,13.0,0.434722
8009.0,14.0,0.317418
8009.0,15.0,0.457906
8009.0,16.0,0.490064
8009.0,17.0,0.126503
8009.0,18.0,0.272183
8009.0,19.0,1.0
8009.0,20.0,0.407908
8009.0,21.0,0.35651
8009.0,22.0,0.206941
8009.0,23.0,0.996904
8009.0,24.0,0.0
8009.0,25.0,0.728976
8009.0,26.0,0.461623
8009.0,27.0,0.488004
8009.0,28.0,0.184854
8009.0,29.0,0.000544
8009.0,30.0,0.913286
8009.0,31.0,0.491421
8009.0,32.0,0.364548
8009.0,33.0,0.0
8009.0,34.0,0.07285
8009.0,35.0,0.029499
8009.0,36.0,0.477024
8010.0,0.0,0.333832
8010.0,1.0,0.997012
8010.0,2.0,0.49786
8010.0,3.0,1.0
8010.0,4.0,0.242543
8010.0,5.0,0.000747
8010.0,6.0,0.266427
8010.0,7.0,0.696386
8010.0,8.0,0.574731
8010.0,9.0,0.536736
8010.0,10.0,0.577237
8010.0,11.0,0.817647
8010.0,12.0,0.434232
8010.0,13.0,0.421567
8010.0,14.0,0.315949
8010.0,15.0,0.447712
8010.0,16.0,0.480543
8010.0,17.0,0.123931
8010.0,18.0,0.267612
8010.0,19.0,1.0
8010.0,20.0,0.403662
8010.0,21.0,0.33939
8010.0,22.0,0.207815
8010.0,23.0,0.996768
8010.0,24.0,0.0
8010.0,25.0,0.717513
8010.0,26.0,0.414281
8010.0,27.0,0.485311
8010.0,28.0,0.183519
8010.0,29.0,0.000482
8010.0,30.0,0.912858
8010.0,31.0,0.487844
8010.0,32.0,0.363256
8010.0,33.0,0.0
8010.0,34.0,0.072657
8010.0,35.0,0.028904
8010.0,36.0,0.475323
9000.0,0.0,0.313468
9000.0,1.0,0.998575
9000.0,2.0,0.497412
9000.0,3.0,1.0
9000.0,4.0,0.248226
9000.0,5.0,0.0
9000.0,6.0,0.261163
9000.0,7.0,0.69222
9000.0,8.0,0.55438
9000.0,9.0,0.540904
9000.0,10.0,0.587185
9000.0,11.0,0.822814
9000.0,12.0,0.433608
9000.0,13.0,0.418874
9000.0,14.0,0.291024
9000.0,15.0,0.443808
9000.0,16.0,0.47986
9000.0,17.0,0.12195
9000.0,18.0,0.269543
9000.0,19.0,1.0
9000.0,20.0,0.388881
9000.0,21.0,0.343032
9000.0,22.0,0.216533
9000.0,23.0,0.998985
9000.0,24.0,0.0
9000.0,25.0,0.712227
9000.0,26.0,0.416128
9000.0,27.0,0.486977
9000.0,28.0,0.178404
9000.0,29.0,0.000631
9000.0,30.0,0.915175
9000.0,31.0,0.492267
9000.0,32.0,0.342457
9000.0,33.0,0.0
9000.0,34.0,0.065016
9000.0,35.0,0.023373
9000.0,36.0,0.476807
9001.0,0.0,0.314924
9001.0,1.0,0.998643
9001.0,2.0,0.511774
9001.0,3.0,1.0
9001.0,4.0,0.251934
9001.0,5.0,0.0
9001.0,6.0,0.266398
9001.0,7.0,0.702543
9001.0,8.0,0.555762
9001.0,9.0,0.543974
9001.0,10.0,0.590049
9001.0,11.0,0.823412
9001.0,12.0,0.477721
9001.0,13.0,0.433142
9001.0,14.0,0.290963
9001.0,15.0,0.457406
9001.0,16.0,0.490839
9001.0,17.0,0.126067
9001.0,18.0,0.274374
9001.0,19.0,1.0
9001.0,20.0,0.393896
9001.0,21.0,0.364796
9001.0,22.0,0.213366
9001.0,23.0,0.998968
9001.0,24.0,0.0
9001.0,25.0,0.724493
9001.0,26.0,0.47432
9001.0,27.0,0.489608
9001.0,28.0,0.181499
9001.0,29.0,0.000663
9001.0,30.0,0.91494
9001.0,31.0,0.496343
9001.0,32.0,0.343904
9001.0,33.0,0.0
9001.0,34.0,0.064812
9001.0,35.0,0.023466
9001.0,36.0,0.478481
9002.0,0.0,0.316823
9002.0,1.0,0.998712
9002.0,2.0,0.525641
9002.0,3.0,1.0
9002.0,4.0,0.25538
9002.0,5.0,0.0
9002.0,6.0,0.271729
9002.0,7.0,0.712312
9002.0,8.0,0.556876
9002.0,9.0,0.54551
9002.0,10.0,0.594153
9002.0,11.0,0.824226
9002.0,12.0,0.519748
9002.0,13.0,0.446568
9002.0,14.0,0.29265
9002.0,15.0,0.470373
9002.0,16.0,0.50205
9002.0,17.0,0.128567
9002.0,18.0,0.279746
9002.0,19.0,1.0
9002.0,20.0,0.39846
9002.0,21.0,0.385773
9002.0,22.0,0.211044
9002.0,23.0,0.998975
9002.0,24.0,0.0
9002.0,25.0,0.736335
9002.0,26.0,0.528091
9002.0,27.0,0.492464
9002.0,28.0,0.183526
9002.0,29.0,0.000643
9002.0,30.0,0.915205
9002.0,31.0,0.500039
9002.0,32.0,0.346021
9002.0,33.0,0.0
9002.0,34.0,0.064069
9002.0,35.0,0.023613
9002.0,36.0,0.481097
9003.0,0.0,0.317984
9003.0,1.0,0.99876
9003.0,2.0,0.538693
9003.0,3.0,1.0
9003.0,4.0,0.259737
9003.0,5.0,0.0
9003.0,6.0,0.276382
9003.0,7.0,0.720692
9003.0,8.0,0.557875
9003.0,9.0,0.547662
9003.0,10.0,0.596956
9003.0,11.0,0.825682
9003.0,12.0,0.559983
9003.0,13.0,0.458861
9003.0,14.0,0.29357
9003.0,15.0,0.482363
9003.0,16.0,0.512019
9003.0,17.0,0.131722
9003.0,18.0,0.285555
9003.0,19.0,1.0
9003.0,20.0,0.402063
9003.0,21.0,0.406078
9003.0,22.0,0.207973
9003.0,23.0,0.998989
9003.0,24.0,0.0
9003.0,25.0,0.746495
9003.0,26.0,0.57534
9003.0,27.0,0.495148
9003.0,28.0,0.185476
9003.0,29.0,0.000614
9003.0,30.0,0.916
9003.0,31.0,0.504715
9003.0,32.0,0.347148
9003.0,33.0,0.0
9003.0,34.0,0.063437
9003.0,35.0,0.023536
9003.0,36.0,0.483672
9004.0,0.0,0.319621
9004.0,1.0,0.998755
9004.0,2.0,0.550671
9004.0,3.0,1.0
9004.0,4.0,0.263246
9004.0,5.0,0.0
9004.0,6.0,0.281082
9004.0,7.0,0.729412
9004.0,8.0,0.559391
9004.0,9.0,0.549489
9004.0,10.0,0.600786
9004.0,11.0,0.827345
9004.0,12.0,0.597814
9004.0,13.0,0.471392
9004.0,14.0,0.294619
9004.0,15.0,0.494149
9004.0,16.0,0.521875
9004.0,17.0,0.135048
9004.0,18.0,0.291642
9004.0,19.0,1.0
9004.0,20.0,0.406891
9004.0,21.0,0.425755
9004.0,22.0,0.205551
9004.0,23.0,0.998991
9004.0,24.0,0.0
9004.0,25.0,0.755944
9004.0,26.0,0.617204
9004.0,27.0,0.498398
9004.0,28.0,0.187773
9004.0,29.0,0.000635
9004.0,30.0,0.916669
9004.0,31.0,0.509161
9004.0,32.0,0.348847
9004.0,33.0,0.0
9004.0,34.0,0.063231
9004.0,35.0,0.02397
9004.0,36.0,0.48554
9005.0,0.0,0.321768
9005.0,1.0,0.998785
9005.0,2.0,0.563309
9005.0,3.0,1.0
9005.0,4.0,0.267416
9005.0,5.0,0.0
9005.0,6.0,0.285727
9005.0,7.0,0.737445
9005.0,8.0,0.560456
9005.0,9.0,0.552646
9005.0,10.0,0.603978
9005.0,11.0,0.829139
9005.0,12.0,0.633183
9005.0,13.0,0.484295
9005.0,14.0,0.295887
9005.0,15.0,0.50503
9005.0,16.0,0.532616
9005.0,17.0,0.138608
9005.0,18.0,0.297226
9005.0,19.0,1.0
9005.0,20.0,0.411201
9005.0,21.0,0.443815
9005.0,22.0,0.203396
9005.0,23.0,0.999031
9005.0,24.0,0.0
9005.0,25.0,0.765797
9005.0,26.0,0.653943
9005.0,27.0,0.501049
9005.0,28.0,0.188983
9005.0,29.0,0.000698
9005.0,30.0,0.917207
9005.0,31.0,0.512779
9005.0,32.0,0.349644
9005.0,33.0,0.0
9005.0,34.0,0.063311
9005.0,35.0,0.023891
9005.0,36.0,0.487707
9006.0,0.0,0.318781
9006.0,1.0,0.998787
9006.0,2.0,0.548688
9006.0,3.0,1.0
9006.0,4.0,0.262993
9006.0,5.0,0.0
9006.0,6.0,0.280399
9006.0,7.0,0.72812
9006.0,8.0,0.559458
9006.0,9.0,0.550618
9006.0,10.0,0.601761
9006.0,11.0,0.828235
9006.0,12.0,0.586304
9006.0,13.0,0.47022
9006.0,14.0,0.29512
9006.0,15.0,0.491683
9006.0,16.0,0.521622
9006.0,17.0,0.13537
9006.0,18.0,0.289376
9006.0,19.0,1.0
9006.0,20.0,0.406197
9006.0,21.0,0.418557
9006.0,22.0,0.206833
9006.0,23.0,0.998994
9006.0,24.0,0.0
9006.0,25.0,0.756153
9006.0,26.0,0.607931
9006.0,27.0,0.49849
9006.0,28.0,0.186989
9006.0,29.0,0.000707
9006.0,30.0,0.917383
9006.0,31.0,0.50899
9006.0,32.0,0.348203
9006.0,33.0,0.0
9006.0,34.0,0.063826
9006.0,35.0,0.023606
9006.0,36.0,0.485818
9007.0,0.0,0.316214
9007.0,1.0,0.998751
9007.0,2.0,0.533705
9007.0,3.0,1.0
9007.0,4.0,0.259078
9007.0,5.0,0.0
9007.0,6.0,0.275176
9007.0,7.0,0.719124
9007.0,8.0,0.559013
9007.0,9.0,0.548082
9007.0,10.0,0.598916
9007.0,11.0,0.827065
9007.0,12.0,0.542909
9007.0,13.0,0.456262
9007.0,14.0,0.293966
9007.0,15.0,0.479771
9007.0,16.0,0.509777
9007.0,17.0,0.132057
9007.0,18.0,0.283786
9007.0,19.0,1.0
9007.0,20.0,0.400677
9007.0,21.0,0.397071
9007.0,22.0,0.209792
9007.0,23.0,0.999046
9007.0,24.0,0.0
9007.0,25.0,0.745891
9007.0,26.0,0.561097
9007.0,27.0,0.495
9007.0,28.0,0.185068
9007.0,29.0,0.000715
9007.0,30.0,0.917337
9007.0,31.0,0.505159
9007.0,32.0,0.345701
9007.0,33.0,0.0
9007.0,34.0,0.064805
9007.0,35.0,0.023157
9007.0,36.0,0.483092
9008.0,0.0,0.313857
9008.0,1.0,0.998731
9008.0,2.0,0.519925
9008.0,3.0,1.0
9008.0,4.0,0.255255
9008.0,5.0,0.0
9008.0,6.0,0.270376
9008.0,7.0,0.71056
9008.0,8.0,0.557633
9008.0,9.0,0.545641
9008.0,10.0,0.595227
9008.0,11.0,0.82624
9008.0,12.0,0.502882
9008.0,13.0,0.443352
9008.0,14.0,0.292741
9008.0,15.0,0.468678
9008.0,16.0,0.500178
9008.0,17.0,0.129309
9008.0,18.0,0.278553
9008.0,19.0,1.0
9008.0,20.0,0.395585
9008.0,21.0,0.376913
9008.0,22.0,0.212817
9008.0,23.0,0.999081
9008.0,24.0,0.0
9008.0,25.0,0.735836
9008.0,26.0,0.513412
9008.0,27.0,0.492602
9008.0,28.0,0.183548
9008.0,29.0,0.000698
9008.0,30.0,0.917127
9008.0,31.0,0.501944
9008.0,32.0,0.345123
9008.0,33.0,0.0
9008.0,34.0,0.06564
9008.0,35.0,0.022782
9008.0,36.0,0.481094
9009.0,0.0,0.311625
9009.0,1.0,0.998778
9009.0,2.0,0.506805
9009.0,3.0,1.0
9009.0,4.0,0.251295
9009.0,5.0,0.0
9009.0,6.0,0.265729
9009.0,7.0,0.701717
9009.0,8.0,0.556648
9009.0,9.0,0.543241
9009.0,10.0,0.591934
9009.0,11.0,0.825161
9009.0,12.0,0.466367
9009.0,13.0,0.430755
9009.0,14.0,0.29178
9009.0,15.0,0.45756
9009.0,16.0,0.490355
9009.0,17.0,0.126182
9009.0,18.0,0.273791
9009.0,19.0,1.0
9009.0,20.0,0.390529
9009.0,21.0,0.35819
9009.0,22.0,0.216068
9009.0,23.0,0.999062
9009.0,24.0,0.0
9009.0,25.0,0.724159
9009.0,26.0,0.464583
9009.0,27.0,0.48936
9009.0,28.0,0.181651
9009.0,29.0,0.000672
9009.0,30.0,0.91636
9009.0,31.0,0.498003
9009.0,32.0,0.343882
9009.0,33.0,0.0
9009.0,34.0,0.066302
9009.0,35.0,0.022638
9009.0,36.0,0.478388
9010.0,0.0,0.310061
9010.0,1.0,0.998749
9010.0,2.0,0.493926
9010.0,3.0,1.0
9010.0,4.0,0.247514
9010.0,5.0,0.0
9010.0,6.0,0.261363
9010.0,7.0,0.691852
9010.0,8.0,0.556203
9010.0,9.0,0.541374
9010.0,10.0,0.588482
9010.0,11.0,0.824327
9010.0,12.0,0.431945
9010.0,13.0,0.419171
9010.0,14.0,0.290585
9010.0,15.0,0.446415
9010.0,16.0,0.480845
9010.0,17.0,0.122881
9010.0,18.0,0.269737
9010.0,19.0,1.0
9010.0,20.0,0.386017
9010.0,21.0,0.341282
9010.0,22.0,0.218163
9010.0,23.0,0.999068
9010.0,24.0,0.0
9010.0,25.0,0.712364
9010.0,26.0,0.417219
9010.0,27.0,0.487328
9010.0,28.0,0.180646
9010.0,29.0,0.000679
9010.0,30.0,0.915472
9010.0,31.0,0.494371
9010.0,32.0,0.34265
9010.0,33.0,0.0
9010.0,34.0,0.066356
9010.0,35.0,0.022536
9010.0,36.0,0.476278
10000.0,0.0,0.320176
10000.0,1.0,1.0
10000.0,2.0,0.496089
10000.0,3.0,1.0
10000.0,4.0,0.237824
10000.0,5.0,0.0
10000.0,6.0,0.263779
10000.0,7.0,0.695288
10000.0,8.0,0.573026
10000.0,9.0,0.546303
10000.0,10.0,0.590801
10000.0,11.0,0.851103
10000.0,12.0,0.433522
10000.0,13.0,0.42068
10000.0,14.0,0.300883
10000.0,15.0,0.447439
10000.0,16.0,0.472939
10000.0,17.0,0.12108
10000.0,18.0,0.265464
10000.0,19.0,1.0
10000.0,20.0,0.408698
10000.0,21.0,0.339293
10000.0,22.0,0.209606
10000.0,23.0,1.0
10000.0,24.0,0.0
10000.0,25.0,0.717669
10000.0,26.0,0.416697
10000.0,27.0,0.486294
10000.0,28.0,0.162789
10000.0,29.0,0.000221
10000.0,30.0,0.92409
10000.0,31.0,0.490111
10000.0,32.0,0.352009
10000.0,33.0,0.0
10000.0,34.0,0.063611
10000.0,35.0,0.019369
10000.0,36.0,0.478066
10001.0,0.0,0.321439
10001.0,1.0,1.0
10001.0,2.0,0.510989
10001.0,3.0,1.0
10001.0,4.0,0.241793
10001.0,5.0,0.0
10001.0,6.0,0.268402
10001.0,7.0,0.70554
10001.0,8.0,0.574373
10001.0,9.0,0.549764
10001.0,10.0,0.593761
10001.0,11.0,0.851797
10001.0,12.0,0.47783
10001.0,13.0,0.43499
10001.0,14.0,0.301939
10001.0,15.0,0.460526
10001.0,16.0,0.48389
10001.0,17.0,0.123677
10001.0,18.0,0.271505
10001.0,19.0,1.0
10001.0,20.0,0.413852
10001.0,21.0,0.361382
10001.0,22.0,0.209034
10001.0,23.0,1.0
10001.0,24.0,0.0
10001.0,25.0,0.730222
10001.0,26.0,0.475259
10001.0,27.0,0.489132
10001.0,28.0,0.164972
10001.0,29.0,0.000214
10001.0,30.0,0.924538
10001.0,31.0,0.49315
10001.0,32.0,0.353701
10001.0,33.0,0.0
10001.0,34.0,0.062835
10001.0,35.0,0.019679
10001.0,36.0,0.480901
10002.0,0.0,0.322279
10002.0,1.0,1.0
10002.0,2.0,0.524872
10002.0,3.0,1.0
10002.0,4.0,0.245627
10002.0,5.0,0.0
10002.0,6.0,0.273414
10002.0,7.0,0.714496
10002.0,8.0,0.574934
10002.0,9.0,0.55211
10002.0,10.0,0.595995
10002.0,11.0,0.852938
10002.0,12.0,0.520582
10002.0,13.0,0.448433
10002.0,14.0,0.303265
10002.0,15.0,0.473211
10002.0,16.0,0.494327
10002.0,17.0,0.126789
10002.0,18.0,0.277522
10002.0,19.0,1.0
10002.0,20.0,0.41819
10002.0,21.0,0.382598
10002.0,22.0,0.208998
10002.0,23.0,1.0
10002.0,24.0,0.0
10002.0,25.0,0.74082
10002.0,26.0,0.52893
10002.0,27.0,0.492935
10002.0,28.0,0.167195
10002.0,29.0,0.00023
10002.0,30.0,0.92468
10002.0,31.0,0.496444
10002.0,32.0,0.354178
10002.0,33.0,0.0
10002.0,34.0,0.062317
10002.0,35.0,0.020167
10002.0,36.0,0.482532
10003.0,0.0,0.324297
10003.0,1.0,1.0
10003.0,2.0,0.538208
10003.0,3.0,1.0
10003.0,4.0,0.249668
10003.0,5.0,0.0
10003.0,6.0,0.278301
10003.0,7.0,0.723697
10003.0,8.0,0.57598
10003.0,9.0,0.554786
10003.0,10.0,0.598902
10003.0,11.0,0.853911
10003.0,12.0,0.56052
10003.0,13.0,0.461452
10003.0,14.0,0.30496
10003.0,15.0,0.485905
10003.0,16.0,0.504792
10003.0,17.0,0.129144
10003.0,18.0,0.282191
10003.0,19.0,1.0
10003.0,20.0,0.42321
10003.0,21.0,0.402
10003.0,22.0,0.209193
10003.0,23.0,1.0
10003.0,24.0,0.0
10003.0,25.0,0.751936
10003.0,26.0,0.576031
10003.0,27.0,0.49557
10003.0,28.0,0.168353
10003.0,29.0,0.000232
10003.0,30.0,0.92515
10003.0,31.0,0.499368
10003.0,32.0,0.355915
10003.0,33.0,0.0
10003.0,34.0,0.061777
10003.0,35.0,0.020499
10003.0,36.0,0.484504
10004.0,0.0,0.326518
10004.0,1.0,1.0
10004.0,2.0,0.551924
10004.0,3.0,1.0
10004.0,4.0,0.253669
10004.0,5.0,0.0
10004.0,6.0,0.282906
10004.0,7.0,0.732366
10004.0,8.0,0.577699
10004.0,9.0,0.557457
10004.0,10.0,0.600841
10004.0,11.0,0.854879
10004.0,12.0,0.598993
10004.0,13.0,0.475457
10004.0,14.0,0.306065
10004.0,15.0,0.496853
10004.0,16.0,0.51578
10004.0,17.0,0.131701
10004.0,18.0,0.287461
10004.0,19.0,1.0
10004.0,20.0,0.427832
10004.0,21.0,0.421939
10004.0,22.0,0.208307
10004.0,23.0,1.0
10004.0,24.0,0.0
10004.0,25.0,0.761188
10004.0,26.0,0.617129
10004.0,27.0,0.498151
10004.0,28.0,0.169796
10004.0,29.0,0.000234
10004.0,30.0,0.925279
10004.0,31.0,0.502292
10004.0,32.0,0.356787
10004.0,33.0,0.0
10004.0,34.0,0.06147
10004.0,35.0,0.021045
10004.0,36.0,0.485696
10005.0,0.0,0.328797
10005.0,1.0,1.0
10005.0,2.0,0.564023
10005.0,3.0,1.0
10005.0,4.0,0.256932
10005.0,5.0,0.0
10005.0,6.0,0.287546
10005.0,7.0,0.740741
10005.0,8.0,0.579156
10005.0,9.0,0.559533
10005.0,10.0,0.603782
10005.0,11.0,0.855511
10005.0,12.0,0.635088
10005.0,13.0,0.488918
10005.0,14.0,0.307966
10005.0,15.0,0.507262
10005.0,16.0,0.525562
10005.0,17.0,0.135213
10005.0,18.0,0.292526
10005.0,19.0,1.0
10005.0,20.0,0.432248
10005.0,21.0,0.441712
10005.0,22.0,0.208292
10005.0,23.0,1.0
10005.0,24.0,0.0
10005.0,25.0,0.769394
10005.0,26.0,0.653229
10005.0,27.0,0.500748
10005.0,28.0,0.172134
10005.0,29.0,0.000247
10005.0,30.0,0.925485
10005.0,31.0,0.505925
10005.0,32.0,0.357423
10005.0,33.0,0.0
10005.0,34.0,0.062001
10005.0,35.0,0.021284
10005.0,36.0,0.487256
10006.0,0.0,0.326864
10006.0,1.0,1.0
10006.0,2.0,0.548746
10006.0,3.0,1.0
10006.0,4.0,0.252391
10006.0,5.0,0.0
10006.0,6.0,0.282613
10006.0,7.0,0.731404
10006.0,8.0,0.577037
10006.0,9.0,0.55642
10006.0,10.0,0.600952
10006.0,11.0,0.854348
10006.0,12.0,0.588987
10006.0,13.0,0.474852
10006.0,14.0,0.306509
10006.0,15.0,0.493529
10006.0,16.0,0.514533
10006.0,17.0,0.132092
10006.0,18.0,0.285995
10006.0,19.0,1.0
10006.0,20.0,0.428094
10006.0,21.0,0.417974
10006.0,22.0,0.208919
10006.0,23.0,1.0
10006.0,24.0,0.0
10006.0,25.0,0.75962
10006.0,26.0,0.606347
10006.0,27.0,0.497567
10006.0,28.0,0.170711
10006.0,29.0,0.00026
10006.0,30.0,0.925093
10006.0,31.0,0.503074
10006.0,32.0,0.355425
10006.0,33.0,0.0
10006.0,34.0,0.06277
10006.0,35.0,0.021204
10006.0,36.0,0.486033
10007.0,0.0,0.32441
10007.0,1.0,1.0
10007.0,2.0,0.534906
10007.0,3.0,1.0
10007.0,4.0,0.248149
10007.0,5.0,0.0
10007.0,6.0,0.278045
10007.0,7.0,0.722079
10007.0,8.0,0.575434
10007.0,9.0,0.553574
10007.0,10.0,0.598237
10007.0,11.0,0.853635
10007.0,12.0,0.546616
10007.0,13.0,0.46073
10007.0,14.0,0.305055
10007.0,15.0,0.480338
10007.0,16.0,0.50361
10007.0,17.0,0.128681
10007.0,18.0,0.279975
10007.0,19.0,1.0
10007.0,20.0,0.422981
10007.0,21.0,0.395876
10007.0,22.0,0.209974
10007.0,23.0,1.0
10007.0,24.0,0.0
10007.0,25.0,0.749119
10007.0,26.0,0.558298
10007.0,27.0,0.495073
10007.0,28.0,0.168782
10007.0,29.0,0.000258
10007.0,30.0,0.92445
10007.0,31.0,0.499625
10007.0,32.0,0.355125
10007.0,33.0,0.0
10007.0,34.0,0.063577
10007.0,35.0,0.020941
10007.0,36.0,0.484347
10008.0,0.0,0.323034
10008.0,1.0,1.0
10008.0,2.0,0.521627
10008.0,3.0,1.0
10008.0,4.0,0.243384
10008.0,5.0,0.0
10008.0,6.0,0.273804
10008.0,7.0,0.712703
10008.0,8.0,0.573722
10008.0,9.0,0.550681
10008.0,10.0,0.59579
10008.0,11.0,0.853084
10008.0,12.0,0.506255
10008.0,13.0,0.447005
10008.0,14.0,0.303437
10008.0,15.0,0.468778
10008.0,16.0,0.493459
10008.0,17.0,0.125463
10008.0,18.0,0.275073
10008.0,19.0,1.0
10008.0,20.0,0.418089
10008.0,21.0,0.376242
10008.0,22.0,0.210276
10008.0,23.0,1.0
10008.0,24.0,0.0
10008.0,25.0,0.738155
10008.0,26.0,0.51008
10008.0,27.0,0.49228
10008.0,28.0,0.166803
10008.0,29.0,0.000244
10008.0,30.0,0.923932
10008.0,31.0,0.496129
10008.0,32.0,0.353539
10008.0,33.0,0.0
10008.0,34.0,0.064165
10008.0,35.0,0.020605
10008.0,36.0,0.482403
10009.0,0.0,0.321316
10009.0,1.0,1.0
10009.0,2.0,0.508186
10009.0,3.0,1.0
10009.0,4.0,0.239638
10009.0,5.0,0.0
10009.0,6.0,0.268991
10009.0,7.0,0.703466
10009.0,8.0,0.571943
10009.0,9.0,0.548523
10009.0,10.0,0.592656
10009.0,11.0,0.852204
10009.0,12.0,0.46876
10009.0,13.0,0.434987
10009.0,14.0,0.302552
10009.0,15.0,0.457236
10009.0,16.0,0.483537
10009.0,17.0,0.122554
10009.0,18.0,0.270166
10009.0,19.0,1.0
10009.0,20.0,0.413845
10009.0,21.0,0.357677
10009.0,22.0,0.210839
10009.0,23.0,1.0
10009.0,24.0,0.0
10009.0,25.0,0.726579
10009.0,26.0,0.46257
10009.0,27.0,0.489356
10009.0,28.0,0.165551
10009.0,29.0,0.000239
10009.0,30.0,0.923739
10009.0,31.0,0.493608
10009.0,32.0,0.352993
10009.0,33.0,0.0
10009.0,34.0,0.064943
10009.0,35.0,0.020331
10009.0,36.0,0.481262
10010.0,0.0,0.319558
10010.0,1.0,1.0
10010.0,2.0,0.495732
10010.0,3.0,1.0
10010.0,4.0,0.23543
10010.0,5.0,0.0
10010.0,6.0,0.263965
10010.0,7.0,0.694302
10010.0,8.0,0.570242
10010.0,9.0,0.545659
10010.0,10.0,0.58997
10010.0,11.0,0.851217
10010.0,12.0,0.435545
10010.0,13.0,0.423784
10010.0,14.0,0.301186
10010.0,15.0,0.447043
10010.0,16.0,0.474297
10010.0,17.0,0.120464
10010.0,18.0,0.265454
10010.0,19.0,1.0
10010.0,20.0,0.410832
10010.0,21.0,0.34034
10010.0,22.0,0.211455
10010.0,23.0,1.0
10010.0,24.0,0.0
10010.0,25.0,0.715039
10010.0,26.0,0.415078
10010.0,27.0,0.486183
10010.0,28.0,0.163649
10010.0,29.0,0.000227
10010.0,30.0,0.923503
10010.0,31.0,0.49025
10010.0,32.0,0.351919
10010.0,33.0,0.0
10010.0,34.0,0.064574
10010.0,35.0,0.020098
10010.0,36.0,0.479383
