FREQUENCIES 
Gen,mut_id,mut_freq
1.0,0.0,0.5
1.0,1.0,0.5
1.0,2.0,0.5
1.0,3.0,0.5
1.0,4.0,0.5
1.0,5.0,0.5
1.0,6.0,0.5
1.0,7.0,0.5
1.0,8.0,0.5
1.0,9.0,0.5
1.0,10.0,0.5
1.0,11.0,0.5
1.0,12.0,0.5
1.0,13.0,0.5
1.0,14.0,0.5
1.0,15.0,0.5
1.0,16.0,0.5
1.0,17.0,0.5
1.0,18.0,0.5
1.0,19.0,0.5
1.0,20.0,0.5
1.0,21.0,0.5
1.0,22.0,0.5
1.0,23.0,0.5
1.0,24.0,0.5
1.0,25.0,0.5
1.0,26.0,0.5
1.0,27.0,0.5
1.0,28.0,0.5
1.0,29.0,0.5
1.0,30.0,0.5
1.0,31.0,0.5
1.0,32.0,0.5
1.0,33.0,0.5
1.0,34.0,0.5
1.0,35.0,0.5
1.0,36.0,0.5
1000.0,0.0,0.6668
1000.0,1.0,0.878977
1000.0,2.0,0.950862
1000.0,3.0,4.1e-05
1000.0,4.0,0.507983
1000.0,5.0,0.99916
1000.0,6.0,0.355991
1000.0,7.0,0.688403
1000.0,8.0,1.5e-05
1000.0,9.0,0.963931
1000.0,10.0,0.796826
1000.0,11.0,0.647831
1000.0,12.0,0.56103
1000.0,13.0,0.608155
1000.0,14.0,0.420617
1000.0,15.0,0.560402
1000.0,16.0,0.521044
1000.0,17.0,0.969455
1000.0,18.0,0.527403
1000.0,19.0,0.53967
1000.0,20.0,0.594136
1000.0,21.0,0.808825
1000.0,22.0,0.405675
1000.0,23.0,0.356027
1000.0,24.0,0.297709
1000.0,25.0,0.966372
1000.0,26.0,0.438805
1000.0,27.0,0.296902
1000.0,28.0,0.593858
1000.0,29.0,0.542696
1000.0,30.0,0.0
1000.0,31.0,0.979456
1000.0,32.0,6.6e-05
1000.0,33.0,0.452614
1000.0,34.0,0.433185
1000.0,35.0,0.650418
1000.0,36.0,0.728676
1001.0,0.0,0.66919
1001.0,1.0,0.884399
1001.0,2.0,0.9514
1001.0,3.0,4.6e-05
1001.0,4.0,0.524755
1001.0,5.0,0.999145
1001.0,6.0,0.365886
1001.0,7.0,0.6937
1001.0,8.0,1.7e-05
1001.0,9.0,0.964742
1001.0,10.0,0.803463
1001.0,11.0,0.659703
1001.0,12.0,0.565788
1001.0,13.0,0.612904
1001.0,14.0,0.438064
1001.0,15.0,0.563877
1001.0,16.0,0.529832
1001.0,17.0,0.970302
1001.0,18.0,0.547223
1001.0,19.0,0.544145
1001.0,20.0,0.596418
1001.0,21.0,0.811136
1001.0,22.0,0.410561
1001.0,23.0,0.382257
1001.0,24.0,0.299412
1001.0,25.0,0.966681
1001.0,26.0,0.441636
1001.0,27.0,0.300601
1001.0,28.0,0.618514
1001.0,29.0,0.560039
1001.0,30.0,0.0
1001.0,31.0,0.980196
1001.0,32.0,7.6e-05
1001.0,33.0,0.457704
1001.0,34.0,0.441564
1001.0,35.0,0.656529
1001.0,36.0,0.737341
1002.0,0.0,0.671463
1002.0,1.0,0.889404
1002.0,2.0,0.952131
1002.0,3.0,5.7e-05
1002.0,4.0,0.541718
1002.0,5.0,0.999101
1002.0,6.0,0.376598
1002.0,7.0,0.699063
1002.0,8.0,2.3e-05
1002.0,9.0,0.965726
1002.0,10.0,0.810182
1002.0,11.0,0.670827
1002.0,12.0,0.57078
1002.0,13.0,0.616801
1002.0,14.0,0.454977
1002.0,15.0,0.566877
1002.0,16.0,0.538061
1002.0,17.0,0.971191
1002.0,18.0,0.565428
1002.0,19.0,0.548401
1002.0,20.0,0.599289
1002.0,21.0,0.814118
1002.0,22.0,0.414876
1002.0,23.0,0.409366
1002.0,24.0,0.301022
1002.0,25.0,0.966662
1002.0,26.0,0.443832
1002.0,27.0,0.303709
1002.0,28.0,0.640185
1002.0,29.0,0.577004
1002.0,30.0,0.0
1002.0,31.0,0.98117
1002.0,32.0,7.4e-05
1002.0,33.0,0.462783
1002.0,34.0,0.450785
1002.0,35.0,0.662544
1002.0,36.0,0.745957
1003.0,0.0,0.67376
1003.0,1.0,0.894067
1003.0,2.0,0.952718
1003.0,3.0,8.3e-05
1003.0,4.0,0.557456
1003.0,5.0,0.999141
1003.0,6.0,0.386517
1003.0,7.0,0.703911
1003.0,8.0,2.1e-05
1003.0,9.0,0.966063
1003.0,10.0,0.816444
1003.0,11.0,0.68142
1003.0,12.0,0.575373
1003.0,13.0,0.621024
1003.0,14.0,0.471242
1003.0,15.0,0.569479
1003.0,16.0,0.546875
1003.0,17.0,0.97211
1003.0,18.0,0.583048
1003.0,19.0,0.553041
1003.0,20.0,0.601708
1003.0,21.0,0.816987
1003.0,22.0,0.419554
1003.0,23.0,0.436065
1003.0,24.0,0.301849
1003.0,25.0,0.966738
1003.0,26.0,0.446376
1003.0,27.0,0.307323
1003.0,28.0,0.660622
1003.0,29.0,0.59236
1003.0,30.0,0.0
1003.0,31.0,0.981776
1003.0,32.0,9.3e-05
1003.0,33.0,0.46743
1003.0,34.0,0.459475
1003.0,35.0,0.667577
1003.0,36.0,0.754128
1004.0,0.0,0.676064
1004.0,1.0,0.898022
1004.0,2.0,0.95328
1004.0,3.0,9.4e-05
1004.0,4.0,0.572945
1004.0,5.0,0.999161
1004.0,6.0,0.396204
1004.0,7.0,0.70818
1004.0,8.0,2.2e-05
1004.0,9.0,0.966737
1004.0,10.0,0.822001
1004.0,11.0,0.690752
1004.0,12.0,0.57954
1004.0,13.0,0.625873
1004.0,14.0,0.48724
1004.0,15.0,0.572163
1004.0,16.0,0.556213
1004.0,17.0,0.972744
1004.0,18.0,0.600666
1004.0,19.0,0.557306
1004.0,20.0,0.604357
1004.0,21.0,0.819671
1004.0,22.0,0.424182
1004.0,23.0,0.463863
1004.0,24.0,0.302861
1004.0,25.0,0.967283
1004.0,26.0,0.448936
1004.0,27.0,0.310783
1004.0,28.0,0.679161
1004.0,29.0,0.607506
1004.0,30.0,0.0
1004.0,31.0,0.982531
1004.0,32.0,9.0e-05
1004.0,33.0,0.471513
1004.0,34.0,0.46749
1004.0,35.0,0.671731
1004.0,36.0,0.761455
1005.0,0.0,0.678638
1005.0,1.0,0.902708
1005.0,2.0,0.954291
1005.0,3.0,0.000111
1005.0,4.0,0.587427
1005.0,5.0,0.999213
1005.0,6.0,0.405316
1005.0,7.0,0.713037
1005.0,8.0,1.7e-05
1005.0,9.0,0.967226
1005.0,10.0,0.827947
1005.0,11.0,0.701117
1005.0,12.0,0.583771
1005.0,13.0,0.629871
1005.0,14.0,0.501647
1005.0,15.0,0.574981
1005.0,16.0,0.564822
1005.0,17.0,0.973411
1005.0,18.0,0.617113
1005.0,19.0,0.562401
1005.0,20.0,0.60629
1005.0,21.0,0.822374
1005.0,22.0,0.429187
1005.0,23.0,0.492394
1005.0,24.0,0.303694
1005.0,25.0,0.967418
1005.0,26.0,0.451896
1005.0,27.0,0.312823
1005.0,28.0,0.695926
1005.0,29.0,0.622339
1005.0,30.0,0.0
1005.0,31.0,0.983295
1005.0,32.0,8.5e-05
1005.0,33.0,0.476225
1005.0,34.0,0.475676
1005.0,35.0,0.67616
1005.0,36.0,0.768219
1006.0,0.0,0.675884
1006.0,1.0,0.898302
1006.0,2.0,0.953912
1006.0,3.0,0.000116
1006.0,4.0,0.571281
1006.0,5.0,0.999189
1006.0,6.0,0.39441
1006.0,7.0,0.707812
1006.0,8.0,1.9e-05
1006.0,9.0,0.966308
1006.0,10.0,0.822185
1006.0,11.0,0.689928
1006.0,12.0,0.579144
1006.0,13.0,0.625566
1006.0,14.0,0.484134
1006.0,15.0,0.571218
1006.0,16.0,0.55686
1006.0,17.0,0.972759
1006.0,18.0,0.598105
1006.0,19.0,0.557373
1006.0,20.0,0.603324
1006.0,21.0,0.819251
1006.0,22.0,0.424715
1006.0,23.0,0.460671
1006.0,24.0,0.302487
1006.0,25.0,0.967517
1006.0,26.0,0.449559
1006.0,27.0,0.309557
1006.0,28.0,0.676173
1006.0,29.0,0.605608
1006.0,30.0,0.0
1006.0,31.0,0.982771
1006.0,32.0,8.2e-05
1006.0,33.0,0.472077
1006.0,34.0,0.466606
1006.0,35.0,0.671161
1006.0,36.0,0.760384
1007.0,0.0,0.673587
1007.0,1.0,0.893451
1007.0,2.0,0.953668
1007.0,3.0,9.5e-05
1007.0,4.0,0.555908
1007.0,5.0,0.999179
1007.0,6.0,0.383493
1007.0,7.0,0.703816
1007.0,8.0,1.1e-05
1007.0,9.0,0.965808
1007.0,10.0,0.8166
1007.0,11.0,0.67841
1007.0,12.0,0.574015
1007.0,13.0,0.620936
1007.0,14.0,0.46665
1007.0,15.0,0.56768
1007.0,16.0,0.548061
1007.0,17.0,0.971946
1007.0,18.0,0.57983
1007.0,19.0,0.552326
1007.0,20.0,0.601011
1007.0,21.0,0.816118
1007.0,22.0,0.419785
1007.0,23.0,0.43072
1007.0,24.0,0.300773
1007.0,25.0,0.967243
1007.0,26.0,0.446254
1007.0,27.0,0.306629
1007.0,28.0,0.656433
1007.0,29.0,0.58923
1007.0,30.0,0.0
1007.0,31.0,0.982172
1007.0,32.0,6.7e-05
1007.0,33.0,0.467105
1007.0,34.0,0.458543
1007.0,35.0,0.665519
1007.0,36.0,0.753362
1008.0,0.0,0.671554
1008.0,1.0,0.888432
1008.0,2.0,0.95311
1008.0,3.0,9.8e-05
1008.0,4.0,0.539975
1008.0,5.0,0.999129
1008.0,6.0,0.372578
1008.0,7.0,0.700201
1008.0,8.0,1.0e-05
1008.0,9.0,0.965423
1008.0,10.0,0.810677
1008.0,11.0,0.66707
1008.0,12.0,0.568773
1008.0,13.0,0.615887
1008.0,14.0,0.450428
1008.0,15.0,0.564366
1008.0,16.0,0.539528
1008.0,17.0,0.971277
1008.0,18.0,0.561923
1008.0,19.0,0.547907
1008.0,20.0,0.598484
1008.0,21.0,0.8138
1008.0,22.0,0.414967
1008.0,23.0,0.403827
1008.0,24.0,0.298589
1008.0,25.0,0.967233
1008.0,26.0,0.442695
1008.0,27.0,0.304062
1008.0,28.0,0.636296
1008.0,29.0,0.573658
1008.0,30.0,0.0
1008.0,31.0,0.981571
1008.0,32.0,6.1e-05
1008.0,33.0,0.462377
1008.0,34.0,0.450375
1008.0,35.0,0.660099
1008.0,36.0,0.745428
1009.0,0.0,0.669439
1009.0,1.0,0.883928
1009.0,2.0,0.952716
1009.0,3.0,7.8e-05
1009.0,4.0,0.525071
1009.0,5.0,0.999126
1009.0,6.0,0.363125
1009.0,7.0,0.695202
1009.0,8.0,8.0e-06
1009.0,9.0,0.964839
1009.0,10.0,0.804406
1009.0,11.0,0.656368
1009.0,12.0,0.564002
1009.0,13.0,0.612132
1009.0,14.0,0.434541
1009.0,15.0,0.560865
1009.0,16.0,0.531735
1009.0,17.0,0.970636
1009.0,18.0,0.545062
1009.0,19.0,0.542987
1009.0,20.0,0.595914
1009.0,21.0,0.811117
1009.0,22.0,0.409459
1009.0,23.0,0.377739
1009.0,24.0,0.297411
1009.0,25.0,0.96673
1009.0,26.0,0.439302
1009.0,27.0,0.30087
1009.0,28.0,0.614736
1009.0,29.0,0.557994
1009.0,30.0,0.0
1009.0,31.0,0.980775
1009.0,32.0,5.8e-05
1009.0,33.0,0.45854
1009.0,34.0,0.441847
1009.0,35.0,0.655167
1009.0,36.0,0.736275
1010.0,0.0,0.667343
1010.0,1.0,0.878934
1010.0,2.0,0.952486
1010.0,3.0,6.1e-05
1010.0,4.0,0.509258
1010.0,5.0,0.999134
1010.0,6.0,0.353865
1010.0,7.0,0.69078
1010.0,8.0,9.0e-06
1010.0,9.0,0.964356
1010.0,10.0,0.798395
1010.0,11.0,0.645952
1010.0,12.0,0.559979
1010.0,13.0,0.608344
1010.0,14.0,0.420882
1010.0,15.0,0.557607
1010.0,16.0,0.523048
1010.0,17.0,0.969793
1010.0,18.0,0.527194
1010.0,19.0,0.53841
1010.0,20.0,0.594138
1010.0,21.0,0.808297
1010.0,22.0,0.404966
1010.0,23.0,0.355059
1010.0,24.0,0.295997
1010.0,25.0,0.966816
1010.0,26.0,0.436589
1010.0,27.0,0.298294
1010.0,28.0,0.5932
1010.0,29.0,0.543475
1010.0,30.0,0.0
1010.0,31.0,0.98035
1010.0,32.0,6.0e-05
1010.0,33.0,0.454909
1010.0,34.0,0.432607
1010.0,35.0,0.650558
1010.0,36.0,0.729136
2000.0,0.0,0.763986
2000.0,1.0,0.914179
2000.0,2.0,0.992372
2000.0,3.0,0.0
2000.0,4.0,0.506571
2000.0,5.0,1.0
2000.0,6.0,0.352554
2000.0,7.0,0.672456
2000.0,8.0,0.0
2000.0,9.0,0.998515
2000.0,10.0,0.900592
2000.0,11.0,0.631209
2000.0,12.0,0.554108
2000.0,13.0,0.600439
2000.0,14.0,0.419411
2000.0,15.0,0.561653
2000.0,16.0,0.511347
2000.0,17.0,0.994641
2000.0,18.0,0.522194
2000.0,19.0,0.534656
2000.0,20.0,0.618537
2000.0,21.0,0.805036
2000.0,22.0,0.363534
2000.0,23.0,0.351695
2000.0,24.0,0.223404
2000.0,25.0,0.994345
2000.0,26.0,0.440357
2000.0,27.0,0.288513
2000.0,28.0,0.585164
2000.0,29.0,0.53644
2000.0,30.0,0.0
2000.0,31.0,0.999768
2000.0,32.0,0.0
2000.0,33.0,0.437496
2000.0,34.0,0.429588
2000.0,35.0,0.654158
2000.0,36.0,0.728354
2001.0,0.0,0.765051
2001.0,1.0,0.917904
2001.0,2.0,0.992487
2001.0,3.0,0.0
2001.0,4.0,0.524922
2001.0,5.0,1.0
2001.0,6.0,0.363576
2001.0,7.0,0.676782
2001.0,8.0,0.0
2001.0,9.0,0.998558
2001.0,10.0,0.90418
2001.0,11.0,0.642974
2001.0,12.0,0.558549
2001.0,13.0,0.604921
2001.0,14.0,0.436958
2001.0,15.0,0.564376
2001.0,16.0,0.520637
2001.0,17.0,0.994784
2001.0,18.0,0.542158
2001.0,19.0,0.538711
2001.0,20.0,0.621325
2001.0,21.0,0.808035
2001.0,22.0,0.368475
2001.0,23.0,0.377325
2001.0,24.0,0.223708
2001.0,25.0,0.99433
2001.0,26.0,0.443064
2001.0,27.0,0.291101
2001.0,28.0,0.610304
2001.0,29.0,0.553756
2001.0,30.0,0.0
2001.0,31.0,0.999758
2001.0,32.0,0.0
2001.0,33.0,0.442978
2001.0,34.0,0.438455
2001.0,35.0,0.6591
2001.0,36.0,0.73613
2002.0,0.0,0.765413
2002.0,1.0,0.92151
2002.0,2.0,0.992842
2002.0,3.0,0.0
2002.0,4.0,0.541562
2002.0,5.0,1.0
2002.0,6.0,0.374911
2002.0,7.0,0.681142
2002.0,8.0,0.0
2002.0,9.0,0.998536
2002.0,10.0,0.907247
2002.0,11.0,0.653969
2002.0,12.0,0.562529
2002.0,13.0,0.608612
2002.0,14.0,0.453042
2002.0,15.0,0.56708
2002.0,16.0,0.530372
2002.0,17.0,0.994991
2002.0,18.0,0.56104
2002.0,19.0,0.544136
2002.0,20.0,0.623408
2002.0,21.0,0.811145
2002.0,22.0,0.372784
2002.0,23.0,0.405086
2002.0,24.0,0.224669
2002.0,25.0,0.994291
2002.0,26.0,0.446022
2002.0,27.0,0.294492
2002.0,28.0,0.633137
2002.0,29.0,0.57085
2002.0,30.0,0.0
2002.0,31.0,0.999772
2002.0,32.0,0.0
2002.0,33.0,0.44784
2002.0,34.0,0.447949
2002.0,35.0,0.664076
2002.0,36.0,0.743683
2003.0,0.0,0.766434
2003.0,1.0,0.925168
2003.0,2.0,0.992844
2003.0,3.0,0.0
2003.0,4.0,0.556765
2003.0,5.0,1.0
2003.0,6.0,0.384705
2003.0,7.0,0.685286
2003.0,8.0,0.0
2003.0,9.0,0.998567
2003.0,10.0,0.91064
2003.0,11.0,0.664201
2003.0,12.0,0.567627
2003.0,13.0,0.613391
2003.0,14.0,0.469272
2003.0,15.0,0.570394
2003.0,16.0,0.538905
2003.0,17.0,0.995119
2003.0,18.0,0.578783
2003.0,19.0,0.549085
2003.0,20.0,0.626308
2003.0,21.0,0.814276
2003.0,22.0,0.377255
2003.0,23.0,0.433089
2003.0,24.0,0.224946
2003.0,25.0,0.99428
2003.0,26.0,0.448242
2003.0,27.0,0.297456
2003.0,28.0,0.653658
2003.0,29.0,0.58782
2003.0,30.0,0.0
2003.0,31.0,0.999785
2003.0,32.0,0.0
2003.0,33.0,0.452586
2003.0,34.0,0.45638
2003.0,35.0,0.66949
2003.0,36.0,0.751561
2004.0,0.0,0.767555
2004.0,1.0,0.929051
2004.0,2.0,0.99279
2004.0,3.0,0.0
2004.0,4.0,0.571965
2004.0,5.0,1.0
2004.0,6.0,0.395697
2004.0,7.0,0.689512
2004.0,8.0,0.0
2004.0,9.0,0.998556
2004.0,10.0,0.914019
2004.0,11.0,0.674755
2004.0,12.0,0.572851
2004.0,13.0,0.617629
2004.0,14.0,0.485242
2004.0,15.0,0.572752
2004.0,16.0,0.547875
2004.0,17.0,0.995268
2004.0,18.0,0.596012
2004.0,19.0,0.554108
2004.0,20.0,0.628054
2004.0,21.0,0.8175
2004.0,22.0,0.381934
2004.0,23.0,0.461519
2004.0,24.0,0.224941
2004.0,25.0,0.99429
2004.0,26.0,0.451668
2004.0,27.0,0.300545
2004.0,28.0,0.67286
2004.0,29.0,0.603896
2004.0,30.0,0.0
2004.0,31.0,0.999814
2004.0,32.0,0.0
2004.0,33.0,0.456724
2004.0,34.0,0.46434
2004.0,35.0,0.674908
2004.0,36.0,0.759752
2005.0,0.0,0.769137
2005.0,1.0,0.932938
2005.0,2.0,0.992997
2005.0,3.0,0.0
2005.0,4.0,0.586229
2005.0,5.0,1.0
2005.0,6.0,0.406236
2005.0,7.0,0.69322
2005.0,8.0,0.0
2005.0,9.0,0.998608
2005.0,10.0,0.91688
2005.0,11.0,0.685174
2005.0,12.0,0.577378
2005.0,13.0,0.622436
2005.0,14.0,0.50029
2005.0,15.0,0.575342
2005.0,16.0,0.555478
2005.0,17.0,0.995399
2005.0,18.0,0.61253
2005.0,19.0,0.557707
2005.0,20.0,0.630706
2005.0,21.0,0.820411
2005.0,22.0,0.38708
2005.0,23.0,0.489664
2005.0,24.0,0.224936
2005.0,25.0,0.994233
2005.0,26.0,0.455231
2005.0,27.0,0.30349
2005.0,28.0,0.690999
2005.0,29.0,0.619477
2005.0,30.0,0.0
2005.0,31.0,0.999835
2005.0,32.0,0.0
2005.0,33.0,0.460929
2005.0,34.0,0.472215
2005.0,35.0,0.678767
2005.0,36.0,0.767437
2006.0,0.0,0.767865
2006.0,1.0,0.929399
2006.0,2.0,0.992817
2006.0,3.0,0.0
2006.0,4.0,0.570003
2006.0,5.0,1.0
2006.0,6.0,0.395613
2006.0,7.0,0.68907
2006.0,8.0,0.0
2006.0,9.0,0.998603
2006.0,10.0,0.913564
2006.0,11.0,0.674338
2006.0,12.0,0.572113
2006.0,13.0,0.617665
2006.0,14.0,0.482168
2006.0,15.0,0.572809
2006.0,16.0,0.54694
2006.0,17.0,0.995286
2006.0,18.0,0.593134
2006.0,19.0,0.552643
2006.0,20.0,0.627882
2006.0,21.0,0.818532
2006.0,22.0,0.382088
2006.0,23.0,0.458117
2006.0,24.0,0.225233
2006.0,25.0,0.99438
2006.0,26.0,0.452684
2006.0,27.0,0.299997
2006.0,28.0,0.671743
2006.0,29.0,0.602442
2006.0,30.0,0.0
2006.0,31.0,0.999846
2006.0,32.0,0.0
2006.0,33.0,0.45663
2006.0,34.0,0.46352
2006.0,35.0,0.673233
2006.0,36.0,0.759266
2007.0,0.0,0.766097
2007.0,1.0,0.92553
2007.0,2.0,0.992882
2007.0,3.0,0.0
2007.0,4.0,0.554218
2007.0,5.0,1.0
2007.0,6.0,0.384859
2007.0,7.0,0.68468
2007.0,8.0,0.0
2007.0,9.0,0.998611
2007.0,10.0,0.910936
2007.0,11.0,0.663464
2007.0,12.0,0.567134
2007.0,13.0,0.612631
2007.0,14.0,0.464805
2007.0,15.0,0.569319
2007.0,16.0,0.538426
2007.0,17.0,0.995232
2007.0,18.0,0.574514
2007.0,19.0,0.548891
2007.0,20.0,0.625224
2007.0,21.0,0.815603
2007.0,22.0,0.377706
2007.0,23.0,0.427994
2007.0,24.0,0.224198
2007.0,25.0,0.994352
2007.0,26.0,0.4496
2007.0,27.0,0.297737
2007.0,28.0,0.650893
2007.0,29.0,0.585904
2007.0,30.0,0.0
2007.0,31.0,0.999835
2007.0,32.0,0.0
2007.0,33.0,0.452659
2007.0,34.0,0.454562
2007.0,35.0,0.668273
2007.0,36.0,0.751507
2008.0,0.0,0.764187
2008.0,1.0,0.922065
2008.0,2.0,0.992836
2008.0,3.0,0.0
2008.0,4.0,0.538489
2008.0,5.0,1.0
2008.0,6.0,0.375312
2008.0,7.0,0.680956
2008.0,8.0,0.0
2008.0,9.0,0.998578
2008.0,10.0,0.907651
2008.0,11.0,0.653187
2008.0,12.0,0.561359
2008.0,13.0,0.608913
2008.0,14.0,0.448651
2008.0,15.0,0.566189
2008.0,16.0,0.529649
2008.0,17.0,0.995123
2008.0,18.0,0.557205
2008.0,19.0,0.543424
2008.0,20.0,0.623451
2008.0,21.0,0.813102
2008.0,22.0,0.373797
2008.0,23.0,0.400226
2008.0,24.0,0.222967
2008.0,25.0,0.994237
2008.0,26.0,0.446756
2008.0,27.0,0.294554
2008.0,28.0,0.630328
2008.0,29.0,0.569563
2008.0,30.0,0.0
2008.0,31.0,0.999823
2008.0,32.0,0.0
2008.0,33.0,0.447934
2008.0,34.0,0.445599
2008.0,35.0,0.663375
2008.0,36.0,0.743653
2009.0,0.0,0.763038
2009.0,1.0,0.918276
2009.0,2.0,0.992696
2009.0,3.0,0.0
2009.0,4.0,0.522953
2009.0,5.0,1.0
2009.0,6.0,0.365443
2009.0,7.0,0.67708
2009.0,8.0,0.0
2009.0,9.0,0.998626
2009.0,10.0,0.9046
2009.0,11.0,0.642794
2009.0,12.0,0.556503
2009.0,13.0,0.604026
2009.0,14.0,0.433904
2009.0,15.0,0.562761
2009.0,16.0,0.520636
2009.0,17.0,0.994968
2009.0,18.0,0.53971
2009.0,19.0,0.538918
2009.0,20.0,0.620354
2009.0,21.0,0.809664
2009.0,22.0,0.369294
2009.0,23.0,0.374768
2009.0,24.0,0.222137
2009.0,25.0,0.994153
2009.0,26.0,0.443217
2009.0,27.0,0.291867
2009.0,28.0,0.609013
2009.0,29.0,0.553214
2009.0,30.0,0.0
2009.0,31.0,0.999854
2009.0,32.0,0.0
2009.0,33.0,0.443139
2009.0,34.0,0.437089
2009.0,35.0,0.658266
2009.0,36.0,0.735138
2010.0,0.0,0.761277
2010.0,1.0,0.914684
2010.0,2.0,0.992512
2010.0,3.0,0.0
2010.0,4.0,0.506797
2010.0,5.0,1.0
2010.0,6.0,0.355779
2010.0,7.0,0.674034
2010.0,8.0,0.0
2010.0,9.0,0.998583
2010.0,10.0,0.901843
2010.0,11.0,0.632191
2010.0,12.0,0.551657
2010.0,13.0,0.600129
2010.0,14.0,0.418443
2010.0,15.0,0.56029
2010.0,16.0,0.512541
2010.0,17.0,0.994714
2010.0,18.0,0.523223
2010.0,19.0,0.533875
2010.0,20.0,0.617365
2010.0,21.0,0.807621
2010.0,22.0,0.365371
2010.0,23.0,0.35175
2010.0,24.0,0.221551
2010.0,25.0,0.994028
2010.0,26.0,0.439577
2010.0,27.0,0.289709
2010.0,28.0,0.58677
2010.0,29.0,0.537876
2010.0,30.0,0.0
2010.0,31.0,0.999831
2010.0,32.0,0.0
2010.0,33.0,0.438632
2010.0,34.0,0.429724
2010.0,35.0,0.6532
2010.0,36.0,0.726716
3000.0,0.0,0.801174
3000.0,1.0,0.914127
3000.0,2.0,0.998663
3000.0,3.0,0.0
3000.0,4.0,0.506453
3000.0,5.0,1.0
3000.0,6.0,0.351322
3000.0,7.0,0.669877
3000.0,8.0,0.0
3000.0,9.0,1.0
3000.0,10.0,0.93906
3000.0,11.0,0.632539
3000.0,12.0,0.546666
3000.0,13.0,0.608452
3000.0,14.0,0.418112
3000.0,15.0,0.557554
3000.0,16.0,0.521415
3000.0,17.0,0.99951
3000.0,18.0,0.524604
3000.0,19.0,0.511588
3000.0,20.0,0.613629
3000.0,21.0,0.819024
3000.0,22.0,0.343066
3000.0,23.0,0.348077
3000.0,24.0,0.15016
3000.0,25.0,0.998193
3000.0,26.0,0.448785
3000.0,27.0,0.294505
3000.0,28.0,0.582214
3000.0,29.0,0.54154
3000.0,30.0,0.0
3000.0,31.0,1.0
3000.0,32.0,0.0
3000.0,33.0,0.444031
3000.0,34.0,0.42559
3000.0,35.0,0.642626
3000.0,36.0,0.717813
3001.0,0.0,0.802338
3001.0,1.0,0.918201
3001.0,2.0,0.998735
3001.0,3.0,0.0
3001.0,4.0,0.524942
3001.0,5.0,1.0
3001.0,6.0,0.361259
3001.0,7.0,0.673772
3001.0,8.0,0.0
3001.0,9.0,1.0
3001.0,10.0,0.941106
3001.0,11.0,0.644961
3001.0,12.0,0.550665
3001.0,13.0,0.613843
3001.0,14.0,0.435264
3001.0,15.0,0.560067
3001.0,16.0,0.531512
3001.0,17.0,0.999493
3001.0,18.0,0.544923
3001.0,19.0,0.516681
3001.0,20.0,0.61635
3001.0,21.0,0.821685
3001.0,22.0,0.347034
3001.0,23.0,0.374601
3001.0,24.0,0.150344
3001.0,25.0,0.998196
3001.0,26.0,0.452019
3001.0,27.0,0.297825
3001.0,28.0,0.607866
3001.0,29.0,0.559223
3001.0,30.0,0.0
3001.0,31.0,1.0
3001.0,32.0,0.0
3001.0,33.0,0.448268
3001.0,34.0,0.434888
3001.0,35.0,0.647909
3001.0,36.0,0.72652
3002.0,0.0,0.803393
3002.0,1.0,0.922205
3002.0,2.0,0.998804
3002.0,3.0,0.0
3002.0,4.0,0.5421
3002.0,5.0,1.0
3002.0,6.0,0.372142
3002.0,7.0,0.678425
3002.0,8.0,0.0
3002.0,9.0,1.0
3002.0,10.0,0.943426
3002.0,11.0,0.656254
3002.0,12.0,0.555383
3002.0,13.0,0.618566
3002.0,14.0,0.451959
3002.0,15.0,0.562764
3002.0,16.0,0.540422
3002.0,17.0,0.999499
3002.0,18.0,0.563276
3002.0,19.0,0.522291
3002.0,20.0,0.619149
3002.0,21.0,0.824399
3002.0,22.0,0.351749
3002.0,23.0,0.400565
3002.0,24.0,0.150832
3002.0,25.0,0.998223
3002.0,26.0,0.455655
3002.0,27.0,0.300988
3002.0,28.0,0.630657
3002.0,29.0,0.576156
3002.0,30.0,0.0
3002.0,31.0,1.0
3002.0,32.0,0.0
3002.0,33.0,0.453587
3002.0,34.0,0.442732
3002.0,35.0,0.652887
3002.0,36.0,0.734381
3003.0,0.0,0.804939
3003.0,1.0,0.925224
3003.0,2.0,0.998812
3003.0,3.0,0.0
3003.0,4.0,0.557937
3003.0,5.0,1.0
3003.0,6.0,0.382032
3003.0,7.0,0.682626
3003.0,8.0,0.0
3003.0,9.0,1.0
3003.0,10.0,0.945438
3003.0,11.0,0.667054
3003.0,12.0,0.560749
3003.0,13.0,0.622699
3003.0,14.0,0.467616
3003.0,15.0,0.565885
3003.0,16.0,0.548629
3003.0,17.0,0.999496
3003.0,18.0,0.581173
3003.0,19.0,0.526524
3003.0,20.0,0.622158
3003.0,21.0,0.826602
3003.0,22.0,0.355882
3003.0,23.0,0.428791
3003.0,24.0,0.151655
3003.0,25.0,0.99819
3003.0,26.0,0.458474
3003.0,27.0,0.30382
3003.0,28.0,0.652038
3003.0,29.0,0.592405
3003.0,30.0,0.0
3003.0,31.0,1.0
3003.0,32.0,0.0
3003.0,33.0,0.457802
3003.0,34.0,0.451207
3003.0,35.0,0.65737
3003.0,36.0,0.74148
3004.0,0.0,0.805511
3004.0,1.0,0.928652
3004.0,2.0,0.998867
3004.0,3.0,0.0
3004.0,4.0,0.57262
3004.0,5.0,1.0
3004.0,6.0,0.391585
3004.0,7.0,0.686838
3004.0,8.0,0.0
3004.0,9.0,1.0
3004.0,10.0,0.947465
3004.0,11.0,0.677694
3004.0,12.0,0.565385
3004.0,13.0,0.627326
3004.0,14.0,0.483313
3004.0,15.0,0.569668
3004.0,16.0,0.556244
3004.0,17.0,0.99948
3004.0,18.0,0.598222
3004.0,19.0,0.53156
3004.0,20.0,0.624183
3004.0,21.0,0.829103
3004.0,22.0,0.359454
3004.0,23.0,0.456029
3004.0,24.0,0.152256
3004.0,25.0,0.9982
3004.0,26.0,0.461236
3004.0,27.0,0.305917
3004.0,28.0,0.670437
3004.0,29.0,0.60836
3004.0,30.0,0.0
3004.0,31.0,1.0
3004.0,32.0,0.0
3004.0,33.0,0.462333
3004.0,34.0,0.459676
3004.0,35.0,0.662763
3004.0,36.0,0.749366
3005.0,0.0,0.806439
3005.0,1.0,0.931629
3005.0,2.0,0.998841
3005.0,3.0,0.0
3005.0,4.0,0.587575
3005.0,5.0,1.0
3005.0,6.0,0.401535
3005.0,7.0,0.691122
3005.0,8.0,0.0
3005.0,9.0,1.0
3005.0,10.0,0.949189
3005.0,11.0,0.688654
3005.0,12.0,0.570585
3005.0,13.0,0.631617
3005.0,14.0,0.498159
3005.0,15.0,0.572786
3005.0,16.0,0.563926
3005.0,17.0,0.999476
3005.0,18.0,0.614437
3005.0,19.0,0.536034
3005.0,20.0,0.626502
3005.0,21.0,0.831648
3005.0,22.0,0.363651
3005.0,23.0,0.483764
3005.0,24.0,0.153413
3005.0,25.0,0.998209
3005.0,26.0,0.464526
3005.0,27.0,0.309
3005.0,28.0,0.68671
3005.0,29.0,0.622721
3005.0,30.0,0.0
3005.0,31.0,1.0
3005.0,32.0,0.0
3005.0,33.0,0.466671
3005.0,34.0,0.467323
3005.0,35.0,0.667436
3005.0,36.0,0.756579
3006.0,0.0,0.804641
3006.0,1.0,0.928871
3006.0,2.0,0.998799
3006.0,3.0,0.0
3006.0,4.0,0.571634
3006.0,5.0,1.0
3006.0,6.0,0.390795
3006.0,7.0,0.686663
3006.0,8.0,0.0
3006.0,9.0,1.0
3006.0,10.0,0.947313
3006.0,11.0,0.677794
3006.0,12.0,0.564957
3006.0,13.0,0.626297
3006.0,14.0,0.480402
3006.0,15.0,0.569269
3006.0,16.0,0.554758
3006.0,17.0,0.999461
3006.0,18.0,0.59499
3006.0,19.0,0.531609
3006.0,20.0,0.624479
3006.0,21.0,0.829079
3006.0,22.0,0.358291
3006.0,23.0,0.45257
3006.0,24.0,0.15276
3006.0,25.0,0.998143
3006.0,26.0,0.461763
3006.0,27.0,0.306182
3006.0,28.0,0.666797
3006.0,29.0,0.605736
3006.0,30.0,0.0
3006.0,31.0,1.0
3006.0,32.0,0.0
3006.0,33.0,0.462076
3006.0,34.0,0.458225
3006.0,35.0,0.662905
3006.0,36.0,0.748212
3007.0,0.0,0.804599
3007.0,1.0,0.925445
3007.0,2.0,0.998821
3007.0,3.0,0.0
3007.0,4.0,0.55587
3007.0,5.0,1.0
3007.0,6.0,0.380134
3007.0,7.0,0.681806
3007.0,8.0,0.0
3007.0,9.0,1.0
3007.0,10.0,0.94523
3007.0,11.0,0.667388
3007.0,12.0,0.559297
3007.0,13.0,0.62212
3007.0,14.0,0.464026
3007.0,15.0,0.56603
3007.0,16.0,0.545811
3007.0,17.0,0.99943
3007.0,18.0,0.576412
3007.0,19.0,0.526319
3007.0,20.0,0.622027
3007.0,21.0,0.826628
3007.0,22.0,0.353952
3007.0,23.0,0.423087
3007.0,24.0,0.152131
3007.0,25.0,0.998199
3007.0,26.0,0.458922
3007.0,27.0,0.3029
3007.0,28.0,0.646767
3007.0,29.0,0.589687
3007.0,30.0,0.0
3007.0,31.0,1.0
3007.0,32.0,0.0
3007.0,33.0,0.4573
3007.0,34.0,0.449459
3007.0,35.0,0.657523
3007.0,36.0,0.74048
3008.0,0.0,0.80416
3008.0,1.0,0.92216
3008.0,2.0,0.998866
3008.0,3.0,0.0
3008.0,4.0,0.539401
3008.0,5.0,1.0
3008.0,6.0,0.36998
3008.0,7.0,0.678266
3008.0,8.0,0.0
3008.0,9.0,1.0
3008.0,10.0,0.942906
3008.0,11.0,0.655768
3008.0,12.0,0.554889
3008.0,13.0,0.617617
3008.0,14.0,0.448032
3008.0,15.0,0.562183
3008.0,16.0,0.537604
3008.0,17.0,0.999428
3008.0,18.0,0.557941
3008.0,19.0,0.52081
3008.0,20.0,0.620074
3008.0,21.0,0.823541
3008.0,22.0,0.350515
3008.0,23.0,0.395269
3008.0,24.0,0.151301
3008.0,25.0,0.99817
3008.0,26.0,0.456105
3008.0,27.0,0.29934
3008.0,28.0,0.625794
3008.0,29.0,0.573693
3008.0,30.0,0.0
3008.0,31.0,1.0
3008.0,32.0,0.0
3008.0,33.0,0.452686
3008.0,34.0,0.441335
3008.0,35.0,0.652189
3008.0,36.0,0.733257
3009.0,0.0,0.803765
3009.0,1.0,0.91861
3009.0,2.0,0.998891
3009.0,3.0,0.0
3009.0,4.0,0.523559
3009.0,5.0,1.0
3009.0,6.0,0.359349
3009.0,7.0,0.673164
3009.0,8.0,0.0
3009.0,9.0,1.0
3009.0,10.0,0.940924
3009.0,11.0,0.645741
3009.0,12.0,0.550278
3009.0,13.0,0.612867
3009.0,14.0,0.432541
3009.0,15.0,0.559675
3009.0,16.0,0.529181
3009.0,17.0,0.999402
3009.0,18.0,0.541666
3009.0,19.0,0.516004
3009.0,20.0,0.617409
3009.0,21.0,0.820587
3009.0,22.0,0.345283
3009.0,23.0,0.370793
3009.0,24.0,0.150389
3009.0,25.0,0.998241
3009.0,26.0,0.45417
3009.0,27.0,0.297321
3009.0,28.0,0.60442
3009.0,29.0,0.558642
3009.0,30.0,0.0
3009.0,31.0,1.0
3009.0,32.0,0.0
3009.0,33.0,0.448788
3009.0,34.0,0.432836
3009.0,35.0,0.647912
3009.0,36.0,0.725751
3010.0,0.0,0.802417
3010.0,1.0,0.91512
3010.0,2.0,0.998861
3010.0,3.0,0.0
3010.0,4.0,0.50787
3010.0,5.0,1.0
3010.0,6.0,0.35021
3010.0,7.0,0.668871
3010.0,8.0,0.0
3010.0,9.0,1.0
3010.0,10.0,0.938912
3010.0,11.0,0.634894
3010.0,12.0,0.545304
3010.0,13.0,0.609019
3010.0,14.0,0.418597
3010.0,15.0,0.557068
3010.0,16.0,0.520825
3010.0,17.0,0.999406
3010.0,18.0,0.523846
3010.0,19.0,0.512688
3010.0,20.0,0.614217
3010.0,21.0,0.817198
3010.0,22.0,0.340688
3010.0,23.0,0.348801
3010.0,24.0,0.149531
3010.0,25.0,0.998309
3010.0,26.0,0.450873
3010.0,27.0,0.294083
3010.0,28.0,0.581755
3010.0,29.0,0.542473
3010.0,30.0,0.0
3010.0,31.0,1.0
3010.0,32.0,0.0
3010.0,33.0,0.444329
3010.0,34.0,0.425275
3010.0,35.0,0.642308
3010.0,36.0,0.717698
4000.0,0.0,0.842808
4000.0,1.0,0.916634
4000.0,2.0,0.999349
4000.0,3.0,0.0
4000.0,4.0,0.502323
4000.0,5.0,1.0
4000.0,6.0,0.353153
4000.0,7.0,0.676358
4000.0,8.0,0.0
4000.0,9.0,1.0
4000.0,10.0,0.961985
4000.0,11.0,0.638223
4000.0,12.0,0.535349
4000.0,13.0,0.60395
4000.0,14.0,0.42181
4000.0,15.0,0.554139
4000.0,16.0,0.508735
4000.0,17.0,1.0
4000.0,18.0,0.525708
4000.0,19.0,0.522352
4000.0,20.0,0.633964
4000.0,21.0,0.811462
4000.0,22.0,0.339684
4000.0,23.0,0.351999
4000.0,24.0,0.121848
4000.0,25.0,0.998464
4000.0,26.0,0.441416
4000.0,27.0,0.29411
4000.0,28.0,0.583876
4000.0,29.0,0.535713
4000.0,30.0,0.0
4000.0,31.0,1.0
4000.0,32.0,0.0
4000.0,33.0,0.436731
4000.0,34.0,0.429648
4000.0,35.0,0.650068
4000.0,36.0,0.727431
4001.0,0.0,0.843231
4001.0,1.0,0.921206
4001.0,2.0,0.999334
4001.0,3.0,0.0
4001.0,4.0,0.520247
4001.0,5.0,1.0
4001.0,6.0,0.363502
4001.0,7.0,0.680254
4001.0,8.0,0.0
4001.0,9.0,1.0
4001.0,10.0,0.963197
4001.0,11.0,0.649759
4001.0,12.0,0.540202
4001.0,13.0,0.608757
4001.0,14.0,0.439649
4001.0,15.0,0.557261
4001.0,16.0,0.518206
4001.0,17.0,1.0
4001.0,18.0,0.545352
4001.0,19.0,0.528479
4001.0,20.0,0.636193
4001.0,21.0,0.814168
4001.0,22.0,0.344043
4001.0,23.0,0.378745
4001.0,24.0,0.122903
4001.0,25.0,0.998455
4001.0,26.0,0.444938
4001.0,27.0,0.297136
4001.0,28.0,0.60884
4001.0,29.0,0.553482
4001.0,30.0,0.0
4001.0,31.0,1.0
4001.0,32.0,0.0
4001.0,33.0,0.44169
4001.0,34.0,0.438421
4001.0,35.0,0.655421
4001.0,36.0,0.734885
4002.0,0.0,0.844227
4002.0,1.0,0.924352
4002.0,2.0,0.999333
4002.0,3.0,0.0
4002.0,4.0,0.536624
4002.0,5.0,1.0
4002.0,6.0,0.373695
4002.0,7.0,0.68414
4002.0,8.0,0.0
4002.0,9.0,1.0
4002.0,10.0,0.964357
4002.0,11.0,0.661519
4002.0,12.0,0.544703
4002.0,13.0,0.613933
4002.0,14.0,0.45637
4002.0,15.0,0.560055
4002.0,16.0,0.527918
4002.0,17.0,1.0
4002.0,18.0,0.564262
4002.0,19.0,0.533329
4002.0,20.0,0.638339
4002.0,21.0,0.817145
4002.0,22.0,0.347957
4002.0,23.0,0.404914
4002.0,24.0,0.123536
4002.0,25.0,0.998456
4002.0,26.0,0.447683
4002.0,27.0,0.300735
4002.0,28.0,0.631309
4002.0,29.0,0.570347
4002.0,30.0,0.0
4002.0,31.0,1.0
4002.0,32.0,0.0
4002.0,33.0,0.44701
4002.0,34.0,0.446638
4002.0,35.0,0.661199
4002.0,36.0,0.741525
4003.0,0.0,0.844852
4003.0,1.0,0.927765
4003.0,2.0,0.99929
4003.0,3.0,0.0
4003.0,4.0,0.552526
4003.0,5.0,1.0
4003.0,6.0,0.384044
4003.0,7.0,0.687903
4003.0,8.0,0.0
4003.0,9.0,1.0
4003.0,10.0,0.965394
4003.0,11.0,0.672538
4003.0,12.0,0.548308
4003.0,13.0,0.618695
4003.0,14.0,0.472612
4003.0,15.0,0.563409
4003.0,16.0,0.536271
4003.0,17.0,1.0
4003.0,18.0,0.582181
4003.0,19.0,0.538774
4003.0,20.0,0.640887
4003.0,21.0,0.819915
4003.0,22.0,0.351201
4003.0,23.0,0.432944
4003.0,24.0,0.124178
4003.0,25.0,0.998512
4003.0,26.0,0.450908
4003.0,27.0,0.304053
4003.0,28.0,0.651744
4003.0,29.0,0.587012
4003.0,30.0,0.0
4003.0,31.0,1.0
4003.0,32.0,0.0
4003.0,33.0,0.452184
4003.0,34.0,0.45512
4003.0,35.0,0.666652
4003.0,36.0,0.749038
4004.0,0.0,0.846557
4004.0,1.0,0.931202
4004.0,2.0,0.999331
4004.0,3.0,0.0
4004.0,4.0,0.567579
4004.0,5.0,1.0
4004.0,6.0,0.394533
4004.0,7.0,0.6924
4004.0,8.0,0.0
4004.0,9.0,1.0
4004.0,10.0,0.966306
4004.0,11.0,0.683222
4004.0,12.0,0.553013
4004.0,13.0,0.623748
4004.0,14.0,0.488549
4004.0,15.0,0.566886
4004.0,16.0,0.544505
4004.0,17.0,1.0
4004.0,18.0,0.599772
4004.0,19.0,0.543111
4004.0,20.0,0.642274
4004.0,21.0,0.822734
4004.0,22.0,0.354967
4004.0,23.0,0.46051
4004.0,24.0,0.124616
4004.0,25.0,0.998575
4004.0,26.0,0.453531
4004.0,27.0,0.308109
4004.0,28.0,0.671334
4004.0,29.0,0.602337
4004.0,30.0,0.0
4004.0,31.0,1.0
4004.0,32.0,0.0
4004.0,33.0,0.456783
4004.0,34.0,0.463127
4004.0,35.0,0.67208
4004.0,36.0,0.75609
4005.0,0.0,0.847569
4005.0,1.0,0.934564
4005.0,2.0,0.999353
4005.0,3.0,0.0
4005.0,4.0,0.581833
4005.0,5.0,1.0
4005.0,6.0,0.404688
4005.0,7.0,0.695751
4005.0,8.0,0.0
4005.0,9.0,1.0
4005.0,10.0,0.967329
4005.0,11.0,0.694077
4005.0,12.0,0.557157
4005.0,13.0,0.628657
4005.0,14.0,0.503406
4005.0,15.0,0.569682
4005.0,16.0,0.553002
4005.0,17.0,1.0
4005.0,18.0,0.615136
4005.0,19.0,0.547297
4005.0,20.0,0.645114
4005.0,21.0,0.82569
4005.0,22.0,0.358604
4005.0,23.0,0.488877
4005.0,24.0,0.125138
4005.0,25.0,0.998559
4005.0,26.0,0.456988
4005.0,27.0,0.310738
4005.0,28.0,0.688662
4005.0,29.0,0.616935
4005.0,30.0,0.0
4005.0,31.0,1.0
4005.0,32.0,0.0
4005.0,33.0,0.460081
4005.0,34.0,0.470625
4005.0,35.0,0.677313
4005.0,36.0,0.762573
4006.0,0.0,0.846437
4006.0,1.0,0.931367
4006.0,2.0,0.999372
4006.0,3.0,0.0
4006.0,4.0,0.565564
4006.0,5.0,1.0
4006.0,6.0,0.392919
4006.0,7.0,0.692358
4006.0,8.0,0.0
4006.0,9.0,1.0
4006.0,10.0,0.96622
4006.0,11.0,0.68226
4006.0,12.0,0.552879
4006.0,13.0,0.623726
4006.0,14.0,0.485846
4006.0,15.0,0.567101
4006.0,16.0,0.543969
4006.0,17.0,1.0
4006.0,18.0,0.596231
4006.0,19.0,0.543474
4006.0,20.0,0.642447
4006.0,21.0,0.822763
4006.0,22.0,0.354059
4006.0,23.0,0.456526
4006.0,24.0,0.124232
4006.0,25.0,0.998598
4006.0,26.0,0.453838
4006.0,27.0,0.307348
4006.0,28.0,0.667988
4006.0,29.0,0.60007
4006.0,30.0,0.0
4006.0,31.0,1.0
4006.0,32.0,0.0
4006.0,33.0,0.45497
4006.0,34.0,0.460904
4006.0,35.0,0.672334
4006.0,36.0,0.755526
4007.0,0.0,0.845276
4007.0,1.0,0.928326
4007.0,2.0,0.999371
4007.0,3.0,0.0
4007.0,4.0,0.549331
4007.0,5.0,1.0
4007.0,6.0,0.382752
4007.0,7.0,0.688355
4007.0,8.0,0.0
4007.0,9.0,1.0
4007.0,10.0,0.965052
4007.0,11.0,0.670756
4007.0,12.0,0.548133
4007.0,13.0,0.618766
4007.0,14.0,0.469809
4007.0,15.0,0.563744
4007.0,16.0,0.535048
4007.0,17.0,1.0
4007.0,18.0,0.577069
4007.0,19.0,0.538161
4007.0,20.0,0.640014
4007.0,21.0,0.820552
4007.0,22.0,0.350186
4007.0,23.0,0.427661
4007.0,24.0,0.123465
4007.0,25.0,0.998552
4007.0,26.0,0.451563
4007.0,27.0,0.305034
4007.0,28.0,0.648241
4007.0,29.0,0.584013
4007.0,30.0,0.0
4007.0,31.0,1.0
4007.0,32.0,0.0
4007.0,33.0,0.450159
4007.0,34.0,0.452089
4007.0,35.0,0.66684
4007.0,36.0,0.747622
4008.0,0.0,0.844196
4008.0,1.0,0.925115
4008.0,2.0,0.999356
4008.0,3.0,0.0
4008.0,4.0,0.532925
4008.0,5.0,1.0
4008.0,6.0,0.372206
4008.0,7.0,0.685213
4008.0,8.0,0.0
4008.0,9.0,1.0
4008.0,10.0,0.963846
4008.0,11.0,0.659476
4008.0,12.0,0.543454
4008.0,13.0,0.614006
4008.0,14.0,0.453951
4008.0,15.0,0.560212
4008.0,16.0,0.525368
4008.0,17.0,1.0
4008.0,18.0,0.558104
4008.0,19.0,0.533105
4008.0,20.0,0.637067
4008.0,21.0,0.817479
4008.0,22.0,0.346251
4008.0,23.0,0.400085
4008.0,24.0,0.123201
4008.0,25.0,0.998569
4008.0,26.0,0.448313
4008.0,27.0,0.302207
4008.0,28.0,0.627186
4008.0,29.0,0.568145
4008.0,30.0,0.0
4008.0,31.0,1.0
4008.0,32.0,0.0
4008.0,33.0,0.445617
4008.0,34.0,0.443682
4008.0,35.0,0.662024
4008.0,36.0,0.74013
4009.0,0.0,0.843182
4009.0,1.0,0.921875
4009.0,2.0,0.999341
4009.0,3.0,0.0
4009.0,4.0,0.517147
4009.0,5.0,1.0
4009.0,6.0,0.362749
4009.0,7.0,0.681162
4009.0,8.0,0.0
4009.0,9.0,1.0
4009.0,10.0,0.962591
4009.0,11.0,0.648948
4009.0,12.0,0.538841
4009.0,13.0,0.609379
4009.0,14.0,0.438427
4009.0,15.0,0.557007
4009.0,16.0,0.516802
4009.0,17.0,1.0
4009.0,18.0,0.539205
4009.0,19.0,0.527967
4009.0,20.0,0.634494
4009.0,21.0,0.814436
4009.0,22.0,0.342101
4009.0,23.0,0.374453
4009.0,24.0,0.121533
4009.0,25.0,0.998594
4009.0,26.0,0.445781
4009.0,27.0,0.299235
4009.0,28.0,0.605934
4009.0,29.0,0.551858
4009.0,30.0,0.0
4009.0,31.0,1.0
4009.0,32.0,0.0
4009.0,33.0,0.440909
4009.0,34.0,0.434366
4009.0,35.0,0.657369
4009.0,36.0,0.732211
4010.0,0.0,0.841511
4010.0,1.0,0.918383
4010.0,2.0,0.999395
4010.0,3.0,0.0
4010.0,4.0,0.501354
4010.0,5.0,1.0
4010.0,6.0,0.352483
4010.0,7.0,0.677473
4010.0,8.0,0.0
4010.0,9.0,1.0
4010.0,10.0,0.961235
4010.0,11.0,0.638227
4010.0,12.0,0.534737
4010.0,13.0,0.605268
4010.0,14.0,0.423751
4010.0,15.0,0.553372
4010.0,16.0,0.50886
4010.0,17.0,1.0
4010.0,18.0,0.522068
4010.0,19.0,0.523461
4010.0,20.0,0.632221
4010.0,21.0,0.812146
4010.0,22.0,0.339137
4010.0,23.0,0.35151
4010.0,24.0,0.120851
4010.0,25.0,0.998559
4010.0,26.0,0.443288
4010.0,27.0,0.29557
4010.0,28.0,0.583933
4010.0,29.0,0.536953
4010.0,30.0,0.0
4010.0,31.0,1.0
4010.0,32.0,0.0
4010.0,33.0,0.436346
4010.0,34.0,0.425595
4010.0,35.0,0.652862
4010.0,36.0,0.725008
5000.0,0.0,0.857864
5000.0,1.0,0.91702
5000.0,2.0,1.0
5000.0,3.0,0.0
5000.0,4.0,0.509681
5000.0,5.0,1.0
5000.0,6.0,0.356011
5000.0,7.0,0.672206
5000.0,8.0,0.0
5000.0,9.0,1.0
5000.0,10.0,0.970367
5000.0,11.0,0.637162
5000.0,12.0,0.531838
5000.0,13.0,0.603248
5000.0,14.0,0.419278
5000.0,15.0,0.553399
5000.0,16.0,0.514036
5000.0,17.0,1.0
5000.0,18.0,0.523072
5000.0,19.0,0.522203
5000.0,20.0,0.625344
5000.0,21.0,0.804518
5000.0,22.0,0.343784
5000.0,23.0,0.346864
5000.0,24.0,0.094107
5000.0,25.0,0.999721
5000.0,26.0,0.447086
5000.0,27.0,0.296439
5000.0,28.0,0.582396
5000.0,29.0,0.539192
5000.0,30.0,0.0
5000.0,31.0,1.0
5000.0,32.0,0.0
5000.0,33.0,0.436451
5000.0,34.0,0.432454
5000.0,35.0,0.653755
5000.0,36.0,0.724819
5001.0,0.0,0.858468
5001.0,1.0,0.921197
5001.0,2.0,1.0
5001.0,3.0,0.0
5001.0,4.0,0.527626
5001.0,5.0,1.0
5001.0,6.0,0.366202
5001.0,7.0,0.676193
5001.0,8.0,0.0
5001.0,9.0,1.0
5001.0,10.0,0.971566
5001.0,11.0,0.648735
5001.0,12.0,0.537355
5001.0,13.0,0.608969
5001.0,14.0,0.437172
5001.0,15.0,0.556932
5001.0,16.0,0.523704
5001.0,17.0,1.0
5001.0,18.0,0.542571
5001.0,19.0,0.527694
5001.0,20.0,0.627151
5001.0,21.0,0.807448
5001.0,22.0,0.348228
5001.0,23.0,0.37397
5001.0,24.0,0.095245
5001.0,25.0,0.999718
5001.0,26.0,0.449878
5001.0,27.0,0.300152
5001.0,28.0,0.608204
5001.0,29.0,0.557384
5001.0,30.0,0.0
5001.0,31.0,1.0
5001.0,32.0,0.0
5001.0,33.0,0.441698
5001.0,34.0,0.441305
5001.0,35.0,0.65866
5001.0,36.0,0.732242
5002.0,0.0,0.859895
5002.0,1.0,0.925049
5002.0,2.0,1.0
5002.0,3.0,0.0
5002.0,4.0,0.543755
5002.0,5.0,1.0
5002.0,6.0,0.377017
5002.0,7.0,0.679743
5002.0,8.0,0.0
5002.0,9.0,1.0
5002.0,10.0,0.972353
5002.0,11.0,0.660978
5002.0,12.0,0.54253
5002.0,13.0,0.614608
5002.0,14.0,0.454229
5002.0,15.0,0.559463
5002.0,16.0,0.532394
5002.0,17.0,1.0
5002.0,18.0,0.561686
5002.0,19.0,0.53255
5002.0,20.0,0.628855
5002.0,21.0,0.810281
5002.0,22.0,0.352361
5002.0,23.0,0.401375
5002.0,24.0,0.096571
5002.0,25.0,0.999718
5002.0,26.0,0.452407
5002.0,27.0,0.303487
5002.0,28.0,0.630582
5002.0,29.0,0.574489
5002.0,30.0,0.0
5002.0,31.0,1.0
5002.0,32.0,0.0
5002.0,33.0,0.446981
5002.0,34.0,0.449708
5002.0,35.0,0.664479
5002.0,36.0,0.739615
5003.0,0.0,0.861324
5003.0,1.0,0.928429
5003.0,2.0,1.0
5003.0,3.0,0.0
5003.0,4.0,0.559154
5003.0,5.0,1.0
5003.0,6.0,0.387209
5003.0,7.0,0.684393
5003.0,8.0,0.0
5003.0,9.0,1.0
5003.0,10.0,0.973091
5003.0,11.0,0.671765
5003.0,12.0,0.548502
5003.0,13.0,0.619236
5003.0,14.0,0.470829
5003.0,15.0,0.562755
5003.0,16.0,0.541466
5003.0,17.0,1.0
5003.0,18.0,0.579449
5003.0,19.0,0.537484
5003.0,20.0,0.630734
5003.0,21.0,0.813304
5003.0,22.0,0.356302
5003.0,23.0,0.428778
5003.0,24.0,0.097266
5003.0,25.0,0.999718
5003.0,26.0,0.454573
5003.0,27.0,0.305501
5003.0,28.0,0.651768
5003.0,29.0,0.590882
5003.0,30.0,0.0
5003.0,31.0,1.0
5003.0,32.0,0.0
5003.0,33.0,0.450789
5003.0,34.0,0.457782
5003.0,35.0,0.668723
5003.0,36.0,0.747042
5004.0,0.0,0.862184
5004.0,1.0,0.931631
5004.0,2.0,1.0
5004.0,3.0,0.0
5004.0,4.0,0.574018
5004.0,5.0,1.0
5004.0,6.0,0.397535
5004.0,7.0,0.689034
5004.0,8.0,0.0
5004.0,9.0,1.0
5004.0,10.0,0.973957
5004.0,11.0,0.682725
5004.0,12.0,0.553994
5004.0,13.0,0.623814
5004.0,14.0,0.487404
5004.0,15.0,0.566782
5004.0,16.0,0.549203
5004.0,17.0,1.0
5004.0,18.0,0.597065
5004.0,19.0,0.541781
5004.0,20.0,0.632861
5004.0,21.0,0.816422
5004.0,22.0,0.360855
5004.0,23.0,0.457305
5004.0,24.0,0.098058
5004.0,25.0,0.999733
5004.0,26.0,0.456646
5004.0,27.0,0.308064
5004.0,28.0,0.670027
5004.0,29.0,0.606
5004.0,30.0,0.0
5004.0,31.0,1.0
5004.0,32.0,0.0
5004.0,33.0,0.4556
5004.0,34.0,0.465584
5004.0,35.0,0.673004
5004.0,36.0,0.753886
5005.0,0.0,0.863185
5005.0,1.0,0.934687
5005.0,2.0,1.0
5005.0,3.0,0.0
5005.0,4.0,0.5888
5005.0,5.0,1.0
5005.0,6.0,0.407833
5005.0,7.0,0.692467
5005.0,8.0,0.0
5005.0,9.0,1.0
5005.0,10.0,0.975001
5005.0,11.0,0.693254
5005.0,12.0,0.558282
5005.0,13.0,0.628614
5005.0,14.0,0.502787
5005.0,15.0,0.569926
5005.0,16.0,0.557137
5005.0,17.0,1.0
5005.0,18.0,0.612898
5005.0,19.0,0.546089
5005.0,20.0,0.634726
5005.0,21.0,0.819
5005.0,22.0,0.364404
5005.0,23.0,0.485857
5005.0,24.0,0.098976
5005.0,25.0,0.999753
5005.0,26.0,0.458882
5005.0,27.0,0.311109
5005.0,28.0,0.688218
5005.0,29.0,0.620993
5005.0,30.0,0.0
5005.0,31.0,1.0
5005.0,32.0,0.0
5005.0,33.0,0.46025
5005.0,34.0,0.473938
5005.0,35.0,0.677555
5005.0,36.0,0.761106
5006.0,0.0,0.862727
5006.0,1.0,0.931351
5006.0,2.0,1.0
5006.0,3.0,0.0
5006.0,4.0,0.572565
5006.0,5.0,1.0
5006.0,6.0,0.396393
5006.0,7.0,0.68819
5006.0,8.0,0.0
5006.0,9.0,1.0
5006.0,10.0,0.973824
5006.0,11.0,0.681285
5006.0,12.0,0.552968
5006.0,13.0,0.623989
5006.0,14.0,0.485022
5006.0,15.0,0.565484
5006.0,16.0,0.54886
5006.0,17.0,1.0
5006.0,18.0,0.594357
5006.0,19.0,0.541797
5006.0,20.0,0.631905
5006.0,21.0,0.81617
5006.0,22.0,0.360583
5006.0,23.0,0.454301
5006.0,24.0,0.098629
5006.0,25.0,0.99974
5006.0,26.0,0.454564
5006.0,27.0,0.307536
5006.0,28.0,0.668339
5006.0,29.0,0.603972
5006.0,30.0,0.0
5006.0,31.0,1.0
5006.0,32.0,0.0
5006.0,33.0,0.45529
5006.0,34.0,0.464961
5006.0,35.0,0.673219
5006.0,36.0,0.753726
5007.0,0.0,0.861986
5007.0,1.0,0.928038
5007.0,2.0,1.0
5007.0,3.0,0.0
5007.0,4.0,0.556508
5007.0,5.0,1.0
5007.0,6.0,0.384806
5007.0,7.0,0.684163
5007.0,8.0,0.0
5007.0,9.0,1.0
5007.0,10.0,0.972705
5007.0,11.0,0.670629
5007.0,12.0,0.548275
5007.0,13.0,0.619666
5007.0,14.0,0.468068
5007.0,15.0,0.56236
5007.0,16.0,0.539963
5007.0,17.0,1.0
5007.0,18.0,0.575781
5007.0,19.0,0.537358
5007.0,20.0,0.629802
5007.0,21.0,0.813659
5007.0,22.0,0.357172
5007.0,23.0,0.425704
5007.0,24.0,0.097608
5007.0,25.0,0.999746
5007.0,26.0,0.452213
5007.0,27.0,0.30457
5007.0,28.0,0.648345
5007.0,29.0,0.586717
5007.0,30.0,0.0
5007.0,31.0,1.0
5007.0,32.0,0.0
5007.0,33.0,0.449594
5007.0,34.0,0.455739
5007.0,35.0,0.668302
5007.0,36.0,0.745677
5008.0,0.0,0.861463
5008.0,1.0,0.924472
5008.0,2.0,1.0
5008.0,3.0,0.0
5008.0,4.0,0.540878
5008.0,5.0,1.0
5008.0,6.0,0.374985
5008.0,7.0,0.679795
5008.0,8.0,0.0
5008.0,9.0,1.0
5008.0,10.0,0.971777
5008.0,11.0,0.65915
5008.0,12.0,0.544326
5008.0,13.0,0.614641
5008.0,14.0,0.452769
5008.0,15.0,0.558739
5008.0,16.0,0.531182
5008.0,17.0,1.0
5008.0,18.0,0.556909
5008.0,19.0,0.532841
5008.0,20.0,0.6275
5008.0,21.0,0.811023
5008.0,22.0,0.352995
5008.0,23.0,0.398123
5008.0,24.0,0.09651
5008.0,25.0,0.999761
5008.0,26.0,0.449721
5008.0,27.0,0.300578
5008.0,28.0,0.628302
5008.0,29.0,0.571422
5008.0,30.0,0.0
5008.0,31.0,1.0
5008.0,32.0,0.0
5008.0,33.0,0.444479
5008.0,34.0,0.446605
5008.0,35.0,0.663894
5008.0,36.0,0.738018
5009.0,0.0,0.860395
5009.0,1.0,0.920524
5009.0,2.0,1.0
5009.0,3.0,0.0
5009.0,4.0,0.525789
5009.0,5.0,1.0
5009.0,6.0,0.364993
5009.0,7.0,0.675797
5009.0,8.0,0.0
5009.0,9.0,1.0
5009.0,10.0,0.970615
5009.0,11.0,0.649259
5009.0,12.0,0.5399
5009.0,13.0,0.609671
5009.0,14.0,0.437911
5009.0,15.0,0.554357
5009.0,16.0,0.52214
5009.0,17.0,1.0
5009.0,18.0,0.539759
5009.0,19.0,0.528349
5009.0,20.0,0.625398
5009.0,21.0,0.807981
5009.0,22.0,0.348518
5009.0,23.0,0.372923
5009.0,24.0,0.095556
5009.0,25.0,0.99973
5009.0,26.0,0.446255
5009.0,27.0,0.29716
5009.0,28.0,0.606332
5009.0,29.0,0.555819
5009.0,30.0,0.0
5009.0,31.0,1.0
5009.0,32.0,0.0
5009.0,33.0,0.438812
5009.0,34.0,0.438951
5009.0,35.0,0.659144
5009.0,36.0,0.731229
5010.0,0.0,0.859925
5010.0,1.0,0.91699
5010.0,2.0,1.0
5010.0,3.0,0.0
5010.0,4.0,0.509916
5010.0,5.0,1.0
5010.0,6.0,0.354479
5010.0,7.0,0.672702
5010.0,8.0,0.0
5010.0,9.0,1.0
5010.0,10.0,0.969568
5010.0,11.0,0.638871
5010.0,12.0,0.535453
5010.0,13.0,0.604877
5010.0,14.0,0.424165
5010.0,15.0,0.551744
5010.0,16.0,0.512533
5010.0,17.0,1.0
5010.0,18.0,0.523269
5010.0,19.0,0.524417
5010.0,20.0,0.623133
5010.0,21.0,0.804083
5010.0,22.0,0.344732
5010.0,23.0,0.348879
5010.0,24.0,0.094831
5010.0,25.0,0.999744
5010.0,26.0,0.443005
5010.0,27.0,0.293511
5010.0,28.0,0.584974
5010.0,29.0,0.539931
5010.0,30.0,0.0
5010.0,31.0,1.0
5010.0,32.0,0.0
5010.0,33.0,0.434347
5010.0,34.0,0.430833
5010.0,35.0,0.655033
5010.0,36.0,0.723835
6000.0,0.0,0.884592
6000.0,1.0,0.908843
6000.0,2.0,1.0
6000.0,3.0,0.0
6000.0,4.0,0.506538
6000.0,5.0,1.0
6000.0,6.0,0.354925
6000.0,7.0,0.671105
6000.0,8.0,0.0
6000.0,9.0,1.0
6000.0,10.0,0.98199
6000.0,11.0,0.634542
6000.0,12.0,0.539839
6000.0,13.0,0.60103
6000.0,14.0,0.421708
6000.0,15.0,0.568784
6000.0,16.0,0.520329
6000.0,17.0,1.0
6000.0,18.0,0.522438
6000.0,19.0,0.511518
6000.0,20.0,0.622206
6000.0,21.0,0.805912
6000.0,22.0,0.333495
6000.0,23.0,0.349903
6000.0,24.0,0.078447
6000.0,25.0,1.0
6000.0,26.0,0.446596
6000.0,27.0,0.293277
6000.0,28.0,0.579402
6000.0,29.0,0.539829
6000.0,30.0,0.0
6000.0,31.0,1.0
6000.0,32.0,0.0
6000.0,33.0,0.434128
6000.0,34.0,0.428444
6000.0,35.0,0.652143
6000.0,36.0,0.730527
6001.0,0.0,0.885291
6001.0,1.0,0.913304
6001.0,2.0,1.0
6001.0,3.0,0.0
6001.0,4.0,0.524061
6001.0,5.0,1.0
6001.0,6.0,0.366548
6001.0,7.0,0.675964
6001.0,8.0,0.0
6001.0,9.0,1.0
6001.0,10.0,0.982478
6001.0,11.0,0.64668
6001.0,12.0,0.545784
6001.0,13.0,0.607404
6001.0,14.0,0.438667
6001.0,15.0,0.57195
6001.0,16.0,0.53019
6001.0,17.0,1.0
6001.0,18.0,0.542807
6001.0,19.0,0.516206
6001.0,20.0,0.624113
6001.0,21.0,0.808365
6001.0,22.0,0.337377
6001.0,23.0,0.374367
6001.0,24.0,0.078944
6001.0,25.0,1.0
6001.0,26.0,0.449596
6001.0,27.0,0.297723
6001.0,28.0,0.604985
6001.0,29.0,0.557868
6001.0,30.0,0.0
6001.0,31.0,1.0
6001.0,32.0,0.0
6001.0,33.0,0.438946
6001.0,34.0,0.436521
6001.0,35.0,0.657234
6001.0,36.0,0.738557
6002.0,0.0,0.886412
6002.0,1.0,0.917702
6002.0,2.0,1.0
6002.0,3.0,0.0
6002.0,4.0,0.539764
6002.0,5.0,1.0
6002.0,6.0,0.376654
6002.0,7.0,0.679748
6002.0,8.0,0.0
6002.0,9.0,1.0
6002.0,10.0,0.98297
6002.0,11.0,0.658271
6002.0,12.0,0.550396
6002.0,13.0,0.613432
6002.0,14.0,0.455544
6002.0,15.0,0.575333
6002.0,16.0,0.539163
6002.0,17.0,1.0
6002.0,18.0,0.561744
6002.0,19.0,0.520446
6002.0,20.0,0.625672
6002.0,21.0,0.811795
6002.0,22.0,0.341478
6002.0,23.0,0.400399
6002.0,24.0,0.079768
6002.0,25.0,1.0
6002.0,26.0,0.452066
6002.0,27.0,0.300177
6002.0,28.0,0.627821
6002.0,29.0,0.574982
6002.0,30.0,0.0
6002.0,31.0,1.0
6002.0,32.0,0.0
6002.0,33.0,0.443883
6002.0,34.0,0.445094
6002.0,35.0,0.662382
6002.0,36.0,0.746454
6003.0,0.0,0.886978
6003.0,1.0,0.921467
6003.0,2.0,1.0
6003.0,3.0,0.0
6003.0,4.0,0.556457
6003.0,5.0,1.0
6003.0,6.0,0.387094
6003.0,7.0,0.684962
6003.0,8.0,0.0
6003.0,9.0,1.0
6003.0,10.0,0.983485
6003.0,11.0,0.670168
6003.0,12.0,0.55482
6003.0,13.0,0.618231
6003.0,14.0,0.470813
6003.0,15.0,0.578165
6003.0,16.0,0.548556
6003.0,17.0,1.0
6003.0,18.0,0.578972
6003.0,19.0,0.524682
6003.0,20.0,0.627588
6003.0,21.0,0.814548
6003.0,22.0,0.346308
6003.0,23.0,0.42804
6003.0,24.0,0.080277
6003.0,25.0,1.0
6003.0,26.0,0.454844
6003.0,27.0,0.302746
6003.0,28.0,0.649375
6003.0,29.0,0.591278
6003.0,30.0,0.0
6003.0,31.0,1.0
6003.0,32.0,0.0
6003.0,33.0,0.44848
6003.0,34.0,0.453997
6003.0,35.0,0.667829
6003.0,36.0,0.753406
6004.0,0.0,0.887073
6004.0,1.0,0.925079
6004.0,2.0,1.0
6004.0,3.0,0.0
6004.0,4.0,0.570595
6004.0,5.0,1.0
6004.0,6.0,0.397892
6004.0,7.0,0.688798
6004.0,8.0,0.0
6004.0,9.0,1.0
6004.0,10.0,0.983846
6004.0,11.0,0.680543
6004.0,12.0,0.559432
6004.0,13.0,0.623249
6004.0,14.0,0.486203
6004.0,15.0,0.581355
6004.0,16.0,0.556649
6004.0,17.0,1.0
6004.0,18.0,0.596551
6004.0,19.0,0.528971
6004.0,20.0,0.62996
6004.0,21.0,0.816782
6004.0,22.0,0.350215
6004.0,23.0,0.456231
6004.0,24.0,0.080952
6004.0,25.0,1.0
6004.0,26.0,0.457026
6004.0,27.0,0.305839
6004.0,28.0,0.668465
6004.0,29.0,0.606627
6004.0,30.0,0.0
6004.0,31.0,1.0
6004.0,32.0,0.0
6004.0,33.0,0.452861
6004.0,34.0,0.462474
6004.0,35.0,0.673659
6004.0,36.0,0.7609
6005.0,0.0,0.887696
6005.0,1.0,0.928217
6005.0,2.0,1.0
6005.0,3.0,0.0
6005.0,4.0,0.585645
6005.0,5.0,1.0
6005.0,6.0,0.408306
6005.0,7.0,0.693147
6005.0,8.0,0.0
6005.0,9.0,1.0
6005.0,10.0,0.984192
6005.0,11.0,0.691176
6005.0,12.0,0.564079
6005.0,13.0,0.627749
6005.0,14.0,0.501474
6005.0,15.0,0.584767
6005.0,16.0,0.564995
6005.0,17.0,1.0
6005.0,18.0,0.613256
6005.0,19.0,0.532928
6005.0,20.0,0.632888
6005.0,21.0,0.820008
6005.0,22.0,0.354221
6005.0,23.0,0.485022
6005.0,24.0,0.081495
6005.0,25.0,1.0
6005.0,26.0,0.460136
6005.0,27.0,0.309594
6005.0,28.0,0.686108
6005.0,29.0,0.621446
6005.0,30.0,0.0
6005.0,31.0,1.0
6005.0,32.0,0.0
6005.0,33.0,0.457048
6005.0,34.0,0.470594
6005.0,35.0,0.677659
6005.0,36.0,0.768356
6006.0,0.0,0.887449
6006.0,1.0,0.924222
6006.0,2.0,1.0
6006.0,3.0,0.0
6006.0,4.0,0.569438
6006.0,5.0,1.0
6006.0,6.0,0.396876
6006.0,7.0,0.688249
6006.0,8.0,0.0
6006.0,9.0,1.0
6006.0,10.0,0.983469
6006.0,11.0,0.680837
6006.0,12.0,0.559137
6006.0,13.0,0.621776
6006.0,14.0,0.483719
6006.0,15.0,0.581836
6006.0,16.0,0.556953
6006.0,17.0,1.0
6006.0,18.0,0.593324
6006.0,19.0,0.52739
6006.0,20.0,0.630453
6006.0,21.0,0.817032
6006.0,22.0,0.349945
6006.0,23.0,0.453295
6006.0,24.0,0.080733
6006.0,25.0,1.0
6006.0,26.0,0.456874
6006.0,27.0,0.306985
6006.0,28.0,0.664542
6006.0,29.0,0.603888
6006.0,30.0,0.0
6006.0,31.0,1.0
6006.0,32.0,0.0
6006.0,33.0,0.45262
6006.0,34.0,0.461246
6006.0,35.0,0.672358
6006.0,36.0,0.760919
6007.0,0.0,0.886985
6007.0,1.0,0.920974
6007.0,2.0,1.0
6007.0,3.0,0.0
6007.0,4.0,0.552828
6007.0,5.0,1.0
6007.0,6.0,0.386178
6007.0,7.0,0.68357
6007.0,8.0,0.0
6007.0,9.0,1.0
6007.0,10.0,0.982858
6007.0,11.0,0.66943
6007.0,12.0,0.555053
6007.0,13.0,0.615905
6007.0,14.0,0.466704
6007.0,15.0,0.578764
6007.0,16.0,0.547717
6007.0,17.0,1.0
6007.0,18.0,0.575148
6007.0,19.0,0.522248
6007.0,20.0,0.627884
6007.0,21.0,0.814489
6007.0,22.0,0.345745
6007.0,23.0,0.423901
6007.0,24.0,0.080319
6007.0,25.0,1.0
6007.0,26.0,0.453343
6007.0,27.0,0.303012
6007.0,28.0,0.643546
6007.0,29.0,0.586904
6007.0,30.0,0.0
6007.0,31.0,1.0
6007.0,32.0,0.0
6007.0,33.0,0.448048
6007.0,34.0,0.453137
6007.0,35.0,0.667138
6007.0,36.0,0.753492
6008.0,0.0,0.886814
6008.0,1.0,0.916653
6008.0,2.0,1.0
6008.0,3.0,0.0
6008.0,4.0,0.536746
6008.0,5.0,1.0
6008.0,6.0,0.375405
6008.0,7.0,0.679696
6008.0,8.0,0.0
6008.0,9.0,1.0
6008.0,10.0,0.98201
6008.0,11.0,0.658255
6008.0,12.0,0.549826
6008.0,13.0,0.610022
6008.0,14.0,0.450237
6008.0,15.0,0.575448
6008.0,16.0,0.539341
6008.0,17.0,1.0
6008.0,18.0,0.557104
6008.0,19.0,0.517264
6008.0,20.0,0.626057
6008.0,21.0,0.811714
6008.0,22.0,0.341422
6008.0,23.0,0.396279
6008.0,24.0,0.07985
6008.0,25.0,1.0
6008.0,26.0,0.450034
6008.0,27.0,0.299386
6008.0,28.0,0.622733
6008.0,29.0,0.570734
6008.0,30.0,0.0
6008.0,31.0,1.0
6008.0,32.0,0.0
6008.0,33.0,0.443205
6008.0,34.0,0.44455
6008.0,35.0,0.661768
6008.0,36.0,0.745965
6009.0,0.0,0.886052
6009.0,1.0,0.912954
6009.0,2.0,1.0
6009.0,3.0,0.0
6009.0,4.0,0.520661
6009.0,5.0,1.0
6009.0,6.0,0.365253
6009.0,7.0,0.675632
6009.0,8.0,0.0
6009.0,9.0,1.0
6009.0,10.0,0.981419
6009.0,11.0,0.647147
6009.0,12.0,0.544807
6009.0,13.0,0.604852
6009.0,14.0,0.435071
6009.0,15.0,0.572175
6009.0,16.0,0.531871
6009.0,17.0,1.0
6009.0,18.0,0.539839
6009.0,19.0,0.511886
6009.0,20.0,0.623457
6009.0,21.0,0.808752
6009.0,22.0,0.337164
6009.0,23.0,0.371885
6009.0,24.0,0.079332
6009.0,25.0,1.0
6009.0,26.0,0.447065
6009.0,27.0,0.295578
6009.0,28.0,0.600201
6009.0,29.0,0.554679
6009.0,30.0,0.0
6009.0,31.0,1.0
6009.0,32.0,0.0
6009.0,33.0,0.438061
6009.0,34.0,0.436105
6009.0,35.0,0.657268
6009.0,36.0,0.738049
6010.0,0.0,0.886244
6010.0,1.0,0.90888
6010.0,2.0,1.0
6010.0,3.0,0.0
6010.0,4.0,0.504882
6010.0,5.0,1.0
6010.0,6.0,0.355643
6010.0,7.0,0.671694
6010.0,8.0,0.0
6010.0,9.0,1.0
6010.0,10.0,0.980783
6010.0,11.0,0.636317
6010.0,12.0,0.540208
6010.0,13.0,0.599644
6010.0,14.0,0.419483
6010.0,15.0,0.569263
6010.0,16.0,0.523712
6010.0,17.0,1.0
6010.0,18.0,0.522606
6010.0,19.0,0.507708
6010.0,20.0,0.621119
6010.0,21.0,0.80589
6010.0,22.0,0.333438
6010.0,23.0,0.348165
6010.0,24.0,0.078598
6010.0,25.0,1.0
6010.0,26.0,0.444111
6010.0,27.0,0.292272
6010.0,28.0,0.577662
6010.0,29.0,0.539911
6010.0,30.0,0.0
6010.0,31.0,1.0
6010.0,32.0,0.0
6010.0,33.0,0.433211
6010.0,34.0,0.428135
6010.0,35.0,0.651674
6010.0,36.0,0.730448
7000.0,0.0,0.872581
7000.0,1.0,0.907137
7000.0,2.0,1.0
7000.0,3.0,0.0
7000.0,4.0,0.51024
7000.0,5.0,1.0
7000.0,6.0,0.355659
7000.0,7.0,0.681393
7000.0,8.0,0.0
7000.0,9.0,1.0
7000.0,10.0,0.981877
7000.0,11.0,0.635603
7000.0,12.0,0.554833
7000.0,13.0,0.592909
7000.0,14.0,0.416492
7000.0,15.0,0.562071
7000.0,16.0,0.505442
7000.0,17.0,1.0
7000.0,18.0,0.525138
7000.0,19.0,0.532848
7000.0,20.0,0.618232
7000.0,21.0,0.795715
7000.0,22.0,0.326173
7000.0,23.0,0.346627
7000.0,24.0,0.06998
7000.0,25.0,1.0
7000.0,26.0,0.444227
7000.0,27.0,0.292607
7000.0,28.0,0.592872
7000.0,29.0,0.536417
7000.0,30.0,0.0
7000.0,31.0,1.0
7000.0,32.0,0.0
7000.0,33.0,0.449776
7000.0,34.0,0.429138
7000.0,35.0,0.647117
7000.0,36.0,0.721284
7001.0,0.0,0.873205
7001.0,1.0,0.911435
7001.0,2.0,1.0
7001.0,3.0,0.0
7001.0,4.0,0.527696
7001.0,5.0,1.0
7001.0,6.0,0.365906
7001.0,7.0,0.686009
7001.0,8.0,0.0
7001.0,9.0,1.0
7001.0,10.0,0.98262
7001.0,11.0,0.647264
7001.0,12.0,0.559627
7001.0,13.0,0.598986
7001.0,14.0,0.433441
7001.0,15.0,0.565626
7001.0,16.0,0.515257
7001.0,17.0,1.0
7001.0,18.0,0.544328
7001.0,19.0,0.538171
7001.0,20.0,0.62037
7001.0,21.0,0.799029
7001.0,22.0,0.329975
7001.0,23.0,0.372809
7001.0,24.0,0.069802
7001.0,25.0,1.0
7001.0,26.0,0.447111
7001.0,27.0,0.295281
7001.0,28.0,0.617342
7001.0,29.0,0.554338
7001.0,30.0,0.0
7001.0,31.0,1.0
7001.0,32.0,0.0
7001.0,33.0,0.454817
7001.0,34.0,0.437815
7001.0,35.0,0.653869
7001.0,36.0,0.7295
7002.0,0.0,0.873571
7002.0,1.0,0.915597
7002.0,2.0,1.0
7002.0,3.0,0.0
7002.0,4.0,0.544923
7002.0,5.0,1.0
7002.0,6.0,0.376589
7002.0,7.0,0.690864
7002.0,8.0,0.0
7002.0,9.0,1.0
7002.0,10.0,0.983341
7002.0,11.0,0.658393
7002.0,12.0,0.56386
7002.0,13.0,0.604781
7002.0,14.0,0.449648
7002.0,15.0,0.568335
7002.0,16.0,0.524449
7002.0,17.0,1.0
7002.0,18.0,0.562975
7002.0,19.0,0.54404
7002.0,20.0,0.622061
7002.0,21.0,0.802289
7002.0,22.0,0.334683
7002.0,23.0,0.400186
7002.0,24.0,0.069592
7002.0,25.0,1.0
7002.0,26.0,0.450617
7002.0,27.0,0.298543
7002.0,28.0,0.639756
7002.0,29.0,0.571935
7002.0,30.0,0.0
7002.0,31.0,1.0
7002.0,32.0,0.0
7002.0,33.0,0.460052
7002.0,34.0,0.445925
7002.0,35.0,0.659073
7002.0,36.0,0.736628
7003.0,0.0,0.874643
7003.0,1.0,0.919757
7003.0,2.0,1.0
7003.0,3.0,0.0
7003.0,4.0,0.560814
7003.0,5.0,1.0
7003.0,6.0,0.386668
7003.0,7.0,0.695115
7003.0,8.0,0.0
7003.0,9.0,1.0
7003.0,10.0,0.983913
7003.0,11.0,0.669046
7003.0,12.0,0.569721
7003.0,13.0,0.609902
7003.0,14.0,0.465919
7003.0,15.0,0.572373
7003.0,16.0,0.533109
7003.0,17.0,1.0
7003.0,18.0,0.581499
7003.0,19.0,0.548335
7003.0,20.0,0.624215
7003.0,21.0,0.805598
7003.0,22.0,0.338659
7003.0,23.0,0.427604
7003.0,24.0,0.069744
7003.0,25.0,1.0
7003.0,26.0,0.453455
7003.0,27.0,0.301468
7003.0,28.0,0.660239
7003.0,29.0,0.588404
7003.0,30.0,0.0
7003.0,31.0,1.0
7003.0,32.0,0.0
7003.0,33.0,0.465017
7003.0,34.0,0.454284
7003.0,35.0,0.664408
7003.0,36.0,0.743855
7004.0,0.0,0.876063
7004.0,1.0,0.923657
7004.0,2.0,1.0
7004.0,3.0,0.0
7004.0,4.0,0.575721
7004.0,5.0,1.0
7004.0,6.0,0.396536
7004.0,7.0,0.699296
7004.0,8.0,0.0
7004.0,9.0,1.0
7004.0,10.0,0.984536
7004.0,11.0,0.679445
7004.0,12.0,0.574188
7004.0,13.0,0.614631
7004.0,14.0,0.481434
7004.0,15.0,0.575596
7004.0,16.0,0.54165
7004.0,17.0,1.0
7004.0,18.0,0.598302
7004.0,19.0,0.553248
7004.0,20.0,0.627857
7004.0,21.0,0.809121
7004.0,22.0,0.342837
7004.0,23.0,0.454406
7004.0,24.0,0.070073
7004.0,25.0,1.0
7004.0,26.0,0.457201
7004.0,27.0,0.305163
7004.0,28.0,0.678993
7004.0,29.0,0.604842
7004.0,30.0,0.0
7004.0,31.0,1.0
7004.0,32.0,0.0
7004.0,33.0,0.468888
7004.0,34.0,0.462974
7004.0,35.0,0.66925
7004.0,36.0,0.751443
7005.0,0.0,0.877007
7005.0,1.0,0.926426
7005.0,2.0,1.0
7005.0,3.0,0.0
7005.0,4.0,0.589919
7005.0,5.0,1.0
7005.0,6.0,0.406469
7005.0,7.0,0.703372
7005.0,8.0,0.0
7005.0,9.0,1.0
7005.0,10.0,0.985011
7005.0,11.0,0.68893
7005.0,12.0,0.578514
7005.0,13.0,0.61986
7005.0,14.0,0.496806
7005.0,15.0,0.578935
7005.0,16.0,0.549257
7005.0,17.0,1.0
7005.0,18.0,0.614287
7005.0,19.0,0.556886
7005.0,20.0,0.630328
7005.0,21.0,0.812303
7005.0,22.0,0.347474
7005.0,23.0,0.482334
7005.0,24.0,0.07052
7005.0,25.0,1.0
7005.0,26.0,0.459611
7005.0,27.0,0.308643
7005.0,28.0,0.695657
7005.0,29.0,0.618929
7005.0,30.0,0.0
7005.0,31.0,1.0
7005.0,32.0,0.0
7005.0,33.0,0.473967
7005.0,34.0,0.471624
7005.0,35.0,0.673266
7005.0,36.0,0.758484
7006.0,0.0,0.876676
7006.0,1.0,0.922751
7006.0,2.0,1.0
7006.0,3.0,0.0
7006.0,4.0,0.573055
7006.0,5.0,1.0
7006.0,6.0,0.394982
7006.0,7.0,0.699243
7006.0,8.0,0.0
7006.0,9.0,1.0
7006.0,10.0,0.984679
7006.0,11.0,0.677229
7006.0,12.0,0.5743
7006.0,13.0,0.614189
7006.0,14.0,0.479961
7006.0,15.0,0.575211
7006.0,16.0,0.539376
7006.0,17.0,1.0
7006.0,18.0,0.594884
7006.0,19.0,0.553153
7006.0,20.0,0.627909
7006.0,21.0,0.809523
7006.0,22.0,0.342701
7006.0,23.0,0.450839
7006.0,24.0,0.069988
7006.0,25.0,1.0
7006.0,26.0,0.457107
7006.0,27.0,0.304838
7006.0,28.0,0.675553
7006.0,29.0,0.600954
7006.0,30.0,0.0
7006.0,31.0,1.0
7006.0,32.0,0.0
7006.0,33.0,0.468751
7006.0,34.0,0.463571
7006.0,35.0,0.667561
7006.0,36.0,0.751284
7007.0,0.0,0.875863
7007.0,1.0,0.919065
7007.0,2.0,1.0
7007.0,3.0,0.0
7007.0,4.0,0.556384
7007.0,5.0,1.0
7007.0,6.0,0.384976
7007.0,7.0,0.694751
7007.0,8.0,0.0
7007.0,9.0,1.0
7007.0,10.0,0.984171
7007.0,11.0,0.665675
7007.0,12.0,0.568816
7007.0,13.0,0.609174
7007.0,14.0,0.463207
7007.0,15.0,0.572039
7007.0,16.0,0.53074
7007.0,17.0,1.0
7007.0,18.0,0.57608
7007.0,19.0,0.548712
7007.0,20.0,0.625632
7007.0,21.0,0.806248
7007.0,22.0,0.338086
7007.0,23.0,0.421012
7007.0,24.0,0.06919
7007.0,25.0,1.0
7007.0,26.0,0.454157
7007.0,27.0,0.301562
7007.0,28.0,0.655149
7007.0,29.0,0.582981
7007.0,30.0,0.0
7007.0,31.0,1.0
7007.0,32.0,0.0
7007.0,33.0,0.463822
7007.0,34.0,0.454866
7007.0,35.0,0.662524
7007.0,36.0,0.742785
7008.0,0.0,0.875817
7008.0,1.0,0.915575
7008.0,2.0,1.0
7008.0,3.0,0.0
7008.0,4.0,0.540162
7008.0,5.0,1.0
7008.0,6.0,0.37571
7008.0,7.0,0.689568
7008.0,8.0,0.0
7008.0,9.0,1.0
7008.0,10.0,0.983583
7008.0,11.0,0.65451
7008.0,12.0,0.564356
7008.0,13.0,0.603541
7008.0,14.0,0.446702
7008.0,15.0,0.568725
7008.0,16.0,0.522288
7008.0,17.0,1.0
7008.0,18.0,0.556995
7008.0,19.0,0.543487
7008.0,20.0,0.623035
7008.0,21.0,0.803009
7008.0,22.0,0.334086
7008.0,23.0,0.393371
7008.0,24.0,0.068784
7008.0,25.0,1.0
7008.0,26.0,0.451404
7008.0,27.0,0.298321
7008.0,28.0,0.63476
7008.0,29.0,0.565832
7008.0,30.0,0.0
7008.0,31.0,1.0
7008.0,32.0,0.0
7008.0,33.0,0.459904
7008.0,34.0,0.445864
7008.0,35.0,0.657481
7008.0,36.0,0.735356
7009.0,0.0,0.87535
7009.0,1.0,0.911436
7009.0,2.0,1.0
7009.0,3.0,0.0
7009.0,4.0,0.523599
7009.0,5.0,1.0
7009.0,6.0,0.365758
7009.0,7.0,0.6853
7009.0,8.0,0.0
7009.0,9.0,1.0
7009.0,10.0,0.983015
7009.0,11.0,0.643177
7009.0,12.0,0.560019
7009.0,13.0,0.597448
7009.0,14.0,0.431564
7009.0,15.0,0.565856
7009.0,16.0,0.514142
7009.0,17.0,1.0
7009.0,18.0,0.539264
7009.0,19.0,0.53868
7009.0,20.0,0.621454
7009.0,21.0,0.801216
7009.0,22.0,0.330569
7009.0,23.0,0.368181
7009.0,24.0,0.068346
7009.0,25.0,1.0
7009.0,26.0,0.44785
7009.0,27.0,0.294774
7009.0,28.0,0.613599
7009.0,29.0,0.55005
7009.0,30.0,0.0
7009.0,31.0,1.0
7009.0,32.0,0.0
7009.0,33.0,0.456374
7009.0,34.0,0.437614
7009.0,35.0,0.652419
7009.0,36.0,0.727818
7010.0,0.0,0.874658
7010.0,1.0,0.906966
7010.0,2.0,1.0
7010.0,3.0,0.0
7010.0,4.0,0.507844
7010.0,5.0,1.0
7010.0,6.0,0.357343
7010.0,7.0,0.681321
7010.0,8.0,0.0
7010.0,9.0,1.0
7010.0,10.0,0.982386
7010.0,11.0,0.632034
7010.0,12.0,0.555085
7010.0,13.0,0.593251
7010.0,14.0,0.417303
7010.0,15.0,0.562459
7010.0,16.0,0.505818
7010.0,17.0,1.0
7010.0,18.0,0.522368
7010.0,19.0,0.534537
7010.0,20.0,0.618655
7010.0,21.0,0.797717
7010.0,22.0,0.32713
7010.0,23.0,0.345111
7010.0,24.0,0.067861
7010.0,25.0,1.0
7010.0,26.0,0.44578
7010.0,27.0,0.292047
7010.0,28.0,0.592226
7010.0,29.0,0.534454
7010.0,30.0,0.0
7010.0,31.0,1.0
7010.0,32.0,0.0
7010.0,33.0,0.450941
7010.0,34.0,0.428784
7010.0,35.0,0.647636
7010.0,36.0,0.719896
8000.0,0.0,0.903899
8000.0,1.0,0.911192
8000.0,2.0,1.0
8000.0,3.0,0.0
8000.0,4.0,0.502891
8000.0,5.0,1.0
8000.0,6.0,0.351533
8000.0,7.0,0.675769
8000.0,8.0,0.0
8000.0,9.0,1.0
8000.0,10.0,0.983705
8000.0,11.0,0.632079
8000.0,12.0,0.535071
8000.0,13.0,0.60294
8000.0,14.0,0.419984
8000.0,15.0,0.558909
8000.0,16.0,0.50726
8000.0,17.0,1.0
8000.0,18.0,0.524709
8000.0,19.0,0.510822
8000.0,20.0,0.615003
8000.0,21.0,0.806538
8000.0,22.0,0.346273
8000.0,23.0,0.350677
8000.0,24.0,0.056231
8000.0,25.0,1.0
8000.0,26.0,0.449923
8000.0,27.0,0.290569
8000.0,28.0,0.582589
8000.0,29.0,0.539599
8000.0,30.0,0.0
8000.0,31.0,1.0
8000.0,32.0,0.0
8000.0,33.0,0.443872
8000.0,34.0,0.426578
8000.0,35.0,0.655205
8000.0,36.0,0.720862
8001.0,0.0,0.904086
8001.0,1.0,0.915311
8001.0,2.0,1.0
8001.0,3.0,0.0
8001.0,4.0,0.520802
8001.0,5.0,1.0
8001.0,6.0,0.362489
8001.0,7.0,0.679958
8001.0,8.0,0.0
8001.0,9.0,1.0
8001.0,10.0,0.98434
8001.0,11.0,0.643522
8001.0,12.0,0.539937
8001.0,13.0,0.609739
8001.0,14.0,0.43681
8001.0,15.0,0.561545
8001.0,16.0,0.517412
8001.0,17.0,1.0
8001.0,18.0,0.544698
8001.0,19.0,0.515833
8001.0,20.0,0.618555
8001.0,21.0,0.809609
8001.0,22.0,0.350923
8001.0,23.0,0.376109
8001.0,24.0,0.056625
8001.0,25.0,1.0
8001.0,26.0,0.453296
8001.0,27.0,0.29382
8001.0,28.0,0.607824
8001.0,29.0,0.556945
8001.0,30.0,0.0
8001.0,31.0,1.0
8001.0,32.0,0.0
8001.0,33.0,0.448104
8001.0,34.0,0.434869
8001.0,35.0,0.661364
8001.0,36.0,0.72847
8002.0,0.0,0.90423
8002.0,1.0,0.918867
8002.0,2.0,1.0
8002.0,3.0,0.0
8002.0,4.0,0.537596
8002.0,5.0,1.0
8002.0,6.0,0.372872
8002.0,7.0,0.684791
8002.0,8.0,0.0
8002.0,9.0,1.0
8002.0,10.0,0.985006
8002.0,11.0,0.654862
8002.0,12.0,0.544336
8002.0,13.0,0.615011
8002.0,14.0,0.453507
8002.0,15.0,0.565346
8002.0,16.0,0.52641
8002.0,17.0,1.0
8002.0,18.0,0.56329
8002.0,19.0,0.520479
8002.0,20.0,0.621004
8002.0,21.0,0.81152
8002.0,22.0,0.355383
8002.0,23.0,0.403156
8002.0,24.0,0.05703
8002.0,25.0,1.0
8002.0,26.0,0.456741
8002.0,27.0,0.29679
8002.0,28.0,0.631092
8002.0,29.0,0.573962
8002.0,30.0,0.0
8002.0,31.0,1.0
8002.0,32.0,0.0
8002.0,33.0,0.452398
8002.0,34.0,0.444469
8002.0,35.0,0.66724
8002.0,36.0,0.735557
8003.0,0.0,0.904477
8003.0,1.0,0.922414
8003.0,2.0,1.0
8003.0,3.0,0.0
8003.0,4.0,0.554515
8003.0,5.0,1.0
8003.0,6.0,0.382495
8003.0,7.0,0.68934
8003.0,8.0,0.0
8003.0,9.0,1.0
8003.0,10.0,0.985357
8003.0,11.0,0.666211
8003.0,12.0,0.549159
8003.0,13.0,0.619624
8003.0,14.0,0.470655
8003.0,15.0,0.568934
8003.0,16.0,0.534482
8003.0,17.0,1.0
8003.0,18.0,0.58095
8003.0,19.0,0.525352
8003.0,20.0,0.6225
8003.0,21.0,0.814159
8003.0,22.0,0.359675
8003.0,23.0,0.430197
8003.0,24.0,0.05726
8003.0,25.0,1.0
8003.0,26.0,0.459624
8003.0,27.0,0.300186
8003.0,28.0,0.652369
8003.0,29.0,0.589527
8003.0,30.0,0.0
8003.0,31.0,1.0
8003.0,32.0,0.0
8003.0,33.0,0.457354
8003.0,34.0,0.453516
8003.0,35.0,0.671893
8003.0,36.0,0.742433
8004.0,0.0,0.904838
8004.0,1.0,0.926229
8004.0,2.0,1.0
8004.0,3.0,0.0
8004.0,4.0,0.569379
8004.0,5.0,1.0
8004.0,6.0,0.39275
8004.0,7.0,0.69365
8004.0,8.0,0.0
8004.0,9.0,1.0
8004.0,10.0,0.985737
8004.0,11.0,0.677731
8004.0,12.0,0.554387
8004.0,13.0,0.62467
8004.0,14.0,0.486479
8004.0,15.0,0.572361
8004.0,16.0,0.543186
8004.0,17.0,1.0
8004.0,18.0,0.597745
8004.0,19.0,0.529506
8004.0,20.0,0.625584
8004.0,21.0,0.81725
8004.0,22.0,0.364581
8004.0,23.0,0.457948
8004.0,24.0,0.057379
8004.0,25.0,1.0
8004.0,26.0,0.462971
8004.0,27.0,0.303107
8004.0,28.0,0.671277
8004.0,29.0,0.604876
8004.0,30.0,0.0
8004.0,31.0,1.0
8004.0,32.0,0.0
8004.0,33.0,0.461516
8004.0,34.0,0.461915
8004.0,35.0,0.675692
8004.0,36.0,0.749825
8005.0,0.0,0.905248
8005.0,1.0,0.929184
8005.0,2.0,1.0
8005.0,3.0,0.0
8005.0,4.0,0.583923
8005.0,5.0,1.0
8005.0,6.0,0.403243
8005.0,7.0,0.698479
8005.0,8.0,0.0
8005.0,9.0,1.0
8005.0,10.0,0.986247
8005.0,11.0,0.68896
8005.0,12.0,0.559094
8005.0,13.0,0.629681
8005.0,14.0,0.50251
8005.0,15.0,0.575864
8005.0,16.0,0.55148
8005.0,17.0,1.0
8005.0,18.0,0.614783
8005.0,19.0,0.534227
8005.0,20.0,0.628211
8005.0,21.0,0.820618
8005.0,22.0,0.369332
8005.0,23.0,0.485952
8005.0,24.0,0.057676
8005.0,25.0,1.0
8005.0,26.0,0.465782
8005.0,27.0,0.306979
8005.0,28.0,0.689106
8005.0,29.0,0.620023
8005.0,30.0,0.0
8005.0,31.0,1.0
8005.0,32.0,0.0
8005.0,33.0,0.466604
8005.0,34.0,0.469797
8005.0,35.0,0.680453
8005.0,36.0,0.756232
8006.0,0.0,0.904919
8006.0,1.0,0.925735
8006.0,2.0,1.0
8006.0,3.0,0.0
8006.0,4.0,0.567286
8006.0,5.0,1.0
8006.0,6.0,0.392208
8006.0,7.0,0.694377
8006.0,8.0,0.0
8006.0,9.0,1.0
8006.0,10.0,0.985854
8006.0,11.0,0.676962
8006.0,12.0,0.553688
8006.0,13.0,0.623594
8006.0,14.0,0.483943
8006.0,15.0,0.572572
8006.0,16.0,0.542692
8006.0,17.0,1.0
8006.0,18.0,0.596084
8006.0,19.0,0.529481
8006.0,20.0,0.625238
8006.0,21.0,0.817663
8006.0,22.0,0.365665
8006.0,23.0,0.45412
8006.0,24.0,0.057473
8006.0,25.0,1.0
8006.0,26.0,0.463837
8006.0,27.0,0.303161
8006.0,28.0,0.669534
8006.0,29.0,0.603736
8006.0,30.0,0.0
8006.0,31.0,1.0
8006.0,32.0,0.0
8006.0,33.0,0.461783
8006.0,34.0,0.45956
8006.0,35.0,0.675164
8006.0,36.0,0.748385
8007.0,0.0,0.904615
8007.0,1.0,0.922303
8007.0,2.0,1.0
8007.0,3.0,0.0
8007.0,4.0,0.551698
8007.0,5.0,1.0
8007.0,6.0,0.38197
8007.0,7.0,0.689773
8007.0,8.0,0.0
8007.0,9.0,1.0
8007.0,10.0,0.98544
8007.0,11.0,0.665623
8007.0,12.0,0.548936
8007.0,13.0,0.61807
8007.0,14.0,0.467219
8007.0,15.0,0.568609
8007.0,16.0,0.534011
8007.0,17.0,1.0
8007.0,18.0,0.577419
8007.0,19.0,0.524929
8007.0,20.0,0.621965
8007.0,21.0,0.814972
8007.0,22.0,0.361207
8007.0,23.0,0.425124
8007.0,24.0,0.056998
8007.0,25.0,1.0
8007.0,26.0,0.460816
8007.0,27.0,0.300789
8007.0,28.0,0.649902
8007.0,29.0,0.587959
8007.0,30.0,0.0
8007.0,31.0,1.0
8007.0,32.0,0.0
8007.0,33.0,0.456318
8007.0,34.0,0.451577
8007.0,35.0,0.67031
8007.0,36.0,0.741244
8008.0,0.0,0.904197
8008.0,1.0,0.918824
8008.0,2.0,1.0
8008.0,3.0,0.0
8008.0,4.0,0.535574
8008.0,5.0,1.0
8008.0,6.0,0.371779
8008.0,7.0,0.684408
8008.0,8.0,0.0
8008.0,9.0,1.0
8008.0,10.0,0.984965
8008.0,11.0,0.653886
8008.0,12.0,0.544561
8008.0,13.0,0.612843
8008.0,14.0,0.450434
8008.0,15.0,0.56498
8008.0,16.0,0.525954
8008.0,17.0,1.0
8008.0,18.0,0.558674
8008.0,19.0,0.520404
8008.0,20.0,0.61965
8008.0,21.0,0.812609
8008.0,22.0,0.355826
8008.0,23.0,0.398299
8008.0,24.0,0.057073
8008.0,25.0,1.0
8008.0,26.0,0.4587
8008.0,27.0,0.297583
8008.0,28.0,0.628323
8008.0,29.0,0.571589
8008.0,30.0,0.0
8008.0,31.0,1.0
8008.0,32.0,0.0
8008.0,33.0,0.451606
8008.0,34.0,0.443306
8008.0,35.0,0.665241
8008.0,36.0,0.733718
8009.0,0.0,0.903265
8009.0,1.0,0.915384
8009.0,2.0,1.0
8009.0,3.0,0.0
8009.0,4.0,0.519017
8009.0,5.0,1.0
8009.0,6.0,0.361982
8009.0,7.0,0.680404
8009.0,8.0,0.0
8009.0,9.0,1.0
8009.0,10.0,0.984565
8009.0,11.0,0.641975
8009.0,12.0,0.540021
8009.0,13.0,0.607305
8009.0,14.0,0.434476
8009.0,15.0,0.561813
8009.0,16.0,0.517383
8009.0,17.0,1.0
8009.0,18.0,0.541688
8009.0,19.0,0.51596
8009.0,20.0,0.617213
8009.0,21.0,0.809878
8009.0,22.0,0.351552
8009.0,23.0,0.373962
8009.0,24.0,0.057048
8009.0,25.0,1.0
8009.0,26.0,0.456726
8009.0,27.0,0.294075
8009.0,28.0,0.606778
8009.0,29.0,0.556527
8009.0,30.0,0.0
8009.0,31.0,1.0
8009.0,32.0,0.0
8009.0,33.0,0.447409
8009.0,34.0,0.435517
8009.0,35.0,0.659736
8009.0,36.0,0.726897
8010.0,0.0,0.902953
8010.0,1.0,0.911781
8010.0,2.0,1.0
8010.0,3.0,0.0
8010.0,4.0,0.504046
8010.0,5.0,1.0
8010.0,6.0,0.352411
8010.0,7.0,0.675554
8010.0,8.0,0.0
8010.0,9.0,1.0
8010.0,10.0,0.984018
8010.0,11.0,0.629896
8010.0,12.0,0.535518
8010.0,13.0,0.60263
8010.0,14.0,0.418664
8010.0,15.0,0.558603
8010.0,16.0,0.507778
8010.0,17.0,1.0
8010.0,18.0,0.524821
8010.0,19.0,0.510462
8010.0,20.0,0.614849
8010.0,21.0,0.806292
8010.0,22.0,0.347678
8010.0,23.0,0.351586
8010.0,24.0,0.056145
8010.0,25.0,1.0
8010.0,26.0,0.455114
8010.0,27.0,0.291129
8010.0,28.0,0.58575
8010.0,29.0,0.53981
8010.0,30.0,0.0
8010.0,31.0,1.0
8010.0,32.0,0.0
8010.0,33.0,0.442701
8010.0,34.0,0.427295
8010.0,35.0,0.654946
8010.0,36.0,0.719726
9000.0,0.0,0.900516
9000.0,1.0,0.916049
9000.0,2.0,1.0
9000.0,3.0,0.0
9000.0,4.0,0.505955
9000.0,5.0,1.0
9000.0,6.0,0.345642
9000.0,7.0,0.670194
9000.0,8.0,0.0
9000.0,9.0,1.0
9000.0,10.0,0.983201
9000.0,11.0,0.637562
9000.0,12.0,0.531773
9000.0,13.0,0.600258
9000.0,14.0,0.424455
9000.0,15.0,0.565639
9000.0,16.0,0.524508
9000.0,17.0,1.0
9000.0,18.0,0.519073
9000.0,19.0,0.51536
9000.0,20.0,0.617967
9000.0,21.0,0.804612
9000.0,22.0,0.351599
9000.0,23.0,0.347053
9000.0,24.0,0.047568
9000.0,25.0,1.0
9000.0,26.0,0.451709
9000.0,27.0,0.300531
9000.0,28.0,0.583471
9000.0,29.0,0.534562
9000.0,30.0,0.0
9000.0,31.0,1.0
9000.0,32.0,0.0
9000.0,33.0,0.441884
9000.0,34.0,0.421867
9000.0,35.0,0.651507
9000.0,36.0,0.71908
9001.0,0.0,0.900547
9001.0,1.0,0.920088
9001.0,2.0,1.0
9001.0,3.0,0.0
9001.0,4.0,0.524929
9001.0,5.0,1.0
9001.0,6.0,0.35769
9001.0,7.0,0.674639
9001.0,8.0,0.0
9001.0,9.0,1.0
9001.0,10.0,0.983584
9001.0,11.0,0.650156
9001.0,12.0,0.537013
9001.0,13.0,0.605607
9001.0,14.0,0.441798
9001.0,15.0,0.5684
9001.0,16.0,0.533484
9001.0,17.0,1.0
9001.0,18.0,0.5402
9001.0,19.0,0.520281
9001.0,20.0,0.620501
9001.0,21.0,0.808326
9001.0,22.0,0.355677
9001.0,23.0,0.37337
9001.0,24.0,0.047469
9001.0,25.0,1.0
9001.0,26.0,0.454744
9001.0,27.0,0.303517
9001.0,28.0,0.608176
9001.0,29.0,0.552887
9001.0,30.0,0.0
9001.0,31.0,1.0
9001.0,32.0,0.0
9001.0,33.0,0.447231
9001.0,34.0,0.431468
9001.0,35.0,0.657808
9001.0,36.0,0.726852
9002.0,0.0,0.901636
9002.0,1.0,0.923545
9002.0,2.0,1.0
9002.0,3.0,0.0
9002.0,4.0,0.541176
9002.0,5.0,1.0
9002.0,6.0,0.36826
9002.0,7.0,0.679438
9002.0,8.0,0.0
9002.0,9.0,1.0
9002.0,10.0,0.984119
9002.0,11.0,0.661735
9002.0,12.0,0.542367
9002.0,13.0,0.609689
9002.0,14.0,0.459236
9002.0,15.0,0.571891
9002.0,16.0,0.542263
9002.0,17.0,1.0
9002.0,18.0,0.558745
9002.0,19.0,0.525059
9002.0,20.0,0.623147
9002.0,21.0,0.811915
9002.0,22.0,0.360462
9002.0,23.0,0.400915
9002.0,24.0,0.047638
9002.0,25.0,1.0
9002.0,26.0,0.457806
9002.0,27.0,0.306895
9002.0,28.0,0.632304
9002.0,29.0,0.569034
9002.0,30.0,0.0
9002.0,31.0,1.0
9002.0,32.0,0.0
9002.0,33.0,0.451908
9002.0,34.0,0.440656
9002.0,35.0,0.663167
9002.0,36.0,0.73445
9003.0,0.0,0.902235
9003.0,1.0,0.926973
9003.0,2.0,1.0
9003.0,3.0,0.0
9003.0,4.0,0.55728
9003.0,5.0,1.0
9003.0,6.0,0.379186
9003.0,7.0,0.683782
9003.0,8.0,0.0
9003.0,9.0,1.0
9003.0,10.0,0.98466
9003.0,11.0,0.672608
9003.0,12.0,0.547061
9003.0,13.0,0.615134
9003.0,14.0,0.474548
9003.0,15.0,0.576058
9003.0,16.0,0.549803
9003.0,17.0,1.0
9003.0,18.0,0.576594
9003.0,19.0,0.529739
9003.0,20.0,0.625184
9003.0,21.0,0.815246
9003.0,22.0,0.364009
9003.0,23.0,0.428004
9003.0,24.0,0.047723
9003.0,25.0,1.0
9003.0,26.0,0.460642
9003.0,27.0,0.310031
9003.0,28.0,0.652398
9003.0,29.0,0.584991
9003.0,30.0,0.0
9003.0,31.0,1.0
9003.0,32.0,0.0
9003.0,33.0,0.456748
9003.0,34.0,0.45001
9003.0,35.0,0.667459
9003.0,36.0,0.742126
9004.0,0.0,0.902905
9004.0,1.0,0.930146
9004.0,2.0,1.0
9004.0,3.0,0.0
9004.0,4.0,0.572876
9004.0,5.0,1.0
9004.0,6.0,0.39028
9004.0,7.0,0.687973
9004.0,8.0,0.0
9004.0,9.0,1.0
9004.0,10.0,0.985164
9004.0,11.0,0.683322
9004.0,12.0,0.551546
9004.0,13.0,0.62005
9004.0,14.0,0.491097
9004.0,15.0,0.578318
9004.0,16.0,0.557771
9004.0,17.0,1.0
9004.0,18.0,0.593559
9004.0,19.0,0.534581
9004.0,20.0,0.627377
9004.0,21.0,0.818415
9004.0,22.0,0.36758
9004.0,23.0,0.455543
9004.0,24.0,0.047657
9004.0,25.0,1.0
9004.0,26.0,0.463903
9004.0,27.0,0.313659
9004.0,28.0,0.671153
9004.0,29.0,0.600815
9004.0,30.0,0.0
9004.0,31.0,1.0
9004.0,32.0,0.0
9004.0,33.0,0.461953
9004.0,34.0,0.458441
9004.0,35.0,0.671825
9004.0,36.0,0.748745
9005.0,0.0,0.903806
9005.0,1.0,0.932887
9005.0,2.0,1.0
9005.0,3.0,0.0
9005.0,4.0,0.587429
9005.0,5.0,1.0
9005.0,6.0,0.400305
9005.0,7.0,0.692769
9005.0,8.0,0.0
9005.0,9.0,1.0
9005.0,10.0,0.985791
9005.0,11.0,0.693499
9005.0,12.0,0.556182
9005.0,13.0,0.624795
9005.0,14.0,0.506114
9005.0,15.0,0.581236
9005.0,16.0,0.566576
9005.0,17.0,1.0
9005.0,18.0,0.609067
9005.0,19.0,0.538594
9005.0,20.0,0.629436
9005.0,21.0,0.820164
9005.0,22.0,0.372274
9005.0,23.0,0.484322
9005.0,24.0,0.047602
9005.0,25.0,1.0
9005.0,26.0,0.465769
9005.0,27.0,0.317402
9005.0,28.0,0.687976
9005.0,29.0,0.615709
9005.0,30.0,0.0
9005.0,31.0,1.0
9005.0,32.0,0.0
9005.0,33.0,0.465996
9005.0,34.0,0.46684
9005.0,35.0,0.676817
9005.0,36.0,0.756169
9006.0,0.0,0.903586
9006.0,1.0,0.929415
9006.0,2.0,1.0
9006.0,3.0,0.0
9006.0,4.0,0.571523
9006.0,5.0,1.0
9006.0,6.0,0.38953
9006.0,7.0,0.688024
9006.0,8.0,0.0
9006.0,9.0,1.0
9006.0,10.0,0.985337
9006.0,11.0,0.682109
9006.0,12.0,0.550405
9006.0,13.0,0.619558
9006.0,14.0,0.487709
9006.0,15.0,0.577147
9006.0,16.0,0.557274
9006.0,17.0,1.0
9006.0,18.0,0.589434
9006.0,19.0,0.533713
9006.0,20.0,0.626861
9006.0,21.0,0.817485
9006.0,22.0,0.367394
9006.0,23.0,0.452868
9006.0,24.0,0.047712
9006.0,25.0,1.0
9006.0,26.0,0.462506
9006.0,27.0,0.314922
9006.0,28.0,0.667483
9006.0,29.0,0.59905
9006.0,30.0,0.0
9006.0,31.0,1.0
9006.0,32.0,0.0
9006.0,33.0,0.461044
9006.0,34.0,0.458049
9006.0,35.0,0.671912
9006.0,36.0,0.749454
9007.0,0.0,0.903229
9007.0,1.0,0.926476
9007.0,2.0,1.0
9007.0,3.0,0.0
9007.0,4.0,0.555794
9007.0,5.0,1.0
9007.0,6.0,0.378828
9007.0,7.0,0.68283
9007.0,8.0,0.0
9007.0,9.0,1.0
9007.0,10.0,0.984791
9007.0,11.0,0.670754
9007.0,12.0,0.54513
9007.0,13.0,0.614112
9007.0,14.0,0.471067
9007.0,15.0,0.573262
9007.0,16.0,0.548363
9007.0,17.0,1.0
9007.0,18.0,0.570883
9007.0,19.0,0.528513
9007.0,20.0,0.624347
9007.0,21.0,0.814591
9007.0,22.0,0.361715
9007.0,23.0,0.423155
9007.0,24.0,0.047665
9007.0,25.0,1.0
9007.0,26.0,0.46001
9007.0,27.0,0.310836
9007.0,28.0,0.646605
9007.0,29.0,0.582509
9007.0,30.0,0.0
9007.0,31.0,1.0
9007.0,32.0,0.0
9007.0,33.0,0.456906
9007.0,34.0,0.449074
9007.0,35.0,0.666812
9007.0,36.0,0.742363
9008.0,0.0,0.902342
9008.0,1.0,0.923193
9008.0,2.0,1.0
9008.0,3.0,0.0
9008.0,4.0,0.540432
9008.0,5.0,1.0
9008.0,6.0,0.36806
9008.0,7.0,0.677597
9008.0,8.0,0.0
9008.0,9.0,1.0
9008.0,10.0,0.984026
9008.0,11.0,0.658452
9008.0,12.0,0.53947
9008.0,13.0,0.609886
9008.0,14.0,0.454276
9008.0,15.0,0.570514
9008.0,16.0,0.538636
9008.0,17.0,1.0
9008.0,18.0,0.553028
9008.0,19.0,0.524436
9008.0,20.0,0.62249
9008.0,21.0,0.811729
9008.0,22.0,0.358222
9008.0,23.0,0.395986
9008.0,24.0,0.047249
9008.0,25.0,1.0
9008.0,26.0,0.456647
9008.0,27.0,0.307632
9008.0,28.0,0.625437
9008.0,29.0,0.566508
9008.0,30.0,0.0
9008.0,31.0,1.0
9008.0,32.0,0.0
9008.0,33.0,0.45234
9008.0,34.0,0.439638
9008.0,35.0,0.660894
9008.0,36.0,0.736093
9009.0,0.0,0.901855
9009.0,1.0,0.919522
9009.0,2.0,1.0
9009.0,3.0,0.0
9009.0,4.0,0.524078
9009.0,5.0,1.0
9009.0,6.0,0.357223
9009.0,7.0,0.673451
9009.0,8.0,0.0
9009.0,9.0,1.0
9009.0,10.0,0.983112
9009.0,11.0,0.64694
9009.0,12.0,0.535517
9009.0,13.0,0.605037
9009.0,14.0,0.439032
9009.0,15.0,0.566602
9009.0,16.0,0.529815
9009.0,17.0,1.0
9009.0,18.0,0.536354
9009.0,19.0,0.519164
9009.0,20.0,0.620205
9009.0,21.0,0.808763
9009.0,22.0,0.353948
9009.0,23.0,0.371265
9009.0,24.0,0.046938
9009.0,25.0,1.0
9009.0,26.0,0.453957
9009.0,27.0,0.304788
9009.0,28.0,0.6048
9009.0,29.0,0.550237
9009.0,30.0,0.0
9009.0,31.0,1.0
9009.0,32.0,0.0
9009.0,33.0,0.44767
9009.0,34.0,0.431741
9009.0,35.0,0.656033
9009.0,36.0,0.729347
9010.0,0.0,0.901462
9010.0,1.0,0.915927
9010.0,2.0,1.0
9010.0,3.0,0.0
9010.0,4.0,0.509063
9010.0,5.0,1.0
9010.0,6.0,0.347391
9010.0,7.0,0.66893
9010.0,8.0,0.0
9010.0,9.0,1.0
9010.0,10.0,0.98277
9010.0,11.0,0.63513
9010.0,12.0,0.531256
9010.0,13.0,0.600805
9010.0,14.0,0.423945
9010.0,15.0,0.564226
9010.0,16.0,0.521533
9010.0,17.0,1.0
9010.0,18.0,0.519635
9010.0,19.0,0.515118
9010.0,20.0,0.618426
9010.0,21.0,0.805602
9010.0,22.0,0.349954
9010.0,23.0,0.348481
9010.0,24.0,0.047116
9010.0,25.0,1.0
9010.0,26.0,0.451856
9010.0,27.0,0.30176
9010.0,28.0,0.582678
9010.0,29.0,0.534374
9010.0,30.0,0.0
9010.0,31.0,1.0
9010.0,32.0,0.0
9010.0,33.0,0.442299
9010.0,34.0,0.423331
9010.0,35.0,0.650499
9010.0,36.0,0.7224
10000.0,0.0,0.908953
10000.0,1.0,0.913935
10000.0,2.0,1.0
10000.0,3.0,0.0
10000.0,4.0,0.499838
10000.0,5.0,1.0
10000.0,6.0,0.353568
10000.0,7.0,0.677469
10000.0,8.0,0.0
10000.0,9.0,1.0
10000.0,10.0,0.986952
10000.0,11.0,0.63525
10000.0,12.0,0.547684
10000.0,13.0,0.60188
10000.0,14.0,0.419923
10000.0,15.0,0.560653
10000.0,16.0,0.517272
10000.0,17.0,1.0
10000.0,18.0,0.522508
10000.0,19.0,0.527527
10000.0,20.0,0.608348
10000.0,21.0,0.809762
10000.0,22.0,0.357094
10000.0,23.0,0.348684
10000.0,24.0,0.033347
10000.0,25.0,1.0
10000.0,26.0,0.446154
10000.0,27.0,0.295042
10000.0,28.0,0.581102
10000.0,29.0,0.535695
10000.0,30.0,0.0
10000.0,31.0,1.0
10000.0,32.0,0.0
10000.0,33.0,0.440466
10000.0,34.0,0.425007
10000.0,35.0,0.651034
10000.0,36.0,0.722011
10001.0,0.0,0.909519
10001.0,1.0,0.91811
10001.0,2.0,1.0
10001.0,3.0,0.0
10001.0,4.0,0.517878
10001.0,5.0,1.0
10001.0,6.0,0.364109
10001.0,7.0,0.68249
10001.0,8.0,0.0
10001.0,9.0,1.0
10001.0,10.0,0.987194
10001.0,11.0,0.647189
10001.0,12.0,0.55271
10001.0,13.0,0.607203
10001.0,14.0,0.437428
10001.0,15.0,0.562968
10001.0,16.0,0.526739
10001.0,17.0,1.0
10001.0,18.0,0.542964
10001.0,19.0,0.532565
10001.0,20.0,0.611283
10001.0,21.0,0.812585
10001.0,22.0,0.361978
10001.0,23.0,0.37472
10001.0,24.0,0.033196
10001.0,25.0,1.0
10001.0,26.0,0.448594
10001.0,27.0,0.29861
10001.0,28.0,0.606863
10001.0,29.0,0.554082
10001.0,30.0,0.0
10001.0,31.0,1.0
10001.0,32.0,0.0
10001.0,33.0,0.444722
10001.0,34.0,0.434465
10001.0,35.0,0.655966
10001.0,36.0,0.729311
10002.0,0.0,0.910345
10002.0,1.0,0.92167
10002.0,2.0,1.0
10002.0,3.0,0.0
10002.0,4.0,0.534133
10002.0,5.0,1.0
10002.0,6.0,0.37469
10002.0,7.0,0.687578
10002.0,8.0,0.0
10002.0,9.0,1.0
10002.0,10.0,0.987558
10002.0,11.0,0.658054
10002.0,12.0,0.557823
10002.0,13.0,0.6127
10002.0,14.0,0.454436
10002.0,15.0,0.566771
10002.0,16.0,0.536113
10002.0,17.0,1.0
10002.0,18.0,0.562803
10002.0,19.0,0.537045
10002.0,20.0,0.613202
10002.0,21.0,0.815581
10002.0,22.0,0.366872
10002.0,23.0,0.401342
10002.0,24.0,0.033277
10002.0,25.0,1.0
10002.0,26.0,0.452045
10002.0,27.0,0.301397
10002.0,28.0,0.629808
10002.0,29.0,0.570452
10002.0,30.0,0.0
10002.0,31.0,1.0
10002.0,32.0,0.0
10002.0,33.0,0.450028
10002.0,34.0,0.443404
10002.0,35.0,0.660938
10002.0,36.0,0.736755
10003.0,0.0,0.911255
10003.0,1.0,0.925243
10003.0,2.0,1.0
10003.0,3.0,0.0
10003.0,4.0,0.549746
10003.0,5.0,1.0
10003.0,6.0,0.385304
10003.0,7.0,0.692153
10003.0,8.0,0.0
10003.0,9.0,1.0
10003.0,10.0,0.987814
10003.0,11.0,0.6697
10003.0,12.0,0.562896
10003.0,13.0,0.617882
10003.0,14.0,0.470661
10003.0,15.0,0.5695
10003.0,16.0,0.543405
10003.0,17.0,1.0
10003.0,18.0,0.580292
10003.0,19.0,0.541355
10003.0,20.0,0.616176
10003.0,21.0,0.818456
10003.0,22.0,0.371483
10003.0,23.0,0.429481
10003.0,24.0,0.033624
10003.0,25.0,1.0
10003.0,26.0,0.454465
10003.0,27.0,0.304047
10003.0,28.0,0.650263
10003.0,29.0,0.586008
10003.0,30.0,0.0
10003.0,31.0,1.0
10003.0,32.0,0.0
10003.0,33.0,0.454571
10003.0,34.0,0.452298
10003.0,35.0,0.666485
10003.0,36.0,0.743653
10004.0,0.0,0.9119
10004.0,1.0,0.928427
10004.0,2.0,1.0
10004.0,3.0,0.0
10004.0,4.0,0.565733
10004.0,5.0,1.0
10004.0,6.0,0.395848
10004.0,7.0,0.69673
10004.0,8.0,0.0
10004.0,9.0,1.0
10004.0,10.0,0.988236
10004.0,11.0,0.679722
10004.0,12.0,0.568303
10004.0,13.0,0.623349
10004.0,14.0,0.487083
10004.0,15.0,0.572482
10004.0,16.0,0.552613
10004.0,17.0,1.0
10004.0,18.0,0.597073
10004.0,19.0,0.545959
10004.0,20.0,0.618768
10004.0,21.0,0.82098
10004.0,22.0,0.376368
10004.0,23.0,0.457289
10004.0,24.0,0.033897
10004.0,25.0,1.0
10004.0,26.0,0.456529
10004.0,27.0,0.307764
10004.0,28.0,0.669991
10004.0,29.0,0.601815
10004.0,30.0,0.0
10004.0,31.0,1.0
10004.0,32.0,0.0
10004.0,33.0,0.457968
10004.0,34.0,0.461111
10004.0,35.0,0.671361
10004.0,36.0,0.749939
10005.0,0.0,0.912626
10005.0,1.0,0.931296
10005.0,2.0,1.0
10005.0,3.0,0.0
10005.0,4.0,0.580898
10005.0,5.0,1.0
10005.0,6.0,0.405326
10005.0,7.0,0.701628
10005.0,8.0,0.0
10005.0,9.0,1.0
10005.0,10.0,0.988537
10005.0,11.0,0.689585
10005.0,12.0,0.573555
10005.0,13.0,0.628572
10005.0,14.0,0.502443
10005.0,15.0,0.575997
10005.0,16.0,0.560968
10005.0,17.0,1.0
10005.0,18.0,0.613285
10005.0,19.0,0.55054
10005.0,20.0,0.621532
10005.0,21.0,0.82319
10005.0,22.0,0.380597
10005.0,23.0,0.485049
10005.0,24.0,0.033789
10005.0,25.0,1.0
10005.0,26.0,0.459424
10005.0,27.0,0.311669
10005.0,28.0,0.687347
10005.0,29.0,0.616939
10005.0,30.0,0.0
10005.0,31.0,1.0
10005.0,32.0,0.0
10005.0,33.0,0.461898
10005.0,34.0,0.46934
10005.0,35.0,0.676812
10005.0,36.0,0.756507
10006.0,0.0,0.912107
10006.0,1.0,0.927972
10006.0,2.0,1.0
10006.0,3.0,0.0
10006.0,4.0,0.564238
10006.0,5.0,1.0
10006.0,6.0,0.393384
10006.0,7.0,0.696266
10006.0,8.0,0.0
10006.0,9.0,1.0
10006.0,10.0,0.988057
10006.0,11.0,0.678238
10006.0,12.0,0.568129
10006.0,13.0,0.623911
10006.0,14.0,0.484645
10006.0,15.0,0.573072
10006.0,16.0,0.552136
10006.0,17.0,1.0
10006.0,18.0,0.59395
10006.0,19.0,0.545797
10006.0,20.0,0.618796
10006.0,21.0,0.820273
10006.0,22.0,0.375293
10006.0,23.0,0.453453
10006.0,24.0,0.033921
10006.0,25.0,1.0
10006.0,26.0,0.456926
10006.0,27.0,0.307936
10006.0,28.0,0.666482
10006.0,29.0,0.600077
10006.0,30.0,0.0
10006.0,31.0,1.0
10006.0,32.0,0.0
10006.0,33.0,0.456926
10006.0,34.0,0.460466
10006.0,35.0,0.671524
10006.0,36.0,0.749081
10007.0,0.0,0.911639
10007.0,1.0,0.924386
10007.0,2.0,1.0
10007.0,3.0,0.0
10007.0,4.0,0.547732
10007.0,5.0,1.0
10007.0,6.0,0.382602
10007.0,7.0,0.69205
10007.0,8.0,0.0
10007.0,9.0,1.0
10007.0,10.0,0.987672
10007.0,11.0,0.667641
10007.0,12.0,0.563866
10007.0,13.0,0.618142
10007.0,14.0,0.467787
10007.0,15.0,0.570067
10007.0,16.0,0.543586
10007.0,17.0,1.0
10007.0,18.0,0.575797
10007.0,19.0,0.541253
10007.0,20.0,0.616285
10007.0,21.0,0.817489
10007.0,22.0,0.371249
10007.0,23.0,0.423537
10007.0,24.0,0.033914
10007.0,25.0,1.0
10007.0,26.0,0.452953
10007.0,27.0,0.30438
10007.0,28.0,0.645898
10007.0,29.0,0.583184
10007.0,30.0,0.0
10007.0,31.0,1.0
10007.0,32.0,0.0
10007.0,33.0,0.452116
10007.0,34.0,0.451511
10007.0,35.0,0.666657
10007.0,36.0,0.741448
10008.0,0.0,0.911556
10008.0,1.0,0.920687
10008.0,2.0,1.0
10008.0,3.0,0.0
10008.0,4.0,0.531755
10008.0,5.0,1.0
10008.0,6.0,0.372015
10008.0,7.0,0.687031
10008.0,8.0,0.0
10008.0,9.0,1.0
10008.0,10.0,0.987383
10008.0,11.0,0.655935
10008.0,12.0,0.559567
10008.0,13.0,0.613112
10008.0,14.0,0.451882
10008.0,15.0,0.566606
10008.0,16.0,0.535173
10008.0,17.0,1.0
10008.0,18.0,0.55765
10008.0,19.0,0.536415
10008.0,20.0,0.613863
10008.0,21.0,0.814367
10008.0,22.0,0.366683
10008.0,23.0,0.396186
10008.0,24.0,0.033407
10008.0,25.0,1.0
10008.0,26.0,0.449889
10008.0,27.0,0.301018
10008.0,28.0,0.625207
10008.0,29.0,0.566924
10008.0,30.0,0.0
10008.0,31.0,1.0
10008.0,32.0,0.0
10008.0,33.0,0.447685
10008.0,34.0,0.443098
10008.0,35.0,0.662327
10008.0,36.0,0.733795
10009.0,0.0,0.91133
10009.0,1.0,0.917227
10009.0,2.0,1.0
10009.0,3.0,0.0
10009.0,4.0,0.515285
10009.0,5.0,1.0
10009.0,6.0,0.362034
10009.0,7.0,0.682202
10009.0,8.0,0.0
10009.0,9.0,1.0
10009.0,10.0,0.98695
10009.0,11.0,0.64498
10009.0,12.0,0.554728
10009.0,13.0,0.607641
10009.0,14.0,0.436903
10009.0,15.0,0.563534
10009.0,16.0,0.526635
10009.0,17.0,1.0
10009.0,18.0,0.540617
10009.0,19.0,0.532577
10009.0,20.0,0.612123
10009.0,21.0,0.812185
10009.0,22.0,0.36199
10009.0,23.0,0.371209
10009.0,24.0,0.033445
10009.0,25.0,1.0
10009.0,26.0,0.447505
10009.0,27.0,0.298762
10009.0,28.0,0.604166
10009.0,29.0,0.55127
10009.0,30.0,0.0
10009.0,31.0,1.0
10009.0,32.0,0.0
10009.0,33.0,0.442854
10009.0,34.0,0.434854
10009.0,35.0,0.657855
10009.0,36.0,0.726156
10010.0,0.0,0.91126
10010.0,1.0,0.913443
10010.0,2.0,1.0
10010.0,3.0,0.0
10010.0,4.0,0.499517
10010.0,5.0,1.0
10010.0,6.0,0.351939
10010.0,7.0,0.677869
10010.0,8.0,0.0
10010.0,9.0,1.0
10010.0,10.0,0.986559
10010.0,11.0,0.633097
10010.0,12.0,0.550537
10010.0,13.0,0.602859
10010.0,14.0,0.422077
10010.0,15.0,0.56044
10010.0,16.0,0.518402
10010.0,17.0,1.0
10010.0,18.0,0.522948
10010.0,19.0,0.528394
10010.0,20.0,0.609666
10010.0,21.0,0.809049
10010.0,22.0,0.357189
10010.0,23.0,0.348449
10010.0,24.0,0.033395
10010.0,25.0,1.0
10010.0,26.0,0.444308
10010.0,27.0,0.295584
10010.0,28.0,0.581188
10010.0,29.0,0.536294
10010.0,30.0,0.0
10010.0,31.0,1.0
10010.0,32.0,0.0
10010.0,33.0,0.438167
10010.0,34.0,0.427127
10010.0,35.0,0.653119
10010.0,36.0,0.719337
