FREQUENCIES 
Gen,mut_id,mut_freq
1.0,0.0,0.5
1.0,1.0,0.5
1.0,2.0,0.5
1.0,3.0,0.5
1.0,4.0,0.5
1.0,5.0,0.5
1.0,6.0,0.5
1.0,7.0,0.5
1.0,8.0,0.5
1.0,9.0,0.5
1.0,10.0,0.5
1.0,11.0,0.5
1.0,12.0,0.5
1.0,13.0,0.5
1.0,14.0,0.5
1.0,15.0,0.5
1.0,16.0,0.5
1.0,17.0,0.5
1000.0,0.0,0.239346
1000.0,1.0,1.0
1000.0,2.0,0.758989
1000.0,3.0,0.861237
1000.0,4.0,0.696423
1000.0,5.0,0.024462
1000.0,6.0,0.400433
1000.0,7.0,0.768729
1000.0,8.0,0.45926
1000.0,9.0,0.557917
1000.0,10.0,1.0
1000.0,11.0,0.356505
1000.0,12.0,0.0
1000.0,13.0,0.528181
1000.0,14.0,0.892202
1000.0,15.0,0.471943
1000.0,16.0,0.572128
1000.0,17.0,0.445117
1001.0,0.0,0.257361
1001.0,1.0,1.0
1001.0,2.0,0.791625
1001.0,3.0,0.865991
1001.0,4.0,0.703709
1001.0,5.0,0.053316
1001.0,6.0,0.427672
1001.0,7.0,0.775645
1001.0,8.0,0.492563
1001.0,9.0,0.594637
1001.0,10.0,1.0
1001.0,11.0,0.400298
1001.0,12.0,0.0
1001.0,13.0,0.559828
1001.0,14.0,0.892788
1001.0,15.0,0.483461
1001.0,16.0,0.59833
1001.0,17.0,0.59432
1002.0,0.0,0.273661
1002.0,1.0,1.0
1002.0,2.0,0.816911
1002.0,3.0,0.871071
1002.0,4.0,0.710881
1002.0,5.0,0.104991
1002.0,6.0,0.45227
1002.0,7.0,0.780676
1002.0,8.0,0.521176
1002.0,9.0,0.625515
1002.0,10.0,1.0
1002.0,11.0,0.441962
1002.0,12.0,0.0
1002.0,13.0,0.586944
1002.0,14.0,0.893825
1002.0,15.0,0.492857
1002.0,16.0,0.620155
1002.0,17.0,0.724889
1003.0,0.0,0.290003
1003.0,1.0,1.0
1003.0,2.0,0.83862
1003.0,3.0,0.874573
1003.0,4.0,0.716829
1003.0,5.0,0.18366
1003.0,6.0,0.475845
1003.0,7.0,0.786329
1003.0,8.0,0.547063
1003.0,9.0,0.65214
1003.0,10.0,1.0
1003.0,11.0,0.482527
1003.0,12.0,0.0
1003.0,13.0,0.612859
1003.0,14.0,0.894244
1003.0,15.0,0.502145
1003.0,16.0,0.638509
1003.0,17.0,0.821965
1004.0,0.0,0.305863
1004.0,1.0,1.0
1004.0,2.0,0.857072
1004.0,3.0,0.877805
1004.0,4.0,0.722401
1004.0,5.0,0.284366
1004.0,6.0,0.498755
1004.0,7.0,0.790681
1004.0,8.0,0.57091
1004.0,9.0,0.67478
1004.0,10.0,1.0
1004.0,11.0,0.520167
1004.0,12.0,0.0
1004.0,13.0,0.635672
1004.0,14.0,0.894964
1004.0,15.0,0.510659
1004.0,16.0,0.653377
1004.0,17.0,0.888466
1005.0,0.0,0.321117
1005.0,1.0,1.0
1005.0,2.0,0.872618
1005.0,3.0,0.881225
1005.0,4.0,0.727386
1005.0,5.0,0.392153
1005.0,6.0,0.520045
1005.0,7.0,0.795018
1005.0,8.0,0.593938
1005.0,9.0,0.694785
1005.0,10.0,1.0
1005.0,11.0,0.557894
1005.0,12.0,0.0
1005.0,13.0,0.657196
1005.0,14.0,0.896183
1005.0,15.0,0.517048
1005.0,16.0,0.667601
1005.0,17.0,0.930837
1006.0,0.0,0.299673
1006.0,1.0,1.0
1006.0,2.0,0.853031
1006.0,3.0,0.877038
1006.0,4.0,0.720311
1006.0,5.0,0.214526
1006.0,6.0,0.491394
1006.0,7.0,0.788712
1006.0,8.0,0.565461
1006.0,9.0,0.668537
1006.0,10.0,1.0
1006.0,11.0,0.501704
1006.0,12.0,0.0
1006.0,13.0,0.628047
1006.0,14.0,0.895284
1006.0,15.0,0.507645
1006.0,16.0,0.645684
1006.0,17.0,0.865394
1007.0,0.0,0.283404
1007.0,1.0,1.0
1007.0,2.0,0.831885
1007.0,3.0,0.874165
1007.0,4.0,0.713871
1007.0,5.0,0.119627
1007.0,6.0,0.466088
1007.0,7.0,0.782131
1007.0,8.0,0.538966
1007.0,9.0,0.640975
1007.0,10.0,1.0
1007.0,11.0,0.455124
1007.0,12.0,0.0
1007.0,13.0,0.601658
1007.0,14.0,0.894332
1007.0,15.0,0.497962
1007.0,16.0,0.625556
1007.0,17.0,0.771013
1008.0,0.0,0.26834
1008.0,1.0,1.0
1008.0,2.0,0.809466
1008.0,3.0,0.871953
1008.0,4.0,0.707996
1008.0,5.0,0.069117
1008.0,6.0,0.443827
1008.0,7.0,0.776586
1008.0,8.0,0.511798
1008.0,9.0,0.612039
1008.0,10.0,1.0
1008.0,11.0,0.415572
1008.0,12.0,0.0
1008.0,13.0,0.577499
1008.0,14.0,0.893545
1008.0,15.0,0.488712
1008.0,16.0,0.605223
1008.0,17.0,0.657214
1009.0,0.0,0.253564
1009.0,1.0,1.0
1009.0,2.0,0.784855
1009.0,3.0,0.869256
1009.0,4.0,0.701253
1009.0,5.0,0.040497
1009.0,6.0,0.422765
1009.0,7.0,0.770895
1009.0,8.0,0.485597
1009.0,9.0,0.583911
1009.0,10.0,1.0
1009.0,11.0,0.382329
1009.0,12.0,0.0
1009.0,13.0,0.553841
1009.0,14.0,0.892854
1009.0,15.0,0.480114
1009.0,16.0,0.586231
1009.0,17.0,0.543651
1010.0,0.0,0.24103
1010.0,1.0,1.0
1010.0,2.0,0.758889
1010.0,3.0,0.866615
1010.0,4.0,0.696116
1010.0,5.0,0.024234
1010.0,6.0,0.402015
1010.0,7.0,0.766034
1010.0,8.0,0.458815
1010.0,9.0,0.557908
1010.0,10.0,1.0
1010.0,11.0,0.353698
1010.0,12.0,0.0
1010.0,13.0,0.531876
1010.0,14.0,0.891981
1010.0,15.0,0.472297
1010.0,16.0,0.567647
1010.0,17.0,0.443552
2000.0,0.0,0.238162
2000.0,1.0,1.0
2000.0,2.0,0.771067
2000.0,3.0,0.912461
2000.0,4.0,0.699114
2000.0,5.0,0.024601
2000.0,6.0,0.397817
2000.0,7.0,0.762701
2000.0,8.0,0.4546
2000.0,9.0,0.55817
2000.0,10.0,1.0
2000.0,11.0,0.352204
2000.0,12.0,0.0
2000.0,13.0,0.524358
2000.0,14.0,0.905166
2000.0,15.0,0.471823
2000.0,16.0,0.572716
2000.0,17.0,0.44184
2001.0,0.0,0.256045
2001.0,1.0,1.0
2001.0,2.0,0.801645
2001.0,3.0,0.915666
2001.0,4.0,0.705524
2001.0,5.0,0.053737
2001.0,6.0,0.423655
2001.0,7.0,0.770051
2001.0,8.0,0.488096
2001.0,9.0,0.5954
2001.0,10.0,1.0
2001.0,11.0,0.395856
2001.0,12.0,0.0
2001.0,13.0,0.55571
2001.0,14.0,0.906344
2001.0,15.0,0.479947
2001.0,16.0,0.59748
2001.0,17.0,0.591096
2002.0,0.0,0.272169
2002.0,1.0,1.0
2002.0,2.0,0.826098
2002.0,3.0,0.919297
2002.0,4.0,0.710956
2002.0,5.0,0.105654
2002.0,6.0,0.447563
2002.0,7.0,0.777113
2002.0,8.0,0.517465
2002.0,9.0,0.627215
2002.0,10.0,1.0
2002.0,11.0,0.436691
2002.0,12.0,0.0
2002.0,13.0,0.583419
2002.0,14.0,0.907466
2002.0,15.0,0.488127
2002.0,16.0,0.618578
2002.0,17.0,0.723087
2003.0,0.0,0.288149
2003.0,1.0,1.0
2003.0,2.0,0.846257
2003.0,3.0,0.922307
2003.0,4.0,0.716379
2003.0,5.0,0.18504
2003.0,6.0,0.470284
2003.0,7.0,0.783234
2003.0,8.0,0.542968
2003.0,9.0,0.655418
2003.0,10.0,1.0
2003.0,11.0,0.47656
2003.0,12.0,0.0
2003.0,13.0,0.607617
2003.0,14.0,0.909154
2003.0,15.0,0.493727
2003.0,16.0,0.637801
2003.0,17.0,0.820992
2004.0,0.0,0.302946
2004.0,1.0,1.0
2004.0,2.0,0.862966
2004.0,3.0,0.924475
2004.0,4.0,0.720472
2004.0,5.0,0.286745
2004.0,6.0,0.492627
2004.0,7.0,0.788504
2004.0,8.0,0.566504
2004.0,9.0,0.679337
2004.0,10.0,1.0
2004.0,11.0,0.515649
2004.0,12.0,0.0
2004.0,13.0,0.629412
2004.0,14.0,0.910606
2004.0,15.0,0.500074
2004.0,16.0,0.654251
2004.0,17.0,0.888164
2005.0,0.0,0.317329
2005.0,1.0,1.0
2005.0,2.0,0.877256
2005.0,3.0,0.92669
2005.0,4.0,0.725173
2005.0,5.0,0.394592
2005.0,6.0,0.513797
2005.0,7.0,0.79275
2005.0,8.0,0.588787
2005.0,9.0,0.701222
2005.0,10.0,1.0
2005.0,11.0,0.552855
2005.0,12.0,0.0
2005.0,13.0,0.650309
2005.0,14.0,0.911822
2005.0,15.0,0.507408
2005.0,16.0,0.667874
2005.0,17.0,0.930583
2006.0,0.0,0.297366
2006.0,1.0,1.0
2006.0,2.0,0.859527
2006.0,3.0,0.924311
2006.0,4.0,0.71846
2006.0,5.0,0.21568
2006.0,6.0,0.484094
2006.0,7.0,0.785995
2006.0,8.0,0.561105
2006.0,9.0,0.67218
2006.0,10.0,1.0
2006.0,11.0,0.496895
2006.0,12.0,0.0
2006.0,13.0,0.62136
2006.0,14.0,0.910931
2006.0,15.0,0.50064
2006.0,16.0,0.646093
2006.0,17.0,0.864165
2007.0,0.0,0.280049
2007.0,1.0,1.0
2007.0,2.0,0.839737
2007.0,3.0,0.921639
2007.0,4.0,0.712961
2007.0,5.0,0.121178
2007.0,6.0,0.4593
2007.0,7.0,0.779714
2007.0,8.0,0.532998
2007.0,9.0,0.64312
2007.0,10.0,1.0
2007.0,11.0,0.45224
2007.0,12.0,0.0
2007.0,13.0,0.594491
2007.0,14.0,0.9095
2007.0,15.0,0.493758
2007.0,16.0,0.627054
2007.0,17.0,0.768942
2008.0,0.0,0.263933
2008.0,1.0,1.0
2008.0,2.0,0.818325
2008.0,3.0,0.919154
2008.0,4.0,0.707251
2008.0,5.0,0.069935
2008.0,6.0,0.43657
2008.0,7.0,0.773739
2008.0,8.0,0.506169
2008.0,9.0,0.614135
2008.0,10.0,1.0
2008.0,11.0,0.414586
2008.0,12.0,0.0
2008.0,13.0,0.569293
2008.0,14.0,0.908652
2008.0,15.0,0.486305
2008.0,16.0,0.607828
2008.0,17.0,0.656435
2009.0,0.0,0.249622
2009.0,1.0,1.0
2009.0,2.0,0.795006
2009.0,3.0,0.916709
2009.0,4.0,0.701608
2009.0,5.0,0.041049
2009.0,6.0,0.4161
2009.0,7.0,0.76842
2009.0,8.0,0.478449
2009.0,9.0,0.586081
2009.0,10.0,1.0
2009.0,11.0,0.381976
2009.0,12.0,0.0
2009.0,13.0,0.545171
2009.0,14.0,0.908248
2009.0,15.0,0.478727
2009.0,16.0,0.589266
2009.0,17.0,0.543083
2010.0,0.0,0.237184
2010.0,1.0,1.0
2010.0,2.0,0.770132
2010.0,3.0,0.914399
2010.0,4.0,0.696648
2010.0,5.0,0.024334
2010.0,6.0,0.396262
2010.0,7.0,0.763883
2010.0,8.0,0.452369
2010.0,9.0,0.558387
2010.0,10.0,1.0
2010.0,11.0,0.352754
2010.0,12.0,0.0
2010.0,13.0,0.522678
2010.0,14.0,0.907692
2010.0,15.0,0.472189
2010.0,16.0,0.570954
2010.0,17.0,0.442742
3000.0,0.0,0.238727
3000.0,1.0,1.0
3000.0,2.0,0.778163
3000.0,3.0,0.943527
3000.0,4.0,0.69315
3000.0,5.0,0.024203
3000.0,6.0,0.397396
3000.0,7.0,0.7648
3000.0,8.0,0.456684
3000.0,9.0,0.550912
3000.0,10.0,1.0
3000.0,11.0,0.352203
3000.0,12.0,0.0
3000.0,13.0,0.530033
3000.0,14.0,0.915342
3000.0,15.0,0.470601
3000.0,16.0,0.571637
3000.0,17.0,0.444989
3001.0,0.0,0.256513
3001.0,1.0,1.0
3001.0,2.0,0.808907
3001.0,3.0,0.945771
3001.0,4.0,0.699232
3001.0,5.0,0.052628
3001.0,6.0,0.423659
3001.0,7.0,0.771814
3001.0,8.0,0.490548
3001.0,9.0,0.588359
3001.0,10.0,1.0
3001.0,11.0,0.396894
3001.0,12.0,0.0
3001.0,13.0,0.562143
3001.0,14.0,0.915937
3001.0,15.0,0.480578
3001.0,16.0,0.597803
3001.0,17.0,0.593628
3002.0,0.0,0.272431
3002.0,1.0,1.0
3002.0,2.0,0.832299
3002.0,3.0,0.947901
3002.0,4.0,0.704899
3002.0,5.0,0.102945
3002.0,6.0,0.447617
3002.0,7.0,0.777958
3002.0,8.0,0.519435
3002.0,9.0,0.620931
3002.0,10.0,1.0
3002.0,11.0,0.440385
3002.0,12.0,0.0
3002.0,13.0,0.589665
3002.0,14.0,0.91671
3002.0,15.0,0.489079
3002.0,16.0,0.619383
3002.0,17.0,0.724993
3003.0,0.0,0.288296
3003.0,1.0,1.0
3003.0,2.0,0.851875
3003.0,3.0,0.94965
3003.0,4.0,0.709519
3003.0,5.0,0.17948
3003.0,6.0,0.470357
3003.0,7.0,0.783202
3003.0,8.0,0.547166
3003.0,9.0,0.648104
3003.0,10.0,1.0
3003.0,11.0,0.480721
3003.0,12.0,0.0
3003.0,13.0,0.614671
3003.0,14.0,0.916931
3003.0,15.0,0.497213
3003.0,16.0,0.637606
3003.0,17.0,0.822421
3004.0,0.0,0.303155
3004.0,1.0,1.0
3004.0,2.0,0.867555
3004.0,3.0,0.951263
3004.0,4.0,0.714925
3004.0,5.0,0.279521
3004.0,6.0,0.493058
3004.0,7.0,0.788144
3004.0,8.0,0.571034
3004.0,9.0,0.672381
3004.0,10.0,1.0
3004.0,11.0,0.519525
3004.0,12.0,0.0
3004.0,13.0,0.637088
3004.0,14.0,0.917024
3004.0,15.0,0.505276
3004.0,16.0,0.654035
3004.0,17.0,0.888701
3005.0,0.0,0.318983
3005.0,1.0,1.0
3005.0,2.0,0.881807
3005.0,3.0,0.952652
3005.0,4.0,0.71992
3005.0,5.0,0.387787
3005.0,6.0,0.514979
3005.0,7.0,0.793047
3005.0,8.0,0.593827
3005.0,9.0,0.6946
3005.0,10.0,1.0
3005.0,11.0,0.557403
3005.0,12.0,0.0
3005.0,13.0,0.658455
3005.0,14.0,0.917972
3005.0,15.0,0.512745
3005.0,16.0,0.668742
3005.0,17.0,0.931296
3006.0,0.0,0.298189
3006.0,1.0,1.0
3006.0,2.0,0.86457
3006.0,3.0,0.951138
3006.0,4.0,0.713411
3006.0,5.0,0.211646
3006.0,6.0,0.486569
3006.0,7.0,0.788052
3006.0,8.0,0.56432
3006.0,9.0,0.665209
3006.0,10.0,1.0
3006.0,11.0,0.499739
3006.0,12.0,0.0
3006.0,13.0,0.628348
3006.0,14.0,0.91717
3006.0,15.0,0.504413
3006.0,16.0,0.648105
3006.0,17.0,0.865666
3007.0,0.0,0.280593
3007.0,1.0,1.0
3007.0,2.0,0.844894
3007.0,3.0,0.949107
3007.0,4.0,0.707305
3007.0,5.0,0.11831
3007.0,6.0,0.461685
3007.0,7.0,0.782808
3007.0,8.0,0.536551
3007.0,9.0,0.634305
3007.0,10.0,1.0
3007.0,11.0,0.452872
3007.0,12.0,0.0
3007.0,13.0,0.602086
3007.0,14.0,0.916698
3007.0,15.0,0.495776
3007.0,16.0,0.627548
3007.0,17.0,0.771088
3008.0,0.0,0.265324
3008.0,1.0,1.0
3008.0,2.0,0.823574
3008.0,3.0,0.947443
3008.0,4.0,0.702081
3008.0,5.0,0.068513
3008.0,6.0,0.4395
3008.0,7.0,0.777541
3008.0,8.0,0.50874
3008.0,9.0,0.602897
3008.0,10.0,1.0
3008.0,11.0,0.414104
3008.0,12.0,0.0
3008.0,13.0,0.577036
3008.0,14.0,0.914876
3008.0,15.0,0.487556
3008.0,16.0,0.608141
3008.0,17.0,0.657918
3009.0,0.0,0.251139
3009.0,1.0,1.0
3009.0,2.0,0.800596
3009.0,3.0,0.945764
3009.0,4.0,0.696417
3009.0,5.0,0.040542
3009.0,6.0,0.418035
3009.0,7.0,0.772231
3009.0,8.0,0.481213
3009.0,9.0,0.573851
3009.0,10.0,1.0
3009.0,11.0,0.38065
3009.0,12.0,0.0
3009.0,13.0,0.552729
3009.0,14.0,0.914204
3009.0,15.0,0.480306
3009.0,16.0,0.589533
3009.0,17.0,0.545187
3010.0,0.0,0.238586
3010.0,1.0,1.0
3010.0,2.0,0.77628
3010.0,3.0,0.944139
3010.0,4.0,0.691108
3010.0,5.0,0.024324
3010.0,6.0,0.398419
3010.0,7.0,0.766495
3010.0,8.0,0.455117
3010.0,9.0,0.54629
3010.0,10.0,1.0
3010.0,11.0,0.351828
3010.0,12.0,0.0
3010.0,13.0,0.530011
3010.0,14.0,0.913944
3010.0,15.0,0.47353
3010.0,16.0,0.570636
3010.0,17.0,0.444842
4000.0,0.0,0.238589
4000.0,1.0,1.0
4000.0,2.0,0.762661
4000.0,3.0,0.957379
4000.0,4.0,0.683295
4000.0,5.0,0.024244
4000.0,6.0,0.396755
4000.0,7.0,0.76567
4000.0,8.0,0.46608
4000.0,9.0,0.556676
4000.0,10.0,1.0
4000.0,11.0,0.354487
4000.0,12.0,0.0
4000.0,13.0,0.525705
4000.0,14.0,0.916564
4000.0,15.0,0.474863
4000.0,16.0,0.568998
4000.0,17.0,0.441828
4001.0,0.0,0.256506
4001.0,1.0,1.0
4001.0,2.0,0.794047
4001.0,3.0,0.959038
4001.0,4.0,0.689129
4001.0,5.0,0.052651
4001.0,6.0,0.423908
4001.0,7.0,0.773657
4001.0,8.0,0.497929
4001.0,9.0,0.592498
4001.0,10.0,1.0
4001.0,11.0,0.397607
4001.0,12.0,0.0
4001.0,13.0,0.557258
4001.0,14.0,0.917655
4001.0,15.0,0.483972
4001.0,16.0,0.594967
4001.0,17.0,0.591268
4002.0,0.0,0.272189
4002.0,1.0,1.0
4002.0,2.0,0.820108
4002.0,3.0,0.960082
4002.0,4.0,0.694495
4002.0,5.0,0.102976
4002.0,6.0,0.44782
4002.0,7.0,0.778789
4002.0,8.0,0.527118
4002.0,9.0,0.624084
4002.0,10.0,1.0
4002.0,11.0,0.438916
4002.0,12.0,0.0
4002.0,13.0,0.583956
4002.0,14.0,0.918859
4002.0,15.0,0.491976
4002.0,16.0,0.616785
4002.0,17.0,0.721235
4003.0,0.0,0.289087
4003.0,1.0,1.0
4003.0,2.0,0.841894
4003.0,3.0,0.961432
4003.0,4.0,0.699921
4003.0,5.0,0.180662
4003.0,6.0,0.469666
4003.0,7.0,0.783304
4003.0,8.0,0.552821
4003.0,9.0,0.651702
4003.0,10.0,1.0
4003.0,11.0,0.478544
4003.0,12.0,0.0
4003.0,13.0,0.60938
4003.0,14.0,0.919563
4003.0,15.0,0.499222
4003.0,16.0,0.635255
4003.0,17.0,0.819594
4004.0,0.0,0.305252
4004.0,1.0,1.0
4004.0,2.0,0.85968
4004.0,3.0,0.962681
4004.0,4.0,0.704522
4004.0,5.0,0.280629
4004.0,6.0,0.491125
4004.0,7.0,0.788546
4004.0,8.0,0.57579
4004.0,9.0,0.675955
4004.0,10.0,1.0
4004.0,11.0,0.517221
4004.0,12.0,0.0
4004.0,13.0,0.63246
4004.0,14.0,0.92018
4004.0,15.0,0.50594
4004.0,16.0,0.651417
4004.0,17.0,0.886172
4005.0,0.0,0.31987
4005.0,1.0,1.0
4005.0,2.0,0.87431
4005.0,3.0,0.964035
4005.0,4.0,0.708631
4005.0,5.0,0.388736
4005.0,6.0,0.512642
4005.0,7.0,0.792951
4005.0,8.0,0.596705
4005.0,9.0,0.698603
4005.0,10.0,1.0
4005.0,11.0,0.554913
4005.0,12.0,0.0
4005.0,13.0,0.65371
4005.0,14.0,0.92084
4005.0,15.0,0.512953
4005.0,16.0,0.66632
4005.0,17.0,0.929561
4006.0,0.0,0.298917
4006.0,1.0,1.0
4006.0,2.0,0.856026
4006.0,3.0,0.962326
4006.0,4.0,0.702577
4006.0,5.0,0.213649
4006.0,6.0,0.484133
4006.0,7.0,0.786926
4006.0,8.0,0.569005
4006.0,9.0,0.669741
4006.0,10.0,1.0
4006.0,11.0,0.499813
4006.0,12.0,0.0
4006.0,13.0,0.623339
4006.0,14.0,0.919705
4006.0,15.0,0.50486
4006.0,16.0,0.646658
4006.0,17.0,0.862967
4007.0,0.0,0.28104
4007.0,1.0,1.0
4007.0,2.0,0.835865
4007.0,3.0,0.96065
4007.0,4.0,0.696482
4007.0,5.0,0.119345
4007.0,6.0,0.459262
4007.0,7.0,0.781271
4007.0,8.0,0.542113
4007.0,9.0,0.640994
4007.0,10.0,1.0
4007.0,11.0,0.453497
4007.0,12.0,0.0
4007.0,13.0,0.596284
4007.0,14.0,0.918664
4007.0,15.0,0.496992
4007.0,16.0,0.626296
4007.0,17.0,0.767305
4008.0,0.0,0.265694
4008.0,1.0,1.0
4008.0,2.0,0.813866
4008.0,3.0,0.959953
4008.0,4.0,0.691048
4008.0,5.0,0.068926
4008.0,6.0,0.437179
4008.0,7.0,0.776052
4008.0,8.0,0.516405
4008.0,9.0,0.611987
4008.0,10.0,1.0
4008.0,11.0,0.415019
4008.0,12.0,0.0
4008.0,13.0,0.570886
4008.0,14.0,0.91726
4008.0,15.0,0.489049
4008.0,16.0,0.606081
4008.0,17.0,0.652938
4009.0,0.0,0.251259
4009.0,1.0,1.0
4009.0,2.0,0.789958
4009.0,3.0,0.959152
4009.0,4.0,0.685302
4009.0,5.0,0.040697
4009.0,6.0,0.416129
4009.0,7.0,0.770891
4009.0,8.0,0.490463
4009.0,9.0,0.584838
4009.0,10.0,1.0
4009.0,11.0,0.381348
4009.0,12.0,0.0
4009.0,13.0,0.546289
4009.0,14.0,0.916424
4009.0,15.0,0.482005
4009.0,16.0,0.587369
4009.0,17.0,0.540179
4010.0,0.0,0.238885
4010.0,1.0,1.0
4010.0,2.0,0.764363
4010.0,3.0,0.957806
4010.0,4.0,0.680158
4010.0,5.0,0.024177
4010.0,6.0,0.396997
4010.0,7.0,0.76539
4010.0,8.0,0.463991
4010.0,9.0,0.558656
4010.0,10.0,1.0
4010.0,11.0,0.352966
4010.0,12.0,0.0
4010.0,13.0,0.523902
4010.0,14.0,0.915753
4010.0,15.0,0.475747
4010.0,16.0,0.568576
4010.0,17.0,0.440774
5000.0,0.0,0.23938
5000.0,1.0,1.0
5000.0,2.0,0.758358
5000.0,3.0,0.964321
5000.0,4.0,0.690689
5000.0,5.0,0.023613
5000.0,6.0,0.399082
5000.0,7.0,0.758719
5000.0,8.0,0.455889
5000.0,9.0,0.557511
5000.0,10.0,1.0
5000.0,11.0,0.351079
5000.0,12.0,0.0
5000.0,13.0,0.52464
5000.0,14.0,0.912123
5000.0,15.0,0.472927
5000.0,16.0,0.572035
5000.0,17.0,0.436196
5001.0,0.0,0.256848
5001.0,1.0,1.0
5001.0,2.0,0.791671
5001.0,3.0,0.965144
5001.0,4.0,0.696919
5001.0,5.0,0.051411
5001.0,6.0,0.425487
5001.0,7.0,0.766437
5001.0,8.0,0.489583
5001.0,9.0,0.595114
5001.0,10.0,1.0
5001.0,11.0,0.394424
5001.0,12.0,0.0
5001.0,13.0,0.556049
5001.0,14.0,0.913028
5001.0,15.0,0.481705
5001.0,16.0,0.598526
5001.0,17.0,0.585771
5002.0,0.0,0.272376
5002.0,1.0,1.0
5002.0,2.0,0.818213
5002.0,3.0,0.966115
5002.0,4.0,0.7035
5002.0,5.0,0.101255
5002.0,6.0,0.449836
5002.0,7.0,0.772675
5002.0,8.0,0.518445
5002.0,9.0,0.627094
5002.0,10.0,1.0
5002.0,11.0,0.437079
5002.0,12.0,0.0
5002.0,13.0,0.58314
5002.0,14.0,0.914144
5002.0,15.0,0.489049
5002.0,16.0,0.621299
5002.0,17.0,0.717008
5003.0,0.0,0.287971
5003.0,1.0,1.0
5003.0,2.0,0.840106
5003.0,3.0,0.967321
5003.0,4.0,0.709304
5003.0,5.0,0.178081
5003.0,6.0,0.473044
5003.0,7.0,0.779215
5003.0,8.0,0.54514
5003.0,9.0,0.652559
5003.0,10.0,1.0
5003.0,11.0,0.476699
5003.0,12.0,0.0
5003.0,13.0,0.608304
5003.0,14.0,0.915482
5003.0,15.0,0.497786
5003.0,16.0,0.639437
5003.0,17.0,0.816783
5004.0,0.0,0.302958
5004.0,1.0,1.0
5004.0,2.0,0.858499
5004.0,3.0,0.968195
5004.0,4.0,0.713933
5004.0,5.0,0.277841
5004.0,6.0,0.494837
5004.0,7.0,0.783451
5004.0,8.0,0.56938
5004.0,9.0,0.676696
5004.0,10.0,1.0
5004.0,11.0,0.515321
5004.0,12.0,0.0
5004.0,13.0,0.63189
5004.0,14.0,0.916113
5004.0,15.0,0.506126
5004.0,16.0,0.656294
5004.0,17.0,0.884635
5005.0,0.0,0.317805
5005.0,1.0,1.0
5005.0,2.0,0.87405
5005.0,3.0,0.969166
5005.0,4.0,0.718802
5005.0,5.0,0.385683
5005.0,6.0,0.515889
5005.0,7.0,0.788666
5005.0,8.0,0.592827
5005.0,9.0,0.698127
5005.0,10.0,1.0
5005.0,11.0,0.552881
5005.0,12.0,0.0
5005.0,13.0,0.653443
5005.0,14.0,0.91702
5005.0,15.0,0.514063
5005.0,16.0,0.671267
5005.0,17.0,0.927954
5006.0,0.0,0.296078
5006.0,1.0,1.0
5006.0,2.0,0.856039
5006.0,3.0,0.96768
5006.0,4.0,0.713025
5006.0,5.0,0.211342
5006.0,6.0,0.487195
5006.0,7.0,0.783782
5006.0,8.0,0.565124
5006.0,9.0,0.671575
5006.0,10.0,1.0
5006.0,11.0,0.496246
5006.0,12.0,0.0
5006.0,13.0,0.623595
5006.0,14.0,0.915832
5006.0,15.0,0.5034
5006.0,16.0,0.651471
5006.0,17.0,0.8596
5007.0,0.0,0.27776
5007.0,1.0,1.0
5007.0,2.0,0.835589
5007.0,3.0,0.966485
5007.0,4.0,0.708189
5007.0,5.0,0.118978
5007.0,6.0,0.461523
5007.0,7.0,0.778743
5007.0,8.0,0.538586
5007.0,9.0,0.643301
5007.0,10.0,1.0
5007.0,11.0,0.450562
5007.0,12.0,0.0
5007.0,13.0,0.596532
5007.0,14.0,0.91476
5007.0,15.0,0.494151
5007.0,16.0,0.631096
5007.0,17.0,0.762279
5008.0,0.0,0.262434
5008.0,1.0,1.0
5008.0,2.0,0.81286
5008.0,3.0,0.965611
5008.0,4.0,0.702876
5008.0,5.0,0.068635
5008.0,6.0,0.439158
5008.0,7.0,0.773067
5008.0,8.0,0.510817
5008.0,9.0,0.615636
5008.0,10.0,1.0
5008.0,11.0,0.411675
5008.0,12.0,0.0
5008.0,13.0,0.571256
5008.0,14.0,0.913568
5008.0,15.0,0.486338
5008.0,16.0,0.612374
5008.0,17.0,0.647646
5009.0,0.0,0.248489
5009.0,1.0,1.0
5009.0,2.0,0.789186
5009.0,3.0,0.964817
5009.0,4.0,0.697119
5009.0,5.0,0.039987
5009.0,6.0,0.417932
5009.0,7.0,0.767835
5009.0,8.0,0.483571
5009.0,9.0,0.587155
5009.0,10.0,1.0
5009.0,11.0,0.378389
5009.0,12.0,0.0
5009.0,13.0,0.547367
5009.0,14.0,0.912673
5009.0,15.0,0.478334
5009.0,16.0,0.594982
5009.0,17.0,0.533775
5010.0,0.0,0.235751
5010.0,1.0,1.0
5010.0,2.0,0.763592
5010.0,3.0,0.963876
5010.0,4.0,0.691696
5010.0,5.0,0.023825
5010.0,6.0,0.398202
5010.0,7.0,0.76247
5010.0,8.0,0.457296
5010.0,9.0,0.55949
5010.0,10.0,1.0
5010.0,11.0,0.349972
5010.0,12.0,0.0
5010.0,13.0,0.525244
5010.0,14.0,0.912105
5010.0,15.0,0.470675
5010.0,16.0,0.576093
5010.0,17.0,0.43521
6000.0,0.0,0.238713
6000.0,1.0,1.0
6000.0,2.0,0.761763
6000.0,3.0,0.960419
6000.0,4.0,0.689932
6000.0,5.0,0.024438
6000.0,6.0,0.393718
6000.0,7.0,0.767357
6000.0,8.0,0.450538
6000.0,9.0,0.558318
6000.0,10.0,1.0
6000.0,11.0,0.353715
6000.0,12.0,0.0
6000.0,13.0,0.525028
6000.0,14.0,0.919429
6000.0,15.0,0.476198
6000.0,16.0,0.56783
6000.0,17.0,0.442194
6001.0,0.0,0.256265
6001.0,1.0,1.0
6001.0,2.0,0.79343
6001.0,3.0,0.961708
6001.0,4.0,0.697919
6001.0,5.0,0.053301
6001.0,6.0,0.419192
6001.0,7.0,0.773978
6001.0,8.0,0.484488
6001.0,9.0,0.594281
6001.0,10.0,1.0
6001.0,11.0,0.398979
6001.0,12.0,0.0
6001.0,13.0,0.556695
6001.0,14.0,0.92055
6001.0,15.0,0.48551
6001.0,16.0,0.593603
6001.0,17.0,0.591944
6002.0,0.0,0.272877
6002.0,1.0,1.0
6002.0,2.0,0.819333
6002.0,3.0,0.963224
6002.0,4.0,0.704701
6002.0,5.0,0.10443
6002.0,6.0,0.442748
6002.0,7.0,0.779332
6002.0,8.0,0.514524
6002.0,9.0,0.625853
6002.0,10.0,1.0
6002.0,11.0,0.441454
6002.0,12.0,0.0
6002.0,13.0,0.583995
6002.0,14.0,0.921374
6002.0,15.0,0.493705
6002.0,16.0,0.614948
6002.0,17.0,0.722777
6003.0,0.0,0.288537
6003.0,1.0,1.0
6003.0,2.0,0.840147
6003.0,3.0,0.964702
6003.0,4.0,0.7108
6003.0,5.0,0.182797
6003.0,6.0,0.465418
6003.0,7.0,0.784601
6003.0,8.0,0.542491
6003.0,9.0,0.652034
6003.0,10.0,1.0
6003.0,11.0,0.48193
6003.0,12.0,0.0
6003.0,13.0,0.609755
6003.0,14.0,0.922137
6003.0,15.0,0.499684
6003.0,16.0,0.632913
6003.0,17.0,0.821738
6004.0,0.0,0.304229
6004.0,1.0,1.0
6004.0,2.0,0.858051
6004.0,3.0,0.965566
6004.0,4.0,0.715782
6004.0,5.0,0.284066
6004.0,6.0,0.48734
6004.0,7.0,0.789524
6004.0,8.0,0.56679
6004.0,9.0,0.675006
6004.0,10.0,1.0
6004.0,11.0,0.521373
6004.0,12.0,0.0
6004.0,13.0,0.631653
6004.0,14.0,0.922601
6004.0,15.0,0.506415
6004.0,16.0,0.648306
6004.0,17.0,0.888358
6005.0,0.0,0.319048
6005.0,1.0,1.0
6005.0,2.0,0.873294
6005.0,3.0,0.966671
6005.0,4.0,0.72011
6005.0,5.0,0.392166
6005.0,6.0,0.508294
6005.0,7.0,0.794382
6005.0,8.0,0.589701
6005.0,9.0,0.696298
6005.0,10.0,1.0
6005.0,11.0,0.558732
6005.0,12.0,0.0
6005.0,13.0,0.652135
6005.0,14.0,0.923466
6005.0,15.0,0.513295
6005.0,16.0,0.66337
6005.0,17.0,0.930781
6006.0,0.0,0.29875
6006.0,1.0,1.0
6006.0,2.0,0.853484
6006.0,3.0,0.964909
6006.0,4.0,0.714175
6006.0,5.0,0.214426
6006.0,6.0,0.480569
6006.0,7.0,0.788779
6006.0,8.0,0.559246
6006.0,9.0,0.66902
6006.0,10.0,1.0
6006.0,11.0,0.503476
6006.0,12.0,0.0
6006.0,13.0,0.622345
6006.0,14.0,0.922346
6006.0,15.0,0.504933
6006.0,16.0,0.643343
6006.0,17.0,0.864927
6007.0,0.0,0.281915
6007.0,1.0,1.0
6007.0,2.0,0.833066
6007.0,3.0,0.963831
6007.0,4.0,0.707977
6007.0,5.0,0.120015
6007.0,6.0,0.456038
6007.0,7.0,0.783483
6007.0,8.0,0.531116
6007.0,9.0,0.64076
6007.0,10.0,1.0
6007.0,11.0,0.456803
6007.0,12.0,0.0
6007.0,13.0,0.595562
6007.0,14.0,0.921445
6007.0,15.0,0.49816
6007.0,16.0,0.62374
6007.0,17.0,0.770391
6008.0,0.0,0.265848
6008.0,1.0,1.0
6008.0,2.0,0.809435
6008.0,3.0,0.962524
6008.0,4.0,0.702049
6008.0,5.0,0.069727
6008.0,6.0,0.43387
6008.0,7.0,0.777823
6008.0,8.0,0.504548
6008.0,9.0,0.612006
6008.0,10.0,1.0
6008.0,11.0,0.417405
6008.0,12.0,0.0
6008.0,13.0,0.570288
6008.0,14.0,0.92097
6008.0,15.0,0.491363
6008.0,16.0,0.604407
6008.0,17.0,0.656908
6009.0,0.0,0.251741
6009.0,1.0,1.0
6009.0,2.0,0.785526
6009.0,3.0,0.961626
6009.0,4.0,0.697744
6009.0,5.0,0.041183
6009.0,6.0,0.41304
6009.0,7.0,0.773004
6009.0,8.0,0.477462
6009.0,9.0,0.583471
6009.0,10.0,1.0
6009.0,11.0,0.384572
6009.0,12.0,0.0
6009.0,13.0,0.546781
6009.0,14.0,0.919957
6009.0,15.0,0.484637
6009.0,16.0,0.585372
6009.0,17.0,0.543365
6010.0,0.0,0.239085
6010.0,1.0,1.0
6010.0,2.0,0.76012
6010.0,3.0,0.960407
6010.0,4.0,0.692536
6010.0,5.0,0.024554
6010.0,6.0,0.393147
6010.0,7.0,0.768304
6010.0,8.0,0.450771
6010.0,9.0,0.554682
6010.0,10.0,1.0
6010.0,11.0,0.355298
6010.0,12.0,0.0
6010.0,13.0,0.524466
6010.0,14.0,0.919325
6010.0,15.0,0.477618
6010.0,16.0,0.567243
6010.0,17.0,0.442286
7000.0,0.0,0.240809
7000.0,1.0,1.0
7000.0,2.0,0.768286
7000.0,3.0,0.956181
7000.0,4.0,0.689157
7000.0,5.0,0.023857
7000.0,6.0,0.395201
7000.0,7.0,0.763665
7000.0,8.0,0.452616
7000.0,9.0,0.550148
7000.0,10.0,1.0
7000.0,11.0,0.353637
7000.0,12.0,0.0
7000.0,13.0,0.520527
7000.0,14.0,0.915296
7000.0,15.0,0.474659
7000.0,16.0,0.569985
7000.0,17.0,0.444927
7001.0,0.0,0.258629
7001.0,1.0,1.0
7001.0,2.0,0.800042
7001.0,3.0,0.958291
7001.0,4.0,0.697428
7001.0,5.0,0.052012
7001.0,6.0,0.420688
7001.0,7.0,0.770985
7001.0,8.0,0.485864
7001.0,9.0,0.588391
7001.0,10.0,1.0
7001.0,11.0,0.397313
7001.0,12.0,0.0
7001.0,13.0,0.552053
7001.0,14.0,0.916212
7001.0,15.0,0.483095
7001.0,16.0,0.595807
7001.0,17.0,0.595176
7002.0,0.0,0.275567
7002.0,1.0,1.0
7002.0,2.0,0.825587
7002.0,3.0,0.9604
7002.0,4.0,0.704116
7002.0,5.0,0.102701
7002.0,6.0,0.445055
7002.0,7.0,0.777313
7002.0,8.0,0.515543
7002.0,9.0,0.620416
7002.0,10.0,1.0
7002.0,11.0,0.438594
7002.0,12.0,0.0
7002.0,13.0,0.580248
7002.0,14.0,0.916921
7002.0,15.0,0.490622
7002.0,16.0,0.616888
7002.0,17.0,0.725557
7003.0,0.0,0.291563
7003.0,1.0,1.0
7003.0,2.0,0.84645
7003.0,3.0,0.96209
7003.0,4.0,0.709897
7003.0,5.0,0.180173
7003.0,6.0,0.467636
7003.0,7.0,0.783259
7003.0,8.0,0.542958
7003.0,9.0,0.648293
7003.0,10.0,1.0
7003.0,11.0,0.479137
7003.0,12.0,0.0
7003.0,13.0,0.605145
7003.0,14.0,0.918432
7003.0,15.0,0.49733
7003.0,16.0,0.635417
7003.0,17.0,0.823692
7004.0,0.0,0.305924
7004.0,1.0,1.0
7004.0,2.0,0.86478
7004.0,3.0,0.96373
7004.0,4.0,0.714855
7004.0,5.0,0.281059
7004.0,6.0,0.49014
7004.0,7.0,0.788764
7004.0,8.0,0.566804
7004.0,9.0,0.673449
7004.0,10.0,1.0
7004.0,11.0,0.518685
7004.0,12.0,0.0
7004.0,13.0,0.62791
7004.0,14.0,0.919323
7004.0,15.0,0.503876
7004.0,16.0,0.652071
7004.0,17.0,0.889596
7005.0,0.0,0.321106
7005.0,1.0,1.0
7005.0,2.0,0.87934
7005.0,3.0,0.96519
7005.0,4.0,0.719511
7005.0,5.0,0.389406
7005.0,6.0,0.511598
7005.0,7.0,0.792935
7005.0,8.0,0.590114
7005.0,9.0,0.696509
7005.0,10.0,1.0
7005.0,11.0,0.55572
7005.0,12.0,0.0
7005.0,13.0,0.648452
7005.0,14.0,0.920033
7005.0,15.0,0.509286
7005.0,16.0,0.666131
7005.0,17.0,0.931497
7006.0,0.0,0.299233
7006.0,1.0,1.0
7006.0,2.0,0.860049
7006.0,3.0,0.963615
7006.0,4.0,0.713135
7006.0,5.0,0.212345
7006.0,6.0,0.483059
7006.0,7.0,0.787247
7006.0,8.0,0.560941
7006.0,9.0,0.667345
7006.0,10.0,1.0
7006.0,11.0,0.499398
7006.0,12.0,0.0
7006.0,13.0,0.619426
7006.0,14.0,0.919096
7006.0,15.0,0.501407
7006.0,16.0,0.645505
7006.0,17.0,0.866241
7007.0,0.0,0.281016
7007.0,1.0,1.0
7007.0,2.0,0.839969
7007.0,3.0,0.962143
7007.0,4.0,0.706894
7007.0,5.0,0.118396
7007.0,6.0,0.458866
7007.0,7.0,0.781154
7007.0,8.0,0.532686
7007.0,9.0,0.637626
7007.0,10.0,1.0
7007.0,11.0,0.453143
7007.0,12.0,0.0
7007.0,13.0,0.59367
7007.0,14.0,0.918121
7007.0,15.0,0.495145
7007.0,16.0,0.625834
7007.0,17.0,0.771888
7008.0,0.0,0.265121
7008.0,1.0,1.0
7008.0,2.0,0.817075
7008.0,3.0,0.960671
7008.0,4.0,0.700823
7008.0,5.0,0.06834
7008.0,6.0,0.435635
7008.0,7.0,0.775649
7008.0,8.0,0.504758
7008.0,9.0,0.60912
7008.0,10.0,1.0
7008.0,11.0,0.414593
7008.0,12.0,0.0
7008.0,13.0,0.56936
7008.0,14.0,0.917322
7008.0,15.0,0.488806
7008.0,16.0,0.606933
7008.0,17.0,0.657561
7009.0,0.0,0.250485
7009.0,1.0,1.0
7009.0,2.0,0.793393
7009.0,3.0,0.959136
7009.0,4.0,0.695387
7009.0,5.0,0.040013
7009.0,6.0,0.414749
7009.0,7.0,0.771044
7009.0,8.0,0.477122
7009.0,9.0,0.579751
7009.0,10.0,1.0
7009.0,11.0,0.382445
7009.0,12.0,0.0
7009.0,13.0,0.544721
7009.0,14.0,0.916404
7009.0,15.0,0.481271
7009.0,16.0,0.588738
7009.0,17.0,0.544369
7010.0,0.0,0.237185
7010.0,1.0,1.0
7010.0,2.0,0.767476
7010.0,3.0,0.957509
7010.0,4.0,0.690267
7010.0,5.0,0.024062
7010.0,6.0,0.394463
7010.0,7.0,0.766185
7010.0,8.0,0.451157
7010.0,9.0,0.551937
7010.0,10.0,1.0
7010.0,11.0,0.353805
7010.0,12.0,0.0
7010.0,13.0,0.522292
7010.0,14.0,0.915148
7010.0,15.0,0.475676
7010.0,16.0,0.571858
7010.0,17.0,0.443318
8000.0,0.0,0.238359
8000.0,1.0,1.0
8000.0,2.0,0.77101
8000.0,3.0,0.971927
8000.0,4.0,0.693387
8000.0,5.0,0.023298
8000.0,6.0,0.397812
8000.0,7.0,0.767943
8000.0,8.0,0.449591
8000.0,9.0,0.550036
8000.0,10.0,1.0
8000.0,11.0,0.352199
8000.0,12.0,0.0
8000.0,13.0,0.527669
8000.0,14.0,0.925827
8000.0,15.0,0.481135
8000.0,16.0,0.571441
8000.0,17.0,0.440394
8001.0,0.0,0.255871
8001.0,1.0,1.0
8001.0,2.0,0.803168
8001.0,3.0,0.973413
8001.0,4.0,0.700609
8001.0,5.0,0.051154
8001.0,6.0,0.423785
8001.0,7.0,0.774427
8001.0,8.0,0.48468
8001.0,9.0,0.588456
8001.0,10.0,1.0
8001.0,11.0,0.398137
8001.0,12.0,0.0
8001.0,13.0,0.558721
8001.0,14.0,0.927005
8001.0,15.0,0.488817
8001.0,16.0,0.596186
8001.0,17.0,0.590441
8002.0,0.0,0.27251
8002.0,1.0,1.0
8002.0,2.0,0.828289
8002.0,3.0,0.974575
8002.0,4.0,0.706253
8002.0,5.0,0.100461
8002.0,6.0,0.447675
8002.0,7.0,0.779618
8002.0,8.0,0.516129
8002.0,9.0,0.619959
8002.0,10.0,1.0
8002.0,11.0,0.44165
8002.0,12.0,0.0
8002.0,13.0,0.585925
8002.0,14.0,0.927607
8002.0,15.0,0.496861
8002.0,16.0,0.617134
8002.0,17.0,0.720754
8003.0,0.0,0.287499
8003.0,1.0,1.0
8003.0,2.0,0.849258
8003.0,3.0,0.975407
8003.0,4.0,0.711924
8003.0,5.0,0.177209
8003.0,6.0,0.471272
8003.0,7.0,0.785712
8003.0,8.0,0.54401
8003.0,9.0,0.648621
8003.0,10.0,1.0
8003.0,11.0,0.482912
8003.0,12.0,0.0
8003.0,13.0,0.610643
8003.0,14.0,0.928399
8003.0,15.0,0.503984
8003.0,16.0,0.635551
8003.0,17.0,0.819507
8004.0,0.0,0.302233
8004.0,1.0,1.0
8004.0,2.0,0.867197
8004.0,3.0,0.97635
8004.0,4.0,0.716178
8004.0,5.0,0.277629
8004.0,6.0,0.491925
8004.0,7.0,0.790329
8004.0,8.0,0.570127
8004.0,9.0,0.673413
8004.0,10.0,1.0
8004.0,11.0,0.521135
8004.0,12.0,0.0
8004.0,13.0,0.632543
8004.0,14.0,0.929442
8004.0,15.0,0.511435
8004.0,16.0,0.649814
8004.0,17.0,0.886356
8005.0,0.0,0.31771
8005.0,1.0,1.0
8005.0,2.0,0.881733
8005.0,3.0,0.977239
8005.0,4.0,0.721294
8005.0,5.0,0.386475
8005.0,6.0,0.513733
8005.0,7.0,0.795097
8005.0,8.0,0.593639
8005.0,9.0,0.695916
8005.0,10.0,1.0
8005.0,11.0,0.559578
8005.0,12.0,0.0
8005.0,13.0,0.653479
8005.0,14.0,0.929719
8005.0,15.0,0.517147
8005.0,16.0,0.664641
8005.0,17.0,0.929877
8006.0,0.0,0.297129
8006.0,1.0,1.0
8006.0,2.0,0.863122
8006.0,3.0,0.976246
8006.0,4.0,0.714936
8006.0,5.0,0.211006
8006.0,6.0,0.484344
8006.0,7.0,0.788505
8006.0,8.0,0.562835
8006.0,9.0,0.665691
8006.0,10.0,1.0
8006.0,11.0,0.502309
8006.0,12.0,0.0
8006.0,13.0,0.62363
8006.0,14.0,0.928563
8006.0,15.0,0.509049
8006.0,16.0,0.645318
8006.0,17.0,0.863572
8007.0,0.0,0.279673
8007.0,1.0,1.0
8007.0,2.0,0.843055
8007.0,3.0,0.975336
8007.0,4.0,0.708899
8007.0,5.0,0.118076
8007.0,6.0,0.458821
8007.0,7.0,0.782185
8007.0,8.0,0.533284
8007.0,9.0,0.63639
8007.0,10.0,1.0
8007.0,11.0,0.455119
8007.0,12.0,0.0
8007.0,13.0,0.596812
8007.0,14.0,0.927615
8007.0,15.0,0.502114
8007.0,16.0,0.625773
8007.0,17.0,0.768223
8008.0,0.0,0.263524
8008.0,1.0,1.0
8008.0,2.0,0.82198
8008.0,3.0,0.97418
8008.0,4.0,0.703229
8008.0,5.0,0.068174
8008.0,6.0,0.435824
8008.0,7.0,0.776304
8008.0,8.0,0.504619
8008.0,9.0,0.607343
8008.0,10.0,1.0
8008.0,11.0,0.415602
8008.0,12.0,0.0
8008.0,13.0,0.572641
8008.0,14.0,0.926528
8008.0,15.0,0.495426
8008.0,16.0,0.607216
8008.0,17.0,0.653853
8009.0,0.0,0.249477
8009.0,1.0,1.0
8009.0,2.0,0.798996
8009.0,3.0,0.973155
8009.0,4.0,0.69755
8009.0,5.0,0.039934
8009.0,6.0,0.415047
8009.0,7.0,0.770731
8009.0,8.0,0.477676
8009.0,9.0,0.579303
8009.0,10.0,1.0
8009.0,11.0,0.381105
8009.0,12.0,0.0
8009.0,13.0,0.548635
8009.0,14.0,0.92601
8009.0,15.0,0.488152
8009.0,16.0,0.58911
8009.0,17.0,0.539696
8010.0,0.0,0.236365
8010.0,1.0,1.0
8010.0,2.0,0.774215
8010.0,3.0,0.972395
8010.0,4.0,0.692556
8010.0,5.0,0.023889
8010.0,6.0,0.395308
8010.0,7.0,0.764786
8010.0,8.0,0.449528
8010.0,9.0,0.5515
8010.0,10.0,1.0
8010.0,11.0,0.351951
8010.0,12.0,0.0
8010.0,13.0,0.525488
8010.0,14.0,0.925382
8010.0,15.0,0.481692
8010.0,16.0,0.570494
8010.0,17.0,0.439928
9000.0,0.0,0.2365
9000.0,1.0,1.0
9000.0,2.0,0.759147
9000.0,3.0,0.971856
9000.0,4.0,0.687832
9000.0,5.0,0.024443
9000.0,6.0,0.401624
9000.0,7.0,0.770926
9000.0,8.0,0.450893
9000.0,9.0,0.560718
9000.0,10.0,1.0
9000.0,11.0,0.350769
9000.0,12.0,0.0
9000.0,13.0,0.521704
9000.0,14.0,0.911743
9000.0,15.0,0.472342
9000.0,16.0,0.57126
9000.0,17.0,0.439127
9001.0,0.0,0.254345
9001.0,1.0,1.0
9001.0,2.0,0.79115
9001.0,3.0,0.97286
9001.0,4.0,0.694891
9001.0,5.0,0.052858
9001.0,6.0,0.42777
9001.0,7.0,0.778388
9001.0,8.0,0.485534
9001.0,9.0,0.596859
9001.0,10.0,1.0
9001.0,11.0,0.395172
9001.0,12.0,0.0
9001.0,13.0,0.553277
9001.0,14.0,0.913398
9001.0,15.0,0.480579
9001.0,16.0,0.59747
9001.0,17.0,0.587726
9002.0,0.0,0.270848
9002.0,1.0,1.0
9002.0,2.0,0.817317
9002.0,3.0,0.973758
9002.0,4.0,0.702144
9002.0,5.0,0.104282
9002.0,6.0,0.451578
9002.0,7.0,0.783895
9002.0,8.0,0.515773
9002.0,9.0,0.629405
9002.0,10.0,1.0
9002.0,11.0,0.437458
9002.0,12.0,0.0
9002.0,13.0,0.581542
9002.0,14.0,0.914032
9002.0,15.0,0.487808
9002.0,16.0,0.619316
9002.0,17.0,0.718421
9003.0,0.0,0.286554
9003.0,1.0,1.0
9003.0,2.0,0.839039
9003.0,3.0,0.974138
9003.0,4.0,0.707964
9003.0,5.0,0.182988
9003.0,6.0,0.474671
9003.0,7.0,0.788272
9003.0,8.0,0.543627
9003.0,9.0,0.656588
9003.0,10.0,1.0
9003.0,11.0,0.477964
9003.0,12.0,0.0
9003.0,13.0,0.606694
9003.0,14.0,0.914815
9003.0,15.0,0.49459
9003.0,16.0,0.637765
9003.0,17.0,0.817524
9004.0,0.0,0.302238
9004.0,1.0,1.0
9004.0,2.0,0.857194
9004.0,3.0,0.974692
9004.0,4.0,0.714336
9004.0,5.0,0.282716
9004.0,6.0,0.495896
9004.0,7.0,0.792574
9004.0,8.0,0.56754
9004.0,9.0,0.68059
9004.0,10.0,1.0
9004.0,11.0,0.516432
9004.0,12.0,0.0
9004.0,13.0,0.62958
9004.0,14.0,0.915216
9004.0,15.0,0.500208
9004.0,16.0,0.653604
9004.0,17.0,0.885117
9005.0,0.0,0.317772
9005.0,1.0,1.0
9005.0,2.0,0.872977
9005.0,3.0,0.975417
9005.0,4.0,0.72025
9005.0,5.0,0.390605
9005.0,6.0,0.517147
9005.0,7.0,0.79675
9005.0,8.0,0.590329
9005.0,9.0,0.701616
9005.0,10.0,1.0
9005.0,11.0,0.554382
9005.0,12.0,0.0
9005.0,13.0,0.650173
9005.0,14.0,0.916455
9005.0,15.0,0.505437
9005.0,16.0,0.667086
9005.0,17.0,0.928475
9006.0,0.0,0.29779
9006.0,1.0,1.0
9006.0,2.0,0.853822
9006.0,3.0,0.974355
9006.0,4.0,0.713543
9006.0,5.0,0.214355
9006.0,6.0,0.488324
9006.0,7.0,0.791062
9006.0,8.0,0.561703
9006.0,9.0,0.673597
9006.0,10.0,1.0
9006.0,11.0,0.497485
9006.0,12.0,0.0
9006.0,13.0,0.620433
9006.0,14.0,0.91567
9006.0,15.0,0.498558
9006.0,16.0,0.646255
9006.0,17.0,0.86152
9007.0,0.0,0.280491
9007.0,1.0,1.0
9007.0,2.0,0.832947
9007.0,3.0,0.973552
9007.0,4.0,0.707984
9007.0,5.0,0.120485
9007.0,6.0,0.46451
9007.0,7.0,0.786152
9007.0,8.0,0.533914
9007.0,9.0,0.644559
9007.0,10.0,1.0
9007.0,11.0,0.451563
9007.0,12.0,0.0
9007.0,13.0,0.594126
9007.0,14.0,0.914807
9007.0,15.0,0.492113
9007.0,16.0,0.627006
9007.0,17.0,0.764523
9008.0,0.0,0.264607
9008.0,1.0,1.0
9008.0,2.0,0.810633
9008.0,3.0,0.97255
9008.0,4.0,0.702222
9008.0,5.0,0.069925
9008.0,6.0,0.442108
9008.0,7.0,0.78119
9008.0,8.0,0.506144
9008.0,9.0,0.616879
9008.0,10.0,1.0
9008.0,11.0,0.411363
9008.0,12.0,0.0
9008.0,13.0,0.569462
9008.0,14.0,0.914133
9008.0,15.0,0.485851
9008.0,16.0,0.60768
9008.0,17.0,0.649993
9009.0,0.0,0.25053
9009.0,1.0,1.0
9009.0,2.0,0.787664
9009.0,3.0,0.971598
9009.0,4.0,0.697557
9009.0,5.0,0.040963
9009.0,6.0,0.421074
9009.0,7.0,0.776449
9009.0,8.0,0.479075
9009.0,9.0,0.588225
9009.0,10.0,1.0
9009.0,11.0,0.378063
9009.0,12.0,0.0
9009.0,13.0,0.545414
9009.0,14.0,0.913385
9009.0,15.0,0.479662
9009.0,16.0,0.58973
9009.0,17.0,0.536543
9010.0,0.0,0.237123
9010.0,1.0,1.0
9010.0,2.0,0.762258
9010.0,3.0,0.970739
9010.0,4.0,0.692528
9010.0,5.0,0.024047
9010.0,6.0,0.402788
9010.0,7.0,0.77119
9010.0,8.0,0.451597
9010.0,9.0,0.561154
9010.0,10.0,1.0
9010.0,11.0,0.350163
9010.0,12.0,0.0
9010.0,13.0,0.522129
9010.0,14.0,0.913093
9010.0,15.0,0.473179
9010.0,16.0,0.571955
9010.0,17.0,0.436582
10000.0,0.0,0.240565
10000.0,1.0,1.0
10000.0,2.0,0.753677
10000.0,3.0,0.971739
10000.0,4.0,0.685929
10000.0,5.0,0.024085
10000.0,6.0,0.403978
10000.0,7.0,0.770645
10000.0,8.0,0.451501
10000.0,9.0,0.556342
10000.0,10.0,1.0
10000.0,11.0,0.352424
10000.0,12.0,0.0
10000.0,13.0,0.526748
10000.0,14.0,0.915872
10000.0,15.0,0.474762
10000.0,16.0,0.57393
10000.0,17.0,0.441839
10001.0,0.0,0.258222
10001.0,1.0,1.0
10001.0,2.0,0.785882
10001.0,3.0,0.972855
10001.0,4.0,0.693154
10001.0,5.0,0.051867
10001.0,6.0,0.430523
10001.0,7.0,0.777572
10001.0,8.0,0.485311
10001.0,9.0,0.593016
10001.0,10.0,1.0
10001.0,11.0,0.397067
10001.0,12.0,0.0
10001.0,13.0,0.557901
10001.0,14.0,0.916851
10001.0,15.0,0.482873
10001.0,16.0,0.600292
10001.0,17.0,0.590948
10002.0,0.0,0.27455
10002.0,1.0,1.0
10002.0,2.0,0.812111
10002.0,3.0,0.973907
10002.0,4.0,0.699779
10002.0,5.0,0.102236
10002.0,6.0,0.4545
10002.0,7.0,0.783562
10002.0,8.0,0.514714
10002.0,9.0,0.625525
10002.0,10.0,1.0
10002.0,11.0,0.438008
10002.0,12.0,0.0
10002.0,13.0,0.586321
10002.0,14.0,0.918362
10002.0,15.0,0.492161
10002.0,16.0,0.621236
10002.0,17.0,0.721577
10003.0,0.0,0.290964
10003.0,1.0,1.0
10003.0,2.0,0.833633
10003.0,3.0,0.974854
10003.0,4.0,0.705405
10003.0,5.0,0.179465
10003.0,6.0,0.477088
10003.0,7.0,0.788666
10003.0,8.0,0.542028
10003.0,9.0,0.653492
10003.0,10.0,1.0
10003.0,11.0,0.47809
10003.0,12.0,0.0
10003.0,13.0,0.609745
10003.0,14.0,0.920408
10003.0,15.0,0.499025
10003.0,16.0,0.639332
10003.0,17.0,0.820198
10004.0,0.0,0.306533
10004.0,1.0,1.0
10004.0,2.0,0.851789
10004.0,3.0,0.975257
10004.0,4.0,0.709872
10004.0,5.0,0.279927
10004.0,6.0,0.499111
10004.0,7.0,0.79397
10004.0,8.0,0.566675
10004.0,9.0,0.677239
10004.0,10.0,1.0
10004.0,11.0,0.516105
10004.0,12.0,0.0
10004.0,13.0,0.632619
10004.0,14.0,0.921635
10004.0,15.0,0.506224
10004.0,16.0,0.655383
10004.0,17.0,0.887507
10005.0,0.0,0.322412
10005.0,1.0,1.0
10005.0,2.0,0.867454
10005.0,3.0,0.975862
10005.0,4.0,0.714648
10005.0,5.0,0.387666
10005.0,6.0,0.521324
10005.0,7.0,0.79772
10005.0,8.0,0.590569
10005.0,9.0,0.700012
10005.0,10.0,1.0
10005.0,11.0,0.553279
10005.0,12.0,0.0
10005.0,13.0,0.653966
10005.0,14.0,0.922706
10005.0,15.0,0.511625
10005.0,16.0,0.670916
10005.0,17.0,0.930442
10006.0,0.0,0.300155
10006.0,1.0,1.0
10006.0,2.0,0.848582
10006.0,3.0,0.97498
10006.0,4.0,0.707309
10006.0,5.0,0.212314
10006.0,6.0,0.492019
10006.0,7.0,0.792458
10006.0,8.0,0.561121
10006.0,9.0,0.670009
10006.0,10.0,1.0
10006.0,11.0,0.49811
10006.0,12.0,0.0
10006.0,13.0,0.625108
10006.0,14.0,0.922063
10006.0,15.0,0.504131
10006.0,16.0,0.649743
10006.0,17.0,0.864611
10007.0,0.0,0.282521
10007.0,1.0,1.0
10007.0,2.0,0.82716
10007.0,3.0,0.97424
10007.0,4.0,0.700613
10007.0,5.0,0.118528
10007.0,6.0,0.465824
10007.0,7.0,0.786982
10007.0,8.0,0.533151
10007.0,9.0,0.640342
10007.0,10.0,1.0
10007.0,11.0,0.452576
10007.0,12.0,0.0
10007.0,13.0,0.598237
10007.0,14.0,0.921424
10007.0,15.0,0.496634
10007.0,16.0,0.628861
10007.0,17.0,0.769688
10008.0,0.0,0.266472
10008.0,1.0,1.0
10008.0,2.0,0.803989
10008.0,3.0,0.973566
10008.0,4.0,0.695148
10008.0,5.0,0.068067
10008.0,6.0,0.442952
10008.0,7.0,0.781587
10008.0,8.0,0.506599
10008.0,9.0,0.61101
10008.0,10.0,1.0
10008.0,11.0,0.414756
10008.0,12.0,0.0
10008.0,13.0,0.57343
10008.0,14.0,0.920945
10008.0,15.0,0.489477
10008.0,16.0,0.609176
10008.0,17.0,0.655392
10009.0,0.0,0.251922
10009.0,1.0,1.0
10009.0,2.0,0.778661
10009.0,3.0,0.97259
10009.0,4.0,0.68902
10009.0,5.0,0.039976
10009.0,6.0,0.421625
10009.0,7.0,0.775541
10009.0,8.0,0.479752
10009.0,9.0,0.581824
10009.0,10.0,1.0
10009.0,11.0,0.381813
10009.0,12.0,0.0
10009.0,13.0,0.549196
10009.0,14.0,0.919893
10009.0,15.0,0.482147
10009.0,16.0,0.590253
10009.0,17.0,0.541429
10010.0,0.0,0.239044
10010.0,1.0,1.0
10010.0,2.0,0.752463
10010.0,3.0,0.971715
10010.0,4.0,0.68359
10010.0,5.0,0.023738
10010.0,6.0,0.401629
10010.0,7.0,0.769689
10010.0,8.0,0.453023
10010.0,9.0,0.554522
10010.0,10.0,1.0
10010.0,11.0,0.352636
10010.0,12.0,0.0
10010.0,13.0,0.526817
10010.0,14.0,0.919088
10010.0,15.0,0.475619
10010.0,16.0,0.571228
10010.0,17.0,0.441495
