FREQUENCIES 
Gen,mut_id,mut_freq
1.0,0.0,0.5
1.0,1.0,0.5
1.0,2.0,0.5
1.0,3.0,0.5
1.0,4.0,0.5
1.0,5.0,0.5
1.0,6.0,0.5
1.0,7.0,0.5
1.0,8.0,0.5
1.0,9.0,0.5
1.0,10.0,0.5
1.0,11.0,0.5
1.0,12.0,0.5
1.0,13.0,0.5
1.0,14.0,0.5
1.0,15.0,0.5
1.0,16.0,0.5
1.0,17.0,0.5
1000.0,0.0,0.0
1000.0,1.0,0.79134
1000.0,2.0,0.171685
1000.0,3.0,0.41817
1000.0,4.0,0.170929
1000.0,5.0,0.055535
1000.0,6.0,0.282262
1000.0,7.0,0.706468
1000.0,8.0,0.17518
1000.0,9.0,0.136243
1000.0,10.0,0.478395
1000.0,11.0,0.208113
1000.0,12.0,0.398846
1000.0,13.0,0.210361
1000.0,14.0,0.094041
1000.0,15.0,0.747354
1000.0,16.0,1.0
1000.0,17.0,0.162174
1001.0,0.0,0.0
1001.0,1.0,0.804773
1001.0,2.0,0.177069
1001.0,3.0,0.475337
1001.0,4.0,0.189068
1001.0,5.0,0.059139
1001.0,6.0,0.2842
1001.0,7.0,0.743634
1001.0,8.0,0.195026
1001.0,9.0,0.15236
1001.0,10.0,0.513473
1001.0,11.0,0.214812
1001.0,12.0,0.403842
1001.0,13.0,0.224255
1001.0,14.0,0.156528
1001.0,15.0,0.768946
1001.0,16.0,1.0
1001.0,17.0,0.225508
1002.0,0.0,0.0
1002.0,1.0,0.816149
1002.0,2.0,0.182107
1002.0,3.0,0.526879
1002.0,4.0,0.207731
1002.0,5.0,0.061987
1002.0,6.0,0.286425
1002.0,7.0,0.774402
1002.0,8.0,0.215743
1002.0,9.0,0.169105
1002.0,10.0,0.544703
1002.0,11.0,0.220442
1002.0,12.0,0.408607
1002.0,13.0,0.238233
1002.0,14.0,0.235971
1002.0,15.0,0.787305
1002.0,16.0,1.0
1002.0,17.0,0.307029
1003.0,0.0,0.0
1003.0,1.0,0.826201
1003.0,2.0,0.185969
1003.0,3.0,0.572572
1003.0,4.0,0.225514
1003.0,5.0,0.065099
1003.0,6.0,0.288357
1003.0,7.0,0.799741
1003.0,8.0,0.236387
1003.0,9.0,0.185572
1003.0,10.0,0.573817
1003.0,11.0,0.225655
1003.0,12.0,0.413138
1003.0,13.0,0.252498
1003.0,14.0,0.322662
1003.0,15.0,0.80355
1003.0,16.0,1.0
1003.0,17.0,0.406008
1004.0,0.0,0.0
1004.0,1.0,0.835197
1004.0,2.0,0.1906
1004.0,3.0,0.615097
1004.0,4.0,0.242869
1004.0,5.0,0.068276
1004.0,6.0,0.290937
1004.0,7.0,0.822227
1004.0,8.0,0.256514
1004.0,9.0,0.201808
1004.0,10.0,0.599132
1004.0,11.0,0.231202
1004.0,12.0,0.417167
1004.0,13.0,0.267145
1004.0,14.0,0.409298
1004.0,15.0,0.816946
1004.0,16.0,1.0
1004.0,17.0,0.519057
1005.0,0.0,0.0
1005.0,1.0,0.843119
1005.0,2.0,0.19567
1005.0,3.0,0.654404
1005.0,4.0,0.260928
1005.0,5.0,0.071996
1005.0,6.0,0.29315
1005.0,7.0,0.84086
1005.0,8.0,0.277397
1005.0,9.0,0.218668
1005.0,10.0,0.622354
1005.0,11.0,0.236171
1005.0,12.0,0.421844
1005.0,13.0,0.281925
1005.0,14.0,0.486217
1005.0,15.0,0.829615
1005.0,16.0,1.0
1005.0,17.0,0.63676
1006.0,0.0,0.0
1006.0,1.0,0.832795
1006.0,2.0,0.19024
1006.0,3.0,0.596046
1006.0,4.0,0.239223
1006.0,5.0,0.068053
1006.0,6.0,0.29043
1006.0,7.0,0.818385
1006.0,8.0,0.251591
1006.0,9.0,0.198083
1006.0,10.0,0.593563
1006.0,11.0,0.22984
1006.0,12.0,0.416072
1006.0,13.0,0.263933
1006.0,14.0,0.357807
1006.0,15.0,0.812858
1006.0,16.0,1.0
1006.0,17.0,0.456783
1007.0,0.0,0.0
1007.0,1.0,0.822489
1007.0,2.0,0.184909
1007.0,3.0,0.545151
1007.0,4.0,0.220184
1007.0,5.0,0.064462
1007.0,6.0,0.288564
1007.0,7.0,0.794244
1007.0,8.0,0.229753
1007.0,9.0,0.180786
1007.0,10.0,0.56548
1007.0,11.0,0.22408
1007.0,12.0,0.411502
1007.0,13.0,0.24912
1007.0,14.0,0.259796
1007.0,15.0,0.796762
1007.0,16.0,1.0
1007.0,17.0,0.337429
1008.0,0.0,0.0
1008.0,1.0,0.812091
1008.0,2.0,0.180045
1008.0,3.0,0.498298
1008.0,4.0,0.203452
1008.0,5.0,0.060946
1008.0,6.0,0.285516
1008.0,7.0,0.767901
1008.0,8.0,0.209949
1008.0,9.0,0.164502
1008.0,10.0,0.536385
1008.0,11.0,0.219047
1008.0,12.0,0.406561
1008.0,13.0,0.235715
1008.0,14.0,0.186687
1008.0,15.0,0.779875
1008.0,16.0,1.0
1008.0,17.0,0.258649
1009.0,0.0,0.0
1009.0,1.0,0.802104
1009.0,2.0,0.175839
1009.0,3.0,0.456064
1009.0,4.0,0.186735
1009.0,5.0,0.05835
1009.0,6.0,0.283311
1009.0,7.0,0.73869
1009.0,8.0,0.192248
1009.0,9.0,0.1506
1009.0,10.0,0.507591
1009.0,11.0,0.212878
1009.0,12.0,0.401541
1009.0,13.0,0.223556
1009.0,14.0,0.133209
1009.0,15.0,0.763179
1009.0,16.0,1.0
1009.0,17.0,0.203697
1010.0,0.0,0.0
1010.0,1.0,0.791044
1010.0,2.0,0.171323
1010.0,3.0,0.41821
1010.0,4.0,0.170996
1010.0,5.0,0.055148
1010.0,6.0,0.280468
1010.0,7.0,0.70874
1010.0,8.0,0.175973
1010.0,9.0,0.13741
1010.0,10.0,0.47691
1010.0,11.0,0.207161
1010.0,12.0,0.397183
1010.0,13.0,0.212385
1010.0,14.0,0.095157
1010.0,15.0,0.745088
1010.0,16.0,1.0
1010.0,17.0,0.16344
2000.0,0.0,0.0
2000.0,1.0,0.793291
2000.0,2.0,0.172619
2000.0,3.0,0.41687
2000.0,4.0,0.121976
2000.0,5.0,0.014443
2000.0,6.0,0.188502
2000.0,7.0,0.710942
2000.0,8.0,0.178621
2000.0,9.0,0.132217
2000.0,10.0,0.544424
2000.0,11.0,0.201407
2000.0,12.0,0.394071
2000.0,13.0,0.198885
2000.0,14.0,0.095577
2000.0,15.0,0.752117
2000.0,16.0,1.0
2000.0,17.0,0.163928
2001.0,0.0,0.0
2001.0,1.0,0.806387
2001.0,2.0,0.17883
2001.0,3.0,0.474445
2001.0,4.0,0.136392
2001.0,5.0,0.015148
2001.0,6.0,0.190112
2001.0,7.0,0.747869
2001.0,8.0,0.199614
2001.0,9.0,0.148552
2001.0,10.0,0.575779
2001.0,11.0,0.207795
2001.0,12.0,0.400775
2001.0,13.0,0.211669
2001.0,14.0,0.158371
2001.0,15.0,0.772163
2001.0,16.0,1.0
2001.0,17.0,0.228244
2002.0,0.0,0.0
2002.0,1.0,0.81844
2002.0,2.0,0.183492
2002.0,3.0,0.527219
2002.0,4.0,0.151336
2002.0,5.0,0.016205
2002.0,6.0,0.191246
2002.0,7.0,0.778576
2002.0,8.0,0.220044
2002.0,9.0,0.164666
2002.0,10.0,0.603721
2002.0,11.0,0.214426
2002.0,12.0,0.4061
2002.0,13.0,0.224647
2002.0,14.0,0.237434
2002.0,15.0,0.790475
2002.0,16.0,1.0
2002.0,17.0,0.310492
2003.0,0.0,0.0
2003.0,1.0,0.828772
2003.0,2.0,0.188645
2003.0,3.0,0.574881
2003.0,4.0,0.165583
2003.0,5.0,0.017018
2003.0,6.0,0.19252
2003.0,7.0,0.804376
2003.0,8.0,0.240489
2003.0,9.0,0.181786
2003.0,10.0,0.62871
2003.0,11.0,0.219581
2003.0,12.0,0.410437
2003.0,13.0,0.237633
2003.0,14.0,0.325132
2003.0,15.0,0.806265
2003.0,16.0,1.0
2003.0,17.0,0.409782
2004.0,0.0,0.0
2004.0,1.0,0.837249
2004.0,2.0,0.193532
2004.0,3.0,0.617026
2004.0,4.0,0.180117
2004.0,5.0,0.018178
2004.0,6.0,0.194218
2004.0,7.0,0.825459
2004.0,8.0,0.260738
2004.0,9.0,0.198303
2004.0,10.0,0.651118
2004.0,11.0,0.225731
2004.0,12.0,0.413817
2004.0,13.0,0.250387
2004.0,14.0,0.41037
2004.0,15.0,0.820762
2004.0,16.0,1.0
2004.0,17.0,0.523029
2005.0,0.0,0.0
2005.0,1.0,0.845336
2005.0,2.0,0.198575
2005.0,3.0,0.653936
2005.0,4.0,0.194344
2005.0,5.0,0.019159
2005.0,6.0,0.195938
2005.0,7.0,0.844293
2005.0,8.0,0.281004
2005.0,9.0,0.214336
2005.0,10.0,0.670737
2005.0,11.0,0.231068
2005.0,12.0,0.417884
2005.0,13.0,0.263681
2005.0,14.0,0.486775
2005.0,15.0,0.833575
2005.0,16.0,1.0
2005.0,17.0,0.640191
2006.0,0.0,0.0
2006.0,1.0,0.835101
2006.0,2.0,0.191774
2006.0,3.0,0.595863
2006.0,4.0,0.176679
2006.0,5.0,0.018098
2006.0,6.0,0.19486
2006.0,7.0,0.821123
2006.0,8.0,0.255046
2006.0,9.0,0.194184
2006.0,10.0,0.646983
2006.0,11.0,0.224015
2006.0,12.0,0.413611
2006.0,13.0,0.248064
2006.0,14.0,0.357887
2006.0,15.0,0.816543
2006.0,16.0,1.0
2006.0,17.0,0.460178
2007.0,0.0,0.0
2007.0,1.0,0.824499
2007.0,2.0,0.186659
2007.0,3.0,0.543447
2007.0,4.0,0.160585
2007.0,5.0,0.017191
2007.0,6.0,0.193612
2007.0,7.0,0.797569
2007.0,8.0,0.232579
2007.0,9.0,0.176323
2007.0,10.0,0.623407
2007.0,11.0,0.216883
2007.0,12.0,0.408366
2007.0,13.0,0.234982
2007.0,14.0,0.259435
2007.0,15.0,0.800442
2007.0,16.0,1.0
2007.0,17.0,0.341318
2008.0,0.0,0.0
2008.0,1.0,0.81388
2008.0,2.0,0.181574
2008.0,3.0,0.496231
2008.0,4.0,0.145783
2008.0,5.0,0.016376
2008.0,6.0,0.191745
2008.0,7.0,0.771426
2008.0,8.0,0.212148
2008.0,9.0,0.160279
2008.0,10.0,0.598793
2008.0,11.0,0.211177
2008.0,12.0,0.402783
2008.0,13.0,0.222289
2008.0,14.0,0.186372
2008.0,15.0,0.783779
2008.0,16.0,1.0
2008.0,17.0,0.262069
2009.0,0.0,0.0
2009.0,1.0,0.803793
2009.0,2.0,0.176792
2009.0,3.0,0.454101
2009.0,4.0,0.132416
2009.0,5.0,0.015675
2009.0,6.0,0.189841
2009.0,7.0,0.74315
2009.0,8.0,0.193931
2009.0,9.0,0.146159
2009.0,10.0,0.572583
2009.0,11.0,0.205565
2009.0,12.0,0.398283
2009.0,13.0,0.21116
2009.0,14.0,0.133516
2009.0,15.0,0.766762
2009.0,16.0,1.0
2009.0,17.0,0.20518
2010.0,0.0,0.0
2010.0,1.0,0.793086
2010.0,2.0,0.17216
2010.0,3.0,0.416111
2010.0,4.0,0.120088
2010.0,5.0,0.014975
2010.0,6.0,0.188159
2010.0,7.0,0.712414
2010.0,8.0,0.177697
2010.0,9.0,0.13219
2010.0,10.0,0.545086
2010.0,11.0,0.200574
2010.0,12.0,0.393242
2010.0,13.0,0.200641
2010.0,14.0,0.095566
2010.0,15.0,0.750086
2010.0,16.0,1.0
2010.0,17.0,0.165201
3000.0,0.0,0.0
3000.0,1.0,0.789623
3000.0,2.0,0.178043
3000.0,3.0,0.415137
3000.0,4.0,0.091086
3000.0,5.0,0.006213
3000.0,6.0,0.155958
3000.0,7.0,0.713988
3000.0,8.0,0.179874
3000.0,9.0,0.138488
3000.0,10.0,0.599716
3000.0,11.0,0.206242
3000.0,12.0,0.395234
3000.0,13.0,0.204126
3000.0,14.0,0.094745
3000.0,15.0,0.750796
3000.0,16.0,1.0
3000.0,17.0,0.163435
3001.0,0.0,0.0
3001.0,1.0,0.803236
3001.0,2.0,0.183778
3001.0,3.0,0.473301
3001.0,4.0,0.10244
3001.0,5.0,0.006573
3001.0,6.0,0.157122
3001.0,7.0,0.750975
3001.0,8.0,0.200291
3001.0,9.0,0.155377
3001.0,10.0,0.628982
3001.0,11.0,0.212813
3001.0,12.0,0.40105
3001.0,13.0,0.217799
3001.0,14.0,0.156901
3001.0,15.0,0.77234
3001.0,16.0,1.0
3001.0,17.0,0.226625
3002.0,0.0,0.0
3002.0,1.0,0.814675
3002.0,2.0,0.189398
3002.0,3.0,0.525662
3002.0,4.0,0.114629
3002.0,5.0,0.006891
3002.0,6.0,0.159335
3002.0,7.0,0.782236
3002.0,8.0,0.220809
3002.0,9.0,0.172073
3002.0,10.0,0.654546
3002.0,11.0,0.220128
3002.0,12.0,0.405621
3002.0,13.0,0.230913
3002.0,14.0,0.236539
3002.0,15.0,0.790963
3002.0,16.0,1.0
3002.0,17.0,0.308307
3003.0,0.0,0.0
3003.0,1.0,0.824095
3003.0,2.0,0.194346
3003.0,3.0,0.573953
3003.0,4.0,0.127269
3003.0,5.0,0.007246
3003.0,6.0,0.160784
3003.0,7.0,0.80708
3003.0,8.0,0.241296
3003.0,9.0,0.189164
3003.0,10.0,0.677237
3003.0,11.0,0.225977
3003.0,12.0,0.410415
3003.0,13.0,0.245181
3003.0,14.0,0.324152
3003.0,15.0,0.805983
3003.0,16.0,1.0
3003.0,17.0,0.407599
3004.0,0.0,0.0
3004.0,1.0,0.832647
3004.0,2.0,0.199503
3004.0,3.0,0.61558
3004.0,4.0,0.139961
3004.0,5.0,0.007811
3004.0,6.0,0.161766
3004.0,7.0,0.828051
3004.0,8.0,0.260232
3004.0,9.0,0.206106
3004.0,10.0,0.696838
3004.0,11.0,0.232469
3004.0,12.0,0.41525
3004.0,13.0,0.257966
3004.0,14.0,0.409684
3004.0,15.0,0.820546
3004.0,16.0,1.0
3004.0,17.0,0.520757
3005.0,0.0,0.0
3005.0,1.0,0.841051
3005.0,2.0,0.203925
3005.0,3.0,0.653397
3005.0,4.0,0.152156
3005.0,5.0,0.008303
3005.0,6.0,0.163167
3005.0,7.0,0.846385
3005.0,8.0,0.279982
3005.0,9.0,0.222645
3005.0,10.0,0.714019
3005.0,11.0,0.238063
3005.0,12.0,0.420579
3005.0,13.0,0.27243
3005.0,14.0,0.486423
3005.0,15.0,0.832774
3005.0,16.0,1.0
3005.0,17.0,0.637785
3006.0,0.0,0.0
3006.0,1.0,0.830398
3006.0,2.0,0.196952
3006.0,3.0,0.595961
3006.0,4.0,0.136172
3006.0,5.0,0.007668
3006.0,6.0,0.161573
3006.0,7.0,0.823715
3006.0,8.0,0.255218
3006.0,9.0,0.201817
3006.0,10.0,0.692464
3006.0,11.0,0.23132
3006.0,12.0,0.414377
3006.0,13.0,0.256004
3006.0,14.0,0.358035
3006.0,15.0,0.8164
3006.0,16.0,1.0
3006.0,17.0,0.457887
3007.0,0.0,0.0
3007.0,1.0,0.82025
3007.0,2.0,0.192509
3007.0,3.0,0.543866
3007.0,4.0,0.122927
3007.0,5.0,0.007268
3007.0,6.0,0.161118
3007.0,7.0,0.799634
3007.0,8.0,0.233385
3007.0,9.0,0.18349
3007.0,10.0,0.671079
3007.0,11.0,0.224743
3007.0,12.0,0.408548
3007.0,13.0,0.241431
3007.0,14.0,0.260231
3007.0,15.0,0.800777
3007.0,16.0,1.0
3007.0,17.0,0.337446
3008.0,0.0,0.0
3008.0,1.0,0.809481
3008.0,2.0,0.18749
3008.0,3.0,0.497152
3008.0,4.0,0.109832
3008.0,5.0,0.006854
3008.0,6.0,0.159262
3008.0,7.0,0.773406
3008.0,8.0,0.213543
3008.0,9.0,0.167103
3008.0,10.0,0.64972
3008.0,11.0,0.218678
3008.0,12.0,0.402961
3008.0,13.0,0.2289
3008.0,14.0,0.186941
3008.0,15.0,0.784232
3008.0,16.0,1.0
3008.0,17.0,0.257464
3009.0,0.0,0.0
3009.0,1.0,0.798889
3009.0,2.0,0.182472
3009.0,3.0,0.453792
3009.0,4.0,0.098611
3009.0,5.0,0.006353
3009.0,6.0,0.158686
3009.0,7.0,0.745286
3009.0,8.0,0.19487
3009.0,9.0,0.15252
3009.0,10.0,0.627444
3009.0,11.0,0.212887
3009.0,12.0,0.397542
3009.0,13.0,0.217299
3009.0,14.0,0.133345
3009.0,15.0,0.768201
3009.0,16.0,1.0
3009.0,17.0,0.202691
3010.0,0.0,0.0
3010.0,1.0,0.787937
3010.0,2.0,0.178356
3010.0,3.0,0.415649
3010.0,4.0,0.088881
3010.0,5.0,0.005991
3010.0,6.0,0.157777
3010.0,7.0,0.714467
3010.0,8.0,0.178719
3010.0,9.0,0.138509
3010.0,10.0,0.603991
3010.0,11.0,0.206927
3010.0,12.0,0.3935
3010.0,13.0,0.206269
3010.0,14.0,0.094849
3010.0,15.0,0.75079
3010.0,16.0,1.0
3010.0,17.0,0.162523
4000.0,0.0,0.0
4000.0,1.0,0.791832
4000.0,2.0,0.175689
4000.0,3.0,0.414752
4000.0,4.0,0.084524
4000.0,5.0,0.001912
4000.0,6.0,0.145434
4000.0,7.0,0.722968
4000.0,8.0,0.182114
4000.0,9.0,0.141374
4000.0,10.0,0.603573
4000.0,11.0,0.212891
4000.0,12.0,0.388766
4000.0,13.0,0.204788
4000.0,14.0,0.095106
4000.0,15.0,0.748787
4000.0,16.0,1.0
4000.0,17.0,0.16121
4001.0,0.0,0.0
4001.0,1.0,0.804966
4001.0,2.0,0.18099
4001.0,3.0,0.472271
4001.0,4.0,0.09564
4001.0,5.0,0.001977
4001.0,6.0,0.146567
4001.0,7.0,0.758368
4001.0,8.0,0.202625
4001.0,9.0,0.158099
4001.0,10.0,0.632106
4001.0,11.0,0.219906
4001.0,12.0,0.394173
4001.0,13.0,0.218711
4001.0,14.0,0.15785
4001.0,15.0,0.770001
4001.0,16.0,1.0
4001.0,17.0,0.224922
4002.0,0.0,0.0
4002.0,1.0,0.816092
4002.0,2.0,0.186142
4002.0,3.0,0.526285
4002.0,4.0,0.106982
4002.0,5.0,0.002171
4002.0,6.0,0.148279
4002.0,7.0,0.788034
4002.0,8.0,0.223681
4002.0,9.0,0.174947
4002.0,10.0,0.656387
4002.0,11.0,0.226102
4002.0,12.0,0.398977
4002.0,13.0,0.232261
4002.0,14.0,0.238275
4002.0,15.0,0.788273
4002.0,16.0,1.0
4002.0,17.0,0.305688
4003.0,0.0,0.0
4003.0,1.0,0.826114
4003.0,2.0,0.190843
4003.0,3.0,0.574372
4003.0,4.0,0.119057
4003.0,5.0,0.002264
4003.0,6.0,0.149564
4003.0,7.0,0.812782
4003.0,8.0,0.244489
4003.0,9.0,0.192226
4003.0,10.0,0.677666
4003.0,11.0,0.232804
4003.0,12.0,0.403415
4003.0,13.0,0.244963
4003.0,14.0,0.324983
4003.0,15.0,0.804146
4003.0,16.0,1.0
4003.0,17.0,0.403811
4004.0,0.0,0.0
4004.0,1.0,0.835216
4004.0,2.0,0.196206
4004.0,3.0,0.617135
4004.0,4.0,0.131325
4004.0,5.0,0.002506
4004.0,6.0,0.150018
4004.0,7.0,0.833793
4004.0,8.0,0.264666
4004.0,9.0,0.209433
4004.0,10.0,0.696789
4004.0,11.0,0.238334
4004.0,12.0,0.407812
4004.0,13.0,0.258252
4004.0,14.0,0.409658
4004.0,15.0,0.818244
4004.0,16.0,1.0
4004.0,17.0,0.515628
4005.0,0.0,0.0
4005.0,1.0,0.843375
4005.0,2.0,0.200318
4005.0,3.0,0.655598
4005.0,4.0,0.144568
4005.0,5.0,0.002813
4005.0,6.0,0.150577
4005.0,7.0,0.851057
4005.0,8.0,0.285318
4005.0,9.0,0.2267
4005.0,10.0,0.713414
4005.0,11.0,0.244476
4005.0,12.0,0.411622
4005.0,13.0,0.272462
4005.0,14.0,0.486599
4005.0,15.0,0.830374
4005.0,16.0,1.0
4005.0,17.0,0.632734
4006.0,0.0,0.0
4006.0,1.0,0.833101
4006.0,2.0,0.19465
4006.0,3.0,0.597573
4006.0,4.0,0.129748
4006.0,5.0,0.002498
4006.0,6.0,0.148517
4006.0,7.0,0.829687
4006.0,8.0,0.259496
4006.0,9.0,0.206383
4006.0,10.0,0.692534
4006.0,11.0,0.236822
4006.0,12.0,0.406697
4006.0,13.0,0.255598
4006.0,14.0,0.357916
4006.0,15.0,0.8143
4006.0,16.0,1.0
4006.0,17.0,0.453455
4007.0,0.0,0.0
4007.0,1.0,0.822869
4007.0,2.0,0.189502
4007.0,3.0,0.544988
4007.0,4.0,0.11664
4007.0,5.0,0.002365
4007.0,6.0,0.14832
4007.0,7.0,0.806543
4007.0,8.0,0.23661
4007.0,9.0,0.187757
4007.0,10.0,0.672117
4007.0,11.0,0.229995
4007.0,12.0,0.402283
4007.0,13.0,0.240909
4007.0,14.0,0.259882
4007.0,15.0,0.798624
4007.0,16.0,1.0
4007.0,17.0,0.335396
4008.0,0.0,0.0
4008.0,1.0,0.811733
4008.0,2.0,0.184998
4008.0,3.0,0.497179
4008.0,4.0,0.105086
4008.0,5.0,0.002201
4008.0,6.0,0.14797
4008.0,7.0,0.782161
4008.0,8.0,0.215489
4008.0,9.0,0.171503
4008.0,10.0,0.651373
4008.0,11.0,0.224966
4008.0,12.0,0.397692
4008.0,13.0,0.227907
4008.0,14.0,0.186754
4008.0,15.0,0.783264
4008.0,16.0,1.0
4008.0,17.0,0.25633
4009.0,0.0,0.0
4009.0,1.0,0.801332
4009.0,2.0,0.180389
4009.0,3.0,0.454073
4009.0,4.0,0.094372
4009.0,5.0,0.002054
4009.0,6.0,0.14764
4009.0,7.0,0.753777
4009.0,8.0,0.19779
4009.0,9.0,0.156261
4009.0,10.0,0.628042
4009.0,11.0,0.219474
4009.0,12.0,0.3928
4009.0,13.0,0.216276
4009.0,14.0,0.133441
4009.0,15.0,0.766595
4009.0,16.0,1.0
4009.0,17.0,0.201458
4010.0,0.0,0.0
4010.0,1.0,0.790598
4010.0,2.0,0.176693
4010.0,3.0,0.415773
4010.0,4.0,0.084798
4010.0,5.0,0.001984
4010.0,6.0,0.146934
4010.0,7.0,0.723494
4010.0,8.0,0.181137
4010.0,9.0,0.142555
4010.0,10.0,0.603764
4010.0,11.0,0.21441
4010.0,12.0,0.38746
4010.0,13.0,0.204895
4010.0,14.0,0.09506
4010.0,15.0,0.749256
4010.0,16.0,1.0
4010.0,17.0,0.161955
5000.0,0.0,0.0
5000.0,1.0,0.792377
5000.0,2.0,0.175149
5000.0,3.0,0.417028
5000.0,4.0,0.082079
5000.0,5.0,0.002085
5000.0,6.0,0.128636
5000.0,7.0,0.715374
5000.0,8.0,0.179099
5000.0,9.0,0.134911
5000.0,10.0,0.6446
5000.0,11.0,0.205614
5000.0,12.0,0.387833
5000.0,13.0,0.211559
5000.0,14.0,0.096845
5000.0,15.0,0.751418
5000.0,16.0,1.0
5000.0,17.0,0.161051
5001.0,0.0,0.0
5001.0,1.0,0.806414
5001.0,2.0,0.181239
5001.0,3.0,0.475327
5001.0,4.0,0.092935
5001.0,5.0,0.002093
5001.0,6.0,0.129692
5001.0,7.0,0.751391
5001.0,8.0,0.199603
5001.0,9.0,0.150721
5001.0,10.0,0.669466
5001.0,11.0,0.212331
5001.0,12.0,0.393669
5001.0,13.0,0.224851
5001.0,14.0,0.159425
5001.0,15.0,0.77273
5001.0,16.0,1.0
5001.0,17.0,0.223617
5002.0,0.0,0.0
5002.0,1.0,0.817936
5002.0,2.0,0.186815
5002.0,3.0,0.528098
5002.0,4.0,0.104455
5002.0,5.0,0.002163
5002.0,6.0,0.130175
5002.0,7.0,0.782355
5002.0,8.0,0.220146
5002.0,9.0,0.167008
5002.0,10.0,0.691777
5002.0,11.0,0.218565
5002.0,12.0,0.399889
5002.0,13.0,0.238167
5002.0,14.0,0.239309
5002.0,15.0,0.790183
5002.0,16.0,1.0
5002.0,17.0,0.303518
5003.0,0.0,0.0
5003.0,1.0,0.827642
5003.0,2.0,0.191683
5003.0,3.0,0.57549
5003.0,4.0,0.115378
5003.0,5.0,0.002279
5003.0,6.0,0.130367
5003.0,7.0,0.808254
5003.0,8.0,0.239803
5003.0,9.0,0.184009
5003.0,10.0,0.711215
5003.0,11.0,0.224021
5003.0,12.0,0.405198
5003.0,13.0,0.252499
5003.0,14.0,0.327106
5003.0,15.0,0.806535
5003.0,16.0,1.0
5003.0,17.0,0.401295
5004.0,0.0,0.0
5004.0,1.0,0.836522
5004.0,2.0,0.196422
5004.0,3.0,0.617817
5004.0,4.0,0.126826
5004.0,5.0,0.002467
5004.0,6.0,0.130939
5004.0,7.0,0.829215
5004.0,8.0,0.259681
5004.0,9.0,0.200741
5004.0,10.0,0.727862
5004.0,11.0,0.230397
5004.0,12.0,0.410244
5004.0,13.0,0.26642
5004.0,14.0,0.412314
5004.0,15.0,0.821125
5004.0,16.0,1.0
5004.0,17.0,0.514413
5005.0,0.0,0.0
5005.0,1.0,0.844149
5005.0,2.0,0.201172
5005.0,3.0,0.655499
5005.0,4.0,0.138273
5005.0,5.0,0.002645
5005.0,6.0,0.131257
5005.0,7.0,0.847676
5005.0,8.0,0.27969
5005.0,9.0,0.21719
5005.0,10.0,0.742512
5005.0,11.0,0.236185
5005.0,12.0,0.414123
5005.0,13.0,0.281386
5005.0,14.0,0.489795
5005.0,15.0,0.833368
5005.0,16.0,1.0
5005.0,17.0,0.631247
5006.0,0.0,0.0
5006.0,1.0,0.834578
5006.0,2.0,0.195084
5006.0,3.0,0.597546
5006.0,4.0,0.124432
5006.0,5.0,0.002443
5006.0,6.0,0.131672
5006.0,7.0,0.825029
5006.0,8.0,0.253633
5006.0,9.0,0.196394
5006.0,10.0,0.724559
5006.0,11.0,0.230111
5006.0,12.0,0.409956
5006.0,13.0,0.264458
5006.0,14.0,0.361391
5006.0,15.0,0.81646
5006.0,16.0,1.0
5006.0,17.0,0.453212
5007.0,0.0,0.0
5007.0,1.0,0.824769
5007.0,2.0,0.189129
5007.0,3.0,0.545278
5007.0,4.0,0.112307
5007.0,5.0,0.002342
5007.0,6.0,0.131967
5007.0,7.0,0.801698
5007.0,8.0,0.231068
5007.0,9.0,0.178933
5007.0,10.0,0.706952
5007.0,11.0,0.224466
5007.0,12.0,0.404291
5007.0,13.0,0.249176
5007.0,14.0,0.262137
5007.0,15.0,0.800141
5007.0,16.0,1.0
5007.0,17.0,0.334724
5008.0,0.0,0.0
5008.0,1.0,0.814598
5008.0,2.0,0.184273
5008.0,3.0,0.498123
5008.0,4.0,0.101372
5008.0,5.0,0.002209
5008.0,6.0,0.131174
5008.0,7.0,0.774993
5008.0,8.0,0.210323
5008.0,9.0,0.162776
5008.0,10.0,0.688108
5008.0,11.0,0.218648
5008.0,12.0,0.398673
5008.0,13.0,0.235763
5008.0,14.0,0.188172
5008.0,15.0,0.783455
5008.0,16.0,1.0
5008.0,17.0,0.256202
5009.0,0.0,0.0
5009.0,1.0,0.804611
5009.0,2.0,0.179487
5009.0,3.0,0.455536
5009.0,4.0,0.090584
5009.0,5.0,0.002042
5009.0,6.0,0.13063
5009.0,7.0,0.74731
5009.0,8.0,0.192657
5009.0,9.0,0.147409
5009.0,10.0,0.667294
5009.0,11.0,0.213211
5009.0,12.0,0.393374
5009.0,13.0,0.222685
5009.0,14.0,0.134429
5009.0,15.0,0.766373
5009.0,16.0,1.0
5009.0,17.0,0.201007
5010.0,0.0,0.0
5010.0,1.0,0.793856
5010.0,2.0,0.174599
5010.0,3.0,0.416874
5010.0,4.0,0.081568
5010.0,5.0,0.001946
5010.0,6.0,0.129507
5010.0,7.0,0.717256
5010.0,8.0,0.17651
5010.0,9.0,0.133656
5010.0,10.0,0.646251
5010.0,11.0,0.207177
5010.0,12.0,0.387993
5010.0,13.0,0.21045
5010.0,14.0,0.095892
5010.0,15.0,0.749014
5010.0,16.0,1.0
5010.0,17.0,0.161025
6000.0,0.0,0.0
6000.0,1.0,0.789196
6000.0,2.0,0.171325
6000.0,3.0,0.416478
6000.0,4.0,0.078454
6000.0,5.0,0.00049
6000.0,6.0,0.107301
6000.0,7.0,0.721601
6000.0,8.0,0.178813
6000.0,9.0,0.139274
6000.0,10.0,0.634823
6000.0,11.0,0.218809
6000.0,12.0,0.393375
6000.0,13.0,0.200277
6000.0,14.0,0.094842
6000.0,15.0,0.745413
6000.0,16.0,1.0
6000.0,17.0,0.163705
6001.0,0.0,0.0
6001.0,1.0,0.802425
6001.0,2.0,0.176013
6001.0,3.0,0.474098
6001.0,4.0,0.089502
6001.0,5.0,0.000546
6001.0,6.0,0.107919
6001.0,7.0,0.756793
6001.0,8.0,0.200267
6001.0,9.0,0.156164
6001.0,10.0,0.661561
6001.0,11.0,0.225429
6001.0,12.0,0.399789
6001.0,13.0,0.21332
6001.0,14.0,0.156641
6001.0,15.0,0.766193
6001.0,16.0,1.0
6001.0,17.0,0.227791
6002.0,0.0,0.0
6002.0,1.0,0.813774
6002.0,2.0,0.181024
6002.0,3.0,0.527449
6002.0,4.0,0.100649
6002.0,5.0,0.000581
6002.0,6.0,0.108477
6002.0,7.0,0.786484
6002.0,8.0,0.220458
6002.0,9.0,0.173517
6002.0,10.0,0.684127
6002.0,11.0,0.232644
6002.0,12.0,0.4048
6002.0,13.0,0.225597
6002.0,14.0,0.236448
6002.0,15.0,0.785087
6002.0,16.0,1.0
6002.0,17.0,0.309589
6003.0,0.0,0.0
6003.0,1.0,0.823176
6003.0,2.0,0.185901
6003.0,3.0,0.574995
6003.0,4.0,0.111843
6003.0,5.0,0.000582
6003.0,6.0,0.108955
6003.0,7.0,0.810722
6003.0,8.0,0.240684
6003.0,9.0,0.189537
6003.0,10.0,0.704401
6003.0,11.0,0.238475
6003.0,12.0,0.409212
6003.0,13.0,0.239317
6003.0,14.0,0.324738
6003.0,15.0,0.802186
6003.0,16.0,1.0
6003.0,17.0,0.409975
6004.0,0.0,0.0
6004.0,1.0,0.831539
6004.0,2.0,0.18956
6004.0,3.0,0.617378
6004.0,4.0,0.1228
6004.0,5.0,0.000703
6004.0,6.0,0.109837
6004.0,7.0,0.831273
6004.0,8.0,0.261554
6004.0,9.0,0.206328
6004.0,10.0,0.721631
6004.0,11.0,0.244649
6004.0,12.0,0.414366
6004.0,13.0,0.253239
6004.0,14.0,0.410645
6004.0,15.0,0.817143
6004.0,16.0,1.0
6004.0,17.0,0.523333
6005.0,0.0,0.0
6005.0,1.0,0.839334
6005.0,2.0,0.194015
6005.0,3.0,0.654741
6005.0,4.0,0.133813
6005.0,5.0,0.000732
6005.0,6.0,0.109964
6005.0,7.0,0.849615
6005.0,8.0,0.281874
6005.0,9.0,0.223029
6005.0,10.0,0.737223
6005.0,11.0,0.250516
6005.0,12.0,0.419467
6005.0,13.0,0.267434
6005.0,14.0,0.487697
6005.0,15.0,0.829973
6005.0,16.0,1.0
6005.0,17.0,0.640423
6006.0,0.0,0.0
6006.0,1.0,0.827736
6006.0,2.0,0.189173
6006.0,3.0,0.596002
6006.0,4.0,0.120286
6006.0,5.0,0.000688
6006.0,6.0,0.109308
6006.0,7.0,0.827297
6006.0,8.0,0.256996
6006.0,9.0,0.203682
6006.0,10.0,0.718943
6006.0,11.0,0.242476
6006.0,12.0,0.414647
6006.0,13.0,0.249889
6006.0,14.0,0.357311
6006.0,15.0,0.812532
6006.0,16.0,1.0
6006.0,17.0,0.458616
6007.0,0.0,0.0
6007.0,1.0,0.817117
6007.0,2.0,0.184453
6007.0,3.0,0.544531
6007.0,4.0,0.108492
6007.0,5.0,0.000606
6007.0,6.0,0.108702
6007.0,7.0,0.803294
6007.0,8.0,0.235134
6007.0,9.0,0.185663
6007.0,10.0,0.699733
6007.0,11.0,0.235998
6007.0,12.0,0.408274
6007.0,13.0,0.235368
6007.0,14.0,0.258735
6007.0,15.0,0.795822
6007.0,16.0,1.0
6007.0,17.0,0.339309
6008.0,0.0,0.0
6008.0,1.0,0.806554
6008.0,2.0,0.179508
6008.0,3.0,0.496914
6008.0,4.0,0.097403
6008.0,5.0,0.000571
6008.0,6.0,0.107764
6008.0,7.0,0.776857
6008.0,8.0,0.214503
6008.0,9.0,0.169464
6008.0,10.0,0.680338
6008.0,11.0,0.230167
6008.0,12.0,0.402773
6008.0,13.0,0.223097
6008.0,14.0,0.184989
6008.0,15.0,0.777916
6008.0,16.0,1.0
6008.0,17.0,0.259013
6009.0,0.0,0.0
6009.0,1.0,0.795916
6009.0,2.0,0.175095
6009.0,3.0,0.453815
6009.0,4.0,0.087647
6009.0,5.0,0.000549
6009.0,6.0,0.106997
6009.0,7.0,0.74832
6009.0,8.0,0.19552
6009.0,9.0,0.153632
6009.0,10.0,0.659889
6009.0,11.0,0.224183
6009.0,12.0,0.397057
6009.0,13.0,0.210944
6009.0,14.0,0.132232
6009.0,15.0,0.76008
6009.0,16.0,1.0
6009.0,17.0,0.2032
6010.0,0.0,0.0
6010.0,1.0,0.784497
6010.0,2.0,0.170411
6010.0,3.0,0.415806
6010.0,4.0,0.078618
6010.0,5.0,0.000481
6010.0,6.0,0.106636
6010.0,7.0,0.718229
6010.0,8.0,0.179071
6010.0,9.0,0.139801
6010.0,10.0,0.638322
6010.0,11.0,0.217797
6010.0,12.0,0.392747
6010.0,13.0,0.200036
6010.0,14.0,0.094968
6010.0,15.0,0.74222
6010.0,16.0,1.0
6010.0,17.0,0.163638
7000.0,0.0,0.0
7000.0,1.0,0.793242
7000.0,2.0,0.169492
7000.0,3.0,0.414328
7000.0,4.0,0.086397
7000.0,5.0,0.0
7000.0,6.0,0.09105
7000.0,7.0,0.713888
7000.0,8.0,0.179397
7000.0,9.0,0.133197
7000.0,10.0,0.641619
7000.0,11.0,0.205248
7000.0,12.0,0.395587
7000.0,13.0,0.213338
7000.0,14.0,0.094588
7000.0,15.0,0.750245
7000.0,16.0,1.0
7000.0,17.0,0.161949
7001.0,0.0,0.0
7001.0,1.0,0.806126
7001.0,2.0,0.174517
7001.0,3.0,0.472529
7001.0,4.0,0.097809
7001.0,5.0,0.0
7001.0,6.0,0.091509
7001.0,7.0,0.749955
7001.0,8.0,0.199796
7001.0,9.0,0.149494
7001.0,10.0,0.666575
7001.0,11.0,0.211568
7001.0,12.0,0.40117
7001.0,13.0,0.227033
7001.0,14.0,0.156681
7001.0,15.0,0.771712
7001.0,16.0,1.0
7001.0,17.0,0.224949
7002.0,0.0,0.0
7002.0,1.0,0.817107
7002.0,2.0,0.178878
7002.0,3.0,0.52586
7002.0,4.0,0.109684
7002.0,5.0,0.0
7002.0,6.0,0.092086
7002.0,7.0,0.780855
7002.0,8.0,0.220149
7002.0,9.0,0.165607
7002.0,10.0,0.68814
7002.0,11.0,0.217755
7002.0,12.0,0.405972
7002.0,13.0,0.24145
7002.0,14.0,0.235966
7002.0,15.0,0.789432
7002.0,16.0,1.0
7002.0,17.0,0.306384
7003.0,0.0,0.0
7003.0,1.0,0.826584
7003.0,2.0,0.1837
7003.0,3.0,0.573878
7003.0,4.0,0.12157
7003.0,5.0,0.0
7003.0,6.0,0.092712
7003.0,7.0,0.807047
7003.0,8.0,0.241217
7003.0,9.0,0.181813
7003.0,10.0,0.707396
7003.0,11.0,0.223878
7003.0,12.0,0.41233
7003.0,13.0,0.255399
7003.0,14.0,0.323572
7003.0,15.0,0.805517
7003.0,16.0,1.0
7003.0,17.0,0.405161
7004.0,0.0,0.0
7004.0,1.0,0.835149
7004.0,2.0,0.188344
7004.0,3.0,0.616876
7004.0,4.0,0.133501
7004.0,5.0,0.0
7004.0,6.0,0.093253
7004.0,7.0,0.828327
7004.0,8.0,0.261061
7004.0,9.0,0.197782
7004.0,10.0,0.723851
7004.0,11.0,0.229468
7004.0,12.0,0.417624
7004.0,13.0,0.269342
7004.0,14.0,0.410772
7004.0,15.0,0.820027
7004.0,16.0,1.0
7004.0,17.0,0.518516
7005.0,0.0,0.0
7005.0,1.0,0.843434
7005.0,2.0,0.193814
7005.0,3.0,0.654606
7005.0,4.0,0.146171
7005.0,5.0,0.0
7005.0,6.0,0.09328
7005.0,7.0,0.846388
7005.0,8.0,0.281555
7005.0,9.0,0.214267
7005.0,10.0,0.738961
7005.0,11.0,0.234775
7005.0,12.0,0.423351
7005.0,13.0,0.283478
7005.0,14.0,0.488548
7005.0,15.0,0.83313
7005.0,16.0,1.0
7005.0,17.0,0.635158
7006.0,0.0,0.0
7006.0,1.0,0.832996
7006.0,2.0,0.188574
7006.0,3.0,0.596631
7006.0,4.0,0.13142
7006.0,5.0,0.0
7006.0,6.0,0.093009
7006.0,7.0,0.824531
7006.0,8.0,0.255084
7006.0,9.0,0.194387
7006.0,10.0,0.720178
7006.0,11.0,0.228565
7006.0,12.0,0.417365
7006.0,13.0,0.266836
7006.0,14.0,0.35876
7006.0,15.0,0.815294
7006.0,16.0,1.0
7006.0,17.0,0.454989
7007.0,0.0,0.0
7007.0,1.0,0.823477
7007.0,2.0,0.18362
7007.0,3.0,0.544771
7007.0,4.0,0.118096
7007.0,5.0,0.0
7007.0,6.0,0.092574
7007.0,7.0,0.801315
7007.0,8.0,0.233145
7007.0,9.0,0.177103
7007.0,10.0,0.702284
7007.0,11.0,0.222791
7007.0,12.0,0.412143
7007.0,13.0,0.251378
7007.0,14.0,0.260956
7007.0,15.0,0.799573
7007.0,16.0,1.0
7007.0,17.0,0.33684
7008.0,0.0,0.0
7008.0,1.0,0.813679
7008.0,2.0,0.179072
7008.0,3.0,0.497843
7008.0,4.0,0.106188
7008.0,5.0,0.0
7008.0,6.0,0.09177
7008.0,7.0,0.775094
7008.0,8.0,0.212432
7008.0,9.0,0.161574
7008.0,10.0,0.683162
7008.0,11.0,0.217833
7008.0,12.0,0.407104
7008.0,13.0,0.237584
7008.0,14.0,0.187307
7008.0,15.0,0.78226
7008.0,16.0,1.0
7008.0,17.0,0.257388
7009.0,0.0,0.0
7009.0,1.0,0.803285
7009.0,2.0,0.175404
7009.0,3.0,0.45417
7009.0,4.0,0.095882
7009.0,5.0,0.0
7009.0,6.0,0.091084
7009.0,7.0,0.747418
7009.0,8.0,0.19415
7009.0,9.0,0.147168
7009.0,10.0,0.662398
7009.0,11.0,0.212213
7009.0,12.0,0.401614
7009.0,13.0,0.224772
7009.0,14.0,0.133219
7009.0,15.0,0.765765
7009.0,16.0,1.0
7009.0,17.0,0.202616
7010.0,0.0,0.0
7010.0,1.0,0.793139
7010.0,2.0,0.171584
7010.0,3.0,0.415747
7010.0,4.0,0.086813
7010.0,5.0,0.0
7010.0,6.0,0.091029
7010.0,7.0,0.717462
7010.0,8.0,0.177295
7010.0,9.0,0.134205
7010.0,10.0,0.640336
7010.0,11.0,0.206274
7010.0,12.0,0.396046
7010.0,13.0,0.213389
7010.0,14.0,0.09487
7010.0,15.0,0.749455
7010.0,16.0,1.0
7010.0,17.0,0.163153
8000.0,0.0,0.0
8000.0,1.0,0.789245
8000.0,2.0,0.173006
8000.0,3.0,0.418297
8000.0,4.0,0.07179
8000.0,5.0,0.0
8000.0,6.0,0.094601
8000.0,7.0,0.726267
8000.0,8.0,0.180471
8000.0,9.0,0.138241
8000.0,10.0,0.616625
8000.0,11.0,0.21428
8000.0,12.0,0.399317
8000.0,13.0,0.20648
8000.0,14.0,0.095513
8000.0,15.0,0.743006
8000.0,16.0,1.0
8000.0,17.0,0.163367
8001.0,0.0,0.0
8001.0,1.0,0.803476
8001.0,2.0,0.177316
8001.0,3.0,0.476348
8001.0,4.0,0.081385
8001.0,5.0,0.0
8001.0,6.0,0.094943
8001.0,7.0,0.761521
8001.0,8.0,0.200911
8001.0,9.0,0.154591
8001.0,10.0,0.643129
8001.0,11.0,0.221222
8001.0,12.0,0.405748
8001.0,13.0,0.221111
8001.0,14.0,0.157157
8001.0,15.0,0.765294
8001.0,16.0,1.0
8001.0,17.0,0.22683
8002.0,0.0,0.0
8002.0,1.0,0.815069
8002.0,2.0,0.181546
8002.0,3.0,0.528236
8002.0,4.0,0.091357
8002.0,5.0,0.0
8002.0,6.0,0.095473
8002.0,7.0,0.790652
8002.0,8.0,0.221144
8002.0,9.0,0.171027
8002.0,10.0,0.667487
8002.0,11.0,0.228907
8002.0,12.0,0.410694
8002.0,13.0,0.235073
8002.0,14.0,0.237523
8002.0,15.0,0.784887
8002.0,16.0,1.0
8002.0,17.0,0.308679
8003.0,0.0,0.0
8003.0,1.0,0.825617
8003.0,2.0,0.185768
8003.0,3.0,0.576112
8003.0,4.0,0.101861
8003.0,5.0,0.0
8003.0,6.0,0.096073
8003.0,7.0,0.815058
8003.0,8.0,0.241557
8003.0,9.0,0.187693
8003.0,10.0,0.688504
8003.0,11.0,0.235618
8003.0,12.0,0.416505
8003.0,13.0,0.249425
8003.0,14.0,0.325501
8003.0,15.0,0.801277
8003.0,16.0,1.0
8003.0,17.0,0.409502
8004.0,0.0,0.0
8004.0,1.0,0.834164
8004.0,2.0,0.189955
8004.0,3.0,0.618093
8004.0,4.0,0.112762
8004.0,5.0,0.0
8004.0,6.0,0.096466
8004.0,7.0,0.836244
8004.0,8.0,0.261947
8004.0,9.0,0.204824
8004.0,10.0,0.706317
8004.0,11.0,0.243064
8004.0,12.0,0.420711
8004.0,13.0,0.261965
8004.0,14.0,0.411717
8004.0,15.0,0.816542
8004.0,16.0,1.0
8004.0,17.0,0.523362
8005.0,0.0,0.0
8005.0,1.0,0.841718
8005.0,2.0,0.194513
8005.0,3.0,0.656181
8005.0,4.0,0.123101
8005.0,5.0,0.0
8005.0,6.0,0.097045
8005.0,7.0,0.853705
8005.0,8.0,0.282129
8005.0,9.0,0.221394
8005.0,10.0,0.722627
8005.0,11.0,0.249379
8005.0,12.0,0.42531
8005.0,13.0,0.276251
8005.0,14.0,0.488496
8005.0,15.0,0.829649
8005.0,16.0,1.0
8005.0,17.0,0.642035
8006.0,0.0,0.0
8006.0,1.0,0.831888
8006.0,2.0,0.188947
8006.0,3.0,0.598237
8006.0,4.0,0.11022
8006.0,5.0,0.0
8006.0,6.0,0.096565
8006.0,7.0,0.832731
8006.0,8.0,0.256203
8006.0,9.0,0.201613
8006.0,10.0,0.702819
8006.0,11.0,0.242346
8006.0,12.0,0.419541
8006.0,13.0,0.257939
8006.0,14.0,0.35965
8006.0,15.0,0.813255
8006.0,16.0,1.0
8006.0,17.0,0.460919
8007.0,0.0,0.0
8007.0,1.0,0.821887
8007.0,2.0,0.182938
8007.0,3.0,0.545616
8007.0,4.0,0.098957
8007.0,5.0,0.0
8007.0,6.0,0.096176
8007.0,7.0,0.809703
8007.0,8.0,0.233995
8007.0,9.0,0.183975
8007.0,10.0,0.681651
8007.0,11.0,0.23579
8007.0,12.0,0.413374
8007.0,13.0,0.242944
8007.0,14.0,0.261118
8007.0,15.0,0.796825
8007.0,16.0,1.0
8007.0,17.0,0.34001
8008.0,0.0,0.0
8008.0,1.0,0.81232
8008.0,2.0,0.178139
8008.0,3.0,0.498875
8008.0,4.0,0.089393
8008.0,5.0,0.0
8008.0,6.0,0.095343
8008.0,7.0,0.784407
8008.0,8.0,0.213739
8008.0,9.0,0.168149
8008.0,10.0,0.66009
8008.0,11.0,0.229662
8008.0,12.0,0.407859
8008.0,13.0,0.229649
8008.0,14.0,0.187811
8008.0,15.0,0.779954
8008.0,16.0,1.0
8008.0,17.0,0.25995
8009.0,0.0,0.0
8009.0,1.0,0.8023
8009.0,2.0,0.173532
8009.0,3.0,0.455021
8009.0,4.0,0.079972
8009.0,5.0,0.0
8009.0,6.0,0.094893
8009.0,7.0,0.757063
8009.0,8.0,0.195404
8009.0,9.0,0.153466
8009.0,10.0,0.637278
8009.0,11.0,0.223787
8009.0,12.0,0.40247
8009.0,13.0,0.217406
8009.0,14.0,0.134687
8009.0,15.0,0.762718
8009.0,16.0,1.0
8009.0,17.0,0.204068
8010.0,0.0,0.0
8010.0,1.0,0.791555
8010.0,2.0,0.1689
8010.0,3.0,0.415979
8010.0,4.0,0.071975
8010.0,5.0,0.0
8010.0,6.0,0.09429
8010.0,7.0,0.727051
8010.0,8.0,0.178958
8010.0,9.0,0.139555
8010.0,10.0,0.61382
8010.0,11.0,0.216996
8010.0,12.0,0.397655
8010.0,13.0,0.206383
8010.0,14.0,0.096497
8010.0,15.0,0.745584
8010.0,16.0,1.0
8010.0,17.0,0.163366
9000.0,0.0,0.0
9000.0,1.0,0.785878
9000.0,2.0,0.173278
9000.0,3.0,0.417977
9000.0,4.0,0.072018
9000.0,5.0,0.0
9000.0,6.0,0.079269
9000.0,7.0,0.724658
9000.0,8.0,0.180319
9000.0,9.0,0.136258
9000.0,10.0,0.612789
9000.0,11.0,0.216169
9000.0,12.0,0.393346
9000.0,13.0,0.198937
9000.0,14.0,0.095124
9000.0,15.0,0.748267
9000.0,16.0,1.0
9000.0,17.0,0.16313
9001.0,0.0,0.0
9001.0,1.0,0.800031
9001.0,2.0,0.178601
9001.0,3.0,0.476999
9001.0,4.0,0.081768
9001.0,5.0,0.0
9001.0,6.0,0.079805
9001.0,7.0,0.760726
9001.0,8.0,0.201275
9001.0,9.0,0.152615
9001.0,10.0,0.641161
9001.0,11.0,0.223207
9001.0,12.0,0.399391
9001.0,13.0,0.212018
9001.0,14.0,0.157383
9001.0,15.0,0.768834
9001.0,16.0,1.0
9001.0,17.0,0.227532
9002.0,0.0,0.0
9002.0,1.0,0.81163
9002.0,2.0,0.184271
9002.0,3.0,0.529638
9002.0,4.0,0.092749
9002.0,5.0,0.0
9002.0,6.0,0.080994
9002.0,7.0,0.790135
9002.0,8.0,0.221985
9002.0,9.0,0.168783
9002.0,10.0,0.666269
9002.0,11.0,0.229665
9002.0,12.0,0.405491
9002.0,13.0,0.225058
9002.0,14.0,0.236779
9002.0,15.0,0.786482
9002.0,16.0,1.0
9002.0,17.0,0.308875
9003.0,0.0,0.0
9003.0,1.0,0.821482
9003.0,2.0,0.189064
9003.0,3.0,0.576296
9003.0,4.0,0.103075
9003.0,5.0,0.0
9003.0,6.0,0.081349
9003.0,7.0,0.815012
9003.0,8.0,0.242301
9003.0,9.0,0.185234
9003.0,10.0,0.687269
9003.0,11.0,0.235213
9003.0,12.0,0.409974
9003.0,13.0,0.238746
9003.0,14.0,0.32483
9003.0,15.0,0.802406
9003.0,16.0,1.0
9003.0,17.0,0.409226
9004.0,0.0,0.0
9004.0,1.0,0.830641
9004.0,2.0,0.193661
9004.0,3.0,0.617773
9004.0,4.0,0.114382
9004.0,5.0,0.0
9004.0,6.0,0.081268
9004.0,7.0,0.835207
9004.0,8.0,0.262576
9004.0,9.0,0.201436
9004.0,10.0,0.705125
9004.0,11.0,0.241451
9004.0,12.0,0.41395
9004.0,13.0,0.252723
9004.0,14.0,0.409961
9004.0,15.0,0.816513
9004.0,16.0,1.0
9004.0,17.0,0.522887
9005.0,0.0,0.0
9005.0,1.0,0.839015
9005.0,2.0,0.198781
9005.0,3.0,0.655816
9005.0,4.0,0.125082
9005.0,5.0,0.0
9005.0,6.0,0.081724
9005.0,7.0,0.852241
9005.0,8.0,0.282441
9005.0,9.0,0.217006
9005.0,10.0,0.720969
9005.0,11.0,0.247695
9005.0,12.0,0.417408
9005.0,13.0,0.266005
9005.0,14.0,0.487455
9005.0,15.0,0.828827
9005.0,16.0,1.0
9005.0,17.0,0.64094
9006.0,0.0,0.0
9006.0,1.0,0.828827
9006.0,2.0,0.192745
9006.0,3.0,0.597367
9006.0,4.0,0.111484
9006.0,5.0,0.0
9006.0,6.0,0.081456
9006.0,7.0,0.831115
9006.0,8.0,0.257496
9006.0,9.0,0.196577
9006.0,10.0,0.700897
9006.0,11.0,0.241226
9006.0,12.0,0.41293
9006.0,13.0,0.250577
9006.0,14.0,0.357016
9006.0,15.0,0.812302
9006.0,16.0,1.0
9006.0,17.0,0.460289
9007.0,0.0,0.0
9007.0,1.0,0.819136
9007.0,2.0,0.187591
9007.0,3.0,0.544406
9007.0,4.0,0.099832
9007.0,5.0,0.0
9007.0,6.0,0.081455
9007.0,7.0,0.808205
9007.0,8.0,0.235185
9007.0,9.0,0.178127
9007.0,10.0,0.680408
9007.0,11.0,0.233869
9007.0,12.0,0.408472
9007.0,13.0,0.236324
9007.0,14.0,0.259232
9007.0,15.0,0.796468
9007.0,16.0,1.0
9007.0,17.0,0.33907
9008.0,0.0,0.0
9008.0,1.0,0.809126
9008.0,2.0,0.182775
9008.0,3.0,0.497464
9008.0,4.0,0.089858
9008.0,5.0,0.0
9008.0,6.0,0.081433
9008.0,7.0,0.782959
9008.0,8.0,0.215265
9008.0,9.0,0.162774
9008.0,10.0,0.659028
9008.0,11.0,0.227758
9008.0,12.0,0.403842
9008.0,13.0,0.222968
9008.0,14.0,0.186147
9008.0,15.0,0.779732
9008.0,16.0,1.0
9008.0,17.0,0.25878
9009.0,0.0,0.0
9009.0,1.0,0.799298
9009.0,2.0,0.177887
9009.0,3.0,0.454946
9009.0,4.0,0.080874
9009.0,5.0,0.0
9009.0,6.0,0.081371
9009.0,7.0,0.75581
9009.0,8.0,0.19747
9009.0,9.0,0.147697
9009.0,10.0,0.63717
9009.0,11.0,0.221499
9009.0,12.0,0.398635
9009.0,13.0,0.211443
9009.0,14.0,0.133024
9009.0,15.0,0.762425
9009.0,16.0,1.0
9009.0,17.0,0.203094
9010.0,0.0,0.0
9010.0,1.0,0.78878
9010.0,2.0,0.173771
9010.0,3.0,0.415971
9010.0,4.0,0.072749
9010.0,5.0,0.0
9010.0,6.0,0.080845
9010.0,7.0,0.726137
9010.0,8.0,0.180978
9010.0,9.0,0.135096
9010.0,10.0,0.613709
9010.0,11.0,0.216338
9010.0,12.0,0.393733
9010.0,13.0,0.200801
9010.0,14.0,0.095246
9010.0,15.0,0.744983
9010.0,16.0,1.0
9010.0,17.0,0.162459
10000.0,0.0,0.0
10000.0,1.0,0.788121
10000.0,2.0,0.175387
10000.0,3.0,0.414125
10000.0,4.0,0.080655
10000.0,5.0,0.0
10000.0,6.0,0.087613
10000.0,7.0,0.713816
10000.0,8.0,0.172119
10000.0,9.0,0.137196
10000.0,10.0,0.614143
10000.0,11.0,0.197609
10000.0,12.0,0.393787
10000.0,13.0,0.218463
10000.0,14.0,0.095285
10000.0,15.0,0.750452
10000.0,16.0,1.0
10000.0,17.0,0.163994
10001.0,0.0,0.0
10001.0,1.0,0.801776
10001.0,2.0,0.181056
10001.0,3.0,0.472895
10001.0,4.0,0.091596
10001.0,5.0,0.0
10001.0,6.0,0.087986
10001.0,7.0,0.749482
10001.0,8.0,0.192556
10001.0,9.0,0.153425
10001.0,10.0,0.641426
10001.0,11.0,0.203705
10001.0,12.0,0.399158
10001.0,13.0,0.232752
10001.0,14.0,0.158114
10001.0,15.0,0.771777
10001.0,16.0,1.0
10001.0,17.0,0.228147
10002.0,0.0,0.0
10002.0,1.0,0.814269
10002.0,2.0,0.186475
10002.0,3.0,0.527091
10002.0,4.0,0.103208
10002.0,5.0,0.0
10002.0,6.0,0.088299
10002.0,7.0,0.779688
10002.0,8.0,0.212871
10002.0,9.0,0.168888
10002.0,10.0,0.665796
10002.0,11.0,0.210377
10002.0,12.0,0.404955
10002.0,13.0,0.2473
10002.0,14.0,0.237676
10002.0,15.0,0.789367
10002.0,16.0,1.0
10002.0,17.0,0.309929
10003.0,0.0,0.0
10003.0,1.0,0.824797
10003.0,2.0,0.191156
10003.0,3.0,0.574292
10003.0,4.0,0.114456
10003.0,5.0,0.0
10003.0,6.0,0.088454
10003.0,7.0,0.804624
10003.0,8.0,0.232854
10003.0,9.0,0.185161
10003.0,10.0,0.686624
10003.0,11.0,0.216061
10003.0,12.0,0.409052
10003.0,13.0,0.260636
10003.0,14.0,0.324982
10003.0,15.0,0.805191
10003.0,16.0,1.0
10003.0,17.0,0.408327
10004.0,0.0,0.0
10004.0,1.0,0.833695
10004.0,2.0,0.196314
10004.0,3.0,0.616468
10004.0,4.0,0.125825
10004.0,5.0,0.0
10004.0,6.0,0.088608
10004.0,7.0,0.826269
10004.0,8.0,0.25271
10004.0,9.0,0.201722
10004.0,10.0,0.70509
10004.0,11.0,0.221988
10004.0,12.0,0.414062
10004.0,13.0,0.275591
10004.0,14.0,0.410613
10004.0,15.0,0.819574
10004.0,16.0,1.0
10004.0,17.0,0.522282
10005.0,0.0,0.0
10005.0,1.0,0.841587
10005.0,2.0,0.201153
10005.0,3.0,0.655664
10005.0,4.0,0.137973
10005.0,5.0,0.0
10005.0,6.0,0.08904
10005.0,7.0,0.844158
10005.0,8.0,0.271935
10005.0,9.0,0.218031
10005.0,10.0,0.721805
10005.0,11.0,0.227045
10005.0,12.0,0.418719
10005.0,13.0,0.289682
10005.0,14.0,0.48733
10005.0,15.0,0.832145
10005.0,16.0,1.0
10005.0,17.0,0.639284
10006.0,0.0,0.0
10006.0,1.0,0.830913
10006.0,2.0,0.195137
10006.0,3.0,0.596905
10006.0,4.0,0.122908
10006.0,5.0,0.0
10006.0,6.0,0.088478
10006.0,7.0,0.821886
10006.0,8.0,0.247433
10006.0,9.0,0.198006
10006.0,10.0,0.702065
10006.0,11.0,0.220908
10006.0,12.0,0.41244
10006.0,13.0,0.271571
10006.0,14.0,0.358423
10006.0,15.0,0.815564
10006.0,16.0,1.0
10006.0,17.0,0.459134
10007.0,0.0,0.0
10007.0,1.0,0.820836
10007.0,2.0,0.189603
10007.0,3.0,0.544912
10007.0,4.0,0.110654
10007.0,5.0,0.0
10007.0,6.0,0.08796
10007.0,7.0,0.799269
10007.0,8.0,0.226103
10007.0,9.0,0.180332
10007.0,10.0,0.680436
10007.0,11.0,0.214843
10007.0,12.0,0.407208
10007.0,13.0,0.25598
10007.0,14.0,0.261009
10007.0,15.0,0.799161
10007.0,16.0,1.0
10007.0,17.0,0.339364
10008.0,0.0,0.0
10008.0,1.0,0.809596
10008.0,2.0,0.185095
10008.0,3.0,0.497032
10008.0,4.0,0.099585
10008.0,5.0,0.0
10008.0,6.0,0.087242
10008.0,7.0,0.77319
10008.0,8.0,0.206486
10008.0,9.0,0.164032
10008.0,10.0,0.658862
10008.0,11.0,0.209032
10008.0,12.0,0.401991
10008.0,13.0,0.241219
10008.0,14.0,0.187717
10008.0,15.0,0.782441
10008.0,16.0,1.0
10008.0,17.0,0.259344
10009.0,0.0,0.0
10009.0,1.0,0.799692
10009.0,2.0,0.179992
10009.0,3.0,0.453731
10009.0,4.0,0.08946
10009.0,5.0,0.0
10009.0,6.0,0.086966
10009.0,7.0,0.746132
10009.0,8.0,0.189165
10009.0,9.0,0.149447
10009.0,10.0,0.636685
10009.0,11.0,0.203727
10009.0,12.0,0.396979
10009.0,13.0,0.228197
10009.0,14.0,0.133541
10009.0,15.0,0.765201
10009.0,16.0,1.0
10009.0,17.0,0.204287
10010.0,0.0,0.0
10010.0,1.0,0.789069
10010.0,2.0,0.175906
10010.0,3.0,0.415471
10010.0,4.0,0.080633
10010.0,5.0,0.0
10010.0,6.0,0.086556
10010.0,7.0,0.716692
10010.0,8.0,0.173726
10010.0,9.0,0.135764
10010.0,10.0,0.613494
10010.0,11.0,0.199239
10010.0,12.0,0.392758
10010.0,13.0,0.216477
10010.0,14.0,0.09589
10010.0,15.0,0.748419
10010.0,16.0,1.0
10010.0,17.0,0.163732
