FREQUENCIES 
Gen,mut_id,mut_freq
1.0,0.0,0.5
1.0,1.0,0.5
1.0,2.0,0.5
1.0,3.0,0.5
1.0,4.0,0.5
1.0,5.0,0.5
1.0,6.0,0.5
1.0,7.0,0.5
1.0,8.0,0.5
1.0,9.0,0.5
1.0,10.0,0.5
1.0,11.0,0.5
1.0,12.0,0.5
1.0,13.0,0.5
1.0,14.0,0.5
1.0,15.0,0.5
1.0,16.0,0.5
1.0,17.0,0.5
1.0,18.0,0.5
1.0,19.0,0.5
1.0,20.0,0.5
1.0,21.0,0.5
1.0,22.0,0.5
1.0,23.0,0.5
1.0,24.0,0.5
1.0,25.0,0.5
1.0,26.0,0.5
1.0,27.0,0.5
1.0,28.0,0.5
1.0,29.0,0.5
1.0,30.0,0.5
1.0,31.0,0.5
1.0,32.0,0.5
1.0,33.0,0.5
1.0,34.0,0.5
1.0,35.0,0.5
1.0,36.0,0.5
1000.0,0.0,0.336244
1000.0,1.0,0.324232
1000.0,2.0,0.325014
1000.0,3.0,0.180069
1000.0,4.0,0.712548
1000.0,5.0,0.435911
1000.0,6.0,0.003323
1000.0,7.0,0.543803
1000.0,8.0,0.708445
1000.0,9.0,0.0
1000.0,10.0,0.991454
1000.0,11.0,0.453116
1000.0,12.0,0.731425
1000.0,13.0,0.563744
1000.0,14.0,0.087451
1000.0,15.0,0.994159
1000.0,16.0,0.474399
1000.0,17.0,0.016138
1000.0,18.0,0.02383
1000.0,19.0,0.579683
1000.0,20.0,0.33188
1000.0,21.0,0.491447
1000.0,22.0,0.853866
1000.0,23.0,0.999817
1000.0,24.0,0.83058
1000.0,25.0,0.542843
1000.0,26.0,0.513124
1000.0,27.0,0.773566
1000.0,28.0,0.518972
1000.0,29.0,0.019643
1000.0,30.0,0.417397
1000.0,31.0,0.408983
1000.0,32.0,0.961017
1000.0,33.0,0.76273
1000.0,34.0,0.567794
1000.0,35.0,0.604103
1000.0,36.0,0.281955
1001.0,0.0,0.340193
1001.0,1.0,0.326881
1001.0,2.0,0.329166
1001.0,3.0,0.181508
1001.0,4.0,0.71988
1001.0,5.0,0.444018
1001.0,6.0,0.0035
1001.0,7.0,0.551608
1001.0,8.0,0.709587
1001.0,9.0,0.0
1001.0,10.0,0.991618
1001.0,11.0,0.478581
1001.0,12.0,0.745087
1001.0,13.0,0.585675
1001.0,14.0,0.101535
1001.0,15.0,0.994724
1001.0,16.0,0.47754
1001.0,17.0,0.016939
1001.0,18.0,0.024136
1001.0,19.0,0.592631
1001.0,20.0,0.336385
1001.0,21.0,0.49213
1001.0,22.0,0.855454
1001.0,23.0,0.999833
1001.0,24.0,0.831888
1001.0,25.0,0.549244
1001.0,26.0,0.555439
1001.0,27.0,0.775948
1001.0,28.0,0.538051
1001.0,29.0,0.020334
1001.0,30.0,0.433728
1001.0,31.0,0.409222
1001.0,32.0,0.961637
1001.0,33.0,0.763545
1001.0,34.0,0.568909
1001.0,35.0,0.606358
1001.0,36.0,0.282848
1002.0,0.0,0.344165
1002.0,1.0,0.328791
1002.0,2.0,0.333034
1002.0,3.0,0.183184
1002.0,4.0,0.726931
1002.0,5.0,0.453174
1002.0,6.0,0.00357
1002.0,7.0,0.559561
1002.0,8.0,0.71001
1002.0,9.0,0.0
1002.0,10.0,0.991731
1002.0,11.0,0.502886
1002.0,12.0,0.757789
1002.0,13.0,0.606843
1002.0,14.0,0.116593
1002.0,15.0,0.99508
1002.0,16.0,0.480285
1002.0,17.0,0.017547
1002.0,18.0,0.024309
1002.0,19.0,0.604678
1002.0,20.0,0.340865
1002.0,21.0,0.492962
1002.0,22.0,0.857893
1002.0,23.0,0.999856
1002.0,24.0,0.833129
1002.0,25.0,0.554938
1002.0,26.0,0.595575
1002.0,27.0,0.777861
1002.0,28.0,0.556316
1002.0,29.0,0.02086
1002.0,30.0,0.451064
1002.0,31.0,0.410307
1002.0,32.0,0.962819
1002.0,33.0,0.764606
1002.0,34.0,0.570527
1002.0,35.0,0.607854
1002.0,36.0,0.284306
1003.0,0.0,0.348203
1003.0,1.0,0.332141
1003.0,2.0,0.336654
1003.0,3.0,0.185633
1003.0,4.0,0.733769
1003.0,5.0,0.461498
1003.0,6.0,0.0036
1003.0,7.0,0.566331
1003.0,8.0,0.710701
1003.0,9.0,0.0
1003.0,10.0,0.99181
1003.0,11.0,0.525105
1003.0,12.0,0.770831
1003.0,13.0,0.626144
1003.0,14.0,0.133399
1003.0,15.0,0.99535
1003.0,16.0,0.483544
1003.0,17.0,0.018128
1003.0,18.0,0.024412
1003.0,19.0,0.616776
1003.0,20.0,0.34548
1003.0,21.0,0.49431
1003.0,22.0,0.860432
1003.0,23.0,0.999889
1003.0,24.0,0.834487
1003.0,25.0,0.560806
1003.0,26.0,0.634188
1003.0,27.0,0.778905
1003.0,28.0,0.573835
1003.0,29.0,0.021192
1003.0,30.0,0.467607
1003.0,31.0,0.411039
1003.0,32.0,0.963649
1003.0,33.0,0.765052
1003.0,34.0,0.571752
1003.0,35.0,0.609631
1003.0,36.0,0.28581
1004.0,0.0,0.351858
1004.0,1.0,0.333316
1004.0,2.0,0.341266
1004.0,3.0,0.187636
1004.0,4.0,0.740028
1004.0,5.0,0.469089
1004.0,6.0,0.003719
1004.0,7.0,0.572576
1004.0,8.0,0.711779
1004.0,9.0,0.0
1004.0,10.0,0.99213
1004.0,11.0,0.545932
1004.0,12.0,0.782655
1004.0,13.0,0.64466
1004.0,14.0,0.151572
1004.0,15.0,0.995588
1004.0,16.0,0.486233
1004.0,17.0,0.018667
1004.0,18.0,0.024422
1004.0,19.0,0.628529
1004.0,20.0,0.349424
1004.0,21.0,0.494693
1004.0,22.0,0.862202
1004.0,23.0,0.99991
1004.0,24.0,0.835857
1004.0,25.0,0.565748
1004.0,26.0,0.671657
1004.0,27.0,0.780323
1004.0,28.0,0.590491
1004.0,29.0,0.021646
1004.0,30.0,0.483777
1004.0,31.0,0.412591
1004.0,32.0,0.964468
1004.0,33.0,0.766394
1004.0,34.0,0.573557
1004.0,35.0,0.611387
1004.0,36.0,0.287862
1005.0,0.0,0.356591
1005.0,1.0,0.334988
1005.0,2.0,0.344571
1005.0,3.0,0.189546
1005.0,4.0,0.74626
1005.0,5.0,0.476076
1005.0,6.0,0.003842
1005.0,7.0,0.579626
1005.0,8.0,0.712741
1005.0,9.0,0.0
1005.0,10.0,0.992416
1005.0,11.0,0.566607
1005.0,12.0,0.793465
1005.0,13.0,0.66216
1005.0,14.0,0.170697
1005.0,15.0,0.995851
1005.0,16.0,0.488323
1005.0,17.0,0.019566
1005.0,18.0,0.024443
1005.0,19.0,0.640019
1005.0,20.0,0.353579
1005.0,21.0,0.496097
1005.0,22.0,0.86365
1005.0,23.0,0.99992
1005.0,24.0,0.837321
1005.0,25.0,0.570243
1005.0,26.0,0.705314
1005.0,27.0,0.782541
1005.0,28.0,0.605691
1005.0,29.0,0.022284
1005.0,30.0,0.5002
1005.0,31.0,0.413277
1005.0,32.0,0.965467
1005.0,33.0,0.767181
1005.0,34.0,0.575001
1005.0,35.0,0.612493
1005.0,36.0,0.289076
1006.0,0.0,0.352935
1006.0,1.0,0.332956
1006.0,2.0,0.341515
1006.0,3.0,0.18611
1006.0,4.0,0.739553
1006.0,5.0,0.467673
1006.0,6.0,0.003675
1006.0,7.0,0.572354
1006.0,8.0,0.711852
1006.0,9.0,0.0
1006.0,10.0,0.992401
1006.0,11.0,0.543851
1006.0,12.0,0.781535
1006.0,13.0,0.641906
1006.0,14.0,0.149201
1006.0,15.0,0.995565
1006.0,16.0,0.48561
1006.0,17.0,0.0187
1006.0,18.0,0.024198
1006.0,19.0,0.627557
1006.0,20.0,0.348828
1006.0,21.0,0.494903
1006.0,22.0,0.861606
1006.0,23.0,0.999898
1006.0,24.0,0.836915
1006.0,25.0,0.564493
1006.0,26.0,0.664774
1006.0,27.0,0.780547
1006.0,28.0,0.589317
1006.0,29.0,0.021518
1006.0,30.0,0.48296
1006.0,31.0,0.412695
1006.0,32.0,0.964763
1006.0,33.0,0.76709
1006.0,34.0,0.573309
1006.0,35.0,0.611013
1006.0,36.0,0.287281
1007.0,0.0,0.349179
1007.0,1.0,0.331035
1007.0,2.0,0.337258
1007.0,3.0,0.184126
1007.0,4.0,0.731809
1007.0,5.0,0.458413
1007.0,6.0,0.003528
1007.0,7.0,0.565236
1007.0,8.0,0.71128
1007.0,9.0,0.0
1007.0,10.0,0.992383
1007.0,11.0,0.52162
1007.0,12.0,0.768943
1007.0,13.0,0.62227
1007.0,14.0,0.130611
1007.0,15.0,0.99534
1007.0,16.0,0.482486
1007.0,17.0,0.017923
1007.0,18.0,0.023829
1007.0,19.0,0.615054
1007.0,20.0,0.344
1007.0,21.0,0.493919
1007.0,22.0,0.859107
1007.0,23.0,0.999897
1007.0,24.0,0.836638
1007.0,25.0,0.559043
1007.0,26.0,0.625625
1007.0,27.0,0.778547
1007.0,28.0,0.572582
1007.0,29.0,0.020617
1007.0,30.0,0.465529
1007.0,31.0,0.41174
1007.0,32.0,0.964267
1007.0,33.0,0.767004
1007.0,34.0,0.57136
1007.0,35.0,0.608853
1007.0,36.0,0.286573
1008.0,0.0,0.344628
1008.0,1.0,0.328523
1008.0,2.0,0.33437
1008.0,3.0,0.181542
1008.0,4.0,0.724634
1008.0,5.0,0.450507
1008.0,6.0,0.00345
1008.0,7.0,0.557359
1008.0,8.0,0.711096
1008.0,9.0,0.0
1008.0,10.0,0.992331
1008.0,11.0,0.498401
1008.0,12.0,0.75632
1008.0,13.0,0.602469
1008.0,14.0,0.114378
1008.0,15.0,0.995089
1008.0,16.0,0.478637
1008.0,17.0,0.01716
1008.0,18.0,0.023339
1008.0,19.0,0.602958
1008.0,20.0,0.339374
1008.0,21.0,0.492901
1008.0,22.0,0.857297
1008.0,23.0,0.999888
1008.0,24.0,0.836202
1008.0,25.0,0.552939
1008.0,26.0,0.586335
1008.0,27.0,0.776506
1008.0,28.0,0.555488
1008.0,29.0,0.01998
1008.0,30.0,0.448222
1008.0,31.0,0.410652
1008.0,32.0,0.963829
1008.0,33.0,0.766742
1008.0,34.0,0.570853
1008.0,35.0,0.606368
1008.0,36.0,0.284388
1009.0,0.0,0.340139
1009.0,1.0,0.326873
1009.0,2.0,0.33108
1009.0,3.0,0.179934
1009.0,4.0,0.717257
1009.0,5.0,0.442363
1009.0,6.0,0.003291
1009.0,7.0,0.550739
1009.0,8.0,0.710454
1009.0,9.0,0.0
1009.0,10.0,0.992175
1009.0,11.0,0.476052
1009.0,12.0,0.743788
1009.0,13.0,0.581771
1009.0,14.0,0.100061
1009.0,15.0,0.994839
1009.0,16.0,0.47595
1009.0,17.0,0.016435
1009.0,18.0,0.023086
1009.0,19.0,0.591533
1009.0,20.0,0.334965
1009.0,21.0,0.491935
1009.0,22.0,0.854817
1009.0,23.0,0.999859
1009.0,24.0,0.835555
1009.0,25.0,0.547781
1009.0,26.0,0.548582
1009.0,27.0,0.775191
1009.0,28.0,0.53834
1009.0,29.0,0.019607
1009.0,30.0,0.433104
1009.0,31.0,0.409713
1009.0,32.0,0.963248
1009.0,33.0,0.765711
1009.0,34.0,0.569442
1009.0,35.0,0.604856
1009.0,36.0,0.282855
1010.0,0.0,0.335707
1010.0,1.0,0.324948
1010.0,2.0,0.327541
1010.0,3.0,0.177873
1010.0,4.0,0.710804
1010.0,5.0,0.435102
1010.0,6.0,0.003187
1010.0,7.0,0.543439
1010.0,8.0,0.709599
1010.0,9.0,0.0
1010.0,10.0,0.991918
1010.0,11.0,0.453388
1010.0,12.0,0.731542
1010.0,13.0,0.562037
1010.0,14.0,0.08793
1010.0,15.0,0.994635
1010.0,16.0,0.473388
1010.0,17.0,0.015998
1010.0,18.0,0.022535
1010.0,19.0,0.580503
1010.0,20.0,0.330566
1010.0,21.0,0.491359
1010.0,22.0,0.852788
1010.0,23.0,0.99982
1010.0,24.0,0.834821
1010.0,25.0,0.541867
1010.0,26.0,0.513266
1010.0,27.0,0.773749
1010.0,28.0,0.521199
1010.0,29.0,0.019155
1010.0,30.0,0.418149
1010.0,31.0,0.408348
1010.0,32.0,0.962071
1010.0,33.0,0.765037
1010.0,34.0,0.568494
1010.0,35.0,0.60349
1010.0,36.0,0.281654
2000.0,0.0,0.33471
2000.0,1.0,0.315504
2000.0,2.0,0.332838
2000.0,3.0,0.060035
2000.0,4.0,0.714866
2000.0,5.0,0.437822
2000.0,6.0,0.000185
2000.0,7.0,0.551552
2000.0,8.0,0.735233
2000.0,9.0,0.0
2000.0,10.0,0.999758
2000.0,11.0,0.454646
2000.0,12.0,0.86652
2000.0,13.0,0.543813
2000.0,14.0,0.083007
2000.0,15.0,1.0
2000.0,16.0,0.446215
2000.0,17.0,0.00014
2000.0,18.0,0.001482
2000.0,19.0,0.577099
2000.0,20.0,0.306487
2000.0,21.0,0.482689
2000.0,22.0,0.869339
2000.0,23.0,1.0
2000.0,24.0,0.973164
2000.0,25.0,0.539564
2000.0,26.0,0.509804
2000.0,27.0,0.837175
2000.0,28.0,0.512191
2000.0,29.0,0.000785
2000.0,30.0,0.400594
2000.0,31.0,0.415944
2000.0,32.0,0.996419
2000.0,33.0,0.856137
2000.0,34.0,0.593478
2000.0,35.0,0.64617
2000.0,36.0,0.272081
2001.0,0.0,0.338371
2001.0,1.0,0.318668
2001.0,2.0,0.336405
2001.0,3.0,0.060744
2001.0,4.0,0.721933
2001.0,5.0,0.445559
2001.0,6.0,0.000212
2001.0,7.0,0.558741
2001.0,8.0,0.735833
2001.0,9.0,0.0
2001.0,10.0,0.999756
2001.0,11.0,0.479502
2001.0,12.0,0.875338
2001.0,13.0,0.567122
2001.0,14.0,0.096085
2001.0,15.0,1.0
2001.0,16.0,0.44832
2001.0,17.0,0.000149
2001.0,18.0,0.001589
2001.0,19.0,0.589926
2001.0,20.0,0.310428
2001.0,21.0,0.48354
2001.0,22.0,0.871008
2001.0,23.0,1.0
2001.0,24.0,0.973355
2001.0,25.0,0.545986
2001.0,26.0,0.552582
2001.0,27.0,0.838539
2001.0,28.0,0.532265
2001.0,29.0,0.000804
2001.0,30.0,0.417511
2001.0,31.0,0.41688
2001.0,32.0,0.996501
2001.0,33.0,0.856463
2001.0,34.0,0.595211
2001.0,35.0,0.647541
2001.0,36.0,0.272963
2002.0,0.0,0.342246
2002.0,1.0,0.322603
2002.0,2.0,0.33934
2002.0,3.0,0.062143
2002.0,4.0,0.729029
2002.0,5.0,0.452989
2002.0,6.0,0.000222
2002.0,7.0,0.56632
2002.0,8.0,0.737404
2002.0,9.0,0.0
2002.0,10.0,0.999773
2002.0,11.0,0.503172
2002.0,12.0,0.882876
2002.0,13.0,0.588115
2002.0,14.0,0.110881
2002.0,15.0,1.0
2002.0,16.0,0.449744
2002.0,17.0,0.000144
2002.0,18.0,0.001591
2002.0,19.0,0.601373
2002.0,20.0,0.314727
2002.0,21.0,0.484358
2002.0,22.0,0.873044
2002.0,23.0,1.0
2002.0,24.0,0.973499
2002.0,25.0,0.550565
2002.0,26.0,0.592936
2002.0,27.0,0.839704
2002.0,28.0,0.550074
2002.0,29.0,0.000814
2002.0,30.0,0.433878
2002.0,31.0,0.418519
2002.0,32.0,0.99655
2002.0,33.0,0.857396
2002.0,34.0,0.595691
2002.0,35.0,0.650017
2002.0,36.0,0.274816
2003.0,0.0,0.346035
2003.0,1.0,0.324255
2003.0,2.0,0.342172
2003.0,3.0,0.062929
2003.0,4.0,0.735681
2003.0,5.0,0.460538
2003.0,6.0,0.000253
2003.0,7.0,0.573721
2003.0,8.0,0.737903
2003.0,9.0,0.0
2003.0,10.0,0.999792
2003.0,11.0,0.526807
2003.0,12.0,0.890129
2003.0,13.0,0.608119
2003.0,14.0,0.127349
2003.0,15.0,1.0
2003.0,16.0,0.451997
2003.0,17.0,0.000164
2003.0,18.0,0.001535
2003.0,19.0,0.612528
2003.0,20.0,0.319232
2003.0,21.0,0.484039
2003.0,22.0,0.874397
2003.0,23.0,1.0
2003.0,24.0,0.973727
2003.0,25.0,0.556271
2003.0,26.0,0.63132
2003.0,27.0,0.841028
2003.0,28.0,0.567649
2003.0,29.0,0.000879
2003.0,30.0,0.45056
2003.0,31.0,0.420841
2003.0,32.0,0.996657
2003.0,33.0,0.858774
2003.0,34.0,0.596076
2003.0,35.0,0.651323
2003.0,36.0,0.276084
2004.0,0.0,0.350216
2004.0,1.0,0.326421
2004.0,2.0,0.345577
2004.0,3.0,0.064131
2004.0,4.0,0.742795
2004.0,5.0,0.469057
2004.0,6.0,0.000257
2004.0,7.0,0.580814
2004.0,8.0,0.738263
2004.0,9.0,0.0
2004.0,10.0,0.999801
2004.0,11.0,0.548261
2004.0,12.0,0.896796
2004.0,13.0,0.627349
2004.0,14.0,0.144723
2004.0,15.0,1.0
2004.0,16.0,0.454539
2004.0,17.0,0.000173
2004.0,18.0,0.001626
2004.0,19.0,0.623271
2004.0,20.0,0.323304
2004.0,21.0,0.483987
2004.0,22.0,0.87614
2004.0,23.0,1.0
2004.0,24.0,0.974156
2004.0,25.0,0.561512
2004.0,26.0,0.667206
2004.0,27.0,0.843005
2004.0,28.0,0.583892
2004.0,29.0,0.000915
2004.0,30.0,0.466689
2004.0,31.0,0.422782
2004.0,32.0,0.996789
2004.0,33.0,0.859515
2004.0,34.0,0.596036
2004.0,35.0,0.6521
2004.0,36.0,0.277297
2005.0,0.0,0.3547
2005.0,1.0,0.328359
2005.0,2.0,0.349134
2005.0,3.0,0.065096
2005.0,4.0,0.749219
2005.0,5.0,0.477092
2005.0,6.0,0.000288
2005.0,7.0,0.587287
2005.0,8.0,0.738242
2005.0,9.0,0.0
2005.0,10.0,0.999799
2005.0,11.0,0.56971
2005.0,12.0,0.903238
2005.0,13.0,0.64504
2005.0,14.0,0.163448
2005.0,15.0,1.0
2005.0,16.0,0.456495
2005.0,17.0,0.000171
2005.0,18.0,0.001609
2005.0,19.0,0.633355
2005.0,20.0,0.326774
2005.0,21.0,0.483833
2005.0,22.0,0.876862
2005.0,23.0,1.0
2005.0,24.0,0.974197
2005.0,25.0,0.56737
2005.0,26.0,0.701529
2005.0,27.0,0.844177
2005.0,28.0,0.600122
2005.0,29.0,0.000937
2005.0,30.0,0.483186
2005.0,31.0,0.424478
2005.0,32.0,0.996886
2005.0,33.0,0.859413
2005.0,34.0,0.59728
2005.0,35.0,0.653476
2005.0,36.0,0.278858
2006.0,0.0,0.351017
2006.0,1.0,0.326289
2006.0,2.0,0.345413
2006.0,3.0,0.063677
2006.0,4.0,0.741518
2006.0,5.0,0.468709
2006.0,6.0,0.000297
2006.0,7.0,0.5789
2006.0,8.0,0.737792
2006.0,9.0,0.0
2006.0,10.0,0.999786
2006.0,11.0,0.547022
2006.0,12.0,0.896845
2006.0,13.0,0.624563
2006.0,14.0,0.142973
2006.0,15.0,1.0
2006.0,16.0,0.454448
2006.0,17.0,0.000148
2006.0,18.0,0.001531
2006.0,19.0,0.621007
2006.0,20.0,0.322479
2006.0,21.0,0.483659
2006.0,22.0,0.874949
2006.0,23.0,1.0
2006.0,24.0,0.974017
2006.0,25.0,0.562288
2006.0,26.0,0.661726
2006.0,27.0,0.842299
2006.0,28.0,0.582792
2006.0,29.0,0.000907
2006.0,30.0,0.465479
2006.0,31.0,0.422977
2006.0,32.0,0.996853
2006.0,33.0,0.858011
2006.0,34.0,0.59643
2006.0,35.0,0.651405
2006.0,36.0,0.27665
2007.0,0.0,0.347572
2007.0,1.0,0.324009
2007.0,2.0,0.342069
2007.0,3.0,0.061815
2007.0,4.0,0.73479
2007.0,5.0,0.459925
2007.0,6.0,0.000303
2007.0,7.0,0.572517
2007.0,8.0,0.736946
2007.0,9.0,0.0
2007.0,10.0,0.999793
2007.0,11.0,0.524089
2007.0,12.0,0.889634
2007.0,13.0,0.604576
2007.0,14.0,0.125094
2007.0,15.0,1.0
2007.0,16.0,0.451821
2007.0,17.0,0.000168
2007.0,18.0,0.001504
2007.0,19.0,0.609027
2007.0,20.0,0.318589
2007.0,21.0,0.483689
2007.0,22.0,0.873573
2007.0,23.0,1.0
2007.0,24.0,0.97385
2007.0,25.0,0.556643
2007.0,26.0,0.622306
2007.0,27.0,0.84124
2007.0,28.0,0.565026
2007.0,29.0,0.000893
2007.0,30.0,0.447793
2007.0,31.0,0.422182
2007.0,32.0,0.996812
2007.0,33.0,0.857722
2007.0,34.0,0.595878
2007.0,35.0,0.649277
2007.0,36.0,0.275243
2008.0,0.0,0.344475
2008.0,1.0,0.321578
2008.0,2.0,0.338641
2008.0,3.0,0.061
2008.0,4.0,0.727504
2008.0,5.0,0.452497
2008.0,6.0,0.000277
2008.0,7.0,0.565454
2008.0,8.0,0.737024
2008.0,9.0,0.0
2008.0,10.0,0.999814
2008.0,11.0,0.502305
2008.0,12.0,0.882342
2008.0,13.0,0.583671
2008.0,14.0,0.108843
2008.0,15.0,1.0
2008.0,16.0,0.448853
2008.0,17.0,0.000126
2008.0,18.0,0.001483
2008.0,19.0,0.59854
2008.0,20.0,0.315189
2008.0,21.0,0.483224
2008.0,22.0,0.871469
2008.0,23.0,1.0
2008.0,24.0,0.973605
2008.0,25.0,0.551927
2008.0,26.0,0.583773
2008.0,27.0,0.839778
2008.0,28.0,0.546664
2008.0,29.0,0.000877
2008.0,30.0,0.432269
2008.0,31.0,0.420063
2008.0,32.0,0.996786
2008.0,33.0,0.856945
2008.0,34.0,0.594634
2008.0,35.0,0.649058
2008.0,36.0,0.272984
2009.0,0.0,0.340897
2009.0,1.0,0.319265
2009.0,2.0,0.335029
2009.0,3.0,0.060164
2009.0,4.0,0.720771
2009.0,5.0,0.444886
2009.0,6.0,0.000268
2009.0,7.0,0.558822
2009.0,8.0,0.736756
2009.0,9.0,0.0
2009.0,10.0,0.999802
2009.0,11.0,0.480125
2009.0,12.0,0.875174
2009.0,13.0,0.563207
2009.0,14.0,0.095516
2009.0,15.0,1.0
2009.0,16.0,0.446331
2009.0,17.0,0.000118
2009.0,18.0,0.001408
2009.0,19.0,0.58689
2009.0,20.0,0.310789
2009.0,21.0,0.482411
2009.0,22.0,0.869651
2009.0,23.0,1.0
2009.0,24.0,0.973263
2009.0,25.0,0.546807
2009.0,26.0,0.54554
2009.0,27.0,0.83836
2009.0,28.0,0.529408
2009.0,29.0,0.000795
2009.0,30.0,0.416535
2009.0,31.0,0.41825
2009.0,32.0,0.996705
2009.0,33.0,0.856089
2009.0,34.0,0.594134
2009.0,35.0,0.647716
2009.0,36.0,0.27036
2010.0,0.0,0.337189
2010.0,1.0,0.316548
2010.0,2.0,0.332395
2010.0,3.0,0.059432
2010.0,4.0,0.714087
2010.0,5.0,0.437428
2010.0,6.0,0.000226
2010.0,7.0,0.551516
2010.0,8.0,0.736222
2010.0,9.0,0.0
2010.0,10.0,0.99979
2010.0,11.0,0.45778
2010.0,12.0,0.867839
2010.0,13.0,0.544461
2010.0,14.0,0.083706
2010.0,15.0,1.0
2010.0,16.0,0.443408
2010.0,17.0,0.000111
2010.0,18.0,0.001427
2010.0,19.0,0.575398
2010.0,20.0,0.30628
2010.0,21.0,0.481862
2010.0,22.0,0.868012
2010.0,23.0,1.0
2010.0,24.0,0.972685
2010.0,25.0,0.540841
2010.0,26.0,0.509669
2010.0,27.0,0.837126
2010.0,28.0,0.512698
2010.0,29.0,0.000753
2010.0,30.0,0.401255
2010.0,31.0,0.416691
2010.0,32.0,0.996593
2010.0,33.0,0.855806
2010.0,34.0,0.593371
2010.0,35.0,0.646422
2010.0,36.0,0.26919
3000.0,0.0,0.330011
3000.0,1.0,0.31426
3000.0,2.0,0.329995
3000.0,3.0,0.016177
3000.0,4.0,0.717043
3000.0,5.0,0.441497
3000.0,6.0,0.0
3000.0,7.0,0.536202
3000.0,8.0,0.738482
3000.0,9.0,0.0
3000.0,10.0,1.0
3000.0,11.0,0.450917
3000.0,12.0,0.936773
3000.0,13.0,0.546821
3000.0,14.0,0.082567
3000.0,15.0,1.0
3000.0,16.0,0.40269
3000.0,17.0,0.0
3000.0,18.0,0.0
3000.0,19.0,0.571612
3000.0,20.0,0.308969
3000.0,21.0,0.484656
3000.0,22.0,0.855254
3000.0,23.0,1.0
3000.0,24.0,0.993985
3000.0,25.0,0.545877
3000.0,26.0,0.505289
3000.0,27.0,0.855151
3000.0,28.0,0.513859
3000.0,29.0,9.4e-05
3000.0,30.0,0.402562
3000.0,31.0,0.404535
3000.0,32.0,0.999248
3000.0,33.0,0.88717
3000.0,34.0,0.590135
3000.0,35.0,0.676518
3000.0,36.0,0.257646
3001.0,0.0,0.334946
3001.0,1.0,0.316702
3001.0,2.0,0.333305
3001.0,3.0,0.016315
3001.0,4.0,0.724517
3001.0,5.0,0.449166
3001.0,6.0,0.0
3001.0,7.0,0.544721
3001.0,8.0,0.738472
3001.0,9.0,0.0
3001.0,10.0,1.0
3001.0,11.0,0.476285
3001.0,12.0,0.941397
3001.0,13.0,0.569785
3001.0,14.0,0.095545
3001.0,15.0,1.0
3001.0,16.0,0.405243
3001.0,17.0,0.0
3001.0,18.0,0.0
3001.0,19.0,0.583151
3001.0,20.0,0.312728
3001.0,21.0,0.485961
3001.0,22.0,0.857434
3001.0,23.0,1.0
3001.0,24.0,0.9941
3001.0,25.0,0.551969
3001.0,26.0,0.547232
3001.0,27.0,0.856683
3001.0,28.0,0.533272
3001.0,29.0,7.8e-05
3001.0,30.0,0.419275
3001.0,31.0,0.406645
3001.0,32.0,0.999287
3001.0,33.0,0.88764
3001.0,34.0,0.591556
3001.0,35.0,0.677484
3001.0,36.0,0.259531
3002.0,0.0,0.33873
3002.0,1.0,0.318316
3002.0,2.0,0.337099
3002.0,3.0,0.016573
3002.0,4.0,0.731693
3002.0,5.0,0.457176
3002.0,6.0,0.0
3002.0,7.0,0.55178
3002.0,8.0,0.738358
3002.0,9.0,0.0
3002.0,10.0,1.0
3002.0,11.0,0.500227
3002.0,12.0,0.945388
3002.0,13.0,0.590899
3002.0,14.0,0.110225
3002.0,15.0,1.0
3002.0,16.0,0.408019
3002.0,17.0,0.0
3002.0,18.0,0.0
3002.0,19.0,0.595169
3002.0,20.0,0.318255
3002.0,21.0,0.486978
3002.0,22.0,0.859846
3002.0,23.0,1.0
3002.0,24.0,0.994115
3002.0,25.0,0.557929
3002.0,26.0,0.588572
3002.0,27.0,0.858104
3002.0,28.0,0.55258
3002.0,29.0,9.3e-05
3002.0,30.0,0.435674
3002.0,31.0,0.407426
3002.0,32.0,0.999312
3002.0,33.0,0.887822
3002.0,34.0,0.594009
3002.0,35.0,0.678618
3002.0,36.0,0.261831
3003.0,0.0,0.343086
3003.0,1.0,0.320629
3003.0,2.0,0.341024
3003.0,3.0,0.016771
3003.0,4.0,0.738178
3003.0,5.0,0.465373
3003.0,6.0,0.0
3003.0,7.0,0.558343
3003.0,8.0,0.739238
3003.0,9.0,0.0
3003.0,10.0,1.0
3003.0,11.0,0.522801
3003.0,12.0,0.949179
3003.0,13.0,0.610921
3003.0,14.0,0.125889
3003.0,15.0,1.0
3003.0,16.0,0.409869
3003.0,17.0,0.0
3003.0,18.0,0.0
3003.0,19.0,0.606653
3003.0,20.0,0.322321
3003.0,21.0,0.48712
3003.0,22.0,0.8615
3003.0,23.0,1.0
3003.0,24.0,0.994286
3003.0,25.0,0.56304
3003.0,26.0,0.626461
3003.0,27.0,0.859438
3003.0,28.0,0.570008
3003.0,29.0,9.1e-05
3003.0,30.0,0.454206
3003.0,31.0,0.408262
3003.0,32.0,0.999341
3003.0,33.0,0.888245
3003.0,34.0,0.596104
3003.0,35.0,0.679663
3003.0,36.0,0.263335
3004.0,0.0,0.347399
3004.0,1.0,0.323115
3004.0,2.0,0.344389
3004.0,3.0,0.016965
3004.0,4.0,0.745029
3004.0,5.0,0.47256
3004.0,6.0,0.0
3004.0,7.0,0.565749
3004.0,8.0,0.739085
3004.0,9.0,0.0
3004.0,10.0,1.0
3004.0,11.0,0.544132
3004.0,12.0,0.952105
3004.0,13.0,0.629889
3004.0,14.0,0.143259
3004.0,15.0,1.0
3004.0,16.0,0.412861
3004.0,17.0,0.0
3004.0,18.0,0.0
3004.0,19.0,0.617065
3004.0,20.0,0.327063
3004.0,21.0,0.488248
3004.0,22.0,0.863307
3004.0,23.0,1.0
3004.0,24.0,0.99424
3004.0,25.0,0.567179
3004.0,26.0,0.662227
3004.0,27.0,0.860402
3004.0,28.0,0.586247
3004.0,29.0,8.9e-05
3004.0,30.0,0.470927
3004.0,31.0,0.409949
3004.0,32.0,0.999348
3004.0,33.0,0.889177
3004.0,34.0,0.597193
3004.0,35.0,0.681739
3004.0,36.0,0.264044
3005.0,0.0,0.351682
3005.0,1.0,0.325826
3005.0,2.0,0.347941
3005.0,3.0,0.017342
3005.0,4.0,0.751415
3005.0,5.0,0.479515
3005.0,6.0,0.0
3005.0,7.0,0.57259
3005.0,8.0,0.739789
3005.0,9.0,0.0
3005.0,10.0,1.0
3005.0,11.0,0.564893
3005.0,12.0,0.955255
3005.0,13.0,0.647978
3005.0,14.0,0.161908
3005.0,15.0,1.0
3005.0,16.0,0.414661
3005.0,17.0,0.0
3005.0,18.0,0.0
3005.0,19.0,0.627287
3005.0,20.0,0.331209
3005.0,21.0,0.488622
3005.0,22.0,0.865007
3005.0,23.0,1.0
3005.0,24.0,0.994281
3005.0,25.0,0.572203
3005.0,26.0,0.69709
3005.0,27.0,0.861655
3005.0,28.0,0.601245
3005.0,29.0,9.0e-05
3005.0,30.0,0.487195
3005.0,31.0,0.411649
3005.0,32.0,0.999339
3005.0,33.0,0.88946
3005.0,34.0,0.5992
3005.0,35.0,0.683022
3005.0,36.0,0.265321
3006.0,0.0,0.346733
3006.0,1.0,0.322851
3006.0,2.0,0.344372
3006.0,3.0,0.016999
3006.0,4.0,0.744188
3006.0,5.0,0.470961
3006.0,6.0,0.0
3006.0,7.0,0.565783
3006.0,8.0,0.738549
3006.0,9.0,0.0
3006.0,10.0,1.0
3006.0,11.0,0.541245
3006.0,12.0,0.95171
3006.0,13.0,0.62761
3006.0,14.0,0.140971
3006.0,15.0,1.0
3006.0,16.0,0.411688
3006.0,17.0,0.0
3006.0,18.0,0.0
3006.0,19.0,0.615122
3006.0,20.0,0.327776
3006.0,21.0,0.48744
3006.0,22.0,0.862939
3006.0,23.0,1.0
3006.0,24.0,0.994306
3006.0,25.0,0.566088
3006.0,26.0,0.656632
3006.0,27.0,0.860005
3006.0,28.0,0.583728
3006.0,29.0,7.4e-05
3006.0,30.0,0.469018
3006.0,31.0,0.409933
3006.0,32.0,0.999333
3006.0,33.0,0.889181
3006.0,34.0,0.598165
3006.0,35.0,0.681646
3006.0,36.0,0.26338
3007.0,0.0,0.342809
3007.0,1.0,0.320953
3007.0,2.0,0.341505
3007.0,3.0,0.016838
3007.0,4.0,0.73673
3007.0,5.0,0.462845
3007.0,6.0,0.0
3007.0,7.0,0.558268
3007.0,8.0,0.738377
3007.0,9.0,0.0
3007.0,10.0,1.0
3007.0,11.0,0.518848
3007.0,12.0,0.948285
3007.0,13.0,0.607344
3007.0,14.0,0.123468
3007.0,15.0,1.0
3007.0,16.0,0.408828
3007.0,17.0,0.0
3007.0,18.0,0.0
3007.0,19.0,0.603632
3007.0,20.0,0.323509
3007.0,21.0,0.487233
3007.0,22.0,0.86104
3007.0,23.0,1.0
3007.0,24.0,0.994214
3007.0,25.0,0.561646
3007.0,26.0,0.617191
3007.0,27.0,0.858357
3007.0,28.0,0.566133
3007.0,29.0,8.0e-05
3007.0,30.0,0.451607
3007.0,31.0,0.407937
3007.0,32.0,0.999324
3007.0,33.0,0.888068
3007.0,34.0,0.59693
3007.0,35.0,0.680686
3007.0,36.0,0.2611
3008.0,0.0,0.338828
3008.0,1.0,0.318831
3008.0,2.0,0.337813
3008.0,3.0,0.016595
3008.0,4.0,0.729544
3008.0,5.0,0.454837
3008.0,6.0,0.0
3008.0,7.0,0.5512
3008.0,8.0,0.737391
3008.0,9.0,0.0
3008.0,10.0,1.0
3008.0,11.0,0.496371
3008.0,12.0,0.944706
3008.0,13.0,0.586775
3008.0,14.0,0.10793
3008.0,15.0,1.0
3008.0,16.0,0.406457
3008.0,17.0,0.0
3008.0,18.0,0.0
3008.0,19.0,0.592875
3008.0,20.0,0.31952
3008.0,21.0,0.486683
3008.0,22.0,0.859167
3008.0,23.0,1.0
3008.0,24.0,0.994235
3008.0,25.0,0.556579
3008.0,26.0,0.577684
3008.0,27.0,0.857892
3008.0,28.0,0.548815
3008.0,29.0,7.4e-05
3008.0,30.0,0.435609
3008.0,31.0,0.406476
3008.0,32.0,0.999319
3008.0,33.0,0.887395
3008.0,34.0,0.595945
3008.0,35.0,0.679018
3008.0,36.0,0.259893
3009.0,0.0,0.334122
3009.0,1.0,0.31671
3009.0,2.0,0.33366
3009.0,3.0,0.016268
3009.0,4.0,0.722639
3009.0,5.0,0.448107
3009.0,6.0,0.0
3009.0,7.0,0.54317
3009.0,8.0,0.736795
3009.0,9.0,0.0
3009.0,10.0,1.0
3009.0,11.0,0.473204
3009.0,12.0,0.940045
3009.0,13.0,0.566697
3009.0,14.0,0.094452
3009.0,15.0,1.0
3009.0,16.0,0.403749
3009.0,17.0,0.0
3009.0,18.0,0.0
3009.0,19.0,0.580682
3009.0,20.0,0.315794
3009.0,21.0,0.486451
3009.0,22.0,0.856937
3009.0,23.0,1.0
3009.0,24.0,0.994267
3009.0,25.0,0.551341
3009.0,26.0,0.540075
3009.0,27.0,0.856554
3009.0,28.0,0.530815
3009.0,29.0,7.9e-05
3009.0,30.0,0.419826
3009.0,31.0,0.404591
3009.0,32.0,0.999283
3009.0,33.0,0.886852
3009.0,34.0,0.594962
3009.0,35.0,0.678052
3009.0,36.0,0.259115
3010.0,0.0,0.330048
3010.0,1.0,0.313982
3010.0,2.0,0.329955
3010.0,3.0,0.015977
3010.0,4.0,0.715848
3010.0,5.0,0.440375
3010.0,6.0,0.0
3010.0,7.0,0.535628
3010.0,8.0,0.737358
3010.0,9.0,0.0
3010.0,10.0,1.0
3010.0,11.0,0.450143
3010.0,12.0,0.935794
3010.0,13.0,0.546354
3010.0,14.0,0.082465
3010.0,15.0,1.0
3010.0,16.0,0.400707
3010.0,17.0,0.0
3010.0,18.0,0.0
3010.0,19.0,0.570206
3010.0,20.0,0.310519
3010.0,21.0,0.485879
3010.0,22.0,0.855097
3010.0,23.0,1.0
3010.0,24.0,0.994226
3010.0,25.0,0.546461
3010.0,26.0,0.503675
3010.0,27.0,0.854913
3010.0,28.0,0.511868
3010.0,29.0,7.5e-05
3010.0,30.0,0.403838
3010.0,31.0,0.402254
3010.0,32.0,0.999284
3010.0,33.0,0.886439
3010.0,34.0,0.594011
3010.0,35.0,0.676293
3010.0,36.0,0.257025
4000.0,0.0,0.330931
4000.0,1.0,0.320775
4000.0,2.0,0.328804
4000.0,3.0,0.004698
4000.0,4.0,0.696203
4000.0,5.0,0.428977
4000.0,6.0,0.0
4000.0,7.0,0.532871
4000.0,8.0,0.732604
4000.0,9.0,0.0
4000.0,10.0,1.0
4000.0,11.0,0.447049
4000.0,12.0,0.968274
4000.0,13.0,0.548657
4000.0,14.0,0.082706
4000.0,15.0,1.0
4000.0,16.0,0.362212
4000.0,17.0,0.0
4000.0,18.0,0.0
4000.0,19.0,0.574411
4000.0,20.0,0.292647
4000.0,21.0,0.47057
4000.0,22.0,0.854481
4000.0,23.0,1.0
4000.0,24.0,0.99804
4000.0,25.0,0.538941
4000.0,26.0,0.504988
4000.0,27.0,0.87795
4000.0,28.0,0.515389
4000.0,29.0,0.0
4000.0,30.0,0.399934
4000.0,31.0,0.404982
4000.0,32.0,1.0
4000.0,33.0,0.916674
4000.0,34.0,0.585391
4000.0,35.0,0.721383
4000.0,36.0,0.250755
4001.0,0.0,0.335473
4001.0,1.0,0.323164
4001.0,2.0,0.332632
4001.0,3.0,0.004791
4001.0,4.0,0.704206
4001.0,5.0,0.437559
4001.0,6.0,0.0
4001.0,7.0,0.541846
4001.0,8.0,0.733355
4001.0,9.0,0.0
4001.0,10.0,1.0
4001.0,11.0,0.470919
4001.0,12.0,0.970617
4001.0,13.0,0.571572
4001.0,14.0,0.096153
4001.0,15.0,1.0
4001.0,16.0,0.364444
4001.0,17.0,0.0
4001.0,18.0,0.0
4001.0,19.0,0.58671
4001.0,20.0,0.297449
4001.0,21.0,0.472215
4001.0,22.0,0.856213
4001.0,23.0,1.0
4001.0,24.0,0.998036
4001.0,25.0,0.54527
4001.0,26.0,0.5472
4001.0,27.0,0.8784
4001.0,28.0,0.53559
4001.0,29.0,0.0
4001.0,30.0,0.417085
4001.0,31.0,0.40734
4001.0,32.0,1.0
4001.0,33.0,0.917176
4001.0,34.0,0.586436
4001.0,35.0,0.722951
4001.0,36.0,0.252682
4002.0,0.0,0.340277
4002.0,1.0,0.325469
4002.0,2.0,0.336702
4002.0,3.0,0.004849
4002.0,4.0,0.711527
4002.0,5.0,0.445217
4002.0,6.0,0.0
4002.0,7.0,0.550256
4002.0,8.0,0.734671
4002.0,9.0,0.0
4002.0,10.0,1.0
4002.0,11.0,0.49511
4002.0,12.0,0.97304
4002.0,13.0,0.59307
4002.0,14.0,0.110502
4002.0,15.0,1.0
4002.0,16.0,0.365968
4002.0,17.0,0.0
4002.0,18.0,0.0
4002.0,19.0,0.598089
4002.0,20.0,0.301387
4002.0,21.0,0.472798
4002.0,22.0,0.858397
4002.0,23.0,1.0
4002.0,24.0,0.998023
4002.0,25.0,0.551743
4002.0,26.0,0.587114
4002.0,27.0,0.879341
4002.0,28.0,0.553598
4002.0,29.0,0.0
4002.0,30.0,0.433183
4002.0,31.0,0.409651
4002.0,32.0,1.0
4002.0,33.0,0.917752
4002.0,34.0,0.586442
4002.0,35.0,0.724204
4002.0,36.0,0.25397
4003.0,0.0,0.345541
4003.0,1.0,0.327418
4003.0,2.0,0.340075
4003.0,3.0,0.004859
4003.0,4.0,0.718415
4003.0,5.0,0.453512
4003.0,6.0,0.0
4003.0,7.0,0.557423
4003.0,8.0,0.735761
4003.0,9.0,0.0
4003.0,10.0,1.0
4003.0,11.0,0.517748
4003.0,12.0,0.975231
4003.0,13.0,0.613455
4003.0,14.0,0.126556
4003.0,15.0,1.0
4003.0,16.0,0.368776
4003.0,17.0,0.0
4003.0,18.0,0.0
4003.0,19.0,0.609371
4003.0,20.0,0.305791
4003.0,21.0,0.474077
4003.0,22.0,0.860474
4003.0,23.0,1.0
4003.0,24.0,0.998196
4003.0,25.0,0.555699
4003.0,26.0,0.626198
4003.0,27.0,0.881042
4003.0,28.0,0.570676
4003.0,29.0,0.0
4003.0,30.0,0.449209
4003.0,31.0,0.412363
4003.0,32.0,1.0
4003.0,33.0,0.918158
4003.0,34.0,0.587706
4003.0,35.0,0.725553
4003.0,36.0,0.256028
4004.0,0.0,0.35029
4004.0,1.0,0.330267
4004.0,2.0,0.343221
4004.0,3.0,0.004836
4004.0,4.0,0.72585
4004.0,5.0,0.461404
4004.0,6.0,0.0
4004.0,7.0,0.563543
4004.0,8.0,0.736892
4004.0,9.0,0.0
4004.0,10.0,1.0
4004.0,11.0,0.540077
4004.0,12.0,0.976892
4004.0,13.0,0.631797
4004.0,14.0,0.143816
4004.0,15.0,1.0
4004.0,16.0,0.371167
4004.0,17.0,0.0
4004.0,18.0,0.0
4004.0,19.0,0.620212
4004.0,20.0,0.309109
4004.0,21.0,0.474082
4004.0,22.0,0.862539
4004.0,23.0,1.0
4004.0,24.0,0.998257
4004.0,25.0,0.560837
4004.0,26.0,0.663363
4004.0,27.0,0.882297
4004.0,28.0,0.587178
4004.0,29.0,0.0
4004.0,30.0,0.465302
4004.0,31.0,0.41462
4004.0,32.0,1.0
4004.0,33.0,0.918599
4004.0,34.0,0.588628
4004.0,35.0,0.726863
4004.0,36.0,0.257975
4005.0,0.0,0.354777
4005.0,1.0,0.332674
4005.0,2.0,0.347239
4005.0,3.0,0.004934
4005.0,4.0,0.732213
4005.0,5.0,0.468994
4005.0,6.0,0.0
4005.0,7.0,0.570436
4005.0,8.0,0.737361
4005.0,9.0,0.0
4005.0,10.0,1.0
4005.0,11.0,0.56009
4005.0,12.0,0.978603
4005.0,13.0,0.648811
4005.0,14.0,0.162886
4005.0,15.0,1.0
4005.0,16.0,0.372222
4005.0,17.0,0.0
4005.0,18.0,0.0
4005.0,19.0,0.630909
4005.0,20.0,0.313581
4005.0,21.0,0.475142
4005.0,22.0,0.863889
4005.0,23.0,1.0
4005.0,24.0,0.998238
4005.0,25.0,0.565589
4005.0,26.0,0.696613
4005.0,27.0,0.883825
4005.0,28.0,0.602407
4005.0,29.0,0.0
4005.0,30.0,0.482098
4005.0,31.0,0.417125
4005.0,32.0,1.0
4005.0,33.0,0.919102
4005.0,34.0,0.589234
4005.0,35.0,0.727894
4005.0,36.0,0.259867
4006.0,0.0,0.350089
4006.0,1.0,0.330219
4006.0,2.0,0.343375
4006.0,3.0,0.004878
4006.0,4.0,0.725017
4006.0,5.0,0.461286
4006.0,6.0,0.0
4006.0,7.0,0.563297
4006.0,8.0,0.736592
4006.0,9.0,0.0
4006.0,10.0,1.0
4006.0,11.0,0.536543
4006.0,12.0,0.976877
4006.0,13.0,0.628358
4006.0,14.0,0.14186
4006.0,15.0,1.0
4006.0,16.0,0.370755
4006.0,17.0,0.0
4006.0,18.0,0.0
4006.0,19.0,0.618136
4006.0,20.0,0.309474
4006.0,21.0,0.473784
4006.0,22.0,0.86178
4006.0,23.0,1.0
4006.0,24.0,0.998215
4006.0,25.0,0.560766
4006.0,26.0,0.655894
4006.0,27.0,0.882327
4006.0,28.0,0.58582
4006.0,29.0,0.0
4006.0,30.0,0.464309
4006.0,31.0,0.41531
4006.0,32.0,1.0
4006.0,33.0,0.91927
4006.0,34.0,0.589295
4006.0,35.0,0.726111
4006.0,36.0,0.257585
4007.0,0.0,0.345221
4007.0,1.0,0.327543
4007.0,2.0,0.339211
4007.0,3.0,0.004845
4007.0,4.0,0.718268
4007.0,5.0,0.45248
4007.0,6.0,0.0
4007.0,7.0,0.556434
4007.0,8.0,0.737057
4007.0,9.0,0.0
4007.0,10.0,1.0
4007.0,11.0,0.51369
4007.0,12.0,0.975019
4007.0,13.0,0.609011
4007.0,14.0,0.124122
4007.0,15.0,1.0
4007.0,16.0,0.368331
4007.0,17.0,0.0
4007.0,18.0,0.0
4007.0,19.0,0.606031
4007.0,20.0,0.305505
4007.0,21.0,0.473265
4007.0,22.0,0.859494
4007.0,23.0,1.0
4007.0,24.0,0.998189
4007.0,25.0,0.55503
4007.0,26.0,0.61494
4007.0,27.0,0.881243
4007.0,28.0,0.567859
4007.0,29.0,0.0
4007.0,30.0,0.447056
4007.0,31.0,0.413398
4007.0,32.0,1.0
4007.0,33.0,0.919107
4007.0,34.0,0.589176
4007.0,35.0,0.725029
4007.0,36.0,0.255298
4008.0,0.0,0.340149
4008.0,1.0,0.325219
4008.0,2.0,0.33579
4008.0,3.0,0.004766
4008.0,4.0,0.711544
4008.0,5.0,0.444478
4008.0,6.0,0.0
4008.0,7.0,0.549027
4008.0,8.0,0.737024
4008.0,9.0,0.0
4008.0,10.0,1.0
4008.0,11.0,0.491233
4008.0,12.0,0.973152
4008.0,13.0,0.588104
4008.0,14.0,0.108137
4008.0,15.0,1.0
4008.0,16.0,0.365734
4008.0,17.0,0.0
4008.0,18.0,0.0
4008.0,19.0,0.595141
4008.0,20.0,0.301282
4008.0,21.0,0.472255
4008.0,22.0,0.857402
4008.0,23.0,1.0
4008.0,24.0,0.998169
4008.0,25.0,0.549926
4008.0,26.0,0.575834
4008.0,27.0,0.880393
4008.0,28.0,0.549825
4008.0,29.0,0.0
4008.0,30.0,0.431011
4008.0,31.0,0.411355
4008.0,32.0,1.0
4008.0,33.0,0.918791
4008.0,34.0,0.588143
4008.0,35.0,0.724306
4008.0,36.0,0.253188
4009.0,0.0,0.335818
4009.0,1.0,0.322702
4009.0,2.0,0.332208
4009.0,3.0,0.004655
4009.0,4.0,0.703953
4009.0,5.0,0.437722
4009.0,6.0,0.0
4009.0,7.0,0.542202
4009.0,8.0,0.736825
4009.0,9.0,0.0
4009.0,10.0,1.0
4009.0,11.0,0.467965
4009.0,12.0,0.971202
4009.0,13.0,0.568033
4009.0,14.0,0.094935
4009.0,15.0,1.0
4009.0,16.0,0.363392
4009.0,17.0,0.0
4009.0,18.0,0.0
4009.0,19.0,0.584169
4009.0,20.0,0.297001
4009.0,21.0,0.471819
4009.0,22.0,0.855178
4009.0,23.0,1.0
4009.0,24.0,0.998182
4009.0,25.0,0.545123
4009.0,26.0,0.538423
4009.0,27.0,0.878562
4009.0,28.0,0.532174
4009.0,29.0,0.0
4009.0,30.0,0.415224
4009.0,31.0,0.409936
4009.0,32.0,1.0
4009.0,33.0,0.91845
4009.0,34.0,0.586686
4009.0,35.0,0.722621
4009.0,36.0,0.251199
4010.0,0.0,0.331112
4010.0,1.0,0.320958
4010.0,2.0,0.328134
4010.0,3.0,0.004478
4010.0,4.0,0.697219
4010.0,5.0,0.430369
4010.0,6.0,0.0
4010.0,7.0,0.535604
4010.0,8.0,0.736267
4010.0,9.0,0.0
4010.0,10.0,1.0
4010.0,11.0,0.445074
4010.0,12.0,0.969075
4010.0,13.0,0.548578
4010.0,14.0,0.082863
4010.0,15.0,1.0
4010.0,16.0,0.362103
4010.0,17.0,0.0
4010.0,18.0,0.0
4010.0,19.0,0.572802
4010.0,20.0,0.29345
4010.0,21.0,0.47125
4010.0,22.0,0.85317
4010.0,23.0,1.0
4010.0,24.0,0.99818
4010.0,25.0,0.54089
4010.0,26.0,0.502576
4010.0,27.0,0.87761
4010.0,28.0,0.515178
4010.0,29.0,0.0
4010.0,30.0,0.400407
4010.0,31.0,0.408995
4010.0,32.0,1.0
4010.0,33.0,0.918316
4010.0,34.0,0.585487
4010.0,35.0,0.721763
4010.0,36.0,0.250422
5000.0,0.0,0.322496
5000.0,1.0,0.315315
5000.0,2.0,0.330488
5000.0,3.0,0.001849
5000.0,4.0,0.693664
5000.0,5.0,0.432162
5000.0,6.0,0.0
5000.0,7.0,0.533267
5000.0,8.0,0.750955
5000.0,9.0,0.0
5000.0,10.0,1.0
5000.0,11.0,0.448771
5000.0,12.0,0.987916
5000.0,13.0,0.551099
5000.0,14.0,0.080083
5000.0,15.0,1.0
5000.0,16.0,0.363454
5000.0,17.0,0.0
5000.0,18.0,0.0
5000.0,19.0,0.575949
5000.0,20.0,0.298139
5000.0,21.0,0.469647
5000.0,22.0,0.858453
5000.0,23.0,1.0
5000.0,24.0,1.0
5000.0,25.0,0.534865
5000.0,26.0,0.503279
5000.0,27.0,0.881857
5000.0,28.0,0.508995
5000.0,29.0,0.0
5000.0,30.0,0.396662
5000.0,31.0,0.406631
5000.0,32.0,1.0
5000.0,33.0,0.932
5000.0,34.0,0.583041
5000.0,35.0,0.707211
5000.0,36.0,0.249759
5001.0,0.0,0.326242
5001.0,1.0,0.318406
5001.0,2.0,0.334882
5001.0,3.0,0.001866
5001.0,4.0,0.701891
5001.0,5.0,0.441086
5001.0,6.0,0.0
5001.0,7.0,0.540997
5001.0,8.0,0.751524
5001.0,9.0,0.0
5001.0,10.0,1.0
5001.0,11.0,0.473164
5001.0,12.0,0.988988
5001.0,13.0,0.573938
5001.0,14.0,0.092853
5001.0,15.0,1.0
5001.0,16.0,0.366757
5001.0,17.0,0.0
5001.0,18.0,0.0
5001.0,19.0,0.588566
5001.0,20.0,0.302802
5001.0,21.0,0.470585
5001.0,22.0,0.860486
5001.0,23.0,1.0
5001.0,24.0,1.0
5001.0,25.0,0.541418
5001.0,26.0,0.545632
5001.0,27.0,0.883435
5001.0,28.0,0.528657
5001.0,29.0,0.0
5001.0,30.0,0.413258
5001.0,31.0,0.40931
5001.0,32.0,1.0
5001.0,33.0,0.932169
5001.0,34.0,0.584315
5001.0,35.0,0.708285
5001.0,36.0,0.250936
5002.0,0.0,0.331506
5002.0,1.0,0.320077
5002.0,2.0,0.338234
5002.0,3.0,0.00187
5002.0,4.0,0.7091
5002.0,5.0,0.44819
5002.0,6.0,0.0
5002.0,7.0,0.549582
5002.0,8.0,0.751444
5002.0,9.0,0.0
5002.0,10.0,1.0
5002.0,11.0,0.498286
5002.0,12.0,0.989856
5002.0,13.0,0.595731
5002.0,14.0,0.107179
5002.0,15.0,1.0
5002.0,16.0,0.369201
5002.0,17.0,0.0
5002.0,18.0,0.0
5002.0,19.0,0.600242
5002.0,20.0,0.307162
5002.0,21.0,0.471918
5002.0,22.0,0.861952
5002.0,23.0,1.0
5002.0,24.0,1.0
5002.0,25.0,0.547486
5002.0,26.0,0.586848
5002.0,27.0,0.884424
5002.0,28.0,0.547286
5002.0,29.0,0.0
5002.0,30.0,0.429423
5002.0,31.0,0.411016
5002.0,32.0,1.0
5002.0,33.0,0.932426
5002.0,34.0,0.58527
5002.0,35.0,0.708707
5002.0,36.0,0.253274
5003.0,0.0,0.336169
5003.0,1.0,0.322818
5003.0,2.0,0.3418
5003.0,3.0,0.001939
5003.0,4.0,0.716526
5003.0,5.0,0.456326
5003.0,6.0,0.0
5003.0,7.0,0.556736
5003.0,8.0,0.751364
5003.0,9.0,0.0
5003.0,10.0,1.0
5003.0,11.0,0.521778
5003.0,12.0,0.990774
5003.0,13.0,0.614925
5003.0,14.0,0.122491
5003.0,15.0,1.0
5003.0,16.0,0.372026
5003.0,17.0,0.0
5003.0,18.0,0.0
5003.0,19.0,0.611938
5003.0,20.0,0.310929
5003.0,21.0,0.472908
5003.0,22.0,0.863925
5003.0,23.0,1.0
5003.0,24.0,1.0
5003.0,25.0,0.553248
5003.0,26.0,0.625276
5003.0,27.0,0.885623
5003.0,28.0,0.565044
5003.0,29.0,0.0
5003.0,30.0,0.445736
5003.0,31.0,0.412512
5003.0,32.0,1.0
5003.0,33.0,0.932432
5003.0,34.0,0.586502
5003.0,35.0,0.709358
5003.0,36.0,0.255255
5004.0,0.0,0.340395
5004.0,1.0,0.326096
5004.0,2.0,0.344655
5004.0,3.0,0.001928
5004.0,4.0,0.723773
5004.0,5.0,0.464046
5004.0,6.0,0.0
5004.0,7.0,0.564671
5004.0,8.0,0.751581
5004.0,9.0,0.0
5004.0,10.0,1.0
5004.0,11.0,0.543654
5004.0,12.0,0.991545
5004.0,13.0,0.633455
5004.0,14.0,0.13904
5004.0,15.0,1.0
5004.0,16.0,0.374796
5004.0,17.0,0.0
5004.0,18.0,0.0
5004.0,19.0,0.622948
5004.0,20.0,0.315136
5004.0,21.0,0.473235
5004.0,22.0,0.866228
5004.0,23.0,1.0
5004.0,24.0,1.0
5004.0,25.0,0.559074
5004.0,26.0,0.661071
5004.0,27.0,0.887022
5004.0,28.0,0.581853
5004.0,29.0,0.0
5004.0,30.0,0.462251
5004.0,31.0,0.413906
5004.0,32.0,1.0
5004.0,33.0,0.932886
5004.0,34.0,0.587847
5004.0,35.0,0.710332
5004.0,36.0,0.256693
5005.0,0.0,0.344824
5005.0,1.0,0.328489
5005.0,2.0,0.348365
5005.0,3.0,0.001879
5005.0,4.0,0.730995
5005.0,5.0,0.471267
5005.0,6.0,0.0
5005.0,7.0,0.571107
5005.0,8.0,0.752823
5005.0,9.0,0.0
5005.0,10.0,1.0
5005.0,11.0,0.564984
5005.0,12.0,0.992265
5005.0,13.0,0.650478
5005.0,14.0,0.157389
5005.0,15.0,1.0
5005.0,16.0,0.376867
5005.0,17.0,0.0
5005.0,18.0,0.0
5005.0,19.0,0.634562
5005.0,20.0,0.319183
5005.0,21.0,0.473022
5005.0,22.0,0.868173
5005.0,23.0,1.0
5005.0,24.0,1.0
5005.0,25.0,0.564572
5005.0,26.0,0.695562
5005.0,27.0,0.887988
5005.0,28.0,0.598323
5005.0,29.0,0.0
5005.0,30.0,0.47832
5005.0,31.0,0.415469
5005.0,32.0,1.0
5005.0,33.0,0.933638
5005.0,34.0,0.588581
5005.0,35.0,0.712008
5005.0,36.0,0.258457
5006.0,0.0,0.339981
5006.0,1.0,0.325368
5006.0,2.0,0.343782
5006.0,3.0,0.001907
5006.0,4.0,0.723145
5006.0,5.0,0.462479
5006.0,6.0,0.0
5006.0,7.0,0.563498
5006.0,8.0,0.752182
5006.0,9.0,0.0
5006.0,10.0,1.0
5006.0,11.0,0.541241
5006.0,12.0,0.99143
5006.0,13.0,0.630089
5006.0,14.0,0.136734
5006.0,15.0,1.0
5006.0,16.0,0.37449
5006.0,17.0,0.0
5006.0,18.0,0.0
5006.0,19.0,0.623163
5006.0,20.0,0.313929
5006.0,21.0,0.472579
5006.0,22.0,0.866314
5006.0,23.0,1.0
5006.0,24.0,1.0
5006.0,25.0,0.559123
5006.0,26.0,0.654463
5006.0,27.0,0.886873
5006.0,28.0,0.579361
5006.0,29.0,0.0
5006.0,30.0,0.459586
5006.0,31.0,0.413873
5006.0,32.0,1.0
5006.0,33.0,0.933275
5006.0,34.0,0.587092
5006.0,35.0,0.710955
5006.0,36.0,0.255754
5007.0,0.0,0.336189
5007.0,1.0,0.322194
5007.0,2.0,0.340605
5007.0,3.0,0.001884
5007.0,4.0,0.715266
5007.0,5.0,0.45425
5007.0,6.0,0.0
5007.0,7.0,0.556906
5007.0,8.0,0.751646
5007.0,9.0,0.0
5007.0,10.0,1.0
5007.0,11.0,0.517896
5007.0,12.0,0.990784
5007.0,13.0,0.60903
5007.0,14.0,0.119387
5007.0,15.0,1.0
5007.0,16.0,0.372318
5007.0,17.0,0.0
5007.0,18.0,0.0
5007.0,19.0,0.610582
5007.0,20.0,0.308929
5007.0,21.0,0.471783
5007.0,22.0,0.864814
5007.0,23.0,1.0
5007.0,24.0,1.0
5007.0,25.0,0.553505
5007.0,26.0,0.614389
5007.0,27.0,0.885349
5007.0,28.0,0.562052
5007.0,29.0,0.0
5007.0,30.0,0.443173
5007.0,31.0,0.411439
5007.0,32.0,1.0
5007.0,33.0,0.933301
5007.0,34.0,0.586058
5007.0,35.0,0.709815
5007.0,36.0,0.253503
5008.0,0.0,0.331771
5008.0,1.0,0.319505
5008.0,2.0,0.337463
5008.0,3.0,0.001855
5008.0,4.0,0.707508
5008.0,5.0,0.447148
5008.0,6.0,0.0
5008.0,7.0,0.548944
5008.0,8.0,0.751115
5008.0,9.0,0.0
5008.0,10.0,1.0
5008.0,11.0,0.494891
5008.0,12.0,0.989854
5008.0,13.0,0.588626
5008.0,14.0,0.104558
5008.0,15.0,1.0
5008.0,16.0,0.369662
5008.0,17.0,0.0
5008.0,18.0,0.0
5008.0,19.0,0.599338
5008.0,20.0,0.304164
5008.0,21.0,0.472208
5008.0,22.0,0.862683
5008.0,23.0,1.0
5008.0,24.0,1.0
5008.0,25.0,0.547691
5008.0,26.0,0.575401
5008.0,27.0,0.883966
5008.0,28.0,0.544328
5008.0,29.0,0.0
5008.0,30.0,0.427583
5008.0,31.0,0.409867
5008.0,32.0,1.0
5008.0,33.0,0.933335
5008.0,34.0,0.585152
5008.0,35.0,0.708052
5008.0,36.0,0.252197
5009.0,0.0,0.328195
5009.0,1.0,0.317312
5009.0,2.0,0.334205
5009.0,3.0,0.001828
5009.0,4.0,0.6996
5009.0,5.0,0.438908
5009.0,6.0,0.0
5009.0,7.0,0.54218
5009.0,8.0,0.751045
5009.0,9.0,0.0
5009.0,10.0,1.0
5009.0,11.0,0.472797
5009.0,12.0,0.989048
5009.0,13.0,0.569488
5009.0,14.0,0.090945
5009.0,15.0,1.0
5009.0,16.0,0.367254
5009.0,17.0,0.0
5009.0,18.0,0.0
5009.0,19.0,0.587919
5009.0,20.0,0.29915
5009.0,21.0,0.47195
5009.0,22.0,0.860739
5009.0,23.0,1.0
5009.0,24.0,1.0
5009.0,25.0,0.542007
5009.0,26.0,0.537967
5009.0,27.0,0.8823
5009.0,28.0,0.526522
5009.0,29.0,0.0
5009.0,30.0,0.412428
5009.0,31.0,0.408351
5009.0,32.0,1.0
5009.0,33.0,0.932996
5009.0,34.0,0.5835
5009.0,35.0,0.707996
5009.0,36.0,0.250453
5010.0,0.0,0.323546
5010.0,1.0,0.315579
5010.0,2.0,0.33068
5010.0,3.0,0.001768
5010.0,4.0,0.692514
5010.0,5.0,0.431475
5010.0,6.0,0.0
5010.0,7.0,0.535837
5010.0,8.0,0.750814
5010.0,9.0,0.0
5010.0,10.0,1.0
5010.0,11.0,0.451057
5010.0,12.0,0.988462
5010.0,13.0,0.549495
5010.0,14.0,0.079216
5010.0,15.0,1.0
5010.0,16.0,0.364703
5010.0,17.0,0.0
5010.0,18.0,0.0
5010.0,19.0,0.57651
5010.0,20.0,0.295106
5010.0,21.0,0.471901
5010.0,22.0,0.858798
5010.0,23.0,1.0
5010.0,24.0,1.0
5010.0,25.0,0.535868
5010.0,26.0,0.501954
5010.0,27.0,0.880982
5010.0,28.0,0.50856
5010.0,29.0,0.0
5010.0,30.0,0.39777
5010.0,31.0,0.407362
5010.0,32.0,1.0
5010.0,33.0,0.932467
5010.0,34.0,0.581744
5010.0,35.0,0.707746
5010.0,36.0,0.248951
6000.0,0.0,0.333768
6000.0,1.0,0.313702
6000.0,2.0,0.326919
6000.0,3.0,0.000504
6000.0,4.0,0.704322
6000.0,5.0,0.431111
6000.0,6.0,0.0
6000.0,7.0,0.531323
6000.0,8.0,0.753693
6000.0,9.0,0.0
6000.0,10.0,1.0
6000.0,11.0,0.452005
6000.0,12.0,0.996432
6000.0,13.0,0.549168
6000.0,14.0,0.076493
6000.0,15.0,1.0
6000.0,16.0,0.358699
6000.0,17.0,0.0
6000.0,18.0,0.0
6000.0,19.0,0.573235
6000.0,20.0,0.286838
6000.0,21.0,0.464498
6000.0,22.0,0.851951
6000.0,23.0,1.0
6000.0,24.0,1.0
6000.0,25.0,0.540665
6000.0,26.0,0.503968
6000.0,27.0,0.886059
6000.0,28.0,0.511292
6000.0,29.0,0.0
6000.0,30.0,0.398174
6000.0,31.0,0.406748
6000.0,32.0,1.0
6000.0,33.0,0.947569
6000.0,34.0,0.587514
6000.0,35.0,0.729592
6000.0,36.0,0.251987
6001.0,0.0,0.337346
6001.0,1.0,0.315917
6001.0,2.0,0.329887
6001.0,3.0,0.000488
6001.0,4.0,0.711737
6001.0,5.0,0.440137
6001.0,6.0,0.0
6001.0,7.0,0.539054
6001.0,8.0,0.754548
6001.0,9.0,0.0
6001.0,10.0,1.0
6001.0,11.0,0.477386
6001.0,12.0,0.996649
6001.0,13.0,0.572865
6001.0,14.0,0.088424
6001.0,15.0,1.0
6001.0,16.0,0.360368
6001.0,17.0,0.0
6001.0,18.0,0.0
6001.0,19.0,0.585154
6001.0,20.0,0.292509
6001.0,21.0,0.466276
6001.0,22.0,0.854168
6001.0,23.0,1.0
6001.0,24.0,1.0
6001.0,25.0,0.546709
6001.0,26.0,0.545889
6001.0,27.0,0.88687
6001.0,28.0,0.530496
6001.0,29.0,0.0
6001.0,30.0,0.414462
6001.0,31.0,0.408574
6001.0,32.0,1.0
6001.0,33.0,0.948269
6001.0,34.0,0.588989
6001.0,35.0,0.7307
6001.0,36.0,0.25394
6002.0,0.0,0.341175
6002.0,1.0,0.318556
6002.0,2.0,0.333907
6002.0,3.0,0.00052
6002.0,4.0,0.719374
6002.0,5.0,0.4483
6002.0,6.0,0.0
6002.0,7.0,0.545899
6002.0,8.0,0.75492
6002.0,9.0,0.0
6002.0,10.0,1.0
6002.0,11.0,0.501062
6002.0,12.0,0.996913
6002.0,13.0,0.592514
6002.0,14.0,0.101878
6002.0,15.0,1.0
6002.0,16.0,0.361752
6002.0,17.0,0.0
6002.0,18.0,0.0
6002.0,19.0,0.597935
6002.0,20.0,0.296732
6002.0,21.0,0.466698
6002.0,22.0,0.856617
6002.0,23.0,1.0
6002.0,24.0,1.0
6002.0,25.0,0.552667
6002.0,26.0,0.586348
6002.0,27.0,0.888114
6002.0,28.0,0.550906
6002.0,29.0,0.0
6002.0,30.0,0.430484
6002.0,31.0,0.41004
6002.0,32.0,1.0
6002.0,33.0,0.948118
6002.0,34.0,0.590154
6002.0,35.0,0.732038
6002.0,36.0,0.256212
6003.0,0.0,0.344363
6003.0,1.0,0.321115
6003.0,2.0,0.33745
6003.0,3.0,0.000552
6003.0,4.0,0.726221
6003.0,5.0,0.45704
6003.0,6.0,0.0
6003.0,7.0,0.553064
6003.0,8.0,0.754847
6003.0,9.0,0.0
6003.0,10.0,1.0
6003.0,11.0,0.523459
6003.0,12.0,0.997148
6003.0,13.0,0.61288
6003.0,14.0,0.117147
6003.0,15.0,1.0
6003.0,16.0,0.362557
6003.0,17.0,0.0
6003.0,18.0,0.0
6003.0,19.0,0.608794
6003.0,20.0,0.300158
6003.0,21.0,0.466978
6003.0,22.0,0.858754
6003.0,23.0,1.0
6003.0,24.0,1.0
6003.0,25.0,0.55789
6003.0,26.0,0.625205
6003.0,27.0,0.889943
6003.0,28.0,0.569156
6003.0,29.0,0.0
6003.0,30.0,0.447072
6003.0,31.0,0.41165
6003.0,32.0,1.0
6003.0,33.0,0.948465
6003.0,34.0,0.591239
6003.0,35.0,0.733389
6003.0,36.0,0.258222
6004.0,0.0,0.347629
6004.0,1.0,0.322592
6004.0,2.0,0.341214
6004.0,3.0,0.000572
6004.0,4.0,0.733356
6004.0,5.0,0.46522
6004.0,6.0,0.0
6004.0,7.0,0.560014
6004.0,8.0,0.755102
6004.0,9.0,0.0
6004.0,10.0,1.0
6004.0,11.0,0.545191
6004.0,12.0,0.997375
6004.0,13.0,0.631608
6004.0,14.0,0.133561
6004.0,15.0,1.0
6004.0,16.0,0.364485
6004.0,17.0,0.0
6004.0,18.0,0.0
6004.0,19.0,0.619679
6004.0,20.0,0.303577
6004.0,21.0,0.467063
6004.0,22.0,0.861574
6004.0,23.0,1.0
6004.0,24.0,1.0
6004.0,25.0,0.563426
6004.0,26.0,0.662759
6004.0,27.0,0.891574
6004.0,28.0,0.586286
6004.0,29.0,0.0
6004.0,30.0,0.462716
6004.0,31.0,0.413393
6004.0,32.0,1.0
6004.0,33.0,0.948846
6004.0,34.0,0.591953
6004.0,35.0,0.734359
6004.0,36.0,0.26073
6005.0,0.0,0.35093
6005.0,1.0,0.325619
6005.0,2.0,0.344873
6005.0,3.0,0.000581
6005.0,4.0,0.740282
6005.0,5.0,0.473223
6005.0,6.0,0.0
6005.0,7.0,0.566553
6005.0,8.0,0.756577
6005.0,9.0,0.0
6005.0,10.0,1.0
6005.0,11.0,0.566308
6005.0,12.0,0.997522
6005.0,13.0,0.64992
6005.0,14.0,0.151837
6005.0,15.0,1.0
6005.0,16.0,0.365414
6005.0,17.0,0.0
6005.0,18.0,0.0
6005.0,19.0,0.631164
6005.0,20.0,0.306919
6005.0,21.0,0.466572
6005.0,22.0,0.863189
6005.0,23.0,1.0
6005.0,24.0,1.0
6005.0,25.0,0.568028
6005.0,26.0,0.696036
6005.0,27.0,0.892153
6005.0,28.0,0.601294
6005.0,29.0,0.0
6005.0,30.0,0.478557
6005.0,31.0,0.414768
6005.0,32.0,1.0
6005.0,33.0,0.948811
6005.0,34.0,0.593684
6005.0,35.0,0.73574
6005.0,36.0,0.262378
6006.0,0.0,0.34606
6006.0,1.0,0.322981
6006.0,2.0,0.340875
6006.0,3.0,0.000499
6006.0,4.0,0.733403
6006.0,5.0,0.464144
6006.0,6.0,0.0
6006.0,7.0,0.55898
6006.0,8.0,0.755613
6006.0,9.0,0.0
6006.0,10.0,1.0
6006.0,11.0,0.543065
6006.0,12.0,0.997298
6006.0,13.0,0.629141
6006.0,14.0,0.132237
6006.0,15.0,1.0
6006.0,16.0,0.363528
6006.0,17.0,0.0
6006.0,18.0,0.0
6006.0,19.0,0.619213
6006.0,20.0,0.302232
6006.0,21.0,0.465666
6006.0,22.0,0.86092
6006.0,23.0,1.0
6006.0,24.0,1.0
6006.0,25.0,0.563088
6006.0,26.0,0.656257
6006.0,27.0,0.891406
6006.0,28.0,0.58287
6006.0,29.0,0.0
6006.0,30.0,0.460801
6006.0,31.0,0.413118
6006.0,32.0,1.0
6006.0,33.0,0.94852
6006.0,34.0,0.592108
6006.0,35.0,0.733918
6006.0,36.0,0.260563
6007.0,0.0,0.34315
6007.0,1.0,0.32011
6007.0,2.0,0.337612
6007.0,3.0,0.000495
6007.0,4.0,0.72635
6007.0,5.0,0.456678
6007.0,6.0,0.0
6007.0,7.0,0.55183
6007.0,8.0,0.754813
6007.0,9.0,0.0
6007.0,10.0,1.0
6007.0,11.0,0.520438
6007.0,12.0,0.997203
6007.0,13.0,0.608699
6007.0,14.0,0.114804
6007.0,15.0,1.0
6007.0,16.0,0.362018
6007.0,17.0,0.0
6007.0,18.0,0.0
6007.0,19.0,0.608123
6007.0,20.0,0.297684
6007.0,21.0,0.465604
6007.0,22.0,0.858489
6007.0,23.0,1.0
6007.0,24.0,1.0
6007.0,25.0,0.55809
6007.0,26.0,0.616257
6007.0,27.0,0.889349
6007.0,28.0,0.56506
6007.0,29.0,0.0
6007.0,30.0,0.443413
6007.0,31.0,0.41136
6007.0,32.0,1.0
6007.0,33.0,0.948457
6007.0,34.0,0.591666
6007.0,35.0,0.732114
6007.0,36.0,0.259905
6008.0,0.0,0.339964
6008.0,1.0,0.31831
6008.0,2.0,0.334611
6008.0,3.0,0.000457
6008.0,4.0,0.71886
6008.0,5.0,0.449422
6008.0,6.0,0.0
6008.0,7.0,0.54422
6008.0,8.0,0.753925
6008.0,9.0,0.0
6008.0,10.0,1.0
6008.0,11.0,0.498684
6008.0,12.0,0.996925
6008.0,13.0,0.588243
6008.0,14.0,0.100065
6008.0,15.0,1.0
6008.0,16.0,0.360452
6008.0,17.0,0.0
6008.0,18.0,0.0
6008.0,19.0,0.595585
6008.0,20.0,0.293776
6008.0,21.0,0.464886
6008.0,22.0,0.856322
6008.0,23.0,1.0
6008.0,24.0,1.0
6008.0,25.0,0.551922
6008.0,26.0,0.576662
6008.0,27.0,0.888559
6008.0,28.0,0.548499
6008.0,29.0,0.0
6008.0,30.0,0.427097
6008.0,31.0,0.409321
6008.0,32.0,1.0
6008.0,33.0,0.948061
6008.0,34.0,0.591052
6008.0,35.0,0.730438
6008.0,36.0,0.258151
6009.0,0.0,0.336461
6009.0,1.0,0.316108
6009.0,2.0,0.331312
6009.0,3.0,0.000433
6009.0,4.0,0.71194
6009.0,5.0,0.441472
6009.0,6.0,0.0
6009.0,7.0,0.53683
6009.0,8.0,0.754415
6009.0,9.0,0.0
6009.0,10.0,1.0
6009.0,11.0,0.475564
6009.0,12.0,0.996729
6009.0,13.0,0.567827
6009.0,14.0,0.087134
6009.0,15.0,1.0
6009.0,16.0,0.359092
6009.0,17.0,0.0
6009.0,18.0,0.0
6009.0,19.0,0.584471
6009.0,20.0,0.289442
6009.0,21.0,0.464785
6009.0,22.0,0.855241
6009.0,23.0,1.0
6009.0,24.0,1.0
6009.0,25.0,0.547207
6009.0,26.0,0.539923
6009.0,27.0,0.887059
6009.0,28.0,0.530619
6009.0,29.0,0.0
6009.0,30.0,0.412006
6009.0,31.0,0.408236
6009.0,32.0,1.0
6009.0,33.0,0.947585
6009.0,34.0,0.589756
6009.0,35.0,0.729732
6009.0,36.0,0.256631
6010.0,0.0,0.332816
6010.0,1.0,0.314005
6010.0,2.0,0.32776
6010.0,3.0,0.000415
6010.0,4.0,0.705649
6010.0,5.0,0.433995
6010.0,6.0,0.0
6010.0,7.0,0.529978
6010.0,8.0,0.753883
6010.0,9.0,0.0
6010.0,10.0,1.0
6010.0,11.0,0.453716
6010.0,12.0,0.996485
6010.0,13.0,0.548361
6010.0,14.0,0.075874
6010.0,15.0,1.0
6010.0,16.0,0.356982
6010.0,17.0,0.0
6010.0,18.0,0.0
6010.0,19.0,0.573512
6010.0,20.0,0.285491
6010.0,21.0,0.464515
6010.0,22.0,0.854031
6010.0,23.0,1.0
6010.0,24.0,1.0
6010.0,25.0,0.542404
6010.0,26.0,0.504356
6010.0,27.0,0.885904
6010.0,28.0,0.514486
6010.0,29.0,0.0
6010.0,30.0,0.39765
6010.0,31.0,0.407455
6010.0,32.0,1.0
6010.0,33.0,0.947089
6010.0,34.0,0.588992
6010.0,35.0,0.728276
6010.0,36.0,0.254994
7000.0,0.0,0.323648
7000.0,1.0,0.303663
7000.0,2.0,0.320043
7000.0,3.0,0.000205
7000.0,4.0,0.70393
7000.0,5.0,0.433666
7000.0,6.0,0.0
7000.0,7.0,0.522232
7000.0,8.0,0.741832
7000.0,9.0,0.0
7000.0,10.0,1.0
7000.0,11.0,0.441273
7000.0,12.0,0.999682
7000.0,13.0,0.547902
7000.0,14.0,0.081286
7000.0,15.0,1.0
7000.0,16.0,0.357043
7000.0,17.0,0.0
7000.0,18.0,0.0
7000.0,19.0,0.577111
7000.0,20.0,0.295374
7000.0,21.0,0.471568
7000.0,22.0,0.857688
7000.0,23.0,1.0
7000.0,24.0,1.0
7000.0,25.0,0.541484
7000.0,26.0,0.503975
7000.0,27.0,0.887642
7000.0,28.0,0.507443
7000.0,29.0,0.0
7000.0,30.0,0.400435
7000.0,31.0,0.410062
7000.0,32.0,1.0
7000.0,33.0,0.946941
7000.0,34.0,0.582724
7000.0,35.0,0.717126
7000.0,36.0,0.251882
7001.0,0.0,0.328869
7001.0,1.0,0.305882
7001.0,2.0,0.323449
7001.0,3.0,0.000212
7001.0,4.0,0.711715
7001.0,5.0,0.4428
7001.0,6.0,0.0
7001.0,7.0,0.531132
7001.0,8.0,0.742292
7001.0,9.0,0.0
7001.0,10.0,1.0
7001.0,11.0,0.467016
7001.0,12.0,0.999669
7001.0,13.0,0.571527
7001.0,14.0,0.094128
7001.0,15.0,1.0
7001.0,16.0,0.36058
7001.0,17.0,0.0
7001.0,18.0,0.0
7001.0,19.0,0.588699
7001.0,20.0,0.299921
7001.0,21.0,0.472107
7001.0,22.0,0.86016
7001.0,23.0,1.0
7001.0,24.0,1.0
7001.0,25.0,0.548106
7001.0,26.0,0.545103
7001.0,27.0,0.888986
7001.0,28.0,0.527518
7001.0,29.0,0.0
7001.0,30.0,0.416364
7001.0,31.0,0.410766
7001.0,32.0,1.0
7001.0,33.0,0.947796
7001.0,34.0,0.583526
7001.0,35.0,0.718653
7001.0,36.0,0.254167
7002.0,0.0,0.332088
7002.0,1.0,0.308259
7002.0,2.0,0.327391
7002.0,3.0,0.000211
7002.0,4.0,0.719596
7002.0,5.0,0.451006
7002.0,6.0,0.0
7002.0,7.0,0.538593
7002.0,8.0,0.742859
7002.0,9.0,0.0
7002.0,10.0,1.0
7002.0,11.0,0.491204
7002.0,12.0,0.999721
7002.0,13.0,0.592349
7002.0,14.0,0.107868
7002.0,15.0,1.0
7002.0,16.0,0.362892
7002.0,17.0,0.0
7002.0,18.0,0.0
7002.0,19.0,0.601124
7002.0,20.0,0.303671
7002.0,21.0,0.472359
7002.0,22.0,0.861874
7002.0,23.0,1.0
7002.0,24.0,1.0
7002.0,25.0,0.553945
7002.0,26.0,0.585815
7002.0,27.0,0.890439
7002.0,28.0,0.546246
7002.0,29.0,0.0
7002.0,30.0,0.432786
7002.0,31.0,0.412366
7002.0,32.0,1.0
7002.0,33.0,0.947967
7002.0,34.0,0.584126
7002.0,35.0,0.720573
7002.0,36.0,0.255264
7003.0,0.0,0.335556
7003.0,1.0,0.310771
7003.0,2.0,0.330949
7003.0,3.0,0.000207
7003.0,4.0,0.727162
7003.0,5.0,0.459136
7003.0,6.0,0.0
7003.0,7.0,0.54734
7003.0,8.0,0.743661
7003.0,9.0,0.0
7003.0,10.0,1.0
7003.0,11.0,0.513868
7003.0,12.0,0.999699
7003.0,13.0,0.612165
7003.0,14.0,0.12356
7003.0,15.0,1.0
7003.0,16.0,0.365261
7003.0,17.0,0.0
7003.0,18.0,0.0
7003.0,19.0,0.612769
7003.0,20.0,0.30702
7003.0,21.0,0.472657
7003.0,22.0,0.863727
7003.0,23.0,1.0
7003.0,24.0,1.0
7003.0,25.0,0.558917
7003.0,26.0,0.623703
7003.0,27.0,0.891719
7003.0,28.0,0.563134
7003.0,29.0,0.0
7003.0,30.0,0.448848
7003.0,31.0,0.4136
7003.0,32.0,1.0
7003.0,33.0,0.948282
7003.0,34.0,0.586086
7003.0,35.0,0.721439
7003.0,36.0,0.25749
7004.0,0.0,0.339035
7004.0,1.0,0.312783
7004.0,2.0,0.334457
7004.0,3.0,0.00021
7004.0,4.0,0.734049
7004.0,5.0,0.466951
7004.0,6.0,0.0
7004.0,7.0,0.555364
7004.0,8.0,0.743866
7004.0,9.0,0.0
7004.0,10.0,1.0
7004.0,11.0,0.535571
7004.0,12.0,0.999742
7004.0,13.0,0.631435
7004.0,14.0,0.140911
7004.0,15.0,1.0
7004.0,16.0,0.367388
7004.0,17.0,0.0
7004.0,18.0,0.0
7004.0,19.0,0.624057
7004.0,20.0,0.311257
7004.0,21.0,0.473931
7004.0,22.0,0.865568
7004.0,23.0,1.0
7004.0,24.0,1.0
7004.0,25.0,0.563143
7004.0,26.0,0.660748
7004.0,27.0,0.893607
7004.0,28.0,0.580389
7004.0,29.0,0.0
7004.0,30.0,0.465117
7004.0,31.0,0.415038
7004.0,32.0,1.0
7004.0,33.0,0.948762
7004.0,34.0,0.58709
7004.0,35.0,0.722778
7004.0,36.0,0.258179
7005.0,0.0,0.342542
7005.0,1.0,0.315185
7005.0,2.0,0.338664
7005.0,3.0,0.000215
7005.0,4.0,0.741419
7005.0,5.0,0.475
7005.0,6.0,0.0
7005.0,7.0,0.563018
7005.0,8.0,0.744911
7005.0,9.0,0.0
7005.0,10.0,1.0
7005.0,11.0,0.556859
7005.0,12.0,0.999741
7005.0,13.0,0.648973
7005.0,14.0,0.160158
7005.0,15.0,1.0
7005.0,16.0,0.369386
7005.0,17.0,0.0
7005.0,18.0,0.0
7005.0,19.0,0.634839
7005.0,20.0,0.31549
7005.0,21.0,0.474182
7005.0,22.0,0.866819
7005.0,23.0,1.0
7005.0,24.0,1.0
7005.0,25.0,0.567633
7005.0,26.0,0.69558
7005.0,27.0,0.894094
7005.0,28.0,0.596458
7005.0,29.0,0.0
7005.0,30.0,0.480614
7005.0,31.0,0.415361
7005.0,32.0,1.0
7005.0,33.0,0.949295
7005.0,34.0,0.588585
7005.0,35.0,0.72452
7005.0,36.0,0.259346
7006.0,0.0,0.338584
7006.0,1.0,0.312838
7006.0,2.0,0.33498
7006.0,3.0,0.000222
7006.0,4.0,0.734266
7006.0,5.0,0.466648
7006.0,6.0,0.0
7006.0,7.0,0.555898
7006.0,8.0,0.743686
7006.0,9.0,0.0
7006.0,10.0,1.0
7006.0,11.0,0.534127
7006.0,12.0,0.999745
7006.0,13.0,0.628439
7006.0,14.0,0.139569
7006.0,15.0,1.0
7006.0,16.0,0.366836
7006.0,17.0,0.0
7006.0,18.0,0.0
7006.0,19.0,0.622332
7006.0,20.0,0.31107
7006.0,21.0,0.474167
7006.0,22.0,0.86471
7006.0,23.0,1.0
7006.0,24.0,1.0
7006.0,25.0,0.562077
7006.0,26.0,0.656009
7006.0,27.0,0.892772
7006.0,28.0,0.578441
7006.0,29.0,0.0
7006.0,30.0,0.463354
7006.0,31.0,0.415106
7006.0,32.0,1.0
7006.0,33.0,0.949297
7006.0,34.0,0.586564
7006.0,35.0,0.722261
7006.0,36.0,0.25725
7007.0,0.0,0.335068
7007.0,1.0,0.309975
7007.0,2.0,0.331155
7007.0,3.0,0.000225
7007.0,4.0,0.726108
7007.0,5.0,0.457736
7007.0,6.0,0.0
7007.0,7.0,0.549085
7007.0,8.0,0.744045
7007.0,9.0,0.0
7007.0,10.0,1.0
7007.0,11.0,0.510957
7007.0,12.0,0.99973
7007.0,13.0,0.607334
7007.0,14.0,0.121631
7007.0,15.0,1.0
7007.0,16.0,0.3637
7007.0,17.0,0.0
7007.0,18.0,0.0
7007.0,19.0,0.610687
7007.0,20.0,0.306826
7007.0,21.0,0.473747
7007.0,22.0,0.862569
7007.0,23.0,1.0
7007.0,24.0,1.0
7007.0,25.0,0.557058
7007.0,26.0,0.615978
7007.0,27.0,0.891293
7007.0,28.0,0.561018
7007.0,29.0,0.0
7007.0,30.0,0.445989
7007.0,31.0,0.413507
7007.0,32.0,1.0
7007.0,33.0,0.94934
7007.0,34.0,0.585374
7007.0,35.0,0.720165
7007.0,36.0,0.255731
7008.0,0.0,0.331751
7008.0,1.0,0.307451
7008.0,2.0,0.326858
7008.0,3.0,0.000195
7008.0,4.0,0.719203
7008.0,5.0,0.450087
7008.0,6.0,0.0
7008.0,7.0,0.54322
7008.0,8.0,0.743192
7008.0,9.0,0.0
7008.0,10.0,1.0
7008.0,11.0,0.488966
7008.0,12.0,0.999702
7008.0,13.0,0.586596
7008.0,14.0,0.105885
7008.0,15.0,1.0
7008.0,16.0,0.362699
7008.0,17.0,0.0
7008.0,18.0,0.0
7008.0,19.0,0.600225
7008.0,20.0,0.302668
7008.0,21.0,0.473621
7008.0,22.0,0.860309
7008.0,23.0,1.0
7008.0,24.0,1.0
7008.0,25.0,0.551191
7008.0,26.0,0.577364
7008.0,27.0,0.889669
7008.0,28.0,0.542871
7008.0,29.0,0.0
7008.0,30.0,0.430382
7008.0,31.0,0.411723
7008.0,32.0,1.0
7008.0,33.0,0.949044
7008.0,34.0,0.584055
7008.0,35.0,0.719084
7008.0,36.0,0.253932
7009.0,0.0,0.328454
7009.0,1.0,0.304715
7009.0,2.0,0.324114
7009.0,3.0,0.00019
7009.0,4.0,0.713167
7009.0,5.0,0.441719
7009.0,6.0,0.0
7009.0,7.0,0.535987
7009.0,8.0,0.74242
7009.0,9.0,0.0
7009.0,10.0,1.0
7009.0,11.0,0.466568
7009.0,12.0,0.999679
7009.0,13.0,0.567374
7009.0,14.0,0.092764
7009.0,15.0,1.0
7009.0,16.0,0.360463
7009.0,17.0,0.0
7009.0,18.0,0.0
7009.0,19.0,0.589059
7009.0,20.0,0.298905
7009.0,21.0,0.472699
7009.0,22.0,0.858554
7009.0,23.0,1.0
7009.0,24.0,1.0
7009.0,25.0,0.546061
7009.0,26.0,0.539623
7009.0,27.0,0.889042
7009.0,28.0,0.525085
7009.0,29.0,0.0
7009.0,30.0,0.414277
7009.0,31.0,0.41013
7009.0,32.0,1.0
7009.0,33.0,0.948626
7009.0,34.0,0.583577
7009.0,35.0,0.717418
7009.0,36.0,0.252842
7010.0,0.0,0.325295
7010.0,1.0,0.301708
7010.0,2.0,0.321232
7010.0,3.0,0.000206
7010.0,4.0,0.70627
7010.0,5.0,0.434389
7010.0,6.0,0.0
7010.0,7.0,0.528246
7010.0,8.0,0.74244
7010.0,9.0,0.0
7010.0,10.0,1.0
7010.0,11.0,0.443649
7010.0,12.0,0.999622
7010.0,13.0,0.547291
7010.0,14.0,0.08093
7010.0,15.0,1.0
7010.0,16.0,0.358767
7010.0,17.0,0.0
7010.0,18.0,0.0
7010.0,19.0,0.577828
7010.0,20.0,0.295104
7010.0,21.0,0.472223
7010.0,22.0,0.856537
7010.0,23.0,1.0
7010.0,24.0,1.0
7010.0,25.0,0.541335
7010.0,26.0,0.503402
7010.0,27.0,0.887908
7010.0,28.0,0.506934
7010.0,29.0,0.0
7010.0,30.0,0.398541
7010.0,31.0,0.409116
7010.0,32.0,1.0
7010.0,33.0,0.948434
7010.0,34.0,0.583092
7010.0,35.0,0.715961
7010.0,36.0,0.25143
8000.0,0.0,0.332399
8000.0,1.0,0.314767
8000.0,2.0,0.334624
8000.0,3.0,0.0
8000.0,4.0,0.696195
8000.0,5.0,0.435252
8000.0,6.0,0.0
8000.0,7.0,0.542308
8000.0,8.0,0.747152
8000.0,9.0,0.0
8000.0,10.0,1.0
8000.0,11.0,0.441931
8000.0,12.0,1.0
8000.0,13.0,0.548036
8000.0,14.0,0.078363
8000.0,15.0,1.0
8000.0,16.0,0.352439
8000.0,17.0,0.0
8000.0,18.0,0.0
8000.0,19.0,0.568082
8000.0,20.0,0.291533
8000.0,21.0,0.45764
8000.0,22.0,0.865841
8000.0,23.0,1.0
8000.0,24.0,1.0
8000.0,25.0,0.5394
8000.0,26.0,0.499272
8000.0,27.0,0.897149
8000.0,28.0,0.509337
8000.0,29.0,0.0
8000.0,30.0,0.394217
8000.0,31.0,0.413879
8000.0,32.0,1.0
8000.0,33.0,0.952283
8000.0,34.0,0.599145
8000.0,35.0,0.722622
8000.0,36.0,0.256906
8001.0,0.0,0.33704
8001.0,1.0,0.317536
8001.0,2.0,0.338125
8001.0,3.0,0.0
8001.0,4.0,0.703841
8001.0,5.0,0.443455
8001.0,6.0,0.0
8001.0,7.0,0.549793
8001.0,8.0,0.74745
8001.0,9.0,0.0
8001.0,10.0,1.0
8001.0,11.0,0.468055
8001.0,12.0,1.0
8001.0,13.0,0.570448
8001.0,14.0,0.090834
8001.0,15.0,1.0
8001.0,16.0,0.35464
8001.0,17.0,0.0
8001.0,18.0,0.0
8001.0,19.0,0.580658
8001.0,20.0,0.296186
8001.0,21.0,0.458095
8001.0,22.0,0.867639
8001.0,23.0,1.0
8001.0,24.0,1.0
8001.0,25.0,0.546053
8001.0,26.0,0.541805
8001.0,27.0,0.898525
8001.0,28.0,0.529209
8001.0,29.0,0.0
8001.0,30.0,0.410707
8001.0,31.0,0.415003
8001.0,32.0,1.0
8001.0,33.0,0.953072
8001.0,34.0,0.600508
8001.0,35.0,0.724831
8001.0,36.0,0.258213
8002.0,0.0,0.340826
8002.0,1.0,0.319871
8002.0,2.0,0.342017
8002.0,3.0,0.0
8002.0,4.0,0.712182
8002.0,5.0,0.452211
8002.0,6.0,0.0
8002.0,7.0,0.558072
8002.0,8.0,0.74856
8002.0,9.0,0.0
8002.0,10.0,1.0
8002.0,11.0,0.491703
8002.0,12.0,1.0
8002.0,13.0,0.59185
8002.0,14.0,0.104486
8002.0,15.0,1.0
8002.0,16.0,0.357677
8002.0,17.0,0.0
8002.0,18.0,0.0
8002.0,19.0,0.592597
8002.0,20.0,0.299928
8002.0,21.0,0.458158
8002.0,22.0,0.869815
8002.0,23.0,1.0
8002.0,24.0,1.0
8002.0,25.0,0.55215
8002.0,26.0,0.583158
8002.0,27.0,0.900246
8002.0,28.0,0.546678
8002.0,29.0,0.0
8002.0,30.0,0.4267
8002.0,31.0,0.416264
8002.0,32.0,1.0
8002.0,33.0,0.953218
8002.0,34.0,0.601222
8002.0,35.0,0.726716
8002.0,36.0,0.259826
8003.0,0.0,0.344886
8003.0,1.0,0.322184
8003.0,2.0,0.345159
8003.0,3.0,0.0
8003.0,4.0,0.720012
8003.0,5.0,0.460814
8003.0,6.0,0.0
8003.0,7.0,0.564438
8003.0,8.0,0.749104
8003.0,9.0,0.0
8003.0,10.0,1.0
8003.0,11.0,0.513817
8003.0,12.0,1.0
8003.0,13.0,0.612875
8003.0,14.0,0.12013
8003.0,15.0,1.0
8003.0,16.0,0.359561
8003.0,17.0,0.0
8003.0,18.0,0.0
8003.0,19.0,0.603823
8003.0,20.0,0.304562
8003.0,21.0,0.459334
8003.0,22.0,0.871822
8003.0,23.0,1.0
8003.0,24.0,1.0
8003.0,25.0,0.557636
8003.0,26.0,0.622453
8003.0,27.0,0.900699
8003.0,28.0,0.564342
8003.0,29.0,0.0
8003.0,30.0,0.442892
8003.0,31.0,0.417459
8003.0,32.0,1.0
8003.0,33.0,0.95347
8003.0,34.0,0.6036
8003.0,35.0,0.729215
8003.0,36.0,0.26206
8004.0,0.0,0.348923
8004.0,1.0,0.324186
8004.0,2.0,0.34853
8004.0,3.0,0.0
8004.0,4.0,0.727107
8004.0,5.0,0.468804
8004.0,6.0,0.0
8004.0,7.0,0.571093
8004.0,8.0,0.749227
8004.0,9.0,0.0
8004.0,10.0,1.0
8004.0,11.0,0.536937
8004.0,12.0,1.0
8004.0,13.0,0.631307
8004.0,14.0,0.136281
8004.0,15.0,1.0
8004.0,16.0,0.361467
8004.0,17.0,0.0
8004.0,18.0,0.0
8004.0,19.0,0.615412
8004.0,20.0,0.309191
8004.0,21.0,0.460178
8004.0,22.0,0.874187
8004.0,23.0,1.0
8004.0,24.0,1.0
8004.0,25.0,0.562201
8004.0,26.0,0.659543
8004.0,27.0,0.901531
8004.0,28.0,0.58121
8004.0,29.0,0.0
8004.0,30.0,0.459465
8004.0,31.0,0.418994
8004.0,32.0,1.0
8004.0,33.0,0.953656
8004.0,34.0,0.60454
8004.0,35.0,0.730188
8004.0,36.0,0.264247
8005.0,0.0,0.352721
8005.0,1.0,0.327049
8005.0,2.0,0.351441
8005.0,3.0,0.0
8005.0,4.0,0.733265
8005.0,5.0,0.475469
8005.0,6.0,0.0
8005.0,7.0,0.577021
8005.0,8.0,0.74926
8005.0,9.0,0.0
8005.0,10.0,1.0
8005.0,11.0,0.557727
8005.0,12.0,1.0
8005.0,13.0,0.648661
8005.0,14.0,0.155038
8005.0,15.0,1.0
8005.0,16.0,0.364574
8005.0,17.0,0.0
8005.0,18.0,0.0
8005.0,19.0,0.625848
8005.0,20.0,0.313771
8005.0,21.0,0.460832
8005.0,22.0,0.875385
8005.0,23.0,1.0
8005.0,24.0,1.0
8005.0,25.0,0.566907
8005.0,26.0,0.694336
8005.0,27.0,0.902865
8005.0,28.0,0.595808
8005.0,29.0,0.0
8005.0,30.0,0.475877
8005.0,31.0,0.420823
8005.0,32.0,1.0
8005.0,33.0,0.953722
8005.0,34.0,0.605191
8005.0,35.0,0.731397
8005.0,36.0,0.26611
8006.0,0.0,0.348893
8006.0,1.0,0.324419
8006.0,2.0,0.347936
8006.0,3.0,0.0
8006.0,4.0,0.725972
8006.0,5.0,0.466935
8006.0,6.0,0.0
8006.0,7.0,0.56972
8006.0,8.0,0.749761
8006.0,9.0,0.0
8006.0,10.0,1.0
8006.0,11.0,0.534458
8006.0,12.0,1.0
8006.0,13.0,0.627924
8006.0,14.0,0.134589
8006.0,15.0,1.0
8006.0,16.0,0.362339
8006.0,17.0,0.0
8006.0,18.0,0.0
8006.0,19.0,0.613318
8006.0,20.0,0.308679
8006.0,21.0,0.459722
8006.0,22.0,0.873416
8006.0,23.0,1.0
8006.0,24.0,1.0
8006.0,25.0,0.560857
8006.0,26.0,0.654049
8006.0,27.0,0.902257
8006.0,28.0,0.57707
8006.0,29.0,0.0
8006.0,30.0,0.457179
8006.0,31.0,0.418041
8006.0,32.0,1.0
8006.0,33.0,0.953766
8006.0,34.0,0.604163
8006.0,35.0,0.730154
8006.0,36.0,0.264522
8007.0,0.0,0.344308
8007.0,1.0,0.32199
8007.0,2.0,0.344584
8007.0,3.0,0.0
8007.0,4.0,0.718012
8007.0,5.0,0.458459
8007.0,6.0,0.0
8007.0,7.0,0.562778
8007.0,8.0,0.748591
8007.0,9.0,0.0
8007.0,10.0,1.0
8007.0,11.0,0.511304
8007.0,12.0,1.0
8007.0,13.0,0.607811
8007.0,14.0,0.117607
8007.0,15.0,1.0
8007.0,16.0,0.360395
8007.0,17.0,0.0
8007.0,18.0,0.0
8007.0,19.0,0.601885
8007.0,20.0,0.304644
8007.0,21.0,0.459332
8007.0,22.0,0.871462
8007.0,23.0,1.0
8007.0,24.0,1.0
8007.0,25.0,0.555303
8007.0,26.0,0.613812
8007.0,27.0,0.900864
8007.0,28.0,0.559251
8007.0,29.0,0.0
8007.0,30.0,0.44112
8007.0,31.0,0.415961
8007.0,32.0,1.0
8007.0,33.0,0.954062
8007.0,34.0,0.603238
8007.0,35.0,0.728715
8007.0,36.0,0.262612
8008.0,0.0,0.340212
8008.0,1.0,0.319425
8008.0,2.0,0.341433
8008.0,3.0,0.0
8008.0,4.0,0.711436
8008.0,5.0,0.449843
8008.0,6.0,0.0
8008.0,7.0,0.555592
8008.0,8.0,0.747792
8008.0,9.0,0.0
8008.0,10.0,1.0
8008.0,11.0,0.487417
8008.0,12.0,1.0
8008.0,13.0,0.587598
8008.0,14.0,0.102655
8008.0,15.0,1.0
8008.0,16.0,0.358177
8008.0,17.0,0.0
8008.0,18.0,0.0
8008.0,19.0,0.589761
8008.0,20.0,0.30088
8008.0,21.0,0.458501
8008.0,22.0,0.869432
8008.0,23.0,1.0
8008.0,24.0,1.0
8008.0,25.0,0.54975
8008.0,26.0,0.574886
8008.0,27.0,0.899591
8008.0,28.0,0.541987
8008.0,29.0,0.0
8008.0,30.0,0.425702
8008.0,31.0,0.414199
8008.0,32.0,1.0
8008.0,33.0,0.95377
8008.0,34.0,0.602573
8008.0,35.0,0.727091
8008.0,36.0,0.261386
8009.0,0.0,0.336382
8009.0,1.0,0.316977
8009.0,2.0,0.337501
8009.0,3.0,0.0
8009.0,4.0,0.703923
8009.0,5.0,0.442576
8009.0,6.0,0.0
8009.0,7.0,0.548491
8009.0,8.0,0.746882
8009.0,9.0,0.0
8009.0,10.0,1.0
8009.0,11.0,0.465368
8009.0,12.0,1.0
8009.0,13.0,0.567482
8009.0,14.0,0.089515
8009.0,15.0,1.0
8009.0,16.0,0.356851
8009.0,17.0,0.0
8009.0,18.0,0.0
8009.0,19.0,0.578156
8009.0,20.0,0.296204
8009.0,21.0,0.458008
8009.0,22.0,0.867773
8009.0,23.0,1.0
8009.0,24.0,1.0
8009.0,25.0,0.54391
8009.0,26.0,0.537448
8009.0,27.0,0.8986
8009.0,28.0,0.523421
8009.0,29.0,0.0
8009.0,30.0,0.410483
8009.0,31.0,0.413877
8009.0,32.0,1.0
8009.0,33.0,0.953593
8009.0,34.0,0.601707
8009.0,35.0,0.726059
8009.0,36.0,0.259996
8010.0,0.0,0.332239
8010.0,1.0,0.314993
8010.0,2.0,0.334027
8010.0,3.0,0.0
8010.0,4.0,0.696622
8010.0,5.0,0.435189
8010.0,6.0,0.0
8010.0,7.0,0.540562
8010.0,8.0,0.746591
8010.0,9.0,0.0
8010.0,10.0,1.0
8010.0,11.0,0.442741
8010.0,12.0,1.0
8010.0,13.0,0.547265
8010.0,14.0,0.078267
8010.0,15.0,1.0
8010.0,16.0,0.354759
8010.0,17.0,0.0
8010.0,18.0,0.0
8010.0,19.0,0.567315
8010.0,20.0,0.291707
8010.0,21.0,0.457491
8010.0,22.0,0.866087
8010.0,23.0,1.0
8010.0,24.0,1.0
8010.0,25.0,0.538093
8010.0,26.0,0.501508
8010.0,27.0,0.897092
8010.0,28.0,0.50539
8010.0,29.0,0.0
8010.0,30.0,0.395635
8010.0,31.0,0.412402
8010.0,32.0,1.0
8010.0,33.0,0.95328
8010.0,34.0,0.600265
8010.0,35.0,0.724253
8010.0,36.0,0.257497
9000.0,0.0,0.320935
9000.0,1.0,0.313091
9000.0,2.0,0.329819
9000.0,3.0,0.0
9000.0,4.0,0.708227
9000.0,5.0,0.429966
9000.0,6.0,0.0
9000.0,7.0,0.528178
9000.0,8.0,0.753026
9000.0,9.0,0.0
9000.0,10.0,1.0
9000.0,11.0,0.445656
9000.0,12.0,1.0
9000.0,13.0,0.550795
9000.0,14.0,0.076977
9000.0,15.0,1.0
9000.0,16.0,0.3709
9000.0,17.0,0.0
9000.0,18.0,0.0
9000.0,19.0,0.57881
9000.0,20.0,0.301443
9000.0,21.0,0.461109
9000.0,22.0,0.867982
9000.0,23.0,1.0
9000.0,24.0,1.0
9000.0,25.0,0.53641
9000.0,26.0,0.50239
9000.0,27.0,0.882057
9000.0,28.0,0.513544
9000.0,29.0,0.0
9000.0,30.0,0.400327
9000.0,31.0,0.398063
9000.0,32.0,1.0
9000.0,33.0,0.950168
9000.0,34.0,0.583408
9000.0,35.0,0.691689
9000.0,36.0,0.263031
9001.0,0.0,0.324847
9001.0,1.0,0.315889
9001.0,2.0,0.333621
9001.0,3.0,0.0
9001.0,4.0,0.716261
9001.0,5.0,0.438446
9001.0,6.0,0.0
9001.0,7.0,0.536717
9001.0,8.0,0.752557
9001.0,9.0,0.0
9001.0,10.0,1.0
9001.0,11.0,0.471281
9001.0,12.0,1.0
9001.0,13.0,0.57329
9001.0,14.0,0.089568
9001.0,15.0,1.0
9001.0,16.0,0.372939
9001.0,17.0,0.0
9001.0,18.0,0.0
9001.0,19.0,0.591264
9001.0,20.0,0.304498
9001.0,21.0,0.460721
9001.0,22.0,0.86953
9001.0,23.0,1.0
9001.0,24.0,1.0
9001.0,25.0,0.542124
9001.0,26.0,0.544972
9001.0,27.0,0.883342
9001.0,28.0,0.533075
9001.0,29.0,0.0
9001.0,30.0,0.415637
9001.0,31.0,0.400226
9001.0,32.0,1.0
9001.0,33.0,0.950507
9001.0,34.0,0.584902
9001.0,35.0,0.6928
9001.0,36.0,0.264793
9002.0,0.0,0.329527
9002.0,1.0,0.318287
9002.0,2.0,0.33757
9002.0,3.0,0.0
9002.0,4.0,0.723645
9002.0,5.0,0.446668
9002.0,6.0,0.0
9002.0,7.0,0.544519
9002.0,8.0,0.753147
9002.0,9.0,0.0
9002.0,10.0,1.0
9002.0,11.0,0.495115
9002.0,12.0,1.0
9002.0,13.0,0.595037
9002.0,14.0,0.103388
9002.0,15.0,1.0
9002.0,16.0,0.375665
9002.0,17.0,0.0
9002.0,18.0,0.0
9002.0,19.0,0.603334
9002.0,20.0,0.308519
9002.0,21.0,0.461619
9002.0,22.0,0.871222
9002.0,23.0,1.0
9002.0,24.0,1.0
9002.0,25.0,0.548129
9002.0,26.0,0.5856
9002.0,27.0,0.884649
9002.0,28.0,0.550995
9002.0,29.0,0.0
9002.0,30.0,0.431767
9002.0,31.0,0.401506
9002.0,32.0,1.0
9002.0,33.0,0.950992
9002.0,34.0,0.586407
9002.0,35.0,0.694418
9002.0,36.0,0.266329
9003.0,0.0,0.332894
9003.0,1.0,0.321357
9003.0,2.0,0.341726
9003.0,3.0,0.0
9003.0,4.0,0.731022
9003.0,5.0,0.454863
9003.0,6.0,0.0
9003.0,7.0,0.551417
9003.0,8.0,0.753041
9003.0,9.0,0.0
9003.0,10.0,1.0
9003.0,11.0,0.517382
9003.0,12.0,1.0
9003.0,13.0,0.615252
9003.0,14.0,0.118888
9003.0,15.0,1.0
9003.0,16.0,0.378502
9003.0,17.0,0.0
9003.0,18.0,0.0
9003.0,19.0,0.614949
9003.0,20.0,0.313293
9003.0,21.0,0.46305
9003.0,22.0,0.873341
9003.0,23.0,1.0
9003.0,24.0,1.0
9003.0,25.0,0.554111
9003.0,26.0,0.624787
9003.0,27.0,0.886025
9003.0,28.0,0.569063
9003.0,29.0,0.0
9003.0,30.0,0.447736
9003.0,31.0,0.402729
9003.0,32.0,1.0
9003.0,33.0,0.951222
9003.0,34.0,0.587288
9003.0,35.0,0.695935
9003.0,36.0,0.268173
9004.0,0.0,0.336402
9004.0,1.0,0.324176
9004.0,2.0,0.345589
9004.0,3.0,0.0
9004.0,4.0,0.738186
9004.0,5.0,0.461807
9004.0,6.0,0.0
9004.0,7.0,0.558504
9004.0,8.0,0.753611
9004.0,9.0,0.0
9004.0,10.0,1.0
9004.0,11.0,0.539322
9004.0,12.0,1.0
9004.0,13.0,0.63348
9004.0,14.0,0.135532
9004.0,15.0,1.0
9004.0,16.0,0.380484
9004.0,17.0,0.0
9004.0,18.0,0.0
9004.0,19.0,0.625985
9004.0,20.0,0.317466
9004.0,21.0,0.463571
9004.0,22.0,0.875211
9004.0,23.0,1.0
9004.0,24.0,1.0
9004.0,25.0,0.559138
9004.0,26.0,0.661141
9004.0,27.0,0.887138
9004.0,28.0,0.585924
9004.0,29.0,0.0
9004.0,30.0,0.464023
9004.0,31.0,0.403772
9004.0,32.0,1.0
9004.0,33.0,0.95124
9004.0,34.0,0.588444
9004.0,35.0,0.697661
9004.0,36.0,0.270482
9005.0,0.0,0.34041
9005.0,1.0,0.327116
9005.0,2.0,0.349258
9005.0,3.0,0.0
9005.0,4.0,0.744705
9005.0,5.0,0.469732
9005.0,6.0,0.0
9005.0,7.0,0.565663
9005.0,8.0,0.753825
9005.0,9.0,0.0
9005.0,10.0,1.0
9005.0,11.0,0.560238
9005.0,12.0,1.0
9005.0,13.0,0.650524
9005.0,14.0,0.153274
9005.0,15.0,1.0
9005.0,16.0,0.382847
9005.0,17.0,0.0
9005.0,18.0,0.0
9005.0,19.0,0.636813
9005.0,20.0,0.321482
9005.0,21.0,0.463542
9005.0,22.0,0.877156
9005.0,23.0,1.0
9005.0,24.0,1.0
9005.0,25.0,0.56357
9005.0,26.0,0.695455
9005.0,27.0,0.888126
9005.0,28.0,0.601752
9005.0,29.0,0.0
9005.0,30.0,0.480041
9005.0,31.0,0.405204
9005.0,32.0,1.0
9005.0,33.0,0.951487
9005.0,34.0,0.590049
9005.0,35.0,0.698987
9005.0,36.0,0.272093
9006.0,0.0,0.336638
9006.0,1.0,0.323679
9006.0,2.0,0.344894
9006.0,3.0,0.0
9006.0,4.0,0.737593
9006.0,5.0,0.461832
9006.0,6.0,0.0
9006.0,7.0,0.557925
9006.0,8.0,0.752895
9006.0,9.0,0.0
9006.0,10.0,1.0
9006.0,11.0,0.536816
9006.0,12.0,1.0
9006.0,13.0,0.62942
9006.0,14.0,0.133145
9006.0,15.0,1.0
9006.0,16.0,0.380148
9006.0,17.0,0.0
9006.0,18.0,0.0
9006.0,19.0,0.625026
9006.0,20.0,0.317728
9006.0,21.0,0.462921
9006.0,22.0,0.875664
9006.0,23.0,1.0
9006.0,24.0,1.0
9006.0,25.0,0.557087
9006.0,26.0,0.655555
9006.0,27.0,0.886766
9006.0,28.0,0.583773
9006.0,29.0,0.0
9006.0,30.0,0.462029
9006.0,31.0,0.403443
9006.0,32.0,1.0
9006.0,33.0,0.951299
9006.0,34.0,0.588902
9006.0,35.0,0.696857
9006.0,36.0,0.269772
9007.0,0.0,0.333443
9007.0,1.0,0.321089
9007.0,2.0,0.340731
9007.0,3.0,0.0
9007.0,4.0,0.730598
9007.0,5.0,0.455039
9007.0,6.0,0.0
9007.0,7.0,0.550014
9007.0,8.0,0.752288
9007.0,9.0,0.0
9007.0,10.0,1.0
9007.0,11.0,0.512771
9007.0,12.0,1.0
9007.0,13.0,0.608461
9007.0,14.0,0.115819
9007.0,15.0,1.0
9007.0,16.0,0.377977
9007.0,17.0,0.0
9007.0,18.0,0.0
9007.0,19.0,0.612783
9007.0,20.0,0.312946
9007.0,21.0,0.462826
9007.0,22.0,0.873772
9007.0,23.0,1.0
9007.0,24.0,1.0
9007.0,25.0,0.551314
9007.0,26.0,0.616016
9007.0,27.0,0.885153
9007.0,28.0,0.565938
9007.0,29.0,0.0
9007.0,30.0,0.444886
9007.0,31.0,0.401817
9007.0,32.0,1.0
9007.0,33.0,0.951365
9007.0,34.0,0.58778
9007.0,35.0,0.695758
9007.0,36.0,0.268501
9008.0,0.0,0.330888
9008.0,1.0,0.318406
9008.0,2.0,0.336924
9008.0,3.0,0.0
9008.0,4.0,0.723313
9008.0,5.0,0.447327
9008.0,6.0,0.0
9008.0,7.0,0.542612
9008.0,8.0,0.752765
9008.0,9.0,0.0
9008.0,10.0,1.0
9008.0,11.0,0.489682
9008.0,12.0,1.0
9008.0,13.0,0.587984
9008.0,14.0,0.101298
9008.0,15.0,1.0
9008.0,16.0,0.37594
9008.0,17.0,0.0
9008.0,18.0,0.0
9008.0,19.0,0.599961
9008.0,20.0,0.309124
9008.0,21.0,0.462385
9008.0,22.0,0.872256
9008.0,23.0,1.0
9008.0,24.0,1.0
9008.0,25.0,0.54549
9008.0,26.0,0.577245
9008.0,27.0,0.883625
9008.0,28.0,0.548157
9008.0,29.0,0.0
9008.0,30.0,0.428581
9008.0,31.0,0.400512
9008.0,32.0,1.0
9008.0,33.0,0.950935
9008.0,34.0,0.586503
9008.0,35.0,0.695741
9008.0,36.0,0.267381
9009.0,0.0,0.327383
9009.0,1.0,0.315996
9009.0,2.0,0.333287
9009.0,3.0,0.0
9009.0,4.0,0.717021
9009.0,5.0,0.439916
9009.0,6.0,0.0
9009.0,7.0,0.535606
9009.0,8.0,0.752856
9009.0,9.0,0.0
9009.0,10.0,1.0
9009.0,11.0,0.467513
9009.0,12.0,1.0
9009.0,13.0,0.567645
9009.0,14.0,0.088578
9009.0,15.0,1.0
9009.0,16.0,0.374059
9009.0,17.0,0.0
9009.0,18.0,0.0
9009.0,19.0,0.588321
9009.0,20.0,0.305196
9009.0,21.0,0.461981
9009.0,22.0,0.870104
9009.0,23.0,1.0
9009.0,24.0,1.0
9009.0,25.0,0.540587
9009.0,26.0,0.539492
9009.0,27.0,0.882305
9009.0,28.0,0.531067
9009.0,29.0,0.0
9009.0,30.0,0.413959
9009.0,31.0,0.398627
9009.0,32.0,1.0
9009.0,33.0,0.950317
9009.0,34.0,0.585534
9009.0,35.0,0.694404
9009.0,36.0,0.265562
9010.0,0.0,0.32408
9010.0,1.0,0.313624
9010.0,2.0,0.329397
9010.0,3.0,0.0
9010.0,4.0,0.709838
9010.0,5.0,0.432627
9010.0,6.0,0.0
9010.0,7.0,0.527808
9010.0,8.0,0.752348
9010.0,9.0,0.0
9010.0,10.0,1.0
9010.0,11.0,0.444979
9010.0,12.0,1.0
9010.0,13.0,0.548078
9010.0,14.0,0.077466
9010.0,15.0,1.0
9010.0,16.0,0.371672
9010.0,17.0,0.0
9010.0,18.0,0.0
9010.0,19.0,0.577244
9010.0,20.0,0.300966
9010.0,21.0,0.461262
9010.0,22.0,0.868435
9010.0,23.0,1.0
9010.0,24.0,1.0
9010.0,25.0,0.534754
9010.0,26.0,0.503184
9010.0,27.0,0.880914
9010.0,28.0,0.513874
9010.0,29.0,0.0
9010.0,30.0,0.399281
9010.0,31.0,0.397946
9010.0,32.0,1.0
9010.0,33.0,0.950331
9010.0,34.0,0.583895
9010.0,35.0,0.692769
9010.0,36.0,0.264458
10000.0,0.0,0.323684
10000.0,1.0,0.318991
10000.0,2.0,0.331025
10000.0,3.0,0.0
10000.0,4.0,0.713625
10000.0,5.0,0.433801
10000.0,6.0,0.0
10000.0,7.0,0.550178
10000.0,8.0,0.762401
10000.0,9.0,0.0
10000.0,10.0,1.0
10000.0,11.0,0.440513
10000.0,12.0,1.0
10000.0,13.0,0.546346
10000.0,14.0,0.079914
10000.0,15.0,1.0
10000.0,16.0,0.372777
10000.0,17.0,0.0
10000.0,18.0,0.0
10000.0,19.0,0.567647
10000.0,20.0,0.298771
10000.0,21.0,0.460554
10000.0,22.0,0.850892
10000.0,23.0,1.0
10000.0,24.0,1.0
10000.0,25.0,0.540463
10000.0,26.0,0.500447
10000.0,27.0,0.902131
10000.0,28.0,0.514855
10000.0,29.0,0.0
10000.0,30.0,0.397451
10000.0,31.0,0.399744
10000.0,32.0,1.0
10000.0,33.0,0.953145
10000.0,34.0,0.586545
10000.0,35.0,0.698328
10000.0,36.0,0.254661
10001.0,0.0,0.327646
10001.0,1.0,0.321175
10001.0,2.0,0.335248
10001.0,3.0,0.0
10001.0,4.0,0.720489
10001.0,5.0,0.441916
10001.0,6.0,0.0
10001.0,7.0,0.557027
10001.0,8.0,0.763065
10001.0,9.0,0.0
10001.0,10.0,1.0
10001.0,11.0,0.465411
10001.0,12.0,1.0
10001.0,13.0,0.569421
10001.0,14.0,0.092539
10001.0,15.0,1.0
10001.0,16.0,0.374522
10001.0,17.0,0.0
10001.0,18.0,0.0
10001.0,19.0,0.58002
10001.0,20.0,0.3035
10001.0,21.0,0.462719
10001.0,22.0,0.853161
10001.0,23.0,1.0
10001.0,24.0,1.0
10001.0,25.0,0.545244
10001.0,26.0,0.542926
10001.0,27.0,0.90302
10001.0,28.0,0.534248
10001.0,29.0,0.0
10001.0,30.0,0.414416
10001.0,31.0,0.400777
10001.0,32.0,1.0
10001.0,33.0,0.953485
10001.0,34.0,0.587946
10001.0,35.0,0.699675
10001.0,36.0,0.255853
10002.0,0.0,0.332106
10002.0,1.0,0.323816
10002.0,2.0,0.33906
10002.0,3.0,0.0
10002.0,4.0,0.727246
10002.0,5.0,0.44966
10002.0,6.0,0.0
10002.0,7.0,0.564609
10002.0,8.0,0.763273
10002.0,9.0,0.0
10002.0,10.0,1.0
10002.0,11.0,0.489615
10002.0,12.0,1.0
10002.0,13.0,0.590522
10002.0,14.0,0.106928
10002.0,15.0,1.0
10002.0,16.0,0.375664
10002.0,17.0,0.0
10002.0,18.0,0.0
10002.0,19.0,0.591928
10002.0,20.0,0.307197
10002.0,21.0,0.46345
10002.0,22.0,0.85522
10002.0,23.0,1.0
10002.0,24.0,1.0
10002.0,25.0,0.550908
10002.0,26.0,0.583878
10002.0,27.0,0.904165
10002.0,28.0,0.552406
10002.0,29.0,0.0
10002.0,30.0,0.430852
10002.0,31.0,0.401697
10002.0,32.0,1.0
10002.0,33.0,0.953981
10002.0,34.0,0.588298
10002.0,35.0,0.700976
10002.0,36.0,0.256761
10003.0,0.0,0.336423
10003.0,1.0,0.325646
10003.0,2.0,0.343296
10003.0,3.0,0.0
10003.0,4.0,0.734653
10003.0,5.0,0.457926
10003.0,6.0,0.0
10003.0,7.0,0.572146
10003.0,8.0,0.764393
10003.0,9.0,0.0
10003.0,10.0,1.0
10003.0,11.0,0.512079
10003.0,12.0,1.0
10003.0,13.0,0.610938
10003.0,14.0,0.123072
10003.0,15.0,1.0
10003.0,16.0,0.377515
10003.0,17.0,0.0
10003.0,18.0,0.0
10003.0,19.0,0.603472
10003.0,20.0,0.311846
10003.0,21.0,0.46387
10003.0,22.0,0.857531
10003.0,23.0,1.0
10003.0,24.0,1.0
10003.0,25.0,0.556897
10003.0,26.0,0.622117
10003.0,27.0,0.905024
10003.0,28.0,0.571061
10003.0,29.0,0.0
10003.0,30.0,0.447428
10003.0,31.0,0.401901
10003.0,32.0,1.0
10003.0,33.0,0.953761
10003.0,34.0,0.589059
10003.0,35.0,0.703074
10003.0,36.0,0.258763
10004.0,0.0,0.339935
10004.0,1.0,0.327447
10004.0,2.0,0.346415
10004.0,3.0,0.0
10004.0,4.0,0.741789
10004.0,5.0,0.464826
10004.0,6.0,0.0
10004.0,7.0,0.580043
10004.0,8.0,0.765267
10004.0,9.0,0.0
10004.0,10.0,1.0
10004.0,11.0,0.534796
10004.0,12.0,1.0
10004.0,13.0,0.629243
10004.0,14.0,0.140136
10004.0,15.0,1.0
10004.0,16.0,0.379072
10004.0,17.0,0.0
10004.0,18.0,0.0
10004.0,19.0,0.614912
10004.0,20.0,0.316759
10004.0,21.0,0.464508
10004.0,22.0,0.858935
10004.0,23.0,1.0
10004.0,24.0,1.0
10004.0,25.0,0.562379
10004.0,26.0,0.659386
10004.0,27.0,0.906044
10004.0,28.0,0.586559
10004.0,29.0,0.0
10004.0,30.0,0.463987
10004.0,31.0,0.402426
10004.0,32.0,1.0
10004.0,33.0,0.953882
10004.0,34.0,0.590688
10004.0,35.0,0.705076
10004.0,36.0,0.260344
10005.0,0.0,0.343304
10005.0,1.0,0.329765
10005.0,2.0,0.35012
10005.0,3.0,0.0
10005.0,4.0,0.74781
10005.0,5.0,0.472996
10005.0,6.0,0.0
10005.0,7.0,0.586682
10005.0,8.0,0.765404
10005.0,9.0,0.0
10005.0,10.0,1.0
10005.0,11.0,0.555457
10005.0,12.0,1.0
10005.0,13.0,0.647058
10005.0,14.0,0.15824
10005.0,15.0,1.0
10005.0,16.0,0.381233
10005.0,17.0,0.0
10005.0,18.0,0.0
10005.0,19.0,0.625288
10005.0,20.0,0.320612
10005.0,21.0,0.464028
10005.0,22.0,0.860839
10005.0,23.0,1.0
10005.0,24.0,1.0
10005.0,25.0,0.567212
10005.0,26.0,0.693256
10005.0,27.0,0.907051
10005.0,28.0,0.602482
10005.0,29.0,0.0
10005.0,30.0,0.47957
10005.0,31.0,0.402866
10005.0,32.0,1.0
10005.0,33.0,0.953656
10005.0,34.0,0.591765
10005.0,35.0,0.706313
10005.0,36.0,0.262308
10006.0,0.0,0.339701
10006.0,1.0,0.327146
10006.0,2.0,0.345932
10006.0,3.0,0.0
10006.0,4.0,0.741087
10006.0,5.0,0.463679
10006.0,6.0,0.0
10006.0,7.0,0.579337
10006.0,8.0,0.764273
10006.0,9.0,0.0
10006.0,10.0,1.0
10006.0,11.0,0.532769
10006.0,12.0,1.0
10006.0,13.0,0.627075
10006.0,14.0,0.137809
10006.0,15.0,1.0
10006.0,16.0,0.378533
10006.0,17.0,0.0
10006.0,18.0,0.0
10006.0,19.0,0.613648
10006.0,20.0,0.316291
10006.0,21.0,0.463123
10006.0,22.0,0.857992
10006.0,23.0,1.0
10006.0,24.0,1.0
10006.0,25.0,0.560921
10006.0,26.0,0.65254
10006.0,27.0,0.905921
10006.0,28.0,0.584724
10006.0,29.0,0.0
10006.0,30.0,0.461389
10006.0,31.0,0.402998
10006.0,32.0,1.0
10006.0,33.0,0.95331
10006.0,34.0,0.590124
10006.0,35.0,0.704247
10006.0,36.0,0.260889
10007.0,0.0,0.336021
10007.0,1.0,0.324991
10007.0,2.0,0.342976
10007.0,3.0,0.0
10007.0,4.0,0.734579
10007.0,5.0,0.455661
10007.0,6.0,0.0
10007.0,7.0,0.572017
10007.0,8.0,0.764297
10007.0,9.0,0.0
10007.0,10.0,1.0
10007.0,11.0,0.509479
10007.0,12.0,1.0
10007.0,13.0,0.606772
10007.0,14.0,0.120195
10007.0,15.0,1.0
10007.0,16.0,0.376441
10007.0,17.0,0.0
10007.0,18.0,0.0
10007.0,19.0,0.601033
10007.0,20.0,0.311992
10007.0,21.0,0.462661
10007.0,22.0,0.856583
10007.0,23.0,1.0
10007.0,24.0,1.0
10007.0,25.0,0.556208
10007.0,26.0,0.613107
10007.0,27.0,0.904445
10007.0,28.0,0.567008
10007.0,29.0,0.0
10007.0,30.0,0.444856
10007.0,31.0,0.402016
10007.0,32.0,1.0
10007.0,33.0,0.953317
10007.0,34.0,0.589274
10007.0,35.0,0.702778
10007.0,36.0,0.259296
10008.0,0.0,0.331771
10008.0,1.0,0.322585
10008.0,2.0,0.338496
10008.0,3.0,0.0
10008.0,4.0,0.726945
10008.0,5.0,0.447857
10008.0,6.0,0.0
10008.0,7.0,0.566151
10008.0,8.0,0.764431
10008.0,9.0,0.0
10008.0,10.0,1.0
10008.0,11.0,0.486562
10008.0,12.0,1.0
10008.0,13.0,0.586534
10008.0,14.0,0.104814
10008.0,15.0,1.0
10008.0,16.0,0.374133
10008.0,17.0,0.0
10008.0,18.0,0.0
10008.0,19.0,0.58941
10008.0,20.0,0.307609
10008.0,21.0,0.461901
10008.0,22.0,0.854386
10008.0,23.0,1.0
10008.0,24.0,1.0
10008.0,25.0,0.551009
10008.0,26.0,0.574608
10008.0,27.0,0.903297
10008.0,28.0,0.548521
10008.0,29.0,0.0
10008.0,30.0,0.428325
10008.0,31.0,0.400941
10008.0,32.0,1.0
10008.0,33.0,0.953116
10008.0,34.0,0.587616
10008.0,35.0,0.701411
10008.0,36.0,0.257308
10009.0,0.0,0.328091
10009.0,1.0,0.320232
10009.0,2.0,0.334346
10009.0,3.0,0.0
10009.0,4.0,0.719749
10009.0,5.0,0.44025
10009.0,6.0,0.0
10009.0,7.0,0.558946
10009.0,8.0,0.764483
10009.0,9.0,0.0
10009.0,10.0,1.0
10009.0,11.0,0.46373
10009.0,12.0,1.0
10009.0,13.0,0.566673
10009.0,14.0,0.091075
10009.0,15.0,1.0
10009.0,16.0,0.372457
10009.0,17.0,0.0
10009.0,18.0,0.0
10009.0,19.0,0.578693
10009.0,20.0,0.304265
10009.0,21.0,0.461715
10009.0,22.0,0.852165
10009.0,23.0,1.0
10009.0,24.0,1.0
10009.0,25.0,0.545617
10009.0,26.0,0.537366
10009.0,27.0,0.902759
10009.0,28.0,0.530939
10009.0,29.0,0.0
10009.0,30.0,0.412795
10009.0,31.0,0.400005
10009.0,32.0,1.0
10009.0,33.0,0.952742
10009.0,34.0,0.586773
10009.0,35.0,0.700183
10009.0,36.0,0.255677
10010.0,0.0,0.324262
10010.0,1.0,0.317562
10010.0,2.0,0.331319
10010.0,3.0,0.0
10010.0,4.0,0.712546
10010.0,5.0,0.432794
10010.0,6.0,0.0
10010.0,7.0,0.552047
10010.0,8.0,0.764288
10010.0,9.0,0.0
10010.0,10.0,1.0
10010.0,11.0,0.441674
10010.0,12.0,1.0
10010.0,13.0,0.545764
10010.0,14.0,0.079528
10010.0,15.0,1.0
10010.0,16.0,0.370672
10010.0,17.0,0.0
10010.0,18.0,0.0
10010.0,19.0,0.567066
10010.0,20.0,0.29961
10010.0,21.0,0.460563
10010.0,22.0,0.849827
10010.0,23.0,1.0
10010.0,24.0,1.0
10010.0,25.0,0.541468
10010.0,26.0,0.501411
10010.0,27.0,0.901546
10010.0,28.0,0.513536
10010.0,29.0,0.0
10010.0,30.0,0.398032
10010.0,31.0,0.399269
10010.0,32.0,1.0
10010.0,33.0,0.952615
10010.0,34.0,0.586175
10010.0,35.0,0.698654
10010.0,36.0,0.254173
