FREQUENCIES 
Gen,mut_id,mut_freq
1.0,0.0,0.5
1.0,1.0,0.5
1.0,2.0,0.5
1.0,3.0,0.5
1.0,4.0,0.5
1.0,5.0,0.5
1.0,6.0,0.5
1.0,7.0,0.5
1.0,8.0,0.5
1.0,9.0,0.5
1.0,10.0,0.5
1.0,11.0,0.5
1.0,12.0,0.5
1.0,13.0,0.5
1.0,14.0,0.5
1.0,15.0,0.5
1.0,16.0,0.5
1.0,17.0,0.5
1.0,18.0,0.5
1.0,19.0,0.5
1.0,20.0,0.5
1.0,21.0,0.5
1.0,22.0,0.5
1.0,23.0,0.5
1.0,24.0,0.5
1.0,25.0,0.5
1.0,26.0,0.5
1.0,27.0,0.5
1.0,28.0,0.5
1.0,29.0,0.5
1.0,30.0,0.5
1.0,31.0,0.5
1.0,32.0,0.5
1.0,33.0,0.5
1.0,34.0,0.5
1.0,35.0,0.5
1.0,36.0,0.5
1000.0,0.0,0.866294
1000.0,1.0,0.446204
1000.0,2.0,1.0
1000.0,3.0,0.519244
1000.0,4.0,0.259717
1000.0,5.0,0.200628
1000.0,6.0,0.982798
1000.0,7.0,0.022419
1000.0,8.0,0.205596
1000.0,9.0,0.272687
1000.0,10.0,0.175202
1000.0,11.0,0.0
1000.0,12.0,0.360534
1000.0,13.0,0.30409
1000.0,14.0,0.026
1000.0,15.0,0.575225
1000.0,16.0,0.457246
1000.0,17.0,0.568448
1000.0,18.0,0.158044
1000.0,19.0,0.73717
1000.0,20.0,0.706277
1000.0,21.0,0.321348
1000.0,22.0,0.653336
1000.0,23.0,0.526127
1000.0,24.0,0.474732
1000.0,25.0,0.568424
1000.0,26.0,1.0
1000.0,27.0,0.409418
1000.0,28.0,0.346105
1000.0,29.0,0.28318
1000.0,30.0,0.268882
1000.0,31.0,0.440419
1000.0,32.0,0.016684
1000.0,33.0,0.470152
1000.0,34.0,1.0
1000.0,35.0,0.28056
1000.0,36.0,0.402757
1001.0,0.0,0.871207
1001.0,1.0,0.448063
1001.0,2.0,1.0
1001.0,3.0,0.520475
1001.0,4.0,0.270128
1001.0,5.0,0.201867
1001.0,6.0,0.983917
1001.0,7.0,0.02334
1001.0,8.0,0.208397
1001.0,9.0,0.281564
1001.0,10.0,0.181736
1001.0,11.0,0.0
1001.0,12.0,0.362248
1001.0,13.0,0.309445
1001.0,14.0,0.027762
1001.0,15.0,0.57863
1001.0,16.0,0.472469
1001.0,17.0,0.570818
1001.0,18.0,0.16223
1001.0,19.0,0.737728
1001.0,20.0,0.712211
1001.0,21.0,0.323548
1001.0,22.0,0.659968
1001.0,23.0,0.556833
1001.0,24.0,0.476885
1001.0,25.0,0.582329
1001.0,26.0,1.0
1001.0,27.0,0.422896
1001.0,28.0,0.352285
1001.0,29.0,0.286767
1001.0,30.0,0.284528
1001.0,31.0,0.448582
1001.0,32.0,0.017192
1001.0,33.0,0.471005
1001.0,34.0,1.0
1001.0,35.0,0.28404
1001.0,36.0,0.402914
1002.0,0.0,0.87592
1002.0,1.0,0.449198
1002.0,2.0,1.0
1002.0,3.0,0.522958
1002.0,4.0,0.281301
1002.0,5.0,0.202874
1002.0,6.0,0.985084
1002.0,7.0,0.024193
1002.0,8.0,0.211068
1002.0,9.0,0.289892
1002.0,10.0,0.188409
1002.0,11.0,0.0
1002.0,12.0,0.363739
1002.0,13.0,0.314067
1002.0,14.0,0.029464
1002.0,15.0,0.582422
1002.0,16.0,0.487246
1002.0,17.0,0.572781
1002.0,18.0,0.165402
1002.0,19.0,0.738216
1002.0,20.0,0.71847
1002.0,21.0,0.326121
1002.0,22.0,0.666074
1002.0,23.0,0.587225
1002.0,24.0,0.479629
1002.0,25.0,0.596509
1002.0,26.0,1.0
1002.0,27.0,0.436111
1002.0,28.0,0.358192
1002.0,29.0,0.2903
1002.0,30.0,0.30053
1002.0,31.0,0.456839
1002.0,32.0,0.017694
1002.0,33.0,0.472002
1002.0,34.0,1.0
1002.0,35.0,0.287046
1002.0,36.0,0.403577
1003.0,0.0,0.880696
1003.0,1.0,0.450967
1003.0,2.0,1.0
1003.0,3.0,0.524639
1003.0,4.0,0.29248
1003.0,5.0,0.204
1003.0,6.0,0.986311
1003.0,7.0,0.025026
1003.0,8.0,0.214091
1003.0,9.0,0.298613
1003.0,10.0,0.195209
1003.0,11.0,0.0
1003.0,12.0,0.365147
1003.0,13.0,0.31751
1003.0,14.0,0.030728
1003.0,15.0,0.586139
1003.0,16.0,0.500167
1003.0,17.0,0.574688
1003.0,18.0,0.168694
1003.0,19.0,0.739337
1003.0,20.0,0.724134
1003.0,21.0,0.327874
1003.0,22.0,0.672444
1003.0,23.0,0.618186
1003.0,24.0,0.482688
1003.0,25.0,0.61012
1003.0,26.0,1.0
1003.0,27.0,0.449353
1003.0,28.0,0.364356
1003.0,29.0,0.294784
1003.0,30.0,0.316632
1003.0,31.0,0.464028
1003.0,32.0,0.018493
1003.0,33.0,0.47259
1003.0,34.0,1.0
1003.0,35.0,0.290782
1003.0,36.0,0.404555
1004.0,0.0,0.885177
1004.0,1.0,0.452014
1004.0,2.0,1.0
1004.0,3.0,0.527727
1004.0,4.0,0.302795
1004.0,5.0,0.205538
1004.0,6.0,0.987323
1004.0,7.0,0.026017
1004.0,8.0,0.217295
1004.0,9.0,0.30678
1004.0,10.0,0.201801
1004.0,11.0,0.0
1004.0,12.0,0.367291
1004.0,13.0,0.321745
1004.0,14.0,0.032527
1004.0,15.0,0.589916
1004.0,16.0,0.514058
1004.0,17.0,0.576404
1004.0,18.0,0.172247
1004.0,19.0,0.74112
1004.0,20.0,0.729294
1004.0,21.0,0.329845
1004.0,22.0,0.678355
1004.0,23.0,0.649074
1004.0,24.0,0.485867
1004.0,25.0,0.623137
1004.0,26.0,1.0
1004.0,27.0,0.461647
1004.0,28.0,0.370945
1004.0,29.0,0.297718
1004.0,30.0,0.332964
1004.0,31.0,0.471001
1004.0,32.0,0.019091
1004.0,33.0,0.472371
1004.0,34.0,1.0
1004.0,35.0,0.29476
1004.0,36.0,0.405698
1005.0,0.0,0.889413
1005.0,1.0,0.453433
1005.0,2.0,1.0
1005.0,3.0,0.530796
1005.0,4.0,0.314823
1005.0,5.0,0.206714
1005.0,6.0,0.988241
1005.0,7.0,0.026856
1005.0,8.0,0.219925
1005.0,9.0,0.31449
1005.0,10.0,0.208511
1005.0,11.0,0.0
1005.0,12.0,0.369362
1005.0,13.0,0.326051
1005.0,14.0,0.034416
1005.0,15.0,0.593886
1005.0,16.0,0.527955
1005.0,17.0,0.577675
1005.0,18.0,0.175982
1005.0,19.0,0.742872
1005.0,20.0,0.734125
1005.0,21.0,0.332727
1005.0,22.0,0.684061
1005.0,23.0,0.677723
1005.0,24.0,0.488327
1005.0,25.0,0.635294
1005.0,26.0,1.0
1005.0,27.0,0.474191
1005.0,28.0,0.377033
1005.0,29.0,0.301344
1005.0,30.0,0.349323
1005.0,31.0,0.47896
1005.0,32.0,0.019765
1005.0,33.0,0.473548
1005.0,34.0,1.0
1005.0,35.0,0.298206
1005.0,36.0,0.406118
1006.0,0.0,0.885152
1006.0,1.0,0.452469
1006.0,2.0,1.0
1006.0,3.0,0.528664
1006.0,4.0,0.303541
1006.0,5.0,0.204946
1006.0,6.0,0.987396
1006.0,7.0,0.025735
1006.0,8.0,0.216625
1006.0,9.0,0.306121
1006.0,10.0,0.200543
1006.0,11.0,0.0
1006.0,12.0,0.367691
1006.0,13.0,0.321528
1006.0,14.0,0.032383
1006.0,15.0,0.590229
1006.0,16.0,0.514758
1006.0,17.0,0.575557
1006.0,18.0,0.171931
1006.0,19.0,0.741555
1006.0,20.0,0.728659
1006.0,21.0,0.330477
1006.0,22.0,0.676952
1006.0,23.0,0.646436
1006.0,24.0,0.485432
1006.0,25.0,0.621984
1006.0,26.0,1.0
1006.0,27.0,0.460373
1006.0,28.0,0.369755
1006.0,29.0,0.297014
1006.0,30.0,0.329084
1006.0,31.0,0.47149
1006.0,32.0,0.019022
1006.0,33.0,0.47315
1006.0,34.0,1.0
1006.0,35.0,0.294499
1006.0,36.0,0.406716
1007.0,0.0,0.880972
1007.0,1.0,0.450387
1007.0,2.0,1.0
1007.0,3.0,0.526888
1007.0,4.0,0.291262
1007.0,5.0,0.203486
1007.0,6.0,0.986397
1007.0,7.0,0.024873
1007.0,8.0,0.21296
1007.0,9.0,0.297723
1007.0,10.0,0.19285
1007.0,11.0,0.0
1007.0,12.0,0.365798
1007.0,13.0,0.316219
1007.0,14.0,0.030418
1007.0,15.0,0.58659
1007.0,16.0,0.500438
1007.0,17.0,0.572608
1007.0,18.0,0.168367
1007.0,19.0,0.741616
1007.0,20.0,0.724182
1007.0,21.0,0.327683
1007.0,22.0,0.670664
1007.0,23.0,0.615141
1007.0,24.0,0.482144
1007.0,25.0,0.609003
1007.0,26.0,1.0
1007.0,27.0,0.447096
1007.0,28.0,0.363148
1007.0,29.0,0.293755
1007.0,30.0,0.312008
1007.0,31.0,0.463652
1007.0,32.0,0.018594
1007.0,33.0,0.4723
1007.0,34.0,1.0
1007.0,35.0,0.29086
1007.0,36.0,0.406507
1008.0,0.0,0.875948
1008.0,1.0,0.448873
1008.0,2.0,1.0
1008.0,3.0,0.524959
1008.0,4.0,0.27989
1008.0,5.0,0.201661
1008.0,6.0,0.985547
1008.0,7.0,0.023977
1008.0,8.0,0.210956
1008.0,9.0,0.288547
1008.0,10.0,0.186153
1008.0,11.0,0.0
1008.0,12.0,0.364192
1008.0,13.0,0.312098
1008.0,14.0,0.028759
1008.0,15.0,0.582864
1008.0,16.0,0.487007
1008.0,17.0,0.570356
1008.0,18.0,0.164368
1008.0,19.0,0.741864
1008.0,20.0,0.719125
1008.0,21.0,0.325897
1008.0,22.0,0.663637
1008.0,23.0,0.584478
1008.0,24.0,0.478786
1008.0,25.0,0.596243
1008.0,26.0,1.0
1008.0,27.0,0.434178
1008.0,28.0,0.357439
1008.0,29.0,0.289863
1008.0,30.0,0.296579
1008.0,31.0,0.456238
1008.0,32.0,0.017938
1008.0,33.0,0.471366
1008.0,34.0,1.0
1008.0,35.0,0.287804
1008.0,36.0,0.405599
1009.0,0.0,0.870628
1009.0,1.0,0.448206
1009.0,2.0,1.0
1009.0,3.0,0.521869
1009.0,4.0,0.268982
1009.0,5.0,0.200281
1009.0,6.0,0.984353
1009.0,7.0,0.022962
1009.0,8.0,0.207901
1009.0,9.0,0.27991
1009.0,10.0,0.179798
1009.0,11.0,0.0
1009.0,12.0,0.361942
1009.0,13.0,0.308175
1009.0,14.0,0.027153
1009.0,15.0,0.579245
1009.0,16.0,0.473471
1009.0,17.0,0.568909
1009.0,18.0,0.160352
1009.0,19.0,0.74137
1009.0,20.0,0.714545
1009.0,21.0,0.323277
1009.0,22.0,0.657932
1009.0,23.0,0.555406
1009.0,24.0,0.475999
1009.0,25.0,0.583783
1009.0,26.0,1.0
1009.0,27.0,0.421329
1009.0,28.0,0.350349
1009.0,29.0,0.28564
1009.0,30.0,0.282094
1009.0,31.0,0.449809
1009.0,32.0,0.017541
1009.0,33.0,0.47172
1009.0,34.0,1.0
1009.0,35.0,0.284372
1009.0,36.0,0.404231
1010.0,0.0,0.865088
1010.0,1.0,0.44588
1010.0,2.0,1.0
1010.0,3.0,0.519883
1010.0,4.0,0.259246
1010.0,5.0,0.19877
1010.0,6.0,0.983241
1010.0,7.0,0.021988
1010.0,8.0,0.205064
1010.0,9.0,0.272142
1010.0,10.0,0.174085
1010.0,11.0,0.0
1010.0,12.0,0.360888
1010.0,13.0,0.304227
1010.0,14.0,0.025644
1010.0,15.0,0.576514
1010.0,16.0,0.459294
1010.0,17.0,0.567253
1010.0,18.0,0.156275
1010.0,19.0,0.740842
1010.0,20.0,0.708909
1010.0,21.0,0.321415
1010.0,22.0,0.651599
1010.0,23.0,0.525811
1010.0,24.0,0.473677
1010.0,25.0,0.570312
1010.0,26.0,1.0
1010.0,27.0,0.409098
1010.0,28.0,0.344249
1010.0,29.0,0.282171
1010.0,30.0,0.268612
1010.0,31.0,0.441949
1010.0,32.0,0.016707
1010.0,33.0,0.471216
1010.0,34.0,1.0
1010.0,35.0,0.279985
1010.0,36.0,0.403511
2000.0,0.0,0.887808
2000.0,1.0,0.445242
2000.0,2.0,1.0
2000.0,3.0,0.478267
2000.0,4.0,0.260638
2000.0,5.0,0.13834
2000.0,6.0,0.999163
2000.0,7.0,0.005549
2000.0,8.0,0.21497
2000.0,9.0,0.275266
2000.0,10.0,0.174111
2000.0,11.0,0.0
2000.0,12.0,0.345915
2000.0,13.0,0.299047
2000.0,14.0,0.019441
2000.0,15.0,0.578242
2000.0,16.0,0.451456
2000.0,17.0,0.617955
2000.0,18.0,0.148781
2000.0,19.0,0.803277
2000.0,20.0,0.712056
2000.0,21.0,0.235774
2000.0,22.0,0.648722
2000.0,23.0,0.537505
2000.0,24.0,0.462115
2000.0,25.0,0.576704
2000.0,26.0,1.0
2000.0,27.0,0.42112
2000.0,28.0,0.341075
2000.0,29.0,0.274706
2000.0,30.0,0.268558
2000.0,31.0,0.439537
2000.0,32.0,0.009405
2000.0,33.0,0.448381
2000.0,34.0,1.0
2000.0,35.0,0.270203
2000.0,36.0,0.353516
2001.0,0.0,0.892559
2001.0,1.0,0.446827
2001.0,2.0,1.0
2001.0,3.0,0.480221
2001.0,4.0,0.271646
2001.0,5.0,0.13906
2001.0,6.0,0.999198
2001.0,7.0,0.005565
2001.0,8.0,0.217886
2001.0,9.0,0.284327
2001.0,10.0,0.18053
2001.0,11.0,0.0
2001.0,12.0,0.346981
2001.0,13.0,0.303725
2001.0,14.0,0.020571
2001.0,15.0,0.582964
2001.0,16.0,0.467247
2001.0,17.0,0.61942
2001.0,18.0,0.151773
2001.0,19.0,0.804462
2001.0,20.0,0.717303
2001.0,21.0,0.238288
2001.0,22.0,0.655311
2001.0,23.0,0.569173
2001.0,24.0,0.46621
2001.0,25.0,0.590352
2001.0,26.0,1.0
2001.0,27.0,0.434783
2001.0,28.0,0.34835
2001.0,29.0,0.278542
2001.0,30.0,0.283478
2001.0,31.0,0.447288
2001.0,32.0,0.009766
2001.0,33.0,0.449246
2001.0,34.0,1.0
2001.0,35.0,0.273533
2001.0,36.0,0.354398
2002.0,0.0,0.896844
2002.0,1.0,0.449356
2002.0,2.0,1.0
2002.0,3.0,0.482354
2002.0,4.0,0.282268
2002.0,5.0,0.139891
2002.0,6.0,0.99922
2002.0,7.0,0.005775
2002.0,8.0,0.221136
2002.0,9.0,0.293256
2002.0,10.0,0.18722
2002.0,11.0,0.0
2002.0,12.0,0.349248
2002.0,13.0,0.30899
2002.0,14.0,0.021921
2002.0,15.0,0.585688
2002.0,16.0,0.481354
2002.0,17.0,0.620722
2002.0,18.0,0.155445
2002.0,19.0,0.805394
2002.0,20.0,0.722658
2002.0,21.0,0.240724
2002.0,22.0,0.661599
2002.0,23.0,0.60054
2002.0,24.0,0.468954
2002.0,25.0,0.60507
2002.0,26.0,1.0
2002.0,27.0,0.44874
2002.0,28.0,0.354146
2002.0,29.0,0.281576
2002.0,30.0,0.299843
2002.0,31.0,0.454713
2002.0,32.0,0.010204
2002.0,33.0,0.449596
2002.0,34.0,1.0
2002.0,35.0,0.276096
2002.0,36.0,0.355265
2003.0,0.0,0.900481
2003.0,1.0,0.450743
2003.0,2.0,1.0
2003.0,3.0,0.483763
2003.0,4.0,0.292162
2003.0,5.0,0.140778
2003.0,6.0,0.999304
2003.0,7.0,0.006188
2003.0,8.0,0.224101
2003.0,9.0,0.302035
2003.0,10.0,0.193442
2003.0,11.0,0.0
2003.0,12.0,0.34947
2003.0,13.0,0.313648
2003.0,14.0,0.022996
2003.0,15.0,0.589951
2003.0,16.0,0.495114
2003.0,17.0,0.622065
2003.0,18.0,0.158612
2003.0,19.0,0.806027
2003.0,20.0,0.727087
2003.0,21.0,0.243091
2003.0,22.0,0.667772
2003.0,23.0,0.631506
2003.0,24.0,0.472535
2003.0,25.0,0.618319
2003.0,26.0,1.0
2003.0,27.0,0.461825
2003.0,28.0,0.361046
2003.0,29.0,0.286218
2003.0,30.0,0.315982
2003.0,31.0,0.463019
2003.0,32.0,0.010665
2003.0,33.0,0.450021
2003.0,34.0,1.0
2003.0,35.0,0.278996
2003.0,36.0,0.355924
2004.0,0.0,0.90386
2004.0,1.0,0.452784
2004.0,2.0,1.0
2004.0,3.0,0.4857
2004.0,4.0,0.30309
2004.0,5.0,0.142325
2004.0,6.0,0.999336
2004.0,7.0,0.006484
2004.0,8.0,0.226338
2004.0,9.0,0.309289
2004.0,10.0,0.199675
2004.0,11.0,0.0
2004.0,12.0,0.350766
2004.0,13.0,0.318107
2004.0,14.0,0.024109
2004.0,15.0,0.593348
2004.0,16.0,0.509312
2004.0,17.0,0.623454
2004.0,18.0,0.161703
2004.0,19.0,0.806895
2004.0,20.0,0.731546
2004.0,21.0,0.24511
2004.0,22.0,0.674006
2004.0,23.0,0.661703
2004.0,24.0,0.476211
2004.0,25.0,0.631007
2004.0,26.0,1.0
2004.0,27.0,0.473519
2004.0,28.0,0.367437
2004.0,29.0,0.290159
2004.0,30.0,0.332105
2004.0,31.0,0.471175
2004.0,32.0,0.01103
2004.0,33.0,0.450411
2004.0,34.0,1.0
2004.0,35.0,0.282258
2004.0,36.0,0.356953
2005.0,0.0,0.907274
2005.0,1.0,0.453575
2005.0,2.0,1.0
2005.0,3.0,0.487651
2005.0,4.0,0.314662
2005.0,5.0,0.143435
2005.0,6.0,0.999396
2005.0,7.0,0.006737
2005.0,8.0,0.230223
2005.0,9.0,0.317986
2005.0,10.0,0.206665
2005.0,11.0,0.0
2005.0,12.0,0.353387
2005.0,13.0,0.322223
2005.0,14.0,0.02544
2005.0,15.0,0.597358
2005.0,16.0,0.522803
2005.0,17.0,0.625863
2005.0,18.0,0.165555
2005.0,19.0,0.807785
2005.0,20.0,0.736164
2005.0,21.0,0.248028
2005.0,22.0,0.680002
2005.0,23.0,0.690869
2005.0,24.0,0.478581
2005.0,25.0,0.643085
2005.0,26.0,1.0
2005.0,27.0,0.485713
2005.0,28.0,0.37424
2005.0,29.0,0.293526
2005.0,30.0,0.348696
2005.0,31.0,0.478891
2005.0,32.0,0.011464
2005.0,33.0,0.450559
2005.0,34.0,1.0
2005.0,35.0,0.285149
2005.0,36.0,0.357717
2006.0,0.0,0.903992
2006.0,1.0,0.452631
2006.0,2.0,1.0
2006.0,3.0,0.485181
2006.0,4.0,0.301993
2006.0,5.0,0.142421
2006.0,6.0,0.999351
2006.0,7.0,0.006508
2006.0,8.0,0.226751
2006.0,9.0,0.309434
2006.0,10.0,0.199618
2006.0,11.0,0.0
2006.0,12.0,0.351681
2006.0,13.0,0.317152
2006.0,14.0,0.023939
2006.0,15.0,0.593192
2006.0,16.0,0.509388
2006.0,17.0,0.623881
2006.0,18.0,0.162214
2006.0,19.0,0.806876
2006.0,20.0,0.73052
2006.0,21.0,0.246171
2006.0,22.0,0.67322
2006.0,23.0,0.659935
2006.0,24.0,0.475336
2006.0,25.0,0.628945
2006.0,26.0,1.0
2006.0,27.0,0.472471
2006.0,28.0,0.367603
2006.0,29.0,0.289376
2006.0,30.0,0.329799
2006.0,31.0,0.471134
2006.0,32.0,0.010995
2006.0,33.0,0.449771
2006.0,34.0,1.0
2006.0,35.0,0.281309
2006.0,36.0,0.356468
2007.0,0.0,0.90071
2007.0,1.0,0.450545
2007.0,2.0,1.0
2007.0,3.0,0.481923
2007.0,4.0,0.290496
2007.0,5.0,0.14099
2007.0,6.0,0.999287
2007.0,7.0,0.00624
2007.0,8.0,0.223753
2007.0,9.0,0.300523
2007.0,10.0,0.192179
2007.0,11.0,0.0
2007.0,12.0,0.349696
2007.0,13.0,0.312323
2007.0,14.0,0.022803
2007.0,15.0,0.589194
2007.0,16.0,0.49542
2007.0,17.0,0.622364
2007.0,18.0,0.158355
2007.0,19.0,0.806014
2007.0,20.0,0.725486
2007.0,21.0,0.244103
2007.0,22.0,0.667236
2007.0,23.0,0.62845
2007.0,24.0,0.473349
2007.0,25.0,0.614038
2007.0,26.0,1.0
2007.0,27.0,0.458972
2007.0,28.0,0.360756
2007.0,29.0,0.285563
2007.0,30.0,0.312459
2007.0,31.0,0.463293
2007.0,32.0,0.010733
2007.0,33.0,0.449389
2007.0,34.0,1.0
2007.0,35.0,0.277685
2007.0,36.0,0.356615
2008.0,0.0,0.897078
2008.0,1.0,0.448206
2008.0,2.0,1.0
2008.0,3.0,0.479656
2008.0,4.0,0.27954
2008.0,5.0,0.140084
2008.0,6.0,0.999219
2008.0,7.0,0.005929
2008.0,8.0,0.22194
2008.0,9.0,0.291555
2008.0,10.0,0.185242
2008.0,11.0,0.0
2008.0,12.0,0.347889
2008.0,13.0,0.307796
2008.0,14.0,0.021445
2008.0,15.0,0.585383
2008.0,16.0,0.480575
2008.0,17.0,0.621139
2008.0,18.0,0.154365
2008.0,19.0,0.805278
2008.0,20.0,0.720176
2008.0,21.0,0.241434
2008.0,22.0,0.661113
2008.0,23.0,0.59702
2008.0,24.0,0.46976
2008.0,25.0,0.600647
2008.0,26.0,1.0
2008.0,27.0,0.445358
2008.0,28.0,0.354603
2008.0,29.0,0.281098
2008.0,30.0,0.296787
2008.0,31.0,0.456536
2008.0,32.0,0.010217
2008.0,33.0,0.448678
2008.0,34.0,1.0
2008.0,35.0,0.27456
2008.0,36.0,0.356936
2009.0,0.0,0.892997
2009.0,1.0,0.446238
2009.0,2.0,1.0
2009.0,3.0,0.477152
2009.0,4.0,0.268483
2009.0,5.0,0.139003
2009.0,6.0,0.999224
2009.0,7.0,0.005666
2009.0,8.0,0.218855
2009.0,9.0,0.283498
2009.0,10.0,0.178763
2009.0,11.0,0.0
2009.0,12.0,0.345327
2009.0,13.0,0.303255
2009.0,14.0,0.020361
2009.0,15.0,0.582067
2009.0,16.0,0.466923
2009.0,17.0,0.619874
2009.0,18.0,0.151745
2009.0,19.0,0.804282
2009.0,20.0,0.715101
2009.0,21.0,0.238989
2009.0,22.0,0.655321
2009.0,23.0,0.565729
2009.0,24.0,0.466375
2009.0,25.0,0.588049
2009.0,26.0,1.0
2009.0,27.0,0.432568
2009.0,28.0,0.348296
2009.0,29.0,0.27739
2009.0,30.0,0.281871
2009.0,31.0,0.44876
2009.0,32.0,0.009677
2009.0,33.0,0.448245
2009.0,34.0,1.0
2009.0,35.0,0.271519
2009.0,36.0,0.355617
2010.0,0.0,0.88933
2010.0,1.0,0.444995
2010.0,2.0,1.0
2010.0,3.0,0.475213
2010.0,4.0,0.257499
2010.0,5.0,0.137757
2010.0,6.0,0.999176
2010.0,7.0,0.005356
2010.0,8.0,0.216264
2010.0,9.0,0.275139
2010.0,10.0,0.173219
2010.0,11.0,0.0
2010.0,12.0,0.34299
2010.0,13.0,0.298261
2010.0,14.0,0.019267
2010.0,15.0,0.579746
2010.0,16.0,0.451736
2010.0,17.0,0.619048
2010.0,18.0,0.148683
2010.0,19.0,0.80289
2010.0,20.0,0.709939
2010.0,21.0,0.236445
2010.0,22.0,0.648965
2010.0,23.0,0.534906
2010.0,24.0,0.464002
2010.0,25.0,0.575502
2010.0,26.0,1.0
2010.0,27.0,0.419913
2010.0,28.0,0.342653
2010.0,29.0,0.274526
2010.0,30.0,0.268662
2010.0,31.0,0.441636
2010.0,32.0,0.009268
2010.0,33.0,0.447779
2010.0,34.0,1.0
2010.0,35.0,0.269098
2010.0,36.0,0.354757
3000.0,0.0,0.882209
3000.0,1.0,0.451134
3000.0,2.0,1.0
3000.0,3.0,0.501468
3000.0,4.0,0.259493
3000.0,5.0,0.126177
3000.0,6.0,1.0
3000.0,7.0,0.001172
3000.0,8.0,0.210421
3000.0,9.0,0.277236
3000.0,10.0,0.17868
3000.0,11.0,0.0
3000.0,12.0,0.35027
3000.0,13.0,0.298361
3000.0,14.0,0.015942
3000.0,15.0,0.570304
3000.0,16.0,0.455041
3000.0,17.0,0.674751
3000.0,18.0,0.150312
3000.0,19.0,0.841073
3000.0,20.0,0.707524
3000.0,21.0,0.192713
3000.0,22.0,0.649766
3000.0,23.0,0.52942
3000.0,24.0,0.464834
3000.0,25.0,0.573211
3000.0,26.0,1.0
3000.0,27.0,0.423493
3000.0,28.0,0.346116
3000.0,29.0,0.279109
3000.0,30.0,0.269576
3000.0,31.0,0.440374
3000.0,32.0,0.002038
3000.0,33.0,0.449107
3000.0,34.0,1.0
3000.0,35.0,0.264686
3000.0,36.0,0.321389
3001.0,0.0,0.887098
3001.0,1.0,0.45303
3001.0,2.0,1.0
3001.0,3.0,0.50309
3001.0,4.0,0.270996
3001.0,5.0,0.126837
3001.0,6.0,1.0
3001.0,7.0,0.001183
3001.0,8.0,0.213357
3001.0,9.0,0.285861
3001.0,10.0,0.184909
3001.0,11.0,0.0
3001.0,12.0,0.352208
3001.0,13.0,0.303063
3001.0,14.0,0.01696
3001.0,15.0,0.574555
3001.0,16.0,0.468926
3001.0,17.0,0.676074
3001.0,18.0,0.153891
3001.0,19.0,0.842488
3001.0,20.0,0.713068
3001.0,21.0,0.194593
3001.0,22.0,0.656674
3001.0,23.0,0.56089
3001.0,24.0,0.467826
3001.0,25.0,0.587494
3001.0,26.0,1.0
3001.0,27.0,0.437365
3001.0,28.0,0.35239
3001.0,29.0,0.282087
3001.0,30.0,0.28534
3001.0,31.0,0.448429
3001.0,32.0,0.002132
3001.0,33.0,0.449687
3001.0,34.0,1.0
3001.0,35.0,0.267989
3001.0,36.0,0.32171
3002.0,0.0,0.892024
3002.0,1.0,0.454155
3002.0,2.0,1.0
3002.0,3.0,0.505693
3002.0,4.0,0.2817
3002.0,5.0,0.127408
3002.0,6.0,1.0
3002.0,7.0,0.001187
3002.0,8.0,0.216053
3002.0,9.0,0.294619
3002.0,10.0,0.191469
3002.0,11.0,0.0
3002.0,12.0,0.353522
3002.0,13.0,0.307656
3002.0,14.0,0.017913
3002.0,15.0,0.579099
3002.0,16.0,0.483925
3002.0,17.0,0.677229
3002.0,18.0,0.157795
3002.0,19.0,0.842786
3002.0,20.0,0.718469
3002.0,21.0,0.196483
3002.0,22.0,0.662939
3002.0,23.0,0.591682
3002.0,24.0,0.47089
3002.0,25.0,0.601884
3002.0,26.0,1.0
3002.0,27.0,0.451088
3002.0,28.0,0.358658
3002.0,29.0,0.28575
3002.0,30.0,0.301429
3002.0,31.0,0.456583
3002.0,32.0,0.002157
3002.0,33.0,0.449759
3002.0,34.0,1.0
3002.0,35.0,0.271379
3002.0,36.0,0.322415
3003.0,0.0,0.896135
3003.0,1.0,0.455999
3003.0,2.0,1.0
3003.0,3.0,0.5071
3003.0,4.0,0.293045
3003.0,5.0,0.128812
3003.0,6.0,1.0
3003.0,7.0,0.001222
3003.0,8.0,0.219022
3003.0,9.0,0.303163
3003.0,10.0,0.1976
3003.0,11.0,0.0
3003.0,12.0,0.355461
3003.0,13.0,0.312183
3003.0,14.0,0.019033
3003.0,15.0,0.583353
3003.0,16.0,0.49811
3003.0,17.0,0.678678
3003.0,18.0,0.160971
3003.0,19.0,0.843179
3003.0,20.0,0.723217
3003.0,21.0,0.198179
3003.0,22.0,0.669445
3003.0,23.0,0.622595
3003.0,24.0,0.473709
3003.0,25.0,0.61562
3003.0,26.0,1.0
3003.0,27.0,0.464469
3003.0,28.0,0.365304
3003.0,29.0,0.288407
3003.0,30.0,0.317067
3003.0,31.0,0.4643
3003.0,32.0,0.002292
3003.0,33.0,0.449833
3003.0,34.0,1.0
3003.0,35.0,0.274255
3003.0,36.0,0.32334
3004.0,0.0,0.90003
3004.0,1.0,0.456601
3004.0,2.0,1.0
3004.0,3.0,0.509132
3004.0,4.0,0.303981
3004.0,5.0,0.129409
3004.0,6.0,1.0
3004.0,7.0,0.001167
3004.0,8.0,0.221395
3004.0,9.0,0.310898
3004.0,10.0,0.204048
3004.0,11.0,0.0
3004.0,12.0,0.356818
3004.0,13.0,0.316062
3004.0,14.0,0.019997
3004.0,15.0,0.587001
3004.0,16.0,0.511149
3004.0,17.0,0.679645
3004.0,18.0,0.164865
3004.0,19.0,0.843433
3004.0,20.0,0.727949
3004.0,21.0,0.200537
3004.0,22.0,0.675289
3004.0,23.0,0.652802
3004.0,24.0,0.47683
3004.0,25.0,0.628775
3004.0,26.0,1.0
3004.0,27.0,0.477678
3004.0,28.0,0.370667
3004.0,29.0,0.290782
3004.0,30.0,0.333651
3004.0,31.0,0.472014
3004.0,32.0,0.002444
3004.0,33.0,0.450362
3004.0,34.0,1.0
3004.0,35.0,0.276788
3004.0,36.0,0.323351
3005.0,0.0,0.903489
3005.0,1.0,0.457959
3005.0,2.0,1.0
3005.0,3.0,0.511298
3005.0,4.0,0.314851
3005.0,5.0,0.129904
3005.0,6.0,1.0
3005.0,7.0,0.001206
3005.0,8.0,0.223271
3005.0,9.0,0.319026
3005.0,10.0,0.210413
3005.0,11.0,0.0
3005.0,12.0,0.359068
3005.0,13.0,0.320723
3005.0,14.0,0.021229
3005.0,15.0,0.591633
3005.0,16.0,0.524117
3005.0,17.0,0.680705
3005.0,18.0,0.168377
3005.0,19.0,0.844157
3005.0,20.0,0.732524
3005.0,21.0,0.202838
3005.0,22.0,0.681308
3005.0,23.0,0.681671
3005.0,24.0,0.47982
3005.0,25.0,0.641779
3005.0,26.0,1.0
3005.0,27.0,0.489658
3005.0,28.0,0.377407
3005.0,29.0,0.294054
3005.0,30.0,0.350567
3005.0,31.0,0.480308
3005.0,32.0,0.002561
3005.0,33.0,0.450626
3005.0,34.0,1.0
3005.0,35.0,0.279805
3005.0,36.0,0.323934
3006.0,0.0,0.900148
3006.0,1.0,0.456638
3006.0,2.0,1.0
3006.0,3.0,0.508132
3006.0,4.0,0.302741
3006.0,5.0,0.128767
3006.0,6.0,1.0
3006.0,7.0,0.001117
3006.0,8.0,0.219884
3006.0,9.0,0.309195
3006.0,10.0,0.203407
3006.0,11.0,0.0
3006.0,12.0,0.357124
3006.0,13.0,0.315423
3006.0,14.0,0.019956
3006.0,15.0,0.58784
3006.0,16.0,0.510905
3006.0,17.0,0.679539
3006.0,18.0,0.164246
3006.0,19.0,0.843981
3006.0,20.0,0.727257
3006.0,21.0,0.200977
3006.0,22.0,0.674582
3006.0,23.0,0.651465
3006.0,24.0,0.476861
3006.0,25.0,0.627216
3006.0,26.0,1.0
3006.0,27.0,0.476577
3006.0,28.0,0.370444
3006.0,29.0,0.29016
3006.0,30.0,0.331062
3006.0,31.0,0.472212
3006.0,32.0,0.002434
3006.0,33.0,0.45032
3006.0,34.0,1.0
3006.0,35.0,0.276931
3006.0,36.0,0.323587
3007.0,0.0,0.896359
3007.0,1.0,0.455842
3007.0,2.0,1.0
3007.0,3.0,0.506434
3007.0,4.0,0.290725
3007.0,5.0,0.127706
3007.0,6.0,1.0
3007.0,7.0,0.001034
3007.0,8.0,0.217073
3007.0,9.0,0.301606
3007.0,10.0,0.19601
3007.0,11.0,0.0
3007.0,12.0,0.35509
3007.0,13.0,0.311062
3007.0,14.0,0.018956
3007.0,15.0,0.584244
3007.0,16.0,0.498132
3007.0,17.0,0.678803
3007.0,18.0,0.160648
3007.0,19.0,0.843127
3007.0,20.0,0.722518
3007.0,21.0,0.19948
3007.0,22.0,0.667875
3007.0,23.0,0.620128
3007.0,24.0,0.474197
3007.0,25.0,0.612999
3007.0,26.0,1.0
3007.0,27.0,0.463736
3007.0,28.0,0.364109
3007.0,29.0,0.287246
3007.0,30.0,0.313097
3007.0,31.0,0.464292
3007.0,32.0,0.002339
3007.0,33.0,0.449739
3007.0,34.0,1.0
3007.0,35.0,0.274223
3007.0,36.0,0.32289
3008.0,0.0,0.892262
3008.0,1.0,0.455175
3008.0,2.0,1.0
3008.0,3.0,0.504651
3008.0,4.0,0.278813
3008.0,5.0,0.126943
3008.0,6.0,1.0
3008.0,7.0,0.000988
3008.0,8.0,0.213689
3008.0,9.0,0.292959
3008.0,10.0,0.189152
3008.0,11.0,0.0
3008.0,12.0,0.354245
3008.0,13.0,0.306986
3008.0,14.0,0.018022
3008.0,15.0,0.581421
3008.0,16.0,0.483907
3008.0,17.0,0.67814
3008.0,18.0,0.15788
3008.0,19.0,0.842736
3008.0,20.0,0.717631
3008.0,21.0,0.197681
3008.0,22.0,0.661313
3008.0,23.0,0.588468
3008.0,24.0,0.471627
3008.0,25.0,0.600189
3008.0,26.0,1.0
3008.0,27.0,0.450756
3008.0,28.0,0.357433
3008.0,29.0,0.284349
3008.0,30.0,0.297164
3008.0,31.0,0.456364
3008.0,32.0,0.002204
3008.0,33.0,0.448809
3008.0,34.0,1.0
3008.0,35.0,0.271115
3008.0,36.0,0.321894
3009.0,0.0,0.887938
3009.0,1.0,0.454252
3009.0,2.0,1.0
3009.0,3.0,0.50238
3009.0,4.0,0.268193
3009.0,5.0,0.126241
3009.0,6.0,1.0
3009.0,7.0,0.000906
3009.0,8.0,0.211362
3009.0,9.0,0.285106
3009.0,10.0,0.182869
3009.0,11.0,0.0
3009.0,12.0,0.352108
3009.0,13.0,0.303131
3009.0,14.0,0.016889
3009.0,15.0,0.578772
3009.0,16.0,0.469842
3009.0,17.0,0.677364
3009.0,18.0,0.154914
3009.0,19.0,0.841851
3009.0,20.0,0.712858
3009.0,21.0,0.195562
3009.0,22.0,0.655235
3009.0,23.0,0.558352
3009.0,24.0,0.468879
3009.0,25.0,0.586959
3009.0,26.0,1.0
3009.0,27.0,0.437328
3009.0,28.0,0.351943
3009.0,29.0,0.28118
3009.0,30.0,0.282534
3009.0,31.0,0.448209
3009.0,32.0,0.002093
3009.0,33.0,0.447855
3009.0,34.0,1.0
3009.0,35.0,0.268632
3009.0,36.0,0.320724
3010.0,0.0,0.882771
3010.0,1.0,0.45435
3010.0,2.0,1.0
3010.0,3.0,0.500267
3010.0,4.0,0.258371
3010.0,5.0,0.125898
3010.0,6.0,1.0
3010.0,7.0,0.000841
3010.0,8.0,0.208947
3010.0,9.0,0.277248
3010.0,10.0,0.177206
3010.0,11.0,0.0
3010.0,12.0,0.351249
3010.0,13.0,0.298989
3010.0,14.0,0.016011
3010.0,15.0,0.575353
3010.0,16.0,0.454776
3010.0,17.0,0.676463
3010.0,18.0,0.151255
3010.0,19.0,0.841305
3010.0,20.0,0.708014
3010.0,21.0,0.193889
3010.0,22.0,0.649289
3010.0,23.0,0.528473
3010.0,24.0,0.465942
3010.0,25.0,0.573684
3010.0,26.0,1.0
3010.0,27.0,0.424812
3010.0,28.0,0.345686
3010.0,29.0,0.278316
3010.0,30.0,0.269112
3010.0,31.0,0.440267
3010.0,32.0,0.002045
3010.0,33.0,0.446975
3010.0,34.0,1.0
3010.0,35.0,0.266572
3010.0,36.0,0.320504
4000.0,0.0,0.893864
4000.0,1.0,0.444448
4000.0,2.0,1.0
4000.0,3.0,0.50495
4000.0,4.0,0.256886
4000.0,5.0,0.111608
4000.0,6.0,1.0
4000.0,7.0,0.000322
4000.0,8.0,0.20361
4000.0,9.0,0.276732
4000.0,10.0,0.179019
4000.0,11.0,0.0
4000.0,12.0,0.354466
4000.0,13.0,0.284615
4000.0,14.0,0.015251
4000.0,15.0,0.572707
4000.0,16.0,0.454976
4000.0,17.0,0.713278
4000.0,18.0,0.148244
4000.0,19.0,0.854482
4000.0,20.0,0.708729
4000.0,21.0,0.173064
4000.0,22.0,0.655537
4000.0,23.0,0.527614
4000.0,24.0,0.482818
4000.0,25.0,0.572127
4000.0,26.0,1.0
4000.0,27.0,0.420656
4000.0,28.0,0.358778
4000.0,29.0,0.284216
4000.0,30.0,0.269987
4000.0,31.0,0.436979
4000.0,32.0,4.8e-05
4000.0,33.0,0.446199
4000.0,34.0,1.0
4000.0,35.0,0.288523
4000.0,36.0,0.297331
4001.0,0.0,0.897807
4001.0,1.0,0.445696
4001.0,2.0,1.0
4001.0,3.0,0.507176
4001.0,4.0,0.268162
4001.0,5.0,0.112411
4001.0,6.0,1.0
4001.0,7.0,0.000348
4001.0,8.0,0.20655
4001.0,9.0,0.284616
4001.0,10.0,0.185332
4001.0,11.0,0.0
4001.0,12.0,0.356003
4001.0,13.0,0.288607
4001.0,14.0,0.016245
4001.0,15.0,0.576302
4001.0,16.0,0.470744
4001.0,17.0,0.714009
4001.0,18.0,0.151793
4001.0,19.0,0.855498
4001.0,20.0,0.713821
4001.0,21.0,0.175334
4001.0,22.0,0.662411
4001.0,23.0,0.5604
4001.0,24.0,0.485878
4001.0,25.0,0.587252
4001.0,26.0,1.0
4001.0,27.0,0.434789
4001.0,28.0,0.36531
4001.0,29.0,0.287478
4001.0,30.0,0.285735
4001.0,31.0,0.444885
4001.0,32.0,5.1e-05
4001.0,33.0,0.447085
4001.0,34.0,1.0
4001.0,35.0,0.292208
4001.0,36.0,0.298401
4002.0,0.0,0.901505
4002.0,1.0,0.447056
4002.0,2.0,1.0
4002.0,3.0,0.509067
4002.0,4.0,0.279187
4002.0,5.0,0.112702
4002.0,6.0,1.0
4002.0,7.0,0.000354
4002.0,8.0,0.209104
4002.0,9.0,0.293152
4002.0,10.0,0.191958
4002.0,11.0,0.0
4002.0,12.0,0.357724
4002.0,13.0,0.293101
4002.0,14.0,0.01718
4002.0,15.0,0.580616
4002.0,16.0,0.484852
4002.0,17.0,0.714561
4002.0,18.0,0.155398
4002.0,19.0,0.855901
4002.0,20.0,0.719271
4002.0,21.0,0.177099
4002.0,22.0,0.668832
4002.0,23.0,0.592087
4002.0,24.0,0.488861
4002.0,25.0,0.601502
4002.0,26.0,1.0
4002.0,27.0,0.447484
4002.0,28.0,0.372538
4002.0,29.0,0.291068
4002.0,30.0,0.302315
4002.0,31.0,0.453843
4002.0,32.0,5.6e-05
4002.0,33.0,0.447925
4002.0,34.0,1.0
4002.0,35.0,0.29531
4002.0,36.0,0.298576
4003.0,0.0,0.905608
4003.0,1.0,0.448652
4003.0,2.0,1.0
4003.0,3.0,0.511449
4003.0,4.0,0.289998
4003.0,5.0,0.113935
4003.0,6.0,1.0
4003.0,7.0,0.000364
4003.0,8.0,0.211989
4003.0,9.0,0.301888
4003.0,10.0,0.198859
4003.0,11.0,0.0
4003.0,12.0,0.359899
4003.0,13.0,0.297254
4003.0,14.0,0.018113
4003.0,15.0,0.584321
4003.0,16.0,0.499496
4003.0,17.0,0.715193
4003.0,18.0,0.158642
4003.0,19.0,0.856389
4003.0,20.0,0.724126
4003.0,21.0,0.178622
4003.0,22.0,0.674816
4003.0,23.0,0.622766
4003.0,24.0,0.492884
4003.0,25.0,0.615627
4003.0,26.0,1.0
4003.0,27.0,0.45935
4003.0,28.0,0.379122
4003.0,29.0,0.294622
4003.0,30.0,0.318765
4003.0,31.0,0.46166
4003.0,32.0,5.5e-05
4003.0,33.0,0.447919
4003.0,34.0,1.0
4003.0,35.0,0.298327
4003.0,36.0,0.299103
4004.0,0.0,0.90902
4004.0,1.0,0.451094
4004.0,2.0,1.0
4004.0,3.0,0.514174
4004.0,4.0,0.301002
4004.0,5.0,0.114611
4004.0,6.0,1.0
4004.0,7.0,0.000375
4004.0,8.0,0.214015
4004.0,9.0,0.310106
4004.0,10.0,0.205772
4004.0,11.0,0.0
4004.0,12.0,0.361471
4004.0,13.0,0.30124
4004.0,14.0,0.019257
4004.0,15.0,0.588077
4004.0,16.0,0.513124
4004.0,17.0,0.717229
4004.0,18.0,0.162225
4004.0,19.0,0.856456
4004.0,20.0,0.728796
4004.0,21.0,0.180603
4004.0,22.0,0.680328
4004.0,23.0,0.653039
4004.0,24.0,0.495981
4004.0,25.0,0.629712
4004.0,26.0,1.0
4004.0,27.0,0.472062
4004.0,28.0,0.386429
4004.0,29.0,0.297364
4004.0,30.0,0.335351
4004.0,31.0,0.469154
4004.0,32.0,5.3e-05
4004.0,33.0,0.448815
4004.0,34.0,1.0
4004.0,35.0,0.301855
4004.0,36.0,0.29911
4005.0,0.0,0.912494
4005.0,1.0,0.452835
4005.0,2.0,1.0
4005.0,3.0,0.516362
4005.0,4.0,0.312531
4005.0,5.0,0.115819
4005.0,6.0,1.0
4005.0,7.0,0.000356
4005.0,8.0,0.216546
4005.0,9.0,0.318663
4005.0,10.0,0.212764
4005.0,11.0,0.0
4005.0,12.0,0.363913
4005.0,13.0,0.306092
4005.0,14.0,0.020464
4005.0,15.0,0.592113
4005.0,16.0,0.526822
4005.0,17.0,0.718916
4005.0,18.0,0.16526
4005.0,19.0,0.857251
4005.0,20.0,0.733458
4005.0,21.0,0.182579
4005.0,22.0,0.685956
4005.0,23.0,0.68185
4005.0,24.0,0.498823
4005.0,25.0,0.643208
4005.0,26.0,1.0
4005.0,27.0,0.485372
4005.0,28.0,0.393031
4005.0,29.0,0.300392
4005.0,30.0,0.35142
4005.0,31.0,0.476804
4005.0,32.0,5.6e-05
4005.0,33.0,0.448839
4005.0,34.0,1.0
4005.0,35.0,0.305765
4005.0,36.0,0.299368
4006.0,0.0,0.909163
4006.0,1.0,0.450626
4006.0,2.0,1.0
4006.0,3.0,0.514357
4006.0,4.0,0.300141
4006.0,5.0,0.115174
4006.0,6.0,1.0
4006.0,7.0,0.000353
4006.0,8.0,0.213171
4006.0,9.0,0.309565
4006.0,10.0,0.205522
4006.0,11.0,0.0
4006.0,12.0,0.362859
4006.0,13.0,0.301633
4006.0,14.0,0.019507
4006.0,15.0,0.58841
4006.0,16.0,0.514051
4006.0,17.0,0.716622
4006.0,18.0,0.161157
4006.0,19.0,0.856815
4006.0,20.0,0.728113
4006.0,21.0,0.180641
4006.0,22.0,0.680267
4006.0,23.0,0.650146
4006.0,24.0,0.495996
4006.0,25.0,0.628475
4006.0,26.0,1.0
4006.0,27.0,0.471859
4006.0,28.0,0.386779
4006.0,29.0,0.296744
4006.0,30.0,0.331917
4006.0,31.0,0.46859
4006.0,32.0,4.2e-05
4006.0,33.0,0.449092
4006.0,34.0,1.0
4006.0,35.0,0.302341
4006.0,36.0,0.299508
4007.0,0.0,0.906076
4007.0,1.0,0.449688
4007.0,2.0,1.0
4007.0,3.0,0.512944
4007.0,4.0,0.288553
4007.0,5.0,0.114675
4007.0,6.0,1.0
4007.0,7.0,0.00038
4007.0,8.0,0.209873
4007.0,9.0,0.301693
4007.0,10.0,0.198451
4007.0,11.0,0.0
4007.0,12.0,0.361414
4007.0,13.0,0.297245
4007.0,14.0,0.018407
4007.0,15.0,0.584511
4007.0,16.0,0.500022
4007.0,17.0,0.715286
4007.0,18.0,0.157569
4007.0,19.0,0.856556
4007.0,20.0,0.722754
4007.0,21.0,0.178863
4007.0,22.0,0.673775
4007.0,23.0,0.618035
4007.0,24.0,0.492929
4007.0,25.0,0.615338
4007.0,26.0,1.0
4007.0,27.0,0.459038
4007.0,28.0,0.380882
4007.0,29.0,0.293286
4007.0,30.0,0.314383
4007.0,31.0,0.460744
4007.0,32.0,3.5e-05
4007.0,33.0,0.448606
4007.0,34.0,1.0
4007.0,35.0,0.29857
4007.0,36.0,0.298979
4008.0,0.0,0.902403
4008.0,1.0,0.448233
4008.0,2.0,1.0
4008.0,3.0,0.511229
4008.0,4.0,0.277857
4008.0,5.0,0.114173
4008.0,6.0,1.0
4008.0,7.0,0.000389
4008.0,8.0,0.206933
4008.0,9.0,0.293876
4008.0,10.0,0.19176
4008.0,11.0,0.0
4008.0,12.0,0.359309
4008.0,13.0,0.292744
4008.0,14.0,0.01749
4008.0,15.0,0.581638
4008.0,16.0,0.485866
4008.0,17.0,0.713549
4008.0,18.0,0.154297
4008.0,19.0,0.855968
4008.0,20.0,0.717915
4008.0,21.0,0.177221
4008.0,22.0,0.667361
4008.0,23.0,0.588015
4008.0,24.0,0.489942
4008.0,25.0,0.601749
4008.0,26.0,1.0
4008.0,27.0,0.445944
4008.0,28.0,0.374165
4008.0,29.0,0.290053
4008.0,30.0,0.298614
4008.0,31.0,0.452431
4008.0,32.0,4.5e-05
4008.0,33.0,0.449299
4008.0,34.0,1.0
4008.0,35.0,0.295892
4008.0,36.0,0.298637
4009.0,0.0,0.899547
4009.0,1.0,0.446557
4009.0,2.0,1.0
4009.0,3.0,0.509442
4009.0,4.0,0.267359
4009.0,5.0,0.11294
4009.0,6.0,1.0
4009.0,7.0,0.000356
4009.0,8.0,0.204112
4009.0,9.0,0.285541
4009.0,10.0,0.185788
4009.0,11.0,0.0
4009.0,12.0,0.357511
4009.0,13.0,0.287387
4009.0,14.0,0.016459
4009.0,15.0,0.577715
4009.0,16.0,0.471957
4009.0,17.0,0.712637
4009.0,18.0,0.151086
4009.0,19.0,0.855451
4009.0,20.0,0.712154
4009.0,21.0,0.175064
4009.0,22.0,0.661526
4009.0,23.0,0.557189
4009.0,24.0,0.487217
4009.0,25.0,0.587946
4009.0,26.0,1.0
4009.0,27.0,0.433553
4009.0,28.0,0.367787
4009.0,29.0,0.286102
4009.0,30.0,0.283649
4009.0,31.0,0.444242
4009.0,32.0,4.7e-05
4009.0,33.0,0.449264
4009.0,34.0,1.0
4009.0,35.0,0.292438
4009.0,36.0,0.298056
4010.0,0.0,0.89574
4010.0,1.0,0.446298
4010.0,2.0,1.0
4010.0,3.0,0.507295
4010.0,4.0,0.257325
4010.0,5.0,0.111804
4010.0,6.0,1.0
4010.0,7.0,0.000329
4010.0,8.0,0.201538
4010.0,9.0,0.277299
4010.0,10.0,0.179954
4010.0,11.0,0.0
4010.0,12.0,0.35612
4010.0,13.0,0.283599
4010.0,14.0,0.015445
4010.0,15.0,0.574315
4010.0,16.0,0.458499
4010.0,17.0,0.711677
4010.0,18.0,0.14759
4010.0,19.0,0.855597
4010.0,20.0,0.706275
4010.0,21.0,0.173414
4010.0,22.0,0.65498
4010.0,23.0,0.527692
4010.0,24.0,0.485207
4010.0,25.0,0.574518
4010.0,26.0,1.0
4010.0,27.0,0.420926
4010.0,28.0,0.360996
4010.0,29.0,0.282914
4010.0,30.0,0.270057
4010.0,31.0,0.437531
4010.0,32.0,4.2e-05
4010.0,33.0,0.448751
4010.0,34.0,1.0
4010.0,35.0,0.289109
4010.0,36.0,0.297436
5000.0,0.0,0.894433
5000.0,1.0,0.455057
5000.0,2.0,1.0
5000.0,3.0,0.498748
5000.0,4.0,0.248497
5000.0,5.0,0.099464
5000.0,6.0,1.0
5000.0,7.0,5.7e-05
5000.0,8.0,0.204798
5000.0,9.0,0.275691
5000.0,10.0,0.18119
5000.0,11.0,0.0
5000.0,12.0,0.352
5000.0,13.0,0.293097
5000.0,14.0,0.014869
5000.0,15.0,0.573316
5000.0,16.0,0.464393
5000.0,17.0,0.730592
5000.0,18.0,0.155842
5000.0,19.0,0.877656
5000.0,20.0,0.712074
5000.0,21.0,0.168827
5000.0,22.0,0.643211
5000.0,23.0,0.528171
5000.0,24.0,0.47201
5000.0,25.0,0.580785
5000.0,26.0,1.0
5000.0,27.0,0.422342
5000.0,28.0,0.350488
5000.0,29.0,0.278751
5000.0,30.0,0.26845
5000.0,31.0,0.440318
5000.0,32.0,0.0
5000.0,33.0,0.430471
5000.0,34.0,1.0
5000.0,35.0,0.271957
5000.0,36.0,0.325465
5001.0,0.0,0.897537
5001.0,1.0,0.456796
5001.0,2.0,1.0
5001.0,3.0,0.500767
5001.0,4.0,0.259463
5001.0,5.0,0.100105
5001.0,6.0,1.0
5001.0,7.0,5.9e-05
5001.0,8.0,0.207501
5001.0,9.0,0.283961
5001.0,10.0,0.187352
5001.0,11.0,0.0
5001.0,12.0,0.353843
5001.0,13.0,0.298004
5001.0,14.0,0.015493
5001.0,15.0,0.578056
5001.0,16.0,0.479186
5001.0,17.0,0.731569
5001.0,18.0,0.159696
5001.0,19.0,0.878692
5001.0,20.0,0.717122
5001.0,21.0,0.17084
5001.0,22.0,0.649851
5001.0,23.0,0.560025
5001.0,24.0,0.475609
5001.0,25.0,0.595403
5001.0,26.0,1.0
5001.0,27.0,0.435955
5001.0,28.0,0.356927
5001.0,29.0,0.28229
5001.0,30.0,0.284862
5001.0,31.0,0.447663
5001.0,32.0,0.0
5001.0,33.0,0.431427
5001.0,34.0,1.0
5001.0,35.0,0.274928
5001.0,36.0,0.326229
5002.0,0.0,0.901685
5002.0,1.0,0.458361
5002.0,2.0,1.0
5002.0,3.0,0.502291
5002.0,4.0,0.270455
5002.0,5.0,0.100655
5002.0,6.0,1.0
5002.0,7.0,5.4e-05
5002.0,8.0,0.210635
5002.0,9.0,0.293002
5002.0,10.0,0.193788
5002.0,11.0,0.0
5002.0,12.0,0.355772
5002.0,13.0,0.30243
5002.0,14.0,0.016433
5002.0,15.0,0.582131
5002.0,16.0,0.494657
5002.0,17.0,0.732705
5002.0,18.0,0.163607
5002.0,19.0,0.879071
5002.0,20.0,0.72225
5002.0,21.0,0.172455
5002.0,22.0,0.656659
5002.0,23.0,0.591544
5002.0,24.0,0.477397
5002.0,25.0,0.608873
5002.0,26.0,1.0
5002.0,27.0,0.448597
5002.0,28.0,0.363674
5002.0,29.0,0.285343
5002.0,30.0,0.300487
5002.0,31.0,0.45612
5002.0,32.0,0.0
5002.0,33.0,0.431623
5002.0,34.0,1.0
5002.0,35.0,0.278539
5002.0,36.0,0.327334
5003.0,0.0,0.904778
5003.0,1.0,0.460101
5003.0,2.0,1.0
5003.0,3.0,0.504346
5003.0,4.0,0.281588
5003.0,5.0,0.101726
5003.0,6.0,1.0
5003.0,7.0,5.9e-05
5003.0,8.0,0.213712
5003.0,9.0,0.301102
5003.0,10.0,0.201097
5003.0,11.0,0.0
5003.0,12.0,0.358017
5003.0,13.0,0.306193
5003.0,14.0,0.017287
5003.0,15.0,0.585722
5003.0,16.0,0.507848
5003.0,17.0,0.733341
5003.0,18.0,0.166992
5003.0,19.0,0.879808
5003.0,20.0,0.726705
5003.0,21.0,0.17494
5003.0,22.0,0.663143
5003.0,23.0,0.622883
5003.0,24.0,0.479953
5003.0,25.0,0.621679
5003.0,26.0,1.0
5003.0,27.0,0.461518
5003.0,28.0,0.370144
5003.0,29.0,0.288213
5003.0,30.0,0.316342
5003.0,31.0,0.463726
5003.0,32.0,0.0
5003.0,33.0,0.432331
5003.0,34.0,1.0
5003.0,35.0,0.281297
5003.0,36.0,0.327908
5004.0,0.0,0.908125
5004.0,1.0,0.462098
5004.0,2.0,1.0
5004.0,3.0,0.506149
5004.0,4.0,0.291904
5004.0,5.0,0.103072
5004.0,6.0,1.0
5004.0,7.0,5.3e-05
5004.0,8.0,0.216935
5004.0,9.0,0.309573
5004.0,10.0,0.207981
5004.0,11.0,0.0
5004.0,12.0,0.359732
5004.0,13.0,0.31064
5004.0,14.0,0.018513
5004.0,15.0,0.589386
5004.0,16.0,0.521184
5004.0,17.0,0.733941
5004.0,18.0,0.170918
5004.0,19.0,0.879485
5004.0,20.0,0.731495
5004.0,21.0,0.176625
5004.0,22.0,0.668666
5004.0,23.0,0.653079
5004.0,24.0,0.482466
5004.0,25.0,0.63481
5004.0,26.0,1.0
5004.0,27.0,0.474716
5004.0,28.0,0.376239
5004.0,29.0,0.292286
5004.0,30.0,0.332593
5004.0,31.0,0.471272
5004.0,32.0,0.0
5004.0,33.0,0.432878
5004.0,34.0,1.0
5004.0,35.0,0.28434
5004.0,36.0,0.328588
5005.0,0.0,0.911467
5005.0,1.0,0.463663
5005.0,2.0,1.0
5005.0,3.0,0.508895
5005.0,4.0,0.303524
5005.0,5.0,0.103871
5005.0,6.0,1.0
5005.0,7.0,5.2e-05
5005.0,8.0,0.219211
5005.0,9.0,0.31824
5005.0,10.0,0.215403
5005.0,11.0,0.0
5005.0,12.0,0.361347
5005.0,13.0,0.31478
5005.0,14.0,0.019641
5005.0,15.0,0.593462
5005.0,16.0,0.534623
5005.0,17.0,0.735595
5005.0,18.0,0.174258
5005.0,19.0,0.880007
5005.0,20.0,0.737262
5005.0,21.0,0.17868
5005.0,22.0,0.674926
5005.0,23.0,0.681787
5005.0,24.0,0.485394
5005.0,25.0,0.647704
5005.0,26.0,1.0
5005.0,27.0,0.486842
5005.0,28.0,0.382059
5005.0,29.0,0.295956
5005.0,30.0,0.348802
5005.0,31.0,0.478498
5005.0,32.0,0.0
5005.0,33.0,0.433388
5005.0,34.0,1.0
5005.0,35.0,0.288205
5005.0,36.0,0.329856
5006.0,0.0,0.908163
5006.0,1.0,0.462296
5006.0,2.0,1.0
5006.0,3.0,0.507467
5006.0,4.0,0.290601
5006.0,5.0,0.103112
5006.0,6.0,1.0
5006.0,7.0,5.6e-05
5006.0,8.0,0.215641
5006.0,9.0,0.309697
5006.0,10.0,0.207239
5006.0,11.0,0.0
5006.0,12.0,0.359379
5006.0,13.0,0.310499
5006.0,14.0,0.018657
5006.0,15.0,0.589897
5006.0,16.0,0.520899
5006.0,17.0,0.734531
5006.0,18.0,0.170795
5006.0,19.0,0.879937
5006.0,20.0,0.732215
5006.0,21.0,0.17688
5006.0,22.0,0.668775
5006.0,23.0,0.650294
5006.0,24.0,0.482425
5006.0,25.0,0.633155
5006.0,26.0,1.0
5006.0,27.0,0.47423
5006.0,28.0,0.375192
5006.0,29.0,0.292103
5006.0,30.0,0.329126
5006.0,31.0,0.469699
5006.0,32.0,0.0
5006.0,33.0,0.43353
5006.0,34.0,1.0
5006.0,35.0,0.285647
5006.0,36.0,0.32962
5007.0,0.0,0.904913
5007.0,1.0,0.46059
5007.0,2.0,1.0
5007.0,3.0,0.505206
5007.0,4.0,0.278528
5007.0,5.0,0.102226
5007.0,6.0,1.0
5007.0,7.0,4.1e-05
5007.0,8.0,0.213035
5007.0,9.0,0.301079
5007.0,10.0,0.200079
5007.0,11.0,0.0
5007.0,12.0,0.357766
5007.0,13.0,0.30666
5007.0,14.0,0.017599
5007.0,15.0,0.585813
5007.0,16.0,0.507062
5007.0,17.0,0.733072
5007.0,18.0,0.166989
5007.0,19.0,0.879567
5007.0,20.0,0.726829
5007.0,21.0,0.174654
5007.0,22.0,0.662952
5007.0,23.0,0.61985
5007.0,24.0,0.47951
5007.0,25.0,0.619121
5007.0,26.0,1.0
5007.0,27.0,0.460609
5007.0,28.0,0.369826
5007.0,29.0,0.287659
5007.0,30.0,0.31172
5007.0,31.0,0.461613
5007.0,32.0,0.0
5007.0,33.0,0.432971
5007.0,34.0,1.0
5007.0,35.0,0.282188
5007.0,36.0,0.329772
5008.0,0.0,0.901524
5008.0,1.0,0.459433
5008.0,2.0,1.0
5008.0,3.0,0.503108
5008.0,4.0,0.268046
5008.0,5.0,0.101796
5008.0,6.0,1.0
5008.0,7.0,4.1e-05
5008.0,8.0,0.209456
5008.0,9.0,0.292825
5008.0,10.0,0.193952
5008.0,11.0,0.0
5008.0,12.0,0.355701
5008.0,13.0,0.30221
5008.0,14.0,0.016704
5008.0,15.0,0.581289
5008.0,16.0,0.493278
5008.0,17.0,0.73191
5008.0,18.0,0.16338
5008.0,19.0,0.878493
5008.0,20.0,0.721979
5008.0,21.0,0.172651
5008.0,22.0,0.656463
5008.0,23.0,0.589038
5008.0,24.0,0.477045
5008.0,25.0,0.604829
5008.0,26.0,1.0
5008.0,27.0,0.447517
5008.0,28.0,0.362985
5008.0,29.0,0.284678
5008.0,30.0,0.295609
5008.0,31.0,0.453885
5008.0,32.0,0.0
5008.0,33.0,0.432215
5008.0,34.0,1.0
5008.0,35.0,0.278954
5008.0,36.0,0.328886
5009.0,0.0,0.897602
5009.0,1.0,0.458589
5009.0,2.0,1.0
5009.0,3.0,0.500804
5009.0,4.0,0.257963
5009.0,5.0,0.100858
5009.0,6.0,1.0
5009.0,7.0,4.3e-05
5009.0,8.0,0.206846
5009.0,9.0,0.285212
5009.0,10.0,0.18785
5009.0,11.0,0.0
5009.0,12.0,0.354089
5009.0,13.0,0.297788
5009.0,14.0,0.015646
5009.0,15.0,0.578127
5009.0,16.0,0.479981
5009.0,17.0,0.731011
5009.0,18.0,0.160571
5009.0,19.0,0.877717
5009.0,20.0,0.717426
5009.0,21.0,0.170227
5009.0,22.0,0.650732
5009.0,23.0,0.558636
5009.0,24.0,0.47337
5009.0,25.0,0.59131
5009.0,26.0,1.0
5009.0,27.0,0.434586
5009.0,28.0,0.357036
5009.0,29.0,0.281861
5009.0,30.0,0.280883
5009.0,31.0,0.447097
5009.0,32.0,0.0
5009.0,33.0,0.431866
5009.0,34.0,1.0
5009.0,35.0,0.275639
5009.0,36.0,0.327446
5010.0,0.0,0.894239
5010.0,1.0,0.456994
5010.0,2.0,1.0
5010.0,3.0,0.498173
5010.0,4.0,0.247995
5010.0,5.0,0.100258
5010.0,6.0,1.0
5010.0,7.0,3.2e-05
5010.0,8.0,0.204202
5010.0,9.0,0.277065
5010.0,10.0,0.182702
5010.0,11.0,0.0
5010.0,12.0,0.352423
5010.0,13.0,0.293082
5010.0,14.0,0.014748
5010.0,15.0,0.575064
5010.0,16.0,0.465629
5010.0,17.0,0.730332
5010.0,18.0,0.157649
5010.0,19.0,0.877472
5010.0,20.0,0.7126
5010.0,21.0,0.168981
5010.0,22.0,0.644188
5010.0,23.0,0.529795
5010.0,24.0,0.470227
5010.0,25.0,0.579887
5010.0,26.0,1.0
5010.0,27.0,0.421005
5010.0,28.0,0.351727
5010.0,29.0,0.278723
5010.0,30.0,0.268146
5010.0,31.0,0.438951
5010.0,32.0,0.0
5010.0,33.0,0.431088
5010.0,34.0,1.0
5010.0,35.0,0.2721
5010.0,36.0,0.327642
6000.0,0.0,0.889826
6000.0,1.0,0.441722
6000.0,2.0,1.0
6000.0,3.0,0.496148
6000.0,4.0,0.255258
6000.0,5.0,0.097663
6000.0,6.0,1.0
6000.0,7.0,0.0
6000.0,8.0,0.207617
6000.0,9.0,0.272076
6000.0,10.0,0.17523
6000.0,11.0,0.0
6000.0,12.0,0.338396
6000.0,13.0,0.292144
6000.0,14.0,0.016435
6000.0,15.0,0.571999
6000.0,16.0,0.481012
6000.0,17.0,0.745462
6000.0,18.0,0.151581
6000.0,19.0,0.844762
6000.0,20.0,0.704013
6000.0,21.0,0.177194
6000.0,22.0,0.644856
6000.0,23.0,0.532314
6000.0,24.0,0.462102
6000.0,25.0,0.570962
6000.0,26.0,1.0
6000.0,27.0,0.424649
6000.0,28.0,0.356256
6000.0,29.0,0.27323
6000.0,30.0,0.270575
6000.0,31.0,0.437755
6000.0,32.0,0.0
6000.0,33.0,0.423022
6000.0,34.0,1.0
6000.0,35.0,0.268048
6000.0,36.0,0.31676
6001.0,0.0,0.894052
6001.0,1.0,0.442628
6001.0,2.0,1.0
6001.0,3.0,0.498006
6001.0,4.0,0.265627
6001.0,5.0,0.098294
6001.0,6.0,1.0
6001.0,7.0,0.0
6001.0,8.0,0.21103
6001.0,9.0,0.281155
6001.0,10.0,0.182073
6001.0,11.0,0.0
6001.0,12.0,0.340143
6001.0,13.0,0.297403
6001.0,14.0,0.017463
6001.0,15.0,0.576813
6001.0,16.0,0.495043
6001.0,17.0,0.746251
6001.0,18.0,0.15565
6001.0,19.0,0.845392
6001.0,20.0,0.708877
6001.0,21.0,0.178663
6001.0,22.0,0.651722
6001.0,23.0,0.564807
6001.0,24.0,0.465191
6001.0,25.0,0.585766
6001.0,26.0,1.0
6001.0,27.0,0.437723
6001.0,28.0,0.362815
6001.0,29.0,0.27682
6001.0,30.0,0.28677
6001.0,31.0,0.445902
6001.0,32.0,0.0
6001.0,33.0,0.424036
6001.0,34.0,1.0
6001.0,35.0,0.270566
6001.0,36.0,0.318464
6002.0,0.0,0.897904
6002.0,1.0,0.443221
6002.0,2.0,1.0
6002.0,3.0,0.499856
6002.0,4.0,0.27646
6002.0,5.0,0.099249
6002.0,6.0,1.0
6002.0,7.0,0.0
6002.0,8.0,0.214049
6002.0,9.0,0.289073
6002.0,10.0,0.188867
6002.0,11.0,0.0
6002.0,12.0,0.341597
6002.0,13.0,0.30188
6002.0,14.0,0.018575
6002.0,15.0,0.580475
6002.0,16.0,0.509599
6002.0,17.0,0.746698
6002.0,18.0,0.158712
6002.0,19.0,0.845428
6002.0,20.0,0.713566
6002.0,21.0,0.181085
6002.0,22.0,0.658176
6002.0,23.0,0.596469
6002.0,24.0,0.468088
6002.0,25.0,0.598892
6002.0,26.0,1.0
6002.0,27.0,0.451101
6002.0,28.0,0.369017
6002.0,29.0,0.280249
6002.0,30.0,0.302803
6002.0,31.0,0.453632
6002.0,32.0,0.0
6002.0,33.0,0.424052
6002.0,34.0,1.0
6002.0,35.0,0.274058
6002.0,36.0,0.31996
6003.0,0.0,0.901266
6003.0,1.0,0.443855
6003.0,2.0,1.0
6003.0,3.0,0.502155
6003.0,4.0,0.288098
6003.0,5.0,0.100141
6003.0,6.0,1.0
6003.0,7.0,0.0
6003.0,8.0,0.217118
6003.0,9.0,0.297866
6003.0,10.0,0.195827
6003.0,11.0,0.0
6003.0,12.0,0.342643
6003.0,13.0,0.306438
6003.0,14.0,0.019519
6003.0,15.0,0.584049
6003.0,16.0,0.52252
6003.0,17.0,0.747941
6003.0,18.0,0.162317
6003.0,19.0,0.845836
6003.0,20.0,0.718397
6003.0,21.0,0.182466
6003.0,22.0,0.66469
6003.0,23.0,0.627612
6003.0,24.0,0.47102
6003.0,25.0,0.612022
6003.0,26.0,1.0
6003.0,27.0,0.464154
6003.0,28.0,0.376183
6003.0,29.0,0.283484
6003.0,30.0,0.318659
6003.0,31.0,0.46223
6003.0,32.0,0.0
6003.0,33.0,0.424649
6003.0,34.0,1.0
6003.0,35.0,0.276362
6003.0,36.0,0.319594
6004.0,0.0,0.904791
6004.0,1.0,0.446001
6004.0,2.0,1.0
6004.0,3.0,0.503724
6004.0,4.0,0.299002
6004.0,5.0,0.101142
6004.0,6.0,1.0
6004.0,7.0,0.0
6004.0,8.0,0.220168
6004.0,9.0,0.306274
6004.0,10.0,0.202525
6004.0,11.0,0.0
6004.0,12.0,0.344136
6004.0,13.0,0.310617
6004.0,14.0,0.020404
6004.0,15.0,0.58798
6004.0,16.0,0.535021
6004.0,17.0,0.748892
6004.0,18.0,0.166021
6004.0,19.0,0.846416
6004.0,20.0,0.723838
6004.0,21.0,0.185112
6004.0,22.0,0.670998
6004.0,23.0,0.658501
6004.0,24.0,0.474335
6004.0,25.0,0.625237
6004.0,26.0,1.0
6004.0,27.0,0.478147
6004.0,28.0,0.382735
6004.0,29.0,0.286099
6004.0,30.0,0.334275
6004.0,31.0,0.469953
6004.0,32.0,0.0
6004.0,33.0,0.42555
6004.0,34.0,1.0
6004.0,35.0,0.279041
6004.0,36.0,0.321252
6005.0,0.0,0.907498
6005.0,1.0,0.446731
6005.0,2.0,1.0
6005.0,3.0,0.505825
6005.0,4.0,0.310342
6005.0,5.0,0.102214
6005.0,6.0,1.0
6005.0,7.0,0.0
6005.0,8.0,0.223135
6005.0,9.0,0.313487
6005.0,10.0,0.208814
6005.0,11.0,0.0
6005.0,12.0,0.345954
6005.0,13.0,0.315547
6005.0,14.0,0.021585
6005.0,15.0,0.591903
6005.0,16.0,0.547624
6005.0,17.0,0.749556
6005.0,18.0,0.169597
6005.0,19.0,0.84694
6005.0,20.0,0.728564
6005.0,21.0,0.186481
6005.0,22.0,0.676767
6005.0,23.0,0.68707
6005.0,24.0,0.478123
6005.0,25.0,0.63766
6005.0,26.0,1.0
6005.0,27.0,0.490858
6005.0,28.0,0.389319
6005.0,29.0,0.289428
6005.0,30.0,0.349851
6005.0,31.0,0.477383
6005.0,32.0,0.0
6005.0,33.0,0.425431
6005.0,34.0,1.0
6005.0,35.0,0.282446
6005.0,36.0,0.322378
6006.0,0.0,0.904015
6006.0,1.0,0.444572
6006.0,2.0,1.0
6006.0,3.0,0.504109
6006.0,4.0,0.298041
6006.0,5.0,0.100819
6006.0,6.0,1.0
6006.0,7.0,0.0
6006.0,8.0,0.220132
6006.0,9.0,0.30442
6006.0,10.0,0.200716
6006.0,11.0,0.0
6006.0,12.0,0.343545
6006.0,13.0,0.311607
6006.0,14.0,0.020116
6006.0,15.0,0.588009
6006.0,16.0,0.534222
6006.0,17.0,0.74851
6006.0,18.0,0.165728
6006.0,19.0,0.846129
6006.0,20.0,0.723383
6006.0,21.0,0.185382
6006.0,22.0,0.670674
6006.0,23.0,0.655982
6006.0,24.0,0.474773
6006.0,25.0,0.624056
6006.0,26.0,1.0
6006.0,27.0,0.477987
6006.0,28.0,0.38296
6006.0,29.0,0.28623
6006.0,30.0,0.330594
6006.0,31.0,0.469324
6006.0,32.0,0.0
6006.0,33.0,0.425183
6006.0,34.0,1.0
6006.0,35.0,0.279274
6006.0,36.0,0.32087
6007.0,0.0,0.900169
6007.0,1.0,0.443427
6007.0,2.0,1.0
6007.0,3.0,0.502005
6007.0,4.0,0.286743
6007.0,5.0,0.099753
6007.0,6.0,1.0
6007.0,7.0,0.0
6007.0,8.0,0.217675
6007.0,9.0,0.296211
6007.0,10.0,0.193985
6007.0,11.0,0.0
6007.0,12.0,0.341788
6007.0,13.0,0.307108
6007.0,14.0,0.019101
6007.0,15.0,0.584295
6007.0,16.0,0.521119
6007.0,17.0,0.747116
6007.0,18.0,0.161978
6007.0,19.0,0.845894
6007.0,20.0,0.718682
6007.0,21.0,0.183752
6007.0,22.0,0.66475
6007.0,23.0,0.624243
6007.0,24.0,0.470876
6007.0,25.0,0.610977
6007.0,26.0,1.0
6007.0,27.0,0.465883
6007.0,28.0,0.376256
6007.0,29.0,0.283724
6007.0,30.0,0.312016
6007.0,31.0,0.4613
6007.0,32.0,0.0
6007.0,33.0,0.424302
6007.0,34.0,1.0
6007.0,35.0,0.27586
6007.0,36.0,0.320619
6008.0,0.0,0.896008
6008.0,1.0,0.44209
6008.0,2.0,1.0
6008.0,3.0,0.499273
6008.0,4.0,0.276295
6008.0,5.0,0.099499
6008.0,6.0,1.0
6008.0,7.0,0.0
6008.0,8.0,0.215403
6008.0,9.0,0.288469
6008.0,10.0,0.187176
6008.0,11.0,0.0
6008.0,12.0,0.340265
6008.0,13.0,0.302705
6008.0,14.0,0.01804
6008.0,15.0,0.580502
6008.0,16.0,0.507834
6008.0,17.0,0.7465
6008.0,18.0,0.158348
6008.0,19.0,0.844896
6008.0,20.0,0.713798
6008.0,21.0,0.181654
6008.0,22.0,0.658179
6008.0,23.0,0.592838
6008.0,24.0,0.467915
6008.0,25.0,0.597497
6008.0,26.0,1.0
6008.0,27.0,0.45249
6008.0,28.0,0.369812
6008.0,29.0,0.280524
6008.0,30.0,0.296298
6008.0,31.0,0.454052
6008.0,32.0,0.0
6008.0,33.0,0.423769
6008.0,34.0,1.0
6008.0,35.0,0.272221
6008.0,36.0,0.320187
6009.0,0.0,0.891925
6009.0,1.0,0.441067
6009.0,2.0,1.0
6009.0,3.0,0.496876
6009.0,4.0,0.266282
6009.0,5.0,0.098229
6009.0,6.0,1.0
6009.0,7.0,0.0
6009.0,8.0,0.212731
6009.0,9.0,0.280553
6009.0,10.0,0.181493
6009.0,11.0,0.0
6009.0,12.0,0.338325
6009.0,13.0,0.298129
6009.0,14.0,0.017267
6009.0,15.0,0.576902
6009.0,16.0,0.493977
6009.0,17.0,0.745139
6009.0,18.0,0.154726
6009.0,19.0,0.844339
6009.0,20.0,0.709289
6009.0,21.0,0.179409
6009.0,22.0,0.651859
6009.0,23.0,0.562186
6009.0,24.0,0.465352
6009.0,25.0,0.584403
6009.0,26.0,1.0
6009.0,27.0,0.439985
6009.0,28.0,0.364051
6009.0,29.0,0.277841
6009.0,30.0,0.280814
6009.0,31.0,0.446681
6009.0,32.0,0.0
6009.0,33.0,0.42311
6009.0,34.0,1.0
6009.0,35.0,0.26902
6009.0,36.0,0.319839
6010.0,0.0,0.888197
6010.0,1.0,0.440283
6010.0,2.0,1.0
6010.0,3.0,0.494129
6010.0,4.0,0.256796
6010.0,5.0,0.097347
6010.0,6.0,1.0
6010.0,7.0,0.0
6010.0,8.0,0.210005
6010.0,9.0,0.273266
6010.0,10.0,0.175425
6010.0,11.0,0.0
6010.0,12.0,0.336343
6010.0,13.0,0.293879
6010.0,14.0,0.016368
6010.0,15.0,0.572886
6010.0,16.0,0.480166
6010.0,17.0,0.744002
6010.0,18.0,0.151564
6010.0,19.0,0.84357
6010.0,20.0,0.704106
6010.0,21.0,0.176917
6010.0,22.0,0.645642
6010.0,23.0,0.532791
6010.0,24.0,0.462504
6010.0,25.0,0.569654
6010.0,26.0,1.0
6010.0,27.0,0.42711
6010.0,28.0,0.357745
6010.0,29.0,0.274822
6010.0,30.0,0.267602
6010.0,31.0,0.439763
6010.0,32.0,0.0
6010.0,33.0,0.422977
6010.0,34.0,1.0
6010.0,35.0,0.265662
6010.0,36.0,0.319744
7000.0,0.0,0.892652
7000.0,1.0,0.435002
7000.0,2.0,1.0
7000.0,3.0,0.491717
7000.0,4.0,0.259242
7000.0,5.0,0.104217
7000.0,6.0,1.0
7000.0,7.0,0.0
7000.0,8.0,0.205044
7000.0,9.0,0.273408
7000.0,10.0,0.174933
7000.0,11.0,0.0
7000.0,12.0,0.340529
7000.0,13.0,0.295082
7000.0,14.0,0.016821
7000.0,15.0,0.57539
7000.0,16.0,0.444909
7000.0,17.0,0.731229
7000.0,18.0,0.156794
7000.0,19.0,0.856138
7000.0,20.0,0.70142
7000.0,21.0,0.172833
7000.0,22.0,0.645203
7000.0,23.0,0.535956
7000.0,24.0,0.468176
7000.0,25.0,0.570223
7000.0,26.0,1.0
7000.0,27.0,0.420978
7000.0,28.0,0.355974
7000.0,29.0,0.281581
7000.0,30.0,0.270729
7000.0,31.0,0.442429
7000.0,32.0,0.0
7000.0,33.0,0.417313
7000.0,34.0,1.0
7000.0,35.0,0.276226
7000.0,36.0,0.306252
7001.0,0.0,0.897369
7001.0,1.0,0.435837
7001.0,2.0,1.0
7001.0,3.0,0.493188
7001.0,4.0,0.270741
7001.0,5.0,0.105282
7001.0,6.0,1.0
7001.0,7.0,0.0
7001.0,8.0,0.207171
7001.0,9.0,0.281745
7001.0,10.0,0.181447
7001.0,11.0,0.0
7001.0,12.0,0.341774
7001.0,13.0,0.299575
7001.0,14.0,0.017756
7001.0,15.0,0.580331
7001.0,16.0,0.459188
7001.0,17.0,0.731727
7001.0,18.0,0.16045
7001.0,19.0,0.857237
7001.0,20.0,0.707513
7001.0,21.0,0.174665
7001.0,22.0,0.650729
7001.0,23.0,0.568075
7001.0,24.0,0.471515
7001.0,25.0,0.584727
7001.0,26.0,1.0
7001.0,27.0,0.434611
7001.0,28.0,0.361969
7001.0,29.0,0.284896
7001.0,30.0,0.28691
7001.0,31.0,0.450676
7001.0,32.0,0.0
7001.0,33.0,0.416917
7001.0,34.0,1.0
7001.0,35.0,0.279569
7001.0,36.0,0.306655
7002.0,0.0,0.901357
7002.0,1.0,0.436536
7002.0,2.0,1.0
7002.0,3.0,0.495074
7002.0,4.0,0.281812
7002.0,5.0,0.105898
7002.0,6.0,1.0
7002.0,7.0,0.0
7002.0,8.0,0.210104
7002.0,9.0,0.290368
7002.0,10.0,0.188106
7002.0,11.0,0.0
7002.0,12.0,0.344601
7002.0,13.0,0.304057
7002.0,14.0,0.018782
7002.0,15.0,0.584445
7002.0,16.0,0.474135
7002.0,17.0,0.73311
7002.0,18.0,0.164654
7002.0,19.0,0.858014
7002.0,20.0,0.712707
7002.0,21.0,0.176479
7002.0,22.0,0.657536
7002.0,23.0,0.599956
7002.0,24.0,0.473098
7002.0,25.0,0.599336
7002.0,26.0,1.0
7002.0,27.0,0.446965
7002.0,28.0,0.367622
7002.0,29.0,0.288025
7002.0,30.0,0.302984
7002.0,31.0,0.458741
7002.0,32.0,0.0
7002.0,33.0,0.417017
7002.0,34.0,1.0
7002.0,35.0,0.282264
7002.0,36.0,0.307268
7003.0,0.0,0.904375
7003.0,1.0,0.437024
7003.0,2.0,1.0
7003.0,3.0,0.496399
7003.0,4.0,0.29331
7003.0,5.0,0.106225
7003.0,6.0,1.0
7003.0,7.0,0.0
7003.0,8.0,0.212965
7003.0,9.0,0.299042
7003.0,10.0,0.195169
7003.0,11.0,0.0
7003.0,12.0,0.346478
7003.0,13.0,0.307338
7003.0,14.0,0.019678
7003.0,15.0,0.588828
7003.0,16.0,0.487981
7003.0,17.0,0.7343
7003.0,18.0,0.167922
7003.0,19.0,0.858396
7003.0,20.0,0.718875
7003.0,21.0,0.17909
7003.0,22.0,0.663518
7003.0,23.0,0.630934
7003.0,24.0,0.475131
7003.0,25.0,0.61177
7003.0,26.0,1.0
7003.0,27.0,0.459825
7003.0,28.0,0.373843
7003.0,29.0,0.29199
7003.0,30.0,0.319667
7003.0,31.0,0.465742
7003.0,32.0,0.0
7003.0,33.0,0.416749
7003.0,34.0,1.0
7003.0,35.0,0.285789
7003.0,36.0,0.307449
7004.0,0.0,0.907535
7004.0,1.0,0.439424
7004.0,2.0,1.0
7004.0,3.0,0.498604
7004.0,4.0,0.304952
7004.0,5.0,0.10644
7004.0,6.0,1.0
7004.0,7.0,0.0
7004.0,8.0,0.215232
7004.0,9.0,0.307069
7004.0,10.0,0.201541
7004.0,11.0,0.0
7004.0,12.0,0.349399
7004.0,13.0,0.311654
7004.0,14.0,0.020824
7004.0,15.0,0.591852
7004.0,16.0,0.501895
7004.0,17.0,0.735014
7004.0,18.0,0.17193
7004.0,19.0,0.858702
7004.0,20.0,0.724484
7004.0,21.0,0.180283
7004.0,22.0,0.669118
7004.0,23.0,0.660912
7004.0,24.0,0.476936
7004.0,25.0,0.624671
7004.0,26.0,1.0
7004.0,27.0,0.472279
7004.0,28.0,0.380401
7004.0,29.0,0.295318
7004.0,30.0,0.335405
7004.0,31.0,0.474414
7004.0,32.0,0.0
7004.0,33.0,0.417619
7004.0,34.0,1.0
7004.0,35.0,0.288534
7004.0,36.0,0.308243
7005.0,0.0,0.911285
7005.0,1.0,0.440376
7005.0,2.0,1.0
7005.0,3.0,0.500461
7005.0,4.0,0.31672
7005.0,5.0,0.106729
7005.0,6.0,1.0
7005.0,7.0,0.0
7005.0,8.0,0.218137
7005.0,9.0,0.315749
7005.0,10.0,0.207898
7005.0,11.0,0.0
7005.0,12.0,0.351728
7005.0,13.0,0.315714
7005.0,14.0,0.022066
7005.0,15.0,0.596129
7005.0,16.0,0.515321
7005.0,17.0,0.736434
7005.0,18.0,0.175504
7005.0,19.0,0.859313
7005.0,20.0,0.729522
7005.0,21.0,0.181342
7005.0,22.0,0.675314
7005.0,23.0,0.689622
7005.0,24.0,0.480255
7005.0,25.0,0.637995
7005.0,26.0,1.0
7005.0,27.0,0.484662
7005.0,28.0,0.387644
7005.0,29.0,0.298554
7005.0,30.0,0.352019
7005.0,31.0,0.48135
7005.0,32.0,0.0
7005.0,33.0,0.418312
7005.0,34.0,1.0
7005.0,35.0,0.290945
7005.0,36.0,0.309072
7006.0,0.0,0.907761
7006.0,1.0,0.439045
7006.0,2.0,1.0
7006.0,3.0,0.498552
7006.0,4.0,0.304755
7006.0,5.0,0.105524
7006.0,6.0,1.0
7006.0,7.0,0.0
7006.0,8.0,0.215129
7006.0,9.0,0.307
7006.0,10.0,0.201002
7006.0,11.0,0.0
7006.0,12.0,0.34938
7006.0,13.0,0.311528
7006.0,14.0,0.020594
7006.0,15.0,0.592016
7006.0,16.0,0.500279
7006.0,17.0,0.736245
7006.0,18.0,0.172026
7006.0,19.0,0.858284
7006.0,20.0,0.724649
7006.0,21.0,0.178644
7006.0,22.0,0.66944
7006.0,23.0,0.658496
7006.0,24.0,0.477544
7006.0,25.0,0.624142
7006.0,26.0,1.0
7006.0,27.0,0.471651
7006.0,28.0,0.380031
7006.0,29.0,0.294576
7006.0,30.0,0.332112
7006.0,31.0,0.472653
7006.0,32.0,0.0
7006.0,33.0,0.417621
7006.0,34.0,1.0
7006.0,35.0,0.287868
7006.0,36.0,0.308768
7007.0,0.0,0.903557
7007.0,1.0,0.438152
7007.0,2.0,1.0
7007.0,3.0,0.496347
7007.0,4.0,0.292081
7007.0,5.0,0.104476
7007.0,6.0,1.0
7007.0,7.0,0.0
7007.0,8.0,0.211624
7007.0,9.0,0.298924
7007.0,10.0,0.194369
7007.0,11.0,0.0
7007.0,12.0,0.346829
7007.0,13.0,0.307327
7007.0,14.0,0.019565
7007.0,15.0,0.588738
7007.0,16.0,0.486168
7007.0,17.0,0.735729
7007.0,18.0,0.168947
7007.0,19.0,0.85804
7007.0,20.0,0.719309
7007.0,21.0,0.177188
7007.0,22.0,0.663341
7007.0,23.0,0.627203
7007.0,24.0,0.473789
7007.0,25.0,0.609968
7007.0,26.0,1.0
7007.0,27.0,0.458541
7007.0,28.0,0.374176
7007.0,29.0,0.290473
7007.0,30.0,0.314359
7007.0,31.0,0.463498
7007.0,32.0,0.0
7007.0,33.0,0.416913
7007.0,34.0,1.0
7007.0,35.0,0.285389
7007.0,36.0,0.307944
7008.0,0.0,0.899264
7008.0,1.0,0.436093
7008.0,2.0,1.0
7008.0,3.0,0.493988
7008.0,4.0,0.281065
7008.0,5.0,0.103455
7008.0,6.0,1.0
7008.0,7.0,0.0
7008.0,8.0,0.208348
7008.0,9.0,0.290053
7008.0,10.0,0.18814
7008.0,11.0,0.0
7008.0,12.0,0.345436
7008.0,13.0,0.302368
7008.0,14.0,0.018419
7008.0,15.0,0.584617
7008.0,16.0,0.472607
7008.0,17.0,0.735122
7008.0,18.0,0.165442
7008.0,19.0,0.857551
7008.0,20.0,0.714046
7008.0,21.0,0.17538
7008.0,22.0,0.656628
7008.0,23.0,0.595957
7008.0,24.0,0.470818
7008.0,25.0,0.59685
7008.0,26.0,1.0
7008.0,27.0,0.446171
7008.0,28.0,0.367713
7008.0,29.0,0.287143
7008.0,30.0,0.297952
7008.0,31.0,0.455561
7008.0,32.0,0.0
7008.0,33.0,0.416096
7008.0,34.0,1.0
7008.0,35.0,0.282948
7008.0,36.0,0.307327
7009.0,0.0,0.895685
7009.0,1.0,0.434617
7009.0,2.0,1.0
7009.0,3.0,0.491867
7009.0,4.0,0.270399
7009.0,5.0,0.102824
7009.0,6.0,1.0
7009.0,7.0,0.0
7009.0,8.0,0.206123
7009.0,9.0,0.281871
7009.0,10.0,0.181466
7009.0,11.0,0.0
7009.0,12.0,0.343682
7009.0,13.0,0.29815
7009.0,14.0,0.017638
7009.0,15.0,0.58069
7009.0,16.0,0.458028
7009.0,17.0,0.734314
7009.0,18.0,0.162116
7009.0,19.0,0.857221
7009.0,20.0,0.708108
7009.0,21.0,0.174132
7009.0,22.0,0.650144
7009.0,23.0,0.564628
7009.0,24.0,0.467879
7009.0,25.0,0.583784
7009.0,26.0,1.0
7009.0,27.0,0.434051
7009.0,28.0,0.361181
7009.0,29.0,0.283566
7009.0,30.0,0.283425
7009.0,31.0,0.447154
7009.0,32.0,0.0
7009.0,33.0,0.41529
7009.0,34.0,1.0
7009.0,35.0,0.280261
7009.0,36.0,0.306589
7010.0,0.0,0.891749
7010.0,1.0,0.433211
7010.0,2.0,1.0
7010.0,3.0,0.49089
7010.0,4.0,0.260072
7010.0,5.0,0.102618
7010.0,6.0,1.0
7010.0,7.0,0.0
7010.0,8.0,0.203711
7010.0,9.0,0.273822
7010.0,10.0,0.176149
7010.0,11.0,0.0
7010.0,12.0,0.342
7010.0,13.0,0.293587
7010.0,14.0,0.016745
7010.0,15.0,0.576977
7010.0,16.0,0.442779
7010.0,17.0,0.733405
7010.0,18.0,0.15842
7010.0,19.0,0.856628
7010.0,20.0,0.703695
7010.0,21.0,0.172165
7010.0,22.0,0.644771
7010.0,23.0,0.535187
7010.0,24.0,0.464863
7010.0,25.0,0.570564
7010.0,26.0,1.0
7010.0,27.0,0.422364
7010.0,28.0,0.355041
7010.0,29.0,0.280448
7010.0,30.0,0.270439
7010.0,31.0,0.440801
7010.0,32.0,0.0
7010.0,33.0,0.415533
7010.0,34.0,1.0
7010.0,35.0,0.276723
7010.0,36.0,0.305487
8000.0,0.0,0.889154
8000.0,1.0,0.448199
8000.0,2.0,1.0
8000.0,3.0,0.510496
8000.0,4.0,0.254767
8000.0,5.0,0.106854
8000.0,6.0,1.0
8000.0,7.0,0.0
8000.0,8.0,0.204999
8000.0,9.0,0.2761
8000.0,10.0,0.179477
8000.0,11.0,0.0
8000.0,12.0,0.352636
8000.0,13.0,0.294144
8000.0,14.0,0.015787
8000.0,15.0,0.575042
8000.0,16.0,0.446243
8000.0,17.0,0.772368
8000.0,18.0,0.155491
8000.0,19.0,0.864137
8000.0,20.0,0.702879
8000.0,21.0,0.167938
8000.0,22.0,0.652034
8000.0,23.0,0.532687
8000.0,24.0,0.471344
8000.0,25.0,0.574502
8000.0,26.0,1.0
8000.0,27.0,0.422565
8000.0,28.0,0.358671
8000.0,29.0,0.277777
8000.0,30.0,0.267263
8000.0,31.0,0.443264
8000.0,32.0,0.0
8000.0,33.0,0.428257
8000.0,34.0,1.0
8000.0,35.0,0.273403
8000.0,36.0,0.30665
8001.0,0.0,0.893621
8001.0,1.0,0.449375
8001.0,2.0,1.0
8001.0,3.0,0.51311
8001.0,4.0,0.265017
8001.0,5.0,0.107078
8001.0,6.0,1.0
8001.0,7.0,0.0
8001.0,8.0,0.207847
8001.0,9.0,0.285162
8001.0,10.0,0.186359
8001.0,11.0,0.0
8001.0,12.0,0.354531
8001.0,13.0,0.298485
8001.0,14.0,0.016866
8001.0,15.0,0.580274
8001.0,16.0,0.460791
8001.0,17.0,0.773105
8001.0,18.0,0.158495
8001.0,19.0,0.864923
8001.0,20.0,0.70813
8001.0,21.0,0.169926
8001.0,22.0,0.658693
8001.0,23.0,0.564866
8001.0,24.0,0.474507
8001.0,25.0,0.589669
8001.0,26.0,1.0
8001.0,27.0,0.436784
8001.0,28.0,0.365405
8001.0,29.0,0.281389
8001.0,30.0,0.283844
8001.0,31.0,0.450993
8001.0,32.0,0.0
8001.0,33.0,0.428109
8001.0,34.0,1.0
8001.0,35.0,0.276639
8001.0,36.0,0.306588
8002.0,0.0,0.897674
8002.0,1.0,0.451571
8002.0,2.0,1.0
8002.0,3.0,0.514668
8002.0,4.0,0.275947
8002.0,5.0,0.108291
8002.0,6.0,1.0
8002.0,7.0,0.0
8002.0,8.0,0.21084
8002.0,9.0,0.293959
8002.0,10.0,0.193154
8002.0,11.0,0.0
8002.0,12.0,0.356203
8002.0,13.0,0.303373
8002.0,14.0,0.01788
8002.0,15.0,0.584377
8002.0,16.0,0.475065
8002.0,17.0,0.774259
8002.0,18.0,0.161838
8002.0,19.0,0.86489
8002.0,20.0,0.713666
8002.0,21.0,0.172503
8002.0,22.0,0.664616
8002.0,23.0,0.59571
8002.0,24.0,0.477006
8002.0,25.0,0.602886
8002.0,26.0,1.0
8002.0,27.0,0.449324
8002.0,28.0,0.372608
8002.0,29.0,0.285483
8002.0,30.0,0.300043
8002.0,31.0,0.459251
8002.0,32.0,0.0
8002.0,33.0,0.429191
8002.0,34.0,1.0
8002.0,35.0,0.279832
8002.0,36.0,0.30721
8003.0,0.0,0.901328
8003.0,1.0,0.453451
8003.0,2.0,1.0
8003.0,3.0,0.516351
8003.0,4.0,0.287043
8003.0,5.0,0.109445
8003.0,6.0,1.0
8003.0,7.0,0.0
8003.0,8.0,0.213569
8003.0,9.0,0.302527
8003.0,10.0,0.199301
8003.0,11.0,0.0
8003.0,12.0,0.357928
8003.0,13.0,0.307267
8003.0,14.0,0.019032
8003.0,15.0,0.588682
8003.0,16.0,0.489376
8003.0,17.0,0.774836
8003.0,18.0,0.165196
8003.0,19.0,0.865783
8003.0,20.0,0.718071
8003.0,21.0,0.174789
8003.0,22.0,0.670508
8003.0,23.0,0.627422
8003.0,24.0,0.480615
8003.0,25.0,0.615659
8003.0,26.0,1.0
8003.0,27.0,0.461679
8003.0,28.0,0.379366
8003.0,29.0,0.289069
8003.0,30.0,0.316656
8003.0,31.0,0.466646
8003.0,32.0,0.0
8003.0,33.0,0.429041
8003.0,34.0,1.0
8003.0,35.0,0.282754
8003.0,36.0,0.307375
8004.0,0.0,0.904602
8004.0,1.0,0.454003
8004.0,2.0,1.0
8004.0,3.0,0.518077
8004.0,4.0,0.297521
8004.0,5.0,0.11001
8004.0,6.0,1.0
8004.0,7.0,0.0
8004.0,8.0,0.216828
8004.0,9.0,0.31078
8004.0,10.0,0.205792
8004.0,11.0,0.0
8004.0,12.0,0.35956
8004.0,13.0,0.311411
8004.0,14.0,0.020192
8004.0,15.0,0.592075
8004.0,16.0,0.503215
8004.0,17.0,0.775032
8004.0,18.0,0.168869
8004.0,19.0,0.865591
8004.0,20.0,0.723757
8004.0,21.0,0.177155
8004.0,22.0,0.677025
8004.0,23.0,0.65745
8004.0,24.0,0.483188
8004.0,25.0,0.628605
8004.0,26.0,1.0
8004.0,27.0,0.474921
8004.0,28.0,0.385296
8004.0,29.0,0.292093
8004.0,30.0,0.332268
8004.0,31.0,0.474429
8004.0,32.0,0.0
8004.0,33.0,0.429539
8004.0,34.0,1.0
8004.0,35.0,0.285829
8004.0,36.0,0.308415
8005.0,0.0,0.907845
8005.0,1.0,0.455399
8005.0,2.0,1.0
8005.0,3.0,0.520921
8005.0,4.0,0.307674
8005.0,5.0,0.111061
8005.0,6.0,1.0
8005.0,7.0,0.0
8005.0,8.0,0.220003
8005.0,9.0,0.319639
8005.0,10.0,0.212748
8005.0,11.0,0.0
8005.0,12.0,0.361473
8005.0,13.0,0.315581
8005.0,14.0,0.021432
8005.0,15.0,0.595605
8005.0,16.0,0.516514
8005.0,17.0,0.775785
8005.0,18.0,0.172673
8005.0,19.0,0.865752
8005.0,20.0,0.728385
8005.0,21.0,0.178866
8005.0,22.0,0.682583
8005.0,23.0,0.68618
8005.0,24.0,0.485329
8005.0,25.0,0.64112
8005.0,26.0,1.0
8005.0,27.0,0.488264
8005.0,28.0,0.391971
8005.0,29.0,0.294388
8005.0,30.0,0.348703
8005.0,31.0,0.48233
8005.0,32.0,0.0
8005.0,33.0,0.429731
8005.0,34.0,1.0
8005.0,35.0,0.289183
8005.0,36.0,0.308822
8006.0,0.0,0.904266
8006.0,1.0,0.453141
8006.0,2.0,1.0
8006.0,3.0,0.518887
8006.0,4.0,0.29549
8006.0,5.0,0.110351
8006.0,6.0,1.0
8006.0,7.0,0.0
8006.0,8.0,0.216755
8006.0,9.0,0.310524
8006.0,10.0,0.204801
8006.0,11.0,0.0
8006.0,12.0,0.359097
8006.0,13.0,0.312105
8006.0,14.0,0.020042
8006.0,15.0,0.591207
8006.0,16.0,0.502856
8006.0,17.0,0.774592
8006.0,18.0,0.168109
8006.0,19.0,0.866346
8006.0,20.0,0.723374
8006.0,21.0,0.176895
8006.0,22.0,0.677093
8006.0,23.0,0.654704
8006.0,24.0,0.482391
8006.0,25.0,0.626802
8006.0,26.0,1.0
8006.0,27.0,0.474933
8006.0,28.0,0.385492
8006.0,29.0,0.291585
8006.0,30.0,0.328889
8006.0,31.0,0.474144
8006.0,32.0,0.0
8006.0,33.0,0.42957
8006.0,34.0,1.0
8006.0,35.0,0.286111
8006.0,36.0,0.307505
8007.0,0.0,0.900487
8007.0,1.0,0.450838
8007.0,2.0,1.0
8007.0,3.0,0.517014
8007.0,4.0,0.283993
8007.0,5.0,0.10961
8007.0,6.0,1.0
8007.0,7.0,0.0
8007.0,8.0,0.21386
8007.0,9.0,0.300835
8007.0,10.0,0.196983
8007.0,11.0,0.0
8007.0,12.0,0.357369
8007.0,13.0,0.30784
8007.0,14.0,0.018991
8007.0,15.0,0.586854
8007.0,16.0,0.488504
8007.0,17.0,0.772643
8007.0,18.0,0.164877
8007.0,19.0,0.866011
8007.0,20.0,0.718088
8007.0,21.0,0.174725
8007.0,22.0,0.669412
8007.0,23.0,0.623206
8007.0,24.0,0.479805
8007.0,25.0,0.613618
8007.0,26.0,1.0
8007.0,27.0,0.462086
8007.0,28.0,0.379226
8007.0,29.0,0.289106
8007.0,30.0,0.312005
8007.0,31.0,0.465359
8007.0,32.0,0.0
8007.0,33.0,0.428588
8007.0,34.0,1.0
8007.0,35.0,0.283213
8007.0,36.0,0.307048
8008.0,0.0,0.89692
8008.0,1.0,0.449788
8008.0,2.0,1.0
8008.0,3.0,0.514701
8008.0,4.0,0.273042
8008.0,5.0,0.108639
8008.0,6.0,1.0
8008.0,7.0,0.0
8008.0,8.0,0.211248
8008.0,9.0,0.291742
8008.0,10.0,0.191085
8008.0,11.0,0.0
8008.0,12.0,0.356332
8008.0,13.0,0.302944
8008.0,14.0,0.017927
8008.0,15.0,0.582745
8008.0,16.0,0.474822
8008.0,17.0,0.771929
8008.0,18.0,0.161068
8008.0,19.0,0.865588
8008.0,20.0,0.712919
8008.0,21.0,0.173716
8008.0,22.0,0.66351
8008.0,23.0,0.592079
8008.0,24.0,0.476507
8008.0,25.0,0.599829
8008.0,26.0,1.0
8008.0,27.0,0.448179
8008.0,28.0,0.373397
8008.0,29.0,0.28683
8008.0,30.0,0.296954
8008.0,31.0,0.457073
8008.0,32.0,0.0
8008.0,33.0,0.429011
8008.0,34.0,1.0
8008.0,35.0,0.279471
8008.0,36.0,0.306077
8009.0,0.0,0.893065
8009.0,1.0,0.448911
8009.0,2.0,1.0
8009.0,3.0,0.512264
8009.0,4.0,0.26244
8009.0,5.0,0.107557
8009.0,6.0,1.0
8009.0,7.0,0.0
8009.0,8.0,0.20871
8009.0,9.0,0.28432
8009.0,10.0,0.185362
8009.0,11.0,0.0
8009.0,12.0,0.353646
8009.0,13.0,0.298351
8009.0,14.0,0.016956
8009.0,15.0,0.579528
8009.0,16.0,0.460987
8009.0,17.0,0.771142
8009.0,18.0,0.1577
8009.0,19.0,0.864639
8009.0,20.0,0.70775
8009.0,21.0,0.172197
8009.0,22.0,0.65677
8009.0,23.0,0.561348
8009.0,24.0,0.474154
8009.0,25.0,0.586087
8009.0,26.0,1.0
8009.0,27.0,0.43475
8009.0,28.0,0.36747
8009.0,29.0,0.284022
8009.0,30.0,0.282225
8009.0,31.0,0.450268
8009.0,32.0,0.0
8009.0,33.0,0.428748
8009.0,34.0,1.0
8009.0,35.0,0.27694
8009.0,36.0,0.30441
8010.0,0.0,0.889104
8010.0,1.0,0.447337
8010.0,2.0,1.0
8010.0,3.0,0.508739
8010.0,4.0,0.252217
8010.0,5.0,0.106478
8010.0,6.0,1.0
8010.0,7.0,0.0
8010.0,8.0,0.205887
8010.0,9.0,0.276017
8010.0,10.0,0.179798
8010.0,11.0,0.0
8010.0,12.0,0.351705
8010.0,13.0,0.294075
8010.0,14.0,0.015801
8010.0,15.0,0.575479
8010.0,16.0,0.445488
8010.0,17.0,0.770096
8010.0,18.0,0.154574
8010.0,19.0,0.8641
8010.0,20.0,0.70261
8010.0,21.0,0.170842
8010.0,22.0,0.650895
8010.0,23.0,0.531997
8010.0,24.0,0.471997
8010.0,25.0,0.573163
8010.0,26.0,1.0
8010.0,27.0,0.422257
8010.0,28.0,0.361587
8010.0,29.0,0.280984
8010.0,30.0,0.268278
8010.0,31.0,0.442575
8010.0,32.0,0.0
8010.0,33.0,0.428921
8010.0,34.0,1.0
8010.0,35.0,0.274466
8010.0,36.0,0.304553
9000.0,0.0,0.886258
9000.0,1.0,0.447198
9000.0,2.0,1.0
9000.0,3.0,0.540707
9000.0,4.0,0.26009
9000.0,5.0,0.105598
9000.0,6.0,1.0
9000.0,7.0,0.0
9000.0,8.0,0.203556
9000.0,9.0,0.272352
9000.0,10.0,0.177322
9000.0,11.0,0.0
9000.0,12.0,0.343903
9000.0,13.0,0.300042
9000.0,14.0,0.019372
9000.0,15.0,0.569579
9000.0,16.0,0.449727
9000.0,17.0,0.779977
9000.0,18.0,0.159623
9000.0,19.0,0.869798
9000.0,20.0,0.706419
9000.0,21.0,0.168056
9000.0,22.0,0.648604
9000.0,23.0,0.526164
9000.0,24.0,0.472211
9000.0,25.0,0.575069
9000.0,26.0,1.0
9000.0,27.0,0.415519
9000.0,28.0,0.351685
9000.0,29.0,0.287879
9000.0,30.0,0.266676
9000.0,31.0,0.436307
9000.0,32.0,0.0
9000.0,33.0,0.419518
9000.0,34.0,1.0
9000.0,35.0,0.290646
9000.0,36.0,0.308924
9001.0,0.0,0.890106
9001.0,1.0,0.449096
9001.0,2.0,1.0
9001.0,3.0,0.542988
9001.0,4.0,0.271523
9001.0,5.0,0.106573
9001.0,6.0,1.0
9001.0,7.0,0.0
9001.0,8.0,0.205997
9001.0,9.0,0.279952
9001.0,10.0,0.183707
9001.0,11.0,0.0
9001.0,12.0,0.345957
9001.0,13.0,0.304139
9001.0,14.0,0.020673
9001.0,15.0,0.573173
9001.0,16.0,0.464429
9001.0,17.0,0.780924
9001.0,18.0,0.163575
9001.0,19.0,0.87021
9001.0,20.0,0.712573
9001.0,21.0,0.169724
9001.0,22.0,0.654828
9001.0,23.0,0.55779
9001.0,24.0,0.474475
9001.0,25.0,0.58922
9001.0,26.0,1.0
9001.0,27.0,0.428711
9001.0,28.0,0.358261
9001.0,29.0,0.291424
9001.0,30.0,0.282528
9001.0,31.0,0.44455
9001.0,32.0,0.0
9001.0,33.0,0.419803
9001.0,34.0,1.0
9001.0,35.0,0.293738
9001.0,36.0,0.309859
9002.0,0.0,0.893972
9002.0,1.0,0.450484
9002.0,2.0,1.0
9002.0,3.0,0.545097
9002.0,4.0,0.282529
9002.0,5.0,0.107297
9002.0,6.0,1.0
9002.0,7.0,0.0
9002.0,8.0,0.209101
9002.0,9.0,0.288491
9002.0,10.0,0.19035
9002.0,11.0,0.0
9002.0,12.0,0.34739
9002.0,13.0,0.30872
9002.0,14.0,0.021856
9002.0,15.0,0.57637
9002.0,16.0,0.477699
9002.0,17.0,0.781979
9002.0,18.0,0.167222
9002.0,19.0,0.870744
9002.0,20.0,0.718083
9002.0,21.0,0.171507
9002.0,22.0,0.660694
9002.0,23.0,0.589047
9002.0,24.0,0.476746
9002.0,25.0,0.603054
9002.0,26.0,1.0
9002.0,27.0,0.441389
9002.0,28.0,0.364472
9002.0,29.0,0.294162
9002.0,30.0,0.298294
9002.0,31.0,0.453281
9002.0,32.0,0.0
9002.0,33.0,0.419243
9002.0,34.0,1.0
9002.0,35.0,0.296799
9002.0,36.0,0.30976
9003.0,0.0,0.897314
9003.0,1.0,0.451587
9003.0,2.0,1.0
9003.0,3.0,0.547743
9003.0,4.0,0.293697
9003.0,5.0,0.108045
9003.0,6.0,1.0
9003.0,7.0,0.0
9003.0,8.0,0.21193
9003.0,9.0,0.296426
9003.0,10.0,0.197095
9003.0,11.0,0.0
9003.0,12.0,0.349249
9003.0,13.0,0.312793
9003.0,14.0,0.023202
9003.0,15.0,0.579852
9003.0,16.0,0.492591
9003.0,17.0,0.782603
9003.0,18.0,0.170818
9003.0,19.0,0.871185
9003.0,20.0,0.723017
9003.0,21.0,0.173822
9003.0,22.0,0.666765
9003.0,23.0,0.620355
9003.0,24.0,0.479089
9003.0,25.0,0.616952
9003.0,26.0,1.0
9003.0,27.0,0.453922
9003.0,28.0,0.370915
9003.0,29.0,0.296583
9003.0,30.0,0.314444
9003.0,31.0,0.46118
9003.0,32.0,0.0
9003.0,33.0,0.419586
9003.0,34.0,1.0
9003.0,35.0,0.299789
9003.0,36.0,0.309774
9004.0,0.0,0.900404
9004.0,1.0,0.453792
9004.0,2.0,1.0
9004.0,3.0,0.549536
9004.0,4.0,0.305032
9004.0,5.0,0.10959
9004.0,6.0,1.0
9004.0,7.0,0.0
9004.0,8.0,0.214921
9004.0,9.0,0.304642
9004.0,10.0,0.204133
9004.0,11.0,0.0
9004.0,12.0,0.350961
9004.0,13.0,0.317187
9004.0,14.0,0.024368
9004.0,15.0,0.583757
9004.0,16.0,0.506277
9004.0,17.0,0.782795
9004.0,18.0,0.174726
9004.0,19.0,0.871823
9004.0,20.0,0.72814
9004.0,21.0,0.175474
9004.0,22.0,0.672445
9004.0,23.0,0.650203
9004.0,24.0,0.481675
9004.0,25.0,0.629399
9004.0,26.0,1.0
9004.0,27.0,0.46669
9004.0,28.0,0.37778
9004.0,29.0,0.299427
9004.0,30.0,0.331164
9004.0,31.0,0.468966
9004.0,32.0,0.0
9004.0,33.0,0.419666
9004.0,34.0,1.0
9004.0,35.0,0.303559
9004.0,36.0,0.310283
9005.0,0.0,0.903408
9005.0,1.0,0.455245
9005.0,2.0,1.0
9005.0,3.0,0.551243
9005.0,4.0,0.315601
9005.0,5.0,0.110182
9005.0,6.0,1.0
9005.0,7.0,0.0
9005.0,8.0,0.217535
9005.0,9.0,0.312946
9005.0,10.0,0.210682
9005.0,11.0,0.0
9005.0,12.0,0.35309
9005.0,13.0,0.321136
9005.0,14.0,0.025688
9005.0,15.0,0.586586
9005.0,16.0,0.519705
9005.0,17.0,0.78417
9005.0,18.0,0.178757
9005.0,19.0,0.872298
9005.0,20.0,0.733112
9005.0,21.0,0.17738
9005.0,22.0,0.678557
9005.0,23.0,0.678737
9005.0,24.0,0.48507
9005.0,25.0,0.641525
9005.0,26.0,1.0
9005.0,27.0,0.479452
9005.0,28.0,0.384119
9005.0,29.0,0.302568
9005.0,30.0,0.347407
9005.0,31.0,0.476864
9005.0,32.0,0.0
9005.0,33.0,0.420034
9005.0,34.0,1.0
9005.0,35.0,0.306111
9005.0,36.0,0.311525
9006.0,0.0,0.899895
9006.0,1.0,0.454264
9006.0,2.0,1.0
9006.0,3.0,0.549675
9006.0,4.0,0.303311
9006.0,5.0,0.109239
9006.0,6.0,1.0
9006.0,7.0,0.0
9006.0,8.0,0.214261
9006.0,9.0,0.304207
9006.0,10.0,0.20335
9006.0,11.0,0.0
9006.0,12.0,0.350459
9006.0,13.0,0.316733
9006.0,14.0,0.024321
9006.0,15.0,0.582027
9006.0,16.0,0.506325
9006.0,17.0,0.783036
9006.0,18.0,0.174909
9006.0,19.0,0.871287
9006.0,20.0,0.728305
9006.0,21.0,0.176214
9006.0,22.0,0.672081
9006.0,23.0,0.647774
9006.0,24.0,0.481257
9006.0,25.0,0.627514
9006.0,26.0,1.0
9006.0,27.0,0.46681
9006.0,28.0,0.377553
9006.0,29.0,0.297668
9006.0,30.0,0.327798
9006.0,31.0,0.467969
9006.0,32.0,0.0
9006.0,33.0,0.419555
9006.0,34.0,1.0
9006.0,35.0,0.302699
9006.0,36.0,0.311374
9007.0,0.0,0.896176
9007.0,1.0,0.452897
9007.0,2.0,1.0
9007.0,3.0,0.547164
9007.0,4.0,0.291419
9007.0,5.0,0.108458
9007.0,6.0,1.0
9007.0,7.0,0.0
9007.0,8.0,0.211793
9007.0,9.0,0.29473
9007.0,10.0,0.19553
9007.0,11.0,0.0
9007.0,12.0,0.348191
9007.0,13.0,0.31227
9007.0,14.0,0.023343
9007.0,15.0,0.577112
9007.0,16.0,0.492265
9007.0,17.0,0.782102
9007.0,18.0,0.170592
9007.0,19.0,0.870772
9007.0,20.0,0.722557
9007.0,21.0,0.174423
9007.0,22.0,0.665236
9007.0,23.0,0.616947
9007.0,24.0,0.478793
9007.0,25.0,0.613882
9007.0,26.0,1.0
9007.0,27.0,0.454647
9007.0,28.0,0.370871
9007.0,29.0,0.294666
9007.0,30.0,0.310444
9007.0,31.0,0.460497
9007.0,32.0,0.0
9007.0,33.0,0.419064
9007.0,34.0,1.0
9007.0,35.0,0.299263
9007.0,36.0,0.311032
9008.0,0.0,0.892612
9008.0,1.0,0.451637
9008.0,2.0,1.0
9008.0,3.0,0.545565
9008.0,4.0,0.279412
9008.0,5.0,0.107522
9008.0,6.0,1.0
9008.0,7.0,0.0
9008.0,8.0,0.208853
9008.0,9.0,0.286861
9008.0,10.0,0.188728
9008.0,11.0,0.0
9008.0,12.0,0.346613
9008.0,13.0,0.307915
9008.0,14.0,0.022073
9008.0,15.0,0.573223
9008.0,16.0,0.478764
9008.0,17.0,0.780762
9008.0,18.0,0.16644
9008.0,19.0,0.870317
9008.0,20.0,0.717124
9008.0,21.0,0.172425
9008.0,22.0,0.659145
9008.0,23.0,0.58614
9008.0,24.0,0.47528
9008.0,25.0,0.600121
9008.0,26.0,1.0
9008.0,27.0,0.442459
9008.0,28.0,0.364129
9008.0,29.0,0.29148
9008.0,30.0,0.294468
9008.0,31.0,0.453808
9008.0,32.0,0.0
9008.0,33.0,0.418827
9008.0,34.0,1.0
9008.0,35.0,0.29622
9008.0,36.0,0.31065
9009.0,0.0,0.888375
9009.0,1.0,0.450031
9009.0,2.0,1.0
9009.0,3.0,0.543503
9009.0,4.0,0.269622
9009.0,5.0,0.106581
9009.0,6.0,1.0
9009.0,7.0,0.0
9009.0,8.0,0.205638
9009.0,9.0,0.277385
9009.0,10.0,0.182408
9009.0,11.0,0.0
9009.0,12.0,0.345273
9009.0,13.0,0.304307
9009.0,14.0,0.020629
9009.0,15.0,0.569605
9009.0,16.0,0.464934
9009.0,17.0,0.779713
9009.0,18.0,0.162572
9009.0,19.0,0.869788
9009.0,20.0,0.712157
9009.0,21.0,0.170626
9009.0,22.0,0.652146
9009.0,23.0,0.555873
9009.0,24.0,0.472465
9009.0,25.0,0.588244
9009.0,26.0,1.0
9009.0,27.0,0.43101
9009.0,28.0,0.357718
9009.0,29.0,0.287848
9009.0,30.0,0.279537
9009.0,31.0,0.446861
9009.0,32.0,0.0
9009.0,33.0,0.418462
9009.0,34.0,1.0
9009.0,35.0,0.293344
9009.0,36.0,0.309588
9010.0,0.0,0.8838
9010.0,1.0,0.448948
9010.0,2.0,1.0
9010.0,3.0,0.5412
9010.0,4.0,0.259444
9010.0,5.0,0.105905
9010.0,6.0,1.0
9010.0,7.0,0.0
9010.0,8.0,0.202983
9010.0,9.0,0.26955
9010.0,10.0,0.177079
9010.0,11.0,0.0
9010.0,12.0,0.343137
9010.0,13.0,0.298953
9010.0,14.0,0.01968
9010.0,15.0,0.565345
9010.0,16.0,0.45119
9010.0,17.0,0.779223
9010.0,18.0,0.159233
9010.0,19.0,0.869265
9010.0,20.0,0.70727
9010.0,21.0,0.169575
9010.0,22.0,0.645732
9010.0,23.0,0.52603
9010.0,24.0,0.469325
9010.0,25.0,0.576044
9010.0,26.0,1.0
9010.0,27.0,0.418506
9010.0,28.0,0.351478
9010.0,29.0,0.284373
9010.0,30.0,0.266766
9010.0,31.0,0.439847
9010.0,32.0,0.0
9010.0,33.0,0.417723
9010.0,34.0,1.0
9010.0,35.0,0.291035
9010.0,36.0,0.309481
10000.0,0.0,0.879179
10000.0,1.0,0.447962
10000.0,2.0,1.0
10000.0,3.0,0.523253
10000.0,4.0,0.259134
10000.0,5.0,0.102117
10000.0,6.0,1.0
10000.0,7.0,0.0
10000.0,8.0,0.203655
10000.0,9.0,0.273222
10000.0,10.0,0.175385
10000.0,11.0,0.0
10000.0,12.0,0.338332
10000.0,13.0,0.302443
10000.0,14.0,0.020695
10000.0,15.0,0.576894
10000.0,16.0,0.444007
10000.0,17.0,0.796493
10000.0,18.0,0.151549
10000.0,19.0,0.880653
10000.0,20.0,0.708068
10000.0,21.0,0.162219
10000.0,22.0,0.654124
10000.0,23.0,0.532359
10000.0,24.0,0.467345
10000.0,25.0,0.570707
10000.0,26.0,1.0
10000.0,27.0,0.419665
10000.0,28.0,0.354705
10000.0,29.0,0.273806
10000.0,30.0,0.266902
10000.0,31.0,0.442098
10000.0,32.0,0.0
10000.0,33.0,0.408913
10000.0,34.0,1.0
10000.0,35.0,0.26636
10000.0,36.0,0.301098
10001.0,0.0,0.883567
10001.0,1.0,0.448696
10001.0,2.0,1.0
10001.0,3.0,0.525885
10001.0,4.0,0.269305
10001.0,5.0,0.102331
10001.0,6.0,1.0
10001.0,7.0,0.0
10001.0,8.0,0.206891
10001.0,9.0,0.28098
10001.0,10.0,0.181718
10001.0,11.0,0.0
10001.0,12.0,0.340493
10001.0,13.0,0.306868
10001.0,14.0,0.021682
10001.0,15.0,0.581351
10001.0,16.0,0.458343
10001.0,17.0,0.797316
10001.0,18.0,0.154974
10001.0,19.0,0.881288
10001.0,20.0,0.714114
10001.0,21.0,0.163663
10001.0,22.0,0.661341
10001.0,23.0,0.563617
10001.0,24.0,0.470655
10001.0,25.0,0.585578
10001.0,26.0,1.0
10001.0,27.0,0.432523
10001.0,28.0,0.361506
10001.0,29.0,0.277883
10001.0,30.0,0.282258
10001.0,31.0,0.451097
10001.0,32.0,0.0
10001.0,33.0,0.408177
10001.0,34.0,1.0
10001.0,35.0,0.269917
10001.0,36.0,0.30144
10002.0,0.0,0.888098
10002.0,1.0,0.448742
10002.0,2.0,1.0
10002.0,3.0,0.528569
10002.0,4.0,0.280291
10002.0,5.0,0.103261
10002.0,6.0,1.0
10002.0,7.0,0.0
10002.0,8.0,0.21006
10002.0,9.0,0.289733
10002.0,10.0,0.187873
10002.0,11.0,0.0
10002.0,12.0,0.342981
10002.0,13.0,0.311643
10002.0,14.0,0.023236
10002.0,15.0,0.585783
10002.0,16.0,0.473159
10002.0,17.0,0.798099
10002.0,18.0,0.158395
10002.0,19.0,0.881872
10002.0,20.0,0.719554
10002.0,21.0,0.165513
10002.0,22.0,0.667337
10002.0,23.0,0.595091
10002.0,24.0,0.473192
10002.0,25.0,0.599521
10002.0,26.0,1.0
10002.0,27.0,0.446454
10002.0,28.0,0.368567
10002.0,29.0,0.280809
10002.0,30.0,0.29813
10002.0,31.0,0.458631
10002.0,32.0,0.0
10002.0,33.0,0.408343
10002.0,34.0,1.0
10002.0,35.0,0.27251
10002.0,36.0,0.301851
10003.0,0.0,0.892387
10003.0,1.0,0.44932
10003.0,2.0,1.0
10003.0,3.0,0.530614
10003.0,4.0,0.29069
10003.0,5.0,0.104293
10003.0,6.0,1.0
10003.0,7.0,0.0
10003.0,8.0,0.212851
10003.0,9.0,0.29871
10003.0,10.0,0.193954
10003.0,11.0,0.0
10003.0,12.0,0.344624
10003.0,13.0,0.316089
10003.0,14.0,0.024598
10003.0,15.0,0.589818
10003.0,16.0,0.487623
10003.0,17.0,0.798253
10003.0,18.0,0.162015
10003.0,19.0,0.882235
10003.0,20.0,0.724756
10003.0,21.0,0.166685
10003.0,22.0,0.672884
10003.0,23.0,0.625806
10003.0,24.0,0.47543
10003.0,25.0,0.613071
10003.0,26.0,1.0
10003.0,27.0,0.459636
10003.0,28.0,0.37456
10003.0,29.0,0.284433
10003.0,30.0,0.313702
10003.0,31.0,0.466886
10003.0,32.0,0.0
10003.0,33.0,0.408509
10003.0,34.0,1.0
10003.0,35.0,0.275701
10003.0,36.0,0.301614
10004.0,0.0,0.895978
10004.0,1.0,0.450047
10004.0,2.0,1.0
10004.0,3.0,0.532445
10004.0,4.0,0.30145
10004.0,5.0,0.105104
10004.0,6.0,1.0
10004.0,7.0,0.0
10004.0,8.0,0.216173
10004.0,9.0,0.30701
10004.0,10.0,0.200761
10004.0,11.0,0.0
10004.0,12.0,0.346773
10004.0,13.0,0.321059
10004.0,14.0,0.026486
10004.0,15.0,0.593819
10004.0,16.0,0.500965
10004.0,17.0,0.799165
10004.0,18.0,0.165586
10004.0,19.0,0.882696
10004.0,20.0,0.730133
10004.0,21.0,0.168579
10004.0,22.0,0.679157
10004.0,23.0,0.655429
10004.0,24.0,0.478989
10004.0,25.0,0.626524
10004.0,26.0,1.0
10004.0,27.0,0.471948
10004.0,28.0,0.380594
10004.0,29.0,0.287147
10004.0,30.0,0.330509
10004.0,31.0,0.475377
10004.0,32.0,0.0
10004.0,33.0,0.409016
10004.0,34.0,1.0
10004.0,35.0,0.278843
10004.0,36.0,0.302763
10005.0,0.0,0.899512
10005.0,1.0,0.4513
10005.0,2.0,1.0
10005.0,3.0,0.535329
10005.0,4.0,0.313119
10005.0,5.0,0.105596
10005.0,6.0,1.0
10005.0,7.0,0.0
10005.0,8.0,0.21988
10005.0,9.0,0.315828
10005.0,10.0,0.207527
10005.0,11.0,0.0
10005.0,12.0,0.348457
10005.0,13.0,0.325283
10005.0,14.0,0.027934
10005.0,15.0,0.597248
10005.0,16.0,0.514384
10005.0,17.0,0.800646
10005.0,18.0,0.168619
10005.0,19.0,0.883859
10005.0,20.0,0.734643
10005.0,21.0,0.170004
10005.0,22.0,0.68528
10005.0,23.0,0.685573
10005.0,24.0,0.481718
10005.0,25.0,0.639871
10005.0,26.0,1.0
10005.0,27.0,0.484077
10005.0,28.0,0.385853
10005.0,29.0,0.290157
10005.0,30.0,0.346685
10005.0,31.0,0.483706
10005.0,32.0,0.0
10005.0,33.0,0.408895
10005.0,34.0,1.0
10005.0,35.0,0.281877
10005.0,36.0,0.303029
10006.0,0.0,0.896069
10006.0,1.0,0.450031
10006.0,2.0,1.0
10006.0,3.0,0.533922
10006.0,4.0,0.300437
10006.0,5.0,0.105188
10006.0,6.0,1.0
10006.0,7.0,0.0
10006.0,8.0,0.216772
10006.0,9.0,0.306408
10006.0,10.0,0.200226
10006.0,11.0,0.0
10006.0,12.0,0.346833
10006.0,13.0,0.320579
10006.0,14.0,0.02641
10006.0,15.0,0.594015
10006.0,16.0,0.499834
10006.0,17.0,0.800172
10006.0,18.0,0.164856
10006.0,19.0,0.883221
10006.0,20.0,0.728476
10006.0,21.0,0.16819
10006.0,22.0,0.679556
10006.0,23.0,0.655017
10006.0,24.0,0.478132
10006.0,25.0,0.625328
10006.0,26.0,1.0
10006.0,27.0,0.470364
10006.0,28.0,0.378644
10006.0,29.0,0.287147
10006.0,30.0,0.326643
10006.0,31.0,0.475246
10006.0,32.0,0.0
10006.0,33.0,0.409093
10006.0,34.0,1.0
10006.0,35.0,0.278644
10006.0,36.0,0.301934
10007.0,0.0,0.891838
10007.0,1.0,0.449667
10007.0,2.0,1.0
10007.0,3.0,0.531344
10007.0,4.0,0.288891
10007.0,5.0,0.104912
10007.0,6.0,1.0
10007.0,7.0,0.0
10007.0,8.0,0.213164
10007.0,9.0,0.298331
10007.0,10.0,0.193039
10007.0,11.0,0.0
10007.0,12.0,0.345357
10007.0,13.0,0.316545
10007.0,14.0,0.024917
10007.0,15.0,0.589792
10007.0,16.0,0.485591
10007.0,17.0,0.800062
10007.0,18.0,0.161085
10007.0,19.0,0.882879
10007.0,20.0,0.723167
10007.0,21.0,0.166358
10007.0,22.0,0.672975
10007.0,23.0,0.624137
10007.0,24.0,0.474914
10007.0,25.0,0.612356
10007.0,26.0,1.0
10007.0,27.0,0.457838
10007.0,28.0,0.372149
10007.0,29.0,0.284601
10007.0,30.0,0.308516
10007.0,31.0,0.467124
10007.0,32.0,0.0
10007.0,33.0,0.409461
10007.0,34.0,1.0
10007.0,35.0,0.275683
10007.0,36.0,0.301593
10008.0,0.0,0.887367
10008.0,1.0,0.448759
10008.0,2.0,1.0
10008.0,3.0,0.528663
10008.0,4.0,0.278468
10008.0,5.0,0.104233
10008.0,6.0,1.0
10008.0,7.0,0.0
10008.0,8.0,0.211018
10008.0,9.0,0.289792
10008.0,10.0,0.186306
10008.0,11.0,0.0
10008.0,12.0,0.343949
10008.0,13.0,0.312805
10008.0,14.0,0.02363
10008.0,15.0,0.584885
10008.0,16.0,0.471714
10008.0,17.0,0.799503
10008.0,18.0,0.157562
10008.0,19.0,0.882198
10008.0,20.0,0.718074
10008.0,21.0,0.163748
10008.0,22.0,0.666834
10008.0,23.0,0.593164
10008.0,24.0,0.472631
10008.0,25.0,0.598101
10008.0,26.0,1.0
10008.0,27.0,0.443942
10008.0,28.0,0.365741
10008.0,29.0,0.281235
10008.0,30.0,0.293145
10008.0,31.0,0.460129
10008.0,32.0,0.0
10008.0,33.0,0.40906
10008.0,34.0,1.0
10008.0,35.0,0.272516
10008.0,36.0,0.30108
10009.0,0.0,0.882706
10009.0,1.0,0.447443
10009.0,2.0,1.0
10009.0,3.0,0.525599
10009.0,4.0,0.267518
10009.0,5.0,0.103112
10009.0,6.0,1.0
10009.0,7.0,0.0
10009.0,8.0,0.207334
10009.0,9.0,0.280547
10009.0,10.0,0.179997
10009.0,11.0,0.0
10009.0,12.0,0.342191
10009.0,13.0,0.3088
10009.0,14.0,0.022444
10009.0,15.0,0.580375
10009.0,16.0,0.45628
10009.0,17.0,0.797697
10009.0,18.0,0.153962
10009.0,19.0,0.881437
10009.0,20.0,0.713403
10009.0,21.0,0.161642
10009.0,22.0,0.660737
10009.0,23.0,0.56255
10009.0,24.0,0.470179
10009.0,25.0,0.584117
10009.0,26.0,1.0
10009.0,27.0,0.431033
10009.0,28.0,0.359315
10009.0,29.0,0.278152
10009.0,30.0,0.27899
10009.0,31.0,0.452311
10009.0,32.0,0.0
10009.0,33.0,0.409253
10009.0,34.0,1.0
10009.0,35.0,0.269934
10009.0,36.0,0.300857
10010.0,0.0,0.877659
10010.0,1.0,0.44687
10010.0,2.0,1.0
10010.0,3.0,0.522687
10010.0,4.0,0.257808
10010.0,5.0,0.102769
10010.0,6.0,1.0
10010.0,7.0,0.0
10010.0,8.0,0.205125
10010.0,9.0,0.272975
10010.0,10.0,0.174158
10010.0,11.0,0.0
10010.0,12.0,0.340339
10010.0,13.0,0.303912
10010.0,14.0,0.021467
10010.0,15.0,0.576162
10010.0,16.0,0.441847
10010.0,17.0,0.796836
10010.0,18.0,0.150609
10010.0,19.0,0.881131
10010.0,20.0,0.707888
10010.0,21.0,0.160029
10010.0,22.0,0.654303
10010.0,23.0,0.532858
10010.0,24.0,0.46834
10010.0,25.0,0.571023
10010.0,26.0,1.0
10010.0,27.0,0.418982
10010.0,28.0,0.353544
10010.0,29.0,0.276315
10010.0,30.0,0.265552
10010.0,31.0,0.444884
10010.0,32.0,0.0
10010.0,33.0,0.409168
10010.0,34.0,1.0
10010.0,35.0,0.266253
10010.0,36.0,0.300615
