FREQUENCIES 
Gen,mut_id,mut_freq
1.0,0.0,0.5
1.0,1.0,0.5
1.0,2.0,0.5
1.0,3.0,0.5
1.0,4.0,0.5
1.0,5.0,0.5
1.0,6.0,0.5
1.0,7.0,0.5
1.0,8.0,0.5
1.0,9.0,0.5
1.0,10.0,0.5
1.0,11.0,0.5
1.0,12.0,0.5
1.0,13.0,0.5
1.0,14.0,0.5
1.0,15.0,0.5
1.0,16.0,0.5
1.0,17.0,0.5
1.0,18.0,0.5
1.0,19.0,0.5
1.0,20.0,0.5
1.0,21.0,0.5
1.0,22.0,0.5
1.0,23.0,0.5
1.0,24.0,0.5
1.0,25.0,0.5
1.0,26.0,0.5
1.0,27.0,0.5
1.0,28.0,0.5
1.0,29.0,0.5
1.0,30.0,0.5
1.0,31.0,0.5
1.0,32.0,0.5
1.0,33.0,0.5
1.0,34.0,0.5
1.0,35.0,0.5
1.0,36.0,0.5
1000.0,0.0,0.448164
1000.0,1.0,0.394297
1000.0,2.0,0.710326
1000.0,3.0,0.296078
1000.0,4.0,0.825383
1000.0,5.0,0.0
1000.0,6.0,0.205037
1000.0,7.0,0.481992
1000.0,8.0,0.259292
1000.0,9.0,1.0
1000.0,10.0,0.829681
1000.0,11.0,0.470737
1000.0,12.0,0.228664
1000.0,13.0,0.417495
1000.0,14.0,0.5463
1000.0,15.0,1.0
1000.0,16.0,0.349199
1000.0,17.0,0.102537
1000.0,18.0,0.963651
1000.0,19.0,0.613585
1000.0,20.0,0.036272
1000.0,21.0,0.240552
1000.0,22.0,0.742074
1000.0,23.0,0.334461
1000.0,24.0,0.98389
1000.0,25.0,0.376697
1000.0,26.0,0.955717
1000.0,27.0,0.179534
1000.0,28.0,0.417663
1000.0,29.0,0.236639
1000.0,30.0,0.597946
1000.0,31.0,0.460982
1000.0,32.0,0.124452
1000.0,33.0,0.319223
1000.0,34.0,0.66008
1000.0,35.0,0.646045
1000.0,36.0,0.997046
1001.0,0.0,0.463516
1001.0,1.0,0.409348
1001.0,2.0,0.726981
1001.0,3.0,0.299082
1001.0,4.0,0.827092
1001.0,5.0,0.0
1001.0,6.0,0.205909
1001.0,7.0,0.491952
1001.0,8.0,0.270481
1001.0,9.0,1.0
1001.0,10.0,0.831543
1001.0,11.0,0.473632
1001.0,12.0,0.234489
1001.0,13.0,0.420657
1001.0,14.0,0.551996
1001.0,15.0,1.0
1001.0,16.0,0.352809
1001.0,17.0,0.108581
1001.0,18.0,0.964176
1001.0,19.0,0.615602
1001.0,20.0,0.036966
1001.0,21.0,0.245771
1001.0,22.0,0.748761
1001.0,23.0,0.345881
1001.0,24.0,0.984005
1001.0,25.0,0.405291
1001.0,26.0,0.9567
1001.0,27.0,0.180757
1001.0,28.0,0.424908
1001.0,29.0,0.238509
1001.0,30.0,0.623685
1001.0,31.0,0.461863
1001.0,32.0,0.126942
1001.0,33.0,0.320786
1001.0,34.0,0.68612
1001.0,35.0,0.653028
1001.0,36.0,0.997151
1002.0,0.0,0.477376
1002.0,1.0,0.422688
1002.0,2.0,0.74203
1002.0,3.0,0.301467
1002.0,4.0,0.829502
1002.0,5.0,0.0
1002.0,6.0,0.206676
1002.0,7.0,0.501405
1002.0,8.0,0.282009
1002.0,9.0,1.0
1002.0,10.0,0.834274
1002.0,11.0,0.477124
1002.0,12.0,0.240851
1002.0,13.0,0.423651
1002.0,14.0,0.557481
1002.0,15.0,1.0
1002.0,16.0,0.356395
1002.0,17.0,0.115317
1002.0,18.0,0.965094
1002.0,19.0,0.616464
1002.0,20.0,0.037444
1002.0,21.0,0.250485
1002.0,22.0,0.755032
1002.0,23.0,0.357054
1002.0,24.0,0.98411
1002.0,25.0,0.433829
1002.0,26.0,0.957905
1002.0,27.0,0.184101
1002.0,28.0,0.432201
1002.0,29.0,0.240131
1002.0,30.0,0.647916
1002.0,31.0,0.462408
1002.0,32.0,0.129791
1002.0,33.0,0.321979
1002.0,34.0,0.71132
1002.0,35.0,0.660378
1002.0,36.0,0.997267
1003.0,0.0,0.491305
1003.0,1.0,0.436849
1003.0,2.0,0.755384
1003.0,3.0,0.303504
1003.0,4.0,0.831387
1003.0,5.0,0.0
1003.0,6.0,0.207653
1003.0,7.0,0.510458
1003.0,8.0,0.294262
1003.0,9.0,1.0
1003.0,10.0,0.837081
1003.0,11.0,0.48141
1003.0,12.0,0.246513
1003.0,13.0,0.425293
1003.0,14.0,0.562173
1003.0,15.0,1.0
1003.0,16.0,0.360793
1003.0,17.0,0.122283
1003.0,18.0,0.965839
1003.0,19.0,0.616681
1003.0,20.0,0.037771
1003.0,21.0,0.255807
1003.0,22.0,0.761513
1003.0,23.0,0.368084
1003.0,24.0,0.984259
1003.0,25.0,0.46195
1003.0,26.0,0.958809
1003.0,27.0,0.186684
1003.0,28.0,0.438523
1003.0,29.0,0.242078
1003.0,30.0,0.670815
1003.0,31.0,0.463112
1003.0,32.0,0.133421
1003.0,33.0,0.322302
1003.0,34.0,0.735233
1003.0,35.0,0.666128
1003.0,36.0,0.997231
1004.0,0.0,0.50424
1004.0,1.0,0.450895
1004.0,2.0,0.767804
1004.0,3.0,0.30655
1004.0,4.0,0.833542
1004.0,5.0,0.0
1004.0,6.0,0.208957
1004.0,7.0,0.520157
1004.0,8.0,0.306728
1004.0,9.0,1.0
1004.0,10.0,0.839578
1004.0,11.0,0.4841
1004.0,12.0,0.252269
1004.0,13.0,0.427745
1004.0,14.0,0.566763
1004.0,15.0,1.0
1004.0,16.0,0.36472
1004.0,17.0,0.128879
1004.0,18.0,0.966129
1004.0,19.0,0.618009
1004.0,20.0,0.038417
1004.0,21.0,0.26131
1004.0,22.0,0.766907
1004.0,23.0,0.379805
1004.0,24.0,0.984505
1004.0,25.0,0.489248
1004.0,26.0,0.959596
1004.0,27.0,0.189553
1004.0,28.0,0.444994
1004.0,29.0,0.244444
1004.0,30.0,0.691796
1004.0,31.0,0.462852
1004.0,32.0,0.136042
1004.0,33.0,0.322775
1004.0,34.0,0.757585
1004.0,35.0,0.673276
1004.0,36.0,0.997311
1005.0,0.0,0.517404
1005.0,1.0,0.46408
1005.0,2.0,0.779956
1005.0,3.0,0.309267
1005.0,4.0,0.835689
1005.0,5.0,0.0
1005.0,6.0,0.209749
1005.0,7.0,0.528525
1005.0,8.0,0.319097
1005.0,9.0,1.0
1005.0,10.0,0.842052
1005.0,11.0,0.487551
1005.0,12.0,0.258815
1005.0,13.0,0.430927
1005.0,14.0,0.571619
1005.0,15.0,1.0
1005.0,16.0,0.36941
1005.0,17.0,0.136131
1005.0,18.0,0.966734
1005.0,19.0,0.619551
1005.0,20.0,0.038908
1005.0,21.0,0.266453
1005.0,22.0,0.772723
1005.0,23.0,0.390771
1005.0,24.0,0.984682
1005.0,25.0,0.515985
1005.0,26.0,0.960783
1005.0,27.0,0.192032
1005.0,28.0,0.451544
1005.0,29.0,0.245773
1005.0,30.0,0.711383
1005.0,31.0,0.463213
1005.0,32.0,0.139004
1005.0,33.0,0.323181
1005.0,34.0,0.77809
1005.0,35.0,0.67942
1005.0,36.0,0.997455
1006.0,0.0,0.503176
1006.0,1.0,0.449139
1006.0,2.0,0.766374
1006.0,3.0,0.306843
1006.0,4.0,0.833399
1006.0,5.0,0.0
1006.0,6.0,0.208359
1006.0,7.0,0.519396
1006.0,8.0,0.305779
1006.0,9.0,1.0
1006.0,10.0,0.840053
1006.0,11.0,0.482835
1006.0,12.0,0.252831
1006.0,13.0,0.427782
1006.0,14.0,0.566505
1006.0,15.0,1.0
1006.0,16.0,0.365021
1006.0,17.0,0.128545
1006.0,18.0,0.966098
1006.0,19.0,0.61955
1006.0,20.0,0.038015
1006.0,21.0,0.260603
1006.0,22.0,0.766774
1006.0,23.0,0.378727
1006.0,24.0,0.98446
1006.0,25.0,0.483044
1006.0,26.0,0.960422
1006.0,27.0,0.188752
1006.0,28.0,0.445252
1006.0,29.0,0.243603
1006.0,30.0,0.688757
1006.0,31.0,0.463192
1006.0,32.0,0.135767
1006.0,33.0,0.321951
1006.0,34.0,0.754849
1006.0,35.0,0.672257
1006.0,36.0,0.997405
1007.0,0.0,0.489342
1007.0,1.0,0.435254
1007.0,2.0,0.75264
1007.0,3.0,0.303977
1007.0,4.0,0.831263
1007.0,5.0,0.0
1007.0,6.0,0.207665
1007.0,7.0,0.51037
1007.0,8.0,0.292728
1007.0,9.0,1.0
1007.0,10.0,0.837834
1007.0,11.0,0.479412
1007.0,12.0,0.246395
1007.0,13.0,0.424515
1007.0,14.0,0.561769
1007.0,15.0,1.0
1007.0,16.0,0.361177
1007.0,17.0,0.121679
1007.0,18.0,0.96593
1007.0,19.0,0.618959
1007.0,20.0,0.037146
1007.0,21.0,0.25521
1007.0,22.0,0.760374
1007.0,23.0,0.367463
1007.0,24.0,0.984167
1007.0,25.0,0.452683
1007.0,26.0,0.959357
1007.0,27.0,0.18584
1007.0,28.0,0.439045
1007.0,29.0,0.241491
1007.0,30.0,0.665644
1007.0,31.0,0.461935
1007.0,32.0,0.132495
1007.0,33.0,0.320944
1007.0,34.0,0.730832
1007.0,35.0,0.665751
1007.0,36.0,0.997289
1008.0,0.0,0.475267
1008.0,1.0,0.421538
1008.0,2.0,0.738472
1008.0,3.0,0.301016
1008.0,4.0,0.828887
1008.0,5.0,0.0
1008.0,6.0,0.206356
1008.0,7.0,0.501645
1008.0,8.0,0.280969
1008.0,9.0,1.0
1008.0,10.0,0.835646
1008.0,11.0,0.475617
1008.0,12.0,0.241341
1008.0,13.0,0.422046
1008.0,14.0,0.55732
1008.0,15.0,1.0
1008.0,16.0,0.357852
1008.0,17.0,0.115225
1008.0,18.0,0.965536
1008.0,19.0,0.618346
1008.0,20.0,0.036001
1008.0,21.0,0.250116
1008.0,22.0,0.753887
1008.0,23.0,0.356347
1008.0,24.0,0.983876
1008.0,25.0,0.425713
1008.0,26.0,0.958296
1008.0,27.0,0.183366
1008.0,28.0,0.432139
1008.0,29.0,0.24007
1008.0,30.0,0.643093
1008.0,31.0,0.460404
1008.0,32.0,0.129417
1008.0,33.0,0.319879
1008.0,34.0,0.707173
1008.0,35.0,0.659235
1008.0,36.0,0.997239
1009.0,0.0,0.46144
1009.0,1.0,0.407309
1009.0,2.0,0.724861
1009.0,3.0,0.297949
1009.0,4.0,0.826847
1009.0,5.0,0.0
1009.0,6.0,0.205099
1009.0,7.0,0.492844
1009.0,8.0,0.269448
1009.0,9.0,1.0
1009.0,10.0,0.833336
1009.0,11.0,0.47286
1009.0,12.0,0.2356
1009.0,13.0,0.418648
1009.0,14.0,0.552982
1009.0,15.0,1.0
1009.0,16.0,0.354128
1009.0,17.0,0.10901
1009.0,18.0,0.965155
1009.0,19.0,0.616441
1009.0,20.0,0.035168
1009.0,21.0,0.244954
1009.0,22.0,0.747101
1009.0,23.0,0.345689
1009.0,24.0,0.983747
1009.0,25.0,0.400247
1009.0,26.0,0.95735
1009.0,27.0,0.180614
1009.0,28.0,0.425478
1009.0,29.0,0.238211
1009.0,30.0,0.620982
1009.0,31.0,0.459666
1009.0,32.0,0.126291
1009.0,33.0,0.318666
1009.0,34.0,0.683476
1009.0,35.0,0.652378
1009.0,36.0,0.997224
1010.0,0.0,0.44786
1010.0,1.0,0.393403
1010.0,2.0,0.710468
1010.0,3.0,0.295472
1010.0,4.0,0.825063
1010.0,5.0,0.0
1010.0,6.0,0.204521
1010.0,7.0,0.484963
1010.0,8.0,0.258642
1010.0,9.0,1.0
1010.0,10.0,0.831104
1010.0,11.0,0.470337
1010.0,12.0,0.230285
1010.0,13.0,0.416788
1010.0,14.0,0.548563
1010.0,15.0,1.0
1010.0,16.0,0.352072
1010.0,17.0,0.103431
1010.0,18.0,0.964543
1010.0,19.0,0.615659
1010.0,20.0,0.034734
1010.0,21.0,0.239954
1010.0,22.0,0.740512
1010.0,23.0,0.335873
1010.0,24.0,0.983515
1010.0,25.0,0.377411
1010.0,26.0,0.956758
1010.0,27.0,0.178157
1010.0,28.0,0.41983
1010.0,29.0,0.23731
1010.0,30.0,0.600138
1010.0,31.0,0.459033
1010.0,32.0,0.123647
1010.0,33.0,0.31749
1010.0,34.0,0.659741
1010.0,35.0,0.645989
1010.0,36.0,0.997188
2000.0,0.0,0.44752
2000.0,1.0,0.351895
2000.0,2.0,0.706622
2000.0,3.0,0.28372
2000.0,4.0,0.855507
2000.0,5.0,0.0
2000.0,6.0,0.155106
2000.0,7.0,0.487569
2000.0,8.0,0.260254
2000.0,9.0,1.0
2000.0,10.0,0.845222
2000.0,11.0,0.469701
2000.0,12.0,0.223495
2000.0,13.0,0.419643
2000.0,14.0,0.554452
2000.0,15.0,1.0
2000.0,16.0,0.351902
2000.0,17.0,0.114736
2000.0,18.0,0.993373
2000.0,19.0,0.692699
2000.0,20.0,0.000776
2000.0,21.0,0.245253
2000.0,22.0,0.747149
2000.0,23.0,0.340668
2000.0,24.0,0.995819
2000.0,25.0,0.377874
2000.0,26.0,0.99398
2000.0,27.0,0.115263
2000.0,28.0,0.411489
2000.0,29.0,0.204413
2000.0,30.0,0.603143
2000.0,31.0,0.448294
2000.0,32.0,0.077518
2000.0,33.0,0.15388
2000.0,34.0,0.663305
2000.0,35.0,0.647658
2000.0,36.0,1.0
2001.0,0.0,0.461862
2001.0,1.0,0.36607
2001.0,2.0,0.723648
2001.0,3.0,0.286187
2001.0,4.0,0.856929
2001.0,5.0,0.0
2001.0,6.0,0.155524
2001.0,7.0,0.496634
2001.0,8.0,0.271396
2001.0,9.0,1.0
2001.0,10.0,0.847509
2001.0,11.0,0.473587
2001.0,12.0,0.228736
2001.0,13.0,0.421695
2001.0,14.0,0.559646
2001.0,15.0,1.0
2001.0,16.0,0.356414
2001.0,17.0,0.121826
2001.0,18.0,0.993437
2001.0,19.0,0.693361
2001.0,20.0,0.00081
2001.0,21.0,0.250104
2001.0,22.0,0.753514
2001.0,23.0,0.352523
2001.0,24.0,0.995978
2001.0,25.0,0.405518
2001.0,26.0,0.994177
2001.0,27.0,0.116621
2001.0,28.0,0.41829
2001.0,29.0,0.207101
2001.0,30.0,0.629171
2001.0,31.0,0.449279
2001.0,32.0,0.078659
2001.0,33.0,0.15395
2001.0,34.0,0.688989
2001.0,35.0,0.654347
2001.0,36.0,1.0
2002.0,0.0,0.475433
2002.0,1.0,0.378949
2002.0,2.0,0.739631
2002.0,3.0,0.288967
2002.0,4.0,0.858557
2002.0,5.0,0.0
2002.0,6.0,0.156657
2002.0,7.0,0.506679
2002.0,8.0,0.283121
2002.0,9.0,1.0
2002.0,10.0,0.849604
2002.0,11.0,0.476709
2002.0,12.0,0.234311
2002.0,13.0,0.423514
2002.0,14.0,0.565615
2002.0,15.0,1.0
2002.0,16.0,0.360505
2002.0,17.0,0.129101
2002.0,18.0,0.993307
2002.0,19.0,0.694223
2002.0,20.0,0.000823
2002.0,21.0,0.256216
2002.0,22.0,0.759571
2002.0,23.0,0.362984
2002.0,24.0,0.995995
2002.0,25.0,0.433709
2002.0,26.0,0.994282
2002.0,27.0,0.118392
2002.0,28.0,0.425241
2002.0,29.0,0.208711
2002.0,30.0,0.653247
2002.0,31.0,0.449947
2002.0,32.0,0.080123
2002.0,33.0,0.154205
2002.0,34.0,0.714161
2002.0,35.0,0.660858
2002.0,36.0,1.0
2003.0,0.0,0.489001
2003.0,1.0,0.392934
2003.0,2.0,0.753747
2003.0,3.0,0.291085
2003.0,4.0,0.860268
2003.0,5.0,0.0
2003.0,6.0,0.157429
2003.0,7.0,0.516379
2003.0,8.0,0.295102
2003.0,9.0,1.0
2003.0,10.0,0.852124
2003.0,11.0,0.480391
2003.0,12.0,0.239799
2003.0,13.0,0.424824
2003.0,14.0,0.570396
2003.0,15.0,1.0
2003.0,16.0,0.364896
2003.0,17.0,0.136373
2003.0,18.0,0.993401
2003.0,19.0,0.69536
2003.0,20.0,0.000771
2003.0,21.0,0.261386
2003.0,22.0,0.766024
2003.0,23.0,0.373359
2003.0,24.0,0.996064
2003.0,25.0,0.461055
2003.0,26.0,0.994473
2003.0,27.0,0.120139
2003.0,28.0,0.432222
2003.0,29.0,0.210532
2003.0,30.0,0.676011
2003.0,31.0,0.449535
2003.0,32.0,0.081453
2003.0,33.0,0.155207
2003.0,34.0,0.738139
2003.0,35.0,0.667824
2003.0,36.0,1.0
2004.0,0.0,0.501991
2004.0,1.0,0.405769
2004.0,2.0,0.765755
2004.0,3.0,0.293023
2004.0,4.0,0.861277
2004.0,5.0,0.0
2004.0,6.0,0.158229
2004.0,7.0,0.525062
2004.0,8.0,0.307733
2004.0,9.0,1.0
2004.0,10.0,0.853651
2004.0,11.0,0.484507
2004.0,12.0,0.245154
2004.0,13.0,0.426489
2004.0,14.0,0.575553
2004.0,15.0,1.0
2004.0,16.0,0.36901
2004.0,17.0,0.143786
2004.0,18.0,0.993466
2004.0,19.0,0.69756
2004.0,20.0,0.00072
2004.0,21.0,0.266049
2004.0,22.0,0.771933
2004.0,23.0,0.384495
2004.0,24.0,0.996055
2004.0,25.0,0.488026
2004.0,26.0,0.99448
2004.0,27.0,0.121669
2004.0,28.0,0.438914
2004.0,29.0,0.211806
2004.0,30.0,0.696584
2004.0,31.0,0.449957
2004.0,32.0,0.083542
2004.0,33.0,0.155957
2004.0,34.0,0.76086
2004.0,35.0,0.674221
2004.0,36.0,1.0
2005.0,0.0,0.515683
2005.0,1.0,0.419161
2005.0,2.0,0.777761
2005.0,3.0,0.294492
2005.0,4.0,0.862571
2005.0,5.0,0.0
2005.0,6.0,0.159318
2005.0,7.0,0.534227
2005.0,8.0,0.319538
2005.0,9.0,1.0
2005.0,10.0,0.855153
2005.0,11.0,0.488546
2005.0,12.0,0.250507
2005.0,13.0,0.42813
2005.0,14.0,0.580162
2005.0,15.0,1.0
2005.0,16.0,0.372569
2005.0,17.0,0.150801
2005.0,18.0,0.993612
2005.0,19.0,0.698666
2005.0,20.0,0.000723
2005.0,21.0,0.271295
2005.0,22.0,0.777195
2005.0,23.0,0.395553
2005.0,24.0,0.996028
2005.0,25.0,0.514909
2005.0,26.0,0.994539
2005.0,27.0,0.124137
2005.0,28.0,0.444892
2005.0,29.0,0.213174
2005.0,30.0,0.716231
2005.0,31.0,0.450658
2005.0,32.0,0.085541
2005.0,33.0,0.156346
2005.0,34.0,0.782242
2005.0,35.0,0.680069
2005.0,36.0,1.0
2006.0,0.0,0.50152
2006.0,1.0,0.404502
2006.0,2.0,0.763365
2006.0,3.0,0.291976
2006.0,4.0,0.861299
2006.0,5.0,0.0
2006.0,6.0,0.158856
2006.0,7.0,0.52438
2006.0,8.0,0.305666
2006.0,9.0,1.0
2006.0,10.0,0.853095
2006.0,11.0,0.485032
2006.0,12.0,0.244278
2006.0,13.0,0.426059
2006.0,14.0,0.574916
2006.0,15.0,1.0
2006.0,16.0,0.367718
2006.0,17.0,0.142589
2006.0,18.0,0.993517
2006.0,19.0,0.698241
2006.0,20.0,0.000697
2006.0,21.0,0.266081
2006.0,22.0,0.771735
2006.0,23.0,0.383684
2006.0,24.0,0.99598
2006.0,25.0,0.482761
2006.0,26.0,0.994277
2006.0,27.0,0.122454
2006.0,28.0,0.437974
2006.0,29.0,0.211083
2006.0,30.0,0.693328
2006.0,31.0,0.449771
2006.0,32.0,0.08401
2006.0,33.0,0.155785
2006.0,34.0,0.758421
2006.0,35.0,0.673739
2006.0,36.0,1.0
2007.0,0.0,0.487552
2007.0,1.0,0.391232
2007.0,2.0,0.749725
2007.0,3.0,0.289025
2007.0,4.0,0.860412
2007.0,5.0,0.0
2007.0,6.0,0.157458
2007.0,7.0,0.51488
2007.0,8.0,0.292401
2007.0,9.0,1.0
2007.0,10.0,0.851406
2007.0,11.0,0.481048
2007.0,12.0,0.238079
2007.0,13.0,0.423829
2007.0,14.0,0.569794
2007.0,15.0,1.0
2007.0,16.0,0.364326
2007.0,17.0,0.134458
2007.0,18.0,0.993444
2007.0,19.0,0.697801
2007.0,20.0,0.000696
2007.0,21.0,0.260726
2007.0,22.0,0.765537
2007.0,23.0,0.37228
2007.0,24.0,0.995828
2007.0,25.0,0.453303
2007.0,26.0,0.994125
2007.0,27.0,0.121421
2007.0,28.0,0.430122
2007.0,29.0,0.209619
2007.0,30.0,0.670164
2007.0,31.0,0.449392
2007.0,32.0,0.082341
2007.0,33.0,0.155147
2007.0,34.0,0.734327
2007.0,35.0,0.667697
2007.0,36.0,1.0
2008.0,0.0,0.474131
2008.0,1.0,0.377697
2008.0,2.0,0.735415
2008.0,3.0,0.287142
2008.0,4.0,0.858563
2008.0,5.0,0.0
2008.0,6.0,0.156831
2008.0,7.0,0.505812
2008.0,8.0,0.279967
2008.0,9.0,1.0
2008.0,10.0,0.849242
2008.0,11.0,0.477403
2008.0,12.0,0.232109
2008.0,13.0,0.421813
2008.0,14.0,0.564497
2008.0,15.0,1.0
2008.0,16.0,0.360928
2008.0,17.0,0.126974
2008.0,18.0,0.9932
2008.0,19.0,0.697723
2008.0,20.0,0.00069
2008.0,21.0,0.255578
2008.0,22.0,0.759767
2008.0,23.0,0.361923
2008.0,24.0,0.995661
2008.0,25.0,0.42579
2008.0,26.0,0.994097
2008.0,27.0,0.119421
2008.0,28.0,0.422955
2008.0,29.0,0.207816
2008.0,30.0,0.647682
2008.0,31.0,0.449094
2008.0,32.0,0.079921
2008.0,33.0,0.15427
2008.0,34.0,0.710133
2008.0,35.0,0.66063
2008.0,36.0,1.0
2009.0,0.0,0.460467
2009.0,1.0,0.365928
2009.0,2.0,0.720457
2009.0,3.0,0.284719
2009.0,4.0,0.856674
2009.0,5.0,0.0
2009.0,6.0,0.156213
2009.0,7.0,0.497276
2009.0,8.0,0.268133
2009.0,9.0,1.0
2009.0,10.0,0.846835
2009.0,11.0,0.473612
2009.0,12.0,0.226176
2009.0,13.0,0.419436
2009.0,14.0,0.560399
2009.0,15.0,1.0
2009.0,16.0,0.356526
2009.0,17.0,0.120036
2009.0,18.0,0.993083
2009.0,19.0,0.696314
2009.0,20.0,0.00068
2009.0,21.0,0.250965
2009.0,22.0,0.753565
2009.0,23.0,0.350918
2009.0,24.0,0.995542
2009.0,25.0,0.401297
2009.0,26.0,0.993981
2009.0,27.0,0.118056
2009.0,28.0,0.416163
2009.0,29.0,0.205925
2009.0,30.0,0.625492
2009.0,31.0,0.44888
2009.0,32.0,0.078462
2009.0,33.0,0.153577
2009.0,34.0,0.68623
2009.0,35.0,0.653651
2009.0,36.0,1.0
2010.0,0.0,0.446965
2010.0,1.0,0.353622
2010.0,2.0,0.706273
2010.0,3.0,0.282628
2010.0,4.0,0.854583
2010.0,5.0,0.0
2010.0,6.0,0.155228
2010.0,7.0,0.488139
2010.0,8.0,0.257087
2010.0,9.0,1.0
2010.0,10.0,0.845794
2010.0,11.0,0.470897
2010.0,12.0,0.220223
2010.0,13.0,0.416996
2010.0,14.0,0.555709
2010.0,15.0,1.0
2010.0,16.0,0.352624
2010.0,17.0,0.114039
2010.0,18.0,0.992971
2010.0,19.0,0.695035
2010.0,20.0,0.000684
2010.0,21.0,0.246218
2010.0,22.0,0.747317
2010.0,23.0,0.340387
2010.0,24.0,0.995556
2010.0,25.0,0.378479
2010.0,26.0,0.99391
2010.0,27.0,0.11659
2010.0,28.0,0.409358
2010.0,29.0,0.204748
2010.0,30.0,0.603705
2010.0,31.0,0.44789
2010.0,32.0,0.077335
2010.0,33.0,0.152057
2010.0,34.0,0.663041
2010.0,35.0,0.647
2010.0,36.0,1.0
3000.0,0.0,0.443969
3000.0,1.0,0.354905
3000.0,2.0,0.710599
3000.0,3.0,0.284245
3000.0,4.0,0.843307
3000.0,5.0,0.0
3000.0,6.0,0.150762
3000.0,7.0,0.496155
3000.0,8.0,0.258856
3000.0,9.0,1.0
3000.0,10.0,0.8387
3000.0,11.0,0.485121
3000.0,12.0,0.229161
3000.0,13.0,0.415699
3000.0,14.0,0.546096
3000.0,15.0,1.0
3000.0,16.0,0.350617
3000.0,17.0,0.112562
3000.0,18.0,0.997572
3000.0,19.0,0.749612
3000.0,20.0,0.0
3000.0,21.0,0.240575
3000.0,22.0,0.751709
3000.0,23.0,0.337955
3000.0,24.0,0.998152
3000.0,25.0,0.377338
3000.0,26.0,0.99898
3000.0,27.0,0.103482
3000.0,28.0,0.412323
3000.0,29.0,0.188974
3000.0,30.0,0.603893
3000.0,31.0,0.440698
3000.0,32.0,0.068943
3000.0,33.0,0.092008
3000.0,34.0,0.66481
3000.0,35.0,0.655991
3000.0,36.0,1.0
3001.0,0.0,0.458161
3001.0,1.0,0.367501
3001.0,2.0,0.727669
3001.0,3.0,0.286157
3001.0,4.0,0.845758
3001.0,5.0,0.0
3001.0,6.0,0.150698
3001.0,7.0,0.505822
3001.0,8.0,0.270644
3001.0,9.0,1.0
3001.0,10.0,0.841048
3001.0,11.0,0.488269
3001.0,12.0,0.234921
3001.0,13.0,0.4181
3001.0,14.0,0.550804
3001.0,15.0,1.0
3001.0,16.0,0.35476
3001.0,17.0,0.119289
3001.0,18.0,0.997651
3001.0,19.0,0.751182
3001.0,20.0,0.0
3001.0,21.0,0.246217
3001.0,22.0,0.758231
3001.0,23.0,0.350184
3001.0,24.0,0.998257
3001.0,25.0,0.405078
3001.0,26.0,0.999027
3001.0,27.0,0.105022
3001.0,28.0,0.420081
3001.0,29.0,0.191033
3001.0,30.0,0.629717
3001.0,31.0,0.442168
3001.0,32.0,0.070065
3001.0,33.0,0.092392
3001.0,34.0,0.691285
3001.0,35.0,0.662457
3001.0,36.0,1.0
3002.0,0.0,0.472319
3002.0,1.0,0.380816
3002.0,2.0,0.74287
3002.0,3.0,0.288943
3002.0,4.0,0.847212
3002.0,5.0,0.0
3002.0,6.0,0.150888
3002.0,7.0,0.514249
3002.0,8.0,0.282995
3002.0,9.0,1.0
3002.0,10.0,0.843815
3002.0,11.0,0.493135
3002.0,12.0,0.241315
3002.0,13.0,0.421254
3002.0,14.0,0.556448
3002.0,15.0,1.0
3002.0,16.0,0.358296
3002.0,17.0,0.12623
3002.0,18.0,0.997744
3002.0,19.0,0.752552
3002.0,20.0,0.0
3002.0,21.0,0.25195
3002.0,22.0,0.764354
3002.0,23.0,0.361371
3002.0,24.0,0.998277
3002.0,25.0,0.433698
3002.0,26.0,0.999043
3002.0,27.0,0.106303
3002.0,28.0,0.427157
3002.0,29.0,0.192778
3002.0,30.0,0.653104
3002.0,31.0,0.442355
3002.0,32.0,0.071726
3002.0,33.0,0.092252
3002.0,34.0,0.716411
3002.0,35.0,0.66851
3002.0,36.0,1.0
3003.0,0.0,0.485976
3003.0,1.0,0.394609
3003.0,2.0,0.756196
3003.0,3.0,0.291034
3003.0,4.0,0.848718
3003.0,5.0,0.0
3003.0,6.0,0.151613
3003.0,7.0,0.523294
3003.0,8.0,0.295179
3003.0,9.0,1.0
3003.0,10.0,0.846262
3003.0,11.0,0.497438
3003.0,12.0,0.247052
3003.0,13.0,0.424837
3003.0,14.0,0.561499
3003.0,15.0,1.0
3003.0,16.0,0.361344
3003.0,17.0,0.133455
3003.0,18.0,0.997777
3003.0,19.0,0.753619
3003.0,20.0,0.0
3003.0,21.0,0.256819
3003.0,22.0,0.769986
3003.0,23.0,0.372243
3003.0,24.0,0.998297
3003.0,25.0,0.463155
3003.0,26.0,0.999057
3003.0,27.0,0.107802
3003.0,28.0,0.434364
3003.0,29.0,0.194908
3003.0,30.0,0.674394
3003.0,31.0,0.443614
3003.0,32.0,0.073071
3003.0,33.0,0.09206
3003.0,34.0,0.738988
3003.0,35.0,0.674875
3003.0,36.0,1.0
3004.0,0.0,0.498482
3004.0,1.0,0.408846
3004.0,2.0,0.768945
3004.0,3.0,0.293369
3004.0,4.0,0.850156
3004.0,5.0,0.0
3004.0,6.0,0.151615
3004.0,7.0,0.5319
3004.0,8.0,0.306905
3004.0,9.0,1.0
3004.0,10.0,0.848648
3004.0,11.0,0.500981
3004.0,12.0,0.253303
3004.0,13.0,0.427367
3004.0,14.0,0.565271
3004.0,15.0,1.0
3004.0,16.0,0.365165
3004.0,17.0,0.141035
3004.0,18.0,0.997773
3004.0,19.0,0.754812
3004.0,20.0,0.0
3004.0,21.0,0.262291
3004.0,22.0,0.775399
3004.0,23.0,0.383313
3004.0,24.0,0.998422
3004.0,25.0,0.49071
3004.0,26.0,0.999126
3004.0,27.0,0.108829
3004.0,28.0,0.441575
3004.0,29.0,0.196392
3004.0,30.0,0.695664
3004.0,31.0,0.444032
3004.0,32.0,0.074778
3004.0,33.0,0.092565
3004.0,34.0,0.76097
3004.0,35.0,0.680642
3004.0,36.0,1.0
3005.0,0.0,0.51139
3005.0,1.0,0.42232
3005.0,2.0,0.780228
3005.0,3.0,0.295856
3005.0,4.0,0.851884
3005.0,5.0,0.0
3005.0,6.0,0.151526
3005.0,7.0,0.540435
3005.0,8.0,0.319086
3005.0,9.0,1.0
3005.0,10.0,0.850892
3005.0,11.0,0.504817
3005.0,12.0,0.258701
3005.0,13.0,0.430484
3005.0,14.0,0.569629
3005.0,15.0,1.0
3005.0,16.0,0.369157
3005.0,17.0,0.148618
3005.0,18.0,0.997777
3005.0,19.0,0.755991
3005.0,20.0,0.0
3005.0,21.0,0.267657
3005.0,22.0,0.780992
3005.0,23.0,0.39357
3005.0,24.0,0.998453
3005.0,25.0,0.5175
3005.0,26.0,0.999151
3005.0,27.0,0.110983
3005.0,28.0,0.447853
3005.0,29.0,0.198384
3005.0,30.0,0.715251
3005.0,31.0,0.444374
3005.0,32.0,0.076218
3005.0,33.0,0.093254
3005.0,34.0,0.781328
3005.0,35.0,0.686322
3005.0,36.0,1.0
3006.0,0.0,0.498372
3006.0,1.0,0.407266
3006.0,2.0,0.765822
3006.0,3.0,0.292075
3006.0,4.0,0.850242
3006.0,5.0,0.0
3006.0,6.0,0.150598
3006.0,7.0,0.531134
3006.0,8.0,0.305054
3006.0,9.0,1.0
3006.0,10.0,0.848916
3006.0,11.0,0.500679
3006.0,12.0,0.252138
3006.0,13.0,0.428407
3006.0,14.0,0.564932
3006.0,15.0,1.0
3006.0,16.0,0.365097
3006.0,17.0,0.140467
3006.0,18.0,0.997785
3006.0,19.0,0.756098
3006.0,20.0,0.0
3006.0,21.0,0.262494
3006.0,22.0,0.77609
3006.0,23.0,0.381145
3006.0,24.0,0.99842
3006.0,25.0,0.48567
3006.0,26.0,0.999094
3006.0,27.0,0.109398
3006.0,28.0,0.440491
3006.0,29.0,0.196378
3006.0,30.0,0.692751
3006.0,31.0,0.444202
3006.0,32.0,0.074305
3006.0,33.0,0.092741
3006.0,34.0,0.757715
3006.0,35.0,0.67927
3006.0,36.0,1.0
3007.0,0.0,0.485575
3007.0,1.0,0.392821
3007.0,2.0,0.751
3007.0,3.0,0.290033
3007.0,4.0,0.849234
3007.0,5.0,0.0
3007.0,6.0,0.149614
3007.0,7.0,0.521668
3007.0,8.0,0.292592
3007.0,9.0,1.0
3007.0,10.0,0.847397
3007.0,11.0,0.496891
3007.0,12.0,0.246697
3007.0,13.0,0.426297
3007.0,14.0,0.56026
3007.0,15.0,1.0
3007.0,16.0,0.361291
3007.0,17.0,0.132655
3007.0,18.0,0.997744
3007.0,19.0,0.755042
3007.0,20.0,0.0
3007.0,21.0,0.257472
3007.0,22.0,0.770304
3007.0,23.0,0.369937
3007.0,24.0,0.998425
3007.0,25.0,0.455901
3007.0,26.0,0.999043
3007.0,27.0,0.107786
3007.0,28.0,0.433693
3007.0,29.0,0.194133
3007.0,30.0,0.669778
3007.0,31.0,0.443284
3007.0,32.0,0.072555
3007.0,33.0,0.092448
3007.0,34.0,0.734586
3007.0,35.0,0.673149
3007.0,36.0,1.0
3008.0,0.0,0.471967
3008.0,1.0,0.379703
3008.0,2.0,0.73766
3008.0,3.0,0.287824
3008.0,4.0,0.847969
3008.0,5.0,0.0
3008.0,6.0,0.149196
3008.0,7.0,0.512813
3008.0,8.0,0.281277
3008.0,9.0,1.0
3008.0,10.0,0.845332
3008.0,11.0,0.493058
3008.0,12.0,0.240951
3008.0,13.0,0.423025
3008.0,14.0,0.556147
3008.0,15.0,1.0
3008.0,16.0,0.357583
3008.0,17.0,0.125289
3008.0,18.0,0.99773
3008.0,19.0,0.754122
3008.0,20.0,0.0
3008.0,21.0,0.252714
3008.0,22.0,0.763971
3008.0,23.0,0.35967
3008.0,24.0,0.99846
3008.0,25.0,0.428668
3008.0,26.0,0.99896
3008.0,27.0,0.106742
3008.0,28.0,0.426175
3008.0,29.0,0.192197
3008.0,30.0,0.648093
3008.0,31.0,0.442503
3008.0,32.0,0.0709
3008.0,33.0,0.091641
3008.0,34.0,0.711097
3008.0,35.0,0.66674
3008.0,36.0,1.0
3009.0,0.0,0.458428
3009.0,1.0,0.367528
3009.0,2.0,0.723343
3009.0,3.0,0.285481
3009.0,4.0,0.847105
3009.0,5.0,0.0
3009.0,6.0,0.148553
3009.0,7.0,0.504614
3009.0,8.0,0.270032
3009.0,9.0,1.0
3009.0,10.0,0.842989
3009.0,11.0,0.489813
3009.0,12.0,0.235282
3009.0,13.0,0.420473
3009.0,14.0,0.551288
3009.0,15.0,1.0
3009.0,16.0,0.353264
3009.0,17.0,0.118491
3009.0,18.0,0.997689
3009.0,19.0,0.753982
3009.0,20.0,0.0
3009.0,21.0,0.247547
3009.0,22.0,0.757464
3009.0,23.0,0.349215
3009.0,24.0,0.998388
3009.0,25.0,0.403882
3009.0,26.0,0.998994
3009.0,27.0,0.104808
3009.0,28.0,0.41979
3009.0,29.0,0.190619
3009.0,30.0,0.626163
3009.0,31.0,0.442406
3009.0,32.0,0.069481
3009.0,33.0,0.090969
3009.0,34.0,0.686768
3009.0,35.0,0.660964
3009.0,36.0,1.0
3010.0,0.0,0.445116
3010.0,1.0,0.355508
3010.0,2.0,0.709149
3010.0,3.0,0.284074
3010.0,4.0,0.845777
3010.0,5.0,0.0
3010.0,6.0,0.148117
3010.0,7.0,0.496104
3010.0,8.0,0.25935
3010.0,9.0,1.0
3010.0,10.0,0.840641
3010.0,11.0,0.485892
3010.0,12.0,0.230048
3010.0,13.0,0.417904
3010.0,14.0,0.546437
3010.0,15.0,1.0
3010.0,16.0,0.349316
3010.0,17.0,0.111649
3010.0,18.0,0.997594
3010.0,19.0,0.753312
3010.0,20.0,0.0
3010.0,21.0,0.242098
3010.0,22.0,0.751766
3010.0,23.0,0.337961
3010.0,24.0,0.998355
3010.0,25.0,0.380415
3010.0,26.0,0.99893
3010.0,27.0,0.103535
3010.0,28.0,0.41303
3010.0,29.0,0.188798
3010.0,30.0,0.604301
3010.0,31.0,0.44155
3010.0,32.0,0.068001
3010.0,33.0,0.090631
3010.0,34.0,0.663281
3010.0,35.0,0.654678
3010.0,36.0,1.0
4000.0,0.0,0.447281
4000.0,1.0,0.32785
4000.0,2.0,0.71468
4000.0,3.0,0.289304
4000.0,4.0,0.841818
4000.0,5.0,0.0
4000.0,6.0,0.141972
4000.0,7.0,0.491206
4000.0,8.0,0.259527
4000.0,9.0,1.0
4000.0,10.0,0.834962
4000.0,11.0,0.467657
4000.0,12.0,0.226499
4000.0,13.0,0.424086
4000.0,14.0,0.558678
4000.0,15.0,1.0
4000.0,16.0,0.3562
4000.0,17.0,0.12211
4000.0,18.0,0.999072
4000.0,19.0,0.785629
4000.0,20.0,0.0
4000.0,21.0,0.247833
4000.0,22.0,0.750184
4000.0,23.0,0.340814
4000.0,24.0,0.99954
4000.0,25.0,0.381651
4000.0,26.0,1.0
4000.0,27.0,0.088125
4000.0,28.0,0.419347
4000.0,29.0,0.188789
4000.0,30.0,0.603108
4000.0,31.0,0.458789
4000.0,32.0,0.047219
4000.0,33.0,0.038108
4000.0,34.0,0.66834
4000.0,35.0,0.655264
4000.0,36.0,1.0
4001.0,0.0,0.461986
4001.0,1.0,0.339974
4001.0,2.0,0.731106
4001.0,3.0,0.292303
4001.0,4.0,0.842953
4001.0,5.0,0.0
4001.0,6.0,0.142145
4001.0,7.0,0.49991
4001.0,8.0,0.271012
4001.0,9.0,1.0
4001.0,10.0,0.83754
4001.0,11.0,0.471295
4001.0,12.0,0.232351
4001.0,13.0,0.426527
4001.0,14.0,0.56396
4001.0,15.0,1.0
4001.0,16.0,0.360796
4001.0,17.0,0.129489
4001.0,18.0,0.999078
4001.0,19.0,0.786735
4001.0,20.0,0.0
4001.0,21.0,0.252431
4001.0,22.0,0.755899
4001.0,23.0,0.352544
4001.0,24.0,0.999507
4001.0,25.0,0.409628
4001.0,26.0,1.0
4001.0,27.0,0.089232
4001.0,28.0,0.427387
4001.0,29.0,0.190097
4001.0,30.0,0.627782
4001.0,31.0,0.458913
4001.0,32.0,0.048054
4001.0,33.0,0.038764
4001.0,34.0,0.694672
4001.0,35.0,0.661834
4001.0,36.0,1.0
4002.0,0.0,0.475438
4002.0,1.0,0.351432
4002.0,2.0,0.74595
4002.0,3.0,0.295202
4002.0,4.0,0.844804
4002.0,5.0,0.0
4002.0,6.0,0.142481
4002.0,7.0,0.508803
4002.0,8.0,0.282308
4002.0,9.0,1.0
4002.0,10.0,0.840129
4002.0,11.0,0.474667
4002.0,12.0,0.238056
4002.0,13.0,0.429746
4002.0,14.0,0.568537
4002.0,15.0,1.0
4002.0,16.0,0.364042
4002.0,17.0,0.136505
4002.0,18.0,0.999074
4002.0,19.0,0.787235
4002.0,20.0,0.0
4002.0,21.0,0.257156
4002.0,22.0,0.761589
4002.0,23.0,0.363237
4002.0,24.0,0.999523
4002.0,25.0,0.437207
4002.0,26.0,1.0
4002.0,27.0,0.090782
4002.0,28.0,0.433634
4002.0,29.0,0.192486
4002.0,30.0,0.652533
4002.0,31.0,0.459953
4002.0,32.0,0.048565
4002.0,33.0,0.038791
4002.0,34.0,0.719014
4002.0,35.0,0.668291
4002.0,36.0,1.0
4003.0,0.0,0.488531
4003.0,1.0,0.364155
4003.0,2.0,0.759819
4003.0,3.0,0.297483
4003.0,4.0,0.846246
4003.0,5.0,0.0
4003.0,6.0,0.142941
4003.0,7.0,0.516912
4003.0,8.0,0.295303
4003.0,9.0,1.0
4003.0,10.0,0.842241
4003.0,11.0,0.478829
4003.0,12.0,0.243754
4003.0,13.0,0.432739
4003.0,14.0,0.573257
4003.0,15.0,1.0
4003.0,16.0,0.367493
4003.0,17.0,0.144804
4003.0,18.0,0.999034
4003.0,19.0,0.787913
4003.0,20.0,0.0
4003.0,21.0,0.263025
4003.0,22.0,0.766813
4003.0,23.0,0.374495
4003.0,24.0,0.999566
4003.0,25.0,0.464279
4003.0,26.0,1.0
4003.0,27.0,0.091911
4003.0,28.0,0.440433
4003.0,29.0,0.194663
4003.0,30.0,0.67478
4003.0,31.0,0.460308
4003.0,32.0,0.049389
4003.0,33.0,0.039449
4003.0,34.0,0.741393
4003.0,35.0,0.674442
4003.0,36.0,1.0
4004.0,0.0,0.502187
4004.0,1.0,0.377546
4004.0,2.0,0.773392
4004.0,3.0,0.300351
4004.0,4.0,0.847953
4004.0,5.0,0.0
4004.0,6.0,0.143751
4004.0,7.0,0.525868
4004.0,8.0,0.30752
4004.0,9.0,1.0
4004.0,10.0,0.844995
4004.0,11.0,0.482341
4004.0,12.0,0.250436
4004.0,13.0,0.434565
4004.0,14.0,0.577535
4004.0,15.0,1.0
4004.0,16.0,0.371284
4004.0,17.0,0.153133
4004.0,18.0,0.99901
4004.0,19.0,0.787866
4004.0,20.0,0.0
4004.0,21.0,0.268237
4004.0,22.0,0.772376
4004.0,23.0,0.385181
4004.0,24.0,0.999572
4004.0,25.0,0.49193
4004.0,26.0,1.0
4004.0,27.0,0.092588
4004.0,28.0,0.44717
4004.0,29.0,0.195745
4004.0,30.0,0.695208
4004.0,31.0,0.461392
4004.0,32.0,0.050138
4004.0,33.0,0.039573
4004.0,34.0,0.763318
4004.0,35.0,0.679607
4004.0,36.0,1.0
4005.0,0.0,0.515875
4005.0,1.0,0.391161
4005.0,2.0,0.784826
4005.0,3.0,0.302511
4005.0,4.0,0.849028
4005.0,5.0,0.0
4005.0,6.0,0.144218
4005.0,7.0,0.533676
4005.0,8.0,0.31916
4005.0,9.0,1.0
4005.0,10.0,0.846196
4005.0,11.0,0.485359
4005.0,12.0,0.256602
4005.0,13.0,0.436826
4005.0,14.0,0.582449
4005.0,15.0,1.0
4005.0,16.0,0.375588
4005.0,17.0,0.161568
4005.0,18.0,0.999023
4005.0,19.0,0.78898
4005.0,20.0,0.0
4005.0,21.0,0.273048
4005.0,22.0,0.777474
4005.0,23.0,0.395652
4005.0,24.0,0.99958
4005.0,25.0,0.519061
4005.0,26.0,1.0
4005.0,27.0,0.093601
4005.0,28.0,0.45333
4005.0,29.0,0.198117
4005.0,30.0,0.713939
4005.0,31.0,0.46295
4005.0,32.0,0.05109
4005.0,33.0,0.039594
4005.0,34.0,0.783721
4005.0,35.0,0.685011
4005.0,36.0,1.0
4006.0,0.0,0.501869
4006.0,1.0,0.376976
4006.0,2.0,0.77103
4006.0,3.0,0.300257
4006.0,4.0,0.8479
4006.0,5.0,0.0
4006.0,6.0,0.143188
4006.0,7.0,0.524008
4006.0,8.0,0.306387
4006.0,9.0,1.0
4006.0,10.0,0.844083
4006.0,11.0,0.482419
4006.0,12.0,0.249886
4006.0,13.0,0.434394
4006.0,14.0,0.578261
4006.0,15.0,1.0
4006.0,16.0,0.372526
4006.0,17.0,0.153359
4006.0,18.0,0.999015
4006.0,19.0,0.78887
4006.0,20.0,0.0
4006.0,21.0,0.266957
4006.0,22.0,0.771866
4006.0,23.0,0.383681
4006.0,24.0,0.999594
4006.0,25.0,0.485695
4006.0,26.0,1.0
4006.0,27.0,0.092299
4006.0,28.0,0.4467
4006.0,29.0,0.196984
4006.0,30.0,0.690881
4006.0,31.0,0.462096
4006.0,32.0,0.049956
4006.0,33.0,0.039478
4006.0,34.0,0.760543
4006.0,35.0,0.678436
4006.0,36.0,1.0
4007.0,0.0,0.488381
4007.0,1.0,0.364613
4007.0,2.0,0.757157
4007.0,3.0,0.299039
4007.0,4.0,0.846286
4007.0,5.0,0.0
4007.0,6.0,0.142968
4007.0,7.0,0.51486
4007.0,8.0,0.293039
4007.0,9.0,1.0
4007.0,10.0,0.842259
4007.0,11.0,0.479427
4007.0,12.0,0.243265
4007.0,13.0,0.432071
4007.0,14.0,0.574244
4007.0,15.0,1.0
4007.0,16.0,0.368842
4007.0,17.0,0.145309
4007.0,18.0,0.998937
4007.0,19.0,0.788889
4007.0,20.0,0.0
4007.0,21.0,0.261349
4007.0,22.0,0.765966
4007.0,23.0,0.372254
4007.0,24.0,0.9996
4007.0,25.0,0.455961
4007.0,26.0,1.0
4007.0,27.0,0.090827
4007.0,28.0,0.440833
4007.0,29.0,0.196512
4007.0,30.0,0.668901
4007.0,31.0,0.462017
4007.0,32.0,0.04896
4007.0,33.0,0.039312
4007.0,34.0,0.737219
4007.0,35.0,0.671764
4007.0,36.0,1.0
4008.0,0.0,0.474133
4008.0,1.0,0.352206
4008.0,2.0,0.74328
4008.0,3.0,0.297132
4008.0,4.0,0.844351
4008.0,5.0,0.0
4008.0,6.0,0.141841
4008.0,7.0,0.505905
4008.0,8.0,0.281843
4008.0,9.0,1.0
4008.0,10.0,0.84005
4008.0,11.0,0.47618
4008.0,12.0,0.237799
4008.0,13.0,0.428854
4008.0,14.0,0.569899
4008.0,15.0,1.0
4008.0,16.0,0.365009
4008.0,17.0,0.137905
4008.0,18.0,0.998906
4008.0,19.0,0.788735
4008.0,20.0,0.0
4008.0,21.0,0.256694
4008.0,22.0,0.760121
4008.0,23.0,0.36146
4008.0,24.0,0.999583
4008.0,25.0,0.428303
4008.0,26.0,1.0
4008.0,27.0,0.089442
4008.0,28.0,0.433976
4008.0,29.0,0.195533
4008.0,30.0,0.646664
4008.0,31.0,0.461083
4008.0,32.0,0.047902
4008.0,33.0,0.038957
4008.0,34.0,0.713293
4008.0,35.0,0.665712
4008.0,36.0,1.0
4009.0,0.0,0.459892
4009.0,1.0,0.340208
4009.0,2.0,0.729809
4009.0,3.0,0.295552
4009.0,4.0,0.842781
4009.0,5.0,0.0
4009.0,6.0,0.141347
4009.0,7.0,0.496962
4009.0,8.0,0.270503
4009.0,9.0,1.0
4009.0,10.0,0.838233
4009.0,11.0,0.472602
4009.0,12.0,0.232783
4009.0,13.0,0.426875
4009.0,14.0,0.564904
4009.0,15.0,1.0
4009.0,16.0,0.360759
4009.0,17.0,0.13076
4009.0,18.0,0.99882
4009.0,19.0,0.787651
4009.0,20.0,0.0
4009.0,21.0,0.251334
4009.0,22.0,0.754073
4009.0,23.0,0.351196
4009.0,24.0,0.99958
4009.0,25.0,0.403218
4009.0,26.0,1.0
4009.0,27.0,0.08831
4009.0,28.0,0.427569
4009.0,29.0,0.193814
4009.0,30.0,0.624097
4009.0,31.0,0.461228
4009.0,32.0,0.046764
4009.0,33.0,0.03861
4009.0,34.0,0.689572
4009.0,35.0,0.659249
4009.0,36.0,1.0
4010.0,0.0,0.446397
4010.0,1.0,0.3283
4010.0,2.0,0.716569
4010.0,3.0,0.293068
4010.0,4.0,0.841017
4010.0,5.0,0.0
4010.0,6.0,0.140878
4010.0,7.0,0.488263
4010.0,8.0,0.260329
4010.0,9.0,1.0
4010.0,10.0,0.835913
4010.0,11.0,0.469937
4010.0,12.0,0.228013
4010.0,13.0,0.423956
4010.0,14.0,0.559942
4010.0,15.0,1.0
4010.0,16.0,0.356918
4010.0,17.0,0.124184
4010.0,18.0,0.998797
4010.0,19.0,0.786866
4010.0,20.0,0.0
4010.0,21.0,0.246127
4010.0,22.0,0.748163
4010.0,23.0,0.340439
4010.0,24.0,0.999608
4010.0,25.0,0.379824
4010.0,26.0,1.0
4010.0,27.0,0.087202
4010.0,28.0,0.421326
4010.0,29.0,0.192492
4010.0,30.0,0.602681
4010.0,31.0,0.461327
4010.0,32.0,0.046061
4010.0,33.0,0.038375
4010.0,34.0,0.665693
4010.0,35.0,0.651957
4010.0,36.0,1.0
5000.0,0.0,0.455028
5000.0,1.0,0.329717
5000.0,2.0,0.711838
5000.0,3.0,0.290582
5000.0,4.0,0.844499
5000.0,5.0,0.0
5000.0,6.0,0.151948
5000.0,7.0,0.48625
5000.0,8.0,0.260135
5000.0,9.0,1.0
5000.0,10.0,0.839289
5000.0,11.0,0.482694
5000.0,12.0,0.232718
5000.0,13.0,0.429421
5000.0,14.0,0.557476
5000.0,15.0,1.0
5000.0,16.0,0.348217
5000.0,17.0,0.114779
5000.0,18.0,0.999896
5000.0,19.0,0.783155
5000.0,20.0,0.0
5000.0,21.0,0.241044
5000.0,22.0,0.750547
5000.0,23.0,0.336024
5000.0,24.0,1.0
5000.0,25.0,0.377833
5000.0,26.0,1.0
5000.0,27.0,0.090717
5000.0,28.0,0.424363
5000.0,29.0,0.190682
5000.0,30.0,0.601933
5000.0,31.0,0.455386
5000.0,32.0,0.037877
5000.0,33.0,0.022344
5000.0,34.0,0.66364
5000.0,35.0,0.647717
5000.0,36.0,1.0
5001.0,0.0,0.469401
5001.0,1.0,0.342454
5001.0,2.0,0.728422
5001.0,3.0,0.29245
5001.0,4.0,0.8461
5001.0,5.0,0.0
5001.0,6.0,0.152651
5001.0,7.0,0.495663
5001.0,8.0,0.271835
5001.0,9.0,1.0
5001.0,10.0,0.841663
5001.0,11.0,0.486394
5001.0,12.0,0.238881
5001.0,13.0,0.431585
5001.0,14.0,0.562133
5001.0,15.0,1.0
5001.0,16.0,0.35279
5001.0,17.0,0.121899
5001.0,18.0,0.999892
5001.0,19.0,0.783698
5001.0,20.0,0.0
5001.0,21.0,0.246841
5001.0,22.0,0.757776
5001.0,23.0,0.347538
5001.0,24.0,1.0
5001.0,25.0,0.406256
5001.0,26.0,1.0
5001.0,27.0,0.091943
5001.0,28.0,0.431402
5001.0,29.0,0.192183
5001.0,30.0,0.627484
5001.0,31.0,0.455675
5001.0,32.0,0.038597
5001.0,33.0,0.022647
5001.0,34.0,0.6897
5001.0,35.0,0.654293
5001.0,36.0,1.0
5002.0,0.0,0.48306
5002.0,1.0,0.354792
5002.0,2.0,0.743151
5002.0,3.0,0.294634
5002.0,4.0,0.847453
5002.0,5.0,0.0
5002.0,6.0,0.153588
5002.0,7.0,0.505085
5002.0,8.0,0.283452
5002.0,9.0,1.0
5002.0,10.0,0.843879
5002.0,11.0,0.49017
5002.0,12.0,0.244725
5002.0,13.0,0.43428
5002.0,14.0,0.566772
5002.0,15.0,1.0
5002.0,16.0,0.356782
5002.0,17.0,0.128598
5002.0,18.0,0.999897
5002.0,19.0,0.784179
5002.0,20.0,0.0
5002.0,21.0,0.252288
5002.0,22.0,0.763517
5002.0,23.0,0.358913
5002.0,24.0,1.0
5002.0,25.0,0.435437
5002.0,26.0,1.0
5002.0,27.0,0.094048
5002.0,28.0,0.438551
5002.0,29.0,0.193916
5002.0,30.0,0.651933
5002.0,31.0,0.455899
5002.0,32.0,0.039232
5002.0,33.0,0.022734
5002.0,34.0,0.714695
5002.0,35.0,0.660496
5002.0,36.0,1.0
5003.0,0.0,0.496843
5003.0,1.0,0.367132
5003.0,2.0,0.756667
5003.0,3.0,0.297309
5003.0,4.0,0.849482
5003.0,5.0,0.0
5003.0,6.0,0.153928
5003.0,7.0,0.513137
5003.0,8.0,0.295243
5003.0,9.0,1.0
5003.0,10.0,0.845465
5003.0,11.0,0.493889
5003.0,12.0,0.250997
5003.0,13.0,0.435976
5003.0,14.0,0.571832
5003.0,15.0,1.0
5003.0,16.0,0.361306
5003.0,17.0,0.135653
5003.0,18.0,0.999888
5003.0,19.0,0.783879
5003.0,20.0,0.0
5003.0,21.0,0.257242
5003.0,22.0,0.769303
5003.0,23.0,0.369678
5003.0,24.0,1.0
5003.0,25.0,0.463258
5003.0,26.0,1.0
5003.0,27.0,0.095526
5003.0,28.0,0.445916
5003.0,29.0,0.195528
5003.0,30.0,0.674187
5003.0,31.0,0.45702
5003.0,32.0,0.040288
5003.0,33.0,0.022997
5003.0,34.0,0.738362
5003.0,35.0,0.666236
5003.0,36.0,1.0
5004.0,0.0,0.509611
5004.0,1.0,0.380339
5004.0,2.0,0.769297
5004.0,3.0,0.300074
5004.0,4.0,0.850619
5004.0,5.0,0.0
5004.0,6.0,0.154579
5004.0,7.0,0.522111
5004.0,8.0,0.307475
5004.0,9.0,1.0
5004.0,10.0,0.847122
5004.0,11.0,0.497302
5004.0,12.0,0.257198
5004.0,13.0,0.437615
5004.0,14.0,0.575598
5004.0,15.0,1.0
5004.0,16.0,0.365054
5004.0,17.0,0.142653
5004.0,18.0,0.999888
5004.0,19.0,0.783782
5004.0,20.0,0.0
5004.0,21.0,0.262344
5004.0,22.0,0.774878
5004.0,23.0,0.379864
5004.0,24.0,1.0
5004.0,25.0,0.490396
5004.0,26.0,1.0
5004.0,27.0,0.096645
5004.0,28.0,0.451711
5004.0,29.0,0.197242
5004.0,30.0,0.695528
5004.0,31.0,0.457831
5004.0,32.0,0.040855
5004.0,33.0,0.023027
5004.0,34.0,0.761382
5004.0,35.0,0.672514
5004.0,36.0,1.0
5005.0,0.0,0.522077
5005.0,1.0,0.393202
5005.0,2.0,0.780605
5005.0,3.0,0.302551
5005.0,4.0,0.851678
5005.0,5.0,0.0
5005.0,6.0,0.155869
5005.0,7.0,0.529965
5005.0,8.0,0.320296
5005.0,9.0,1.0
5005.0,10.0,0.849499
5005.0,11.0,0.501018
5005.0,12.0,0.262739
5005.0,13.0,0.439959
5005.0,14.0,0.579924
5005.0,15.0,1.0
5005.0,16.0,0.369217
5005.0,17.0,0.149456
5005.0,18.0,0.999893
5005.0,19.0,0.785043
5005.0,20.0,0.0
5005.0,21.0,0.26819
5005.0,22.0,0.780258
5005.0,23.0,0.390353
5005.0,24.0,1.0
5005.0,25.0,0.51669
5005.0,26.0,1.0
5005.0,27.0,0.098152
5005.0,28.0,0.458602
5005.0,29.0,0.199105
5005.0,30.0,0.714148
5005.0,31.0,0.45775
5005.0,32.0,0.04171
5005.0,33.0,0.022991
5005.0,34.0,0.782387
5005.0,35.0,0.678734
5005.0,36.0,1.0
5006.0,0.0,0.507566
5006.0,1.0,0.37949
5006.0,2.0,0.766845
5006.0,3.0,0.299932
5006.0,4.0,0.85043
5006.0,5.0,0.0
5006.0,6.0,0.155145
5006.0,7.0,0.52117
5006.0,8.0,0.30654
5006.0,9.0,1.0
5006.0,10.0,0.847864
5006.0,11.0,0.497204
5006.0,12.0,0.256431
5006.0,13.0,0.436816
5006.0,14.0,0.574702
5006.0,15.0,1.0
5006.0,16.0,0.365318
5006.0,17.0,0.14173
5006.0,18.0,0.999912
5006.0,19.0,0.785433
5006.0,20.0,0.0
5006.0,21.0,0.262618
5006.0,22.0,0.774029
5006.0,23.0,0.379528
5006.0,24.0,1.0
5006.0,25.0,0.484757
5006.0,26.0,1.0
5006.0,27.0,0.096681
5006.0,28.0,0.451486
5006.0,29.0,0.196997
5006.0,30.0,0.691623
5006.0,31.0,0.456741
5006.0,32.0,0.041109
5006.0,33.0,0.022628
5006.0,34.0,0.759591
5006.0,35.0,0.672678
5006.0,36.0,1.0
5007.0,0.0,0.493447
5007.0,1.0,0.365785
5007.0,2.0,0.753386
5007.0,3.0,0.297192
5007.0,4.0,0.849165
5007.0,5.0,0.0
5007.0,6.0,0.155021
5007.0,7.0,0.511177
5007.0,8.0,0.293741
5007.0,9.0,1.0
5007.0,10.0,0.845349
5007.0,11.0,0.493882
5007.0,12.0,0.250412
5007.0,13.0,0.434918
5007.0,14.0,0.570323
5007.0,15.0,1.0
5007.0,16.0,0.361988
5007.0,17.0,0.133647
5007.0,18.0,0.999911
5007.0,19.0,0.78492
5007.0,20.0,0.0
5007.0,21.0,0.256832
5007.0,22.0,0.768228
5007.0,23.0,0.368241
5007.0,24.0,1.0
5007.0,25.0,0.454041
5007.0,26.0,1.0
5007.0,27.0,0.095611
5007.0,28.0,0.445012
5007.0,29.0,0.195806
5007.0,30.0,0.668572
5007.0,31.0,0.45605
5007.0,32.0,0.040646
5007.0,33.0,0.022491
5007.0,34.0,0.736523
5007.0,35.0,0.665047
5007.0,36.0,1.0
5008.0,0.0,0.480044
5008.0,1.0,0.353205
5008.0,2.0,0.739628
5008.0,3.0,0.295328
5008.0,4.0,0.847434
5008.0,5.0,0.0
5008.0,6.0,0.154239
5008.0,7.0,0.501877
5008.0,8.0,0.282191
5008.0,9.0,1.0
5008.0,10.0,0.843104
5008.0,11.0,0.489845
5008.0,12.0,0.244394
5008.0,13.0,0.432777
5008.0,14.0,0.566088
5008.0,15.0,1.0
5008.0,16.0,0.35794
5008.0,17.0,0.126058
5008.0,18.0,0.99991
5008.0,19.0,0.784542
5008.0,20.0,0.0
5008.0,21.0,0.251825
5008.0,22.0,0.762694
5008.0,23.0,0.357283
5008.0,24.0,1.0
5008.0,25.0,0.426381
5008.0,26.0,1.0
5008.0,27.0,0.094354
5008.0,28.0,0.437339
5008.0,29.0,0.194153
5008.0,30.0,0.645718
5008.0,31.0,0.454456
5008.0,32.0,0.039597
5008.0,33.0,0.022207
5008.0,34.0,0.712781
5008.0,35.0,0.658507
5008.0,36.0,1.0
5009.0,0.0,0.46715
5009.0,1.0,0.34063
5009.0,2.0,0.72509
5009.0,3.0,0.293342
5009.0,4.0,0.845884
5009.0,5.0,0.0
5009.0,6.0,0.153335
5009.0,7.0,0.493669
5009.0,8.0,0.270932
5009.0,9.0,1.0
5009.0,10.0,0.840819
5009.0,11.0,0.486332
5009.0,12.0,0.238454
5009.0,13.0,0.430553
5009.0,14.0,0.561441
5009.0,15.0,1.0
5009.0,16.0,0.35386
5009.0,17.0,0.119953
5009.0,18.0,0.999912
5009.0,19.0,0.783499
5009.0,20.0,0.0
5009.0,21.0,0.247054
5009.0,22.0,0.756873
5009.0,23.0,0.346187
5009.0,24.0,1.0
5009.0,25.0,0.401306
5009.0,26.0,1.0
5009.0,27.0,0.092896
5009.0,28.0,0.43028
5009.0,29.0,0.192174
5009.0,30.0,0.623517
5009.0,31.0,0.45469
5009.0,32.0,0.038806
5009.0,33.0,0.021647
5009.0,34.0,0.689421
5009.0,35.0,0.652282
5009.0,36.0,1.0
5010.0,0.0,0.454124
5010.0,1.0,0.32978
5010.0,2.0,0.710724
5010.0,3.0,0.290986
5010.0,4.0,0.844791
5010.0,5.0,0.0
5010.0,6.0,0.152962
5010.0,7.0,0.486075
5010.0,8.0,0.26066
5010.0,9.0,1.0
5010.0,10.0,0.838437
5010.0,11.0,0.482541
5010.0,12.0,0.233091
5010.0,13.0,0.428293
5010.0,14.0,0.55717
5010.0,15.0,1.0
5010.0,16.0,0.350213
5010.0,17.0,0.113411
5010.0,18.0,0.999884
5010.0,19.0,0.782869
5010.0,20.0,0.0
5010.0,21.0,0.242705
5010.0,22.0,0.750974
5010.0,23.0,0.336407
5010.0,24.0,1.0
5010.0,25.0,0.378411
5010.0,26.0,1.0
5010.0,27.0,0.091675
5010.0,28.0,0.423172
5010.0,29.0,0.190588
5010.0,30.0,0.601998
5010.0,31.0,0.453508
5010.0,32.0,0.038256
5010.0,33.0,0.021661
5010.0,34.0,0.666223
5010.0,35.0,0.645829
5010.0,36.0,1.0
6000.0,0.0,0.446932
6000.0,1.0,0.331769
6000.0,2.0,0.710842
6000.0,3.0,0.281748
6000.0,4.0,0.85685
6000.0,5.0,0.0
6000.0,6.0,0.147374
6000.0,7.0,0.477954
6000.0,8.0,0.258689
6000.0,9.0,1.0
6000.0,10.0,0.842434
6000.0,11.0,0.481054
6000.0,12.0,0.229769
6000.0,13.0,0.416134
6000.0,14.0,0.560587
6000.0,15.0,1.0
6000.0,16.0,0.347534
6000.0,17.0,0.120345
6000.0,18.0,1.0
6000.0,19.0,0.798294
6000.0,20.0,0.0
6000.0,21.0,0.238723
6000.0,22.0,0.748121
6000.0,23.0,0.333049
6000.0,24.0,1.0
6000.0,25.0,0.380851
6000.0,26.0,1.0
6000.0,27.0,0.094481
6000.0,28.0,0.415216
6000.0,29.0,0.191146
6000.0,30.0,0.604574
6000.0,31.0,0.447282
6000.0,32.0,0.03972
6000.0,33.0,0.013909
6000.0,34.0,0.66785
6000.0,35.0,0.644689
6000.0,36.0,1.0
6001.0,0.0,0.462101
6001.0,1.0,0.344149
6001.0,2.0,0.727841
6001.0,3.0,0.2847
6001.0,4.0,0.858875
6001.0,5.0,0.0
6001.0,6.0,0.147636
6001.0,7.0,0.487143
6001.0,8.0,0.269661
6001.0,9.0,1.0
6001.0,10.0,0.845184
6001.0,11.0,0.484819
6001.0,12.0,0.235246
6001.0,13.0,0.419109
6001.0,14.0,0.565539
6001.0,15.0,1.0
6001.0,16.0,0.350246
6001.0,17.0,0.126763
6001.0,18.0,1.0
6001.0,19.0,0.79924
6001.0,20.0,0.0
6001.0,21.0,0.244144
6001.0,22.0,0.754565
6001.0,23.0,0.344583
6001.0,24.0,1.0
6001.0,25.0,0.408908
6001.0,26.0,1.0
6001.0,27.0,0.096016
6001.0,28.0,0.421828
6001.0,29.0,0.192632
6001.0,30.0,0.630814
6001.0,31.0,0.448118
6001.0,32.0,0.04096
6001.0,33.0,0.014134
6001.0,34.0,0.693878
6001.0,35.0,0.652302
6001.0,36.0,1.0
6002.0,0.0,0.475193
6002.0,1.0,0.356513
6002.0,2.0,0.743678
6002.0,3.0,0.287016
6002.0,4.0,0.860483
6002.0,5.0,0.0
6002.0,6.0,0.147967
6002.0,7.0,0.496589
6002.0,8.0,0.282366
6002.0,9.0,1.0
6002.0,10.0,0.846587
6002.0,11.0,0.489285
6002.0,12.0,0.240699
6002.0,13.0,0.422156
6002.0,14.0,0.570789
6002.0,15.0,1.0
6002.0,16.0,0.354533
6002.0,17.0,0.1347
6002.0,18.0,1.0
6002.0,19.0,0.799784
6002.0,20.0,0.0
6002.0,21.0,0.249368
6002.0,22.0,0.76097
6002.0,23.0,0.355706
6002.0,24.0,1.0
6002.0,25.0,0.437095
6002.0,26.0,1.0
6002.0,27.0,0.097111
6002.0,28.0,0.429736
6002.0,29.0,0.194247
6002.0,30.0,0.654879
6002.0,31.0,0.448507
6002.0,32.0,0.041866
6002.0,33.0,0.014136
6002.0,34.0,0.718642
6002.0,35.0,0.659128
6002.0,36.0,1.0
6003.0,0.0,0.488708
6003.0,1.0,0.368437
6003.0,2.0,0.758089
6003.0,3.0,0.28925
6003.0,4.0,0.862062
6003.0,5.0,0.0
6003.0,6.0,0.149468
6003.0,7.0,0.506539
6003.0,8.0,0.294572
6003.0,9.0,1.0
6003.0,10.0,0.848325
6003.0,11.0,0.492535
6003.0,12.0,0.247049
6003.0,13.0,0.424798
6003.0,14.0,0.575816
6003.0,15.0,1.0
6003.0,16.0,0.358143
6003.0,17.0,0.141969
6003.0,18.0,1.0
6003.0,19.0,0.800416
6003.0,20.0,0.0
6003.0,21.0,0.253987
6003.0,22.0,0.766332
6003.0,23.0,0.367038
6003.0,24.0,1.0
6003.0,25.0,0.465223
6003.0,26.0,1.0
6003.0,27.0,0.09798
6003.0,28.0,0.436558
6003.0,29.0,0.195596
6003.0,30.0,0.6774
6003.0,31.0,0.448468
6003.0,32.0,0.042672
6003.0,33.0,0.014284
6003.0,34.0,0.742231
6003.0,35.0,0.666007
6003.0,36.0,1.0
6004.0,0.0,0.502403
6004.0,1.0,0.381332
6004.0,2.0,0.770221
6004.0,3.0,0.292578
6004.0,4.0,0.864213
6004.0,5.0,0.0
6004.0,6.0,0.150026
6004.0,7.0,0.514362
6004.0,8.0,0.306948
6004.0,9.0,1.0
6004.0,10.0,0.850041
6004.0,11.0,0.496136
6004.0,12.0,0.252673
6004.0,13.0,0.427576
6004.0,14.0,0.580465
6004.0,15.0,1.0
6004.0,16.0,0.362201
6004.0,17.0,0.149673
6004.0,18.0,1.0
6004.0,19.0,0.800921
6004.0,20.0,0.0
6004.0,21.0,0.258364
6004.0,22.0,0.77179
6004.0,23.0,0.377319
6004.0,24.0,1.0
6004.0,25.0,0.492462
6004.0,26.0,1.0
6004.0,27.0,0.09947
6004.0,28.0,0.44272
6004.0,29.0,0.197116
6004.0,30.0,0.697751
6004.0,31.0,0.449564
6004.0,32.0,0.043572
6004.0,33.0,0.014269
6004.0,34.0,0.764793
6004.0,35.0,0.672439
6004.0,36.0,1.0
6005.0,0.0,0.515027
6005.0,1.0,0.394181
6005.0,2.0,0.781652
6005.0,3.0,0.294363
6005.0,4.0,0.865709
6005.0,5.0,0.0
6005.0,6.0,0.150992
6005.0,7.0,0.523276
6005.0,8.0,0.319313
6005.0,9.0,1.0
6005.0,10.0,0.851594
6005.0,11.0,0.499526
6005.0,12.0,0.258126
6005.0,13.0,0.430511
6005.0,14.0,0.585513
6005.0,15.0,1.0
6005.0,16.0,0.366463
6005.0,17.0,0.157594
6005.0,18.0,1.0
6005.0,19.0,0.801522
6005.0,20.0,0.0
6005.0,21.0,0.263616
6005.0,22.0,0.777
6005.0,23.0,0.387972
6005.0,24.0,1.0
6005.0,25.0,0.518787
6005.0,26.0,1.0
6005.0,27.0,0.101095
6005.0,28.0,0.449051
6005.0,29.0,0.198725
6005.0,30.0,0.716522
6005.0,31.0,0.450201
6005.0,32.0,0.044462
6005.0,33.0,0.014207
6005.0,34.0,0.784954
6005.0,35.0,0.678977
6005.0,36.0,1.0
6006.0,0.0,0.500976
6006.0,1.0,0.380921
6006.0,2.0,0.768415
6006.0,3.0,0.292646
6006.0,4.0,0.86423
6006.0,5.0,0.0
6006.0,6.0,0.150226
6006.0,7.0,0.514655
6006.0,8.0,0.306121
6006.0,9.0,1.0
6006.0,10.0,0.849082
6006.0,11.0,0.495755
6006.0,12.0,0.252133
6006.0,13.0,0.428106
6006.0,14.0,0.580771
6006.0,15.0,1.0
6006.0,16.0,0.362839
6006.0,17.0,0.148922
6006.0,18.0,1.0
6006.0,19.0,0.801358
6006.0,20.0,0.0
6006.0,21.0,0.257821
6006.0,22.0,0.770703
6006.0,23.0,0.376661
6006.0,24.0,1.0
6006.0,25.0,0.486111
6006.0,26.0,1.0
6006.0,27.0,0.099327
6006.0,28.0,0.442203
6006.0,29.0,0.197938
6006.0,30.0,0.694096
6006.0,31.0,0.448725
6006.0,32.0,0.044273
6006.0,33.0,0.013997
6006.0,34.0,0.761997
6006.0,35.0,0.672172
6006.0,36.0,1.0
6007.0,0.0,0.486014
6007.0,1.0,0.367609
6007.0,2.0,0.754059
6007.0,3.0,0.29049
6007.0,4.0,0.862109
6007.0,5.0,0.0
6007.0,6.0,0.149752
6007.0,7.0,0.505183
6007.0,8.0,0.293351
6007.0,9.0,1.0
6007.0,10.0,0.846418
6007.0,11.0,0.491322
6007.0,12.0,0.24619
6007.0,13.0,0.426017
6007.0,14.0,0.575595
6007.0,15.0,1.0
6007.0,16.0,0.358778
6007.0,17.0,0.140915
6007.0,18.0,1.0
6007.0,19.0,0.799812
6007.0,20.0,0.0
6007.0,21.0,0.253112
6007.0,22.0,0.764818
6007.0,23.0,0.364636
6007.0,24.0,1.0
6007.0,25.0,0.456486
6007.0,26.0,1.0
6007.0,27.0,0.097969
6007.0,28.0,0.435178
6007.0,29.0,0.196706
6007.0,30.0,0.671561
6007.0,31.0,0.447645
6007.0,32.0,0.04338
6007.0,33.0,0.013857
6007.0,34.0,0.73924
6007.0,35.0,0.666267
6007.0,36.0,1.0
6008.0,0.0,0.471381
6008.0,1.0,0.354769
6008.0,2.0,0.73995
6008.0,3.0,0.288177
6008.0,4.0,0.860329
6008.0,5.0,0.0
6008.0,6.0,0.148707
6008.0,7.0,0.495878
6008.0,8.0,0.281209
6008.0,9.0,1.0
6008.0,10.0,0.843809
6008.0,11.0,0.487493
6008.0,12.0,0.240784
6008.0,13.0,0.424108
6008.0,14.0,0.570662
6008.0,15.0,1.0
6008.0,16.0,0.35494
6008.0,17.0,0.132734
6008.0,18.0,1.0
6008.0,19.0,0.799215
6008.0,20.0,0.0
6008.0,21.0,0.248377
6008.0,22.0,0.758691
6008.0,23.0,0.353446
6008.0,24.0,1.0
6008.0,25.0,0.428399
6008.0,26.0,1.0
6008.0,27.0,0.096826
6008.0,28.0,0.428735
6008.0,29.0,0.195483
6008.0,30.0,0.649444
6008.0,31.0,0.447504
6008.0,32.0,0.042192
6008.0,33.0,0.013622
6008.0,34.0,0.716427
6008.0,35.0,0.659591
6008.0,36.0,1.0
6009.0,0.0,0.457609
6009.0,1.0,0.342259
6009.0,2.0,0.72637
6009.0,3.0,0.286137
6009.0,4.0,0.858849
6009.0,5.0,0.0
6009.0,6.0,0.148014
6009.0,7.0,0.487026
6009.0,8.0,0.269955
6009.0,9.0,1.0
6009.0,10.0,0.841755
6009.0,11.0,0.483612
6009.0,12.0,0.234882
6009.0,13.0,0.422246
6009.0,14.0,0.5656
6009.0,15.0,1.0
6009.0,16.0,0.35112
6009.0,17.0,0.125327
6009.0,18.0,1.0
6009.0,19.0,0.798047
6009.0,20.0,0.0
6009.0,21.0,0.243165
6009.0,22.0,0.753104
6009.0,23.0,0.342108
6009.0,24.0,1.0
6009.0,25.0,0.403953
6009.0,26.0,1.0
6009.0,27.0,0.095426
6009.0,28.0,0.422241
6009.0,29.0,0.194475
6009.0,30.0,0.627856
6009.0,31.0,0.446786
6009.0,32.0,0.04147
6009.0,33.0,0.013658
6009.0,34.0,0.692642
6009.0,35.0,0.653761
6009.0,36.0,1.0
6010.0,0.0,0.445029
6010.0,1.0,0.330282
6010.0,2.0,0.712816
6010.0,3.0,0.284535
6010.0,4.0,0.8571
6010.0,5.0,0.0
6010.0,6.0,0.146862
6010.0,7.0,0.478208
6010.0,8.0,0.259498
6010.0,9.0,1.0
6010.0,10.0,0.839808
6010.0,11.0,0.480336
6010.0,12.0,0.229219
6010.0,13.0,0.419982
6010.0,14.0,0.560798
6010.0,15.0,1.0
6010.0,16.0,0.34768
6010.0,17.0,0.118464
6010.0,18.0,1.0
6010.0,19.0,0.798005
6010.0,20.0,0.0
6010.0,21.0,0.238214
6010.0,22.0,0.747899
6010.0,23.0,0.332019
6010.0,24.0,1.0
6010.0,25.0,0.379887
6010.0,26.0,1.0
6010.0,27.0,0.094601
6010.0,28.0,0.416816
6010.0,29.0,0.193059
6010.0,30.0,0.605994
6010.0,31.0,0.446257
6010.0,32.0,0.040971
6010.0,33.0,0.01357
6010.0,34.0,0.668417
6010.0,35.0,0.647515
6010.0,36.0,1.0
7000.0,0.0,0.45524
7000.0,1.0,0.336692
7000.0,2.0,0.709852
7000.0,3.0,0.27689
7000.0,4.0,0.848851
7000.0,5.0,0.0
7000.0,6.0,0.142206
7000.0,7.0,0.487684
7000.0,8.0,0.262808
7000.0,9.0,1.0
7000.0,10.0,0.843329
7000.0,11.0,0.464906
7000.0,12.0,0.229005
7000.0,13.0,0.42098
7000.0,14.0,0.555457
7000.0,15.0,1.0
7000.0,16.0,0.357731
7000.0,17.0,0.114128
7000.0,18.0,1.0
7000.0,19.0,0.82048
7000.0,20.0,0.0
7000.0,21.0,0.246355
7000.0,22.0,0.751518
7000.0,23.0,0.334087
7000.0,24.0,1.0
7000.0,25.0,0.376544
7000.0,26.0,1.0
7000.0,27.0,0.094531
7000.0,28.0,0.409787
7000.0,29.0,0.19651
7000.0,30.0,0.603051
7000.0,31.0,0.463957
7000.0,32.0,0.041136
7000.0,33.0,0.004894
7000.0,34.0,0.667763
7000.0,35.0,0.646454
7000.0,36.0,1.0
7001.0,0.0,0.469977
7001.0,1.0,0.349534
7001.0,2.0,0.727308
7001.0,3.0,0.27946
7001.0,4.0,0.851095
7001.0,5.0,0.0
7001.0,6.0,0.143037
7001.0,7.0,0.496557
7001.0,8.0,0.274452
7001.0,9.0,1.0
7001.0,10.0,0.84553
7001.0,11.0,0.467872
7001.0,12.0,0.234564
7001.0,13.0,0.422909
7001.0,14.0,0.560952
7001.0,15.0,1.0
7001.0,16.0,0.361809
7001.0,17.0,0.120912
7001.0,18.0,1.0
7001.0,19.0,0.821207
7001.0,20.0,0.0
7001.0,21.0,0.252304
7001.0,22.0,0.758586
7001.0,23.0,0.346151
7001.0,24.0,1.0
7001.0,25.0,0.405541
7001.0,26.0,1.0
7001.0,27.0,0.095799
7001.0,28.0,0.41679
7001.0,29.0,0.198097
7001.0,30.0,0.627457
7001.0,31.0,0.464309
7001.0,32.0,0.041771
7001.0,33.0,0.004835
7001.0,34.0,0.693821
7001.0,35.0,0.653319
7001.0,36.0,1.0
7002.0,0.0,0.482788
7002.0,1.0,0.362344
7002.0,2.0,0.741724
7002.0,3.0,0.281205
7002.0,4.0,0.85199
7002.0,5.0,0.0
7002.0,6.0,0.144156
7002.0,7.0,0.505774
7002.0,8.0,0.286236
7002.0,9.0,1.0
7002.0,10.0,0.84772
7002.0,11.0,0.47109
7002.0,12.0,0.239996
7002.0,13.0,0.425335
7002.0,14.0,0.566168
7002.0,15.0,1.0
7002.0,16.0,0.366615
7002.0,17.0,0.128224
7002.0,18.0,1.0
7002.0,19.0,0.820807
7002.0,20.0,0.0
7002.0,21.0,0.256228
7002.0,22.0,0.76491
7002.0,23.0,0.357391
7002.0,24.0,1.0
7002.0,25.0,0.433917
7002.0,26.0,1.0
7002.0,27.0,0.097417
7002.0,28.0,0.424317
7002.0,29.0,0.199048
7002.0,30.0,0.651918
7002.0,31.0,0.465515
7002.0,32.0,0.042414
7002.0,33.0,0.004748
7002.0,34.0,0.718946
7002.0,35.0,0.659535
7002.0,36.0,1.0
7003.0,0.0,0.495352
7003.0,1.0,0.375687
7003.0,2.0,0.756111
7003.0,3.0,0.283722
7003.0,4.0,0.853846
7003.0,5.0,0.0
7003.0,6.0,0.144901
7003.0,7.0,0.515941
7003.0,8.0,0.298751
7003.0,9.0,1.0
7003.0,10.0,0.849533
7003.0,11.0,0.473867
7003.0,12.0,0.245594
7003.0,13.0,0.42708
7003.0,14.0,0.56961
7003.0,15.0,1.0
7003.0,16.0,0.369709
7003.0,17.0,0.135544
7003.0,18.0,1.0
7003.0,19.0,0.82227
7003.0,20.0,0.0
7003.0,21.0,0.262042
7003.0,22.0,0.77067
7003.0,23.0,0.36809
7003.0,24.0,1.0
7003.0,25.0,0.461051
7003.0,26.0,1.0
7003.0,27.0,0.098923
7003.0,28.0,0.43121
7003.0,29.0,0.200198
7003.0,30.0,0.674247
7003.0,31.0,0.465662
7003.0,32.0,0.042984
7003.0,33.0,0.004649
7003.0,34.0,0.741332
7003.0,35.0,0.665192
7003.0,36.0,1.0
7004.0,0.0,0.507705
7004.0,1.0,0.387853
7004.0,2.0,0.768829
7004.0,3.0,0.285727
7004.0,4.0,0.85489
7004.0,5.0,0.0
7004.0,6.0,0.145815
7004.0,7.0,0.524057
7004.0,8.0,0.31153
7004.0,9.0,1.0
7004.0,10.0,0.851841
7004.0,11.0,0.476959
7004.0,12.0,0.251113
7004.0,13.0,0.428679
7004.0,14.0,0.574407
7004.0,15.0,1.0
7004.0,16.0,0.373972
7004.0,17.0,0.143798
7004.0,18.0,1.0
7004.0,19.0,0.82238
7004.0,20.0,0.0
7004.0,21.0,0.267578
7004.0,22.0,0.776045
7004.0,23.0,0.378753
7004.0,24.0,1.0
7004.0,25.0,0.488256
7004.0,26.0,1.0
7004.0,27.0,0.100363
7004.0,28.0,0.437315
7004.0,29.0,0.202672
7004.0,30.0,0.695062
7004.0,31.0,0.465727
7004.0,32.0,0.043741
7004.0,33.0,0.004647
7004.0,34.0,0.763446
7004.0,35.0,0.671354
7004.0,36.0,1.0
7005.0,0.0,0.520672
7005.0,1.0,0.400877
7005.0,2.0,0.780247
7005.0,3.0,0.288463
7005.0,4.0,0.856244
7005.0,5.0,0.0
7005.0,6.0,0.145635
7005.0,7.0,0.532198
7005.0,8.0,0.323793
7005.0,9.0,1.0
7005.0,10.0,0.85415
7005.0,11.0,0.480997
7005.0,12.0,0.2567
7005.0,13.0,0.430376
7005.0,14.0,0.578397
7005.0,15.0,1.0
7005.0,16.0,0.377348
7005.0,17.0,0.15137
7005.0,18.0,1.0
7005.0,19.0,0.82327
7005.0,20.0,0.0
7005.0,21.0,0.272519
7005.0,22.0,0.781961
7005.0,23.0,0.39013
7005.0,24.0,1.0
7005.0,25.0,0.514732
7005.0,26.0,1.0
7005.0,27.0,0.101599
7005.0,28.0,0.444453
7005.0,29.0,0.203834
7005.0,30.0,0.714153
7005.0,31.0,0.46664
7005.0,32.0,0.044618
7005.0,33.0,0.004588
7005.0,34.0,0.783671
7005.0,35.0,0.677024
7005.0,36.0,1.0
7006.0,0.0,0.506478
7006.0,1.0,0.386264
7006.0,2.0,0.76642
7006.0,3.0,0.285664
7006.0,4.0,0.854949
7006.0,5.0,0.0
7006.0,6.0,0.14561
7006.0,7.0,0.522312
7006.0,8.0,0.309344
7006.0,9.0,1.0
7006.0,10.0,0.852446
7006.0,11.0,0.477012
7006.0,12.0,0.25027
7006.0,13.0,0.427263
7006.0,14.0,0.574199
7006.0,15.0,1.0
7006.0,16.0,0.373973
7006.0,17.0,0.143231
7006.0,18.0,1.0
7006.0,19.0,0.823235
7006.0,20.0,0.0
7006.0,21.0,0.266621
7006.0,22.0,0.776242
7006.0,23.0,0.378688
7006.0,24.0,1.0
7006.0,25.0,0.481616
7006.0,26.0,1.0
7006.0,27.0,0.100582
7006.0,28.0,0.437247
7006.0,29.0,0.201241
7006.0,30.0,0.691353
7006.0,31.0,0.466157
7006.0,32.0,0.043829
7006.0,33.0,0.004648
7006.0,34.0,0.760326
7006.0,35.0,0.670309
7006.0,36.0,1.0
7007.0,0.0,0.492245
7007.0,1.0,0.372627
7007.0,2.0,0.751464
7007.0,3.0,0.282924
7007.0,4.0,0.853987
7007.0,5.0,0.0
7007.0,6.0,0.145115
7007.0,7.0,0.513213
7007.0,8.0,0.296679
7007.0,9.0,1.0
7007.0,10.0,0.850395
7007.0,11.0,0.473372
7007.0,12.0,0.243646
7007.0,13.0,0.424455
7007.0,14.0,0.56998
7007.0,15.0,1.0
7007.0,16.0,0.369748
7007.0,17.0,0.135404
7007.0,18.0,1.0
7007.0,19.0,0.822724
7007.0,20.0,0.0
7007.0,21.0,0.260426
7007.0,22.0,0.76997
7007.0,23.0,0.36678
7007.0,24.0,1.0
7007.0,25.0,0.451967
7007.0,26.0,1.0
7007.0,27.0,0.098766
7007.0,28.0,0.430778
7007.0,29.0,0.199411
7007.0,30.0,0.669607
7007.0,31.0,0.46543
7007.0,32.0,0.042945
7007.0,33.0,0.004697
7007.0,34.0,0.736032
7007.0,35.0,0.664082
7007.0,36.0,1.0
7008.0,0.0,0.478558
7008.0,1.0,0.358749
7008.0,2.0,0.737397
7008.0,3.0,0.281191
7008.0,4.0,0.852148
7008.0,5.0,0.0
7008.0,6.0,0.144434
7008.0,7.0,0.504249
7008.0,8.0,0.284214
7008.0,9.0,1.0
7008.0,10.0,0.848346
7008.0,11.0,0.469758
7008.0,12.0,0.237916
7008.0,13.0,0.422159
7008.0,14.0,0.565563
7008.0,15.0,1.0
7008.0,16.0,0.36606
7008.0,17.0,0.12825
7008.0,18.0,1.0
7008.0,19.0,0.822367
7008.0,20.0,0.0
7008.0,21.0,0.255259
7008.0,22.0,0.764743
7008.0,23.0,0.355967
7008.0,24.0,1.0
7008.0,25.0,0.424097
7008.0,26.0,1.0
7008.0,27.0,0.096933
7008.0,28.0,0.423767
7008.0,29.0,0.197557
7008.0,30.0,0.646866
7008.0,31.0,0.464732
7008.0,32.0,0.042144
7008.0,33.0,0.004746
7008.0,34.0,0.712161
7008.0,35.0,0.657895
7008.0,36.0,1.0
7009.0,0.0,0.465429
7009.0,1.0,0.346353
7009.0,2.0,0.723262
7009.0,3.0,0.27906
7009.0,4.0,0.850059
7009.0,5.0,0.0
7009.0,6.0,0.143681
7009.0,7.0,0.495402
7009.0,8.0,0.272897
7009.0,9.0,1.0
7009.0,10.0,0.846468
7009.0,11.0,0.466533
7009.0,12.0,0.232027
7009.0,13.0,0.419571
7009.0,14.0,0.560421
7009.0,15.0,1.0
7009.0,16.0,0.36339
7009.0,17.0,0.121677
7009.0,18.0,1.0
7009.0,19.0,0.82211
7009.0,20.0,0.0
7009.0,21.0,0.250432
7009.0,22.0,0.75855
7009.0,23.0,0.345468
7009.0,24.0,1.0
7009.0,25.0,0.399032
7009.0,26.0,1.0
7009.0,27.0,0.0952
7009.0,28.0,0.417073
7009.0,29.0,0.195869
7009.0,30.0,0.623524
7009.0,31.0,0.463834
7009.0,32.0,0.041031
7009.0,33.0,0.004731
7009.0,34.0,0.68835
7009.0,35.0,0.651044
7009.0,36.0,1.0
7010.0,0.0,0.452178
7010.0,1.0,0.334903
7010.0,2.0,0.709265
7010.0,3.0,0.277592
7010.0,4.0,0.848568
7010.0,5.0,0.0
7010.0,6.0,0.142335
7010.0,7.0,0.487724
7010.0,8.0,0.261596
7010.0,9.0,1.0
7010.0,10.0,0.844724
7010.0,11.0,0.462885
7010.0,12.0,0.226789
7010.0,13.0,0.417104
7010.0,14.0,0.556587
7010.0,15.0,1.0
7010.0,16.0,0.35948
7010.0,17.0,0.115085
7010.0,18.0,1.0
7010.0,19.0,0.821608
7010.0,20.0,0.0
7010.0,21.0,0.245857
7010.0,22.0,0.752897
7010.0,23.0,0.335466
7010.0,24.0,1.0
7010.0,25.0,0.375783
7010.0,26.0,1.0
7010.0,27.0,0.094072
7010.0,28.0,0.410024
7010.0,29.0,0.193876
7010.0,30.0,0.601198
7010.0,31.0,0.463406
7010.0,32.0,0.040176
7010.0,33.0,0.004548
7010.0,34.0,0.664529
7010.0,35.0,0.644853
7010.0,36.0,1.0
8000.0,0.0,0.445678
8000.0,1.0,0.322053
8000.0,2.0,0.710403
8000.0,3.0,0.292473
8000.0,4.0,0.854666
8000.0,5.0,0.0
8000.0,6.0,0.133588
8000.0,7.0,0.484625
8000.0,8.0,0.260741
8000.0,9.0,1.0
8000.0,10.0,0.845604
8000.0,11.0,0.479133
8000.0,12.0,0.218783
8000.0,13.0,0.416979
8000.0,14.0,0.556616
8000.0,15.0,1.0
8000.0,16.0,0.350417
8000.0,17.0,0.1095
8000.0,18.0,1.0
8000.0,19.0,0.817223
8000.0,20.0,0.0
8000.0,21.0,0.250146
8000.0,22.0,0.75399
8000.0,23.0,0.339928
8000.0,24.0,1.0
8000.0,25.0,0.377381
8000.0,26.0,1.0
8000.0,27.0,0.100028
8000.0,28.0,0.415673
8000.0,29.0,0.193993
8000.0,30.0,0.607646
8000.0,31.0,0.45975
8000.0,32.0,0.042824
8000.0,33.0,0.001813
8000.0,34.0,0.665257
8000.0,35.0,0.650644
8000.0,36.0,1.0
8001.0,0.0,0.459863
8001.0,1.0,0.335034
8001.0,2.0,0.727165
8001.0,3.0,0.295036
8001.0,4.0,0.856149
8001.0,5.0,0.0
8001.0,6.0,0.134325
8001.0,7.0,0.494885
8001.0,8.0,0.272605
8001.0,9.0,1.0
8001.0,10.0,0.848013
8001.0,11.0,0.482718
8001.0,12.0,0.224672
8001.0,13.0,0.419572
8001.0,14.0,0.560908
8001.0,15.0,1.0
8001.0,16.0,0.35336
8001.0,17.0,0.11643
8001.0,18.0,1.0
8001.0,19.0,0.81766
8001.0,20.0,0.0
8001.0,21.0,0.255266
8001.0,22.0,0.761264
8001.0,23.0,0.351297
8001.0,24.0,1.0
8001.0,25.0,0.405913
8001.0,26.0,1.0
8001.0,27.0,0.101768
8001.0,28.0,0.42244
8001.0,29.0,0.195084
8001.0,30.0,0.633243
8001.0,31.0,0.460462
8001.0,32.0,0.043805
8001.0,33.0,0.001836
8001.0,34.0,0.690719
8001.0,35.0,0.65737
8001.0,36.0,1.0
8002.0,0.0,0.474018
8002.0,1.0,0.34752
8002.0,2.0,0.742591
8002.0,3.0,0.298283
8002.0,4.0,0.857794
8002.0,5.0,0.0
8002.0,6.0,0.135013
8002.0,7.0,0.503883
8002.0,8.0,0.285193
8002.0,9.0,1.0
8002.0,10.0,0.850735
8002.0,11.0,0.48634
8002.0,12.0,0.230493
8002.0,13.0,0.421739
8002.0,14.0,0.565387
8002.0,15.0,1.0
8002.0,16.0,0.357512
8002.0,17.0,0.12351
8002.0,18.0,1.0
8002.0,19.0,0.818515
8002.0,20.0,0.0
8002.0,21.0,0.261241
8002.0,22.0,0.766675
8002.0,23.0,0.362718
8002.0,24.0,1.0
8002.0,25.0,0.433573
8002.0,26.0,1.0
8002.0,27.0,0.103088
8002.0,28.0,0.429474
8002.0,29.0,0.196935
8002.0,30.0,0.657334
8002.0,31.0,0.460676
8002.0,32.0,0.044673
8002.0,33.0,0.001774
8002.0,34.0,0.715907
8002.0,35.0,0.665023
8002.0,36.0,1.0
8003.0,0.0,0.488321
8003.0,1.0,0.359937
8003.0,2.0,0.755649
8003.0,3.0,0.299647
8003.0,4.0,0.859124
8003.0,5.0,0.0
8003.0,6.0,0.135345
8003.0,7.0,0.512718
8003.0,8.0,0.297072
8003.0,9.0,1.0
8003.0,10.0,0.852786
8003.0,11.0,0.489577
8003.0,12.0,0.237196
8003.0,13.0,0.424334
8003.0,14.0,0.570295
8003.0,15.0,1.0
8003.0,16.0,0.361043
8003.0,17.0,0.13034
8003.0,18.0,1.0
8003.0,19.0,0.818997
8003.0,20.0,0.0
8003.0,21.0,0.266224
8003.0,22.0,0.772081
8003.0,23.0,0.374781
8003.0,24.0,1.0
8003.0,25.0,0.460594
8003.0,26.0,1.0
8003.0,27.0,0.105038
8003.0,28.0,0.43628
8003.0,29.0,0.198399
8003.0,30.0,0.679147
8003.0,31.0,0.460561
8003.0,32.0,0.045587
8003.0,33.0,0.001863
8003.0,34.0,0.738534
8003.0,35.0,0.672177
8003.0,36.0,1.0
8004.0,0.0,0.501165
8004.0,1.0,0.37278
8004.0,2.0,0.767653
8004.0,3.0,0.302218
8004.0,4.0,0.860797
8004.0,5.0,0.0
8004.0,6.0,0.136492
8004.0,7.0,0.521778
8004.0,8.0,0.309177
8004.0,9.0,1.0
8004.0,10.0,0.854885
8004.0,11.0,0.492892
8004.0,12.0,0.243768
8004.0,13.0,0.425332
8004.0,14.0,0.574442
8004.0,15.0,1.0
8004.0,16.0,0.364972
8004.0,17.0,0.137757
8004.0,18.0,1.0
8004.0,19.0,0.819636
8004.0,20.0,0.0
8004.0,21.0,0.272074
8004.0,22.0,0.778764
8004.0,23.0,0.385899
8004.0,24.0,1.0
8004.0,25.0,0.48826
8004.0,26.0,1.0
8004.0,27.0,0.106876
8004.0,28.0,0.443112
8004.0,29.0,0.200285
8004.0,30.0,0.698741
8004.0,31.0,0.461131
8004.0,32.0,0.046598
8004.0,33.0,0.001908
8004.0,34.0,0.760514
8004.0,35.0,0.678537
8004.0,36.0,1.0
8005.0,0.0,0.514097
8005.0,1.0,0.385471
8005.0,2.0,0.779898
8005.0,3.0,0.304956
8005.0,4.0,0.861844
8005.0,5.0,0.0
8005.0,6.0,0.137375
8005.0,7.0,0.530892
8005.0,8.0,0.321707
8005.0,9.0,1.0
8005.0,10.0,0.857054
8005.0,11.0,0.496284
8005.0,12.0,0.248501
8005.0,13.0,0.427107
8005.0,14.0,0.578765
8005.0,15.0,1.0
8005.0,16.0,0.369077
8005.0,17.0,0.144965
8005.0,18.0,1.0
8005.0,19.0,0.820722
8005.0,20.0,0.0
8005.0,21.0,0.276721
8005.0,22.0,0.784139
8005.0,23.0,0.396243
8005.0,24.0,1.0
8005.0,25.0,0.51451
8005.0,26.0,1.0
8005.0,27.0,0.108128
8005.0,28.0,0.450254
8005.0,29.0,0.201411
8005.0,30.0,0.718212
8005.0,31.0,0.461144
8005.0,32.0,0.047702
8005.0,33.0,0.001962
8005.0,34.0,0.781583
8005.0,35.0,0.684166
8005.0,36.0,1.0
8006.0,0.0,0.500582
8006.0,1.0,0.372572
8006.0,2.0,0.766441
8006.0,3.0,0.302408
8006.0,4.0,0.860255
8006.0,5.0,0.0
8006.0,6.0,0.136599
8006.0,7.0,0.520707
8006.0,8.0,0.307823
8006.0,9.0,1.0
8006.0,10.0,0.854479
8006.0,11.0,0.493093
8006.0,12.0,0.242717
8006.0,13.0,0.424822
8006.0,14.0,0.574781
8006.0,15.0,1.0
8006.0,16.0,0.364832
8006.0,17.0,0.136741
8006.0,18.0,1.0
8006.0,19.0,0.820183
8006.0,20.0,0.0
8006.0,21.0,0.271272
8006.0,22.0,0.778477
8006.0,23.0,0.384345
8006.0,24.0,1.0
8006.0,25.0,0.482153
8006.0,26.0,1.0
8006.0,27.0,0.106295
8006.0,28.0,0.442787
8006.0,29.0,0.200284
8006.0,30.0,0.695501
8006.0,31.0,0.460366
8006.0,32.0,0.046304
8006.0,33.0,0.001948
8006.0,34.0,0.758543
8006.0,35.0,0.677487
8006.0,36.0,1.0
8007.0,0.0,0.486575
8007.0,1.0,0.359328
8007.0,2.0,0.751619
8007.0,3.0,0.300007
8007.0,4.0,0.858597
8007.0,5.0,0.0
8007.0,6.0,0.135303
8007.0,7.0,0.511109
8007.0,8.0,0.296262
8007.0,9.0,1.0
8007.0,10.0,0.852236
8007.0,11.0,0.489741
8007.0,12.0,0.236354
8007.0,13.0,0.422376
8007.0,14.0,0.570568
8007.0,15.0,1.0
8007.0,16.0,0.361182
8007.0,17.0,0.129319
8007.0,18.0,1.0
8007.0,19.0,0.819607
8007.0,20.0,0.0
8007.0,21.0,0.266115
8007.0,22.0,0.772003
8007.0,23.0,0.37336
8007.0,24.0,1.0
8007.0,25.0,0.452107
8007.0,26.0,1.0
8007.0,27.0,0.104491
8007.0,28.0,0.435554
8007.0,29.0,0.199477
8007.0,30.0,0.672802
8007.0,31.0,0.459441
8007.0,32.0,0.045614
8007.0,33.0,0.001862
8007.0,34.0,0.735393
8007.0,35.0,0.6712
8007.0,36.0,1.0
8008.0,0.0,0.473084
8008.0,1.0,0.346506
8008.0,2.0,0.737372
8008.0,3.0,0.297425
8008.0,4.0,0.857181
8008.0,5.0,0.0
8008.0,6.0,0.134396
8008.0,7.0,0.502146
8008.0,8.0,0.284869
8008.0,9.0,1.0
8008.0,10.0,0.850863
8008.0,11.0,0.485932
8008.0,12.0,0.231041
8008.0,13.0,0.420801
8008.0,14.0,0.566429
8008.0,15.0,1.0
8008.0,16.0,0.356469
8008.0,17.0,0.122542
8008.0,18.0,1.0
8008.0,19.0,0.818653
8008.0,20.0,0.0
8008.0,21.0,0.261489
8008.0,22.0,0.765734
8008.0,23.0,0.362122
8008.0,24.0,1.0
8008.0,25.0,0.425108
8008.0,26.0,1.0
8008.0,27.0,0.102521
8008.0,28.0,0.428629
8008.0,29.0,0.197835
8008.0,30.0,0.651452
8008.0,31.0,0.458581
8008.0,32.0,0.044522
8008.0,33.0,0.001848
8008.0,34.0,0.712535
8008.0,35.0,0.664007
8008.0,36.0,1.0
8009.0,0.0,0.459545
8009.0,1.0,0.33431
8009.0,2.0,0.722651
8009.0,3.0,0.29464
8009.0,4.0,0.856199
8009.0,5.0,0.0
8009.0,6.0,0.133712
8009.0,7.0,0.49359
8009.0,8.0,0.274179
8009.0,9.0,1.0
8009.0,10.0,0.848878
8009.0,11.0,0.482789
8009.0,12.0,0.225745
8009.0,13.0,0.41897
8009.0,14.0,0.561867
8009.0,15.0,1.0
8009.0,16.0,0.352989
8009.0,17.0,0.116395
8009.0,18.0,1.0
8009.0,19.0,0.818153
8009.0,20.0,0.0
8009.0,21.0,0.257086
8009.0,22.0,0.760134
8009.0,23.0,0.350624
8009.0,24.0,1.0
8009.0,25.0,0.398991
8009.0,26.0,1.0
8009.0,27.0,0.101402
8009.0,28.0,0.421991
8009.0,29.0,0.195667
8009.0,30.0,0.628768
8009.0,31.0,0.457183
8009.0,32.0,0.043625
8009.0,33.0,0.001864
8009.0,34.0,0.688845
8009.0,35.0,0.657321
8009.0,36.0,1.0
8010.0,0.0,0.447483
8010.0,1.0,0.32258
8010.0,2.0,0.708385
8010.0,3.0,0.292594
8010.0,4.0,0.854678
8010.0,5.0,0.0
8010.0,6.0,0.133284
8010.0,7.0,0.484619
8010.0,8.0,0.26306
8010.0,9.0,1.0
8010.0,10.0,0.846966
8010.0,11.0,0.479067
8010.0,12.0,0.220102
8010.0,13.0,0.416034
8010.0,14.0,0.557286
8010.0,15.0,1.0
8010.0,16.0,0.348769
8010.0,17.0,0.110173
8010.0,18.0,1.0
8010.0,19.0,0.817816
8010.0,20.0,0.0
8010.0,21.0,0.252762
8010.0,22.0,0.753861
8010.0,23.0,0.340049
8010.0,24.0,1.0
8010.0,25.0,0.377345
8010.0,26.0,1.0
8010.0,27.0,0.100103
8010.0,28.0,0.415221
8010.0,29.0,0.194073
8010.0,30.0,0.607912
8010.0,31.0,0.456391
8010.0,32.0,0.042998
8010.0,33.0,0.001916
8010.0,34.0,0.664935
8010.0,35.0,0.650803
8010.0,36.0,1.0
9000.0,0.0,0.448305
9000.0,1.0,0.343345
9000.0,2.0,0.709877
9000.0,3.0,0.294316
9000.0,4.0,0.835392
9000.0,5.0,0.0
9000.0,6.0,0.140935
9000.0,7.0,0.486438
9000.0,8.0,0.257941
9000.0,9.0,1.0
9000.0,10.0,0.840931
9000.0,11.0,0.48226
9000.0,12.0,0.231664
9000.0,13.0,0.406906
9000.0,14.0,0.550134
9000.0,15.0,1.0
9000.0,16.0,0.352954
9000.0,17.0,0.112993
9000.0,18.0,1.0
9000.0,19.0,0.822587
9000.0,20.0,0.0
9000.0,21.0,0.2429
9000.0,22.0,0.75002
9000.0,23.0,0.342683
9000.0,24.0,1.0
9000.0,25.0,0.376947
9000.0,26.0,1.0
9000.0,27.0,0.106828
9000.0,28.0,0.40843
9000.0,29.0,0.187695
9000.0,30.0,0.605503
9000.0,31.0,0.459627
9000.0,32.0,0.039358
9000.0,33.0,0.001309
9000.0,34.0,0.66563
9000.0,35.0,0.648932
9000.0,36.0,1.0
9001.0,0.0,0.462881
9001.0,1.0,0.35577
9001.0,2.0,0.726264
9001.0,3.0,0.297701
9001.0,4.0,0.837983
9001.0,5.0,0.0
9001.0,6.0,0.142282
9001.0,7.0,0.496456
9001.0,8.0,0.269713
9001.0,9.0,1.0
9001.0,10.0,0.842293
9001.0,11.0,0.48596
9001.0,12.0,0.237459
9001.0,13.0,0.409354
9001.0,14.0,0.554308
9001.0,15.0,1.0
9001.0,16.0,0.35693
9001.0,17.0,0.11939
9001.0,18.0,1.0
9001.0,19.0,0.822944
9001.0,20.0,0.0
9001.0,21.0,0.248464
9001.0,22.0,0.756027
9001.0,23.0,0.353944
9001.0,24.0,1.0
9001.0,25.0,0.40512
9001.0,26.0,1.0
9001.0,27.0,0.108009
9001.0,28.0,0.414488
9001.0,29.0,0.189203
9001.0,30.0,0.631103
9001.0,31.0,0.460609
9001.0,32.0,0.040094
9001.0,33.0,0.001356
9001.0,34.0,0.692265
9001.0,35.0,0.656449
9001.0,36.0,1.0
9002.0,0.0,0.476564
9002.0,1.0,0.368202
9002.0,2.0,0.741612
9002.0,3.0,0.300114
9002.0,4.0,0.839826
9002.0,5.0,0.0
9002.0,6.0,0.142738
9002.0,7.0,0.505832
9002.0,8.0,0.281573
9002.0,9.0,1.0
9002.0,10.0,0.844498
9002.0,11.0,0.488752
9002.0,12.0,0.243254
9002.0,13.0,0.412044
9002.0,14.0,0.559408
9002.0,15.0,1.0
9002.0,16.0,0.359921
9002.0,17.0,0.126742
9002.0,18.0,1.0
9002.0,19.0,0.823546
9002.0,20.0,0.0
9002.0,21.0,0.253647
9002.0,22.0,0.762031
9002.0,23.0,0.365742
9002.0,24.0,1.0
9002.0,25.0,0.43283
9002.0,26.0,1.0
9002.0,27.0,0.109543
9002.0,28.0,0.421144
9002.0,29.0,0.190679
9002.0,30.0,0.655301
9002.0,31.0,0.46138
9002.0,32.0,0.04096
9002.0,33.0,0.001338
9002.0,34.0,0.716767
9002.0,35.0,0.662402
9002.0,36.0,1.0
9003.0,0.0,0.490089
9003.0,1.0,0.3806
9003.0,2.0,0.755857
9003.0,3.0,0.302181
9003.0,4.0,0.841275
9003.0,5.0,0.0
9003.0,6.0,0.142897
9003.0,7.0,0.514845
9003.0,8.0,0.293178
9003.0,9.0,1.0
9003.0,10.0,0.846472
9003.0,11.0,0.491711
9003.0,12.0,0.249926
9003.0,13.0,0.414507
9003.0,14.0,0.564327
9003.0,15.0,1.0
9003.0,16.0,0.363871
9003.0,17.0,0.134257
9003.0,18.0,1.0
9003.0,19.0,0.824254
9003.0,20.0,0.0
9003.0,21.0,0.258457
9003.0,22.0,0.768177
9003.0,23.0,0.376154
9003.0,24.0,1.0
9003.0,25.0,0.460917
9003.0,26.0,1.0
9003.0,27.0,0.11125
9003.0,28.0,0.427641
9003.0,29.0,0.192644
9003.0,30.0,0.677072
9003.0,31.0,0.461868
9003.0,32.0,0.041474
9003.0,33.0,0.001307
9003.0,34.0,0.740435
9003.0,35.0,0.669173
9003.0,36.0,1.0
9004.0,0.0,0.503932
9004.0,1.0,0.393557
9004.0,2.0,0.768129
9004.0,3.0,0.304591
9004.0,4.0,0.842564
9004.0,5.0,0.0
9004.0,6.0,0.142837
9004.0,7.0,0.523238
9004.0,8.0,0.304941
9004.0,9.0,1.0
9004.0,10.0,0.848732
9004.0,11.0,0.494895
9004.0,12.0,0.255753
9004.0,13.0,0.417083
9004.0,14.0,0.569453
9004.0,15.0,1.0
9004.0,16.0,0.367008
9004.0,17.0,0.141685
9004.0,18.0,1.0
9004.0,19.0,0.824909
9004.0,20.0,0.0
9004.0,21.0,0.263807
9004.0,22.0,0.774553
9004.0,23.0,0.387182
9004.0,24.0,1.0
9004.0,25.0,0.488352
9004.0,26.0,1.0
9004.0,27.0,0.112526
9004.0,28.0,0.43378
9004.0,29.0,0.193868
9004.0,30.0,0.697873
9004.0,31.0,0.462428
9004.0,32.0,0.042551
9004.0,33.0,0.001265
9004.0,34.0,0.762172
9004.0,35.0,0.675736
9004.0,36.0,1.0
9005.0,0.0,0.516802
9005.0,1.0,0.406829
9005.0,2.0,0.779507
9005.0,3.0,0.306693
9005.0,4.0,0.844209
9005.0,5.0,0.0
9005.0,6.0,0.142853
9005.0,7.0,0.532113
9005.0,8.0,0.31736
9005.0,9.0,1.0
9005.0,10.0,0.850964
9005.0,11.0,0.498063
9005.0,12.0,0.261837
9005.0,13.0,0.419021
9005.0,14.0,0.574093
9005.0,15.0,1.0
9005.0,16.0,0.3708
9005.0,17.0,0.149235
9005.0,18.0,1.0
9005.0,19.0,0.82522
9005.0,20.0,0.0
9005.0,21.0,0.268617
9005.0,22.0,0.780286
9005.0,23.0,0.398839
9005.0,24.0,1.0
9005.0,25.0,0.514378
9005.0,26.0,1.0
9005.0,27.0,0.11404
9005.0,28.0,0.44098
9005.0,29.0,0.195407
9005.0,30.0,0.717494
9005.0,31.0,0.463585
9005.0,32.0,0.043371
9005.0,33.0,0.001246
9005.0,34.0,0.78313
9005.0,35.0,0.68244
9005.0,36.0,1.0
9006.0,0.0,0.502757
9006.0,1.0,0.392069
9006.0,2.0,0.766191
9006.0,3.0,0.303137
9006.0,4.0,0.842257
9006.0,5.0,0.0
9006.0,6.0,0.142086
9006.0,7.0,0.523117
9006.0,8.0,0.303458
9006.0,9.0,1.0
9006.0,10.0,0.84839
9006.0,11.0,0.494095
9006.0,12.0,0.256028
9006.0,13.0,0.416374
9006.0,14.0,0.56937
9006.0,15.0,1.0
9006.0,16.0,0.366451
9006.0,17.0,0.140898
9006.0,18.0,1.0
9006.0,19.0,0.824749
9006.0,20.0,0.0
9006.0,21.0,0.263525
9006.0,22.0,0.774315
9006.0,23.0,0.386778
9006.0,24.0,1.0
9006.0,25.0,0.481549
9006.0,26.0,1.0
9006.0,27.0,0.112377
9006.0,28.0,0.43354
9006.0,29.0,0.194056
9006.0,30.0,0.694653
9006.0,31.0,0.462394
9006.0,32.0,0.042454
9006.0,33.0,0.001204
9006.0,34.0,0.760181
9006.0,35.0,0.675443
9006.0,36.0,1.0
9007.0,0.0,0.488661
9007.0,1.0,0.379252
9007.0,2.0,0.751776
9007.0,3.0,0.299945
9007.0,4.0,0.84127
9007.0,5.0,0.0
9007.0,6.0,0.141784
9007.0,7.0,0.513941
9007.0,8.0,0.29139
9007.0,9.0,1.0
9007.0,10.0,0.846227
9007.0,11.0,0.490393
9007.0,12.0,0.249625
9007.0,13.0,0.413662
9007.0,14.0,0.564256
9007.0,15.0,1.0
9007.0,16.0,0.363027
9007.0,17.0,0.132969
9007.0,18.0,1.0
9007.0,19.0,0.82424
9007.0,20.0,0.0
9007.0,21.0,0.259112
9007.0,22.0,0.768254
9007.0,23.0,0.375967
9007.0,24.0,1.0
9007.0,25.0,0.45226
9007.0,26.0,1.0
9007.0,27.0,0.110552
9007.0,28.0,0.427078
9007.0,29.0,0.191925
9007.0,30.0,0.672054
9007.0,31.0,0.462498
9007.0,32.0,0.041729
9007.0,33.0,0.001259
9007.0,34.0,0.736742
9007.0,35.0,0.66891
9007.0,36.0,1.0
9008.0,0.0,0.47544
9008.0,1.0,0.366134
9008.0,2.0,0.738218
9008.0,3.0,0.29783
9008.0,4.0,0.839306
9008.0,5.0,0.0
9008.0,6.0,0.141135
9008.0,7.0,0.504642
9008.0,8.0,0.280669
9008.0,9.0,1.0
9008.0,10.0,0.84386
9008.0,11.0,0.48673
9008.0,12.0,0.244012
9008.0,13.0,0.410961
9008.0,14.0,0.559584
9008.0,15.0,1.0
9008.0,16.0,0.359718
9008.0,17.0,0.126636
9008.0,18.0,1.0
9008.0,19.0,0.823342
9008.0,20.0,0.0
9008.0,21.0,0.254083
9008.0,22.0,0.762223
9008.0,23.0,0.365494
9008.0,24.0,1.0
9008.0,25.0,0.424788
9008.0,26.0,1.0
9008.0,27.0,0.109102
9008.0,28.0,0.420688
9008.0,29.0,0.190459
9008.0,30.0,0.650371
9008.0,31.0,0.462325
9008.0,32.0,0.040945
9008.0,33.0,0.001245
9008.0,34.0,0.713188
9008.0,35.0,0.662964
9008.0,36.0,1.0
9009.0,0.0,0.461575
9009.0,1.0,0.3538
9009.0,2.0,0.724401
9009.0,3.0,0.295705
9009.0,4.0,0.837506
9009.0,5.0,0.0
9009.0,6.0,0.1403
9009.0,7.0,0.495551
9009.0,8.0,0.269389
9009.0,9.0,1.0
9009.0,10.0,0.840974
9009.0,11.0,0.483124
9009.0,12.0,0.238168
9009.0,13.0,0.408735
9009.0,14.0,0.554693
9009.0,15.0,1.0
9009.0,16.0,0.355315
9009.0,17.0,0.120084
9009.0,18.0,1.0
9009.0,19.0,0.822653
9009.0,20.0,0.0
9009.0,21.0,0.248856
9009.0,22.0,0.756668
9009.0,23.0,0.355214
9009.0,24.0,1.0
9009.0,25.0,0.399688
9009.0,26.0,1.0
9009.0,27.0,0.10772
9009.0,28.0,0.413986
9009.0,29.0,0.189089
9009.0,30.0,0.627937
9009.0,31.0,0.461506
9009.0,32.0,0.040271
9009.0,33.0,0.001205
9009.0,34.0,0.690033
9009.0,35.0,0.656276
9009.0,36.0,1.0
9010.0,0.0,0.448753
9010.0,1.0,0.341596
9010.0,2.0,0.709888
9010.0,3.0,0.294367
9010.0,4.0,0.836987
9010.0,5.0,0.0
9010.0,6.0,0.13961
9010.0,7.0,0.487627
9010.0,8.0,0.258935
9010.0,9.0,1.0
9010.0,10.0,0.839457
9010.0,11.0,0.480525
9010.0,12.0,0.232891
9010.0,13.0,0.406094
9010.0,14.0,0.550748
9010.0,15.0,1.0
9010.0,16.0,0.351624
9010.0,17.0,0.113995
9010.0,18.0,1.0
9010.0,19.0,0.822004
9010.0,20.0,0.0
9010.0,21.0,0.243703
9010.0,22.0,0.750536
9010.0,23.0,0.344417
9010.0,24.0,1.0
9010.0,25.0,0.376779
9010.0,26.0,1.0
9010.0,27.0,0.10683
9010.0,28.0,0.407095
9010.0,29.0,0.18733
9010.0,30.0,0.606583
9010.0,31.0,0.460695
9010.0,32.0,0.039842
9010.0,33.0,0.001201
9010.0,34.0,0.666007
9010.0,35.0,0.649924
9010.0,36.0,1.0
10000.0,0.0,0.448265
10000.0,1.0,0.33499
10000.0,2.0,0.708446
10000.0,3.0,0.285265
10000.0,4.0,0.841115
10000.0,5.0,0.0
10000.0,6.0,0.144018
10000.0,7.0,0.48675
10000.0,8.0,0.258457
10000.0,9.0,1.0
10000.0,10.0,0.834652
10000.0,11.0,0.479142
10000.0,12.0,0.228196
10000.0,13.0,0.423133
10000.0,14.0,0.559042
10000.0,15.0,1.0
10000.0,16.0,0.347429
10000.0,17.0,0.115429
10000.0,18.0,1.0
10000.0,19.0,0.827599
10000.0,20.0,0.0
10000.0,21.0,0.241112
10000.0,22.0,0.754469
10000.0,23.0,0.338894
10000.0,24.0,1.0
10000.0,25.0,0.379391
10000.0,26.0,1.0
10000.0,27.0,0.088164
10000.0,28.0,0.416432
10000.0,29.0,0.189381
10000.0,30.0,0.602102
10000.0,31.0,0.477081
10000.0,32.0,0.04557
10000.0,33.0,0.001962
10000.0,34.0,0.665771
10000.0,35.0,0.653997
10000.0,36.0,1.0
10001.0,0.0,0.463433
10001.0,1.0,0.347351
10001.0,2.0,0.725918
10001.0,3.0,0.287393
10001.0,4.0,0.842548
10001.0,5.0,0.0
10001.0,6.0,0.144459
10001.0,7.0,0.496454
10001.0,8.0,0.270385
10001.0,9.0,1.0
10001.0,10.0,0.83741
10001.0,11.0,0.482512
10001.0,12.0,0.234215
10001.0,13.0,0.425052
10001.0,14.0,0.563757
10001.0,15.0,1.0
10001.0,16.0,0.351225
10001.0,17.0,0.122563
10001.0,18.0,1.0
10001.0,19.0,0.827956
10001.0,20.0,0.0
10001.0,21.0,0.246625
10001.0,22.0,0.759804
10001.0,23.0,0.350108
10001.0,24.0,1.0
10001.0,25.0,0.407493
10001.0,26.0,1.0
10001.0,27.0,0.089608
10001.0,28.0,0.423461
10001.0,29.0,0.190356
10001.0,30.0,0.628015
10001.0,31.0,0.477579
10001.0,32.0,0.046571
10001.0,33.0,0.002025
10001.0,34.0,0.692632
10001.0,35.0,0.661379
10001.0,36.0,1.0
10002.0,0.0,0.477198
10002.0,1.0,0.360457
10002.0,2.0,0.740797
10002.0,3.0,0.289711
10002.0,4.0,0.844282
10002.0,5.0,0.0
10002.0,6.0,0.145495
10002.0,7.0,0.505978
10002.0,8.0,0.282596
10002.0,9.0,1.0
10002.0,10.0,0.839447
10002.0,11.0,0.486172
10002.0,12.0,0.240141
10002.0,13.0,0.428015
10002.0,14.0,0.568584
10002.0,15.0,1.0
10002.0,16.0,0.354786
10002.0,17.0,0.129197
10002.0,18.0,1.0
10002.0,19.0,0.828727
10002.0,20.0,0.0
10002.0,21.0,0.252376
10002.0,22.0,0.765717
10002.0,23.0,0.360763
10002.0,24.0,1.0
10002.0,25.0,0.434558
10002.0,26.0,1.0
10002.0,27.0,0.090686
10002.0,28.0,0.430194
10002.0,29.0,0.19207
10002.0,30.0,0.65188
10002.0,31.0,0.477512
10002.0,32.0,0.047198
10002.0,33.0,0.002088
10002.0,34.0,0.717448
10002.0,35.0,0.668444
10002.0,36.0,1.0
10003.0,0.0,0.490428
10003.0,1.0,0.373677
10003.0,2.0,0.755089
10003.0,3.0,0.292246
10003.0,4.0,0.84525
10003.0,5.0,0.0
10003.0,6.0,0.146366
10003.0,7.0,0.515225
10003.0,8.0,0.294262
10003.0,9.0,1.0
10003.0,10.0,0.841408
10003.0,11.0,0.489138
10003.0,12.0,0.245193
10003.0,13.0,0.430724
10003.0,14.0,0.574014
10003.0,15.0,1.0
10003.0,16.0,0.359365
10003.0,17.0,0.136229
10003.0,18.0,1.0
10003.0,19.0,0.829193
10003.0,20.0,0.0
10003.0,21.0,0.257517
10003.0,22.0,0.771701
10003.0,23.0,0.371587
10003.0,24.0,1.0
10003.0,25.0,0.462576
10003.0,26.0,1.0
10003.0,27.0,0.091847
10003.0,28.0,0.437065
10003.0,29.0,0.194194
10003.0,30.0,0.672821
10003.0,31.0,0.478688
10003.0,32.0,0.047938
10003.0,33.0,0.002127
10003.0,34.0,0.740454
10003.0,35.0,0.675034
10003.0,36.0,1.0
10004.0,0.0,0.504648
10004.0,1.0,0.386584
10004.0,2.0,0.767847
10004.0,3.0,0.294566
10004.0,4.0,0.84676
10004.0,5.0,0.0
10004.0,6.0,0.147656
10004.0,7.0,0.523441
10004.0,8.0,0.306866
10004.0,9.0,1.0
10004.0,10.0,0.844544
10004.0,11.0,0.491941
10004.0,12.0,0.250689
10004.0,13.0,0.432379
10004.0,14.0,0.578333
10004.0,15.0,1.0
10004.0,16.0,0.363797
10004.0,17.0,0.143126
10004.0,18.0,1.0
10004.0,19.0,0.829482
10004.0,20.0,0.0
10004.0,21.0,0.262323
10004.0,22.0,0.777048
10004.0,23.0,0.381881
10004.0,24.0,1.0
10004.0,25.0,0.489506
10004.0,26.0,1.0
10004.0,27.0,0.092822
10004.0,28.0,0.443374
10004.0,29.0,0.196299
10004.0,30.0,0.693661
10004.0,31.0,0.478863
10004.0,32.0,0.048726
10004.0,33.0,0.002029
10004.0,34.0,0.763321
10004.0,35.0,0.681221
10004.0,36.0,1.0
10005.0,0.0,0.51819
10005.0,1.0,0.400027
10005.0,2.0,0.779032
10005.0,3.0,0.296143
10005.0,4.0,0.847893
10005.0,5.0,0.0
10005.0,6.0,0.14821
10005.0,7.0,0.53188
10005.0,8.0,0.31862
10005.0,9.0,1.0
10005.0,10.0,0.846647
10005.0,11.0,0.495781
10005.0,12.0,0.256613
10005.0,13.0,0.434034
10005.0,14.0,0.582693
10005.0,15.0,1.0
10005.0,16.0,0.366614
10005.0,17.0,0.151193
10005.0,18.0,1.0
10005.0,19.0,0.829998
10005.0,20.0,0.0
10005.0,21.0,0.267761
10005.0,22.0,0.783543
10005.0,23.0,0.392648
10005.0,24.0,1.0
10005.0,25.0,0.516935
10005.0,26.0,1.0
10005.0,27.0,0.093754
10005.0,28.0,0.449552
10005.0,29.0,0.198401
10005.0,30.0,0.71329
10005.0,31.0,0.480199
10005.0,32.0,0.049838
10005.0,33.0,0.002013
10005.0,34.0,0.784214
10005.0,35.0,0.687115
10005.0,36.0,1.0
10006.0,0.0,0.503302
10006.0,1.0,0.386145
10006.0,2.0,0.765603
10006.0,3.0,0.293989
10006.0,4.0,0.845828
10006.0,5.0,0.0
10006.0,6.0,0.147945
10006.0,7.0,0.522756
10006.0,8.0,0.305073
10006.0,9.0,1.0
10006.0,10.0,0.844367
10006.0,11.0,0.492456
10006.0,12.0,0.250343
10006.0,13.0,0.431103
10006.0,14.0,0.576607
10006.0,15.0,1.0
10006.0,16.0,0.363042
10006.0,17.0,0.14317
10006.0,18.0,1.0
10006.0,19.0,0.829475
10006.0,20.0,0.0
10006.0,21.0,0.261217
10006.0,22.0,0.778003
10006.0,23.0,0.380879
10006.0,24.0,1.0
10006.0,25.0,0.484475
10006.0,26.0,1.0
10006.0,27.0,0.092578
10006.0,28.0,0.442061
10006.0,29.0,0.197132
10006.0,30.0,0.691213
10006.0,31.0,0.479713
10006.0,32.0,0.048966
10006.0,33.0,0.001988
10006.0,34.0,0.761695
10006.0,35.0,0.68018
10006.0,36.0,1.0
10007.0,0.0,0.489595
10007.0,1.0,0.372562
10007.0,2.0,0.751342
10007.0,3.0,0.291893
10007.0,4.0,0.844897
10007.0,5.0,0.0
10007.0,6.0,0.147234
10007.0,7.0,0.513399
10007.0,8.0,0.292498
10007.0,9.0,1.0
10007.0,10.0,0.842452
10007.0,11.0,0.488673
10007.0,12.0,0.244175
10007.0,13.0,0.427984
10007.0,14.0,0.57227
10007.0,15.0,1.0
10007.0,16.0,0.359485
10007.0,17.0,0.13568
10007.0,18.0,1.0
10007.0,19.0,0.828436
10007.0,20.0,0.0
10007.0,21.0,0.256599
10007.0,22.0,0.77213
10007.0,23.0,0.368959
10007.0,24.0,1.0
10007.0,25.0,0.453998
10007.0,26.0,1.0
10007.0,27.0,0.091235
10007.0,28.0,0.434706
10007.0,29.0,0.194767
10007.0,30.0,0.668996
10007.0,31.0,0.478146
10007.0,32.0,0.04828
10007.0,33.0,0.001903
10007.0,34.0,0.738859
10007.0,35.0,0.673498
10007.0,36.0,1.0
10008.0,0.0,0.47553
10008.0,1.0,0.359756
10008.0,2.0,0.737689
10008.0,3.0,0.28897
10008.0,4.0,0.843597
10008.0,5.0,0.0
10008.0,6.0,0.146349
10008.0,7.0,0.503942
10008.0,8.0,0.280717
10008.0,9.0,1.0
10008.0,10.0,0.840042
10008.0,11.0,0.484383
10008.0,12.0,0.238659
10008.0,13.0,0.426002
10008.0,14.0,0.567507
10008.0,15.0,1.0
10008.0,16.0,0.355784
10008.0,17.0,0.128753
10008.0,18.0,1.0
10008.0,19.0,0.827778
10008.0,20.0,0.0
10008.0,21.0,0.250651
10008.0,22.0,0.767034
10008.0,23.0,0.357407
10008.0,24.0,1.0
10008.0,25.0,0.426398
10008.0,26.0,1.0
10008.0,27.0,0.089756
10008.0,28.0,0.427451
10008.0,29.0,0.193206
10008.0,30.0,0.647189
10008.0,31.0,0.477547
10008.0,32.0,0.047196
10008.0,33.0,0.001905
10008.0,34.0,0.716156
10008.0,35.0,0.666865
10008.0,36.0,1.0
10009.0,0.0,0.462401
10009.0,1.0,0.347662
10009.0,2.0,0.723346
10009.0,3.0,0.286728
10009.0,4.0,0.842076
10009.0,5.0,0.0
10009.0,6.0,0.146445
10009.0,7.0,0.496384
10009.0,8.0,0.26957
10009.0,9.0,1.0
10009.0,10.0,0.837311
10009.0,11.0,0.481907
10009.0,12.0,0.233438
10009.0,13.0,0.423858
10009.0,14.0,0.563617
10009.0,15.0,1.0
10009.0,16.0,0.352309
10009.0,17.0,0.122629
10009.0,18.0,1.0
10009.0,19.0,0.826268
10009.0,20.0,0.0
10009.0,21.0,0.246842
10009.0,22.0,0.761097
10009.0,23.0,0.346537
10009.0,24.0,1.0
10009.0,25.0,0.40183
10009.0,26.0,1.0
10009.0,27.0,0.088332
10009.0,28.0,0.420703
10009.0,29.0,0.191384
10009.0,30.0,0.624878
10009.0,31.0,0.476512
10009.0,32.0,0.046083
10009.0,33.0,0.00184
10009.0,34.0,0.692262
10009.0,35.0,0.660958
10009.0,36.0,1.0
10010.0,0.0,0.44968
10010.0,1.0,0.335505
10010.0,2.0,0.708946
10010.0,3.0,0.284172
10010.0,4.0,0.840302
10010.0,5.0,0.0
10010.0,6.0,0.145724
10010.0,7.0,0.487577
10010.0,8.0,0.259558
10010.0,9.0,1.0
10010.0,10.0,0.835549
10010.0,11.0,0.478165
10010.0,12.0,0.228371
10010.0,13.0,0.422451
10010.0,14.0,0.558579
10010.0,15.0,1.0
10010.0,16.0,0.348162
10010.0,17.0,0.116444
10010.0,18.0,1.0
10010.0,19.0,0.826107
10010.0,20.0,0.0
10010.0,21.0,0.242002
10010.0,22.0,0.75516
10010.0,23.0,0.33718
10010.0,24.0,1.0
10010.0,25.0,0.378693
10010.0,26.0,1.0
10010.0,27.0,0.086627
10010.0,28.0,0.413775
10010.0,29.0,0.190028
10010.0,30.0,0.602953
10010.0,31.0,0.475262
10010.0,32.0,0.045828
10010.0,33.0,0.001795
10010.0,34.0,0.668282
10010.0,35.0,0.654551
10010.0,36.0,1.0
