FREQUENCIES 
Gen,mut_id,mut_freq
1.0,0.0,0.5
1.0,1.0,0.5
1.0,2.0,0.5
1.0,3.0,0.5
1.0,4.0,0.5
1.0,5.0,0.5
1.0,6.0,0.5
1.0,7.0,0.5
1.0,8.0,0.5
1.0,9.0,0.5
1.0,10.0,0.5
1.0,11.0,0.5
1.0,12.0,0.5
1.0,13.0,0.5
1.0,14.0,0.5
1.0,15.0,0.5
1.0,16.0,0.5
1.0,17.0,0.5
1.0,18.0,0.5
1.0,19.0,0.5
1.0,20.0,0.5
1.0,21.0,0.5
1.0,22.0,0.5
1.0,23.0,0.5
1.0,24.0,0.5
1.0,25.0,0.5
1.0,26.0,0.5
1.0,27.0,0.5
1.0,28.0,0.5
1.0,29.0,0.5
1.0,30.0,0.5
1.0,31.0,0.5
1.0,32.0,0.5
1.0,33.0,0.5
1.0,34.0,0.5
1.0,35.0,0.5
1.0,36.0,0.5
1000.0,0.0,0.999553
1000.0,1.0,0.593278
1000.0,2.0,0.324094
1000.0,3.0,0.187979
1000.0,4.0,0.836605
1000.0,5.0,0.469086
1000.0,6.0,0.359713
1000.0,7.0,0.949042
1000.0,8.0,0.289182
1000.0,9.0,0.421314
1000.0,10.0,0.052332
1000.0,11.0,0.687984
1000.0,12.0,0.724764
1000.0,13.0,0.420681
1000.0,14.0,0.544857
1000.0,15.0,0.547441
1000.0,16.0,0.094039
1000.0,17.0,0.570576
1000.0,18.0,0.107603
1000.0,19.0,0.347381
1000.0,20.0,0.323747
1000.0,21.0,0.737398
1000.0,22.0,0.661034
1000.0,23.0,0.074572
1000.0,24.0,0.965875
1000.0,25.0,0.101228
1000.0,26.0,0.604378
1000.0,27.0,0.621836
1000.0,28.0,0.004601
1000.0,29.0,0.457263
1000.0,30.0,0.961001
1000.0,31.0,0.551426
1000.0,32.0,0.002728
1000.0,33.0,0.925624
1000.0,34.0,0.623302
1000.0,35.0,0.187976
1000.0,36.0,0.296537
1001.0,0.0,0.999542
1001.0,1.0,0.596491
1001.0,2.0,0.327366
1001.0,3.0,0.188095
1001.0,4.0,0.83966
1001.0,5.0,0.469371
1001.0,6.0,0.363413
1001.0,7.0,0.949682
1001.0,8.0,0.291043
1001.0,9.0,0.422152
1001.0,10.0,0.052915
1001.0,11.0,0.692316
1001.0,12.0,0.728219
1001.0,13.0,0.423899
1001.0,14.0,0.548974
1001.0,15.0,0.549904
1001.0,16.0,0.103361
1001.0,17.0,0.561884
1001.0,18.0,0.107914
1001.0,19.0,0.347982
1001.0,20.0,0.326653
1001.0,21.0,0.741291
1001.0,22.0,0.667278
1001.0,23.0,0.074791
1001.0,24.0,0.968054
1001.0,25.0,0.105194
1001.0,26.0,0.610298
1001.0,27.0,0.62369
1001.0,28.0,0.004861
1001.0,29.0,0.47193
1001.0,30.0,0.962005
1001.0,31.0,0.554532
1001.0,32.0,0.002802
1001.0,33.0,0.926633
1001.0,34.0,0.627818
1001.0,35.0,0.199687
1001.0,36.0,0.320085
1002.0,0.0,0.999579
1002.0,1.0,0.599527
1002.0,2.0,0.330819
1002.0,3.0,0.187911
1002.0,4.0,0.842998
1002.0,5.0,0.469868
1002.0,6.0,0.36825
1002.0,7.0,0.950521
1002.0,8.0,0.292759
1002.0,9.0,0.423059
1002.0,10.0,0.053791
1002.0,11.0,0.697621
1002.0,12.0,0.731614
1002.0,13.0,0.4275
1002.0,14.0,0.553429
1002.0,15.0,0.552604
1002.0,16.0,0.113204
1002.0,17.0,0.552506
1002.0,18.0,0.108452
1002.0,19.0,0.347947
1002.0,20.0,0.32915
1002.0,21.0,0.744784
1002.0,22.0,0.674131
1002.0,23.0,0.074792
1002.0,24.0,0.970287
1002.0,25.0,0.109357
1002.0,26.0,0.617117
1002.0,27.0,0.624561
1002.0,28.0,0.005165
1002.0,29.0,0.487436
1002.0,30.0,0.962848
1002.0,31.0,0.558437
1002.0,32.0,0.002879
1002.0,33.0,0.927776
1002.0,34.0,0.630917
1002.0,35.0,0.211404
1002.0,36.0,0.342682
1003.0,0.0,0.999603
1003.0,1.0,0.602995
1003.0,2.0,0.33397
1003.0,3.0,0.188634
1003.0,4.0,0.846275
1003.0,5.0,0.470739
1003.0,6.0,0.372789
1003.0,7.0,0.951623
1003.0,8.0,0.29474
1003.0,9.0,0.423434
1003.0,10.0,0.054451
1003.0,11.0,0.702371
1003.0,12.0,0.734192
1003.0,13.0,0.430458
1003.0,14.0,0.557804
1003.0,15.0,0.554862
1003.0,16.0,0.124003
1003.0,17.0,0.543242
1003.0,18.0,0.109002
1003.0,19.0,0.348602
1003.0,20.0,0.331557
1003.0,21.0,0.748077
1003.0,22.0,0.680571
1003.0,23.0,0.074944
1003.0,24.0,0.9719
1003.0,25.0,0.113803
1003.0,26.0,0.623019
1003.0,27.0,0.626092
1003.0,28.0,0.0055
1003.0,29.0,0.502513
1003.0,30.0,0.963582
1003.0,31.0,0.561823
1003.0,32.0,0.002973
1003.0,33.0,0.929573
1003.0,34.0,0.633924
1003.0,35.0,0.223786
1003.0,36.0,0.363837
1004.0,0.0,0.999623
1004.0,1.0,0.606168
1004.0,2.0,0.336527
1004.0,3.0,0.189348
1004.0,4.0,0.849672
1004.0,5.0,0.47187
1004.0,6.0,0.376976
1004.0,7.0,0.952482
1004.0,8.0,0.296384
1004.0,9.0,0.423742
1004.0,10.0,0.05457
1004.0,11.0,0.706819
1004.0,12.0,0.73749
1004.0,13.0,0.433452
1004.0,14.0,0.561453
1004.0,15.0,0.557003
1004.0,16.0,0.135671
1004.0,17.0,0.532361
1004.0,18.0,0.109417
1004.0,19.0,0.350042
1004.0,20.0,0.334347
1004.0,21.0,0.751612
1004.0,22.0,0.685779
1004.0,23.0,0.074882
1004.0,24.0,0.973541
1004.0,25.0,0.118297
1004.0,26.0,0.628102
1004.0,27.0,0.627372
1004.0,28.0,0.005846
1004.0,29.0,0.516833
1004.0,30.0,0.964317
1004.0,31.0,0.565345
1004.0,32.0,0.003093
1004.0,33.0,0.930983
1004.0,34.0,0.638084
1004.0,35.0,0.23637
1004.0,36.0,0.385534
1005.0,0.0,0.999631
1005.0,1.0,0.609267
1005.0,2.0,0.338938
1005.0,3.0,0.190657
1005.0,4.0,0.852031
1005.0,5.0,0.473861
1005.0,6.0,0.380976
1005.0,7.0,0.953032
1005.0,8.0,0.298866
1005.0,9.0,0.424993
1005.0,10.0,0.054791
1005.0,11.0,0.712538
1005.0,12.0,0.741008
1005.0,13.0,0.436972
1005.0,14.0,0.566121
1005.0,15.0,0.559561
1005.0,16.0,0.147932
1005.0,17.0,0.522502
1005.0,18.0,0.109896
1005.0,19.0,0.351013
1005.0,20.0,0.337387
1005.0,21.0,0.754943
1005.0,22.0,0.691914
1005.0,23.0,0.074795
1005.0,24.0,0.974954
1005.0,25.0,0.122693
1005.0,26.0,0.634974
1005.0,27.0,0.628403
1005.0,28.0,0.006287
1005.0,29.0,0.531154
1005.0,30.0,0.965221
1005.0,31.0,0.569321
1005.0,32.0,0.003183
1005.0,33.0,0.932633
1005.0,34.0,0.640455
1005.0,35.0,0.249673
1005.0,36.0,0.404609
1006.0,0.0,0.999637
1006.0,1.0,0.606893
1006.0,2.0,0.336381
1006.0,3.0,0.189922
1006.0,4.0,0.849077
1006.0,5.0,0.472301
1006.0,6.0,0.376042
1006.0,7.0,0.952287
1006.0,8.0,0.296664
1006.0,9.0,0.424117
1006.0,10.0,0.054329
1006.0,11.0,0.70775
1006.0,12.0,0.738058
1006.0,13.0,0.434597
1006.0,14.0,0.562533
1006.0,15.0,0.556396
1006.0,16.0,0.134818
1006.0,17.0,0.536139
1006.0,18.0,0.109377
1006.0,19.0,0.350779
1006.0,20.0,0.33477
1006.0,21.0,0.750944
1006.0,22.0,0.686283
1006.0,23.0,0.074682
1006.0,24.0,0.973316
1006.0,25.0,0.117083
1006.0,26.0,0.628701
1006.0,27.0,0.626768
1006.0,28.0,0.005786
1006.0,29.0,0.51526
1006.0,30.0,0.964431
1006.0,31.0,0.565633
1006.0,32.0,0.003104
1006.0,33.0,0.931195
1006.0,34.0,0.636099
1006.0,35.0,0.234984
1006.0,36.0,0.381738
1007.0,0.0,0.99961
1007.0,1.0,0.60437
1007.0,2.0,0.33407
1007.0,3.0,0.189529
1007.0,4.0,0.845877
1007.0,5.0,0.471413
1007.0,6.0,0.371871
1007.0,7.0,0.951485
1007.0,8.0,0.295087
1007.0,9.0,0.423133
1007.0,10.0,0.054058
1007.0,11.0,0.702732
1007.0,12.0,0.73519
1007.0,13.0,0.43097
1007.0,14.0,0.558847
1007.0,15.0,0.553931
1007.0,16.0,0.122962
1007.0,17.0,0.548043
1007.0,18.0,0.108865
1007.0,19.0,0.350041
1007.0,20.0,0.332051
1007.0,21.0,0.74707
1007.0,22.0,0.680234
1007.0,23.0,0.074036
1007.0,24.0,0.971986
1007.0,25.0,0.112539
1007.0,26.0,0.62218
1007.0,27.0,0.625325
1007.0,28.0,0.00534
1007.0,29.0,0.498569
1007.0,30.0,0.963868
1007.0,31.0,0.561752
1007.0,32.0,0.002953
1007.0,33.0,0.929827
1007.0,34.0,0.631964
1007.0,35.0,0.222403
1007.0,36.0,0.359061
1008.0,0.0,0.999608
1008.0,1.0,0.601096
1008.0,2.0,0.331095
1008.0,3.0,0.189263
1008.0,4.0,0.84204
1008.0,5.0,0.470424
1008.0,6.0,0.367848
1008.0,7.0,0.950813
1008.0,8.0,0.293583
1008.0,9.0,0.422445
1008.0,10.0,0.053635
1008.0,11.0,0.698458
1008.0,12.0,0.732747
1008.0,13.0,0.42762
1008.0,14.0,0.555627
1008.0,15.0,0.55146
1008.0,16.0,0.112243
1008.0,17.0,0.558121
1008.0,18.0,0.108397
1008.0,19.0,0.349093
1008.0,20.0,0.329341
1008.0,21.0,0.743641
1008.0,22.0,0.674098
1008.0,23.0,0.073389
1008.0,24.0,0.970041
1008.0,25.0,0.107482
1008.0,26.0,0.616474
1008.0,27.0,0.624445
1008.0,28.0,0.00502
1008.0,29.0,0.483268
1008.0,30.0,0.963482
1008.0,31.0,0.558103
1008.0,32.0,0.002872
1008.0,33.0,0.92897
1008.0,34.0,0.627816
1008.0,35.0,0.20957
1008.0,36.0,0.337383
1009.0,0.0,0.999574
1009.0,1.0,0.597886
1009.0,2.0,0.329424
1009.0,3.0,0.188242
1009.0,4.0,0.838695
1009.0,5.0,0.46914
1009.0,6.0,0.36332
1009.0,7.0,0.950509
1009.0,8.0,0.292898
1009.0,9.0,0.422436
1009.0,10.0,0.053115
1009.0,11.0,0.693553
1009.0,12.0,0.730609
1009.0,13.0,0.424188
1009.0,14.0,0.551271
1009.0,15.0,0.548811
1009.0,16.0,0.102681
1009.0,17.0,0.565684
1009.0,18.0,0.107605
1009.0,19.0,0.348204
1009.0,20.0,0.326394
1009.0,21.0,0.739614
1009.0,22.0,0.667989
1009.0,23.0,0.072682
1009.0,24.0,0.96812
1009.0,25.0,0.102938
1009.0,26.0,0.609316
1009.0,27.0,0.622589
1009.0,28.0,0.004675
1009.0,29.0,0.468657
1009.0,30.0,0.962664
1009.0,31.0,0.554524
1009.0,32.0,0.002842
1009.0,33.0,0.927705
1009.0,34.0,0.624305
1009.0,35.0,0.197492
1009.0,36.0,0.317186
1010.0,0.0,0.999596
1010.0,1.0,0.594882
1010.0,2.0,0.32706
1010.0,3.0,0.187871
1010.0,4.0,0.83515
1010.0,5.0,0.468033
1010.0,6.0,0.359107
1010.0,7.0,0.949616
1010.0,8.0,0.290489
1010.0,9.0,0.42076
1010.0,10.0,0.0526
1010.0,11.0,0.689236
1010.0,12.0,0.728733
1010.0,13.0,0.420779
1010.0,14.0,0.547806
1010.0,15.0,0.546024
1010.0,16.0,0.093885
1010.0,17.0,0.571821
1010.0,18.0,0.107244
1010.0,19.0,0.346742
1010.0,20.0,0.324153
1010.0,21.0,0.7357
1010.0,22.0,0.661538
1010.0,23.0,0.072304
1010.0,24.0,0.96567
1010.0,25.0,0.098761
1010.0,26.0,0.603459
1010.0,27.0,0.621327
1010.0,28.0,0.004419
1010.0,29.0,0.453375
1010.0,30.0,0.961907
1010.0,31.0,0.551551
1010.0,32.0,0.002717
1010.0,33.0,0.926945
1010.0,34.0,0.621136
1010.0,35.0,0.186718
1010.0,36.0,0.296798
2000.0,0.0,1.0
2000.0,1.0,0.633807
2000.0,2.0,0.283982
2000.0,3.0,0.196425
2000.0,4.0,0.844947
2000.0,5.0,0.4438
2000.0,6.0,0.357759
2000.0,7.0,0.989297
2000.0,8.0,0.245891
2000.0,9.0,0.343957
2000.0,10.0,0.029119
2000.0,11.0,0.692297
2000.0,12.0,0.905993
2000.0,13.0,0.424641
2000.0,14.0,0.567674
2000.0,15.0,0.563284
2000.0,16.0,0.094643
2000.0,17.0,0.573216
2000.0,18.0,0.034433
2000.0,19.0,0.304895
2000.0,20.0,0.322837
2000.0,21.0,0.743577
2000.0,22.0,0.655767
2000.0,23.0,0.035462
2000.0,24.0,0.967314
2000.0,25.0,0.009234
2000.0,26.0,0.620507
2000.0,27.0,0.687722
2000.0,28.0,7.0e-06
2000.0,29.0,0.448631
2000.0,30.0,0.997825
2000.0,31.0,0.548578
2000.0,32.0,0.0
2000.0,33.0,0.991868
2000.0,34.0,0.616634
2000.0,35.0,0.185724
2000.0,36.0,0.296671
2001.0,0.0,1.0
2001.0,1.0,0.636964
2001.0,2.0,0.286065
2001.0,3.0,0.196389
2001.0,4.0,0.847319
2001.0,5.0,0.444778
2001.0,6.0,0.361897
2001.0,7.0,0.989443
2001.0,8.0,0.247786
2001.0,9.0,0.344169
2001.0,10.0,0.029325
2001.0,11.0,0.697635
2001.0,12.0,0.907504
2001.0,13.0,0.427801
2001.0,14.0,0.571203
2001.0,15.0,0.565479
2001.0,16.0,0.104204
2001.0,17.0,0.564767
2001.0,18.0,0.034554
2001.0,19.0,0.306283
2001.0,20.0,0.325731
2001.0,21.0,0.747053
2001.0,22.0,0.662561
2001.0,23.0,0.035771
2001.0,24.0,0.968976
2001.0,25.0,0.009802
2001.0,26.0,0.626599
2001.0,27.0,0.688527
2001.0,28.0,1.2e-05
2001.0,29.0,0.463709
2001.0,30.0,0.997874
2001.0,31.0,0.551368
2001.0,32.0,0.0
2001.0,33.0,0.992155
2001.0,34.0,0.620536
2001.0,35.0,0.197612
2001.0,36.0,0.319694
2002.0,0.0,1.0
2002.0,1.0,0.640196
2002.0,2.0,0.287953
2002.0,3.0,0.1961
2002.0,4.0,0.850544
2002.0,5.0,0.445342
2002.0,6.0,0.366209
2002.0,7.0,0.989559
2002.0,8.0,0.250032
2002.0,9.0,0.344773
2002.0,10.0,0.029448
2002.0,11.0,0.702422
2002.0,12.0,0.90916
2002.0,13.0,0.430468
2002.0,14.0,0.575347
2002.0,15.0,0.568434
2002.0,16.0,0.114964
2002.0,17.0,0.555318
2002.0,18.0,0.035071
2002.0,19.0,0.307091
2002.0,20.0,0.329292
2002.0,21.0,0.749975
2002.0,22.0,0.668322
2002.0,23.0,0.035613
2002.0,24.0,0.970697
2002.0,25.0,0.010151
2002.0,26.0,0.633164
2002.0,27.0,0.690565
2002.0,28.0,8.0e-06
2002.0,29.0,0.478861
2002.0,30.0,0.997989
2002.0,31.0,0.554804
2002.0,32.0,0.0
2002.0,33.0,0.992301
2002.0,34.0,0.624693
2002.0,35.0,0.20926
2002.0,36.0,0.342157
2003.0,0.0,1.0
2003.0,1.0,0.642244
2003.0,2.0,0.289909
2003.0,3.0,0.195734
2003.0,4.0,0.853291
2003.0,5.0,0.446882
2003.0,6.0,0.370373
2003.0,7.0,0.989783
2003.0,8.0,0.251667
2003.0,9.0,0.345187
2003.0,10.0,0.029424
2003.0,11.0,0.707493
2003.0,12.0,0.910785
2003.0,13.0,0.433701
2003.0,14.0,0.579219
2003.0,15.0,0.570331
2003.0,16.0,0.126265
2003.0,17.0,0.54494
2003.0,18.0,0.035195
2003.0,19.0,0.307769
2003.0,20.0,0.331542
2003.0,21.0,0.753217
2003.0,22.0,0.674039
2003.0,23.0,0.035307
2003.0,24.0,0.972378
2003.0,25.0,0.010635
2003.0,26.0,0.638403
2003.0,27.0,0.692809
2003.0,28.0,7.0e-06
2003.0,29.0,0.493825
2003.0,30.0,0.99803
2003.0,31.0,0.558607
2003.0,32.0,0.0
2003.0,33.0,0.992494
2003.0,34.0,0.628047
2003.0,35.0,0.220348
2003.0,36.0,0.363434
2004.0,0.0,1.0
2004.0,1.0,0.645278
2004.0,2.0,0.290963
2004.0,3.0,0.196612
2004.0,4.0,0.855877
2004.0,5.0,0.447798
2004.0,6.0,0.37462
2004.0,7.0,0.989823
2004.0,8.0,0.253209
2004.0,9.0,0.346069
2004.0,10.0,0.029556
2004.0,11.0,0.71234
2004.0,12.0,0.91237
2004.0,13.0,0.437883
2004.0,14.0,0.583916
2004.0,15.0,0.57344
2004.0,16.0,0.138328
2004.0,17.0,0.533287
2004.0,18.0,0.035267
2004.0,19.0,0.308524
2004.0,20.0,0.333598
2004.0,21.0,0.756956
2004.0,22.0,0.680388
2004.0,23.0,0.035326
2004.0,24.0,0.974066
2004.0,25.0,0.011399
2004.0,26.0,0.644124
2004.0,27.0,0.694283
2004.0,28.0,1.0e-05
2004.0,29.0,0.50942
2004.0,30.0,0.998061
2004.0,31.0,0.562043
2004.0,32.0,0.0
2004.0,33.0,0.992738
2004.0,34.0,0.630865
2004.0,35.0,0.233317
2004.0,36.0,0.38476
2005.0,0.0,1.0
2005.0,1.0,0.648125
2005.0,2.0,0.293001
2005.0,3.0,0.197791
2005.0,4.0,0.858751
2005.0,5.0,0.44839
2005.0,6.0,0.37918
2005.0,7.0,0.990059
2005.0,8.0,0.254839
2005.0,9.0,0.346796
2005.0,10.0,0.029608
2005.0,11.0,0.71637
2005.0,12.0,0.913824
2005.0,13.0,0.440605
2005.0,14.0,0.587381
2005.0,15.0,0.575603
2005.0,16.0,0.151157
2005.0,17.0,0.522998
2005.0,18.0,0.035423
2005.0,19.0,0.308853
2005.0,20.0,0.336392
2005.0,21.0,0.760486
2005.0,22.0,0.685865
2005.0,23.0,0.035456
2005.0,24.0,0.975522
2005.0,25.0,0.011968
2005.0,26.0,0.649802
2005.0,27.0,0.695619
2005.0,28.0,8.0e-06
2005.0,29.0,0.525017
2005.0,30.0,0.998196
2005.0,31.0,0.564828
2005.0,32.0,0.0
2005.0,33.0,0.992963
2005.0,34.0,0.634094
2005.0,35.0,0.246137
2005.0,36.0,0.404245
2006.0,0.0,1.0
2006.0,1.0,0.645279
2006.0,2.0,0.290383
2006.0,3.0,0.196876
2006.0,4.0,0.855659
2006.0,5.0,0.447144
2006.0,6.0,0.37449
2006.0,7.0,0.989914
2006.0,8.0,0.252678
2006.0,9.0,0.346345
2006.0,10.0,0.029695
2006.0,11.0,0.712284
2006.0,12.0,0.912572
2006.0,13.0,0.436576
2006.0,14.0,0.584101
2006.0,15.0,0.57293
2006.0,16.0,0.137553
2006.0,17.0,0.537397
2006.0,18.0,0.035044
2006.0,19.0,0.307465
2006.0,20.0,0.334045
2006.0,21.0,0.757045
2006.0,22.0,0.678694
2006.0,23.0,0.03557
2006.0,24.0,0.974047
2006.0,25.0,0.011556
2006.0,26.0,0.643724
2006.0,27.0,0.694564
2006.0,28.0,7.0e-06
2006.0,29.0,0.50879
2006.0,30.0,0.99812
2006.0,31.0,0.561739
2006.0,32.0,0.0
2006.0,33.0,0.992865
2006.0,34.0,0.631381
2006.0,35.0,0.231811
2006.0,36.0,0.380529
2007.0,0.0,1.0
2007.0,1.0,0.642064
2007.0,2.0,0.287685
2007.0,3.0,0.196804
2007.0,4.0,0.852936
2007.0,5.0,0.445925
2007.0,6.0,0.369667
2007.0,7.0,0.98984
2007.0,8.0,0.251041
2007.0,9.0,0.345039
2007.0,10.0,0.029474
2007.0,11.0,0.708082
2007.0,12.0,0.911232
2007.0,13.0,0.433051
2007.0,14.0,0.579401
2007.0,15.0,0.57127
2007.0,16.0,0.125111
2007.0,17.0,0.549047
2007.0,18.0,0.034799
2007.0,19.0,0.30628
2007.0,20.0,0.33071
2007.0,21.0,0.753267
2007.0,22.0,0.672523
2007.0,23.0,0.035396
2007.0,24.0,0.972562
2007.0,25.0,0.010913
2007.0,26.0,0.638335
2007.0,27.0,0.692305
2007.0,28.0,5.0e-06
2007.0,29.0,0.49306
2007.0,30.0,0.998069
2007.0,31.0,0.558342
2007.0,32.0,0.0
2007.0,33.0,0.992792
2007.0,34.0,0.628269
2007.0,35.0,0.218974
2007.0,36.0,0.357785
2008.0,0.0,1.0
2008.0,1.0,0.639714
2008.0,2.0,0.285707
2008.0,3.0,0.196798
2008.0,4.0,0.849985
2008.0,5.0,0.443974
2008.0,6.0,0.364843
2008.0,7.0,0.989546
2008.0,8.0,0.249594
2008.0,9.0,0.344203
2008.0,10.0,0.029165
2008.0,11.0,0.70299
2008.0,12.0,0.909845
2008.0,13.0,0.429859
2008.0,14.0,0.575564
2008.0,15.0,0.568095
2008.0,16.0,0.114317
2008.0,17.0,0.55846
2008.0,18.0,0.034524
2008.0,19.0,0.305326
2008.0,20.0,0.328651
2008.0,21.0,0.749158
2008.0,22.0,0.666326
2008.0,23.0,0.035277
2008.0,24.0,0.970959
2008.0,25.0,0.010245
2008.0,26.0,0.632838
2008.0,27.0,0.691278
2008.0,28.0,1.0e-06
2008.0,29.0,0.477354
2008.0,30.0,0.998054
2008.0,31.0,0.555823
2008.0,32.0,0.0
2008.0,33.0,0.992742
2008.0,34.0,0.624343
2008.0,35.0,0.206914
2008.0,36.0,0.33676
2009.0,0.0,1.0
2009.0,1.0,0.636636
2009.0,2.0,0.283638
2009.0,3.0,0.197243
2009.0,4.0,0.846616
2009.0,5.0,0.442667
2009.0,6.0,0.360024
2009.0,7.0,0.98936
2009.0,8.0,0.247471
2009.0,9.0,0.34341
2009.0,10.0,0.028849
2009.0,11.0,0.697745
2009.0,12.0,0.908704
2009.0,13.0,0.426306
2009.0,14.0,0.571857
2009.0,15.0,0.566161
2009.0,16.0,0.10411
2009.0,17.0,0.566472
2009.0,18.0,0.034362
2009.0,19.0,0.304379
2009.0,20.0,0.325966
2009.0,21.0,0.746124
2009.0,22.0,0.660804
2009.0,23.0,0.035324
2009.0,24.0,0.969319
2009.0,25.0,0.009724
2009.0,26.0,0.626211
2009.0,27.0,0.690282
2009.0,28.0,1.0e-06
2009.0,29.0,0.463651
2009.0,30.0,0.998041
2009.0,31.0,0.552916
2009.0,32.0,0.0
2009.0,33.0,0.992808
2009.0,34.0,0.620337
2009.0,35.0,0.195071
2009.0,36.0,0.316155
2010.0,0.0,1.0
2010.0,1.0,0.633547
2010.0,2.0,0.281585
2010.0,3.0,0.197489
2010.0,4.0,0.843848
2010.0,5.0,0.441874
2010.0,6.0,0.355472
2010.0,7.0,0.989129
2010.0,8.0,0.245998
2010.0,9.0,0.342517
2010.0,10.0,0.028386
2010.0,11.0,0.693179
2010.0,12.0,0.906904
2010.0,13.0,0.422236
2010.0,14.0,0.568018
2010.0,15.0,0.56336
2010.0,16.0,0.095113
2010.0,17.0,0.572595
2010.0,18.0,0.0343
2010.0,19.0,0.303998
2010.0,20.0,0.323146
2010.0,21.0,0.742113
2010.0,22.0,0.654276
2010.0,23.0,0.035354
2010.0,24.0,0.967558
2010.0,25.0,0.009073
2010.0,26.0,0.620345
2010.0,27.0,0.688674
2010.0,28.0,2.0e-06
2010.0,29.0,0.44864
2010.0,30.0,0.998081
2010.0,31.0,0.549258
2010.0,32.0,0.0
2010.0,33.0,0.99264
2010.0,34.0,0.616937
2010.0,35.0,0.184779
2010.0,36.0,0.296063
3000.0,0.0,1.0
3000.0,1.0,0.632669
3000.0,2.0,0.282621
3000.0,3.0,0.192219
3000.0,4.0,0.860346
3000.0,5.0,0.39532
3000.0,6.0,0.363573
3000.0,7.0,0.997059
3000.0,8.0,0.232864
3000.0,9.0,0.304745
3000.0,10.0,0.023525
3000.0,11.0,0.682676
3000.0,12.0,0.976445
3000.0,13.0,0.413249
3000.0,14.0,0.578638
3000.0,15.0,0.559728
3000.0,16.0,0.098723
3000.0,17.0,0.571204
3000.0,18.0,0.012566
3000.0,19.0,0.274378
3000.0,20.0,0.326661
3000.0,21.0,0.73657
3000.0,22.0,0.664542
3000.0,23.0,0.029047
3000.0,24.0,0.969115
3000.0,25.0,0.001864
3000.0,26.0,0.619609
3000.0,27.0,0.712496
3000.0,28.0,0.0
3000.0,29.0,0.446294
3000.0,30.0,1.0
3000.0,31.0,0.54874
3000.0,32.0,0.0
3000.0,33.0,0.99935
3000.0,34.0,0.623503
3000.0,35.0,0.189157
3000.0,36.0,0.293973
3001.0,0.0,1.0
3001.0,1.0,0.636089
3001.0,2.0,0.284647
3001.0,3.0,0.191485
3001.0,4.0,0.863065
3001.0,5.0,0.396217
3001.0,6.0,0.368777
3001.0,7.0,0.997116
3001.0,8.0,0.234533
3001.0,9.0,0.305671
3001.0,10.0,0.023616
3001.0,11.0,0.688127
3001.0,12.0,0.976953
3001.0,13.0,0.416306
3001.0,14.0,0.582663
3001.0,15.0,0.562124
3001.0,16.0,0.108894
3001.0,17.0,0.562502
3001.0,18.0,0.012664
3001.0,19.0,0.274468
3001.0,20.0,0.328772
3001.0,21.0,0.74088
3001.0,22.0,0.671356
3001.0,23.0,0.029117
3001.0,24.0,0.970761
3001.0,25.0,0.001979
3001.0,26.0,0.626091
3001.0,27.0,0.714131
3001.0,28.0,0.0
3001.0,29.0,0.461668
3001.0,30.0,1.0
3001.0,31.0,0.552425
3001.0,32.0,0.0
3001.0,33.0,0.999329
3001.0,34.0,0.626753
3001.0,35.0,0.200932
3001.0,36.0,0.31741
3002.0,0.0,1.0
3002.0,1.0,0.638868
3002.0,2.0,0.28591
3002.0,3.0,0.190858
3002.0,4.0,0.866039
3002.0,5.0,0.396439
3002.0,6.0,0.372151
3002.0,7.0,0.997052
3002.0,8.0,0.236208
3002.0,9.0,0.306763
3002.0,10.0,0.023752
3002.0,11.0,0.692956
3002.0,12.0,0.977502
3002.0,13.0,0.419471
3002.0,14.0,0.587463
3002.0,15.0,0.563098
3002.0,16.0,0.119492
3002.0,17.0,0.552568
3002.0,18.0,0.012634
3002.0,19.0,0.27582
3002.0,20.0,0.331386
3002.0,21.0,0.74384
3002.0,22.0,0.678031
3002.0,23.0,0.029093
3002.0,24.0,0.972037
3002.0,25.0,0.002066
3002.0,26.0,0.632754
3002.0,27.0,0.716099
3002.0,28.0,0.0
3002.0,29.0,0.47724
3002.0,30.0,1.0
3002.0,31.0,0.555948
3002.0,32.0,0.0
3002.0,33.0,0.99934
3002.0,34.0,0.630875
3002.0,35.0,0.212403
3002.0,36.0,0.340162
3003.0,0.0,1.0
3003.0,1.0,0.642379
3003.0,2.0,0.287859
3003.0,3.0,0.190957
3003.0,4.0,0.868326
3003.0,5.0,0.398436
3003.0,6.0,0.376793
3003.0,7.0,0.997143
3003.0,8.0,0.23784
3003.0,9.0,0.306997
3003.0,10.0,0.023861
3003.0,11.0,0.697298
3003.0,12.0,0.977822
3003.0,13.0,0.422577
3003.0,14.0,0.591187
3003.0,15.0,0.565339
3003.0,16.0,0.131174
3003.0,17.0,0.541882
3003.0,18.0,0.012606
3003.0,19.0,0.277142
3003.0,20.0,0.333816
3003.0,21.0,0.747572
3003.0,22.0,0.683438
3003.0,23.0,0.029374
3003.0,24.0,0.97351
3003.0,25.0,0.00212
3003.0,26.0,0.638121
3003.0,27.0,0.717269
3003.0,28.0,0.0
3003.0,29.0,0.492222
3003.0,30.0,1.0
3003.0,31.0,0.558941
3003.0,32.0,0.0
3003.0,33.0,0.999364
3003.0,34.0,0.634677
3003.0,35.0,0.224257
3003.0,36.0,0.36233
3004.0,0.0,1.0
3004.0,1.0,0.645299
3004.0,2.0,0.290039
3004.0,3.0,0.191526
3004.0,4.0,0.871014
3004.0,5.0,0.400507
3004.0,6.0,0.381419
3004.0,7.0,0.997146
3004.0,8.0,0.239497
3004.0,9.0,0.307719
3004.0,10.0,0.024143
3004.0,11.0,0.701984
3004.0,12.0,0.978486
3004.0,13.0,0.42533
3004.0,14.0,0.594517
3004.0,15.0,0.567548
3004.0,16.0,0.143726
3004.0,17.0,0.532413
3004.0,18.0,0.012722
3004.0,19.0,0.277373
3004.0,20.0,0.336325
3004.0,21.0,0.75114
3004.0,22.0,0.688963
3004.0,23.0,0.029804
3004.0,24.0,0.975195
3004.0,25.0,0.00227
3004.0,26.0,0.644361
3004.0,27.0,0.718402
3004.0,28.0,0.0
3004.0,29.0,0.506647
3004.0,30.0,1.0
3004.0,31.0,0.561837
3004.0,32.0,0.0
3004.0,33.0,0.999372
3004.0,34.0,0.638917
3004.0,35.0,0.236852
3004.0,36.0,0.382459
3005.0,0.0,1.0
3005.0,1.0,0.647573
3005.0,2.0,0.292862
3005.0,3.0,0.192176
3005.0,4.0,0.873537
3005.0,5.0,0.401586
3005.0,6.0,0.384871
3005.0,7.0,0.997138
3005.0,8.0,0.241172
3005.0,9.0,0.308052
3005.0,10.0,0.024189
3005.0,11.0,0.706677
3005.0,12.0,0.978918
3005.0,13.0,0.428424
3005.0,14.0,0.597529
3005.0,15.0,0.569585
3005.0,16.0,0.156572
3005.0,17.0,0.521832
3005.0,18.0,0.012877
3005.0,19.0,0.278003
3005.0,20.0,0.339274
3005.0,21.0,0.754399
3005.0,22.0,0.694409
3005.0,23.0,0.029798
3005.0,24.0,0.976394
3005.0,25.0,0.002371
3005.0,26.0,0.650209
3005.0,27.0,0.720728
3005.0,28.0,0.0
3005.0,29.0,0.521235
3005.0,30.0,1.0
3005.0,31.0,0.565095
3005.0,32.0,0.0
3005.0,33.0,0.999386
3005.0,34.0,0.64198
3005.0,35.0,0.249759
3005.0,36.0,0.402615
3006.0,0.0,1.0
3006.0,1.0,0.644781
3006.0,2.0,0.290817
3006.0,3.0,0.192113
3006.0,4.0,0.870644
3006.0,5.0,0.399905
3006.0,6.0,0.380389
3006.0,7.0,0.997052
3006.0,8.0,0.24005
3006.0,9.0,0.307037
3006.0,10.0,0.023716
3006.0,11.0,0.702035
3006.0,12.0,0.978509
3006.0,13.0,0.425158
3006.0,14.0,0.59426
3006.0,15.0,0.566879
3006.0,16.0,0.141942
3006.0,17.0,0.536122
3006.0,18.0,0.01272
3006.0,19.0,0.276699
3006.0,20.0,0.335628
3006.0,21.0,0.750602
3006.0,22.0,0.687921
3006.0,23.0,0.029839
3006.0,24.0,0.975176
3006.0,25.0,0.00223
3006.0,26.0,0.643106
3006.0,27.0,0.719948
3006.0,28.0,0.0
3006.0,29.0,0.505268
3006.0,30.0,1.0
3006.0,31.0,0.561645
3006.0,32.0,0.0
3006.0,33.0,0.999329
3006.0,34.0,0.638341
3006.0,35.0,0.235365
3006.0,36.0,0.378756
3007.0,0.0,1.0
3007.0,1.0,0.641901
3007.0,2.0,0.288815
3007.0,3.0,0.191297
3007.0,4.0,0.867435
3007.0,5.0,0.399259
3007.0,6.0,0.376427
3007.0,7.0,0.996981
3007.0,8.0,0.237817
3007.0,9.0,0.306373
3007.0,10.0,0.023613
3007.0,11.0,0.697399
3007.0,12.0,0.977963
3007.0,13.0,0.421184
3007.0,14.0,0.590094
3007.0,15.0,0.564482
3007.0,16.0,0.129049
3007.0,17.0,0.547425
3007.0,18.0,0.012723
3007.0,19.0,0.276003
3007.0,20.0,0.33304
3007.0,21.0,0.747107
3007.0,22.0,0.681627
3007.0,23.0,0.02996
3007.0,24.0,0.973787
3007.0,25.0,0.002067
3007.0,26.0,0.636577
3007.0,27.0,0.718175
3007.0,28.0,0.0
3007.0,29.0,0.489616
3007.0,30.0,1.0
3007.0,31.0,0.558751
3007.0,32.0,0.0
3007.0,33.0,0.999304
3007.0,34.0,0.634591
3007.0,35.0,0.222634
3007.0,36.0,0.356856
3008.0,0.0,1.0
3008.0,1.0,0.638545
3008.0,2.0,0.286662
3008.0,3.0,0.191101
3008.0,4.0,0.865092
3008.0,5.0,0.397815
3008.0,6.0,0.373034
3008.0,7.0,0.996995
3008.0,8.0,0.236519
3008.0,9.0,0.305377
3008.0,10.0,0.02347
3008.0,11.0,0.69286
3008.0,12.0,0.977615
3008.0,13.0,0.418602
3008.0,14.0,0.586201
3008.0,15.0,0.561456
3008.0,16.0,0.11779
3008.0,17.0,0.557641
3008.0,18.0,0.012642
3008.0,19.0,0.275105
3008.0,20.0,0.330768
3008.0,21.0,0.743335
3008.0,22.0,0.675564
3008.0,23.0,0.029673
3008.0,24.0,0.972169
3008.0,25.0,0.001948
3008.0,26.0,0.628913
3008.0,27.0,0.716172
3008.0,28.0,0.0
3008.0,29.0,0.473709
3008.0,30.0,1.0
3008.0,31.0,0.555075
3008.0,32.0,0.0
3008.0,33.0,0.999313
3008.0,34.0,0.632689
3008.0,35.0,0.210876
3008.0,36.0,0.334873
3009.0,0.0,1.0
3009.0,1.0,0.634714
3009.0,2.0,0.284263
3009.0,3.0,0.191483
3009.0,4.0,0.861943
3009.0,5.0,0.39688
3009.0,6.0,0.369379
3009.0,7.0,0.997019
3009.0,8.0,0.234608
3009.0,9.0,0.305092
3009.0,10.0,0.023449
3009.0,11.0,0.688952
3009.0,12.0,0.977136
3009.0,13.0,0.415342
3009.0,14.0,0.581877
3009.0,15.0,0.559378
3009.0,16.0,0.107133
3009.0,17.0,0.566268
3009.0,18.0,0.012726
3009.0,19.0,0.273879
3009.0,20.0,0.328059
3009.0,21.0,0.740474
3009.0,22.0,0.669131
3009.0,23.0,0.029471
3009.0,24.0,0.970463
3009.0,25.0,0.001821
3009.0,26.0,0.622473
3009.0,27.0,0.713929
3009.0,28.0,0.0
3009.0,29.0,0.458793
3009.0,30.0,1.0
3009.0,31.0,0.552553
3009.0,32.0,0.0
3009.0,33.0,0.999307
3009.0,34.0,0.629402
3009.0,35.0,0.199555
3009.0,36.0,0.313975
3010.0,0.0,1.0
3010.0,1.0,0.631352
3010.0,2.0,0.282274
3010.0,3.0,0.192289
3010.0,4.0,0.858461
3010.0,5.0,0.395138
3010.0,6.0,0.364975
3010.0,7.0,0.99718
3010.0,8.0,0.232945
3010.0,9.0,0.304175
3010.0,10.0,0.023186
3010.0,11.0,0.683088
3010.0,12.0,0.976833
3010.0,13.0,0.412865
3010.0,14.0,0.578175
3010.0,15.0,0.556569
3010.0,16.0,0.097754
3010.0,17.0,0.572766
3010.0,18.0,0.012746
3010.0,19.0,0.272411
3010.0,20.0,0.32496
3010.0,21.0,0.736985
3010.0,22.0,0.662795
3010.0,23.0,0.029544
3010.0,24.0,0.968946
3010.0,25.0,0.001737
3010.0,26.0,0.616271
3010.0,27.0,0.712649
3010.0,28.0,0.0
3010.0,29.0,0.44419
3010.0,30.0,1.0
3010.0,31.0,0.54902
3010.0,32.0,0.0
3010.0,33.0,0.999312
3010.0,34.0,0.62602
3010.0,35.0,0.189204
3010.0,36.0,0.293937
4000.0,0.0,1.0
4000.0,1.0,0.670267
4000.0,2.0,0.280555
4000.0,3.0,0.198064
4000.0,4.0,0.859193
4000.0,5.0,0.3721
4000.0,6.0,0.360899
4000.0,7.0,0.999682
4000.0,8.0,0.235976
4000.0,9.0,0.281418
4000.0,10.0,0.014299
4000.0,11.0,0.684536
4000.0,12.0,0.992242
4000.0,13.0,0.419238
4000.0,14.0,0.594213
4000.0,15.0,0.570776
4000.0,16.0,0.093795
4000.0,17.0,0.572062
4000.0,18.0,0.005888
4000.0,19.0,0.254569
4000.0,20.0,0.317004
4000.0,21.0,0.734492
4000.0,22.0,0.651178
4000.0,23.0,0.027145
4000.0,24.0,0.971884
4000.0,25.0,0.0
4000.0,26.0,0.611701
4000.0,27.0,0.732149
4000.0,28.0,0.0
4000.0,29.0,0.45414
4000.0,30.0,1.0
4000.0,31.0,0.555147
4000.0,32.0,0.0
4000.0,33.0,1.0
4000.0,34.0,0.620828
4000.0,35.0,0.187751
4000.0,36.0,0.290441
4001.0,0.0,1.0
4001.0,1.0,0.673073
4001.0,2.0,0.28282
4001.0,3.0,0.196861
4001.0,4.0,0.862648
4001.0,5.0,0.374139
4001.0,6.0,0.365879
4001.0,7.0,0.999698
4001.0,8.0,0.237925
4001.0,9.0,0.282479
4001.0,10.0,0.014449
4001.0,11.0,0.68904
4001.0,12.0,0.992491
4001.0,13.0,0.422696
4001.0,14.0,0.598633
4001.0,15.0,0.573585
4001.0,16.0,0.102789
4001.0,17.0,0.563573
4001.0,18.0,0.005927
4001.0,19.0,0.254807
4001.0,20.0,0.319886
4001.0,21.0,0.737316
4001.0,22.0,0.657376
4001.0,23.0,0.027276
4001.0,24.0,0.97386
4001.0,25.0,0.0
4001.0,26.0,0.618462
4001.0,27.0,0.733337
4001.0,28.0,0.0
4001.0,29.0,0.470471
4001.0,30.0,1.0
4001.0,31.0,0.557946
4001.0,32.0,0.0
4001.0,33.0,1.0
4001.0,34.0,0.625314
4001.0,35.0,0.199629
4001.0,36.0,0.313638
4002.0,0.0,1.0
4002.0,1.0,0.674774
4002.0,2.0,0.285021
4002.0,3.0,0.19611
4002.0,4.0,0.86527
4002.0,5.0,0.375983
4002.0,6.0,0.369142
4002.0,7.0,0.999692
4002.0,8.0,0.239709
4002.0,9.0,0.283374
4002.0,10.0,0.014523
4002.0,11.0,0.694363
4002.0,12.0,0.99263
4002.0,13.0,0.425853
4002.0,14.0,0.601074
4002.0,15.0,0.575856
4002.0,16.0,0.113017
4002.0,17.0,0.553287
4002.0,18.0,0.005857
4002.0,19.0,0.255891
4002.0,20.0,0.32213
4002.0,21.0,0.740949
4002.0,22.0,0.664425
4002.0,23.0,0.027609
4002.0,24.0,0.975594
4002.0,25.0,0.0
4002.0,26.0,0.624714
4002.0,27.0,0.735517
4002.0,28.0,0.0
4002.0,29.0,0.485887
4002.0,30.0,1.0
4002.0,31.0,0.56093
4002.0,32.0,0.0
4002.0,33.0,1.0
4002.0,34.0,0.629058
4002.0,35.0,0.211532
4002.0,36.0,0.337257
4003.0,0.0,1.0
4003.0,1.0,0.678112
4003.0,2.0,0.287559
4003.0,3.0,0.196154
4003.0,4.0,0.867869
4003.0,5.0,0.376329
4003.0,6.0,0.373866
4003.0,7.0,0.999693
4003.0,8.0,0.242108
4003.0,9.0,0.284029
4003.0,10.0,0.014543
4003.0,11.0,0.699544
4003.0,12.0,0.992755
4003.0,13.0,0.429485
4003.0,14.0,0.605655
4003.0,15.0,0.578371
4003.0,16.0,0.124358
4003.0,17.0,0.542521
4003.0,18.0,0.005763
4003.0,19.0,0.255912
4003.0,20.0,0.325114
4003.0,21.0,0.744036
4003.0,22.0,0.670363
4003.0,23.0,0.027761
4003.0,24.0,0.976866
4003.0,25.0,0.0
4003.0,26.0,0.631688
4003.0,27.0,0.737004
4003.0,28.0,0.0
4003.0,29.0,0.50109
4003.0,30.0,1.0
4003.0,31.0,0.563994
4003.0,32.0,0.0
4003.0,33.0,1.0
4003.0,34.0,0.632283
4003.0,35.0,0.223226
4003.0,36.0,0.360091
4004.0,0.0,1.0
4004.0,1.0,0.681037
4004.0,2.0,0.289045
4004.0,3.0,0.196021
4004.0,4.0,0.870638
4004.0,5.0,0.377371
4004.0,6.0,0.378389
4004.0,7.0,0.999726
4004.0,8.0,0.243028
4004.0,9.0,0.28551
4004.0,10.0,0.014532
4004.0,11.0,0.70459
4004.0,12.0,0.992998
4004.0,13.0,0.43286
4004.0,14.0,0.608859
4004.0,15.0,0.58048
4004.0,16.0,0.136149
4004.0,17.0,0.532542
4004.0,18.0,0.005784
4004.0,19.0,0.256517
4004.0,20.0,0.327379
4004.0,21.0,0.747889
4004.0,22.0,0.67605
4004.0,23.0,0.027584
4004.0,24.0,0.978148
4004.0,25.0,0.0
4004.0,26.0,0.638366
4004.0,27.0,0.738339
4004.0,28.0,0.0
4004.0,29.0,0.515862
4004.0,30.0,1.0
4004.0,31.0,0.567258
4004.0,32.0,0.0
4004.0,33.0,1.0
4004.0,34.0,0.634797
4004.0,35.0,0.236335
4004.0,36.0,0.381192
4005.0,0.0,1.0
4005.0,1.0,0.683142
4005.0,2.0,0.291044
4005.0,3.0,0.197299
4005.0,4.0,0.873233
4005.0,5.0,0.379414
4005.0,6.0,0.382999
4005.0,7.0,0.999741
4005.0,8.0,0.244565
4005.0,9.0,0.286506
4005.0,10.0,0.014691
4005.0,11.0,0.708909
4005.0,12.0,0.9931
4005.0,13.0,0.436475
4005.0,14.0,0.613246
4005.0,15.0,0.583038
4005.0,16.0,0.148339
4005.0,17.0,0.521741
4005.0,18.0,0.005765
4005.0,19.0,0.25735
4005.0,20.0,0.330635
4005.0,21.0,0.751571
4005.0,22.0,0.681906
4005.0,23.0,0.027426
4005.0,24.0,0.97945
4005.0,25.0,0.0
4005.0,26.0,0.645124
4005.0,27.0,0.740418
4005.0,28.0,0.0
4005.0,29.0,0.531252
4005.0,30.0,1.0
4005.0,31.0,0.569675
4005.0,32.0,0.0
4005.0,33.0,1.0
4005.0,34.0,0.638412
4005.0,35.0,0.249516
4005.0,36.0,0.401254
4006.0,0.0,1.0
4006.0,1.0,0.680187
4006.0,2.0,0.288665
4006.0,3.0,0.195992
4006.0,4.0,0.870913
4006.0,5.0,0.377735
4006.0,6.0,0.378034
4006.0,7.0,0.999735
4006.0,8.0,0.242666
4006.0,9.0,0.28582
4006.0,10.0,0.014582
4006.0,11.0,0.704222
4006.0,12.0,0.992954
4006.0,13.0,0.433193
4006.0,14.0,0.60908
4006.0,15.0,0.580986
4006.0,16.0,0.135121
4006.0,17.0,0.536291
4006.0,18.0,0.005702
4006.0,19.0,0.256634
4006.0,20.0,0.327301
4006.0,21.0,0.747907
4006.0,22.0,0.675646
4006.0,23.0,0.027468
4006.0,24.0,0.978258
4006.0,25.0,0.0
4006.0,26.0,0.638831
4006.0,27.0,0.738456
4006.0,28.0,0.0
4006.0,29.0,0.516514
4006.0,30.0,1.0
4006.0,31.0,0.566416
4006.0,32.0,0.0
4006.0,33.0,1.0
4006.0,34.0,0.634895
4006.0,35.0,0.235516
4006.0,36.0,0.377736
4007.0,0.0,1.0
4007.0,1.0,0.677817
4007.0,2.0,0.287461
4007.0,3.0,0.195997
4007.0,4.0,0.868367
4007.0,5.0,0.376182
4007.0,6.0,0.373798
4007.0,7.0,0.999747
4007.0,8.0,0.239859
4007.0,9.0,0.284384
4007.0,10.0,0.014576
4007.0,11.0,0.698459
4007.0,12.0,0.992836
4007.0,13.0,0.429309
4007.0,14.0,0.605455
4007.0,15.0,0.578467
4007.0,16.0,0.123041
4007.0,17.0,0.548202
4007.0,18.0,0.005676
4007.0,19.0,0.256492
4007.0,20.0,0.324525
4007.0,21.0,0.74412
4007.0,22.0,0.669668
4007.0,23.0,0.027148
4007.0,24.0,0.976889
4007.0,25.0,0.0
4007.0,26.0,0.633182
4007.0,27.0,0.737498
4007.0,28.0,0.0
4007.0,29.0,0.501517
4007.0,30.0,1.0
4007.0,31.0,0.563575
4007.0,32.0,0.0
4007.0,33.0,1.0
4007.0,34.0,0.630873
4007.0,35.0,0.221965
4007.0,36.0,0.354865
4008.0,0.0,1.0
4008.0,1.0,0.676038
4008.0,2.0,0.285404
4008.0,3.0,0.195885
4008.0,4.0,0.865549
4008.0,5.0,0.374411
4008.0,6.0,0.369772
4008.0,7.0,0.999716
4008.0,8.0,0.238489
4008.0,9.0,0.283678
4008.0,10.0,0.014519
4008.0,11.0,0.693118
4008.0,12.0,0.992649
4008.0,13.0,0.425598
4008.0,14.0,0.601359
4008.0,15.0,0.576171
4008.0,16.0,0.111935
4008.0,17.0,0.557816
4008.0,18.0,0.005727
4008.0,19.0,0.256683
4008.0,20.0,0.32118
4008.0,21.0,0.740594
4008.0,22.0,0.664353
4008.0,23.0,0.027016
4008.0,24.0,0.97543
4008.0,25.0,0.0
4008.0,26.0,0.627009
4008.0,27.0,0.736342
4008.0,28.0,0.0
4008.0,29.0,0.486614
4008.0,30.0,1.0
4008.0,31.0,0.560753
4008.0,32.0,0.0
4008.0,33.0,1.0
4008.0,34.0,0.627026
4008.0,35.0,0.208982
4008.0,36.0,0.333005
4009.0,0.0,1.0
4009.0,1.0,0.673085
4009.0,2.0,0.283293
4009.0,3.0,0.19638
4009.0,4.0,0.863042
4009.0,5.0,0.373115
4009.0,6.0,0.366007
4009.0,7.0,0.999708
4009.0,8.0,0.23661
4009.0,9.0,0.282644
4009.0,10.0,0.014269
4009.0,11.0,0.688959
4009.0,12.0,0.992432
4009.0,13.0,0.422263
4009.0,14.0,0.597886
4009.0,15.0,0.574416
4009.0,16.0,0.102487
4009.0,17.0,0.565575
4009.0,18.0,0.005702
4009.0,19.0,0.256404
4009.0,20.0,0.318681
4009.0,21.0,0.737514
4009.0,22.0,0.658402
4009.0,23.0,0.026968
4009.0,24.0,0.973831
4009.0,25.0,0.0
4009.0,26.0,0.620929
4009.0,27.0,0.734776
4009.0,28.0,0.0
4009.0,29.0,0.471621
4009.0,30.0,1.0
4009.0,31.0,0.557465
4009.0,32.0,0.0
4009.0,33.0,1.0
4009.0,34.0,0.624377
4009.0,35.0,0.197674
4009.0,36.0,0.311987
4010.0,0.0,1.0
4010.0,1.0,0.668785
4010.0,2.0,0.281201
4010.0,3.0,0.197151
4010.0,4.0,0.860188
4010.0,5.0,0.372434
4010.0,6.0,0.361273
4010.0,7.0,0.999684
4010.0,8.0,0.234939
4010.0,9.0,0.281569
4010.0,10.0,0.014189
4010.0,11.0,0.684091
4010.0,12.0,0.99228
4010.0,13.0,0.419344
4010.0,14.0,0.594169
4010.0,15.0,0.572256
4010.0,16.0,0.093747
4010.0,17.0,0.571715
4010.0,18.0,0.005563
4010.0,19.0,0.256219
4010.0,20.0,0.315499
4010.0,21.0,0.73433
4010.0,22.0,0.652062
4010.0,23.0,0.026644
4010.0,24.0,0.972012
4010.0,25.0,0.0
4010.0,26.0,0.6146
4010.0,27.0,0.734062
4010.0,28.0,0.0
4010.0,29.0,0.456804
4010.0,30.0,1.0
4010.0,31.0,0.55423
4010.0,32.0,0.0
4010.0,33.0,1.0
4010.0,34.0,0.620646
4010.0,35.0,0.186665
4010.0,36.0,0.291288
5000.0,0.0,1.0
5000.0,1.0,0.659048
5000.0,2.0,0.289239
5000.0,3.0,0.20026
5000.0,4.0,0.851276
5000.0,5.0,0.331839
5000.0,6.0,0.352911
5000.0,7.0,0.999974
5000.0,8.0,0.239534
5000.0,9.0,0.258261
5000.0,10.0,0.01868
5000.0,11.0,0.681004
5000.0,12.0,0.997308
5000.0,13.0,0.414388
5000.0,14.0,0.587502
5000.0,15.0,0.571486
5000.0,16.0,0.098155
5000.0,17.0,0.569674
5000.0,18.0,0.00376
5000.0,19.0,0.245397
5000.0,20.0,0.316572
5000.0,21.0,0.73264
5000.0,22.0,0.65986
5000.0,23.0,0.022247
5000.0,24.0,0.972588
5000.0,25.0,0.0
5000.0,26.0,0.618629
5000.0,27.0,0.744391
5000.0,28.0,0.0
5000.0,29.0,0.45299
5000.0,30.0,1.0
5000.0,31.0,0.547963
5000.0,32.0,0.0
5000.0,33.0,1.0
5000.0,34.0,0.618404
5000.0,35.0,0.187501
5000.0,36.0,0.289673
5001.0,0.0,1.0
5001.0,1.0,0.661201
5001.0,2.0,0.291989
5001.0,3.0,0.198115
5001.0,4.0,0.853678
5001.0,5.0,0.333323
5001.0,6.0,0.357661
5001.0,7.0,0.999974
5001.0,8.0,0.24111
5001.0,9.0,0.258715
5001.0,10.0,0.018976
5001.0,11.0,0.685946
5001.0,12.0,0.997395
5001.0,13.0,0.417364
5001.0,14.0,0.591764
5001.0,15.0,0.573829
5001.0,16.0,0.107868
5001.0,17.0,0.561229
5001.0,18.0,0.003873
5001.0,19.0,0.245479
5001.0,20.0,0.318416
5001.0,21.0,0.73627
5001.0,22.0,0.667113
5001.0,23.0,0.022101
5001.0,24.0,0.974141
5001.0,25.0,0.0
5001.0,26.0,0.625193
5001.0,27.0,0.745982
5001.0,28.0,0.0
5001.0,29.0,0.468521
5001.0,30.0,1.0
5001.0,31.0,0.551377
5001.0,32.0,0.0
5001.0,33.0,1.0
5001.0,34.0,0.621757
5001.0,35.0,0.198986
5001.0,36.0,0.313091
5002.0,0.0,1.0
5002.0,1.0,0.663327
5002.0,2.0,0.294385
5002.0,3.0,0.196555
5002.0,4.0,0.856618
5002.0,5.0,0.33532
5002.0,6.0,0.362088
5002.0,7.0,0.999985
5002.0,8.0,0.243513
5002.0,9.0,0.258483
5002.0,10.0,0.018968
5002.0,11.0,0.691074
5002.0,12.0,0.997466
5002.0,13.0,0.421116
5002.0,14.0,0.595787
5002.0,15.0,0.576653
5002.0,16.0,0.118247
5002.0,17.0,0.552315
5002.0,18.0,0.003891
5002.0,19.0,0.24608
5002.0,20.0,0.321079
5002.0,21.0,0.739669
5002.0,22.0,0.673037
5002.0,23.0,0.021976
5002.0,24.0,0.975785
5002.0,25.0,0.0
5002.0,26.0,0.631739
5002.0,27.0,0.746899
5002.0,28.0,0.0
5002.0,29.0,0.482915
5002.0,30.0,1.0
5002.0,31.0,0.554629
5002.0,32.0,0.0
5002.0,33.0,1.0
5002.0,34.0,0.626372
5002.0,35.0,0.21059
5002.0,36.0,0.335535
5003.0,0.0,1.0
5003.0,1.0,0.665755
5003.0,2.0,0.296504
5003.0,3.0,0.195666
5003.0,4.0,0.85975
5003.0,5.0,0.336363
5003.0,6.0,0.366851
5003.0,7.0,0.999986
5003.0,8.0,0.244679
5003.0,9.0,0.2587
5003.0,10.0,0.018908
5003.0,11.0,0.695316
5003.0,12.0,0.997442
5003.0,13.0,0.424369
5003.0,14.0,0.600297
5003.0,15.0,0.578869
5003.0,16.0,0.129844
5003.0,17.0,0.542634
5003.0,18.0,0.003929
5003.0,19.0,0.246718
5003.0,20.0,0.323694
5003.0,21.0,0.743351
5003.0,22.0,0.679246
5003.0,23.0,0.022165
5003.0,24.0,0.97706
5003.0,25.0,0.0
5003.0,26.0,0.637793
5003.0,27.0,0.748559
5003.0,28.0,0.0
5003.0,29.0,0.497802
5003.0,30.0,1.0
5003.0,31.0,0.557731
5003.0,32.0,0.0
5003.0,33.0,1.0
5003.0,34.0,0.630373
5003.0,35.0,0.223199
5003.0,36.0,0.356951
5004.0,0.0,1.0
5004.0,1.0,0.667651
5004.0,2.0,0.299095
5004.0,3.0,0.194572
5004.0,4.0,0.862629
5004.0,5.0,0.337959
5004.0,6.0,0.371218
5004.0,7.0,0.999983
5004.0,8.0,0.246604
5004.0,9.0,0.259233
5004.0,10.0,0.018711
5004.0,11.0,0.700501
5004.0,12.0,0.997397
5004.0,13.0,0.428345
5004.0,14.0,0.603645
5004.0,15.0,0.580714
5004.0,16.0,0.142246
5004.0,17.0,0.531735
5004.0,18.0,0.004042
5004.0,19.0,0.246601
5004.0,20.0,0.326566
5004.0,21.0,0.746668
5004.0,22.0,0.685634
5004.0,23.0,0.022155
5004.0,24.0,0.978367
5004.0,25.0,0.0
5004.0,26.0,0.642395
5004.0,27.0,0.749707
5004.0,28.0,0.0
5004.0,29.0,0.513287
5004.0,30.0,1.0
5004.0,31.0,0.560845
5004.0,32.0,0.0
5004.0,33.0,1.0
5004.0,34.0,0.633846
5004.0,35.0,0.2362
5004.0,36.0,0.378986
5005.0,0.0,1.0
5005.0,1.0,0.670359
5005.0,2.0,0.30141
5005.0,3.0,0.194732
5005.0,4.0,0.865421
5005.0,5.0,0.338922
5005.0,6.0,0.37635
5005.0,7.0,0.999983
5005.0,8.0,0.248057
5005.0,9.0,0.261158
5005.0,10.0,0.018785
5005.0,11.0,0.705671
5005.0,12.0,0.997502
5005.0,13.0,0.431447
5005.0,14.0,0.607227
5005.0,15.0,0.582257
5005.0,16.0,0.155538
5005.0,17.0,0.520391
5005.0,18.0,0.004046
5005.0,19.0,0.247361
5005.0,20.0,0.32839
5005.0,21.0,0.750198
5005.0,22.0,0.691974
5005.0,23.0,0.022335
5005.0,24.0,0.979426
5005.0,25.0,0.0
5005.0,26.0,0.648291
5005.0,27.0,0.750788
5005.0,28.0,0.0
5005.0,29.0,0.528495
5005.0,30.0,1.0
5005.0,31.0,0.564077
5005.0,32.0,0.0
5005.0,33.0,1.0
5005.0,34.0,0.638027
5005.0,35.0,0.249785
5005.0,36.0,0.40011
5006.0,0.0,1.0
5006.0,1.0,0.667567
5006.0,2.0,0.299477
5006.0,3.0,0.195125
5006.0,4.0,0.862863
5006.0,5.0,0.338513
5006.0,6.0,0.370731
5006.0,7.0,0.999983
5006.0,8.0,0.246851
5006.0,9.0,0.259878
5006.0,10.0,0.018741
5006.0,11.0,0.700695
5006.0,12.0,0.997423
5006.0,13.0,0.427991
5006.0,14.0,0.604262
5006.0,15.0,0.579919
5006.0,16.0,0.141324
5006.0,17.0,0.534498
5006.0,18.0,0.003974
5006.0,19.0,0.246432
5006.0,20.0,0.325469
5006.0,21.0,0.746036
5006.0,22.0,0.684901
5006.0,23.0,0.022408
5006.0,24.0,0.97822
5006.0,25.0,0.0
5006.0,26.0,0.641558
5006.0,27.0,0.749317
5006.0,28.0,0.0
5006.0,29.0,0.512644
5006.0,30.0,1.0
5006.0,31.0,0.560874
5006.0,32.0,0.0
5006.0,33.0,1.0
5006.0,34.0,0.634346
5006.0,35.0,0.23536
5006.0,36.0,0.376529
5007.0,0.0,1.0
5007.0,1.0,0.664727
5007.0,2.0,0.297143
5007.0,3.0,0.195984
5007.0,4.0,0.859831
5007.0,5.0,0.33775
5007.0,6.0,0.366128
5007.0,7.0,0.999981
5007.0,8.0,0.24459
5007.0,9.0,0.259858
5007.0,10.0,0.0186
5007.0,11.0,0.696271
5007.0,12.0,0.997291
5007.0,13.0,0.424646
5007.0,14.0,0.600375
5007.0,15.0,0.577461
5007.0,16.0,0.128864
5007.0,17.0,0.545871
5007.0,18.0,0.003908
5007.0,19.0,0.245686
5007.0,20.0,0.322947
5007.0,21.0,0.74335
5007.0,22.0,0.678717
5007.0,23.0,0.022299
5007.0,24.0,0.977132
5007.0,25.0,0.0
5007.0,26.0,0.634971
5007.0,27.0,0.748021
5007.0,28.0,0.0
5007.0,29.0,0.497752
5007.0,30.0,1.0
5007.0,31.0,0.557733
5007.0,32.0,0.0
5007.0,33.0,1.0
5007.0,34.0,0.630942
5007.0,35.0,0.221929
5007.0,36.0,0.354244
5008.0,0.0,1.0
5008.0,1.0,0.661629
5008.0,2.0,0.294746
5008.0,3.0,0.196892
5008.0,4.0,0.857865
5008.0,5.0,0.336029
5008.0,6.0,0.361966
5008.0,7.0,0.99998
5008.0,8.0,0.242623
5008.0,9.0,0.259123
5008.0,10.0,0.018727
5008.0,11.0,0.690804
5008.0,12.0,0.997197
5008.0,13.0,0.421755
5008.0,14.0,0.59692
5008.0,15.0,0.576211
5008.0,16.0,0.117831
5008.0,17.0,0.554839
5008.0,18.0,0.00396
5008.0,19.0,0.244662
5008.0,20.0,0.320246
5008.0,21.0,0.740527
5008.0,22.0,0.673017
5008.0,23.0,0.022398
5008.0,24.0,0.976073
5008.0,25.0,0.0
5008.0,26.0,0.628859
5008.0,27.0,0.746038
5008.0,28.0,0.0
5008.0,29.0,0.482171
5008.0,30.0,1.0
5008.0,31.0,0.553863
5008.0,32.0,0.0
5008.0,33.0,1.0
5008.0,34.0,0.627512
5008.0,35.0,0.209657
5008.0,36.0,0.333094
5009.0,0.0,1.0
5009.0,1.0,0.658565
5009.0,2.0,0.292012
5009.0,3.0,0.197679
5009.0,4.0,0.854793
5009.0,5.0,0.335307
5009.0,6.0,0.358272
5009.0,7.0,0.999977
5009.0,8.0,0.240323
5009.0,9.0,0.258183
5009.0,10.0,0.018711
5009.0,11.0,0.686378
5009.0,12.0,0.997051
5009.0,13.0,0.417792
5009.0,14.0,0.593394
5009.0,15.0,0.574182
5009.0,16.0,0.107747
5009.0,17.0,0.562286
5009.0,18.0,0.003871
5009.0,19.0,0.243615
5009.0,20.0,0.318179
5009.0,21.0,0.736554
5009.0,22.0,0.66645
5009.0,23.0,0.022434
5009.0,24.0,0.974896
5009.0,25.0,0.0
5009.0,26.0,0.622597
5009.0,27.0,0.743935
5009.0,28.0,0.0
5009.0,29.0,0.467292
5009.0,30.0,1.0
5009.0,31.0,0.550815
5009.0,32.0,0.0
5009.0,33.0,1.0
5009.0,34.0,0.624739
5009.0,35.0,0.198418
5009.0,36.0,0.312523
5010.0,0.0,1.0
5010.0,1.0,0.655318
5010.0,2.0,0.289518
5010.0,3.0,0.199284
5010.0,4.0,0.851893
5010.0,5.0,0.33399
5010.0,6.0,0.354868
5010.0,7.0,0.999975
5010.0,8.0,0.237764
5010.0,9.0,0.256757
5010.0,10.0,0.018388
5010.0,11.0,0.681833
5010.0,12.0,0.9971
5010.0,13.0,0.415825
5010.0,14.0,0.589426
5010.0,15.0,0.571252
5010.0,16.0,0.098609
5010.0,17.0,0.567484
5010.0,18.0,0.00387
5010.0,19.0,0.243161
5010.0,20.0,0.315083
5010.0,21.0,0.733625
5010.0,22.0,0.660288
5010.0,23.0,0.022595
5010.0,24.0,0.973502
5010.0,25.0,0.0
5010.0,26.0,0.616076
5010.0,27.0,0.742587
5010.0,28.0,0.0
5010.0,29.0,0.453083
5010.0,30.0,1.0
5010.0,31.0,0.547678
5010.0,32.0,0.0
5010.0,33.0,1.0
5010.0,34.0,0.622199
5010.0,35.0,0.188354
5010.0,36.0,0.292609
6000.0,0.0,1.0
6000.0,1.0,0.649743
6000.0,2.0,0.286039
6000.0,3.0,0.196228
6000.0,4.0,0.842546
6000.0,5.0,0.30535
6000.0,6.0,0.362599
6000.0,7.0,0.999578
6000.0,8.0,0.242835
6000.0,9.0,0.254121
6000.0,10.0,0.012862
6000.0,11.0,0.68902
6000.0,12.0,0.999759
6000.0,13.0,0.421707
6000.0,14.0,0.562014
6000.0,15.0,0.558631
6000.0,16.0,0.09975
6000.0,17.0,0.567575
6000.0,18.0,0.000986
6000.0,19.0,0.249214
6000.0,20.0,0.318046
6000.0,21.0,0.739612
6000.0,22.0,0.654702
6000.0,23.0,0.01612
6000.0,24.0,0.974458
6000.0,25.0,0.0
6000.0,26.0,0.617449
6000.0,27.0,0.755166
6000.0,28.0,0.0
6000.0,29.0,0.450484
6000.0,30.0,1.0
6000.0,31.0,0.551792
6000.0,32.0,0.0
6000.0,33.0,1.0
6000.0,34.0,0.626408
6000.0,35.0,0.186884
6000.0,36.0,0.290709
6001.0,0.0,1.0
6001.0,1.0,0.652199
6001.0,2.0,0.289043
6001.0,3.0,0.194155
6001.0,4.0,0.845373
6001.0,5.0,0.306067
6001.0,6.0,0.367203
6001.0,7.0,0.999581
6001.0,8.0,0.243963
6001.0,9.0,0.254769
6001.0,10.0,0.01285
6001.0,11.0,0.694175
6001.0,12.0,0.999766
6001.0,13.0,0.42487
6001.0,14.0,0.565943
6001.0,15.0,0.561402
6001.0,16.0,0.109785
6001.0,17.0,0.559166
6001.0,18.0,0.00097
6001.0,19.0,0.248945
6001.0,20.0,0.320526
6001.0,21.0,0.743358
6001.0,22.0,0.660957
6001.0,23.0,0.016392
6001.0,24.0,0.975894
6001.0,25.0,0.0
6001.0,26.0,0.62337
6001.0,27.0,0.756667
6001.0,28.0,0.0
6001.0,29.0,0.465736
6001.0,30.0,1.0
6001.0,31.0,0.554917
6001.0,32.0,0.0
6001.0,33.0,1.0
6001.0,34.0,0.629596
6001.0,35.0,0.197549
6001.0,36.0,0.314002
6002.0,0.0,1.0
6002.0,1.0,0.655695
6002.0,2.0,0.291433
6002.0,3.0,0.192804
6002.0,4.0,0.848518
6002.0,5.0,0.307783
6002.0,6.0,0.371351
6002.0,7.0,0.999578
6002.0,8.0,0.245886
6002.0,9.0,0.254991
6002.0,10.0,0.012842
6002.0,11.0,0.698779
6002.0,12.0,0.999773
6002.0,13.0,0.428252
6002.0,14.0,0.570805
6002.0,15.0,0.563686
6002.0,16.0,0.120132
6002.0,17.0,0.550515
6002.0,18.0,0.000942
6002.0,19.0,0.249409
6002.0,20.0,0.322823
6002.0,21.0,0.746925
6002.0,22.0,0.667653
6002.0,23.0,0.016485
6002.0,24.0,0.977278
6002.0,25.0,0.0
6002.0,26.0,0.630084
6002.0,27.0,0.757487
6002.0,28.0,0.0
6002.0,29.0,0.480919
6002.0,30.0,1.0
6002.0,31.0,0.55844
6002.0,32.0,0.0
6002.0,33.0,1.0
6002.0,34.0,0.634067
6002.0,35.0,0.209159
6002.0,36.0,0.336505
6003.0,0.0,1.0
6003.0,1.0,0.658583
6003.0,2.0,0.293776
6003.0,3.0,0.191827
6003.0,4.0,0.851681
6003.0,5.0,0.309083
6003.0,6.0,0.376005
6003.0,7.0,0.999593
6003.0,8.0,0.247932
6003.0,9.0,0.255453
6003.0,10.0,0.01286
6003.0,11.0,0.703777
6003.0,12.0,0.999784
6003.0,13.0,0.43139
6003.0,14.0,0.573822
6003.0,15.0,0.565945
6003.0,16.0,0.131489
6003.0,17.0,0.540767
6003.0,18.0,0.00099
6003.0,19.0,0.249934
6003.0,20.0,0.326226
6003.0,21.0,0.749755
6003.0,22.0,0.67374
6003.0,23.0,0.016626
6003.0,24.0,0.978717
6003.0,25.0,0.0
6003.0,26.0,0.636681
6003.0,27.0,0.758462
6003.0,28.0,0.0
6003.0,29.0,0.495678
6003.0,30.0,1.0
6003.0,31.0,0.561414
6003.0,32.0,0.0
6003.0,33.0,1.0
6003.0,34.0,0.63823
6003.0,35.0,0.221362
6003.0,36.0,0.35857
6004.0,0.0,1.0
6004.0,1.0,0.660827
6004.0,2.0,0.296374
6004.0,3.0,0.191524
6004.0,4.0,0.854718
6004.0,5.0,0.310756
6004.0,6.0,0.380154
6004.0,7.0,0.999645
6004.0,8.0,0.249097
6004.0,9.0,0.254992
6004.0,10.0,0.012717
6004.0,11.0,0.707673
6004.0,12.0,0.999772
6004.0,13.0,0.43505
6004.0,14.0,0.577567
6004.0,15.0,0.567806
6004.0,16.0,0.144006
6004.0,17.0,0.530773
6004.0,18.0,0.001073
6004.0,19.0,0.24961
6004.0,20.0,0.328404
6004.0,21.0,0.753429
6004.0,22.0,0.678973
6004.0,23.0,0.016661
6004.0,24.0,0.979813
6004.0,25.0,0.0
6004.0,26.0,0.642208
6004.0,27.0,0.760161
6004.0,28.0,0.0
6004.0,29.0,0.510897
6004.0,30.0,1.0
6004.0,31.0,0.564753
6004.0,32.0,0.0
6004.0,33.0,1.0
6004.0,34.0,0.640982
6004.0,35.0,0.234393
6004.0,36.0,0.379625
6005.0,0.0,1.0
6005.0,1.0,0.663915
6005.0,2.0,0.298448
6005.0,3.0,0.191006
6005.0,4.0,0.857345
6005.0,5.0,0.312342
6005.0,6.0,0.38361
6005.0,7.0,0.999669
6005.0,8.0,0.250785
6005.0,9.0,0.255909
6005.0,10.0,0.012889
6005.0,11.0,0.711826
6005.0,12.0,0.999764
6005.0,13.0,0.438274
6005.0,14.0,0.581346
6005.0,15.0,0.569748
6005.0,16.0,0.156888
6005.0,17.0,0.520018
6005.0,18.0,0.001082
6005.0,19.0,0.250433
6005.0,20.0,0.330984
6005.0,21.0,0.756673
6005.0,22.0,0.683698
6005.0,23.0,0.016734
6005.0,24.0,0.980983
6005.0,25.0,0.0
6005.0,26.0,0.649106
6005.0,27.0,0.761361
6005.0,28.0,0.0
6005.0,29.0,0.525794
6005.0,30.0,1.0
6005.0,31.0,0.567598
6005.0,32.0,0.0
6005.0,33.0,1.0
6005.0,34.0,0.643886
6005.0,35.0,0.246984
6005.0,36.0,0.400374
6006.0,0.0,1.0
6006.0,1.0,0.660716
6006.0,2.0,0.295705
6006.0,3.0,0.191223
6006.0,4.0,0.854895
6006.0,5.0,0.311226
6006.0,6.0,0.378833
6006.0,7.0,0.999664
6006.0,8.0,0.248945
6006.0,9.0,0.255449
6006.0,10.0,0.012936
6006.0,11.0,0.707314
6006.0,12.0,0.999788
6006.0,13.0,0.434182
6006.0,14.0,0.577155
6006.0,15.0,0.56684
6006.0,16.0,0.142893
6006.0,17.0,0.534254
6006.0,18.0,0.001117
6006.0,19.0,0.25052
6006.0,20.0,0.328104
6006.0,21.0,0.752972
6006.0,22.0,0.677386
6006.0,23.0,0.016777
6006.0,24.0,0.979743
6006.0,25.0,0.0
6006.0,26.0,0.643389
6006.0,27.0,0.760024
6006.0,28.0,0.0
6006.0,29.0,0.509162
6006.0,30.0,1.0
6006.0,31.0,0.564679
6006.0,32.0,0.0
6006.0,33.0,1.0
6006.0,34.0,0.640887
6006.0,35.0,0.232604
6006.0,36.0,0.376043
6007.0,0.0,1.0
6007.0,1.0,0.658542
6007.0,2.0,0.293173
6007.0,3.0,0.191799
6007.0,4.0,0.851419
6007.0,5.0,0.310175
6007.0,6.0,0.374646
6007.0,7.0,0.999663
6007.0,8.0,0.247245
6007.0,9.0,0.254883
6007.0,10.0,0.012978
6007.0,11.0,0.70194
6007.0,12.0,0.999785
6007.0,13.0,0.430678
6007.0,14.0,0.573565
6007.0,15.0,0.56413
6007.0,16.0,0.130172
6007.0,17.0,0.545458
6007.0,18.0,0.001126
6007.0,19.0,0.249614
6007.0,20.0,0.325061
6007.0,21.0,0.749209
6007.0,22.0,0.670733
6007.0,23.0,0.016761
6007.0,24.0,0.97879
6007.0,25.0,0.0
6007.0,26.0,0.637009
6007.0,27.0,0.759141
6007.0,28.0,0.0
6007.0,29.0,0.493202
6007.0,30.0,1.0
6007.0,31.0,0.561765
6007.0,32.0,0.0
6007.0,33.0,1.0
6007.0,34.0,0.637387
6007.0,35.0,0.219373
6007.0,36.0,0.353042
6008.0,0.0,1.0
6008.0,1.0,0.655459
6008.0,2.0,0.290991
6008.0,3.0,0.192724
6008.0,4.0,0.848591
6008.0,5.0,0.308248
6008.0,6.0,0.370302
6008.0,7.0,0.999661
6008.0,8.0,0.245222
6008.0,9.0,0.254882
6008.0,10.0,0.012953
6008.0,11.0,0.697666
6008.0,12.0,0.999801
6008.0,13.0,0.426908
6008.0,14.0,0.570304
6008.0,15.0,0.562591
6008.0,16.0,0.118656
6008.0,17.0,0.555086
6008.0,18.0,0.001116
6008.0,19.0,0.249069
6008.0,20.0,0.321929
6008.0,21.0,0.745614
6008.0,22.0,0.664841
6008.0,23.0,0.016825
6008.0,24.0,0.977636
6008.0,25.0,0.0
6008.0,26.0,0.630978
6008.0,27.0,0.757536
6008.0,28.0,0.0
6008.0,29.0,0.477946
6008.0,30.0,1.0
6008.0,31.0,0.557833
6008.0,32.0,0.0
6008.0,33.0,1.0
6008.0,34.0,0.634669
6008.0,35.0,0.207318
6008.0,36.0,0.331253
6009.0,0.0,1.0
6009.0,1.0,0.653001
6009.0,2.0,0.289073
6009.0,3.0,0.193187
6009.0,4.0,0.845212
6009.0,5.0,0.307198
6009.0,6.0,0.366603
6009.0,7.0,0.999651
6009.0,8.0,0.243257
6009.0,9.0,0.254818
6009.0,10.0,0.012956
6009.0,11.0,0.692845
6009.0,12.0,0.999797
6009.0,13.0,0.423676
6009.0,14.0,0.566353
6009.0,15.0,0.56092
6009.0,16.0,0.108562
6009.0,17.0,0.563194
6009.0,18.0,0.001154
6009.0,19.0,0.248909
6009.0,20.0,0.319023
6009.0,21.0,0.741781
6009.0,22.0,0.65879
6009.0,23.0,0.016712
6009.0,24.0,0.976315
6009.0,25.0,0.0
6009.0,26.0,0.62544
6009.0,27.0,0.756275
6009.0,28.0,0.0
6009.0,29.0,0.463417
6009.0,30.0,1.0
6009.0,31.0,0.555071
6009.0,32.0,0.0
6009.0,33.0,1.0
6009.0,34.0,0.631129
6009.0,35.0,0.196143
6009.0,36.0,0.309225
6010.0,0.0,1.0
6010.0,1.0,0.650165
6010.0,2.0,0.287089
6010.0,3.0,0.194116
6010.0,4.0,0.842115
6010.0,5.0,0.305884
6010.0,6.0,0.362408
6010.0,7.0,0.999651
6010.0,8.0,0.241473
6010.0,9.0,0.253853
6010.0,10.0,0.012971
6010.0,11.0,0.687775
6010.0,12.0,0.999791
6010.0,13.0,0.420854
6010.0,14.0,0.561311
6010.0,15.0,0.558246
6010.0,16.0,0.099323
6010.0,17.0,0.568844
6010.0,18.0,0.001136
6010.0,19.0,0.248537
6010.0,20.0,0.316777
6010.0,21.0,0.738043
6010.0,22.0,0.653114
6010.0,23.0,0.016678
6010.0,24.0,0.974798
6010.0,25.0,0.0
6010.0,26.0,0.61849
6010.0,27.0,0.754328
6010.0,28.0,0.0
6010.0,29.0,0.448625
6010.0,30.0,1.0
6010.0,31.0,0.55117
6010.0,32.0,0.0
6010.0,33.0,1.0
6010.0,34.0,0.627811
6010.0,35.0,0.185928
6010.0,36.0,0.289363
7000.0,0.0,1.0
7000.0,1.0,0.669712
7000.0,2.0,0.285088
7000.0,3.0,0.196416
7000.0,4.0,0.849322
7000.0,5.0,0.286665
7000.0,6.0,0.356351
7000.0,7.0,1.0
7000.0,8.0,0.230937
7000.0,9.0,0.254276
7000.0,10.0,0.009032
7000.0,11.0,0.686161
7000.0,12.0,1.0
7000.0,13.0,0.416619
7000.0,14.0,0.564965
7000.0,15.0,0.572313
7000.0,16.0,0.098751
7000.0,17.0,0.571855
7000.0,18.0,0.000712
7000.0,19.0,0.261824
7000.0,20.0,0.320702
7000.0,21.0,0.739726
7000.0,22.0,0.663168
7000.0,23.0,0.01332
7000.0,24.0,0.972486
7000.0,25.0,0.0
7000.0,26.0,0.613426
7000.0,27.0,0.75183
7000.0,28.0,0.0
7000.0,29.0,0.453896
7000.0,30.0,1.0
7000.0,31.0,0.543638
7000.0,32.0,0.0
7000.0,33.0,1.0
7000.0,34.0,0.626334
7000.0,35.0,0.190698
7000.0,36.0,0.290659
7001.0,0.0,1.0
7001.0,1.0,0.672829
7001.0,2.0,0.287644
7001.0,3.0,0.195812
7001.0,4.0,0.852709
7001.0,5.0,0.287604
7001.0,6.0,0.35993
7001.0,7.0,1.0
7001.0,8.0,0.23154
7001.0,9.0,0.255238
7001.0,10.0,0.009005
7001.0,11.0,0.691173
7001.0,12.0,1.0
7001.0,13.0,0.420612
7001.0,14.0,0.569694
7001.0,15.0,0.573837
7001.0,16.0,0.108008
7001.0,17.0,0.563073
7001.0,18.0,0.000741
7001.0,19.0,0.262438
7001.0,20.0,0.324072
7001.0,21.0,0.743122
7001.0,22.0,0.668832
7001.0,23.0,0.013517
7001.0,24.0,0.974093
7001.0,25.0,0.0
7001.0,26.0,0.620227
7001.0,27.0,0.752759
7001.0,28.0,0.0
7001.0,29.0,0.469407
7001.0,30.0,1.0
7001.0,31.0,0.546787
7001.0,32.0,0.0
7001.0,33.0,1.0
7001.0,34.0,0.629825
7001.0,35.0,0.202624
7001.0,36.0,0.314223
7002.0,0.0,1.0
7002.0,1.0,0.675744
7002.0,2.0,0.289379
7002.0,3.0,0.195385
7002.0,4.0,0.855788
7002.0,5.0,0.288833
7002.0,6.0,0.363883
7002.0,7.0,1.0
7002.0,8.0,0.233334
7002.0,9.0,0.255298
7002.0,10.0,0.008913
7002.0,11.0,0.696034
7002.0,12.0,1.0
7002.0,13.0,0.423932
7002.0,14.0,0.573566
7002.0,15.0,0.575584
7002.0,16.0,0.118984
7002.0,17.0,0.553728
7002.0,18.0,0.000802
7002.0,19.0,0.262469
7002.0,20.0,0.326234
7002.0,21.0,0.747007
7002.0,22.0,0.675501
7002.0,23.0,0.013735
7002.0,24.0,0.975699
7002.0,25.0,0.0
7002.0,26.0,0.626331
7002.0,27.0,0.754819
7002.0,28.0,0.0
7002.0,29.0,0.484269
7002.0,30.0,1.0
7002.0,31.0,0.550893
7002.0,32.0,0.0
7002.0,33.0,1.0
7002.0,34.0,0.633971
7002.0,35.0,0.214829
7002.0,36.0,0.337273
7003.0,0.0,1.0
7003.0,1.0,0.678131
7003.0,2.0,0.292441
7003.0,3.0,0.195411
7003.0,4.0,0.859302
7003.0,5.0,0.289926
7003.0,6.0,0.368278
7003.0,7.0,1.0
7003.0,8.0,0.234354
7003.0,9.0,0.256075
7003.0,10.0,0.008947
7003.0,11.0,0.700708
7003.0,12.0,1.0
7003.0,13.0,0.427652
7003.0,14.0,0.576978
7003.0,15.0,0.578397
7003.0,16.0,0.130473
7003.0,17.0,0.543668
7003.0,18.0,0.000788
7003.0,19.0,0.263359
7003.0,20.0,0.329561
7003.0,21.0,0.750613
7003.0,22.0,0.681727
7003.0,23.0,0.013787
7003.0,24.0,0.977115
7003.0,25.0,0.0
7003.0,26.0,0.633145
7003.0,27.0,0.757022
7003.0,28.0,0.0
7003.0,29.0,0.499653
7003.0,30.0,1.0
7003.0,31.0,0.554154
7003.0,32.0,0.0
7003.0,33.0,1.0
7003.0,34.0,0.637664
7003.0,35.0,0.227366
7003.0,36.0,0.358889
7004.0,0.0,1.0
7004.0,1.0,0.681113
7004.0,2.0,0.294598
7004.0,3.0,0.196295
7004.0,4.0,0.862143
7004.0,5.0,0.291495
7004.0,6.0,0.37199
7004.0,7.0,1.0
7004.0,8.0,0.235375
7004.0,9.0,0.257048
7004.0,10.0,0.00906
7004.0,11.0,0.705684
7004.0,12.0,1.0
7004.0,13.0,0.430699
7004.0,14.0,0.580838
7004.0,15.0,0.581437
7004.0,16.0,0.14232
7004.0,17.0,0.533356
7004.0,18.0,0.000843
7004.0,19.0,0.264422
7004.0,20.0,0.331803
7004.0,21.0,0.75415
7004.0,22.0,0.687004
7004.0,23.0,0.013914
7004.0,24.0,0.978471
7004.0,25.0,0.0
7004.0,26.0,0.638822
7004.0,27.0,0.758168
7004.0,28.0,0.0
7004.0,29.0,0.514949
7004.0,30.0,1.0
7004.0,31.0,0.557665
7004.0,32.0,0.0
7004.0,33.0,1.0
7004.0,34.0,0.640549
7004.0,35.0,0.240516
7004.0,36.0,0.379998
7005.0,0.0,1.0
7005.0,1.0,0.6836
7005.0,2.0,0.297012
7005.0,3.0,0.196839
7005.0,4.0,0.865395
7005.0,5.0,0.292919
7005.0,6.0,0.376448
7005.0,7.0,1.0
7005.0,8.0,0.236541
7005.0,9.0,0.257382
7005.0,10.0,0.009244
7005.0,11.0,0.709837
7005.0,12.0,1.0
7005.0,13.0,0.434386
7005.0,14.0,0.585167
7005.0,15.0,0.582363
7005.0,16.0,0.155362
7005.0,17.0,0.522478
7005.0,18.0,0.000822
7005.0,19.0,0.264914
7005.0,20.0,0.334938
7005.0,21.0,0.757875
7005.0,22.0,0.692478
7005.0,23.0,0.013972
7005.0,24.0,0.979556
7005.0,25.0,0.0
7005.0,26.0,0.645688
7005.0,27.0,0.759832
7005.0,28.0,0.0
7005.0,29.0,0.529809
7005.0,30.0,1.0
7005.0,31.0,0.561876
7005.0,32.0,0.0
7005.0,33.0,1.0
7005.0,34.0,0.643738
7005.0,35.0,0.253779
7005.0,36.0,0.400547
7006.0,0.0,1.0
7006.0,1.0,0.680732
7006.0,2.0,0.294448
7006.0,3.0,0.196387
7006.0,4.0,0.863004
7006.0,5.0,0.292615
7006.0,6.0,0.371922
7006.0,7.0,1.0
7006.0,8.0,0.234812
7006.0,9.0,0.256384
7006.0,10.0,0.009281
7006.0,11.0,0.705006
7006.0,12.0,1.0
7006.0,13.0,0.431905
7006.0,14.0,0.58155
7006.0,15.0,0.580134
7006.0,16.0,0.14148
7006.0,17.0,0.535857
7006.0,18.0,0.000858
7006.0,19.0,0.263427
7006.0,20.0,0.331267
7006.0,21.0,0.754622
7006.0,22.0,0.686476
7006.0,23.0,0.013691
7006.0,24.0,0.978465
7006.0,25.0,0.0
7006.0,26.0,0.639854
7006.0,27.0,0.758128
7006.0,28.0,0.0
7006.0,29.0,0.514238
7006.0,30.0,1.0
7006.0,31.0,0.557982
7006.0,32.0,0.0
7006.0,33.0,1.0
7006.0,34.0,0.640697
7006.0,35.0,0.238979
7006.0,36.0,0.37742
7007.0,0.0,1.0
7007.0,1.0,0.677525
7007.0,2.0,0.292074
7007.0,3.0,0.196233
7007.0,4.0,0.85938
7007.0,5.0,0.291596
7007.0,6.0,0.367908
7007.0,7.0,1.0
7007.0,8.0,0.233114
7007.0,9.0,0.255613
7007.0,10.0,0.009126
7007.0,11.0,0.700329
7007.0,12.0,1.0
7007.0,13.0,0.428143
7007.0,14.0,0.577566
7007.0,15.0,0.577573
7007.0,16.0,0.129065
7007.0,17.0,0.548357
7007.0,18.0,0.000858
7007.0,19.0,0.263475
7007.0,20.0,0.327884
7007.0,21.0,0.751288
7007.0,22.0,0.680431
7007.0,23.0,0.013729
7007.0,24.0,0.977027
7007.0,25.0,0.0
7007.0,26.0,0.633061
7007.0,27.0,0.757154
7007.0,28.0,0.0
7007.0,29.0,0.498036
7007.0,30.0,1.0
7007.0,31.0,0.555496
7007.0,32.0,0.0
7007.0,33.0,1.0
7007.0,34.0,0.637368
7007.0,35.0,0.225665
7007.0,36.0,0.354185
7008.0,0.0,1.0
7008.0,1.0,0.675277
7008.0,2.0,0.289444
7008.0,3.0,0.196201
7008.0,4.0,0.85684
7008.0,5.0,0.290463
7008.0,6.0,0.363942
7008.0,7.0,1.0
7008.0,8.0,0.230507
7008.0,9.0,0.254746
7008.0,10.0,0.009079
7008.0,11.0,0.695512
7008.0,12.0,1.0
7008.0,13.0,0.424097
7008.0,14.0,0.574208
7008.0,15.0,0.575814
7008.0,16.0,0.117446
7008.0,17.0,0.55703
7008.0,18.0,0.000863
7008.0,19.0,0.262747
7008.0,20.0,0.324926
7008.0,21.0,0.747941
7008.0,22.0,0.673788
7008.0,23.0,0.013562
7008.0,24.0,0.975602
7008.0,25.0,0.0
7008.0,26.0,0.626623
7008.0,27.0,0.755883
7008.0,28.0,0.0
7008.0,29.0,0.482107
7008.0,30.0,1.0
7008.0,31.0,0.552208
7008.0,32.0,0.0
7008.0,33.0,1.0
7008.0,34.0,0.634009
7008.0,35.0,0.213259
7008.0,36.0,0.333031
7009.0,0.0,1.0
7009.0,1.0,0.672378
7009.0,2.0,0.286811
7009.0,3.0,0.196749
7009.0,4.0,0.853865
7009.0,5.0,0.290122
7009.0,6.0,0.359815
7009.0,7.0,1.0
7009.0,8.0,0.228402
7009.0,9.0,0.253607
7009.0,10.0,0.009127
7009.0,11.0,0.690302
7009.0,12.0,1.0
7009.0,13.0,0.420934
7009.0,14.0,0.570192
7009.0,15.0,0.573292
7009.0,16.0,0.10726
7009.0,17.0,0.56463
7009.0,18.0,0.000861
7009.0,19.0,0.261998
7009.0,20.0,0.321934
7009.0,21.0,0.744155
7009.0,22.0,0.667702
7009.0,23.0,0.013594
7009.0,24.0,0.973918
7009.0,25.0,0.0
7009.0,26.0,0.61996
7009.0,27.0,0.753738
7009.0,28.0,0.0
7009.0,29.0,0.466083
7009.0,30.0,1.0
7009.0,31.0,0.547661
7009.0,32.0,0.0
7009.0,33.0,1.0
7009.0,34.0,0.631238
7009.0,35.0,0.201557
7009.0,36.0,0.311692
7010.0,0.0,1.0
7010.0,1.0,0.669455
7010.0,2.0,0.284507
7010.0,3.0,0.197043
7010.0,4.0,0.850542
7010.0,5.0,0.289261
7010.0,6.0,0.355385
7010.0,7.0,1.0
7010.0,8.0,0.22772
7010.0,9.0,0.252933
7010.0,10.0,0.009145
7010.0,11.0,0.685691
7010.0,12.0,1.0
7010.0,13.0,0.418174
7010.0,14.0,0.566049
7010.0,15.0,0.570557
7010.0,16.0,0.098353
7010.0,17.0,0.570544
7010.0,18.0,0.000812
7010.0,19.0,0.261981
7010.0,20.0,0.319161
7010.0,21.0,0.7407
7010.0,22.0,0.661735
7010.0,23.0,0.013454
7010.0,24.0,0.972223
7010.0,25.0,0.0
7010.0,26.0,0.61237
7010.0,27.0,0.753114
7010.0,28.0,0.0
7010.0,29.0,0.451378
7010.0,30.0,1.0
7010.0,31.0,0.544765
7010.0,32.0,0.0
7010.0,33.0,1.0
7010.0,34.0,0.627616
7010.0,35.0,0.190726
7010.0,36.0,0.291397
8000.0,0.0,1.0
8000.0,1.0,0.657526
8000.0,2.0,0.279359
8000.0,3.0,0.192431
8000.0,4.0,0.861602
8000.0,5.0,0.257905
8000.0,6.0,0.362343
8000.0,7.0,1.0
8000.0,8.0,0.237412
8000.0,9.0,0.254025
8000.0,10.0,0.00627
8000.0,11.0,0.66637
8000.0,12.0,1.0
8000.0,13.0,0.416721
8000.0,14.0,0.58226
8000.0,15.0,0.564927
8000.0,16.0,0.093549
8000.0,17.0,0.570218
8000.0,18.0,0.000287
8000.0,19.0,0.257803
8000.0,20.0,0.320499
8000.0,21.0,0.740951
8000.0,22.0,0.65719
8000.0,23.0,0.008023
8000.0,24.0,0.972461
8000.0,25.0,0.0
8000.0,26.0,0.612002
8000.0,27.0,0.764448
8000.0,28.0,0.0
8000.0,29.0,0.452053
8000.0,30.0,1.0
8000.0,31.0,0.5486
8000.0,32.0,0.0
8000.0,33.0,1.0
8000.0,34.0,0.606706
8000.0,35.0,0.186947
8000.0,36.0,0.296616
8001.0,0.0,1.0
8001.0,1.0,0.66024
8001.0,2.0,0.281124
8001.0,3.0,0.19139
8001.0,4.0,0.864823
8001.0,5.0,0.259502
8001.0,6.0,0.366966
8001.0,7.0,1.0
8001.0,8.0,0.238303
8001.0,9.0,0.255289
8001.0,10.0,0.00624
8001.0,11.0,0.67191
8001.0,12.0,1.0
8001.0,13.0,0.419776
8001.0,14.0,0.586068
8001.0,15.0,0.56736
8001.0,16.0,0.102873
8001.0,17.0,0.560397
8001.0,18.0,0.000299
8001.0,19.0,0.257939
8001.0,20.0,0.323233
8001.0,21.0,0.744341
8001.0,22.0,0.663609
8001.0,23.0,0.007914
8001.0,24.0,0.973991
8001.0,25.0,0.0
8001.0,26.0,0.618943
8001.0,27.0,0.765887
8001.0,28.0,0.0
8001.0,29.0,0.467647
8001.0,30.0,1.0
8001.0,31.0,0.551382
8001.0,32.0,0.0
8001.0,33.0,1.0
8001.0,34.0,0.610872
8001.0,35.0,0.198194
8001.0,36.0,0.320297
8002.0,0.0,1.0
8002.0,1.0,0.662203
8002.0,2.0,0.282798
8002.0,3.0,0.190683
8002.0,4.0,0.867518
8002.0,5.0,0.260878
8002.0,6.0,0.37167
8002.0,7.0,1.0
8002.0,8.0,0.240401
8002.0,9.0,0.256034
8002.0,10.0,0.006269
8002.0,11.0,0.676924
8002.0,12.0,1.0
8002.0,13.0,0.423075
8002.0,14.0,0.59101
8002.0,15.0,0.570272
8002.0,16.0,0.113041
8002.0,17.0,0.550505
8002.0,18.0,0.000314
8002.0,19.0,0.258456
8002.0,20.0,0.325757
8002.0,21.0,0.747843
8002.0,22.0,0.670088
8002.0,23.0,0.007936
8002.0,24.0,0.97564
8002.0,25.0,0.0
8002.0,26.0,0.62534
8002.0,27.0,0.765887
8002.0,28.0,0.0
8002.0,29.0,0.483048
8002.0,30.0,1.0
8002.0,31.0,0.554093
8002.0,32.0,0.0
8002.0,33.0,1.0
8002.0,34.0,0.614866
8002.0,35.0,0.209809
8002.0,36.0,0.342885
8003.0,0.0,1.0
8003.0,1.0,0.665818
8003.0,2.0,0.284795
8003.0,3.0,0.190059
8003.0,4.0,0.870304
8003.0,5.0,0.26178
8003.0,6.0,0.375142
8003.0,7.0,1.0
8003.0,8.0,0.241895
8003.0,9.0,0.256699
8003.0,10.0,0.006262
8003.0,11.0,0.682079
8003.0,12.0,1.0
8003.0,13.0,0.425936
8003.0,14.0,0.596
8003.0,15.0,0.572937
8003.0,16.0,0.123636
8003.0,17.0,0.540299
8003.0,18.0,0.0003
8003.0,19.0,0.259118
8003.0,20.0,0.327995
8003.0,21.0,0.750714
8003.0,22.0,0.676512
8003.0,23.0,0.007922
8003.0,24.0,0.976872
8003.0,25.0,0.0
8003.0,26.0,0.631488
8003.0,27.0,0.766526
8003.0,28.0,0.0
8003.0,29.0,0.49817
8003.0,30.0,1.0
8003.0,31.0,0.557506
8003.0,32.0,0.0
8003.0,33.0,1.0
8003.0,34.0,0.618471
8003.0,35.0,0.221964
8003.0,36.0,0.36496
8004.0,0.0,1.0
8004.0,1.0,0.668271
8004.0,2.0,0.287306
8004.0,3.0,0.190687
8004.0,4.0,0.872666
8004.0,5.0,0.263189
8004.0,6.0,0.378614
8004.0,7.0,1.0
8004.0,8.0,0.242436
8004.0,9.0,0.256879
8004.0,10.0,0.006297
8004.0,11.0,0.687897
8004.0,12.0,1.0
8004.0,13.0,0.429081
8004.0,14.0,0.599288
8004.0,15.0,0.574954
8004.0,16.0,0.135733
8004.0,17.0,0.529988
8004.0,18.0,0.000299
8004.0,19.0,0.26025
8004.0,20.0,0.330414
8004.0,21.0,0.754377
8004.0,22.0,0.682451
8004.0,23.0,0.008061
8004.0,24.0,0.978156
8004.0,25.0,0.0
8004.0,26.0,0.637233
8004.0,27.0,0.767428
8004.0,28.0,0.0
8004.0,29.0,0.512877
8004.0,30.0,1.0
8004.0,31.0,0.561219
8004.0,32.0,0.0
8004.0,33.0,1.0
8004.0,34.0,0.62193
8004.0,35.0,0.234188
8004.0,36.0,0.385675
8005.0,0.0,1.0
8005.0,1.0,0.670722
8005.0,2.0,0.289355
8005.0,3.0,0.19148
8005.0,4.0,0.875489
8005.0,5.0,0.264167
8005.0,6.0,0.382879
8005.0,7.0,1.0
8005.0,8.0,0.243867
8005.0,9.0,0.257656
8005.0,10.0,0.006373
8005.0,11.0,0.692866
8005.0,12.0,1.0
8005.0,13.0,0.432443
8005.0,14.0,0.602064
8005.0,15.0,0.57733
8005.0,16.0,0.148682
8005.0,17.0,0.518684
8005.0,18.0,0.000287
8005.0,19.0,0.261134
8005.0,20.0,0.332728
8005.0,21.0,0.756513
8005.0,22.0,0.68836
8005.0,23.0,0.0082
8005.0,24.0,0.979317
8005.0,25.0,0.0
8005.0,26.0,0.643767
8005.0,27.0,0.768165
8005.0,28.0,0.0
8005.0,29.0,0.527218
8005.0,30.0,1.0
8005.0,31.0,0.564573
8005.0,32.0,0.0
8005.0,33.0,1.0
8005.0,34.0,0.625011
8005.0,35.0,0.246489
8005.0,36.0,0.406393
8006.0,0.0,1.0
8006.0,1.0,0.667192
8006.0,2.0,0.28704
8006.0,3.0,0.191453
8006.0,4.0,0.872821
8006.0,5.0,0.263663
8006.0,6.0,0.37788
8006.0,7.0,1.0
8006.0,8.0,0.241682
8006.0,9.0,0.257394
8006.0,10.0,0.006446
8006.0,11.0,0.688324
8006.0,12.0,1.0
8006.0,13.0,0.429655
8006.0,14.0,0.598799
8006.0,15.0,0.574961
8006.0,16.0,0.135939
8006.0,17.0,0.533593
8006.0,18.0,0.000259
8006.0,19.0,0.260456
8006.0,20.0,0.329568
8006.0,21.0,0.752247
8006.0,22.0,0.681682
8006.0,23.0,0.008266
8006.0,24.0,0.9781
8006.0,25.0,0.0
8006.0,26.0,0.638945
8006.0,27.0,0.767501
8006.0,28.0,0.0
8006.0,29.0,0.511598
8006.0,30.0,1.0
8006.0,31.0,0.561209
8006.0,32.0,0.0
8006.0,33.0,1.0
8006.0,34.0,0.621646
8006.0,35.0,0.232034
8006.0,36.0,0.382021
8007.0,0.0,1.0
8007.0,1.0,0.663633
8007.0,2.0,0.284795
8007.0,3.0,0.191224
8007.0,4.0,0.870105
8007.0,5.0,0.262533
8007.0,6.0,0.374072
8007.0,7.0,1.0
8007.0,8.0,0.239359
8007.0,9.0,0.256686
8007.0,10.0,0.006445
8007.0,11.0,0.683773
8007.0,12.0,1.0
8007.0,13.0,0.426292
8007.0,14.0,0.595522
8007.0,15.0,0.573215
8007.0,16.0,0.123956
8007.0,17.0,0.546017
8007.0,18.0,0.000236
8007.0,19.0,0.260062
8007.0,20.0,0.32707
8007.0,21.0,0.748514
8007.0,22.0,0.675485
8007.0,23.0,0.008286
8007.0,24.0,0.976722
8007.0,25.0,0.0
8007.0,26.0,0.631905
8007.0,27.0,0.765894
8007.0,28.0,0.0
8007.0,29.0,0.495832
8007.0,30.0,1.0
8007.0,31.0,0.558512
8007.0,32.0,0.0
8007.0,33.0,1.0
8007.0,34.0,0.618849
8007.0,35.0,0.218971
8007.0,36.0,0.358748
8008.0,0.0,1.0
8008.0,1.0,0.660428
8008.0,2.0,0.282603
8008.0,3.0,0.191371
8008.0,4.0,0.867629
8008.0,5.0,0.261464
8008.0,6.0,0.36933
8008.0,7.0,1.0
8008.0,8.0,0.237777
8008.0,9.0,0.257477
8008.0,10.0,0.006403
8008.0,11.0,0.678247
8008.0,12.0,1.0
8008.0,13.0,0.421782
8008.0,14.0,0.592083
8008.0,15.0,0.57006
8008.0,16.0,0.112918
8008.0,17.0,0.557043
8008.0,18.0,0.000236
8008.0,19.0,0.259805
8008.0,20.0,0.32389
8008.0,21.0,0.745379
8008.0,22.0,0.670556
8008.0,23.0,0.008198
8008.0,24.0,0.975188
8008.0,25.0,0.0
8008.0,26.0,0.626036
8008.0,27.0,0.764457
8008.0,28.0,0.0
8008.0,29.0,0.47919
8008.0,30.0,1.0
8008.0,31.0,0.553782
8008.0,32.0,0.0
8008.0,33.0,1.0
8008.0,34.0,0.615409
8008.0,35.0,0.207399
8008.0,36.0,0.33593
8009.0,0.0,1.0
8009.0,1.0,0.657514
8009.0,2.0,0.279199
8009.0,3.0,0.192083
8009.0,4.0,0.864606
8009.0,5.0,0.261123
8009.0,6.0,0.364768
8009.0,7.0,1.0
8009.0,8.0,0.236077
8009.0,9.0,0.257071
8009.0,10.0,0.006373
8009.0,11.0,0.673739
8009.0,12.0,1.0
8009.0,13.0,0.418969
8009.0,14.0,0.588269
8009.0,15.0,0.567168
8009.0,16.0,0.103269
8009.0,17.0,0.566008
8009.0,18.0,0.000217
8009.0,19.0,0.26006
8009.0,20.0,0.322367
8009.0,21.0,0.742278
8009.0,22.0,0.664324
8009.0,23.0,0.008215
8009.0,24.0,0.973918
8009.0,25.0,0.0
8009.0,26.0,0.62002
8009.0,27.0,0.763165
8009.0,28.0,0.0
8009.0,29.0,0.463818
8009.0,30.0,1.0
8009.0,31.0,0.550153
8009.0,32.0,0.0
8009.0,33.0,1.0
8009.0,34.0,0.612524
8009.0,35.0,0.196088
8009.0,36.0,0.31451
8010.0,0.0,1.0
8010.0,1.0,0.654408
8010.0,2.0,0.276897
8010.0,3.0,0.192752
8010.0,4.0,0.861122
8010.0,5.0,0.260073
8010.0,6.0,0.360711
8010.0,7.0,1.0
8010.0,8.0,0.23397
8010.0,9.0,0.255742
8010.0,10.0,0.006261
8010.0,11.0,0.66879
8010.0,12.0,1.0
8010.0,13.0,0.414906
8010.0,14.0,0.584963
8010.0,15.0,0.565377
8010.0,16.0,0.09422
8010.0,17.0,0.572903
8010.0,18.0,0.000232
8010.0,19.0,0.259788
8010.0,20.0,0.318999
8010.0,21.0,0.739645
8010.0,22.0,0.658774
8010.0,23.0,0.008345
8010.0,24.0,0.972093
8010.0,25.0,0.0
8010.0,26.0,0.612908
8010.0,27.0,0.761794
8010.0,28.0,0.0
8010.0,29.0,0.449027
8010.0,30.0,1.0
8010.0,31.0,0.546671
8010.0,32.0,0.0
8010.0,33.0,1.0
8010.0,34.0,0.608599
8010.0,35.0,0.185936
8010.0,36.0,0.293682
9000.0,0.0,1.0
9000.0,1.0,0.66841
9000.0,2.0,0.277527
9000.0,3.0,0.192399
9000.0,4.0,0.852618
9000.0,5.0,0.249565
9000.0,6.0,0.365968
9000.0,7.0,1.0
9000.0,8.0,0.228203
9000.0,9.0,0.231849
9000.0,10.0,0.007965
9000.0,11.0,0.680974
9000.0,12.0,1.0
9000.0,13.0,0.409168
9000.0,14.0,0.562508
9000.0,15.0,0.556734
9000.0,16.0,0.098786
9000.0,17.0,0.577814
9000.0,18.0,0.000608
9000.0,19.0,0.271148
9000.0,20.0,0.319679
9000.0,21.0,0.735196
9000.0,22.0,0.651396
9000.0,23.0,0.009453
9000.0,24.0,0.973377
9000.0,25.0,0.0
9000.0,26.0,0.62133
9000.0,27.0,0.742536
9000.0,28.0,0.0
9000.0,29.0,0.452962
9000.0,30.0,1.0
9000.0,31.0,0.555476
9000.0,32.0,0.0
9000.0,33.0,1.0
9000.0,34.0,0.618247
9000.0,35.0,0.187928
9000.0,36.0,0.29306
9001.0,0.0,1.0
9001.0,1.0,0.671341
9001.0,2.0,0.280687
9001.0,3.0,0.191989
9001.0,4.0,0.855787
9001.0,5.0,0.250428
9001.0,6.0,0.370704
9001.0,7.0,1.0
9001.0,8.0,0.230005
9001.0,9.0,0.232393
9001.0,10.0,0.008118
9001.0,11.0,0.686245
9001.0,12.0,1.0
9001.0,13.0,0.411996
9001.0,14.0,0.566643
9001.0,15.0,0.559022
9001.0,16.0,0.108628
9001.0,17.0,0.568419
9001.0,18.0,0.00057
9001.0,19.0,0.271521
9001.0,20.0,0.322741
9001.0,21.0,0.739253
9001.0,22.0,0.65777
9001.0,23.0,0.009526
9001.0,24.0,0.974945
9001.0,25.0,0.0
9001.0,26.0,0.628188
9001.0,27.0,0.743663
9001.0,28.0,0.0
9001.0,29.0,0.467411
9001.0,30.0,1.0
9001.0,31.0,0.559138
9001.0,32.0,0.0
9001.0,33.0,1.0
9001.0,34.0,0.621538
9001.0,35.0,0.199509
9001.0,36.0,0.316393
9002.0,0.0,1.0
9002.0,1.0,0.673725
9002.0,2.0,0.284154
9002.0,3.0,0.191885
9002.0,4.0,0.858857
9002.0,5.0,0.251934
9002.0,6.0,0.375582
9002.0,7.0,1.0
9002.0,8.0,0.231267
9002.0,9.0,0.232393
9002.0,10.0,0.008167
9002.0,11.0,0.691542
9002.0,12.0,1.0
9002.0,13.0,0.414304
9002.0,14.0,0.570584
9002.0,15.0,0.562371
9002.0,16.0,0.119134
9002.0,17.0,0.558137
9002.0,18.0,0.000557
9002.0,19.0,0.271694
9002.0,20.0,0.325479
9002.0,21.0,0.742598
9002.0,22.0,0.663421
9002.0,23.0,0.009338
9002.0,24.0,0.976263
9002.0,25.0,0.0
9002.0,26.0,0.634543
9002.0,27.0,0.744847
9002.0,28.0,0.0
9002.0,29.0,0.483581
9002.0,30.0,1.0
9002.0,31.0,0.56316
9002.0,32.0,0.0
9002.0,33.0,1.0
9002.0,34.0,0.6253
9002.0,35.0,0.210599
9002.0,36.0,0.339407
9003.0,0.0,1.0
9003.0,1.0,0.67621
9003.0,2.0,0.286353
9003.0,3.0,0.191874
9003.0,4.0,0.861796
9003.0,5.0,0.253791
9003.0,6.0,0.380183
9003.0,7.0,1.0
9003.0,8.0,0.233109
9003.0,9.0,0.233444
9003.0,10.0,0.008085
9003.0,11.0,0.696502
9003.0,12.0,1.0
9003.0,13.0,0.417819
9003.0,14.0,0.57362
9003.0,15.0,0.564376
9003.0,16.0,0.130247
9003.0,17.0,0.546932
9003.0,18.0,0.000572
9003.0,19.0,0.27153
9003.0,20.0,0.327994
9003.0,21.0,0.746712
9003.0,22.0,0.669767
9003.0,23.0,0.009293
9003.0,24.0,0.977435
9003.0,25.0,0.0
9003.0,26.0,0.639861
9003.0,27.0,0.746111
9003.0,28.0,0.0
9003.0,29.0,0.499575
9003.0,30.0,1.0
9003.0,31.0,0.5668
9003.0,32.0,0.0
9003.0,33.0,1.0
9003.0,34.0,0.629143
9003.0,35.0,0.222939
9003.0,36.0,0.361782
9004.0,0.0,1.0
9004.0,1.0,0.679138
9004.0,2.0,0.28848
9004.0,3.0,0.191873
9004.0,4.0,0.863818
9004.0,5.0,0.255128
9004.0,6.0,0.384268
9004.0,7.0,1.0
9004.0,8.0,0.2348
9004.0,9.0,0.23408
9004.0,10.0,0.008015
9004.0,11.0,0.700979
9004.0,12.0,1.0
9004.0,13.0,0.420821
9004.0,14.0,0.57648
9004.0,15.0,0.566622
9004.0,16.0,0.142403
9004.0,17.0,0.536475
9004.0,18.0,0.00062
9004.0,19.0,0.272103
9004.0,20.0,0.330753
9004.0,21.0,0.749887
9004.0,22.0,0.675135
9004.0,23.0,0.009379
9004.0,24.0,0.978762
9004.0,25.0,0.0
9004.0,26.0,0.645234
9004.0,27.0,0.747176
9004.0,28.0,0.0
9004.0,29.0,0.514421
9004.0,30.0,1.0
9004.0,31.0,0.569132
9004.0,32.0,0.0
9004.0,33.0,1.0
9004.0,34.0,0.632154
9004.0,35.0,0.235614
9004.0,36.0,0.382724
9005.0,0.0,1.0
9005.0,1.0,0.682416
9005.0,2.0,0.290569
9005.0,3.0,0.192544
9005.0,4.0,0.867002
9005.0,5.0,0.255968
9005.0,6.0,0.389263
9005.0,7.0,1.0
9005.0,8.0,0.236237
9005.0,9.0,0.234777
9005.0,10.0,0.007888
9005.0,11.0,0.705071
9005.0,12.0,1.0
9005.0,13.0,0.423704
9005.0,14.0,0.580038
9005.0,15.0,0.568895
9005.0,16.0,0.155971
9005.0,17.0,0.525234
9005.0,18.0,0.000656
9005.0,19.0,0.272
9005.0,20.0,0.333318
9005.0,21.0,0.753401
9005.0,22.0,0.681251
9005.0,23.0,0.009347
9005.0,24.0,0.980242
9005.0,25.0,0.0
9005.0,26.0,0.650924
9005.0,27.0,0.748927
9005.0,28.0,0.0
9005.0,29.0,0.529578
9005.0,30.0,1.0
9005.0,31.0,0.571918
9005.0,32.0,0.0
9005.0,33.0,1.0
9005.0,34.0,0.635651
9005.0,35.0,0.248381
9005.0,36.0,0.402976
9006.0,0.0,1.0
9006.0,1.0,0.679143
9006.0,2.0,0.289088
9006.0,3.0,0.192126
9006.0,4.0,0.863821
9006.0,5.0,0.255061
9006.0,6.0,0.385219
9006.0,7.0,1.0
9006.0,8.0,0.233656
9006.0,9.0,0.234064
9006.0,10.0,0.00791
9006.0,11.0,0.700088
9006.0,12.0,1.0
9006.0,13.0,0.419915
9006.0,14.0,0.576202
9006.0,15.0,0.567012
9006.0,16.0,0.142011
9006.0,17.0,0.538914
9006.0,18.0,0.000636
9006.0,19.0,0.272074
9006.0,20.0,0.329934
9006.0,21.0,0.749502
9006.0,22.0,0.674569
9006.0,23.0,0.009291
9006.0,24.0,0.979156
9006.0,25.0,0.0
9006.0,26.0,0.645759
9006.0,27.0,0.747059
9006.0,28.0,0.0
9006.0,29.0,0.513766
9006.0,30.0,1.0
9006.0,31.0,0.569371
9006.0,32.0,0.0
9006.0,33.0,1.0
9006.0,34.0,0.632732
9006.0,35.0,0.233947
9006.0,36.0,0.38018
9007.0,0.0,1.0
9007.0,1.0,0.676048
9007.0,2.0,0.286855
9007.0,3.0,0.192386
9007.0,4.0,0.860901
9007.0,5.0,0.254052
9007.0,6.0,0.380269
9007.0,7.0,1.0
9007.0,8.0,0.232709
9007.0,9.0,0.233598
9007.0,10.0,0.007989
9007.0,11.0,0.694324
9007.0,12.0,1.0
9007.0,13.0,0.417067
9007.0,14.0,0.57324
9007.0,15.0,0.563824
9007.0,16.0,0.128871
9007.0,17.0,0.551799
9007.0,18.0,0.000628
9007.0,19.0,0.27155
9007.0,20.0,0.327387
9007.0,21.0,0.74553
9007.0,22.0,0.668056
9007.0,23.0,0.009197
9007.0,24.0,0.977785
9007.0,25.0,0.0
9007.0,26.0,0.639733
9007.0,27.0,0.746477
9007.0,28.0,0.0
9007.0,29.0,0.498004
9007.0,30.0,1.0
9007.0,31.0,0.565696
9007.0,32.0,0.0
9007.0,33.0,1.0
9007.0,34.0,0.630266
9007.0,35.0,0.220823
9007.0,36.0,0.357292
9008.0,0.0,1.0
9008.0,1.0,0.673006
9008.0,2.0,0.284377
9008.0,3.0,0.192355
9008.0,4.0,0.858271
9008.0,5.0,0.252224
9008.0,6.0,0.375288
9008.0,7.0,1.0
9008.0,8.0,0.230986
9008.0,9.0,0.23272
9008.0,10.0,0.007918
9008.0,11.0,0.689141
9008.0,12.0,1.0
9008.0,13.0,0.414437
9008.0,14.0,0.569685
9008.0,15.0,0.560965
9008.0,16.0,0.117033
9008.0,17.0,0.562281
9008.0,18.0,0.000632
9008.0,19.0,0.270827
9008.0,20.0,0.324846
9008.0,21.0,0.7415
9008.0,22.0,0.66152
9008.0,23.0,0.009377
9008.0,24.0,0.976474
9008.0,25.0,0.0
9008.0,26.0,0.632778
9008.0,27.0,0.744835
9008.0,28.0,0.0
9008.0,29.0,0.483395
9008.0,30.0,1.0
9008.0,31.0,0.563095
9008.0,32.0,0.0
9008.0,33.0,1.0
9008.0,34.0,0.627095
9008.0,35.0,0.208391
9008.0,36.0,0.335789
9009.0,0.0,1.0
9009.0,1.0,0.6698
9009.0,2.0,0.282548
9009.0,3.0,0.193383
9009.0,4.0,0.855548
9009.0,5.0,0.250727
9009.0,6.0,0.370475
9009.0,7.0,1.0
9009.0,8.0,0.229457
9009.0,9.0,0.232993
9009.0,10.0,0.007927
9009.0,11.0,0.683975
9009.0,12.0,1.0
9009.0,13.0,0.411591
9009.0,14.0,0.565415
9009.0,15.0,0.558494
9009.0,16.0,0.106788
9009.0,17.0,0.571152
9009.0,18.0,0.000659
9009.0,19.0,0.269697
9009.0,20.0,0.322755
9009.0,21.0,0.737789
9009.0,22.0,0.655447
9009.0,23.0,0.009524
9009.0,24.0,0.975104
9009.0,25.0,0.0
9009.0,26.0,0.62668
9009.0,27.0,0.743061
9009.0,28.0,0.0
9009.0,29.0,0.46794
9009.0,30.0,1.0
9009.0,31.0,0.559495
9009.0,32.0,0.0
9009.0,33.0,1.0
9009.0,34.0,0.623361
9009.0,35.0,0.196976
9009.0,36.0,0.3145
9010.0,0.0,1.0
9010.0,1.0,0.667636
9010.0,2.0,0.280503
9010.0,3.0,0.194064
9010.0,4.0,0.853078
9010.0,5.0,0.250123
9010.0,6.0,0.366504
9010.0,7.0,1.0
9010.0,8.0,0.227413
9010.0,9.0,0.232278
9010.0,10.0,0.007982
9010.0,11.0,0.679681
9010.0,12.0,1.0
9010.0,13.0,0.408315
9010.0,14.0,0.561929
9010.0,15.0,0.556145
9010.0,16.0,0.097655
9010.0,17.0,0.57771
9010.0,18.0,0.00062
9010.0,19.0,0.268084
9010.0,20.0,0.320189
9010.0,21.0,0.733327
9010.0,22.0,0.648976
9010.0,23.0,0.009581
9010.0,24.0,0.973314
9010.0,25.0,0.0
9010.0,26.0,0.620363
9010.0,27.0,0.741697
9010.0,28.0,0.0
9010.0,29.0,0.45365
9010.0,30.0,1.0
9010.0,31.0,0.555765
9010.0,32.0,0.0
9010.0,33.0,1.0
9010.0,34.0,0.619112
9010.0,35.0,0.186875
9010.0,36.0,0.294846
10000.0,0.0,1.0
10000.0,1.0,0.662738
10000.0,2.0,0.294014
10000.0,3.0,0.18761
10000.0,4.0,0.856175
10000.0,5.0,0.224327
10000.0,6.0,0.362689
10000.0,7.0,1.0
10000.0,8.0,0.229814
10000.0,9.0,0.225525
10000.0,10.0,0.012229
10000.0,11.0,0.686298
10000.0,12.0,1.0
10000.0,13.0,0.413108
10000.0,14.0,0.592308
10000.0,15.0,0.567481
10000.0,16.0,0.09678
10000.0,17.0,0.575227
10000.0,18.0,0.000152
10000.0,19.0,0.251382
10000.0,20.0,0.316254
10000.0,21.0,0.73224
10000.0,22.0,0.65317
10000.0,23.0,0.013872
10000.0,24.0,0.966963
10000.0,25.0,0.0
10000.0,26.0,0.617946
10000.0,27.0,0.770538
10000.0,28.0,0.0
10000.0,29.0,0.456553
10000.0,30.0,1.0
10000.0,31.0,0.552712
10000.0,32.0,0.0
10000.0,33.0,1.0
10000.0,34.0,0.619849
10000.0,35.0,0.186232
10000.0,36.0,0.293071
10001.0,0.0,1.0
10001.0,1.0,0.664871
10001.0,2.0,0.296121
10001.0,3.0,0.187008
10001.0,4.0,0.858434
10001.0,5.0,0.22499
10001.0,6.0,0.367444
10001.0,7.0,1.0
10001.0,8.0,0.231756
10001.0,9.0,0.226329
10001.0,10.0,0.012294
10001.0,11.0,0.691799
10001.0,12.0,1.0
10001.0,13.0,0.417208
10001.0,14.0,0.59567
10001.0,15.0,0.569508
10001.0,16.0,0.106466
10001.0,17.0,0.567161
10001.0,18.0,0.000159
10001.0,19.0,0.252668
10001.0,20.0,0.318641
10001.0,21.0,0.736031
10001.0,22.0,0.659796
10001.0,23.0,0.013771
10001.0,24.0,0.968755
10001.0,25.0,0.0
10001.0,26.0,0.623858
10001.0,27.0,0.772192
10001.0,28.0,0.0
10001.0,29.0,0.472949
10001.0,30.0,1.0
10001.0,31.0,0.55627
10001.0,32.0,0.0
10001.0,33.0,1.0
10001.0,34.0,0.623695
10001.0,35.0,0.197265
10001.0,36.0,0.315666
10002.0,0.0,1.0
10002.0,1.0,0.667842
10002.0,2.0,0.298772
10002.0,3.0,0.186922
10002.0,4.0,0.860802
10002.0,5.0,0.226334
10002.0,6.0,0.371683
10002.0,7.0,1.0
10002.0,8.0,0.232663
10002.0,9.0,0.22722
10002.0,10.0,0.01232
10002.0,11.0,0.69648
10002.0,12.0,1.0
10002.0,13.0,0.41892
10002.0,14.0,0.599832
10002.0,15.0,0.571781
10002.0,16.0,0.116365
10002.0,17.0,0.556648
10002.0,18.0,0.000158
10002.0,19.0,0.252531
10002.0,20.0,0.321309
10002.0,21.0,0.73922
10002.0,22.0,0.666242
10002.0,23.0,0.013847
10002.0,24.0,0.970402
10002.0,25.0,0.0
10002.0,26.0,0.630494
10002.0,27.0,0.773541
10002.0,28.0,0.0
10002.0,29.0,0.487353
10002.0,30.0,1.0
10002.0,31.0,0.558586
10002.0,32.0,0.0
10002.0,33.0,1.0
10002.0,34.0,0.627662
10002.0,35.0,0.208111
10002.0,36.0,0.338726
10003.0,0.0,1.0
10003.0,1.0,0.670211
10003.0,2.0,0.300718
10003.0,3.0,0.187515
10003.0,4.0,0.864049
10003.0,5.0,0.227839
10003.0,6.0,0.376319
10003.0,7.0,1.0
10003.0,8.0,0.23383
10003.0,9.0,0.228389
10003.0,10.0,0.012371
10003.0,11.0,0.701193
10003.0,12.0,1.0
10003.0,13.0,0.422721
10003.0,14.0,0.604084
10003.0,15.0,0.573631
10003.0,16.0,0.127084
10003.0,17.0,0.546092
10003.0,18.0,0.00015
10003.0,19.0,0.253077
10003.0,20.0,0.324524
10003.0,21.0,0.743194
10003.0,22.0,0.672955
10003.0,23.0,0.013678
10003.0,24.0,0.972451
10003.0,25.0,0.0
10003.0,26.0,0.637004
10003.0,27.0,0.775187
10003.0,28.0,0.0
10003.0,29.0,0.502872
10003.0,30.0,1.0
10003.0,31.0,0.561537
10003.0,32.0,0.0
10003.0,33.0,1.0
10003.0,34.0,0.630526
10003.0,35.0,0.219946
10003.0,36.0,0.361363
10004.0,0.0,1.0
10004.0,1.0,0.673153
10004.0,2.0,0.303997
10004.0,3.0,0.187948
10004.0,4.0,0.866769
10004.0,5.0,0.229423
10004.0,6.0,0.381032
10004.0,7.0,1.0
10004.0,8.0,0.23533
10004.0,9.0,0.229209
10004.0,10.0,0.012554
10004.0,11.0,0.705684
10004.0,12.0,1.0
10004.0,13.0,0.426511
10004.0,14.0,0.606842
10004.0,15.0,0.576211
10004.0,16.0,0.139526
10004.0,17.0,0.535529
10004.0,18.0,0.000163
10004.0,19.0,0.252133
10004.0,20.0,0.327303
10004.0,21.0,0.746933
10004.0,22.0,0.678369
10004.0,23.0,0.013539
10004.0,24.0,0.974236
10004.0,25.0,0.0
10004.0,26.0,0.643877
10004.0,27.0,0.776437
10004.0,28.0,0.0
10004.0,29.0,0.517378
10004.0,30.0,1.0
10004.0,31.0,0.564656
10004.0,32.0,0.0
10004.0,33.0,1.0
10004.0,34.0,0.633972
10004.0,35.0,0.232002
10004.0,36.0,0.382351
10005.0,0.0,1.0
10005.0,1.0,0.675372
10005.0,2.0,0.306259
10005.0,3.0,0.189231
10005.0,4.0,0.869802
10005.0,5.0,0.231039
10005.0,6.0,0.385063
10005.0,7.0,1.0
10005.0,8.0,0.23686
10005.0,9.0,0.229611
10005.0,10.0,0.012568
10005.0,11.0,0.710028
10005.0,12.0,1.0
10005.0,13.0,0.42962
10005.0,14.0,0.61071
10005.0,15.0,0.578055
10005.0,16.0,0.152447
10005.0,17.0,0.524195
10005.0,18.0,0.000187
10005.0,19.0,0.252394
10005.0,20.0,0.329632
10005.0,21.0,0.749764
10005.0,22.0,0.684594
10005.0,23.0,0.01353
10005.0,24.0,0.975336
10005.0,25.0,0.0
10005.0,26.0,0.649047
10005.0,27.0,0.777461
10005.0,28.0,0.0
10005.0,29.0,0.532221
10005.0,30.0,1.0
10005.0,31.0,0.567563
10005.0,32.0,0.0
10005.0,33.0,1.0
10005.0,34.0,0.637044
10005.0,35.0,0.244721
10005.0,36.0,0.402454
10006.0,0.0,1.0
10006.0,1.0,0.67275
10006.0,2.0,0.304106
10006.0,3.0,0.188298
10006.0,4.0,0.867681
10006.0,5.0,0.229574
10006.0,6.0,0.379776
10006.0,7.0,1.0
10006.0,8.0,0.235207
10006.0,9.0,0.22893
10006.0,10.0,0.012544
10006.0,11.0,0.704961
10006.0,12.0,1.0
10006.0,13.0,0.426389
10006.0,14.0,0.607862
10006.0,15.0,0.576343
10006.0,16.0,0.1388
10006.0,17.0,0.537779
10006.0,18.0,0.0002
10006.0,19.0,0.251976
10006.0,20.0,0.32757
10006.0,21.0,0.746708
10006.0,22.0,0.678393
10006.0,23.0,0.013537
10006.0,24.0,0.973913
10006.0,25.0,0.0
10006.0,26.0,0.642765
10006.0,27.0,0.775696
10006.0,28.0,0.0
10006.0,29.0,0.516294
10006.0,30.0,1.0
10006.0,31.0,0.565178
10006.0,32.0,0.0
10006.0,33.0,1.0
10006.0,34.0,0.632684
10006.0,35.0,0.230773
10006.0,36.0,0.379011
10007.0,0.0,1.0
10007.0,1.0,0.669964
10007.0,2.0,0.301245
10007.0,3.0,0.187868
10007.0,4.0,0.865
10007.0,5.0,0.228053
10007.0,6.0,0.375426
10007.0,7.0,1.0
10007.0,8.0,0.233912
10007.0,9.0,0.228535
10007.0,10.0,0.012482
10007.0,11.0,0.699924
10007.0,12.0,1.0
10007.0,13.0,0.422687
10007.0,14.0,0.605192
10007.0,15.0,0.573882
10007.0,16.0,0.126642
10007.0,17.0,0.549849
10007.0,18.0,0.000188
10007.0,19.0,0.250893
10007.0,20.0,0.325376
10007.0,21.0,0.743471
10007.0,22.0,0.672937
10007.0,23.0,0.013652
10007.0,24.0,0.972339
10007.0,25.0,0.0
10007.0,26.0,0.635816
10007.0,27.0,0.773665
10007.0,28.0,0.0
10007.0,29.0,0.500452
10007.0,30.0,1.0
10007.0,31.0,0.561345
10007.0,32.0,0.0
10007.0,33.0,1.0
10007.0,34.0,0.628845
10007.0,35.0,0.218263
10007.0,36.0,0.356231
10008.0,0.0,1.0
10008.0,1.0,0.666839
10008.0,2.0,0.298549
10008.0,3.0,0.187501
10008.0,4.0,0.8613
10008.0,5.0,0.226876
10008.0,6.0,0.370678
10008.0,7.0,1.0
10008.0,8.0,0.232929
10008.0,9.0,0.228062
10008.0,10.0,0.012666
10008.0,11.0,0.694746
10008.0,12.0,1.0
10008.0,13.0,0.420628
10008.0,14.0,0.601441
10008.0,15.0,0.571056
10008.0,16.0,0.11526
10008.0,17.0,0.560242
10008.0,18.0,0.000187
10008.0,19.0,0.250088
10008.0,20.0,0.322524
10008.0,21.0,0.739558
10008.0,22.0,0.667441
10008.0,23.0,0.013568
10008.0,24.0,0.970513
10008.0,25.0,0.0
10008.0,26.0,0.629165
10008.0,27.0,0.77209
10008.0,28.0,0.0
10008.0,29.0,0.485628
10008.0,30.0,1.0
10008.0,31.0,0.558448
10008.0,32.0,0.0
10008.0,33.0,1.0
10008.0,34.0,0.625447
10008.0,35.0,0.206151
10008.0,36.0,0.334307
10009.0,0.0,1.0
10009.0,1.0,0.663965
10009.0,2.0,0.295516
10009.0,3.0,0.187455
10009.0,4.0,0.858799
10009.0,5.0,0.225283
10009.0,6.0,0.366747
10009.0,7.0,1.0
10009.0,8.0,0.231359
10009.0,9.0,0.22719
10009.0,10.0,0.01257
10009.0,11.0,0.689158
10009.0,12.0,1.0
10009.0,13.0,0.41699
10009.0,14.0,0.598023
10009.0,15.0,0.56893
10009.0,16.0,0.10537
10009.0,17.0,0.568194
10009.0,18.0,0.000177
10009.0,19.0,0.249426
10009.0,20.0,0.320078
10009.0,21.0,0.73562
10009.0,22.0,0.661476
10009.0,23.0,0.013612
10009.0,24.0,0.968742
10009.0,25.0,0.0
10009.0,26.0,0.623295
10009.0,27.0,0.770225
10009.0,28.0,0.0
10009.0,29.0,0.470561
10009.0,30.0,1.0
10009.0,31.0,0.556109
10009.0,32.0,0.0
10009.0,33.0,1.0
10009.0,34.0,0.621372
10009.0,35.0,0.195586
10009.0,36.0,0.313423
10010.0,0.0,1.0
10010.0,1.0,0.660406
10010.0,2.0,0.292908
10010.0,3.0,0.187695
10010.0,4.0,0.85557
10010.0,5.0,0.22373
10010.0,6.0,0.363112
10010.0,7.0,1.0
10010.0,8.0,0.229644
10010.0,9.0,0.225826
10010.0,10.0,0.012444
10010.0,11.0,0.684656
10010.0,12.0,1.0
10010.0,13.0,0.413875
10010.0,14.0,0.594534
10010.0,15.0,0.566318
10010.0,16.0,0.096259
10010.0,17.0,0.574436
10010.0,18.0,0.000176
10010.0,19.0,0.247885
10010.0,20.0,0.317866
10010.0,21.0,0.731702
10010.0,22.0,0.655849
10010.0,23.0,0.01367
10010.0,24.0,0.966769
10010.0,25.0,0.0
10010.0,26.0,0.61686
10010.0,27.0,0.770194
10010.0,28.0,0.0
10010.0,29.0,0.456285
10010.0,30.0,1.0
10010.0,31.0,0.552023
10010.0,32.0,0.0
10010.0,33.0,1.0
10010.0,34.0,0.617377
10010.0,35.0,0.184856
10010.0,36.0,0.293213
