FREQUENCIES 
Gen,mut_id,mut_freq
1.0,0.0,0.5
1.0,1.0,0.5
1.0,2.0,0.5
1.0,3.0,0.5
1.0,4.0,0.5
1.0,5.0,0.5
1.0,6.0,0.5
1.0,7.0,0.5
1.0,8.0,0.5
1.0,9.0,0.5
1.0,10.0,0.5
1.0,11.0,0.5
1.0,12.0,0.5
1.0,13.0,0.5
1.0,14.0,0.5
1.0,15.0,0.5
1.0,16.0,0.5
1.0,17.0,0.5
1.0,18.0,0.5
1.0,19.0,0.5
1.0,20.0,0.5
1.0,21.0,0.5
1.0,22.0,0.5
1.0,23.0,0.5
1.0,24.0,0.5
1.0,25.0,0.5
1.0,26.0,0.5
1.0,27.0,0.5
1.0,28.0,0.5
1.0,29.0,0.5
1.0,30.0,0.5
1.0,31.0,0.5
1.0,32.0,0.5
1.0,33.0,0.5
1.0,34.0,0.5
1.0,35.0,0.5
1.0,36.0,0.5
1000.0,0.0,0.242174
1000.0,1.0,0.085092
1000.0,2.0,0.493121
1000.0,3.0,0.825817
1000.0,4.0,0.005834
1000.0,5.0,0.117039
1000.0,6.0,0.359958
1000.0,7.0,0.755836
1000.0,8.0,0.680039
1000.0,9.0,0.52349
1000.0,10.0,0.683536
1000.0,11.0,0.974798
1000.0,12.0,0.443122
1000.0,13.0,0.375442
1000.0,14.0,0.450908
1000.0,15.0,0.541486
1000.0,16.0,0.256746
1000.0,17.0,0.656991
1000.0,18.0,0.998128
1000.0,19.0,0.426995
1000.0,20.0,0.72385
1000.0,21.0,0.975519
1000.0,22.0,0.455701
1000.0,23.0,0.072964
1000.0,24.0,0.269018
1000.0,25.0,0.35632
1000.0,26.0,0.571942
1000.0,27.0,0.550344
1000.0,28.0,0.0
1000.0,29.0,0.316711
1000.0,30.0,0.580972
1000.0,31.0,0.016147
1000.0,32.0,0.468135
1000.0,33.0,0.997363
1000.0,34.0,0.399646
1000.0,35.0,0.429364
1000.0,36.0,0.971396
1001.0,0.0,0.255538
1001.0,1.0,0.086872
1001.0,2.0,0.499598
1001.0,3.0,0.829939
1001.0,4.0,0.00672
1001.0,5.0,0.118815
1001.0,6.0,0.364739
1001.0,7.0,0.769645
1001.0,8.0,0.687038
1001.0,9.0,0.526234
1001.0,10.0,0.684983
1001.0,11.0,0.975512
1001.0,12.0,0.445984
1001.0,13.0,0.412262
1001.0,14.0,0.465583
1001.0,15.0,0.551273
1001.0,16.0,0.26567
1001.0,17.0,0.667035
1001.0,18.0,0.998275
1001.0,19.0,0.429698
1001.0,20.0,0.728482
1001.0,21.0,0.975836
1001.0,22.0,0.457297
1001.0,23.0,0.073429
1001.0,24.0,0.276236
1001.0,25.0,0.357025
1001.0,26.0,0.575892
1001.0,27.0,0.552001
1001.0,28.0,0.0
1001.0,29.0,0.318108
1001.0,30.0,0.585695
1001.0,31.0,0.016595
1001.0,32.0,0.487276
1001.0,33.0,0.997541
1001.0,34.0,0.410892
1001.0,35.0,0.439885
1001.0,36.0,0.972051
1002.0,0.0,0.268733
1002.0,1.0,0.088701
1002.0,2.0,0.506074
1002.0,3.0,0.833962
1002.0,4.0,0.007678
1002.0,5.0,0.120145
1002.0,6.0,0.369588
1002.0,7.0,0.782389
1002.0,8.0,0.694059
1002.0,9.0,0.528635
1002.0,10.0,0.686001
1002.0,11.0,0.976126
1002.0,12.0,0.448895
1002.0,13.0,0.447857
1002.0,14.0,0.479373
1002.0,15.0,0.560975
1002.0,16.0,0.274402
1002.0,17.0,0.67634
1002.0,18.0,0.998448
1002.0,19.0,0.433392
1002.0,20.0,0.733745
1002.0,21.0,0.976051
1002.0,22.0,0.459001
1002.0,23.0,0.073852
1002.0,24.0,0.283327
1002.0,25.0,0.35787
1002.0,26.0,0.580175
1002.0,27.0,0.553064
1002.0,28.0,0.0
1002.0,29.0,0.318367
1002.0,30.0,0.591191
1002.0,31.0,0.016842
1002.0,32.0,0.505552
1002.0,33.0,0.997795
1002.0,34.0,0.422559
1002.0,35.0,0.450014
1002.0,36.0,0.972586
1003.0,0.0,0.281461
1003.0,1.0,0.090404
1003.0,2.0,0.512941
1003.0,3.0,0.837811
1003.0,4.0,0.008809
1003.0,5.0,0.121733
1003.0,6.0,0.374205
1003.0,7.0,0.793461
1003.0,8.0,0.699907
1003.0,9.0,0.531419
1003.0,10.0,0.686935
1003.0,11.0,0.976713
1003.0,12.0,0.450906
1003.0,13.0,0.481488
1003.0,14.0,0.494102
1003.0,15.0,0.570603
1003.0,16.0,0.283359
1003.0,17.0,0.684917
1003.0,18.0,0.998534
1003.0,19.0,0.43666
1003.0,20.0,0.738072
1003.0,21.0,0.976332
1003.0,22.0,0.461122
1003.0,23.0,0.073927
1003.0,24.0,0.289707
1003.0,25.0,0.358935
1003.0,26.0,0.583502
1003.0,27.0,0.55421
1003.0,28.0,0.0
1003.0,29.0,0.318484
1003.0,30.0,0.596205
1003.0,31.0,0.017159
1003.0,32.0,0.523651
1003.0,33.0,0.997912
1003.0,34.0,0.434888
1003.0,35.0,0.459937
1003.0,36.0,0.973299
1004.0,0.0,0.294547
1004.0,1.0,0.092661
1004.0,2.0,0.519143
1004.0,3.0,0.841575
1004.0,4.0,0.009814
1004.0,5.0,0.123666
1004.0,6.0,0.378791
1004.0,7.0,0.804295
1004.0,8.0,0.706679
1004.0,9.0,0.533804
1004.0,10.0,0.68759
1004.0,11.0,0.977084
1004.0,12.0,0.452789
1004.0,13.0,0.513589
1004.0,14.0,0.508084
1004.0,15.0,0.579272
1004.0,16.0,0.292
1004.0,17.0,0.693967
1004.0,18.0,0.99859
1004.0,19.0,0.440727
1004.0,20.0,0.74281
1004.0,21.0,0.976514
1004.0,22.0,0.46211
1004.0,23.0,0.074654
1004.0,24.0,0.295934
1004.0,25.0,0.359416
1004.0,26.0,0.586711
1004.0,27.0,0.554878
1004.0,28.0,0.0
1004.0,29.0,0.318873
1004.0,30.0,0.600174
1004.0,31.0,0.01764
1004.0,32.0,0.539488
1004.0,33.0,0.998127
1004.0,34.0,0.44668
1004.0,35.0,0.46954
1004.0,36.0,0.974239
1005.0,0.0,0.307912
1005.0,1.0,0.094401
1005.0,2.0,0.52556
1005.0,3.0,0.845062
1005.0,4.0,0.011059
1005.0,5.0,0.125559
1005.0,6.0,0.382895
1005.0,7.0,0.81414
1005.0,8.0,0.712613
1005.0,9.0,0.535812
1005.0,10.0,0.68778
1005.0,11.0,0.977655
1005.0,12.0,0.455373
1005.0,13.0,0.543692
1005.0,14.0,0.521858
1005.0,15.0,0.588235
1005.0,16.0,0.301104
1005.0,17.0,0.702207
1005.0,18.0,0.998659
1005.0,19.0,0.443833
1005.0,20.0,0.746638
1005.0,21.0,0.976555
1005.0,22.0,0.463244
1005.0,23.0,0.074895
1005.0,24.0,0.30196
1005.0,25.0,0.360529
1005.0,26.0,0.590407
1005.0,27.0,0.555944
1005.0,28.0,0.0
1005.0,29.0,0.319072
1005.0,30.0,0.604323
1005.0,31.0,0.01811
1005.0,32.0,0.553684
1005.0,33.0,0.998294
1005.0,34.0,0.457854
1005.0,35.0,0.479555
1005.0,36.0,0.974504
1006.0,0.0,0.294878
1006.0,1.0,0.092063
1006.0,2.0,0.519465
1006.0,3.0,0.842381
1006.0,4.0,0.009659
1006.0,5.0,0.123278
1006.0,6.0,0.378075
1006.0,7.0,0.803325
1006.0,8.0,0.705115
1006.0,9.0,0.533635
1006.0,10.0,0.68751
1006.0,11.0,0.977055
1006.0,12.0,0.451343
1006.0,13.0,0.508861
1006.0,14.0,0.507372
1006.0,15.0,0.578706
1006.0,16.0,0.291625
1006.0,17.0,0.693891
1006.0,18.0,0.998493
1006.0,19.0,0.440064
1006.0,20.0,0.742459
1006.0,21.0,0.976364
1006.0,22.0,0.461964
1006.0,23.0,0.073463
1006.0,24.0,0.294481
1006.0,25.0,0.358298
1006.0,26.0,0.588179
1006.0,27.0,0.554923
1006.0,28.0,0.0
1006.0,29.0,0.319097
1006.0,30.0,0.600322
1006.0,31.0,0.017394
1006.0,32.0,0.536083
1006.0,33.0,0.998237
1006.0,34.0,0.445721
1006.0,35.0,0.468952
1006.0,36.0,0.973739
1007.0,0.0,0.28065
1007.0,1.0,0.089744
1007.0,2.0,0.51295
1007.0,3.0,0.839518
1007.0,4.0,0.008341
1007.0,5.0,0.121383
1007.0,6.0,0.373012
1007.0,7.0,0.792007
1007.0,8.0,0.699385
1007.0,9.0,0.531255
1007.0,10.0,0.686589
1007.0,11.0,0.976598
1007.0,12.0,0.447926
1007.0,13.0,0.473815
1007.0,14.0,0.491922
1007.0,15.0,0.569969
1007.0,16.0,0.283128
1007.0,17.0,0.686414
1007.0,18.0,0.998376
1007.0,19.0,0.435745
1007.0,20.0,0.738154
1007.0,21.0,0.976296
1007.0,22.0,0.460909
1007.0,23.0,0.072449
1007.0,24.0,0.288083
1007.0,25.0,0.356779
1007.0,26.0,0.585822
1007.0,27.0,0.553876
1007.0,28.0,0.0
1007.0,29.0,0.318486
1007.0,30.0,0.595698
1007.0,31.0,0.017018
1007.0,32.0,0.519102
1007.0,33.0,0.998109
1007.0,34.0,0.432651
1007.0,35.0,0.458217
1007.0,36.0,0.973089
1008.0,0.0,0.267334
1008.0,1.0,0.087397
1008.0,2.0,0.506395
1008.0,3.0,0.836256
1008.0,4.0,0.007091
1008.0,5.0,0.11902
1008.0,6.0,0.367714
1008.0,7.0,0.779781
1008.0,8.0,0.693668
1008.0,9.0,0.528439
1008.0,10.0,0.686027
1008.0,11.0,0.975999
1008.0,12.0,0.444294
1008.0,13.0,0.439717
1008.0,14.0,0.477901
1008.0,15.0,0.560287
1008.0,16.0,0.274463
1008.0,17.0,0.677018
1008.0,18.0,0.998281
1008.0,19.0,0.431975
1008.0,20.0,0.734376
1008.0,21.0,0.976005
1008.0,22.0,0.458775
1008.0,23.0,0.071753
1008.0,24.0,0.28209
1008.0,25.0,0.355144
1008.0,26.0,0.582399
1008.0,27.0,0.553015
1008.0,28.0,0.0
1008.0,29.0,0.317599
1008.0,30.0,0.591004
1008.0,31.0,0.016408
1008.0,32.0,0.502135
1008.0,33.0,0.998024
1008.0,34.0,0.420876
1008.0,35.0,0.448095
1008.0,36.0,0.972777
1009.0,0.0,0.254849
1009.0,1.0,0.085771
1009.0,2.0,0.500173
1009.0,3.0,0.832868
1009.0,4.0,0.006218
1009.0,5.0,0.11704
1009.0,6.0,0.363106
1009.0,7.0,0.76689
1009.0,8.0,0.687154
1009.0,9.0,0.526814
1009.0,10.0,0.685703
1009.0,11.0,0.975344
1009.0,12.0,0.441898
1009.0,13.0,0.407205
1009.0,14.0,0.464425
1009.0,15.0,0.549959
1009.0,16.0,0.266254
1009.0,17.0,0.667032
1009.0,18.0,0.998167
1009.0,19.0,0.428589
1009.0,20.0,0.730614
1009.0,21.0,0.975969
1009.0,22.0,0.45705
1009.0,23.0,0.071083
1009.0,24.0,0.275113
1009.0,25.0,0.354675
1009.0,26.0,0.578702
1009.0,27.0,0.551598
1009.0,28.0,0.0
1009.0,29.0,0.316473
1009.0,30.0,0.586763
1009.0,31.0,0.015896
1009.0,32.0,0.484415
1009.0,33.0,0.997869
1009.0,34.0,0.409175
1009.0,35.0,0.43738
1009.0,36.0,0.972605
1010.0,0.0,0.243229
1010.0,1.0,0.083458
1010.0,2.0,0.493967
1010.0,3.0,0.829379
1010.0,4.0,0.005441
1010.0,5.0,0.115224
1010.0,6.0,0.358159
1010.0,7.0,0.754917
1010.0,8.0,0.680864
1010.0,9.0,0.523853
1010.0,10.0,0.684511
1010.0,11.0,0.974771
1010.0,12.0,0.439823
1010.0,13.0,0.37584
1010.0,14.0,0.450854
1010.0,15.0,0.540518
1010.0,16.0,0.257867
1010.0,17.0,0.657507
1010.0,18.0,0.997987
1010.0,19.0,0.424722
1010.0,20.0,0.726531
1010.0,21.0,0.975852
1010.0,22.0,0.455026
1010.0,23.0,0.070428
1010.0,24.0,0.268875
1010.0,25.0,0.353132
1010.0,26.0,0.575692
1010.0,27.0,0.549157
1010.0,28.0,0.0
1010.0,29.0,0.314941
1010.0,30.0,0.582725
1010.0,31.0,0.015679
1010.0,32.0,0.466726
1010.0,33.0,0.997712
1010.0,34.0,0.398605
1010.0,35.0,0.427184
1010.0,36.0,0.972134
2000.0,0.0,0.239337
2000.0,1.0,0.052909
2000.0,2.0,0.493138
2000.0,3.0,0.831341
2000.0,4.0,0.000105
2000.0,5.0,0.119138
2000.0,6.0,0.367171
2000.0,7.0,0.7566
2000.0,8.0,0.671841
2000.0,9.0,0.58522
2000.0,10.0,0.693374
2000.0,11.0,0.990945
2000.0,12.0,0.427366
2000.0,13.0,0.371678
2000.0,14.0,0.450272
2000.0,15.0,0.531283
2000.0,16.0,0.25798
2000.0,17.0,0.666024
2000.0,18.0,1.0
2000.0,19.0,0.429096
2000.0,20.0,0.9232
2000.0,21.0,0.997253
2000.0,22.0,0.432821
2000.0,23.0,0.008694
2000.0,24.0,0.166932
2000.0,25.0,0.282218
2000.0,26.0,0.573224
2000.0,27.0,0.580007
2000.0,28.0,0.0
2000.0,29.0,0.340152
2000.0,30.0,0.615193
2000.0,31.0,0.001681
2000.0,32.0,0.471405
2000.0,33.0,1.0
2000.0,34.0,0.387932
2000.0,35.0,0.432553
2000.0,36.0,0.998829
2001.0,0.0,0.251904
2001.0,1.0,0.05404
2001.0,2.0,0.499319
2001.0,3.0,0.835854
2001.0,4.0,0.00013
2001.0,5.0,0.121265
2001.0,6.0,0.37066
2001.0,7.0,0.769527
2001.0,8.0,0.678296
2001.0,9.0,0.587582
2001.0,10.0,0.693758
2001.0,11.0,0.99115
2001.0,12.0,0.429258
2001.0,13.0,0.409593
2001.0,14.0,0.465693
2001.0,15.0,0.541121
2001.0,16.0,0.267386
2001.0,17.0,0.675419
2001.0,18.0,1.0
2001.0,19.0,0.433415
2001.0,20.0,0.925117
2001.0,21.0,0.997271
2001.0,22.0,0.434195
2001.0,23.0,0.008716
2001.0,24.0,0.172171
2001.0,25.0,0.284138
2001.0,26.0,0.577294
2001.0,27.0,0.581672
2001.0,28.0,0.0
2001.0,29.0,0.337354
2001.0,30.0,0.618955
2001.0,31.0,0.001711
2001.0,32.0,0.489175
2001.0,33.0,1.0
2001.0,34.0,0.399415
2001.0,35.0,0.442393
2001.0,36.0,0.998844
2002.0,0.0,0.265209
2002.0,1.0,0.055223
2002.0,2.0,0.505667
2002.0,3.0,0.839653
2002.0,4.0,0.000138
2002.0,5.0,0.123613
2002.0,6.0,0.373953
2002.0,7.0,0.780878
2002.0,8.0,0.685591
2002.0,9.0,0.589498
2002.0,10.0,0.695173
2002.0,11.0,0.991479
2002.0,12.0,0.432387
2002.0,13.0,0.445672
2002.0,14.0,0.47961
2002.0,15.0,0.551282
2002.0,16.0,0.276266
2002.0,17.0,0.684522
2002.0,18.0,1.0
2002.0,19.0,0.436975
2002.0,20.0,0.927257
2002.0,21.0,0.99737
2002.0,22.0,0.435992
2002.0,23.0,0.008722
2002.0,24.0,0.177703
2002.0,25.0,0.285184
2002.0,26.0,0.581317
2002.0,27.0,0.582549
2002.0,28.0,0.0
2002.0,29.0,0.334399
2002.0,30.0,0.623552
2002.0,31.0,0.001816
2002.0,32.0,0.505604
2002.0,33.0,1.0
2002.0,34.0,0.411394
2002.0,35.0,0.452629
2002.0,36.0,0.998865
2003.0,0.0,0.278764
2003.0,1.0,0.056345
2003.0,2.0,0.512149
2003.0,3.0,0.843149
2003.0,4.0,0.000159
2003.0,5.0,0.125925
2003.0,6.0,0.377588
2003.0,7.0,0.793028
2003.0,8.0,0.693106
2003.0,9.0,0.591893
2003.0,10.0,0.696017
2003.0,11.0,0.991696
2003.0,12.0,0.435192
2003.0,13.0,0.479685
2003.0,14.0,0.493444
2003.0,15.0,0.560901
2003.0,16.0,0.285425
2003.0,17.0,0.693521
2003.0,18.0,1.0
2003.0,19.0,0.440529
2003.0,20.0,0.929406
2003.0,21.0,0.997345
2003.0,22.0,0.436486
2003.0,23.0,0.008873
2003.0,24.0,0.183055
2003.0,25.0,0.286109
2003.0,26.0,0.585553
2003.0,27.0,0.583337
2003.0,28.0,0.0
2003.0,29.0,0.331371
2003.0,30.0,0.629146
2003.0,31.0,0.001917
2003.0,32.0,0.520787
2003.0,33.0,1.0
2003.0,34.0,0.422282
2003.0,35.0,0.463905
2003.0,36.0,0.998953
2004.0,0.0,0.29191
2004.0,1.0,0.058204
2004.0,2.0,0.51854
2004.0,3.0,0.846753
2004.0,4.0,0.000185
2004.0,5.0,0.127692
2004.0,6.0,0.380329
2004.0,7.0,0.804527
2004.0,8.0,0.698981
2004.0,9.0,0.593309
2004.0,10.0,0.697704
2004.0,11.0,0.991976
2004.0,12.0,0.43786
2004.0,13.0,0.51149
2004.0,14.0,0.50756
2004.0,15.0,0.570065
2004.0,16.0,0.295255
2004.0,17.0,0.701318
2004.0,18.0,1.0
2004.0,19.0,0.444383
2004.0,20.0,0.931579
2004.0,21.0,0.997367
2004.0,22.0,0.43755
2004.0,23.0,0.008821
2004.0,24.0,0.188353
2004.0,25.0,0.28672
2004.0,26.0,0.589598
2004.0,27.0,0.583327
2004.0,28.0,0.0
2004.0,29.0,0.32847
2004.0,30.0,0.633449
2004.0,31.0,0.001997
2004.0,32.0,0.5352
2004.0,33.0,1.0
2004.0,34.0,0.433367
2004.0,35.0,0.473079
2004.0,36.0,0.998953
2005.0,0.0,0.304776
2005.0,1.0,0.059331
2005.0,2.0,0.524771
2005.0,3.0,0.850431
2005.0,4.0,0.000221
2005.0,5.0,0.12974
2005.0,6.0,0.384746
2005.0,7.0,0.814558
2005.0,8.0,0.705359
2005.0,9.0,0.595179
2005.0,10.0,0.698064
2005.0,11.0,0.992154
2005.0,12.0,0.440642
2005.0,13.0,0.540776
2005.0,14.0,0.522043
2005.0,15.0,0.578145
2005.0,16.0,0.302921
2005.0,17.0,0.708436
2005.0,18.0,1.0
2005.0,19.0,0.447994
2005.0,20.0,0.933299
2005.0,21.0,0.997352
2005.0,22.0,0.438896
2005.0,23.0,0.008735
2005.0,24.0,0.192558
2005.0,25.0,0.288269
2005.0,26.0,0.592496
2005.0,27.0,0.583666
2005.0,28.0,0.0
2005.0,29.0,0.326
2005.0,30.0,0.638104
2005.0,31.0,0.001967
2005.0,32.0,0.547563
2005.0,33.0,1.0
2005.0,34.0,0.445524
2005.0,35.0,0.48228
2005.0,36.0,0.998984
2006.0,0.0,0.290822
2006.0,1.0,0.057835
2006.0,2.0,0.517663
2006.0,3.0,0.846301
2006.0,4.0,0.00019
2006.0,5.0,0.127333
2006.0,6.0,0.38079
2006.0,7.0,0.803339
2006.0,8.0,0.69828
2006.0,9.0,0.59261
2006.0,10.0,0.69814
2006.0,11.0,0.991815
2006.0,12.0,0.438129
2006.0,13.0,0.50479
2006.0,14.0,0.506881
2006.0,15.0,0.568176
2006.0,16.0,0.29278
2006.0,17.0,0.698943
2006.0,18.0,1.0
2006.0,19.0,0.444147
2006.0,20.0,0.931905
2006.0,21.0,0.997394
2006.0,22.0,0.437053
2006.0,23.0,0.008687
2006.0,24.0,0.187221
2006.0,25.0,0.287246
2006.0,26.0,0.588317
2006.0,27.0,0.5837
2006.0,28.0,0.0
2006.0,29.0,0.328873
2006.0,30.0,0.633048
2006.0,31.0,0.001894
2006.0,32.0,0.53331
2006.0,33.0,1.0
2006.0,34.0,0.433244
2006.0,35.0,0.47117
2006.0,36.0,0.998979
2007.0,0.0,0.277357
2007.0,1.0,0.056507
2007.0,2.0,0.511034
2007.0,3.0,0.84246
2007.0,4.0,0.000176
2007.0,5.0,0.125265
2007.0,6.0,0.377868
2007.0,7.0,0.792356
2007.0,8.0,0.691514
2007.0,9.0,0.590681
2007.0,10.0,0.697008
2007.0,11.0,0.991574
2007.0,12.0,0.435124
2007.0,13.0,0.469614
2007.0,14.0,0.49176
2007.0,15.0,0.559093
2007.0,16.0,0.283167
2007.0,17.0,0.689691
2007.0,18.0,1.0
2007.0,19.0,0.439559
2007.0,20.0,0.930197
2007.0,21.0,0.99748
2007.0,22.0,0.435209
2007.0,23.0,0.008523
2007.0,24.0,0.181945
2007.0,25.0,0.2862
2007.0,26.0,0.584591
2007.0,27.0,0.582703
2007.0,28.0,0.0
2007.0,29.0,0.33137
2007.0,30.0,0.628561
2007.0,31.0,0.00193
2007.0,32.0,0.518266
2007.0,33.0,1.0
2007.0,34.0,0.42146
2007.0,35.0,0.461259
2007.0,36.0,0.998927
2008.0,0.0,0.263628
2008.0,1.0,0.054877
2008.0,2.0,0.504659
2008.0,3.0,0.839431
2008.0,4.0,0.000167
2008.0,5.0,0.122841
2008.0,6.0,0.374001
2008.0,7.0,0.780726
2008.0,8.0,0.685838
2008.0,9.0,0.589001
2008.0,10.0,0.695615
2008.0,11.0,0.991339
2008.0,12.0,0.43203
2008.0,13.0,0.435103
2008.0,14.0,0.478187
2008.0,15.0,0.549942
2008.0,16.0,0.274317
2008.0,17.0,0.68011
2008.0,18.0,1.0
2008.0,19.0,0.435272
2008.0,20.0,0.928401
2008.0,21.0,0.997411
2008.0,22.0,0.4333
2008.0,23.0,0.008283
2008.0,24.0,0.176352
2008.0,25.0,0.285507
2008.0,26.0,0.580487
2008.0,27.0,0.582062
2008.0,28.0,0.0
2008.0,29.0,0.334164
2008.0,30.0,0.624053
2008.0,31.0,0.001967
2008.0,32.0,0.502692
2008.0,33.0,1.0
2008.0,34.0,0.410687
2008.0,35.0,0.45192
2008.0,36.0,0.998919
2009.0,0.0,0.250994
2009.0,1.0,0.05371
2009.0,2.0,0.499807
2009.0,3.0,0.836086
2009.0,4.0,0.000145
2009.0,5.0,0.120856
2009.0,6.0,0.369759
2009.0,7.0,0.769177
2009.0,8.0,0.679101
2009.0,9.0,0.587318
2009.0,10.0,0.694352
2009.0,11.0,0.991147
2009.0,12.0,0.428983
2009.0,13.0,0.402938
2009.0,14.0,0.464556
2009.0,15.0,0.539544
2009.0,16.0,0.265941
2009.0,17.0,0.67111
2009.0,18.0,1.0
2009.0,19.0,0.430736
2009.0,20.0,0.926953
2009.0,21.0,0.997393
2009.0,22.0,0.431932
2009.0,23.0,0.008179
2009.0,24.0,0.170911
2009.0,25.0,0.284523
2009.0,26.0,0.577139
2009.0,27.0,0.58161
2009.0,28.0,0.0
2009.0,29.0,0.336766
2009.0,30.0,0.619404
2009.0,31.0,0.001921
2009.0,32.0,0.486172
2009.0,33.0,1.0
2009.0,34.0,0.400018
2009.0,35.0,0.441585
2009.0,36.0,0.998866
2010.0,0.0,0.238553
2010.0,1.0,0.05227
2010.0,2.0,0.493323
2010.0,3.0,0.83234
2010.0,4.0,0.000132
2010.0,5.0,0.119126
2010.0,6.0,0.36613
2010.0,7.0,0.757034
2010.0,8.0,0.672612
2010.0,9.0,0.586113
2010.0,10.0,0.694026
2010.0,11.0,0.990871
2010.0,12.0,0.426414
2010.0,13.0,0.371488
2010.0,14.0,0.451304
2010.0,15.0,0.529879
2010.0,16.0,0.25819
2010.0,17.0,0.66202
2010.0,18.0,1.0
2010.0,19.0,0.42695
2010.0,20.0,0.92533
2010.0,21.0,0.997429
2010.0,22.0,0.430752
2010.0,23.0,0.008151
2010.0,24.0,0.166191
2010.0,25.0,0.283107
2010.0,26.0,0.573447
2010.0,27.0,0.581124
2010.0,28.0,0.0
2010.0,29.0,0.338327
2010.0,30.0,0.614733
2010.0,31.0,0.001887
2010.0,32.0,0.470976
2010.0,33.0,1.0
2010.0,34.0,0.389209
2010.0,35.0,0.432173
2010.0,36.0,0.998794
3000.0,0.0,0.234358
3000.0,1.0,0.045091
3000.0,2.0,0.494737
3000.0,3.0,0.837618
3000.0,4.0,0.0
3000.0,5.0,0.118968
3000.0,6.0,0.365225
3000.0,7.0,0.760396
3000.0,8.0,0.676735
3000.0,9.0,0.621845
3000.0,10.0,0.707065
3000.0,11.0,0.995049
3000.0,12.0,0.441351
3000.0,13.0,0.373443
3000.0,14.0,0.45344
3000.0,15.0,0.530442
3000.0,16.0,0.250122
3000.0,17.0,0.645284
3000.0,18.0,1.0
3000.0,19.0,0.41827
3000.0,20.0,0.980676
3000.0,21.0,0.999858
3000.0,22.0,0.420322
3000.0,23.0,0.001223
3000.0,24.0,0.099755
3000.0,25.0,0.257058
3000.0,26.0,0.592185
3000.0,27.0,0.579722
3000.0,28.0,0.0
3000.0,29.0,0.375479
3000.0,30.0,0.640707
3000.0,31.0,0.0
3000.0,32.0,0.481434
3000.0,33.0,1.0
3000.0,34.0,0.379031
3000.0,35.0,0.431571
3000.0,36.0,1.0
3001.0,0.0,0.246598
3001.0,1.0,0.046375
3001.0,2.0,0.501273
3001.0,3.0,0.841154
3001.0,4.0,0.0
3001.0,5.0,0.12112
3001.0,6.0,0.369769
3001.0,7.0,0.772264
3001.0,8.0,0.682694
3001.0,9.0,0.623226
3001.0,10.0,0.707953
3001.0,11.0,0.995158
3001.0,12.0,0.445791
3001.0,13.0,0.410591
3001.0,14.0,0.46952
3001.0,15.0,0.541494
3001.0,16.0,0.259345
3001.0,17.0,0.655443
3001.0,18.0,1.0
3001.0,19.0,0.422081
3001.0,20.0,0.981081
3001.0,21.0,0.999857
3001.0,22.0,0.421069
3001.0,23.0,0.001211
3001.0,24.0,0.103216
3001.0,25.0,0.257837
3001.0,26.0,0.595981
3001.0,27.0,0.581144
3001.0,28.0,0.0
3001.0,29.0,0.370557
3001.0,30.0,0.645574
3001.0,31.0,0.0
3001.0,32.0,0.498267
3001.0,33.0,1.0
3001.0,34.0,0.391129
3001.0,35.0,0.442311
3001.0,36.0,1.0
3002.0,0.0,0.259411
3002.0,1.0,0.04773
3002.0,2.0,0.507308
3002.0,3.0,0.844519
3002.0,4.0,0.0
3002.0,5.0,0.123047
3002.0,6.0,0.373879
3002.0,7.0,0.784103
3002.0,8.0,0.689629
3002.0,9.0,0.625289
3002.0,10.0,0.70936
3002.0,11.0,0.995211
3002.0,12.0,0.448365
3002.0,13.0,0.446593
3002.0,14.0,0.483812
3002.0,15.0,0.55074
3002.0,16.0,0.26905
3002.0,17.0,0.66531
3002.0,18.0,1.0
3002.0,19.0,0.425876
3002.0,20.0,0.981674
3002.0,21.0,0.999866
3002.0,22.0,0.422123
3002.0,23.0,0.001148
3002.0,24.0,0.106431
3002.0,25.0,0.258913
3002.0,26.0,0.599458
3002.0,27.0,0.583069
3002.0,28.0,0.0
3002.0,29.0,0.366212
3002.0,30.0,0.650041
3002.0,31.0,0.0
3002.0,32.0,0.513219
3002.0,33.0,1.0
3002.0,34.0,0.40275
3002.0,35.0,0.453207
3002.0,36.0,1.0
3003.0,0.0,0.2732
3003.0,1.0,0.048676
3003.0,2.0,0.512674
3003.0,3.0,0.84854
3003.0,4.0,0.0
3003.0,5.0,0.125062
3003.0,6.0,0.378254
3003.0,7.0,0.796183
3003.0,8.0,0.697203
3003.0,9.0,0.627944
3003.0,10.0,0.709864
3003.0,11.0,0.995339
3003.0,12.0,0.451435
3003.0,13.0,0.481078
3003.0,14.0,0.498151
3003.0,15.0,0.559602
3003.0,16.0,0.27756
3003.0,17.0,0.675213
3003.0,18.0,1.0
3003.0,19.0,0.429367
3003.0,20.0,0.982081
3003.0,21.0,0.999865
3003.0,22.0,0.423434
3003.0,23.0,0.001128
3003.0,24.0,0.109657
3003.0,25.0,0.260223
3003.0,26.0,0.603429
3003.0,27.0,0.584857
3003.0,28.0,0.0
3003.0,29.0,0.362458
3003.0,30.0,0.655076
3003.0,31.0,0.0
3003.0,32.0,0.52708
3003.0,33.0,1.0
3003.0,34.0,0.41407
3003.0,35.0,0.463876
3003.0,36.0,1.0
3004.0,0.0,0.286202
3004.0,1.0,0.049676
3004.0,2.0,0.51883
3004.0,3.0,0.852364
3004.0,4.0,0.0
3004.0,5.0,0.127247
3004.0,6.0,0.382459
3004.0,7.0,0.80752
3004.0,8.0,0.704341
3004.0,9.0,0.630134
3004.0,10.0,0.710555
3004.0,11.0,0.995471
3004.0,12.0,0.454126
3004.0,13.0,0.512942
3004.0,14.0,0.511766
3004.0,15.0,0.568516
3004.0,16.0,0.286135
3004.0,17.0,0.684997
3004.0,18.0,1.0
3004.0,19.0,0.433004
3004.0,20.0,0.982665
3004.0,21.0,0.999874
3004.0,22.0,0.424471
3004.0,23.0,0.001182
3004.0,24.0,0.113353
3004.0,25.0,0.260871
3004.0,26.0,0.607954
3004.0,27.0,0.586186
3004.0,28.0,0.0
3004.0,29.0,0.358915
3004.0,30.0,0.660013
3004.0,31.0,0.0
3004.0,32.0,0.539084
3004.0,33.0,1.0
3004.0,34.0,0.425787
3004.0,35.0,0.474662
3004.0,36.0,1.0
3005.0,0.0,0.298778
3005.0,1.0,0.050878
3005.0,2.0,0.524861
3005.0,3.0,0.855774
3005.0,4.0,0.0
3005.0,5.0,0.12919
3005.0,6.0,0.387064
3005.0,7.0,0.816753
3005.0,8.0,0.709878
3005.0,9.0,0.632418
3005.0,10.0,0.711984
3005.0,11.0,0.995721
3005.0,12.0,0.457685
3005.0,13.0,0.542623
3005.0,14.0,0.525393
3005.0,15.0,0.577799
3005.0,16.0,0.294527
3005.0,17.0,0.693737
3005.0,18.0,1.0
3005.0,19.0,0.436672
3005.0,20.0,0.983299
3005.0,21.0,0.999902
3005.0,22.0,0.425246
3005.0,23.0,0.001224
3005.0,24.0,0.116779
3005.0,25.0,0.261551
3005.0,26.0,0.612236
3005.0,27.0,0.58786
3005.0,28.0,0.0
3005.0,29.0,0.355589
3005.0,30.0,0.664809
3005.0,31.0,0.0
3005.0,32.0,0.551131
3005.0,33.0,1.0
3005.0,34.0,0.437419
3005.0,35.0,0.484397
3005.0,36.0,1.0
3006.0,0.0,0.286186
3006.0,1.0,0.049645
3006.0,2.0,0.519016
3006.0,3.0,0.852427
3006.0,4.0,0.0
3006.0,5.0,0.127221
3006.0,6.0,0.381745
3006.0,7.0,0.805875
3006.0,8.0,0.70324
3006.0,9.0,0.630737
3006.0,10.0,0.711021
3006.0,11.0,0.99545
3006.0,12.0,0.455228
3006.0,13.0,0.507818
3006.0,14.0,0.509303
3006.0,15.0,0.568526
3006.0,16.0,0.284191
3006.0,17.0,0.684803
3006.0,18.0,1.0
3006.0,19.0,0.432955
3006.0,20.0,0.98262
3006.0,21.0,0.999911
3006.0,22.0,0.425009
3006.0,23.0,0.001228
3006.0,24.0,0.113152
3006.0,25.0,0.261125
3006.0,26.0,0.608841
3006.0,27.0,0.586153
3006.0,28.0,0.0
3006.0,29.0,0.360476
3006.0,30.0,0.660345
3006.0,31.0,0.0
3006.0,32.0,0.537066
3006.0,33.0,1.0
3006.0,34.0,0.425549
3006.0,35.0,0.473524
3006.0,36.0,1.0
3007.0,0.0,0.273333
3007.0,1.0,0.048465
3007.0,2.0,0.513291
3007.0,3.0,0.848831
3007.0,4.0,0.0
3007.0,5.0,0.124945
3007.0,6.0,0.376655
3007.0,7.0,0.794421
3007.0,8.0,0.696436
3007.0,9.0,0.629275
3007.0,10.0,0.710275
3007.0,11.0,0.995283
3007.0,12.0,0.451893
3007.0,13.0,0.473357
3007.0,14.0,0.494527
3007.0,15.0,0.558021
3007.0,16.0,0.275168
3007.0,17.0,0.676043
3007.0,18.0,1.0
3007.0,19.0,0.429957
3007.0,20.0,0.982177
3007.0,21.0,0.999911
3007.0,22.0,0.42406
3007.0,23.0,0.001246
3007.0,24.0,0.108876
3007.0,25.0,0.26073
3007.0,26.0,0.604887
3007.0,27.0,0.584188
3007.0,28.0,0.0
3007.0,29.0,0.364139
3007.0,30.0,0.6557
3007.0,31.0,0.0
3007.0,32.0,0.524113
3007.0,33.0,1.0
3007.0,34.0,0.413584
3007.0,35.0,0.463131
3007.0,36.0,1.0
3008.0,0.0,0.260619
3008.0,1.0,0.047484
3008.0,2.0,0.507642
3008.0,3.0,0.845303
3008.0,4.0,0.0
3008.0,5.0,0.122414
3008.0,6.0,0.372908
3008.0,7.0,0.782504
3008.0,8.0,0.69033
3008.0,9.0,0.626226
3008.0,10.0,0.708988
3008.0,11.0,0.995081
3008.0,12.0,0.448294
3008.0,13.0,0.439096
3008.0,14.0,0.479939
3008.0,15.0,0.548603
3008.0,16.0,0.265931
3008.0,17.0,0.667353
3008.0,18.0,1.0
3008.0,19.0,0.426356
3008.0,20.0,0.981603
3008.0,21.0,0.999906
3008.0,22.0,0.42217
3008.0,23.0,0.001255
3008.0,24.0,0.105307
3008.0,25.0,0.259238
3008.0,26.0,0.601267
3008.0,27.0,0.582406
3008.0,28.0,0.0
3008.0,29.0,0.368285
3008.0,30.0,0.650953
3008.0,31.0,0.0
3008.0,32.0,0.510117
3008.0,33.0,1.0
3008.0,34.0,0.402223
3008.0,35.0,0.453917
3008.0,36.0,1.0
3009.0,0.0,0.248297
3009.0,1.0,0.04651
3009.0,2.0,0.501049
3009.0,3.0,0.841716
3009.0,4.0,0.0
3009.0,5.0,0.120503
3009.0,6.0,0.368118
3009.0,7.0,0.770681
3009.0,8.0,0.68393
3009.0,9.0,0.624422
3009.0,10.0,0.708074
3009.0,11.0,0.994948
3009.0,12.0,0.444665
3009.0,13.0,0.406588
3009.0,14.0,0.46637
3009.0,15.0,0.539343
3009.0,16.0,0.25731
3009.0,17.0,0.657893
3009.0,18.0,1.0
3009.0,19.0,0.422308
3009.0,20.0,0.981165
3009.0,21.0,0.999904
3009.0,22.0,0.42133
3009.0,23.0,0.001286
3009.0,24.0,0.101952
3009.0,25.0,0.258074
3009.0,26.0,0.597908
3009.0,27.0,0.579937
3009.0,28.0,0.0
3009.0,29.0,0.371904
3009.0,30.0,0.647158
3009.0,31.0,0.0
3009.0,32.0,0.495556
3009.0,33.0,1.0
3009.0,34.0,0.390547
3009.0,35.0,0.443734
3009.0,36.0,1.0
3010.0,0.0,0.236253
3010.0,1.0,0.045354
3010.0,2.0,0.494371
3010.0,3.0,0.837697
3010.0,4.0,0.0
3010.0,5.0,0.118326
3010.0,6.0,0.364308
3010.0,7.0,0.757093
3010.0,8.0,0.677888
3010.0,9.0,0.622966
3010.0,10.0,0.707612
3010.0,11.0,0.994858
3010.0,12.0,0.442035
3010.0,13.0,0.374934
3010.0,14.0,0.452577
3010.0,15.0,0.529549
3010.0,16.0,0.249973
3010.0,17.0,0.648434
3010.0,18.0,1.0
3010.0,19.0,0.419018
3010.0,20.0,0.980694
3010.0,21.0,0.9999
3010.0,22.0,0.420162
3010.0,23.0,0.001245
3010.0,24.0,0.098494
3010.0,25.0,0.256895
3010.0,26.0,0.59409
3010.0,27.0,0.577734
3010.0,28.0,0.0
3010.0,29.0,0.375178
3010.0,30.0,0.641734
3010.0,31.0,0.0
3010.0,32.0,0.481459
3010.0,33.0,1.0
3010.0,34.0,0.379786
3010.0,35.0,0.433856
3010.0,36.0,1.0
4000.0,0.0,0.234917
4000.0,1.0,0.038524
4000.0,2.0,0.487682
4000.0,3.0,0.824653
4000.0,4.0,0.0
4000.0,5.0,0.111824
4000.0,6.0,0.35966
4000.0,7.0,0.745616
4000.0,8.0,0.677762
4000.0,9.0,0.651006
4000.0,10.0,0.718344
4000.0,11.0,0.995745
4000.0,12.0,0.433327
4000.0,13.0,0.373819
4000.0,14.0,0.452733
4000.0,15.0,0.529271
4000.0,16.0,0.258202
4000.0,17.0,0.652277
4000.0,18.0,1.0
4000.0,19.0,0.41945
4000.0,20.0,0.99314
4000.0,21.0,1.0
4000.0,22.0,0.423258
4000.0,23.0,6.3e-05
4000.0,24.0,0.06156
4000.0,25.0,0.227842
4000.0,26.0,0.582884
4000.0,27.0,0.572762
4000.0,28.0,0.0
4000.0,29.0,0.407769
4000.0,30.0,0.628774
4000.0,31.0,0.0
4000.0,32.0,0.482995
4000.0,33.0,1.0
4000.0,34.0,0.389774
4000.0,35.0,0.421444
4000.0,36.0,1.0
4001.0,0.0,0.247646
4001.0,1.0,0.039581
4001.0,2.0,0.494069
4001.0,3.0,0.828353
4001.0,4.0,0.0
4001.0,5.0,0.11375
4001.0,6.0,0.364397
4001.0,7.0,0.759914
4001.0,8.0,0.684722
4001.0,9.0,0.652708
4001.0,10.0,0.718892
4001.0,11.0,0.995907
4001.0,12.0,0.436183
4001.0,13.0,0.410708
4001.0,14.0,0.467758
4001.0,15.0,0.539794
4001.0,16.0,0.26754
4001.0,17.0,0.66237
4001.0,18.0,1.0
4001.0,19.0,0.423724
4001.0,20.0,0.993253
4001.0,21.0,1.0
4001.0,22.0,0.425164
4001.0,23.0,6.4e-05
4001.0,24.0,0.063633
4001.0,25.0,0.227466
4001.0,26.0,0.586463
4001.0,27.0,0.572917
4001.0,28.0,0.0
4001.0,29.0,0.400975
4001.0,30.0,0.634253
4001.0,31.0,0.0
4001.0,32.0,0.499875
4001.0,33.0,1.0
4001.0,34.0,0.400911
4001.0,35.0,0.432315
4001.0,36.0,1.0
4002.0,0.0,0.260817
4002.0,1.0,0.040307
4002.0,2.0,0.500414
4002.0,3.0,0.832213
4002.0,4.0,0.0
4002.0,5.0,0.116065
4002.0,6.0,0.368137
4002.0,7.0,0.772775
4002.0,8.0,0.691232
4002.0,9.0,0.655627
4002.0,10.0,0.720163
4002.0,11.0,0.996037
4002.0,12.0,0.43961
4002.0,13.0,0.447625
4002.0,14.0,0.482524
4002.0,15.0,0.549869
4002.0,16.0,0.276563
4002.0,17.0,0.67234
4002.0,18.0,1.0
4002.0,19.0,0.428435
4002.0,20.0,0.993519
4002.0,21.0,1.0
4002.0,22.0,0.42594
4002.0,23.0,6.9e-05
4002.0,24.0,0.065429
4002.0,25.0,0.227594
4002.0,26.0,0.590593
4002.0,27.0,0.573005
4002.0,28.0,0.0
4002.0,29.0,0.395574
4002.0,30.0,0.638996
4002.0,31.0,0.0
4002.0,32.0,0.514387
4002.0,33.0,1.0
4002.0,34.0,0.412045
4002.0,35.0,0.442868
4002.0,36.0,1.0
4003.0,0.0,0.274012
4003.0,1.0,0.041099
4003.0,2.0,0.505626
4003.0,3.0,0.836551
4003.0,4.0,0.0
4003.0,5.0,0.118373
4003.0,6.0,0.372576
4003.0,7.0,0.785654
4003.0,8.0,0.697536
4003.0,9.0,0.657249
4003.0,10.0,0.721766
4003.0,11.0,0.99608
4003.0,12.0,0.442109
4003.0,13.0,0.481708
4003.0,14.0,0.498159
4003.0,15.0,0.559305
4003.0,16.0,0.284871
4003.0,17.0,0.680577
4003.0,18.0,1.0
4003.0,19.0,0.432894
4003.0,20.0,0.993595
4003.0,21.0,1.0
4003.0,22.0,0.426877
4003.0,23.0,7.4e-05
4003.0,24.0,0.067717
4003.0,25.0,0.228609
4003.0,26.0,0.592731
4003.0,27.0,0.574022
4003.0,28.0,0.0
4003.0,29.0,0.390012
4003.0,30.0,0.643422
4003.0,31.0,0.0
4003.0,32.0,0.527557
4003.0,33.0,1.0
4003.0,34.0,0.423956
4003.0,35.0,0.452388
4003.0,36.0,1.0
4004.0,0.0,0.287442
4004.0,1.0,0.042156
4004.0,2.0,0.511885
4004.0,3.0,0.840755
4004.0,4.0,0.0
4004.0,5.0,0.120802
4004.0,6.0,0.376932
4004.0,7.0,0.796423
4004.0,8.0,0.704262
4004.0,9.0,0.657962
4004.0,10.0,0.722982
4004.0,11.0,0.996183
4004.0,12.0,0.444788
4004.0,13.0,0.513103
4004.0,14.0,0.512982
4004.0,15.0,0.568158
4004.0,16.0,0.293182
4004.0,17.0,0.689794
4004.0,18.0,1.0
4004.0,19.0,0.436619
4004.0,20.0,0.993876
4004.0,21.0,1.0
4004.0,22.0,0.428165
4004.0,23.0,8.3e-05
4004.0,24.0,0.070086
4004.0,25.0,0.228892
4004.0,26.0,0.596467
4004.0,27.0,0.57517
4004.0,28.0,0.0
4004.0,29.0,0.384842
4004.0,30.0,0.648143
4004.0,31.0,0.0
4004.0,32.0,0.540277
4004.0,33.0,1.0
4004.0,34.0,0.435422
4004.0,35.0,0.462357
4004.0,36.0,1.0
4005.0,0.0,0.300165
4005.0,1.0,0.043282
4005.0,2.0,0.518471
4005.0,3.0,0.845063
4005.0,4.0,0.0
4005.0,5.0,0.122591
4005.0,6.0,0.381722
4005.0,7.0,0.806608
4005.0,8.0,0.709806
4005.0,9.0,0.659445
4005.0,10.0,0.723774
4005.0,11.0,0.996381
4005.0,12.0,0.446897
4005.0,13.0,0.542241
4005.0,14.0,0.526922
4005.0,15.0,0.577621
4005.0,16.0,0.301793
4005.0,17.0,0.698379
4005.0,18.0,1.0
4005.0,19.0,0.440471
4005.0,20.0,0.994065
4005.0,21.0,1.0
4005.0,22.0,0.429312
4005.0,23.0,7.7e-05
4005.0,24.0,0.072851
4005.0,25.0,0.229393
4005.0,26.0,0.60022
4005.0,27.0,0.576574
4005.0,28.0,0.0
4005.0,29.0,0.380011
4005.0,30.0,0.653257
4005.0,31.0,0.0
4005.0,32.0,0.551928
4005.0,33.0,1.0
4005.0,34.0,0.447267
4005.0,35.0,0.472519
4005.0,36.0,1.0
4006.0,0.0,0.287147
4006.0,1.0,0.042136
4006.0,2.0,0.511955
4006.0,3.0,0.841798
4006.0,4.0,0.0
4006.0,5.0,0.120517
4006.0,6.0,0.377009
4006.0,7.0,0.795212
4006.0,8.0,0.703468
4006.0,9.0,0.657309
4006.0,10.0,0.723256
4006.0,11.0,0.996248
4006.0,12.0,0.444358
4006.0,13.0,0.507257
4006.0,14.0,0.511563
4006.0,15.0,0.567908
4006.0,16.0,0.29226
4006.0,17.0,0.689954
4006.0,18.0,1.0
4006.0,19.0,0.436697
4006.0,20.0,0.994061
4006.0,21.0,1.0
4006.0,22.0,0.427724
4006.0,23.0,7.1e-05
4006.0,24.0,0.070551
4006.0,25.0,0.229145
4006.0,26.0,0.59648
4006.0,27.0,0.576423
4006.0,28.0,0.0
4006.0,29.0,0.385487
4006.0,30.0,0.648865
4006.0,31.0,0.0
4006.0,32.0,0.539481
4006.0,33.0,1.0
4006.0,34.0,0.435082
4006.0,35.0,0.461824
4006.0,36.0,1.0
4007.0,0.0,0.273482
4007.0,1.0,0.041156
4007.0,2.0,0.505769
4007.0,3.0,0.8387
4007.0,4.0,0.0
4007.0,5.0,0.118289
4007.0,6.0,0.372963
4007.0,7.0,0.783347
4007.0,8.0,0.696132
4007.0,9.0,0.655924
4007.0,10.0,0.721887
4007.0,11.0,0.996151
4007.0,12.0,0.440292
4007.0,13.0,0.472622
4007.0,14.0,0.496549
4007.0,15.0,0.557281
4007.0,16.0,0.282523
4007.0,17.0,0.680869
4007.0,18.0,1.0
4007.0,19.0,0.432925
4007.0,20.0,0.993904
4007.0,21.0,1.0
4007.0,22.0,0.426456
4007.0,23.0,7.8e-05
4007.0,24.0,0.067779
4007.0,25.0,0.228627
4007.0,26.0,0.592119
4007.0,27.0,0.575325
4007.0,28.0,0.0
4007.0,29.0,0.390563
4007.0,30.0,0.644296
4007.0,31.0,0.0
4007.0,32.0,0.526765
4007.0,33.0,1.0
4007.0,34.0,0.422938
4007.0,35.0,0.451465
4007.0,36.0,1.0
4008.0,0.0,0.261171
4008.0,1.0,0.0401
4008.0,2.0,0.499182
4008.0,3.0,0.834487
4008.0,4.0,0.0
4008.0,5.0,0.115968
4008.0,6.0,0.369197
4008.0,7.0,0.771588
4008.0,8.0,0.689514
4008.0,9.0,0.654644
4008.0,10.0,0.721795
4008.0,11.0,0.996022
4008.0,12.0,0.438041
4008.0,13.0,0.438544
4008.0,14.0,0.481861
4008.0,15.0,0.547713
4008.0,16.0,0.272548
4008.0,17.0,0.671526
4008.0,18.0,1.0
4008.0,19.0,0.429913
4008.0,20.0,0.993752
4008.0,21.0,1.0
4008.0,22.0,0.424298
4008.0,23.0,7.9e-05
4008.0,24.0,0.065352
4008.0,25.0,0.22904
4008.0,26.0,0.588495
4008.0,27.0,0.573751
4008.0,28.0,0.0
4008.0,29.0,0.395481
4008.0,30.0,0.639384
4008.0,31.0,0.0
4008.0,32.0,0.51412
4008.0,33.0,1.0
4008.0,34.0,0.412179
4008.0,35.0,0.44138
4008.0,36.0,1.0
4009.0,0.0,0.248031
4009.0,1.0,0.039037
4009.0,2.0,0.493594
4009.0,3.0,0.830473
4009.0,4.0,0.0
4009.0,5.0,0.114009
4009.0,6.0,0.365706
4009.0,7.0,0.759993
4009.0,8.0,0.682908
4009.0,9.0,0.653433
4009.0,10.0,0.720931
4009.0,11.0,0.995781
4009.0,12.0,0.434814
4009.0,13.0,0.406242
4009.0,14.0,0.467693
4009.0,15.0,0.538485
4009.0,16.0,0.263411
4009.0,17.0,0.661341
4009.0,18.0,1.0
4009.0,19.0,0.425941
4009.0,20.0,0.99343
4009.0,21.0,1.0
4009.0,22.0,0.422885
4009.0,23.0,7.9e-05
4009.0,24.0,0.062476
4009.0,25.0,0.228792
4009.0,26.0,0.584825
4009.0,27.0,0.572765
4009.0,28.0,0.0
4009.0,29.0,0.400216
4009.0,30.0,0.634519
4009.0,31.0,0.0
4009.0,32.0,0.50106
4009.0,33.0,1.0
4009.0,34.0,0.400842
4009.0,35.0,0.43148
4009.0,36.0,1.0
4010.0,0.0,0.23552
4010.0,1.0,0.037899
4010.0,2.0,0.487092
4010.0,3.0,0.827305
4010.0,4.0,0.0
4010.0,5.0,0.112144
4010.0,6.0,0.362422
4010.0,7.0,0.747031
4010.0,8.0,0.675965
4010.0,9.0,0.652276
4010.0,10.0,0.719608
4010.0,11.0,0.995661
4010.0,12.0,0.431237
4010.0,13.0,0.374683
4010.0,14.0,0.453852
4010.0,15.0,0.52848
4010.0,16.0,0.255465
4010.0,17.0,0.652
4010.0,18.0,1.0
4010.0,19.0,0.42261
4010.0,20.0,0.993298
4010.0,21.0,1.0
4010.0,22.0,0.422175
4010.0,23.0,8.0e-05
4010.0,24.0,0.060456
4010.0,25.0,0.22803
4010.0,26.0,0.581362
4010.0,27.0,0.57246
4010.0,28.0,0.0
4010.0,29.0,0.405967
4010.0,30.0,0.630854
4010.0,31.0,0.0
4010.0,32.0,0.486739
4010.0,33.0,1.0
4010.0,34.0,0.389679
4010.0,35.0,0.422296
4010.0,36.0,1.0
5000.0,0.0,0.234795
5000.0,1.0,0.026874
5000.0,2.0,0.490778
5000.0,3.0,0.848739
5000.0,4.0,0.0
5000.0,5.0,0.107407
5000.0,6.0,0.360408
5000.0,7.0,0.745882
5000.0,8.0,0.681452
5000.0,9.0,0.66586
5000.0,10.0,0.704592
5000.0,11.0,0.996907
5000.0,12.0,0.416782
5000.0,13.0,0.372993
5000.0,14.0,0.455083
5000.0,15.0,0.532481
5000.0,16.0,0.254136
5000.0,17.0,0.665494
5000.0,18.0,1.0
5000.0,19.0,0.419354
5000.0,20.0,0.999526
5000.0,21.0,1.0
5000.0,22.0,0.423692
5000.0,23.0,0.0
5000.0,24.0,0.033596
5000.0,25.0,0.222932
5000.0,26.0,0.584659
5000.0,27.0,0.561001
5000.0,28.0,0.0
5000.0,29.0,0.437633
5000.0,30.0,0.651406
5000.0,31.0,0.0
5000.0,32.0,0.476089
5000.0,33.0,1.0
5000.0,34.0,0.385361
5000.0,35.0,0.429078
5000.0,36.0,1.0
5001.0,0.0,0.24788
5001.0,1.0,0.027855
5001.0,2.0,0.497292
5001.0,3.0,0.852272
5001.0,4.0,0.0
5001.0,5.0,0.10962
5001.0,6.0,0.363755
5001.0,7.0,0.759761
5001.0,8.0,0.688684
5001.0,9.0,0.667341
5001.0,10.0,0.706209
5001.0,11.0,0.996964
5001.0,12.0,0.419133
5001.0,13.0,0.40997
5001.0,14.0,0.470988
5001.0,15.0,0.542375
5001.0,16.0,0.263381
5001.0,17.0,0.675298
5001.0,18.0,1.0
5001.0,19.0,0.423311
5001.0,20.0,0.999565
5001.0,21.0,1.0
5001.0,22.0,0.425053
5001.0,23.0,0.0
5001.0,24.0,0.034804
5001.0,25.0,0.2237
5001.0,26.0,0.588159
5001.0,27.0,0.561808
5001.0,28.0,0.0
5001.0,29.0,0.431735
5001.0,30.0,0.656194
5001.0,31.0,0.0
5001.0,32.0,0.490173
5001.0,33.0,1.0
5001.0,34.0,0.396963
5001.0,35.0,0.439556
5001.0,36.0,1.0
5002.0,0.0,0.260591
5002.0,1.0,0.028605
5002.0,2.0,0.50331
5002.0,3.0,0.855677
5002.0,4.0,0.0
5002.0,5.0,0.110682
5002.0,6.0,0.367738
5002.0,7.0,0.771857
5002.0,8.0,0.695136
5002.0,9.0,0.668808
5002.0,10.0,0.706515
5002.0,11.0,0.99701
5002.0,12.0,0.421868
5002.0,13.0,0.445877
5002.0,14.0,0.485364
5002.0,15.0,0.552341
5002.0,16.0,0.272074
5002.0,17.0,0.68419
5002.0,18.0,1.0
5002.0,19.0,0.426665
5002.0,20.0,0.999596
5002.0,21.0,1.0
5002.0,22.0,0.426461
5002.0,23.0,0.0
5002.0,24.0,0.035885
5002.0,25.0,0.223764
5002.0,26.0,0.591461
5002.0,27.0,0.563026
5002.0,28.0,0.0
5002.0,29.0,0.425846
5002.0,30.0,0.660298
5002.0,31.0,0.0
5002.0,32.0,0.503366
5002.0,33.0,1.0
5002.0,34.0,0.408877
5002.0,35.0,0.450518
5002.0,36.0,1.0
5003.0,0.0,0.2733
5003.0,1.0,0.029368
5003.0,2.0,0.509403
5003.0,3.0,0.859421
5003.0,4.0,0.0
5003.0,5.0,0.112795
5003.0,6.0,0.371967
5003.0,7.0,0.783046
5003.0,8.0,0.701183
5003.0,9.0,0.670245
5003.0,10.0,0.708027
5003.0,11.0,0.9971
5003.0,12.0,0.424164
5003.0,13.0,0.479554
5003.0,14.0,0.499119
5003.0,15.0,0.560965
5003.0,16.0,0.281468
5003.0,17.0,0.692766
5003.0,18.0,1.0
5003.0,19.0,0.430656
5003.0,20.0,0.999599
5003.0,21.0,1.0
5003.0,22.0,0.428374
5003.0,23.0,0.0
5003.0,24.0,0.037188
5003.0,25.0,0.224401
5003.0,26.0,0.594761
5003.0,27.0,0.565014
5003.0,28.0,0.0
5003.0,29.0,0.418914
5003.0,30.0,0.665058
5003.0,31.0,0.0
5003.0,32.0,0.516922
5003.0,33.0,1.0
5003.0,34.0,0.42014
5003.0,35.0,0.46185
5003.0,36.0,1.0
5004.0,0.0,0.286434
5004.0,1.0,0.029894
5004.0,2.0,0.515779
5004.0,3.0,0.862039
5004.0,4.0,0.0
5004.0,5.0,0.115372
5004.0,6.0,0.37485
5004.0,7.0,0.794127
5004.0,8.0,0.707139
5004.0,9.0,0.67189
5004.0,10.0,0.708505
5004.0,11.0,0.997184
5004.0,12.0,0.426273
5004.0,13.0,0.511439
5004.0,14.0,0.513902
5004.0,15.0,0.570451
5004.0,16.0,0.291078
5004.0,17.0,0.702806
5004.0,18.0,1.0
5004.0,19.0,0.434278
5004.0,20.0,0.999612
5004.0,21.0,1.0
5004.0,22.0,0.430011
5004.0,23.0,0.0
5004.0,24.0,0.038573
5004.0,25.0,0.225022
5004.0,26.0,0.597735
5004.0,27.0,0.565646
5004.0,28.0,0.0
5004.0,29.0,0.412786
5004.0,30.0,0.66945
5004.0,31.0,0.0
5004.0,32.0,0.529363
5004.0,33.0,1.0
5004.0,34.0,0.432053
5004.0,35.0,0.472393
5004.0,36.0,1.0
5005.0,0.0,0.299789
5005.0,1.0,0.03055
5005.0,2.0,0.52143
5005.0,3.0,0.864747
5005.0,4.0,0.0
5005.0,5.0,0.1173
5005.0,6.0,0.378445
5005.0,7.0,0.804767
5005.0,8.0,0.713389
5005.0,9.0,0.673909
5005.0,10.0,0.708833
5005.0,11.0,0.997266
5005.0,12.0,0.42934
5005.0,13.0,0.541834
5005.0,14.0,0.528177
5005.0,15.0,0.579727
5005.0,16.0,0.29949
5005.0,17.0,0.711442
5005.0,18.0,1.0
5005.0,19.0,0.438571
5005.0,20.0,0.999626
5005.0,21.0,1.0
5005.0,22.0,0.431232
5005.0,23.0,0.0
5005.0,24.0,0.039541
5005.0,25.0,0.224889
5005.0,26.0,0.601618
5005.0,27.0,0.567475
5005.0,28.0,0.0
5005.0,29.0,0.407151
5005.0,30.0,0.673976
5005.0,31.0,0.0
5005.0,32.0,0.540812
5005.0,33.0,1.0
5005.0,34.0,0.442976
5005.0,35.0,0.481713
5005.0,36.0,1.0
5006.0,0.0,0.285753
5006.0,1.0,0.030065
5006.0,2.0,0.514755
5006.0,3.0,0.860792
5006.0,4.0,0.0
5006.0,5.0,0.114892
5006.0,6.0,0.375028
5006.0,7.0,0.793244
5006.0,8.0,0.707188
5006.0,9.0,0.671681
5006.0,10.0,0.708189
5006.0,11.0,0.997251
5006.0,12.0,0.425138
5006.0,13.0,0.505734
5006.0,14.0,0.512378
5006.0,15.0,0.570609
5006.0,16.0,0.28938
5006.0,17.0,0.70345
5006.0,18.0,1.0
5006.0,19.0,0.43444
5006.0,20.0,0.99962
5006.0,21.0,1.0
5006.0,22.0,0.429763
5006.0,23.0,0.0
5006.0,24.0,0.038516
5006.0,25.0,0.224558
5006.0,26.0,0.597402
5006.0,27.0,0.565522
5006.0,28.0,0.0
5006.0,29.0,0.414019
5006.0,30.0,0.668737
5006.0,31.0,0.0
5006.0,32.0,0.527889
5006.0,33.0,1.0
5006.0,34.0,0.430704
5006.0,35.0,0.471525
5006.0,36.0,1.0
5007.0,0.0,0.271485
5007.0,1.0,0.029346
5007.0,2.0,0.508591
5007.0,3.0,0.857248
5007.0,4.0,0.0
5007.0,5.0,0.113445
5007.0,6.0,0.371953
5007.0,7.0,0.781652
5007.0,8.0,0.700078
5007.0,9.0,0.669988
5007.0,10.0,0.707247
5007.0,11.0,0.997204
5007.0,12.0,0.423026
5007.0,13.0,0.470576
5007.0,14.0,0.498689
5007.0,15.0,0.560981
5007.0,16.0,0.281247
5007.0,17.0,0.695865
5007.0,18.0,1.0
5007.0,19.0,0.430752
5007.0,20.0,0.999609
5007.0,21.0,1.0
5007.0,22.0,0.428762
5007.0,23.0,0.0
5007.0,24.0,0.036824
5007.0,25.0,0.224251
5007.0,26.0,0.593687
5007.0,27.0,0.564629
5007.0,28.0,0.0
5007.0,29.0,0.420355
5007.0,30.0,0.664228
5007.0,31.0,0.0
5007.0,32.0,0.514953
5007.0,33.0,1.0
5007.0,34.0,0.419472
5007.0,35.0,0.460701
5007.0,36.0,1.0
5008.0,0.0,0.257613
5008.0,1.0,0.028548
5008.0,2.0,0.502178
5008.0,3.0,0.854615
5008.0,4.0,0.0
5008.0,5.0,0.1116
5008.0,6.0,0.368715
5008.0,7.0,0.769986
5008.0,8.0,0.694167
5008.0,9.0,0.668278
5008.0,10.0,0.705783
5008.0,11.0,0.997199
5008.0,12.0,0.419112
5008.0,13.0,0.435962
5008.0,14.0,0.484563
5008.0,15.0,0.552115
5008.0,16.0,0.271612
5008.0,17.0,0.687019
5008.0,18.0,1.0
5008.0,19.0,0.427446
5008.0,20.0,0.999589
5008.0,21.0,1.0
5008.0,22.0,0.427773
5008.0,23.0,0.0
5008.0,24.0,0.035546
5008.0,25.0,0.223572
5008.0,26.0,0.590729
5008.0,27.0,0.563382
5008.0,28.0,0.0
5008.0,29.0,0.427431
5008.0,30.0,0.660105
5008.0,31.0,0.0
5008.0,32.0,0.501353
5008.0,33.0,1.0
5008.0,34.0,0.408299
5008.0,35.0,0.449902
5008.0,36.0,1.0
5009.0,0.0,0.245689
5009.0,1.0,0.027883
5009.0,2.0,0.496806
5009.0,3.0,0.851287
5009.0,4.0,0.0
5009.0,5.0,0.109703
5009.0,6.0,0.365234
5009.0,7.0,0.758029
5009.0,8.0,0.688027
5009.0,9.0,0.666893
5009.0,10.0,0.705702
5009.0,11.0,0.99705
5009.0,12.0,0.415471
5009.0,13.0,0.40299
5009.0,14.0,0.470823
5009.0,15.0,0.542338
5009.0,16.0,0.263106
5009.0,17.0,0.677212
5009.0,18.0,1.0
5009.0,19.0,0.423406
5009.0,20.0,0.999555
5009.0,21.0,1.0
5009.0,22.0,0.426499
5009.0,23.0,0.0
5009.0,24.0,0.03414
5009.0,25.0,0.223548
5009.0,26.0,0.587177
5009.0,27.0,0.561665
5009.0,28.0,0.0
5009.0,29.0,0.434285
5009.0,30.0,0.656536
5009.0,31.0,0.0
5009.0,32.0,0.48799
5009.0,33.0,1.0
5009.0,34.0,0.397097
5009.0,35.0,0.438747
5009.0,36.0,1.0
5010.0,0.0,0.233599
5010.0,1.0,0.027007
5010.0,2.0,0.490777
5010.0,3.0,0.847944
5010.0,4.0,0.0
5010.0,5.0,0.108035
5010.0,6.0,0.362361
5010.0,7.0,0.745526
5010.0,8.0,0.681472
5010.0,9.0,0.66523
5010.0,10.0,0.70569
5010.0,11.0,0.997025
5010.0,12.0,0.412297
5010.0,13.0,0.372057
5010.0,14.0,0.457294
5010.0,15.0,0.532016
5010.0,16.0,0.255143
5010.0,17.0,0.668214
5010.0,18.0,1.0
5010.0,19.0,0.419611
5010.0,20.0,0.999515
5010.0,21.0,1.0
5010.0,22.0,0.425175
5010.0,23.0,0.0
5010.0,24.0,0.032894
5010.0,25.0,0.2224
5010.0,26.0,0.583191
5010.0,27.0,0.56006
5010.0,28.0,0.0
5010.0,29.0,0.439359
5010.0,30.0,0.652121
5010.0,31.0,0.0
5010.0,32.0,0.475488
5010.0,33.0,1.0
5010.0,34.0,0.386306
5010.0,35.0,0.428684
5010.0,36.0,1.0
6000.0,0.0,0.228078
6000.0,1.0,0.035688
6000.0,2.0,0.490691
6000.0,3.0,0.830961
6000.0,4.0,0.0
6000.0,5.0,0.110043
6000.0,6.0,0.364393
6000.0,7.0,0.758112
6000.0,8.0,0.675402
6000.0,9.0,0.670315
6000.0,10.0,0.705985
6000.0,11.0,0.994549
6000.0,12.0,0.424958
6000.0,13.0,0.370505
6000.0,14.0,0.453465
6000.0,15.0,0.534835
6000.0,16.0,0.252886
6000.0,17.0,0.657261
6000.0,18.0,1.0
6000.0,19.0,0.416497
6000.0,20.0,1.0
6000.0,21.0,1.0
6000.0,22.0,0.415861
6000.0,23.0,0.0
6000.0,24.0,0.021489
6000.0,25.0,0.218856
6000.0,26.0,0.580341
6000.0,27.0,0.564363
6000.0,28.0,0.0
6000.0,29.0,0.457201
6000.0,30.0,0.676055
6000.0,31.0,0.0
6000.0,32.0,0.479529
6000.0,33.0,1.0
6000.0,34.0,0.386972
6000.0,35.0,0.427982
6000.0,36.0,1.0
6001.0,0.0,0.240663
6001.0,1.0,0.036782
6001.0,2.0,0.497457
6001.0,3.0,0.834719
6001.0,4.0,0.0
6001.0,5.0,0.111579
6001.0,6.0,0.369313
6001.0,7.0,0.770801
6001.0,8.0,0.683042
6001.0,9.0,0.672494
6001.0,10.0,0.706888
6001.0,11.0,0.994702
6001.0,12.0,0.428755
6001.0,13.0,0.407778
6001.0,14.0,0.46846
6001.0,15.0,0.544361
6001.0,16.0,0.262513
6001.0,17.0,0.667429
6001.0,18.0,1.0
6001.0,19.0,0.420414
6001.0,20.0,1.0
6001.0,21.0,1.0
6001.0,22.0,0.417957
6001.0,23.0,0.0
6001.0,24.0,0.022395
6001.0,25.0,0.218704
6001.0,26.0,0.584161
6001.0,27.0,0.565051
6001.0,28.0,0.0
6001.0,29.0,0.44837
6001.0,30.0,0.680311
6001.0,31.0,0.0
6001.0,32.0,0.494613
6001.0,33.0,1.0
6001.0,34.0,0.398621
6001.0,35.0,0.438325
6001.0,36.0,1.0
6002.0,0.0,0.253068
6002.0,1.0,0.037648
6002.0,2.0,0.503624
6002.0,3.0,0.839107
6002.0,4.0,0.0
6002.0,5.0,0.11341
6002.0,6.0,0.373527
6002.0,7.0,0.782529
6002.0,8.0,0.690105
6002.0,9.0,0.673694
6002.0,10.0,0.707678
6002.0,11.0,0.994801
6002.0,12.0,0.432304
6002.0,13.0,0.444115
6002.0,14.0,0.483204
6002.0,15.0,0.554296
6002.0,16.0,0.271076
6002.0,17.0,0.677144
6002.0,18.0,1.0
6002.0,19.0,0.424071
6002.0,20.0,1.0
6002.0,21.0,1.0
6002.0,22.0,0.418736
6002.0,23.0,0.0
6002.0,24.0,0.023148
6002.0,25.0,0.218663
6002.0,26.0,0.587464
6002.0,27.0,0.566159
6002.0,28.0,0.0
6002.0,29.0,0.440359
6002.0,30.0,0.684896
6002.0,31.0,0.0
6002.0,32.0,0.508294
6002.0,33.0,1.0
6002.0,34.0,0.409718
6002.0,35.0,0.448798
6002.0,36.0,1.0
6003.0,0.0,0.266836
6003.0,1.0,0.038415
6003.0,2.0,0.509624
6003.0,3.0,0.843164
6003.0,4.0,0.0
6003.0,5.0,0.115523
6003.0,6.0,0.377212
6003.0,7.0,0.794364
6003.0,8.0,0.695676
6003.0,9.0,0.674772
6003.0,10.0,0.708707
6003.0,11.0,0.994983
6003.0,12.0,0.43475
6003.0,13.0,0.478394
6003.0,14.0,0.497557
6003.0,15.0,0.56477
6003.0,16.0,0.280093
6003.0,17.0,0.686609
6003.0,18.0,1.0
6003.0,19.0,0.427748
6003.0,20.0,1.0
6003.0,21.0,1.0
6003.0,22.0,0.419753
6003.0,23.0,0.0
6003.0,24.0,0.023819
6003.0,25.0,0.218972
6003.0,26.0,0.590666
6003.0,27.0,0.567147
6003.0,28.0,0.0
6003.0,29.0,0.43336
6003.0,30.0,0.689095
6003.0,31.0,0.0
6003.0,32.0,0.520622
6003.0,33.0,1.0
6003.0,34.0,0.421739
6003.0,35.0,0.459506
6003.0,36.0,1.0
6004.0,0.0,0.281362
6004.0,1.0,0.039752
6004.0,2.0,0.516642
6004.0,3.0,0.846617
6004.0,4.0,0.0
6004.0,5.0,0.117465
6004.0,6.0,0.380869
6004.0,7.0,0.804861
6004.0,8.0,0.702504
6004.0,9.0,0.675222
6004.0,10.0,0.709587
6004.0,11.0,0.995172
6004.0,12.0,0.438033
6004.0,13.0,0.509803
6004.0,14.0,0.511085
6004.0,15.0,0.573087
6004.0,16.0,0.288838
6004.0,17.0,0.694442
6004.0,18.0,1.0
6004.0,19.0,0.430863
6004.0,20.0,1.0
6004.0,21.0,1.0
6004.0,22.0,0.420923
6004.0,23.0,0.0
6004.0,24.0,0.02498
6004.0,25.0,0.218881
6004.0,26.0,0.593789
6004.0,27.0,0.569077
6004.0,28.0,0.0
6004.0,29.0,0.427347
6004.0,30.0,0.693454
6004.0,31.0,0.0
6004.0,32.0,0.531881
6004.0,33.0,1.0
6004.0,34.0,0.432664
6004.0,35.0,0.469819
6004.0,36.0,1.0
6005.0,0.0,0.294893
6005.0,1.0,0.040683
6005.0,2.0,0.521829
6005.0,3.0,0.849645
6005.0,4.0,0.0
6005.0,5.0,0.119686
6005.0,6.0,0.384461
6005.0,7.0,0.814479
6005.0,8.0,0.709322
6005.0,9.0,0.676643
6005.0,10.0,0.710618
6005.0,11.0,0.995278
6005.0,12.0,0.440577
6005.0,13.0,0.539419
6005.0,14.0,0.525182
6005.0,15.0,0.58186
6005.0,16.0,0.297928
6005.0,17.0,0.702773
6005.0,18.0,1.0
6005.0,19.0,0.434326
6005.0,20.0,1.0
6005.0,21.0,1.0
6005.0,22.0,0.421977
6005.0,23.0,0.0
6005.0,24.0,0.025928
6005.0,25.0,0.219047
6005.0,26.0,0.597219
6005.0,27.0,0.570333
6005.0,28.0,0.0
6005.0,29.0,0.420855
6005.0,30.0,0.698182
6005.0,31.0,0.0
6005.0,32.0,0.542897
6005.0,33.0,1.0
6005.0,34.0,0.44321
6005.0,35.0,0.479915
6005.0,36.0,1.0
6006.0,0.0,0.281402
6006.0,1.0,0.039067
6006.0,2.0,0.514179
6006.0,3.0,0.845878
6006.0,4.0,0.0
6006.0,5.0,0.117446
6006.0,6.0,0.380562
6006.0,7.0,0.802868
6006.0,8.0,0.702376
6006.0,9.0,0.675455
6006.0,10.0,0.709946
6006.0,11.0,0.995196
6006.0,12.0,0.437029
6006.0,13.0,0.503712
6006.0,14.0,0.510123
6006.0,15.0,0.572534
6006.0,16.0,0.288032
6006.0,17.0,0.693935
6006.0,18.0,1.0
6006.0,19.0,0.429972
6006.0,20.0,1.0
6006.0,21.0,1.0
6006.0,22.0,0.421113
6006.0,23.0,0.0
6006.0,24.0,0.02493
6006.0,25.0,0.21879
6006.0,26.0,0.592757
6006.0,27.0,0.568753
6006.0,28.0,0.0
6006.0,29.0,0.428423
6006.0,30.0,0.693202
6006.0,31.0,0.0
6006.0,32.0,0.530714
6006.0,33.0,1.0
6006.0,34.0,0.431386
6006.0,35.0,0.468578
6006.0,36.0,1.0
6007.0,0.0,0.267999
6007.0,1.0,0.037829
6007.0,2.0,0.508132
6007.0,3.0,0.841828
6007.0,4.0,0.0
6007.0,5.0,0.115016
6007.0,6.0,0.376614
6007.0,7.0,0.79115
6007.0,8.0,0.696184
6007.0,9.0,0.674548
6007.0,10.0,0.708353
6007.0,11.0,0.995041
6007.0,12.0,0.434491
6007.0,13.0,0.468798
6007.0,14.0,0.494771
6007.0,15.0,0.562558
6007.0,16.0,0.278848
6007.0,17.0,0.685196
6007.0,18.0,1.0
6007.0,19.0,0.42649
6007.0,20.0,1.0
6007.0,21.0,1.0
6007.0,22.0,0.419587
6007.0,23.0,0.0
6007.0,24.0,0.024165
6007.0,25.0,0.21805
6007.0,26.0,0.589941
6007.0,27.0,0.567212
6007.0,28.0,0.0
6007.0,29.0,0.436458
6007.0,30.0,0.688169
6007.0,31.0,0.0
6007.0,32.0,0.517899
6007.0,33.0,1.0
6007.0,34.0,0.420161
6007.0,35.0,0.45846
6007.0,36.0,1.0
6008.0,0.0,0.254003
6008.0,1.0,0.036946
6008.0,2.0,0.502314
6008.0,3.0,0.83805
6008.0,4.0,0.0
6008.0,5.0,0.112758
6008.0,6.0,0.373099
6008.0,7.0,0.779365
6008.0,8.0,0.689732
6008.0,9.0,0.672873
6008.0,10.0,0.707729
6008.0,11.0,0.995019
6008.0,12.0,0.431285
6008.0,13.0,0.436345
6008.0,14.0,0.480075
6008.0,15.0,0.55402
6008.0,16.0,0.269902
6008.0,17.0,0.676068
6008.0,18.0,1.0
6008.0,19.0,0.422433
6008.0,20.0,1.0
6008.0,21.0,1.0
6008.0,22.0,0.418804
6008.0,23.0,0.0
6008.0,24.0,0.02302
6008.0,25.0,0.217673
6008.0,26.0,0.58602
6008.0,27.0,0.566047
6008.0,28.0,0.0
6008.0,29.0,0.443159
6008.0,30.0,0.684421
6008.0,31.0,0.0
6008.0,32.0,0.506173
6008.0,33.0,1.0
6008.0,34.0,0.409464
6008.0,35.0,0.449639
6008.0,36.0,1.0
6009.0,0.0,0.241515
6009.0,1.0,0.036079
6009.0,2.0,0.497044
6009.0,3.0,0.8339
6009.0,4.0,0.0
6009.0,5.0,0.110567
6009.0,6.0,0.368811
6009.0,7.0,0.766444
6009.0,8.0,0.683113
6009.0,9.0,0.671203
6009.0,10.0,0.706606
6009.0,11.0,0.994888
6009.0,12.0,0.428838
6009.0,13.0,0.404139
6009.0,14.0,0.465235
6009.0,15.0,0.544841
6009.0,16.0,0.260819
6009.0,17.0,0.666168
6009.0,18.0,1.0
6009.0,19.0,0.418978
6009.0,20.0,1.0
6009.0,21.0,1.0
6009.0,22.0,0.41829
6009.0,23.0,0.0
6009.0,24.0,0.022309
6009.0,25.0,0.217915
6009.0,26.0,0.582409
6009.0,27.0,0.565471
6009.0,28.0,0.0
6009.0,29.0,0.449894
6009.0,30.0,0.679897
6009.0,31.0,0.0
6009.0,32.0,0.494313
6009.0,33.0,1.0
6009.0,34.0,0.399047
6009.0,35.0,0.439169
6009.0,36.0,1.0
6010.0,0.0,0.229276
6010.0,1.0,0.035128
6010.0,2.0,0.491117
6010.0,3.0,0.830448
6010.0,4.0,0.0
6010.0,5.0,0.108635
6010.0,6.0,0.365341
6010.0,7.0,0.754703
6010.0,8.0,0.676322
6010.0,9.0,0.669851
6010.0,10.0,0.70589
6010.0,11.0,0.994758
6010.0,12.0,0.425537
6010.0,13.0,0.373581
6010.0,14.0,0.452139
6010.0,15.0,0.535555
6010.0,16.0,0.252163
6010.0,17.0,0.657068
6010.0,18.0,1.0
6010.0,19.0,0.415358
6010.0,20.0,1.0
6010.0,21.0,1.0
6010.0,22.0,0.417252
6010.0,23.0,0.0
6010.0,24.0,0.021434
6010.0,25.0,0.217826
6010.0,26.0,0.579037
6010.0,27.0,0.564691
6010.0,28.0,0.0
6010.0,29.0,0.456464
6010.0,30.0,0.675428
6010.0,31.0,0.0
6010.0,32.0,0.482082
6010.0,33.0,1.0
6010.0,34.0,0.388059
6010.0,35.0,0.429875
6010.0,36.0,1.0
7000.0,0.0,0.231855
7000.0,1.0,0.028609
7000.0,2.0,0.487713
7000.0,3.0,0.835963
7000.0,4.0,0.0
7000.0,5.0,0.115584
7000.0,6.0,0.364831
7000.0,7.0,0.7518
7000.0,8.0,0.673375
7000.0,9.0,0.68711
7000.0,10.0,0.682326
7000.0,11.0,0.998535
7000.0,12.0,0.426145
7000.0,13.0,0.372366
7000.0,14.0,0.450955
7000.0,15.0,0.533907
7000.0,16.0,0.25282
7000.0,17.0,0.650818
7000.0,18.0,1.0
7000.0,19.0,0.415805
7000.0,20.0,1.0
7000.0,21.0,1.0
7000.0,22.0,0.412804
7000.0,23.0,0.0
7000.0,24.0,0.015082
7000.0,25.0,0.197314
7000.0,26.0,0.573585
7000.0,27.0,0.593418
7000.0,28.0,0.0
7000.0,29.0,0.477582
7000.0,30.0,0.697704
7000.0,31.0,0.0
7000.0,32.0,0.475359
7000.0,33.0,1.0
7000.0,34.0,0.380275
7000.0,35.0,0.426604
7000.0,36.0,1.0
7001.0,0.0,0.244229
7001.0,1.0,0.029404
7001.0,2.0,0.49324
7001.0,3.0,0.840397
7001.0,4.0,0.0
7001.0,5.0,0.118025
7001.0,6.0,0.369125
7001.0,7.0,0.764869
7001.0,8.0,0.6803
7001.0,9.0,0.688784
7001.0,10.0,0.68353
7001.0,11.0,0.99855
7001.0,12.0,0.42903
7001.0,13.0,0.41046
7001.0,14.0,0.465516
7001.0,15.0,0.543314
7001.0,16.0,0.261061
7001.0,17.0,0.660901
7001.0,18.0,1.0
7001.0,19.0,0.419918
7001.0,20.0,1.0
7001.0,21.0,1.0
7001.0,22.0,0.415146
7001.0,23.0,0.0
7001.0,24.0,0.015539
7001.0,25.0,0.197409
7001.0,26.0,0.577301
7001.0,27.0,0.595136
7001.0,28.0,0.0
7001.0,29.0,0.466324
7001.0,30.0,0.701709
7001.0,31.0,0.0
7001.0,32.0,0.491388
7001.0,33.0,1.0
7001.0,34.0,0.392183
7001.0,35.0,0.437307
7001.0,36.0,1.0
7002.0,0.0,0.257137
7002.0,1.0,0.030105
7002.0,2.0,0.500039
7002.0,3.0,0.84453
7002.0,4.0,0.0
7002.0,5.0,0.120063
7002.0,6.0,0.373527
7002.0,7.0,0.776887
7002.0,8.0,0.686725
7002.0,9.0,0.690361
7002.0,10.0,0.68484
7002.0,11.0,0.998677
7002.0,12.0,0.432836
7002.0,13.0,0.446795
7002.0,14.0,0.480746
7002.0,15.0,0.552945
7002.0,16.0,0.269699
7002.0,17.0,0.669958
7002.0,18.0,1.0
7002.0,19.0,0.423558
7002.0,20.0,1.0
7002.0,21.0,1.0
7002.0,22.0,0.416573
7002.0,23.0,0.0
7002.0,24.0,0.016185
7002.0,25.0,0.197693
7002.0,26.0,0.581192
7002.0,27.0,0.597623
7002.0,28.0,0.0
7002.0,29.0,0.457642
7002.0,30.0,0.705759
7002.0,31.0,0.0
7002.0,32.0,0.504737
7002.0,33.0,1.0
7002.0,34.0,0.404266
7002.0,35.0,0.447649
7002.0,36.0,1.0
7003.0,0.0,0.270082
7003.0,1.0,0.03073
7003.0,2.0,0.506569
7003.0,3.0,0.848244
7003.0,4.0,0.0
7003.0,5.0,0.122144
7003.0,6.0,0.377371
7003.0,7.0,0.788647
7003.0,8.0,0.693075
7003.0,9.0,0.692183
7003.0,10.0,0.685991
7003.0,11.0,0.998688
7003.0,12.0,0.436054
7003.0,13.0,0.481556
7003.0,14.0,0.494882
7003.0,15.0,0.562583
7003.0,16.0,0.278387
7003.0,17.0,0.679108
7003.0,18.0,1.0
7003.0,19.0,0.427561
7003.0,20.0,1.0
7003.0,21.0,1.0
7003.0,22.0,0.418224
7003.0,23.0,0.0
7003.0,24.0,0.016809
7003.0,25.0,0.198574
7003.0,26.0,0.58354
7003.0,27.0,0.599736
7003.0,28.0,0.0
7003.0,29.0,0.449096
7003.0,30.0,0.71001
7003.0,31.0,0.0
7003.0,32.0,0.517555
7003.0,33.0,1.0
7003.0,34.0,0.415009
7003.0,35.0,0.457625
7003.0,36.0,1.0
7004.0,0.0,0.282306
7004.0,1.0,0.03129
7004.0,2.0,0.512235
7004.0,3.0,0.852481
7004.0,4.0,0.0
7004.0,5.0,0.123673
7004.0,6.0,0.381468
7004.0,7.0,0.800244
7004.0,8.0,0.700284
7004.0,9.0,0.693815
7004.0,10.0,0.687283
7004.0,11.0,0.998693
7004.0,12.0,0.439193
7004.0,13.0,0.512959
7004.0,14.0,0.509298
7004.0,15.0,0.570395
7004.0,16.0,0.286819
7004.0,17.0,0.68838
7004.0,18.0,1.0
7004.0,19.0,0.431875
7004.0,20.0,1.0
7004.0,21.0,1.0
7004.0,22.0,0.419656
7004.0,23.0,0.0
7004.0,24.0,0.017371
7004.0,25.0,0.198677
7004.0,26.0,0.587447
7004.0,27.0,0.601473
7004.0,28.0,0.0
7004.0,29.0,0.442026
7004.0,30.0,0.71435
7004.0,31.0,0.0
7004.0,32.0,0.528476
7004.0,33.0,1.0
7004.0,34.0,0.425989
7004.0,35.0,0.467191
7004.0,36.0,1.0
7005.0,0.0,0.294929
7005.0,1.0,0.031772
7005.0,2.0,0.518374
7005.0,3.0,0.855657
7005.0,4.0,0.0
7005.0,5.0,0.125402
7005.0,6.0,0.385041
7005.0,7.0,0.810989
7005.0,8.0,0.706613
7005.0,9.0,0.694638
7005.0,10.0,0.688568
7005.0,11.0,0.998741
7005.0,12.0,0.442398
7005.0,13.0,0.542288
7005.0,14.0,0.523481
7005.0,15.0,0.579439
7005.0,16.0,0.295187
7005.0,17.0,0.696355
7005.0,18.0,1.0
7005.0,19.0,0.436258
7005.0,20.0,1.0
7005.0,21.0,1.0
7005.0,22.0,0.421981
7005.0,23.0,0.0
7005.0,24.0,0.017907
7005.0,25.0,0.199193
7005.0,26.0,0.591141
7005.0,27.0,0.602668
7005.0,28.0,0.0
7005.0,29.0,0.4347
7005.0,30.0,0.719016
7005.0,31.0,0.0
7005.0,32.0,0.539389
7005.0,33.0,1.0
7005.0,34.0,0.437519
7005.0,35.0,0.477167
7005.0,36.0,1.0
7006.0,0.0,0.280613
7006.0,1.0,0.030989
7006.0,2.0,0.511299
7006.0,3.0,0.851817
7006.0,4.0,0.0
7006.0,5.0,0.123175
7006.0,6.0,0.380096
7006.0,7.0,0.800542
7006.0,8.0,0.700225
7006.0,9.0,0.692717
7006.0,10.0,0.688183
7006.0,11.0,0.99875
7006.0,12.0,0.438812
7006.0,13.0,0.506582
7006.0,14.0,0.507507
7006.0,15.0,0.569558
7006.0,16.0,0.285679
7006.0,17.0,0.687474
7006.0,18.0,1.0
7006.0,19.0,0.431467
7006.0,20.0,1.0
7006.0,21.0,1.0
7006.0,22.0,0.420561
7006.0,23.0,0.0
7006.0,24.0,0.017284
7006.0,25.0,0.19861
7006.0,26.0,0.588601
7006.0,27.0,0.601727
7006.0,28.0,0.0
7006.0,29.0,0.443384
7006.0,30.0,0.71494
7006.0,31.0,0.0
7006.0,32.0,0.526849
7006.0,33.0,1.0
7006.0,34.0,0.425443
7006.0,35.0,0.466111
7006.0,36.0,1.0
7007.0,0.0,0.266728
7007.0,1.0,0.030324
7007.0,2.0,0.505333
7007.0,3.0,0.848073
7007.0,4.0,0.0
7007.0,5.0,0.12111
7007.0,6.0,0.376167
7007.0,7.0,0.788836
7007.0,8.0,0.69281
7007.0,9.0,0.69204
7007.0,10.0,0.687466
7007.0,11.0,0.998729
7007.0,12.0,0.435362
7007.0,13.0,0.471508
7007.0,14.0,0.493034
7007.0,15.0,0.560426
7007.0,16.0,0.277015
7007.0,17.0,0.677532
7007.0,18.0,1.0
7007.0,19.0,0.426585
7007.0,20.0,1.0
7007.0,21.0,1.0
7007.0,22.0,0.41899
7007.0,23.0,0.0
7007.0,24.0,0.01667
7007.0,25.0,0.198752
7007.0,26.0,0.585459
7007.0,27.0,0.600295
7007.0,28.0,0.0
7007.0,29.0,0.450858
7007.0,30.0,0.711335
7007.0,31.0,0.0
7007.0,32.0,0.515315
7007.0,33.0,1.0
7007.0,34.0,0.413636
7007.0,35.0,0.455667
7007.0,36.0,1.0
7008.0,0.0,0.253653
7008.0,1.0,0.029864
7008.0,2.0,0.499745
7008.0,3.0,0.844113
7008.0,4.0,0.0
7008.0,5.0,0.119129
7008.0,6.0,0.372065
7008.0,7.0,0.777574
7008.0,8.0,0.686036
7008.0,9.0,0.691608
7008.0,10.0,0.687265
7008.0,11.0,0.998618
7008.0,12.0,0.431868
7008.0,13.0,0.436873
7008.0,14.0,0.478609
7008.0,15.0,0.549892
7008.0,16.0,0.268178
7008.0,17.0,0.669026
7008.0,18.0,1.0
7008.0,19.0,0.423157
7008.0,20.0,1.0
7008.0,21.0,1.0
7008.0,22.0,0.417648
7008.0,23.0,0.0
7008.0,24.0,0.016147
7008.0,25.0,0.198238
7008.0,26.0,0.581354
7008.0,27.0,0.59908
7008.0,28.0,0.0
7008.0,29.0,0.460177
7008.0,30.0,0.707412
7008.0,31.0,0.0
7008.0,32.0,0.502112
7008.0,33.0,1.0
7008.0,34.0,0.402006
7008.0,35.0,0.445402
7008.0,36.0,1.0
7009.0,0.0,0.240954
7009.0,1.0,0.0291
7009.0,2.0,0.493755
7009.0,3.0,0.840192
7009.0,4.0,0.0
7009.0,5.0,0.117227
7009.0,6.0,0.369676
7009.0,7.0,0.766191
7009.0,8.0,0.678598
7009.0,9.0,0.69021
7009.0,10.0,0.687204
7009.0,11.0,0.998554
7009.0,12.0,0.428611
7009.0,13.0,0.404255
7009.0,14.0,0.463387
7009.0,15.0,0.540287
7009.0,16.0,0.259795
7009.0,17.0,0.660108
7009.0,18.0,1.0
7009.0,19.0,0.420037
7009.0,20.0,1.0
7009.0,21.0,1.0
7009.0,22.0,0.416152
7009.0,23.0,0.0
7009.0,24.0,0.015369
7009.0,25.0,0.197938
7009.0,26.0,0.577986
7009.0,27.0,0.597391
7009.0,28.0,0.0
7009.0,29.0,0.467866
7009.0,30.0,0.702927
7009.0,31.0,0.0
7009.0,32.0,0.489971
7009.0,33.0,1.0
7009.0,34.0,0.390969
7009.0,35.0,0.435264
7009.0,36.0,1.0
7010.0,0.0,0.228809
7010.0,1.0,0.028554
7010.0,2.0,0.487049
7010.0,3.0,0.836396
7010.0,4.0,0.0
7010.0,5.0,0.115383
7010.0,6.0,0.365226
7010.0,7.0,0.752975
7010.0,8.0,0.671862
7010.0,9.0,0.68862
7010.0,10.0,0.686117
7010.0,11.0,0.998518
7010.0,12.0,0.426168
7010.0,13.0,0.37255
7010.0,14.0,0.449388
7010.0,15.0,0.529851
7010.0,16.0,0.252464
7010.0,17.0,0.650351
7010.0,18.0,1.0
7010.0,19.0,0.416173
7010.0,20.0,1.0
7010.0,21.0,1.0
7010.0,22.0,0.414789
7010.0,23.0,0.0
7010.0,24.0,0.014842
7010.0,25.0,0.197952
7010.0,26.0,0.574946
7010.0,27.0,0.596612
7010.0,28.0,0.0
7010.0,29.0,0.47656
7010.0,30.0,0.699116
7010.0,31.0,0.0
7010.0,32.0,0.476511
7010.0,33.0,1.0
7010.0,34.0,0.379893
7010.0,35.0,0.425605
7010.0,36.0,1.0
8000.0,0.0,0.227601
8000.0,1.0,0.023043
8000.0,2.0,0.492487
8000.0,3.0,0.832825
8000.0,4.0,0.0
8000.0,5.0,0.115502
8000.0,6.0,0.363413
8000.0,7.0,0.756151
8000.0,8.0,0.677034
8000.0,9.0,0.715569
8000.0,10.0,0.681754
8000.0,11.0,0.999814
8000.0,12.0,0.404772
8000.0,13.0,0.370339
8000.0,14.0,0.451619
8000.0,15.0,0.528871
8000.0,16.0,0.252718
8000.0,17.0,0.650188
8000.0,18.0,1.0
8000.0,19.0,0.425774
8000.0,20.0,1.0
8000.0,21.0,1.0
8000.0,22.0,0.429519
8000.0,23.0,0.0
8000.0,24.0,0.006271
8000.0,25.0,0.189462
8000.0,26.0,0.581678
8000.0,27.0,0.582018
8000.0,28.0,0.0
8000.0,29.0,0.484228
8000.0,30.0,0.676989
8000.0,31.0,0.0
8000.0,32.0,0.478395
8000.0,33.0,1.0
8000.0,34.0,0.387667
8000.0,35.0,0.430298
8000.0,36.0,1.0
8001.0,0.0,0.24014
8001.0,1.0,0.023871
8001.0,2.0,0.499571
8001.0,3.0,0.837424
8001.0,4.0,0.0
8001.0,5.0,0.117471
8001.0,6.0,0.367876
8001.0,7.0,0.769105
8001.0,8.0,0.685243
8001.0,9.0,0.717336
8001.0,10.0,0.682292
8001.0,11.0,0.999804
8001.0,12.0,0.40733
8001.0,13.0,0.407585
8001.0,14.0,0.466357
8001.0,15.0,0.539607
8001.0,16.0,0.261573
8001.0,17.0,0.659527
8001.0,18.0,1.0
8001.0,19.0,0.430129
8001.0,20.0,1.0
8001.0,21.0,1.0
8001.0,22.0,0.430605
8001.0,23.0,0.0
8001.0,24.0,0.006544
8001.0,25.0,0.190192
8001.0,26.0,0.585646
8001.0,27.0,0.582493
8001.0,28.0,0.0
8001.0,29.0,0.473797
8001.0,30.0,0.681431
8001.0,31.0,0.0
8001.0,32.0,0.493176
8001.0,33.0,1.0
8001.0,34.0,0.399637
8001.0,35.0,0.440822
8001.0,36.0,1.0
8002.0,0.0,0.252363
8002.0,1.0,0.024594
8002.0,2.0,0.505382
8002.0,3.0,0.841761
8002.0,4.0,0.0
8002.0,5.0,0.119392
8002.0,6.0,0.372392
8002.0,7.0,0.780573
8002.0,8.0,0.692082
8002.0,9.0,0.718421
8002.0,10.0,0.683443
8002.0,11.0,0.9998
8002.0,12.0,0.409944
8002.0,13.0,0.443709
8002.0,14.0,0.48154
8002.0,15.0,0.550377
8002.0,16.0,0.269569
8002.0,17.0,0.669947
8002.0,18.0,1.0
8002.0,19.0,0.434224
8002.0,20.0,1.0
8002.0,21.0,1.0
8002.0,22.0,0.431563
8002.0,23.0,0.0
8002.0,24.0,0.006749
8002.0,25.0,0.190836
8002.0,26.0,0.589227
8002.0,27.0,0.584205
8002.0,28.0,0.0
8002.0,29.0,0.465655
8002.0,30.0,0.685838
8002.0,31.0,0.0
8002.0,32.0,0.505482
8002.0,33.0,1.0
8002.0,34.0,0.411048
8002.0,35.0,0.451118
8002.0,36.0,1.0
8003.0,0.0,0.264182
8003.0,1.0,0.025209
8003.0,2.0,0.511722
8003.0,3.0,0.845589
8003.0,4.0,0.0
8003.0,5.0,0.121586
8003.0,6.0,0.37586
8003.0,7.0,0.792314
8003.0,8.0,0.69823
8003.0,9.0,0.719551
8003.0,10.0,0.684298
8003.0,11.0,0.999824
8003.0,12.0,0.413249
8003.0,13.0,0.477481
8003.0,14.0,0.496503
8003.0,15.0,0.560165
8003.0,16.0,0.277373
8003.0,17.0,0.678912
8003.0,18.0,1.0
8003.0,19.0,0.437991
8003.0,20.0,1.0
8003.0,21.0,1.0
8003.0,22.0,0.433503
8003.0,23.0,0.0
8003.0,24.0,0.006929
8003.0,25.0,0.190606
8003.0,26.0,0.592772
8003.0,27.0,0.586084
8003.0,28.0,0.0
8003.0,29.0,0.457268
8003.0,30.0,0.690079
8003.0,31.0,0.0
8003.0,32.0,0.51739
8003.0,33.0,1.0
8003.0,34.0,0.422184
8003.0,35.0,0.460586
8003.0,36.0,1.0
8004.0,0.0,0.277344
8004.0,1.0,0.025549
8004.0,2.0,0.517568
8004.0,3.0,0.848966
8004.0,4.0,0.0
8004.0,5.0,0.123621
8004.0,6.0,0.380103
8004.0,7.0,0.802982
8004.0,8.0,0.704386
8004.0,9.0,0.721095
8004.0,10.0,0.685194
8004.0,11.0,0.999811
8004.0,12.0,0.415208
8004.0,13.0,0.509131
8004.0,14.0,0.511477
8004.0,15.0,0.570298
8004.0,16.0,0.286343
8004.0,17.0,0.688003
8004.0,18.0,1.0
8004.0,19.0,0.441245
8004.0,20.0,1.0
8004.0,21.0,1.0
8004.0,22.0,0.434934
8004.0,23.0,0.0
8004.0,24.0,0.007048
8004.0,25.0,0.190575
8004.0,26.0,0.595193
8004.0,27.0,0.586758
8004.0,28.0,0.0
8004.0,29.0,0.449775
8004.0,30.0,0.694542
8004.0,31.0,0.0
8004.0,32.0,0.528131
8004.0,33.0,1.0
8004.0,34.0,0.432859
8004.0,35.0,0.470799
8004.0,36.0,1.0
8005.0,0.0,0.291261
8005.0,1.0,0.026141
8005.0,2.0,0.523424
8005.0,3.0,0.852118
8005.0,4.0,0.0
8005.0,5.0,0.125223
8005.0,6.0,0.384374
8005.0,7.0,0.812949
8005.0,8.0,0.710705
8005.0,9.0,0.722015
8005.0,10.0,0.686858
8005.0,11.0,0.999813
8005.0,12.0,0.418703
8005.0,13.0,0.538507
8005.0,14.0,0.525796
8005.0,15.0,0.579631
8005.0,16.0,0.294697
8005.0,17.0,0.697156
8005.0,18.0,1.0
8005.0,19.0,0.444689
8005.0,20.0,1.0
8005.0,21.0,1.0
8005.0,22.0,0.436815
8005.0,23.0,0.0
8005.0,24.0,0.007193
8005.0,25.0,0.190814
8005.0,26.0,0.597691
8005.0,27.0,0.588086
8005.0,28.0,0.0
8005.0,29.0,0.442396
8005.0,30.0,0.699437
8005.0,31.0,0.0
8005.0,32.0,0.538884
8005.0,33.0,1.0
8005.0,34.0,0.443307
8005.0,35.0,0.480391
8005.0,36.0,1.0
8006.0,0.0,0.276593
8006.0,1.0,0.025601
8006.0,2.0,0.517081
8006.0,3.0,0.848623
8006.0,4.0,0.0
8006.0,5.0,0.122857
8006.0,6.0,0.380097
8006.0,7.0,0.801689
8006.0,8.0,0.704666
8006.0,9.0,0.721462
8006.0,10.0,0.68617
8006.0,11.0,0.999795
8006.0,12.0,0.415148
8006.0,13.0,0.50336
8006.0,14.0,0.509303
8006.0,15.0,0.570335
8006.0,16.0,0.284757
8006.0,17.0,0.688702
8006.0,18.0,1.0
8006.0,19.0,0.439874
8006.0,20.0,1.0
8006.0,21.0,1.0
8006.0,22.0,0.435609
8006.0,23.0,0.0
8006.0,24.0,0.006983
8006.0,25.0,0.190961
8006.0,26.0,0.593018
8006.0,27.0,0.587022
8006.0,28.0,0.0
8006.0,29.0,0.450626
8006.0,30.0,0.695964
8006.0,31.0,0.0
8006.0,32.0,0.527126
8006.0,33.0,1.0
8006.0,34.0,0.4304
8006.0,35.0,0.469483
8006.0,36.0,1.0
8007.0,0.0,0.262932
8007.0,1.0,0.025294
8007.0,2.0,0.510834
8007.0,3.0,0.845174
8007.0,4.0,0.0
8007.0,5.0,0.121245
8007.0,6.0,0.375507
8007.0,7.0,0.789711
8007.0,8.0,0.69894
8007.0,9.0,0.720205
8007.0,10.0,0.685755
8007.0,11.0,0.999807
8007.0,12.0,0.412169
8007.0,13.0,0.468497
8007.0,14.0,0.493865
8007.0,15.0,0.5611
8007.0,16.0,0.275023
8007.0,17.0,0.679607
8007.0,18.0,1.0
8007.0,19.0,0.435234
8007.0,20.0,1.0
8007.0,21.0,1.0
8007.0,22.0,0.43481
8007.0,23.0,0.0
8007.0,24.0,0.006774
8007.0,25.0,0.191115
8007.0,26.0,0.589542
8007.0,27.0,0.586054
8007.0,28.0,0.0
8007.0,29.0,0.458257
8007.0,30.0,0.69105
8007.0,31.0,0.0
8007.0,32.0,0.51598
8007.0,33.0,1.0
8007.0,34.0,0.418458
8007.0,35.0,0.458991
8007.0,36.0,1.0
8008.0,0.0,0.250292
8008.0,1.0,0.02471
8008.0,2.0,0.505239
8008.0,3.0,0.842041
8008.0,4.0,0.0
8008.0,5.0,0.119115
8008.0,6.0,0.371596
8008.0,7.0,0.777609
8008.0,8.0,0.691776
8008.0,9.0,0.718589
8008.0,10.0,0.684212
8008.0,11.0,0.999782
8008.0,12.0,0.408886
8008.0,13.0,0.433675
8008.0,14.0,0.478893
8008.0,15.0,0.551625
8008.0,16.0,0.266539
8008.0,17.0,0.670567
8008.0,18.0,1.0
8008.0,19.0,0.431459
8008.0,20.0,1.0
8008.0,21.0,1.0
8008.0,22.0,0.433374
8008.0,23.0,0.0
8008.0,24.0,0.006543
8008.0,25.0,0.19115
8008.0,26.0,0.585707
8008.0,27.0,0.584237
8008.0,28.0,0.0
8008.0,29.0,0.466097
8008.0,30.0,0.686552
8008.0,31.0,0.0
8008.0,32.0,0.504361
8008.0,33.0,1.0
8008.0,34.0,0.406486
8008.0,35.0,0.449064
8008.0,36.0,1.0
8009.0,0.0,0.238617
8009.0,1.0,0.024249
8009.0,2.0,0.497896
8009.0,3.0,0.838633
8009.0,4.0,0.0
8009.0,5.0,0.117308
8009.0,6.0,0.368195
8009.0,7.0,0.765674
8009.0,8.0,0.684842
8009.0,9.0,0.717498
8009.0,10.0,0.683578
8009.0,11.0,0.999778
8009.0,12.0,0.405955
8009.0,13.0,0.40102
8009.0,14.0,0.465061
8009.0,15.0,0.541766
8009.0,16.0,0.258315
8009.0,17.0,0.660998
8009.0,18.0,1.0
8009.0,19.0,0.427396
8009.0,20.0,1.0
8009.0,21.0,1.0
8009.0,22.0,0.431746
8009.0,23.0,0.0
8009.0,24.0,0.006359
8009.0,25.0,0.191107
8009.0,26.0,0.582614
8009.0,27.0,0.582796
8009.0,28.0,0.0
8009.0,29.0,0.475201
8009.0,30.0,0.68191
8009.0,31.0,0.0
8009.0,32.0,0.491407
8009.0,33.0,1.0
8009.0,34.0,0.395477
8009.0,35.0,0.439382
8009.0,36.0,1.0
8010.0,0.0,0.226527
8010.0,1.0,0.023645
8010.0,2.0,0.492325
8010.0,3.0,0.83547
8010.0,4.0,0.0
8010.0,5.0,0.115272
8010.0,6.0,0.363528
8010.0,7.0,0.75302
8010.0,8.0,0.678547
8010.0,9.0,0.716401
8010.0,10.0,0.682078
8010.0,11.0,0.999764
8010.0,12.0,0.403999
8010.0,13.0,0.369117
8010.0,14.0,0.451375
8010.0,15.0,0.531295
8010.0,16.0,0.250693
8010.0,17.0,0.652032
8010.0,18.0,1.0
8010.0,19.0,0.422932
8010.0,20.0,1.0
8010.0,21.0,1.0
8010.0,22.0,0.429724
8010.0,23.0,0.0
8010.0,24.0,0.006175
8010.0,25.0,0.190702
8010.0,26.0,0.578943
8010.0,27.0,0.580747
8010.0,28.0,0.0
8010.0,29.0,0.48447
8010.0,30.0,0.677184
8010.0,31.0,0.0
8010.0,32.0,0.478437
8010.0,33.0,1.0
8010.0,34.0,0.384285
8010.0,35.0,0.429585
8010.0,36.0,1.0
9000.0,0.0,0.229621
9000.0,1.0,0.023094
9000.0,2.0,0.488232
9000.0,3.0,0.835314
9000.0,4.0,0.0
9000.0,5.0,0.114268
9000.0,6.0,0.363215
9000.0,7.0,0.750049
9000.0,8.0,0.666425
9000.0,9.0,0.745097
9000.0,10.0,0.702802
9000.0,11.0,0.999804
9000.0,12.0,0.415043
9000.0,13.0,0.367782
9000.0,14.0,0.451347
9000.0,15.0,0.528579
9000.0,16.0,0.25236
9000.0,17.0,0.669928
9000.0,18.0,1.0
9000.0,19.0,0.419679
9000.0,20.0,1.0
9000.0,21.0,1.0
9000.0,22.0,0.423029
9000.0,23.0,0.0
9000.0,24.0,0.003293
9000.0,25.0,0.204957
9000.0,26.0,0.582977
9000.0,27.0,0.570038
9000.0,28.0,0.0
9000.0,29.0,0.478968
9000.0,30.0,0.666447
9000.0,31.0,0.0
9000.0,32.0,0.48588
9000.0,33.0,1.0
9000.0,34.0,0.378862
9000.0,35.0,0.427588
9000.0,36.0,1.0
9001.0,0.0,0.24198
9001.0,1.0,0.023419
9001.0,2.0,0.494706
9001.0,3.0,0.83885
9001.0,4.0,0.0
9001.0,5.0,0.11594
9001.0,6.0,0.366954
9001.0,7.0,0.763555
9001.0,8.0,0.673463
9001.0,9.0,0.746359
9001.0,10.0,0.702981
9001.0,11.0,0.999792
9001.0,12.0,0.417896
9001.0,13.0,0.406461
9001.0,14.0,0.467023
9001.0,15.0,0.538365
9001.0,16.0,0.261407
9001.0,17.0,0.678967
9001.0,18.0,1.0
9001.0,19.0,0.423596
9001.0,20.0,1.0
9001.0,21.0,1.0
9001.0,22.0,0.423672
9001.0,23.0,0.0
9001.0,24.0,0.00329
9001.0,25.0,0.204727
9001.0,26.0,0.587022
9001.0,27.0,0.571069
9001.0,28.0,0.0
9001.0,29.0,0.469536
9001.0,30.0,0.671128
9001.0,31.0,0.0
9001.0,32.0,0.499664
9001.0,33.0,1.0
9001.0,34.0,0.390519
9001.0,35.0,0.438296
9001.0,36.0,1.0
9002.0,0.0,0.254957
9002.0,1.0,0.024012
9002.0,2.0,0.501742
9002.0,3.0,0.842811
9002.0,4.0,0.0
9002.0,5.0,0.118339
9002.0,6.0,0.370926
9002.0,7.0,0.776318
9002.0,8.0,0.68098
9002.0,9.0,0.747396
9002.0,10.0,0.703395
9002.0,11.0,0.999773
9002.0,12.0,0.420637
9002.0,13.0,0.443341
9002.0,14.0,0.480525
9002.0,15.0,0.548624
9002.0,16.0,0.269847
9002.0,17.0,0.688006
9002.0,18.0,1.0
9002.0,19.0,0.427507
9002.0,20.0,1.0
9002.0,21.0,1.0
9002.0,22.0,0.424839
9002.0,23.0,0.0
9002.0,24.0,0.003456
9002.0,25.0,0.204752
9002.0,26.0,0.591019
9002.0,27.0,0.571683
9002.0,28.0,0.0
9002.0,29.0,0.460517
9002.0,30.0,0.675168
9002.0,31.0,0.0
9002.0,32.0,0.512326
9002.0,33.0,1.0
9002.0,34.0,0.401691
9002.0,35.0,0.449515
9002.0,36.0,1.0
9003.0,0.0,0.266861
9003.0,1.0,0.02448
9003.0,2.0,0.507697
9003.0,3.0,0.846375
9003.0,4.0,0.0
9003.0,5.0,0.119848
9003.0,6.0,0.375506
9003.0,7.0,0.788098
9003.0,8.0,0.687621
9003.0,9.0,0.74796
9003.0,10.0,0.703501
9003.0,11.0,0.99978
9003.0,12.0,0.423674
9003.0,13.0,0.47834
9003.0,14.0,0.4942
9003.0,15.0,0.557821
9003.0,16.0,0.279165
9003.0,17.0,0.695779
9003.0,18.0,1.0
9003.0,19.0,0.430692
9003.0,20.0,1.0
9003.0,21.0,1.0
9003.0,22.0,0.42597
9003.0,23.0,0.0
9003.0,24.0,0.00363
9003.0,25.0,0.20448
9003.0,26.0,0.59473
9003.0,27.0,0.573101
9003.0,28.0,0.0
9003.0,29.0,0.452151
9003.0,30.0,0.680231
9003.0,31.0,0.0
9003.0,32.0,0.524233
9003.0,33.0,1.0
9003.0,34.0,0.412587
9003.0,35.0,0.459531
9003.0,36.0,1.0
9004.0,0.0,0.279972
9004.0,1.0,0.025012
9004.0,2.0,0.513267
9004.0,3.0,0.849891
9004.0,4.0,0.0
9004.0,5.0,0.122051
9004.0,6.0,0.380121
9004.0,7.0,0.799369
9004.0,8.0,0.693793
9004.0,9.0,0.749945
9004.0,10.0,0.70451
9004.0,11.0,0.999752
9004.0,12.0,0.427392
9004.0,13.0,0.511035
9004.0,14.0,0.508487
9004.0,15.0,0.567151
9004.0,16.0,0.288414
9004.0,17.0,0.703877
9004.0,18.0,1.0
9004.0,19.0,0.433944
9004.0,20.0,1.0
9004.0,21.0,1.0
9004.0,22.0,0.428511
9004.0,23.0,0.0
9004.0,24.0,0.003702
9004.0,25.0,0.204298
9004.0,26.0,0.598183
9004.0,27.0,0.574335
9004.0,28.0,0.0
9004.0,29.0,0.44441
9004.0,30.0,0.685098
9004.0,31.0,0.0
9004.0,32.0,0.535478
9004.0,33.0,1.0
9004.0,34.0,0.424378
9004.0,35.0,0.469442
9004.0,36.0,1.0
9005.0,0.0,0.292602
9005.0,1.0,0.025602
9005.0,2.0,0.51942
9005.0,3.0,0.853059
9005.0,4.0,0.0
9005.0,5.0,0.124029
9005.0,6.0,0.38319
9005.0,7.0,0.809473
9005.0,8.0,0.700772
9005.0,9.0,0.751206
9005.0,10.0,0.704935
9005.0,11.0,0.999765
9005.0,12.0,0.429095
9005.0,13.0,0.540468
9005.0,14.0,0.522322
9005.0,15.0,0.57625
9005.0,16.0,0.297098
9005.0,17.0,0.711957
9005.0,18.0,1.0
9005.0,19.0,0.438066
9005.0,20.0,1.0
9005.0,21.0,1.0
9005.0,22.0,0.430397
9005.0,23.0,0.0
9005.0,24.0,0.003878
9005.0,25.0,0.204807
9005.0,26.0,0.602044
9005.0,27.0,0.576073
9005.0,28.0,0.0
9005.0,29.0,0.436723
9005.0,30.0,0.690525
9005.0,31.0,0.0
9005.0,32.0,0.546433
9005.0,33.0,1.0
9005.0,34.0,0.436928
9005.0,35.0,0.479684
9005.0,36.0,1.0
9006.0,0.0,0.279255
9006.0,1.0,0.025424
9006.0,2.0,0.512982
9006.0,3.0,0.849537
9006.0,4.0,0.0
9006.0,5.0,0.122128
9006.0,6.0,0.379715
9006.0,7.0,0.798709
9006.0,8.0,0.694355
9006.0,9.0,0.750194
9006.0,10.0,0.703754
9006.0,11.0,0.999735
9006.0,12.0,0.426393
9006.0,13.0,0.50427
9006.0,14.0,0.507061
9006.0,15.0,0.566262
9006.0,16.0,0.288178
9006.0,17.0,0.703684
9006.0,18.0,1.0
9006.0,19.0,0.43387
9006.0,20.0,1.0
9006.0,21.0,1.0
9006.0,22.0,0.429036
9006.0,23.0,0.0
9006.0,24.0,0.003917
9006.0,25.0,0.204818
9006.0,26.0,0.598282
9006.0,27.0,0.57505
9006.0,28.0,0.0
9006.0,29.0,0.444842
9006.0,30.0,0.685918
9006.0,31.0,0.0
9006.0,32.0,0.534917
9006.0,33.0,1.0
9006.0,34.0,0.425343
9006.0,35.0,0.468864
9006.0,36.0,1.0
9007.0,0.0,0.265621
9007.0,1.0,0.024846
9007.0,2.0,0.506938
9007.0,3.0,0.845899
9007.0,4.0,0.0
9007.0,5.0,0.120392
9007.0,6.0,0.376053
9007.0,7.0,0.787836
9007.0,8.0,0.687507
9007.0,9.0,0.749526
9007.0,10.0,0.702293
9007.0,11.0,0.999727
9007.0,12.0,0.4235
9007.0,13.0,0.469635
9007.0,14.0,0.492002
9007.0,15.0,0.55635
9007.0,16.0,0.278983
9007.0,17.0,0.693834
9007.0,18.0,1.0
9007.0,19.0,0.430093
9007.0,20.0,1.0
9007.0,21.0,1.0
9007.0,22.0,0.426947
9007.0,23.0,0.0
9007.0,24.0,0.003847
9007.0,25.0,0.20523
9007.0,26.0,0.59529
9007.0,27.0,0.573671
9007.0,28.0,0.0
9007.0,29.0,0.452985
9007.0,30.0,0.681597
9007.0,31.0,0.0
9007.0,32.0,0.523151
9007.0,33.0,1.0
9007.0,34.0,0.413794
9007.0,35.0,0.457711
9007.0,36.0,1.0
9008.0,0.0,0.252273
9008.0,1.0,0.024141
9008.0,2.0,0.500748
9008.0,3.0,0.842559
9008.0,4.0,0.0
9008.0,5.0,0.118713
9008.0,6.0,0.373001
9008.0,7.0,0.775723
9008.0,8.0,0.681124
9008.0,9.0,0.748319
9008.0,10.0,0.700584
9008.0,11.0,0.999743
9008.0,12.0,0.420631
9008.0,13.0,0.435257
9008.0,14.0,0.477628
9008.0,15.0,0.546672
9008.0,16.0,0.269253
9008.0,17.0,0.684667
9008.0,18.0,1.0
9008.0,19.0,0.426241
9008.0,20.0,1.0
9008.0,21.0,1.0
9008.0,22.0,0.425645
9008.0,23.0,0.0
9008.0,24.0,0.00377
9008.0,25.0,0.204925
9008.0,26.0,0.591587
9008.0,27.0,0.572524
9008.0,28.0,0.0
9008.0,29.0,0.461385
9008.0,30.0,0.676757
9008.0,31.0,0.0
9008.0,32.0,0.511255
9008.0,33.0,1.0
9008.0,34.0,0.402853
9008.0,35.0,0.4473
9008.0,36.0,1.0
9009.0,0.0,0.239867
9009.0,1.0,0.023585
9009.0,2.0,0.49531
9009.0,3.0,0.839321
9009.0,4.0,0.0
9009.0,5.0,0.117042
9009.0,6.0,0.369381
9009.0,7.0,0.763411
9009.0,8.0,0.675215
9009.0,9.0,0.747206
9009.0,10.0,0.699919
9009.0,11.0,0.999751
9009.0,12.0,0.416792
9009.0,13.0,0.403097
9009.0,14.0,0.463043
9009.0,15.0,0.53781
9009.0,16.0,0.260561
9009.0,17.0,0.675918
9009.0,18.0,1.0
9009.0,19.0,0.422709
9009.0,20.0,1.0
9009.0,21.0,1.0
9009.0,22.0,0.424329
9009.0,23.0,0.0
9009.0,24.0,0.003708
9009.0,25.0,0.204525
9009.0,26.0,0.587827
9009.0,27.0,0.570818
9009.0,28.0,0.0
9009.0,29.0,0.46946
9009.0,30.0,0.672638
9009.0,31.0,0.0
9009.0,32.0,0.499487
9009.0,33.0,1.0
9009.0,34.0,0.391529
9009.0,35.0,0.436604
9009.0,36.0,1.0
9010.0,0.0,0.228749
9010.0,1.0,0.023363
9010.0,2.0,0.488876
9010.0,3.0,0.835205
9010.0,4.0,0.0
9010.0,5.0,0.115227
9010.0,6.0,0.365929
9010.0,7.0,0.751901
9010.0,8.0,0.668523
9010.0,9.0,0.745951
9010.0,10.0,0.698631
9010.0,11.0,0.99972
9010.0,12.0,0.414777
9010.0,13.0,0.372036
9010.0,14.0,0.449997
9010.0,15.0,0.527457
9010.0,16.0,0.252506
9010.0,17.0,0.667577
9010.0,18.0,1.0
9010.0,19.0,0.419451
9010.0,20.0,1.0
9010.0,21.0,1.0
9010.0,22.0,0.423267
9010.0,23.0,0.0
9010.0,24.0,0.003682
9010.0,25.0,0.203819
9010.0,26.0,0.584363
9010.0,27.0,0.569909
9010.0,28.0,0.0
9010.0,29.0,0.477698
9010.0,30.0,0.667881
9010.0,31.0,0.0
9010.0,32.0,0.487425
9010.0,33.0,1.0
9010.0,34.0,0.380346
9010.0,35.0,0.42585
9010.0,36.0,1.0
10000.0,0.0,0.227221
10000.0,1.0,0.020768
10000.0,2.0,0.492281
10000.0,3.0,0.838625
10000.0,4.0,0.0
10000.0,5.0,0.119104
10000.0,6.0,0.362644
10000.0,7.0,0.751764
10000.0,8.0,0.665718
10000.0,9.0,0.751776
10000.0,10.0,0.708573
10000.0,11.0,1.0
10000.0,12.0,0.422403
10000.0,13.0,0.370095
10000.0,14.0,0.449265
10000.0,15.0,0.52289
10000.0,16.0,0.254634
10000.0,17.0,0.663991
10000.0,18.0,1.0
10000.0,19.0,0.417997
10000.0,20.0,1.0
10000.0,21.0,1.0
10000.0,22.0,0.419702
10000.0,23.0,0.0
10000.0,24.0,0.001739
10000.0,25.0,0.196839
10000.0,26.0,0.576965
10000.0,27.0,0.580035
10000.0,28.0,0.0
10000.0,29.0,0.47155
10000.0,30.0,0.699423
10000.0,31.0,0.0
10000.0,32.0,0.484511
10000.0,33.0,1.0
10000.0,34.0,0.380599
10000.0,35.0,0.423054
10000.0,36.0,1.0
10001.0,0.0,0.239607
10001.0,1.0,0.021293
10001.0,2.0,0.498782
10001.0,3.0,0.841893
10001.0,4.0,0.0
10001.0,5.0,0.120905
10001.0,6.0,0.366726
10001.0,7.0,0.765456
10001.0,8.0,0.673081
10001.0,9.0,0.7534
10001.0,10.0,0.709852
10001.0,11.0,1.0
10001.0,12.0,0.425164
10001.0,13.0,0.408207
10001.0,14.0,0.464042
10001.0,15.0,0.532937
10001.0,16.0,0.263546
10001.0,17.0,0.672894
10001.0,18.0,1.0
10001.0,19.0,0.421638
10001.0,20.0,1.0
10001.0,21.0,1.0
10001.0,22.0,0.421433
10001.0,23.0,0.0
10001.0,24.0,0.001859
10001.0,25.0,0.197023
10001.0,26.0,0.58059
10001.0,27.0,0.580429
10001.0,28.0,0.0
10001.0,29.0,0.462354
10001.0,30.0,0.70438
10001.0,31.0,0.0
10001.0,32.0,0.498399
10001.0,33.0,1.0
10001.0,34.0,0.391788
10001.0,35.0,0.434359
10001.0,36.0,1.0
10002.0,0.0,0.251681
10002.0,1.0,0.021938
10002.0,2.0,0.504514
10002.0,3.0,0.844941
10002.0,4.0,0.0
10002.0,5.0,0.122943
10002.0,6.0,0.37035
10002.0,7.0,0.778596
10002.0,8.0,0.680162
10002.0,9.0,0.754807
10002.0,10.0,0.710364
10002.0,11.0,1.0
10002.0,12.0,0.427421
10002.0,13.0,0.443532
10002.0,14.0,0.478563
10002.0,15.0,0.543427
10002.0,16.0,0.272749
10002.0,17.0,0.682357
10002.0,18.0,1.0
10002.0,19.0,0.425584
10002.0,20.0,1.0
10002.0,21.0,1.0
10002.0,22.0,0.423115
10002.0,23.0,0.0
10002.0,24.0,0.001981
10002.0,25.0,0.197588
10002.0,26.0,0.584339
10002.0,27.0,0.581615
10002.0,28.0,0.0
10002.0,29.0,0.454226
10002.0,30.0,0.709322
10002.0,31.0,0.0
10002.0,32.0,0.510894
10002.0,33.0,1.0
10002.0,34.0,0.402816
10002.0,35.0,0.445124
10002.0,36.0,1.0
10003.0,0.0,0.264212
10003.0,1.0,0.022492
10003.0,2.0,0.51119
10003.0,3.0,0.848701
10003.0,4.0,0.0
10003.0,5.0,0.125074
10003.0,6.0,0.373772
10003.0,7.0,0.789785
10003.0,8.0,0.688026
10003.0,9.0,0.756029
10003.0,10.0,0.710525
10003.0,11.0,1.0
10003.0,12.0,0.430942
10003.0,13.0,0.476878
10003.0,14.0,0.492818
10003.0,15.0,0.55223
10003.0,16.0,0.28128
10003.0,17.0,0.691634
10003.0,18.0,1.0
10003.0,19.0,0.428659
10003.0,20.0,1.0
10003.0,21.0,1.0
10003.0,22.0,0.423328
10003.0,23.0,0.0
10003.0,24.0,0.002038
10003.0,25.0,0.198429
10003.0,26.0,0.587548
10003.0,27.0,0.582541
10003.0,28.0,0.0
10003.0,29.0,0.446662
10003.0,30.0,0.713912
10003.0,31.0,0.0
10003.0,32.0,0.522458
10003.0,33.0,1.0
10003.0,34.0,0.414438
10003.0,35.0,0.456112
10003.0,36.0,1.0
10004.0,0.0,0.2763
10004.0,1.0,0.02271
10004.0,2.0,0.517467
10004.0,3.0,0.852304
10004.0,4.0,0.0
10004.0,5.0,0.127912
10004.0,6.0,0.377325
10004.0,7.0,0.800474
10004.0,8.0,0.69564
10004.0,9.0,0.756788
10004.0,10.0,0.711529
10004.0,11.0,1.0
10004.0,12.0,0.433571
10004.0,13.0,0.509342
10004.0,14.0,0.507081
10004.0,15.0,0.562406
10004.0,16.0,0.289717
10004.0,17.0,0.69989
10004.0,18.0,1.0
10004.0,19.0,0.432412
10004.0,20.0,1.0
10004.0,21.0,1.0
10004.0,22.0,0.425028
10004.0,23.0,0.0
10004.0,24.0,0.002117
10004.0,25.0,0.199439
10004.0,26.0,0.590917
10004.0,27.0,0.58344
10004.0,28.0,0.0
10004.0,29.0,0.439899
10004.0,30.0,0.716919
10004.0,31.0,0.0
10004.0,32.0,0.53284
10004.0,33.0,1.0
10004.0,34.0,0.425813
10004.0,35.0,0.465677
10004.0,36.0,1.0
10005.0,0.0,0.288918
10005.0,1.0,0.02316
10005.0,2.0,0.522705
10005.0,3.0,0.85616
10005.0,4.0,0.0
10005.0,5.0,0.129694
10005.0,6.0,0.380956
10005.0,7.0,0.810829
10005.0,8.0,0.701743
10005.0,9.0,0.758249
10005.0,10.0,0.712088
10005.0,11.0,1.0
10005.0,12.0,0.435668
10005.0,13.0,0.538559
10005.0,14.0,0.520484
10005.0,15.0,0.570669
10005.0,16.0,0.298187
10005.0,17.0,0.707822
10005.0,18.0,1.0
10005.0,19.0,0.436415
10005.0,20.0,1.0
10005.0,21.0,1.0
10005.0,22.0,0.425954
10005.0,23.0,0.0
10005.0,24.0,0.002192
10005.0,25.0,0.199369
10005.0,26.0,0.593925
10005.0,27.0,0.584668
10005.0,28.0,0.0
10005.0,29.0,0.434034
10005.0,30.0,0.720537
10005.0,31.0,0.0
10005.0,32.0,0.541873
10005.0,33.0,1.0
10005.0,34.0,0.437196
10005.0,35.0,0.475658
10005.0,36.0,1.0
10006.0,0.0,0.275687
10006.0,1.0,0.022196
10006.0,2.0,0.516537
10006.0,3.0,0.851959
10006.0,4.0,0.0
10006.0,5.0,0.127137
10006.0,6.0,0.377156
10006.0,7.0,0.799782
10006.0,8.0,0.695341
10006.0,9.0,0.756606
10006.0,10.0,0.710843
10006.0,11.0,1.0
10006.0,12.0,0.433362
10006.0,13.0,0.502526
10006.0,14.0,0.505135
10006.0,15.0,0.560521
10006.0,16.0,0.288765
10006.0,17.0,0.699842
10006.0,18.0,1.0
10006.0,19.0,0.433181
10006.0,20.0,1.0
10006.0,21.0,1.0
10006.0,22.0,0.424576
10006.0,23.0,0.0
10006.0,24.0,0.002073
10006.0,25.0,0.199189
10006.0,26.0,0.590582
10006.0,27.0,0.582843
10006.0,28.0,0.0
10006.0,29.0,0.442637
10006.0,30.0,0.716184
10006.0,31.0,0.0
10006.0,32.0,0.529742
10006.0,33.0,1.0
10006.0,34.0,0.425672
10006.0,35.0,0.465525
10006.0,36.0,1.0
10007.0,0.0,0.263214
10007.0,1.0,0.021763
10007.0,2.0,0.509687
10007.0,3.0,0.847873
10007.0,4.0,0.0
10007.0,5.0,0.124345
10007.0,6.0,0.37371
10007.0,7.0,0.788704
10007.0,8.0,0.688198
10007.0,9.0,0.756017
10007.0,10.0,0.708929
10007.0,11.0,1.0
10007.0,12.0,0.430854
10007.0,13.0,0.467758
10007.0,14.0,0.489976
10007.0,15.0,0.55012
10007.0,16.0,0.279471
10007.0,17.0,0.690913
10007.0,18.0,1.0
10007.0,19.0,0.43019
10007.0,20.0,1.0
10007.0,21.0,1.0
10007.0,22.0,0.423531
10007.0,23.0,0.0
10007.0,24.0,0.002013
10007.0,25.0,0.199106
10007.0,26.0,0.58708
10007.0,27.0,0.581214
10007.0,28.0,0.0
10007.0,29.0,0.450589
10007.0,30.0,0.711514
10007.0,31.0,0.0
10007.0,32.0,0.518273
10007.0,33.0,1.0
10007.0,34.0,0.413279
10007.0,35.0,0.455163
10007.0,36.0,1.0
10008.0,0.0,0.249702
10008.0,1.0,0.021332
10008.0,2.0,0.504101
10008.0,3.0,0.843716
10008.0,4.0,0.0
10008.0,5.0,0.122038
10008.0,6.0,0.369843
10008.0,7.0,0.777232
10008.0,8.0,0.681487
10008.0,9.0,0.754804
10008.0,10.0,0.708362
10008.0,11.0,1.0
10008.0,12.0,0.428339
10008.0,13.0,0.435142
10008.0,14.0,0.47622
10008.0,15.0,0.539144
10008.0,16.0,0.269882
10008.0,17.0,0.682262
10008.0,18.0,1.0
10008.0,19.0,0.426534
10008.0,20.0,1.0
10008.0,21.0,1.0
10008.0,22.0,0.421953
10008.0,23.0,0.0
10008.0,24.0,0.001938
10008.0,25.0,0.198859
10008.0,26.0,0.583276
10008.0,27.0,0.580674
10008.0,28.0,0.0
10008.0,29.0,0.458925
10008.0,30.0,0.70776
10008.0,31.0,0.0
10008.0,32.0,0.505904
10008.0,33.0,1.0
10008.0,34.0,0.401877
10008.0,35.0,0.444808
10008.0,36.0,1.0
10009.0,0.0,0.237765
10009.0,1.0,0.020871
10009.0,2.0,0.497979
10009.0,3.0,0.839421
10009.0,4.0,0.0
10009.0,5.0,0.119861
10009.0,6.0,0.366705
10009.0,7.0,0.765407
10009.0,8.0,0.674952
10009.0,9.0,0.754136
10009.0,10.0,0.707678
10009.0,11.0,1.0
10009.0,12.0,0.42509
10009.0,13.0,0.402573
10009.0,14.0,0.462996
10009.0,15.0,0.529572
10009.0,16.0,0.261871
10009.0,17.0,0.67337
10009.0,18.0,1.0
10009.0,19.0,0.422708
10009.0,20.0,1.0
10009.0,21.0,1.0
10009.0,22.0,0.419996
10009.0,23.0,0.0
10009.0,24.0,0.001931
10009.0,25.0,0.198336
10009.0,26.0,0.580142
10009.0,27.0,0.580117
10009.0,28.0,0.0
10009.0,29.0,0.466657
10009.0,30.0,0.7045
10009.0,31.0,0.0
10009.0,32.0,0.493794
10009.0,33.0,1.0
10009.0,34.0,0.390805
10009.0,35.0,0.434489
10009.0,36.0,1.0
10010.0,0.0,0.225948
10010.0,1.0,0.020619
10010.0,2.0,0.492037
10010.0,3.0,0.835269
10010.0,4.0,0.0
10010.0,5.0,0.118206
10010.0,6.0,0.363707
10010.0,7.0,0.753582
10010.0,8.0,0.667929
10010.0,9.0,0.752947
10010.0,10.0,0.706382
10010.0,11.0,1.0
10010.0,12.0,0.423247
10010.0,13.0,0.371463
10010.0,14.0,0.450045
10010.0,15.0,0.520778
10010.0,16.0,0.253239
10010.0,17.0,0.664286
10010.0,18.0,1.0
10010.0,19.0,0.419738
10010.0,20.0,1.0
10010.0,21.0,1.0
10010.0,22.0,0.417919
10010.0,23.0,0.0
10010.0,24.0,0.001875
10010.0,25.0,0.197534
10010.0,26.0,0.576757
10010.0,27.0,0.578974
10010.0,28.0,0.0
10010.0,29.0,0.474462
10010.0,30.0,0.70041
10010.0,31.0,0.0
10010.0,32.0,0.481819
10010.0,33.0,1.0
10010.0,34.0,0.380093
10010.0,35.0,0.424532
10010.0,36.0,1.0
