FREQUENCIES 
Gen,mut_id,mut_freq
1.0,0.0,0.5
1.0,1.0,0.5
1.0,2.0,0.5
1.0,3.0,0.5
1.0,4.0,0.5
1.0,5.0,0.5
1.0,6.0,0.5
1.0,7.0,0.5
1.0,8.0,0.5
1.0,9.0,0.5
1.0,10.0,0.5
1.0,11.0,0.5
1.0,12.0,0.5
1.0,13.0,0.5
1.0,14.0,0.5
1.0,15.0,0.5
1.0,16.0,0.5
1.0,17.0,0.5
1.0,18.0,0.5
1.0,19.0,0.5
1.0,20.0,0.5
1.0,21.0,0.5
1.0,22.0,0.5
1.0,23.0,0.5
1.0,24.0,0.5
1.0,25.0,0.5
1.0,26.0,0.5
1.0,27.0,0.5
1.0,28.0,0.5
1.0,29.0,0.5
1.0,30.0,0.5
1.0,31.0,0.5
1.0,32.0,0.5
1.0,33.0,0.5
1.0,34.0,0.5
1.0,35.0,0.5
1.0,36.0,0.5
1.0,37.0,0.5
1.0,38.0,0.5
1.0,39.0,0.5
1.0,40.0,0.5
1.0,41.0,0.5
1.0,42.0,0.5
1.0,43.0,0.5
1.0,44.0,0.5
1.0,45.0,0.5
1.0,46.0,0.5
1.0,47.0,0.5
1.0,48.0,0.5
1.0,49.0,0.5
1.0,50.0,0.5
1.0,51.0,0.5
1.0,52.0,0.5
1.0,53.0,0.5
1.0,54.0,0.5
1.0,55.0,0.5
1.0,56.0,0.5
1.0,57.0,0.5
1.0,58.0,0.5
1.0,59.0,0.5
1.0,60.0,0.5
1.0,61.0,0.5
1.0,62.0,0.5
1.0,63.0,0.5
1.0,64.0,0.5
1.0,65.0,0.5
1.0,66.0,0.5
1.0,67.0,0.5
1.0,68.0,0.5
1.0,69.0,0.5
1.0,70.0,0.5
1.0,71.0,0.5
1.0,72.0,0.5
1.0,73.0,0.5
1.0,74.0,0.5
1.0,75.0,0.5
1.0,76.0,0.5
1.0,77.0,0.5
1.0,78.0,0.5
1.0,79.0,0.5
1.0,80.0,0.5
1.0,81.0,0.5
1.0,82.0,0.5
1.0,83.0,0.5
1.0,84.0,0.5
1.0,85.0,0.5
1.0,86.0,0.5
1.0,87.0,0.5
1.0,88.0,0.5
1.0,89.0,0.5
1.0,90.0,0.5
1.0,91.0,0.5
1.0,92.0,0.5
1.0,93.0,0.5
1.0,94.0,0.5
1.0,95.0,0.5
1.0,96.0,0.5
1.0,97.0,0.5
1.0,98.0,0.5
1.0,99.0,0.5
1.0,100.0,0.5
1.0,101.0,0.5
1.0,102.0,0.5
1.0,103.0,0.5
1.0,104.0,0.5
1.0,105.0,0.5
1.0,106.0,0.5
1.0,107.0,0.5
1.0,108.0,0.5
1.0,109.0,0.5
1.0,110.0,0.5
1.0,111.0,0.5
1.0,112.0,0.5
1.0,113.0,0.5
1.0,114.0,0.5
1.0,115.0,0.5
1.0,116.0,0.5
1.0,117.0,0.5
1.0,118.0,0.5
1.0,119.0,0.5
1.0,120.0,0.5
1.0,121.0,0.5
1.0,122.0,0.5
1.0,123.0,0.5
1.0,124.0,0.5
1.0,125.0,0.5
1.0,126.0,0.5
1.0,127.0,0.5
1.0,128.0,0.5
1.0,129.0,0.5
1.0,130.0,0.5
1.0,131.0,0.5
1.0,132.0,0.5
1.0,133.0,0.5
1.0,134.0,0.5
1.0,135.0,0.5
1.0,136.0,0.5
1.0,137.0,0.5
1.0,138.0,0.5
1.0,139.0,0.5
1.0,140.0,0.5
1.0,141.0,0.5
1.0,142.0,0.5
1.0,143.0,0.5
1.0,144.0,0.5
1.0,145.0,0.5
1.0,146.0,0.5
1.0,147.0,0.5
1.0,148.0,0.5
1.0,149.0,0.5
1.0,150.0,0.5
1.0,151.0,0.5
1.0,152.0,0.5
1.0,153.0,0.5
1.0,154.0,0.5
1.0,155.0,0.5
1.0,156.0,0.5
1.0,157.0,0.5
1.0,158.0,0.5
1.0,159.0,0.5
1.0,160.0,0.5
1.0,161.0,0.5
1.0,162.0,0.5
1.0,163.0,0.5
1.0,164.0,0.5
1.0,165.0,0.5
1.0,166.0,0.5
1.0,167.0,0.5
1.0,168.0,0.5
1.0,169.0,0.5
1.0,170.0,0.5
1.0,171.0,0.5
1.0,172.0,0.5
1.0,173.0,0.5
1.0,174.0,0.5
1.0,175.0,0.5
1.0,176.0,0.5
1.0,177.0,0.5
1.0,178.0,0.5
1.0,179.0,0.5
1.0,180.0,0.5
1.0,181.0,0.5
1.0,182.0,0.5
1.0,183.0,0.5
1.0,184.0,0.5
1.0,185.0,0.5
1.0,186.0,0.5
1.0,187.0,0.5
1.0,188.0,0.5
1.0,189.0,0.5
1.0,190.0,0.5
1.0,191.0,0.5
1.0,192.0,0.5
1.0,193.0,0.5
1.0,194.0,0.5
1.0,195.0,0.5
1.0,196.0,0.5
1.0,197.0,0.5
1.0,198.0,0.5
1.0,199.0,0.5
1.0,200.0,0.5
1.0,201.0,0.5
1.0,202.0,0.5
1.0,203.0,0.5
1.0,204.0,0.5
1.0,205.0,0.5
1.0,206.0,0.5
1.0,207.0,0.5
1.0,208.0,0.5
1.0,209.0,0.5
1.0,210.0,0.5
1.0,211.0,0.5
1.0,212.0,0.5
1.0,213.0,0.5
1.0,214.0,0.5
1.0,215.0,0.5
1.0,216.0,0.5
1.0,217.0,0.5
1.0,218.0,0.5
1.0,219.0,0.5
1.0,220.0,0.5
1.0,221.0,0.5
1.0,222.0,0.5
1.0,223.0,0.5
1.0,224.0,0.5
1.0,225.0,0.5
1.0,226.0,0.5
1.0,227.0,0.5
1.0,228.0,0.5
1.0,229.0,0.5
1.0,230.0,0.5
1.0,231.0,0.5
1.0,232.0,0.5
1.0,233.0,0.5
1.0,234.0,0.5
1.0,235.0,0.5
1.0,236.0,0.5
1.0,237.0,0.5
1.0,238.0,0.5
1.0,239.0,0.5
1.0,240.0,0.5
1.0,241.0,0.5
1.0,242.0,0.5
1.0,243.0,0.5
1.0,244.0,0.5
1.0,245.0,0.5
1.0,246.0,0.5
1.0,247.0,0.5
1.0,248.0,0.5
1.0,249.0,0.5
1.0,250.0,0.5
1.0,251.0,0.5
1.0,252.0,0.5
1.0,253.0,0.5
1.0,254.0,0.5
1.0,255.0,0.5
1.0,256.0,0.5
1.0,257.0,0.5
1.0,258.0,0.5
1.0,259.0,0.5
1.0,260.0,0.5
1.0,261.0,0.5
1.0,262.0,0.5
1.0,263.0,0.5
1.0,264.0,0.5
1.0,265.0,0.5
1.0,266.0,0.5
1.0,267.0,0.5
1.0,268.0,0.5
1.0,269.0,0.5
1.0,270.0,0.5
1.0,271.0,0.5
1.0,272.0,0.5
1.0,273.0,0.5
1.0,274.0,0.5
1.0,275.0,0.5
1.0,276.0,0.5
1.0,277.0,0.5
1.0,278.0,0.5
1.0,279.0,0.5
1.0,280.0,0.5
1.0,281.0,0.5
1.0,282.0,0.5
1.0,283.0,0.5
1.0,284.0,0.5
1.0,285.0,0.5
1.0,286.0,0.5
1.0,287.0,0.5
1.0,288.0,0.5
1.0,289.0,0.5
1.0,290.0,0.5
1.0,291.0,0.5
1.0,292.0,0.5
1.0,293.0,0.5
1.0,294.0,0.5
1.0,295.0,0.5
1.0,296.0,0.5
1.0,297.0,0.5
1.0,298.0,0.5
1.0,299.0,0.5
1.0,300.0,0.5
1.0,301.0,0.5
1.0,302.0,0.5
1.0,303.0,0.5
1.0,304.0,0.5
1.0,305.0,0.5
1.0,306.0,0.5
1.0,307.0,0.5
1.0,308.0,0.5
1.0,309.0,0.5
1.0,310.0,0.5
1.0,311.0,0.5
1.0,312.0,0.5
1.0,313.0,0.5
1.0,314.0,0.5
1.0,315.0,0.5
1.0,316.0,0.5
1.0,317.0,0.5
1.0,318.0,0.5
1.0,319.0,0.5
1.0,320.0,0.5
1.0,321.0,0.5
1.0,322.0,0.5
1.0,323.0,0.5
1.0,324.0,0.5
1.0,325.0,0.5
1.0,326.0,0.5
1.0,327.0,0.5
1.0,328.0,0.5
1.0,329.0,0.5
1.0,330.0,0.5
1.0,331.0,0.5
1.0,332.0,0.5
1.0,333.0,0.5
1.0,334.0,0.5
2500.0,0.0,0.094714
2500.0,1.0,0.884259
2500.0,2.0,0.006104
2500.0,3.0,0.661105
2500.0,4.0,0.0
2500.0,5.0,0.355333
2500.0,6.0,0.624833
2500.0,7.0,0.370076
2500.0,8.0,0.477647
2500.0,9.0,0.524523
2500.0,10.0,0.000541
2500.0,11.0,0.411621
2500.0,12.0,1.0
2500.0,13.0,0.533854
2500.0,14.0,0.499147
2500.0,15.0,0.326579
2500.0,16.0,0.584064
2500.0,17.0,0.57016
2500.0,18.0,0.0
2500.0,19.0,0.458165
2500.0,20.0,0.57552
2500.0,21.0,0.490088
2500.0,22.0,0.297245
2500.0,23.0,0.551187
2500.0,24.0,0.203582
2500.0,25.0,0.34275
2500.0,26.0,0.659722
2500.0,27.0,0.0
2500.0,28.0,0.398506
2500.0,29.0,0.418742
2500.0,30.0,0.649124
2500.0,31.0,0.480389
2500.0,32.0,0.316626
2500.0,33.0,0.348196
2500.0,34.0,0.854017
2500.0,35.0,0.360417
2500.0,36.0,0.321001
2500.0,37.0,0.374522
2500.0,38.0,0.251065
2500.0,39.0,0.023232
2500.0,40.0,0.916315
2500.0,41.0,0.701295
2500.0,42.0,0.083761
2500.0,43.0,0.608561
2500.0,44.0,0.455027
2500.0,45.0,0.991921
2500.0,46.0,0.574913
2500.0,47.0,0.345499
2500.0,48.0,0.092674
2500.0,49.0,0.748454
2500.0,50.0,0.954971
2500.0,51.0,0.352167
2500.0,52.0,0.98349
2500.0,53.0,0.602568
2500.0,54.0,0.45343
2500.0,55.0,0.727682
2500.0,56.0,0.371927
2500.0,57.0,0.295262
2500.0,58.0,1.0
2500.0,59.0,0.734995
2500.0,60.0,0.129724
2500.0,61.0,0.861772
2500.0,62.0,0.547263
2500.0,63.0,0.623937
2500.0,64.0,0.005394
2500.0,65.0,0.606317
2500.0,66.0,0.757185
2500.0,67.0,0.318597
2500.0,68.0,0.276535
2500.0,69.0,0.357643
2500.0,70.0,0.045476
2500.0,71.0,0.584926
2500.0,72.0,0.594614
2500.0,73.0,0.109483
2500.0,74.0,0.748409
2500.0,75.0,0.772676
2500.0,76.0,0.456644
2500.0,77.0,0.055635
2500.0,78.0,0.406304
2500.0,79.0,0.01375
2500.0,80.0,0.364427
2500.0,81.0,0.405779
2500.0,82.0,0.527758
2500.0,83.0,0.996226
2500.0,84.0,1.0
2500.0,85.0,0.192382
2500.0,86.0,0.570203
2500.0,87.0,0.1267
2500.0,88.0,0.623785
2500.0,89.0,0.29261
2500.0,90.0,0.842127
2500.0,91.0,0.0
2500.0,92.0,0.0
2500.0,93.0,0.456228
2500.0,94.0,0.792833
2500.0,95.0,0.635085
2500.0,96.0,0.257375
2500.0,97.0,0.051404
2500.0,98.0,0.91355
2500.0,99.0,0.361826
2500.0,100.0,0.700483
2500.0,101.0,0.448928
2500.0,102.0,0.715351
2500.0,103.0,0.409324
2500.0,104.0,1.0
2500.0,105.0,0.551345
2500.0,106.0,0.75679
2500.0,107.0,0.687163
2500.0,108.0,0.615685
2500.0,109.0,0.288736
2500.0,110.0,0.496391
2500.0,111.0,0.099699
2500.0,112.0,0.651017
2500.0,113.0,0.323145
2500.0,114.0,0.442232
2500.0,115.0,0.861925
2500.0,116.0,0.0
2500.0,117.0,0.476393
2500.0,118.0,0.598822
2500.0,119.0,0.003937
2500.0,120.0,0.539608
2500.0,121.0,0.444804
2500.0,122.0,0.549145
2500.0,123.0,0.987024
2500.0,124.0,0.0
2500.0,125.0,0.273421
2500.0,126.0,0.625539
2500.0,127.0,0.727316
2500.0,128.0,0.968412
2500.0,129.0,0.382525
2500.0,130.0,0.0
2500.0,131.0,0.0
2500.0,132.0,0.013429
2500.0,133.0,0.168671
2500.0,134.0,0.0
2500.0,135.0,0.972398
2500.0,136.0,0.864709
2500.0,137.0,0.568884
2500.0,138.0,0.218099
2500.0,139.0,0.242852
2500.0,140.0,0.950754
2500.0,141.0,0.614867
2500.0,142.0,0.211432
2500.0,143.0,0.584131
2500.0,144.0,0.0
2500.0,145.0,0.113657
2500.0,146.0,0.616952
2500.0,147.0,1.0
2500.0,148.0,0.67173
2500.0,149.0,0.999332
2500.0,150.0,0.430681
2500.0,151.0,0.825036
2500.0,152.0,0.232548
2500.0,153.0,0.659078
2500.0,154.0,0.501907
2500.0,155.0,0.395082
2500.0,156.0,0.370765
2500.0,157.0,1.0
2500.0,158.0,0.380672
2500.0,159.0,0.304862
2500.0,160.0,0.683478
2500.0,161.0,0.931717
2500.0,162.0,0.489131
2500.0,163.0,0.757659
2500.0,164.0,0.081029
2500.0,165.0,0.548193
2500.0,166.0,0.1452
2500.0,167.0,1.0
2500.0,168.0,0.312631
2500.0,169.0,0.645514
2500.0,170.0,0.002108
2500.0,171.0,0.536444
2500.0,172.0,0.239769
2500.0,173.0,0.529118
2500.0,174.0,0.164826
2500.0,175.0,0.343448
2500.0,176.0,0.094485
2500.0,177.0,0.689732
2500.0,178.0,0.607611
2500.0,179.0,0.999164
2500.0,180.0,0.469619
2500.0,181.0,1.0
2500.0,182.0,0.702849
2500.0,183.0,0.363432
2500.0,184.0,0.31746
2500.0,185.0,0.66783
2500.0,186.0,0.217693
2500.0,187.0,0.35644
2500.0,188.0,0.421058
2500.0,189.0,0.846171
2500.0,190.0,0.400194
2500.0,191.0,0.538088
2500.0,192.0,0.893378
2500.0,193.0,0.571772
2500.0,194.0,0.494888
2500.0,195.0,0.825696
2500.0,196.0,0.483714
2500.0,197.0,0.859596
2500.0,198.0,0.012473
2500.0,199.0,0.969891
2500.0,200.0,0.726386
2500.0,201.0,0.125488
2500.0,202.0,0.682957
2500.0,203.0,0.778135
2500.0,204.0,0.464702
2500.0,205.0,0.713885
2500.0,206.0,0.412572
2500.0,207.0,0.62034
2500.0,208.0,0.003432
2500.0,209.0,0.801598
2500.0,210.0,0.997826
2500.0,211.0,0.432254
2500.0,212.0,0.634803
2500.0,213.0,0.438026
2500.0,214.0,0.597508
2500.0,215.0,0.358432
2500.0,216.0,0.001683
2500.0,217.0,0.364843
2500.0,218.0,0.51231
2500.0,219.0,0.689022
2500.0,220.0,1.0
2500.0,221.0,0.692656
2500.0,222.0,0.434944
2500.0,223.0,0.649118
2500.0,224.0,0.533181
2500.0,225.0,0.989567
2500.0,226.0,1.0
2500.0,227.0,0.422208
2500.0,228.0,0.819699
2500.0,229.0,0.733861
2500.0,230.0,0.622933
2500.0,231.0,0.133142
2500.0,232.0,0.381289
2500.0,233.0,0.250112
2500.0,234.0,0.129615
2500.0,235.0,0.366868
2500.0,236.0,0.514362
2500.0,237.0,0.528628
2500.0,238.0,0.018543
2500.0,239.0,1.0
2500.0,240.0,0.468278
2500.0,241.0,0.242476
2500.0,242.0,0.591524
2500.0,243.0,0.637617
2500.0,244.0,0.249804
2500.0,245.0,0.098188
2500.0,246.0,0.379712
2500.0,247.0,0.363737
2500.0,248.0,0.555096
2500.0,249.0,0.187948
2500.0,250.0,0.274373
2500.0,251.0,0.000228
2500.0,252.0,0.749448
2500.0,253.0,0.67437
2500.0,254.0,0.185186
2500.0,255.0,0.60516
2500.0,256.0,1.0
2500.0,257.0,0.351203
2500.0,258.0,0.800978
2500.0,259.0,0.295649
2500.0,260.0,0.542695
2500.0,261.0,0.442119
2500.0,262.0,0.133608
2500.0,263.0,0.723857
2500.0,264.0,0.029334
2500.0,265.0,0.757352
2500.0,266.0,0.950967
2500.0,267.0,0.047263
2500.0,268.0,0.013549
2500.0,269.0,0.365793
2500.0,270.0,0.474026
2500.0,271.0,0.545622
2500.0,272.0,0.687231
2500.0,273.0,0.343731
2500.0,274.0,0.389667
2500.0,275.0,0.635485
2500.0,276.0,0.752963
2500.0,277.0,0.403411
2500.0,278.0,0.013421
2500.0,279.0,0.390057
2500.0,280.0,0.534293
2500.0,281.0,0.523071
2500.0,282.0,0.686043
2500.0,283.0,0.581025
2500.0,284.0,0.430525
2500.0,285.0,0.631484
2500.0,286.0,0.425707
2500.0,287.0,0.0
2500.0,288.0,0.26996
2500.0,289.0,0.998919
2500.0,290.0,0.999875
2500.0,291.0,0.786581
2500.0,292.0,0.261908
2500.0,293.0,0.013544
2500.0,294.0,0.0
2500.0,295.0,0.486621
2500.0,296.0,0.777621
2500.0,297.0,0.39091
2500.0,298.0,0.563765
2500.0,299.0,0.79911
2500.0,300.0,0.674813
2500.0,301.0,0.0
2500.0,302.0,0.883866
2500.0,303.0,0.780668
2500.0,304.0,0.582264
2500.0,305.0,0.719585
2500.0,306.0,0.905763
2500.0,307.0,0.422502
2500.0,308.0,0.427904
2500.0,309.0,0.717636
2500.0,310.0,0.86816
2500.0,311.0,0.999616
2500.0,312.0,0.207854
2500.0,313.0,0.67204
2500.0,314.0,0.500483
2500.0,315.0,0.998249
2500.0,316.0,0.67318
2500.0,317.0,0.51928
2500.0,318.0,0.449808
2500.0,319.0,0.002597
2500.0,320.0,0.321054
2500.0,321.0,0.159664
2500.0,322.0,0.252037
2500.0,323.0,0.18297
2500.0,324.0,0.26572
2500.0,325.0,0.059348
2500.0,326.0,0.583652
2500.0,327.0,0.021273
2500.0,328.0,0.0
2500.0,329.0,0.450694
2500.0,330.0,0.550728
2500.0,331.0,0.999829
2500.0,332.0,0.450968
2500.0,333.0,0.22798
2500.0,334.0,0.668548
2501.0,0.0,0.095505
2501.0,1.0,0.884623
2501.0,2.0,0.006247
2501.0,3.0,0.667865
2501.0,4.0,0.0
2501.0,5.0,0.357423
2501.0,6.0,0.627843
2501.0,7.0,0.376688
2501.0,8.0,0.484046
2501.0,9.0,0.530109
2501.0,10.0,0.000577
2501.0,11.0,0.420022
2501.0,12.0,1.0
2501.0,13.0,0.53993
2501.0,14.0,0.509046
2501.0,15.0,0.329591
2501.0,16.0,0.589524
2501.0,17.0,0.574265
2501.0,18.0,0.0
2501.0,19.0,0.459487
2501.0,20.0,0.575665
2501.0,21.0,0.493562
2501.0,22.0,0.298603
2501.0,23.0,0.554644
2501.0,24.0,0.210674
2501.0,25.0,0.34792
2501.0,26.0,0.676018
2501.0,27.0,0.0
2501.0,28.0,0.403724
2501.0,29.0,0.430277
2501.0,30.0,0.650487
2501.0,31.0,0.482537
2501.0,32.0,0.319904
2501.0,33.0,0.350865
2501.0,34.0,0.854684
2501.0,35.0,0.373923
2501.0,36.0,0.32238
2501.0,37.0,0.375889
2501.0,38.0,0.252271
2501.0,39.0,0.023314
2501.0,40.0,0.917771
2501.0,41.0,0.703857
2501.0,42.0,0.08522
2501.0,43.0,0.609578
2501.0,44.0,0.458843
2501.0,45.0,0.992177
2501.0,46.0,0.57784
2501.0,47.0,0.348554
2501.0,48.0,0.0931
2501.0,49.0,0.74974
2501.0,50.0,0.955703
2501.0,51.0,0.3566
2501.0,52.0,0.983532
2501.0,53.0,0.603419
2501.0,54.0,0.461495
2501.0,55.0,0.728423
2501.0,56.0,0.377435
2501.0,57.0,0.296865
2501.0,58.0,1.0
2501.0,59.0,0.736553
2501.0,60.0,0.131058
2501.0,61.0,0.862039
2501.0,62.0,0.554963
2501.0,63.0,0.627663
2501.0,64.0,0.005678
2501.0,65.0,0.611558
2501.0,66.0,0.759922
2501.0,67.0,0.321869
2501.0,68.0,0.286233
2501.0,69.0,0.361639
2501.0,70.0,0.045534
2501.0,71.0,0.586141
2501.0,72.0,0.595514
2501.0,73.0,0.110267
2501.0,74.0,0.754618
2501.0,75.0,0.782046
2501.0,76.0,0.462141
2501.0,77.0,0.056282
2501.0,78.0,0.411146
2501.0,79.0,0.013434
2501.0,80.0,0.37178
2501.0,81.0,0.408951
2501.0,82.0,0.529035
2501.0,83.0,0.996332
2501.0,84.0,1.0
2501.0,85.0,0.193989
2501.0,86.0,0.571872
2501.0,87.0,0.127603
2501.0,88.0,0.625082
2501.0,89.0,0.292002
2501.0,90.0,0.842985
2501.0,91.0,0.0
2501.0,92.0,0.0
2501.0,93.0,0.45806
2501.0,94.0,0.793849
2501.0,95.0,0.640079
2501.0,96.0,0.264555
2501.0,97.0,0.052575
2501.0,98.0,0.914163
2501.0,99.0,0.36553
2501.0,100.0,0.702628
2501.0,101.0,0.458657
2501.0,102.0,0.718459
2501.0,103.0,0.417696
2501.0,104.0,1.0
2501.0,105.0,0.555186
2501.0,106.0,0.765357
2501.0,107.0,0.689198
2501.0,108.0,0.620058
2501.0,109.0,0.289472
2501.0,110.0,0.508995
2501.0,111.0,0.101457
2501.0,112.0,0.654733
2501.0,113.0,0.392558
2501.0,114.0,0.445289
2501.0,115.0,0.862122
2501.0,116.0,0.0
2501.0,117.0,0.486917
2501.0,118.0,0.599068
2501.0,119.0,0.003963
2501.0,120.0,0.544573
2501.0,121.0,0.446416
2501.0,122.0,0.551385
2501.0,123.0,0.98735
2501.0,124.0,0.0
2501.0,125.0,0.287981
2501.0,126.0,0.628061
2501.0,127.0,0.741927
2501.0,128.0,0.968216
2501.0,129.0,0.383645
2501.0,130.0,0.0
2501.0,131.0,0.0
2501.0,132.0,0.013349
2501.0,133.0,0.174859
2501.0,134.0,0.0
2501.0,135.0,0.973058
2501.0,136.0,0.867923
2501.0,137.0,0.570119
2501.0,138.0,0.218734
2501.0,139.0,0.248195
2501.0,140.0,0.951136
2501.0,141.0,0.618345
2501.0,142.0,0.213156
2501.0,143.0,0.587109
2501.0,144.0,0.0
2501.0,145.0,0.114181
2501.0,146.0,0.621085
2501.0,147.0,1.0
2501.0,148.0,0.691066
2501.0,149.0,0.999317
2501.0,150.0,0.444696
2501.0,151.0,0.825558
2501.0,152.0,0.233244
2501.0,153.0,0.664637
2501.0,154.0,0.505936
2501.0,155.0,0.40408
2501.0,156.0,0.392562
2501.0,157.0,1.0
2501.0,158.0,0.403248
2501.0,159.0,0.305851
2501.0,160.0,0.689057
2501.0,161.0,0.931743
2501.0,162.0,0.490902
2501.0,163.0,0.760874
2501.0,164.0,0.080422
2501.0,165.0,0.551108
2501.0,166.0,0.145646
2501.0,167.0,1.0
2501.0,168.0,0.314198
2501.0,169.0,0.653072
2501.0,170.0,0.002108
2501.0,171.0,0.542789
2501.0,172.0,0.241457
2501.0,173.0,0.534914
2501.0,174.0,0.166265
2501.0,175.0,0.346543
2501.0,176.0,0.094579
2501.0,177.0,0.689864
2501.0,178.0,0.612223
2501.0,179.0,0.999244
2501.0,180.0,0.472558
2501.0,181.0,1.0
2501.0,182.0,0.717919
2501.0,183.0,0.367266
2501.0,184.0,0.322417
2501.0,185.0,0.674467
2501.0,186.0,0.219304
2501.0,187.0,0.356709
2501.0,188.0,0.421253
2501.0,189.0,0.854305
2501.0,190.0,0.408488
2501.0,191.0,0.543792
2501.0,192.0,0.89473
2501.0,193.0,0.575133
2501.0,194.0,0.500722
2501.0,195.0,0.828008
2501.0,196.0,0.489457
2501.0,197.0,0.860657
2501.0,198.0,0.012744
2501.0,199.0,0.969957
2501.0,200.0,0.727011
2501.0,201.0,0.127587
2501.0,202.0,0.689367
2501.0,203.0,0.782461
2501.0,204.0,0.464225
2501.0,205.0,0.715322
2501.0,206.0,0.439067
2501.0,207.0,0.637537
2501.0,208.0,0.003298
2501.0,209.0,0.802383
2501.0,210.0,0.997872
2501.0,211.0,0.436097
2501.0,212.0,0.636453
2501.0,213.0,0.440759
2501.0,214.0,0.610673
2501.0,215.0,0.359475
2501.0,216.0,0.001633
2501.0,217.0,0.369783
2501.0,218.0,0.525118
2501.0,219.0,0.695687
2501.0,220.0,1.0
2501.0,221.0,0.696562
2501.0,222.0,0.46033
2501.0,223.0,0.651969
2501.0,224.0,0.534852
2501.0,225.0,0.989568
2501.0,226.0,1.0
2501.0,227.0,0.423297
2501.0,228.0,0.821055
2501.0,229.0,0.735471
2501.0,230.0,0.625375
2501.0,231.0,0.133139
2501.0,232.0,0.386029
2501.0,233.0,0.25157
2501.0,234.0,0.132534
2501.0,235.0,0.369229
2501.0,236.0,0.51498
2501.0,237.0,0.531534
2501.0,238.0,0.01875
2501.0,239.0,1.0
2501.0,240.0,0.470475
2501.0,241.0,0.242994
2501.0,242.0,0.592679
2501.0,243.0,0.641949
2501.0,244.0,0.253717
2501.0,245.0,0.101044
2501.0,246.0,0.379934
2501.0,247.0,0.367122
2501.0,248.0,0.560696
2501.0,249.0,0.192574
2501.0,250.0,0.280249
2501.0,251.0,0.000234
2501.0,252.0,0.746808
2501.0,253.0,0.675872
2501.0,254.0,0.19831
2501.0,255.0,0.606358
2501.0,256.0,1.0
2501.0,257.0,0.35228
2501.0,258.0,0.800437
2501.0,259.0,0.296916
2501.0,260.0,0.543821
2501.0,261.0,0.445772
2501.0,262.0,0.135756
2501.0,263.0,0.724028
2501.0,264.0,0.029498
2501.0,265.0,0.758569
2501.0,266.0,0.951385
2501.0,267.0,0.047824
2501.0,268.0,0.013937
2501.0,269.0,0.368217
2501.0,270.0,0.474557
2501.0,271.0,0.552183
2501.0,272.0,0.686269
2501.0,273.0,0.346429
2501.0,274.0,0.390977
2501.0,275.0,0.647752
2501.0,276.0,0.775593
2501.0,277.0,0.40545
2501.0,278.0,0.013992
2501.0,279.0,0.393176
2501.0,280.0,0.538947
2501.0,281.0,0.526488
2501.0,282.0,0.691799
2501.0,283.0,0.590863
2501.0,284.0,0.438046
2501.0,285.0,0.631333
2501.0,286.0,0.432515
2501.0,287.0,0.0
2501.0,288.0,0.274333
2501.0,289.0,0.998924
2501.0,290.0,0.999879
2501.0,291.0,0.787428
2501.0,292.0,0.262833
2501.0,293.0,0.014249
2501.0,294.0,0.0
2501.0,295.0,0.491428
2501.0,296.0,0.780428
2501.0,297.0,0.392777
2501.0,298.0,0.563452
2501.0,299.0,0.799054
2501.0,300.0,0.681948
2501.0,301.0,0.0
2501.0,302.0,0.886989
2501.0,303.0,0.785381
2501.0,304.0,0.583111
2501.0,305.0,0.7261
2501.0,306.0,0.906733
2501.0,307.0,0.431211
2501.0,308.0,0.431037
2501.0,309.0,0.721551
2501.0,310.0,0.869121
2501.0,311.0,0.999627
2501.0,312.0,0.214551
2501.0,313.0,0.674364
2501.0,314.0,0.502649
2501.0,315.0,0.99834
2501.0,316.0,0.674225
2501.0,317.0,0.521343
2501.0,318.0,0.451369
2501.0,319.0,0.002607
2501.0,320.0,0.329674
2501.0,321.0,0.160624
2501.0,322.0,0.254563
2501.0,323.0,0.185209
2501.0,324.0,0.267065
2501.0,325.0,0.059017
2501.0,326.0,0.592008
2501.0,327.0,0.021207
2501.0,328.0,0.0
2501.0,329.0,0.491844
2501.0,330.0,0.550739
2501.0,331.0,0.999853
2501.0,332.0,0.452137
2501.0,333.0,0.230067
2501.0,334.0,0.668066
2502.0,0.0,0.096338
2502.0,1.0,0.885162
2502.0,2.0,0.006438
2502.0,3.0,0.675308
2502.0,4.0,0.0
2502.0,5.0,0.359537
2502.0,6.0,0.631023
2502.0,7.0,0.382775
2502.0,8.0,0.489701
2502.0,9.0,0.535657
2502.0,10.0,0.000582
2502.0,11.0,0.427934
2502.0,12.0,1.0
2502.0,13.0,0.546589
2502.0,14.0,0.517476
2502.0,15.0,0.332962
2502.0,16.0,0.593786
2502.0,17.0,0.578484
2502.0,18.0,0.0
2502.0,19.0,0.460916
2502.0,20.0,0.577097
2502.0,21.0,0.496711
2502.0,22.0,0.299521
2502.0,23.0,0.558334
2502.0,24.0,0.216836
2502.0,25.0,0.352584
2502.0,26.0,0.689882
2502.0,27.0,0.0
2502.0,28.0,0.408883
2502.0,29.0,0.441002
2502.0,30.0,0.651703
2502.0,31.0,0.483219
2502.0,32.0,0.323462
2502.0,33.0,0.352142
2502.0,34.0,0.855026
2502.0,35.0,0.386562
2502.0,36.0,0.323982
2502.0,37.0,0.377268
2502.0,38.0,0.253101
2502.0,39.0,0.023386
2502.0,40.0,0.919942
2502.0,41.0,0.706579
2502.0,42.0,0.08706
2502.0,43.0,0.609951
2502.0,44.0,0.463006
2502.0,45.0,0.992222
2502.0,46.0,0.580209
2502.0,47.0,0.352304
2502.0,48.0,0.093491
2502.0,49.0,0.751309
2502.0,50.0,0.955938
2502.0,51.0,0.361101
2502.0,52.0,0.983464
2502.0,53.0,0.604192
2502.0,54.0,0.469629
2502.0,55.0,0.729783
2502.0,56.0,0.383403
2502.0,57.0,0.297871
2502.0,58.0,1.0
2502.0,59.0,0.737637
2502.0,60.0,0.13132
2502.0,61.0,0.863372
2502.0,62.0,0.562211
2502.0,63.0,0.630374
2502.0,64.0,0.005834
2502.0,65.0,0.616963
2502.0,66.0,0.764135
2502.0,67.0,0.325514
2502.0,68.0,0.295079
2502.0,69.0,0.365531
2502.0,70.0,0.045752
2502.0,71.0,0.587253
2502.0,72.0,0.595516
2502.0,73.0,0.11043
2502.0,74.0,0.759217
2502.0,75.0,0.790937
2502.0,76.0,0.467687
2502.0,77.0,0.056836
2502.0,78.0,0.41631
2502.0,79.0,0.013537
2502.0,80.0,0.379578
2502.0,81.0,0.411569
2502.0,82.0,0.531044
2502.0,83.0,0.99632
2502.0,84.0,1.0
2502.0,85.0,0.195137
2502.0,86.0,0.574777
2502.0,87.0,0.129981
2502.0,88.0,0.626278
2502.0,89.0,0.291356
2502.0,90.0,0.84402
2502.0,91.0,0.0
2502.0,92.0,0.0
2502.0,93.0,0.460618
2502.0,94.0,0.794951
2502.0,95.0,0.643727
2502.0,96.0,0.271735
2502.0,97.0,0.053874
2502.0,98.0,0.915147
2502.0,99.0,0.369311
2502.0,100.0,0.704336
2502.0,101.0,0.466924
2502.0,102.0,0.721272
2502.0,103.0,0.424798
2502.0,104.0,1.0
2502.0,105.0,0.558738
2502.0,106.0,0.773944
2502.0,107.0,0.691724
2502.0,108.0,0.623446
2502.0,109.0,0.290713
2502.0,110.0,0.521476
2502.0,111.0,0.1031
2502.0,112.0,0.658497
2502.0,113.0,0.464121
2502.0,114.0,0.449328
2502.0,115.0,0.862576
2502.0,116.0,0.0
2502.0,117.0,0.495922
2502.0,118.0,0.600122
2502.0,119.0,0.00406
2502.0,120.0,0.548852
2502.0,121.0,0.449115
2502.0,122.0,0.553335
2502.0,123.0,0.987442
2502.0,124.0,0.0
2502.0,125.0,0.301767
2502.0,126.0,0.630837
2502.0,127.0,0.75555
2502.0,128.0,0.968235
2502.0,129.0,0.38613
2502.0,130.0,0.0
2502.0,131.0,0.0
2502.0,132.0,0.013327
2502.0,133.0,0.180615
2502.0,134.0,0.0
2502.0,135.0,0.973043
2502.0,136.0,0.87073
2502.0,137.0,0.570342
2502.0,138.0,0.21945
2502.0,139.0,0.255252
2502.0,140.0,0.951029
2502.0,141.0,0.621591
2502.0,142.0,0.214718
2502.0,143.0,0.588587
2502.0,144.0,0.0
2502.0,145.0,0.114514
2502.0,146.0,0.625799
2502.0,147.0,1.0
2502.0,148.0,0.710095
2502.0,149.0,0.999366
2502.0,150.0,0.458476
2502.0,151.0,0.826122
2502.0,152.0,0.233717
2502.0,153.0,0.669042
2502.0,154.0,0.50987
2502.0,155.0,0.413512
2502.0,156.0,0.414699
2502.0,157.0,1.0
2502.0,158.0,0.425951
2502.0,159.0,0.307548
2502.0,160.0,0.693395
2502.0,161.0,0.931661
2502.0,162.0,0.494653
2502.0,163.0,0.763688
2502.0,164.0,0.080195
2502.0,165.0,0.554801
2502.0,166.0,0.145735
2502.0,167.0,1.0
2502.0,168.0,0.314802
2502.0,169.0,0.66021
2502.0,170.0,0.002107
2502.0,171.0,0.549863
2502.0,172.0,0.242374
2502.0,173.0,0.540901
2502.0,174.0,0.167491
2502.0,175.0,0.349543
2502.0,176.0,0.094273
2502.0,177.0,0.690487
2502.0,178.0,0.616852
2502.0,179.0,0.999278
2502.0,180.0,0.474939
2502.0,181.0,1.0
2502.0,182.0,0.731449
2502.0,183.0,0.371174
2502.0,184.0,0.328453
2502.0,185.0,0.680985
2502.0,186.0,0.22037
2502.0,187.0,0.357347
2502.0,188.0,0.421662
2502.0,189.0,0.861262
2502.0,190.0,0.417622
2502.0,191.0,0.549342
2502.0,192.0,0.895833
2502.0,193.0,0.578799
2502.0,194.0,0.506642
2502.0,195.0,0.82997
2502.0,196.0,0.495315
2502.0,197.0,0.862027
2502.0,198.0,0.013115
2502.0,199.0,0.970064
2502.0,200.0,0.727504
2502.0,201.0,0.129101
2502.0,202.0,0.695242
2502.0,203.0,0.787639
2502.0,204.0,0.46434
2502.0,205.0,0.716636
2502.0,206.0,0.465165
2502.0,207.0,0.653764
2502.0,208.0,0.003368
2502.0,209.0,0.802555
2502.0,210.0,0.997932
2502.0,211.0,0.440097
2502.0,212.0,0.637254
2502.0,213.0,0.442233
2502.0,214.0,0.623672
2502.0,215.0,0.360241
2502.0,216.0,0.00163
2502.0,217.0,0.374019
2502.0,218.0,0.538501
2502.0,219.0,0.7015
2502.0,220.0,1.0
2502.0,221.0,0.700643
2502.0,222.0,0.486216
2502.0,223.0,0.655451
2502.0,224.0,0.536131
2502.0,225.0,0.9897
2502.0,226.0,1.0
2502.0,227.0,0.424534
2502.0,228.0,0.822508
2502.0,229.0,0.73582
2502.0,230.0,0.627076
2502.0,231.0,0.133311
2502.0,232.0,0.389828
2502.0,233.0,0.251781
2502.0,234.0,0.135265
2502.0,235.0,0.371485
2502.0,236.0,0.514305
2502.0,237.0,0.533559
2502.0,238.0,0.018744
2502.0,239.0,1.0
2502.0,240.0,0.473897
2502.0,241.0,0.244777
2502.0,242.0,0.594728
2502.0,243.0,0.646314
2502.0,244.0,0.257257
2502.0,245.0,0.103543
2502.0,246.0,0.381277
2502.0,247.0,0.370641
2502.0,248.0,0.56659
2502.0,249.0,0.197961
2502.0,250.0,0.286965
2502.0,251.0,0.000242
2502.0,252.0,0.743515
2502.0,253.0,0.677197
2502.0,254.0,0.212155
2502.0,255.0,0.607444
2502.0,256.0,1.0
2502.0,257.0,0.352234
2502.0,258.0,0.80086
2502.0,259.0,0.298267
2502.0,260.0,0.544028
2502.0,261.0,0.447855
2502.0,262.0,0.137579
2502.0,263.0,0.724675
2502.0,264.0,0.029872
2502.0,265.0,0.759381
2502.0,266.0,0.95195
2502.0,267.0,0.048357
2502.0,268.0,0.014075
2502.0,269.0,0.371475
2502.0,270.0,0.475822
2502.0,271.0,0.559332
2502.0,272.0,0.686134
2502.0,273.0,0.349428
2502.0,274.0,0.392547
2502.0,275.0,0.659169
2502.0,276.0,0.796763
2502.0,277.0,0.407608
2502.0,278.0,0.014556
2502.0,279.0,0.396166
2502.0,280.0,0.543202
2502.0,281.0,0.530021
2502.0,282.0,0.697977
2502.0,283.0,0.600232
2502.0,284.0,0.445341
2502.0,285.0,0.63257
2502.0,286.0,0.438493
2502.0,287.0,0.0
2502.0,288.0,0.277883
2502.0,289.0,0.998945
2502.0,290.0,0.999881
2502.0,291.0,0.788039
2502.0,292.0,0.265202
2502.0,293.0,0.014861
2502.0,294.0,0.0
2502.0,295.0,0.495509
2502.0,296.0,0.782726
2502.0,297.0,0.395011
2502.0,298.0,0.564729
2502.0,299.0,0.799918
2502.0,300.0,0.688673
2502.0,301.0,0.0
2502.0,302.0,0.889599
2502.0,303.0,0.789279
2502.0,304.0,0.583893
2502.0,305.0,0.731548
2502.0,306.0,0.907334
2502.0,307.0,0.439917
2502.0,308.0,0.43437
2502.0,309.0,0.726403
2502.0,310.0,0.870116
2502.0,311.0,0.999609
2502.0,312.0,0.220685
2502.0,313.0,0.675887
2502.0,314.0,0.504796
2502.0,315.0,0.998443
2502.0,316.0,0.674762
2502.0,317.0,0.523402
2502.0,318.0,0.452671
2502.0,319.0,0.002726
2502.0,320.0,0.338834
2502.0,321.0,0.16232
2502.0,322.0,0.25714
2502.0,323.0,0.188162
2502.0,324.0,0.268881
2502.0,325.0,0.058565
2502.0,326.0,0.599441
2502.0,327.0,0.02149
2502.0,328.0,0.0
2502.0,329.0,0.532945
2502.0,330.0,0.551177
2502.0,331.0,0.999873
2502.0,332.0,0.453099
2502.0,333.0,0.232104
2502.0,334.0,0.668321
2503.0,0.0,0.097107
2503.0,1.0,0.88623
2503.0,2.0,0.006519
2503.0,3.0,0.681893
2503.0,4.0,0.0
2503.0,5.0,0.360831
2503.0,6.0,0.634772
2503.0,7.0,0.389147
2503.0,8.0,0.495836
2503.0,9.0,0.54115
2503.0,10.0,0.000582
2503.0,11.0,0.436055
2503.0,12.0,1.0
2503.0,13.0,0.552476
2503.0,14.0,0.524641
2503.0,15.0,0.335124
2503.0,16.0,0.598778
2503.0,17.0,0.582378
2503.0,18.0,0.0
2503.0,19.0,0.463543
2503.0,20.0,0.577489
2503.0,21.0,0.500659
2503.0,22.0,0.301327
2503.0,23.0,0.563283
2503.0,24.0,0.222606
2503.0,25.0,0.357926
2503.0,26.0,0.70238
2503.0,27.0,0.0
2503.0,28.0,0.413706
2503.0,29.0,0.450512
2503.0,30.0,0.654153
2503.0,31.0,0.485351
2503.0,32.0,0.326526
2503.0,33.0,0.354273
2503.0,34.0,0.855962
2503.0,35.0,0.399695
2503.0,36.0,0.325665
2503.0,37.0,0.378934
2503.0,38.0,0.253679
2503.0,39.0,0.023576
2503.0,40.0,0.921136
2503.0,41.0,0.709682
2503.0,42.0,0.088586
2503.0,43.0,0.611122
2503.0,44.0,0.465964
2503.0,45.0,0.992307
2503.0,46.0,0.583128
2503.0,47.0,0.355804
2503.0,48.0,0.094789
2503.0,49.0,0.753567
2503.0,50.0,0.956442
2503.0,51.0,0.365323
2503.0,52.0,0.98352
2503.0,53.0,0.603944
2503.0,54.0,0.477966
2503.0,55.0,0.731904
2503.0,56.0,0.390156
2503.0,57.0,0.299613
2503.0,58.0,1.0
2503.0,59.0,0.738939
2503.0,60.0,0.131609
2503.0,61.0,0.864748
2503.0,62.0,0.568887
2503.0,63.0,0.633167
2503.0,64.0,0.005942
2503.0,65.0,0.621989
2503.0,66.0,0.768011
2503.0,67.0,0.329446
2503.0,68.0,0.303118
2503.0,69.0,0.369548
2503.0,70.0,0.046181
2503.0,71.0,0.587245
2503.0,72.0,0.595667
2503.0,73.0,0.110584
2503.0,74.0,0.764433
2503.0,75.0,0.798919
2503.0,76.0,0.473166
2503.0,77.0,0.05748
2503.0,78.0,0.421905
2503.0,79.0,0.013504
2503.0,80.0,0.387849
2503.0,81.0,0.413812
2503.0,82.0,0.533557
2503.0,83.0,0.996333
2503.0,84.0,1.0
2503.0,85.0,0.196079
2503.0,86.0,0.577819
2503.0,87.0,0.131523
2503.0,88.0,0.627936
2503.0,89.0,0.290601
2503.0,90.0,0.845328
2503.0,91.0,0.0
2503.0,92.0,0.0
2503.0,93.0,0.462143
2503.0,94.0,0.794958
2503.0,95.0,0.647167
2503.0,96.0,0.278658
2503.0,97.0,0.05492
2503.0,98.0,0.915911
2503.0,99.0,0.373005
2503.0,100.0,0.70589
2503.0,101.0,0.475753
2503.0,102.0,0.723911
2503.0,103.0,0.431853
2503.0,104.0,1.0
2503.0,105.0,0.562847
2503.0,106.0,0.782447
2503.0,107.0,0.693356
2503.0,108.0,0.626319
2503.0,109.0,0.291342
2503.0,110.0,0.533132
2503.0,111.0,0.104254
2503.0,112.0,0.662992
2503.0,113.0,0.534791
2503.0,114.0,0.453098
2503.0,115.0,0.863259
2503.0,116.0,0.0
2503.0,117.0,0.505202
2503.0,118.0,0.600399
2503.0,119.0,0.00411
2503.0,120.0,0.553302
2503.0,121.0,0.451153
2503.0,122.0,0.555275
2503.0,123.0,0.987747
2503.0,124.0,0.0
2503.0,125.0,0.315148
2503.0,126.0,0.633795
2503.0,127.0,0.768552
2503.0,128.0,0.968086
2503.0,129.0,0.387626
2503.0,130.0,0.0
2503.0,131.0,0.0
2503.0,132.0,0.01357
2503.0,133.0,0.186244
2503.0,134.0,0.0
2503.0,135.0,0.972763
2503.0,136.0,0.873337
2503.0,137.0,0.570516
2503.0,138.0,0.219821
2503.0,139.0,0.261419
2503.0,140.0,0.951362
2503.0,141.0,0.624641
2503.0,142.0,0.216856
2503.0,143.0,0.591871
2503.0,144.0,0.0
2503.0,145.0,0.115127
2503.0,146.0,0.629988
2503.0,147.0,1.0
2503.0,148.0,0.728021
2503.0,149.0,0.999411
2503.0,150.0,0.471491
2503.0,151.0,0.82598
2503.0,152.0,0.234679
2503.0,153.0,0.674409
2503.0,154.0,0.51366
2503.0,155.0,0.422683
2503.0,156.0,0.437671
2503.0,157.0,1.0
2503.0,158.0,0.447415
2503.0,159.0,0.309193
2503.0,160.0,0.697832
2503.0,161.0,0.932646
2503.0,162.0,0.497004
2503.0,163.0,0.766883
2503.0,164.0,0.080044
2503.0,165.0,0.556783
2503.0,166.0,0.145132
2503.0,167.0,1.0
2503.0,168.0,0.314839
2503.0,169.0,0.667151
2503.0,170.0,0.002183
2503.0,171.0,0.55615
2503.0,172.0,0.244568
2503.0,173.0,0.547587
2503.0,174.0,0.169736
2503.0,175.0,0.352457
2503.0,176.0,0.094228
2503.0,177.0,0.690826
2503.0,178.0,0.621291
2503.0,179.0,0.999327
2503.0,180.0,0.478191
2503.0,181.0,1.0
2503.0,182.0,0.743707
2503.0,183.0,0.375059
2503.0,184.0,0.333791
2503.0,185.0,0.688456
2503.0,186.0,0.221427
2503.0,187.0,0.358027
2503.0,188.0,0.421404
2503.0,189.0,0.868639
2503.0,190.0,0.425955
2503.0,191.0,0.554802
2503.0,192.0,0.896586
2503.0,193.0,0.582416
2503.0,194.0,0.512591
2503.0,195.0,0.831957
2503.0,196.0,0.500998
2503.0,197.0,0.863564
2503.0,198.0,0.013296
2503.0,199.0,0.970025
2503.0,200.0,0.727671
2503.0,201.0,0.130334
2503.0,202.0,0.7024
2503.0,203.0,0.791893
2503.0,204.0,0.46435
2503.0,205.0,0.718482
2503.0,206.0,0.490219
2503.0,207.0,0.669627
2503.0,208.0,0.003347
2503.0,209.0,0.803206
2503.0,210.0,0.997932
2503.0,211.0,0.443926
2503.0,212.0,0.638329
2503.0,213.0,0.444753
2503.0,214.0,0.634759
2503.0,215.0,0.361545
2503.0,216.0,0.001686
2503.0,217.0,0.377974
2503.0,218.0,0.550141
2503.0,219.0,0.70765
2503.0,220.0,1.0
2503.0,221.0,0.704285
2503.0,222.0,0.511114
2503.0,223.0,0.659067
2503.0,224.0,0.538323
2503.0,225.0,0.989872
2503.0,226.0,1.0
2503.0,227.0,0.424818
2503.0,228.0,0.823107
2503.0,229.0,0.737057
2503.0,230.0,0.628086
2503.0,231.0,0.13392
2503.0,232.0,0.394063
2503.0,233.0,0.252154
2503.0,234.0,0.137825
2503.0,235.0,0.372263
2503.0,236.0,0.51467
2503.0,237.0,0.536417
2503.0,238.0,0.018723
2503.0,239.0,1.0
2503.0,240.0,0.476707
2503.0,241.0,0.24623
2503.0,242.0,0.595927
2503.0,243.0,0.650899
2503.0,244.0,0.261817
2503.0,245.0,0.106722
2503.0,246.0,0.382541
2503.0,247.0,0.374112
2503.0,248.0,0.572198
2503.0,249.0,0.20247
2503.0,250.0,0.293171
2503.0,251.0,0.000239
2503.0,252.0,0.740312
2503.0,253.0,0.677998
2503.0,254.0,0.225661
2503.0,255.0,0.607552
2503.0,256.0,1.0
2503.0,257.0,0.352456
2503.0,258.0,0.800774
2503.0,259.0,0.300304
2503.0,260.0,0.54412
2503.0,261.0,0.450422
2503.0,262.0,0.139279
2503.0,263.0,0.725609
2503.0,264.0,0.029956
2503.0,265.0,0.759842
2503.0,266.0,0.952549
2503.0,267.0,0.048733
2503.0,268.0,0.014261
2503.0,269.0,0.374226
2503.0,270.0,0.477787
2503.0,271.0,0.566155
2503.0,272.0,0.686777
2503.0,273.0,0.352415
2503.0,274.0,0.394542
2503.0,275.0,0.669847
2503.0,276.0,0.81538
2503.0,277.0,0.410651
2503.0,278.0,0.015112
2503.0,279.0,0.398761
2503.0,280.0,0.547194
2503.0,281.0,0.532969
2503.0,282.0,0.703699
2503.0,283.0,0.609605
2503.0,284.0,0.452482
2503.0,285.0,0.63248
2503.0,286.0,0.446323
2503.0,287.0,0.0
2503.0,288.0,0.281877
2503.0,289.0,0.998994
2503.0,290.0,0.999896
2503.0,291.0,0.790224
2503.0,292.0,0.266899
2503.0,293.0,0.015771
2503.0,294.0,0.0
2503.0,295.0,0.499772
2503.0,296.0,0.784713
2503.0,297.0,0.39768
2503.0,298.0,0.56505
2503.0,299.0,0.799935
2503.0,300.0,0.694359
2503.0,301.0,0.0
2503.0,302.0,0.892757
2503.0,303.0,0.79455
2503.0,304.0,0.583787
2503.0,305.0,0.737193
2503.0,306.0,0.908564
2503.0,307.0,0.448383
2503.0,308.0,0.437576
2503.0,309.0,0.730212
2503.0,310.0,0.871299
2503.0,311.0,0.999584
2503.0,312.0,0.226636
2503.0,313.0,0.678213
2503.0,314.0,0.506371
2503.0,315.0,0.998507
2503.0,316.0,0.675241
2503.0,317.0,0.525576
2503.0,318.0,0.454375
2503.0,319.0,0.002822
2503.0,320.0,0.347989
2503.0,321.0,0.163547
2503.0,322.0,0.260123
2503.0,323.0,0.190818
2503.0,324.0,0.270048
2503.0,325.0,0.058179
2503.0,326.0,0.606367
2503.0,327.0,0.021501
2503.0,328.0,0.0
2503.0,329.0,0.573713
2503.0,330.0,0.550161
2503.0,331.0,0.999876
2503.0,332.0,0.454323
2503.0,333.0,0.23408
2503.0,334.0,0.669562
2504.0,0.0,0.097372
2504.0,1.0,0.887218
2504.0,2.0,0.006716
2504.0,3.0,0.689809
2504.0,4.0,0.0
2504.0,5.0,0.363131
2504.0,6.0,0.638313
2504.0,7.0,0.395397
2504.0,8.0,0.5007
2504.0,9.0,0.546236
2504.0,10.0,0.000569
2504.0,11.0,0.445257
2504.0,12.0,1.0
2504.0,13.0,0.557687
2504.0,14.0,0.532898
2504.0,15.0,0.337781
2504.0,16.0,0.602585
2504.0,17.0,0.585983
2504.0,18.0,0.0
2504.0,19.0,0.465141
2504.0,20.0,0.578922
2504.0,21.0,0.503843
2504.0,22.0,0.302326
2504.0,23.0,0.567806
2504.0,24.0,0.228616
2504.0,25.0,0.362216
2504.0,26.0,0.71443
2504.0,27.0,0.0
2504.0,28.0,0.418605
2504.0,29.0,0.461027
2504.0,30.0,0.655669
2504.0,31.0,0.487037
2504.0,32.0,0.330241
2504.0,33.0,0.356326
2504.0,34.0,0.85584
2504.0,35.0,0.412714
2504.0,36.0,0.326889
2504.0,37.0,0.381022
2504.0,38.0,0.254246
2504.0,39.0,0.023904
2504.0,40.0,0.92296
2504.0,41.0,0.712523
2504.0,42.0,0.089933
2504.0,43.0,0.611781
2504.0,44.0,0.468847
2504.0,45.0,0.992446
2504.0,46.0,0.585109
2504.0,47.0,0.359806
2504.0,48.0,0.095395
2504.0,49.0,0.755954
2504.0,50.0,0.957479
2504.0,51.0,0.369031
2504.0,52.0,0.983836
2504.0,53.0,0.604435
2504.0,54.0,0.48661
2504.0,55.0,0.733432
2504.0,56.0,0.395905
2504.0,57.0,0.300723
2504.0,58.0,1.0
2504.0,59.0,0.739291
2504.0,60.0,0.132372
2504.0,61.0,0.865998
2504.0,62.0,0.575387
2504.0,63.0,0.636036
2504.0,64.0,0.00599
2504.0,65.0,0.627271
2504.0,66.0,0.771839
2504.0,67.0,0.333963
2504.0,68.0,0.312483
2504.0,69.0,0.373398
2504.0,70.0,0.04698
2504.0,71.0,0.586662
2504.0,72.0,0.595679
2504.0,73.0,0.110898
2504.0,74.0,0.769208
2504.0,75.0,0.806561
2504.0,76.0,0.477524
2504.0,77.0,0.058437
2504.0,78.0,0.426965
2504.0,79.0,0.013529
2504.0,80.0,0.395117
2504.0,81.0,0.41673
2504.0,82.0,0.534704
2504.0,83.0,0.996414
2504.0,84.0,1.0
2504.0,85.0,0.197486
2504.0,86.0,0.580642
2504.0,87.0,0.133032
2504.0,88.0,0.630692
2504.0,89.0,0.29167
2504.0,90.0,0.846785
2504.0,91.0,0.0
2504.0,92.0,0.0
2504.0,93.0,0.463635
2504.0,94.0,0.795686
2504.0,95.0,0.650876
2504.0,96.0,0.285687
2504.0,97.0,0.056012
2504.0,98.0,0.91728
2504.0,99.0,0.376505
2504.0,100.0,0.707137
2504.0,101.0,0.484797
2504.0,102.0,0.726649
2504.0,103.0,0.438025
2504.0,104.0,1.0
2504.0,105.0,0.566292
2504.0,106.0,0.789791
2504.0,107.0,0.694947
2504.0,108.0,0.630467
2504.0,109.0,0.291881
2504.0,110.0,0.544636
2504.0,111.0,0.105898
2504.0,112.0,0.66675
2504.0,113.0,0.601914
2504.0,114.0,0.456915
2504.0,115.0,0.864188
2504.0,116.0,0.0
2504.0,117.0,0.513039
2504.0,118.0,0.601317
2504.0,119.0,0.004071
2504.0,120.0,0.557665
2504.0,121.0,0.454227
2504.0,122.0,0.556717
2504.0,123.0,0.987868
2504.0,124.0,0.0
2504.0,125.0,0.329931
2504.0,126.0,0.635677
2504.0,127.0,0.781735
2504.0,128.0,0.96803
2504.0,129.0,0.390451
2504.0,130.0,0.0
2504.0,131.0,0.0
2504.0,132.0,0.013746
2504.0,133.0,0.191981
2504.0,134.0,0.0
2504.0,135.0,0.973169
2504.0,136.0,0.876225
2504.0,137.0,0.571292
2504.0,138.0,0.22043
2504.0,139.0,0.268531
2504.0,140.0,0.951909
2504.0,141.0,0.627233
2504.0,142.0,0.219547
2504.0,143.0,0.594508
2504.0,144.0,0.0
2504.0,145.0,0.115829
2504.0,146.0,0.633484
2504.0,147.0,1.0
2504.0,148.0,0.745083
2504.0,149.0,0.999433
2504.0,150.0,0.484923
2504.0,151.0,0.826442
2504.0,152.0,0.235206
2504.0,153.0,0.679284
2504.0,154.0,0.517253
2504.0,155.0,0.431993
2504.0,156.0,0.460585
2504.0,157.0,1.0
2504.0,158.0,0.46815
2504.0,159.0,0.310523
2504.0,160.0,0.702251
2504.0,161.0,0.932738
2504.0,162.0,0.499517
2504.0,163.0,0.769817
2504.0,164.0,0.07935
2504.0,165.0,0.55997
2504.0,166.0,0.144912
2504.0,167.0,1.0
2504.0,168.0,0.314421
2504.0,169.0,0.673873
2504.0,170.0,0.002194
2504.0,171.0,0.562121
2504.0,172.0,0.247243
2504.0,173.0,0.553333
2504.0,174.0,0.171179
2504.0,175.0,0.354966
2504.0,176.0,0.09367
2504.0,177.0,0.691034
2504.0,178.0,0.626425
2504.0,179.0,0.999353
2504.0,180.0,0.480864
2504.0,181.0,1.0
2504.0,182.0,0.755934
2504.0,183.0,0.379391
2504.0,184.0,0.338351
2504.0,185.0,0.694607
2504.0,186.0,0.223769
2504.0,187.0,0.358775
2504.0,188.0,0.421776
2504.0,189.0,0.875088
2504.0,190.0,0.43306
2504.0,191.0,0.559207
2504.0,192.0,0.897928
2504.0,193.0,0.58599
2504.0,194.0,0.518104
2504.0,195.0,0.833923
2504.0,196.0,0.506414
2504.0,197.0,0.865371
2504.0,198.0,0.013715
2504.0,199.0,0.969677
2504.0,200.0,0.728676
2504.0,201.0,0.13125
2504.0,202.0,0.709535
2504.0,203.0,0.796128
2504.0,204.0,0.464512
2504.0,205.0,0.71972
2504.0,206.0,0.513427
2504.0,207.0,0.683249
2504.0,208.0,0.003331
2504.0,209.0,0.802764
2504.0,210.0,0.997917
2504.0,211.0,0.448118
2504.0,212.0,0.639038
2504.0,213.0,0.44626
2504.0,214.0,0.645929
2504.0,215.0,0.362481
2504.0,216.0,0.001693
2504.0,217.0,0.383059
2504.0,218.0,0.561599
2504.0,219.0,0.713479
2504.0,220.0,1.0
2504.0,221.0,0.708367
2504.0,222.0,0.537077
2504.0,223.0,0.662855
2504.0,224.0,0.540741
2504.0,225.0,0.99001
2504.0,226.0,1.0
2504.0,227.0,0.427023
2504.0,228.0,0.824566
2504.0,229.0,0.737667
2504.0,230.0,0.629895
2504.0,231.0,0.134439
2504.0,232.0,0.397411
2504.0,233.0,0.252856
2504.0,234.0,0.141038
2504.0,235.0,0.374414
2504.0,236.0,0.514715
2504.0,237.0,0.539925
2504.0,238.0,0.018979
2504.0,239.0,1.0
2504.0,240.0,0.479442
2504.0,241.0,0.246813
2504.0,242.0,0.597823
2504.0,243.0,0.656093
2504.0,244.0,0.266375
2504.0,245.0,0.110051
2504.0,246.0,0.383358
2504.0,247.0,0.37752
2504.0,248.0,0.578313
2504.0,249.0,0.20762
2504.0,250.0,0.297615
2504.0,251.0,0.000237
2504.0,252.0,0.737534
2504.0,253.0,0.678829
2504.0,254.0,0.239446
2504.0,255.0,0.606972
2504.0,256.0,1.0
2504.0,257.0,0.353592
2504.0,258.0,0.80043
2504.0,259.0,0.302689
2504.0,260.0,0.544123
2504.0,261.0,0.452389
2504.0,262.0,0.141626
2504.0,263.0,0.72606
2504.0,264.0,0.02992
2504.0,265.0,0.760019
2504.0,266.0,0.952999
2504.0,267.0,0.049141
2504.0,268.0,0.014268
2504.0,269.0,0.376691
2504.0,270.0,0.479308
2504.0,271.0,0.572596
2504.0,272.0,0.687814
2504.0,273.0,0.354436
2504.0,274.0,0.396224
2504.0,275.0,0.681081
2504.0,276.0,0.832431
2504.0,277.0,0.41174
2504.0,278.0,0.015747
2504.0,279.0,0.401382
2504.0,280.0,0.551411
2504.0,281.0,0.536168
2504.0,282.0,0.709222
2504.0,283.0,0.617441
2504.0,284.0,0.457866
2504.0,285.0,0.633675
2504.0,286.0,0.4524
2504.0,287.0,0.0
2504.0,288.0,0.286606
2504.0,289.0,0.999044
2504.0,290.0,0.999903
2504.0,291.0,0.791256
2504.0,292.0,0.269952
2504.0,293.0,0.016278
2504.0,294.0,0.0
2504.0,295.0,0.50378
2504.0,296.0,0.787392
2504.0,297.0,0.399369
2504.0,298.0,0.565517
2504.0,299.0,0.800678
2504.0,300.0,0.700691
2504.0,301.0,0.0
2504.0,302.0,0.895713
2504.0,303.0,0.799008
2504.0,304.0,0.583449
2504.0,305.0,0.742721
2504.0,306.0,0.909275
2504.0,307.0,0.456471
2504.0,308.0,0.440838
2504.0,309.0,0.733471
2504.0,310.0,0.872457
2504.0,311.0,0.999566
2504.0,312.0,0.232373
2504.0,313.0,0.680024
2504.0,314.0,0.508181
2504.0,315.0,0.998532
2504.0,316.0,0.675964
2504.0,317.0,0.5283
2504.0,318.0,0.456666
2504.0,319.0,0.002835
2504.0,320.0,0.356386
2504.0,321.0,0.165065
2504.0,322.0,0.263763
2504.0,323.0,0.193658
2504.0,324.0,0.271446
2504.0,325.0,0.0578
2504.0,326.0,0.612555
2504.0,327.0,0.021701
2504.0,328.0,0.0
2504.0,329.0,0.614011
2504.0,330.0,0.55012
2504.0,331.0,0.999908
2504.0,332.0,0.454281
2504.0,333.0,0.235567
2504.0,334.0,0.670665
2505.0,0.0,0.098218
2505.0,1.0,0.887816
2505.0,2.0,0.006672
2505.0,3.0,0.696498
2505.0,4.0,0.0
2505.0,5.0,0.364132
2505.0,6.0,0.642348
2505.0,7.0,0.400772
2505.0,8.0,0.505376
2505.0,9.0,0.551454
2505.0,10.0,0.000565
2505.0,11.0,0.454371
2505.0,12.0,1.0
2505.0,13.0,0.563158
2505.0,14.0,0.541194
2505.0,15.0,0.341062
2505.0,16.0,0.606351
2505.0,17.0,0.590709
2505.0,18.0,0.0
2505.0,19.0,0.467224
2505.0,20.0,0.579777
2505.0,21.0,0.507777
2505.0,22.0,0.303539
2505.0,23.0,0.571361
2505.0,24.0,0.234698
2505.0,25.0,0.366991
2505.0,26.0,0.724585
2505.0,27.0,0.0
2505.0,28.0,0.423269
2505.0,29.0,0.470915
2505.0,30.0,0.657807
2505.0,31.0,0.488198
2505.0,32.0,0.333671
2505.0,33.0,0.358797
2505.0,34.0,0.856877
2505.0,35.0,0.426696
2505.0,36.0,0.327898
2505.0,37.0,0.38326
2505.0,38.0,0.255134
2505.0,39.0,0.023935
2505.0,40.0,0.924495
2505.0,41.0,0.715415
2505.0,42.0,0.091433
2505.0,43.0,0.613573
2505.0,44.0,0.47215
2505.0,45.0,0.992581
2505.0,46.0,0.587078
2505.0,47.0,0.363008
2505.0,48.0,0.09607
2505.0,49.0,0.757153
2505.0,50.0,0.957926
2505.0,51.0,0.373697
2505.0,52.0,0.983962
2505.0,53.0,0.604811
2505.0,54.0,0.495256
2505.0,55.0,0.734526
2505.0,56.0,0.401386
2505.0,57.0,0.302197
2505.0,58.0,1.0
2505.0,59.0,0.740192
2505.0,60.0,0.133075
2505.0,61.0,0.86679
2505.0,62.0,0.581911
2505.0,63.0,0.639419
2505.0,64.0,0.006102
2505.0,65.0,0.63241
2505.0,66.0,0.774873
2505.0,67.0,0.337129
2505.0,68.0,0.322277
2505.0,69.0,0.377623
2505.0,70.0,0.047821
2505.0,71.0,0.587189
2505.0,72.0,0.595978
2505.0,73.0,0.110906
2505.0,74.0,0.774145
2505.0,75.0,0.814298
2505.0,76.0,0.482236
2505.0,77.0,0.058797
2505.0,78.0,0.431545
2505.0,79.0,0.013571
2505.0,80.0,0.401733
2505.0,81.0,0.419649
2505.0,82.0,0.537247
2505.0,83.0,0.996483
2505.0,84.0,1.0
2505.0,85.0,0.199433
2505.0,86.0,0.583536
2505.0,87.0,0.134013
2505.0,88.0,0.632571
2505.0,89.0,0.290997
2505.0,90.0,0.847902
2505.0,91.0,0.0
2505.0,92.0,0.0
2505.0,93.0,0.465365
2505.0,94.0,0.795842
2505.0,95.0,0.65441
2505.0,96.0,0.292685
2505.0,97.0,0.057595
2505.0,98.0,0.918171
2505.0,99.0,0.380615
2505.0,100.0,0.708897
2505.0,101.0,0.492395
2505.0,102.0,0.727982
2505.0,103.0,0.4446
2505.0,104.0,1.0
2505.0,105.0,0.569182
2505.0,106.0,0.797592
2505.0,107.0,0.69759
2505.0,108.0,0.63439
2505.0,109.0,0.2926
2505.0,110.0,0.557309
2505.0,111.0,0.107199
2505.0,112.0,0.670409
2505.0,113.0,0.663107
2505.0,114.0,0.460789
2505.0,115.0,0.864844
2505.0,116.0,0.0
2505.0,117.0,0.522355
2505.0,118.0,0.602124
2505.0,119.0,0.004125
2505.0,120.0,0.561209
2505.0,121.0,0.45563
2505.0,122.0,0.558963
2505.0,123.0,0.987955
2505.0,124.0,0.0
2505.0,125.0,0.342582
2505.0,126.0,0.637926
2505.0,127.0,0.794302
2505.0,128.0,0.968633
2505.0,129.0,0.391442
2505.0,130.0,0.0
2505.0,131.0,0.0
2505.0,132.0,0.013768
2505.0,133.0,0.197797
2505.0,134.0,0.0
2505.0,135.0,0.973593
2505.0,136.0,0.878655
2505.0,137.0,0.570358
2505.0,138.0,0.220601
2505.0,139.0,0.275501
2505.0,140.0,0.952372
2505.0,141.0,0.629761
2505.0,142.0,0.220832
2505.0,143.0,0.596928
2505.0,144.0,0.0
2505.0,145.0,0.116724
2505.0,146.0,0.636689
2505.0,147.0,1.0
2505.0,148.0,0.761534
2505.0,149.0,0.999439
2505.0,150.0,0.497527
2505.0,151.0,0.826746
2505.0,152.0,0.235429
2505.0,153.0,0.683914
2505.0,154.0,0.520141
2505.0,155.0,0.440657
2505.0,156.0,0.483007
2505.0,157.0,1.0
2505.0,158.0,0.487353
2505.0,159.0,0.312398
2505.0,160.0,0.70759
2505.0,161.0,0.932964
2505.0,162.0,0.501614
2505.0,163.0,0.772127
2505.0,164.0,0.078783
2505.0,165.0,0.561953
2505.0,166.0,0.14521
2505.0,167.0,1.0
2505.0,168.0,0.314503
2505.0,169.0,0.680839
2505.0,170.0,0.002158
2505.0,171.0,0.567538
2505.0,172.0,0.249157
2505.0,173.0,0.559429
2505.0,174.0,0.173397
2505.0,175.0,0.358168
2505.0,176.0,0.093888
2505.0,177.0,0.692615
2505.0,178.0,0.632077
2505.0,179.0,0.999317
2505.0,180.0,0.482735
2505.0,181.0,1.0
2505.0,182.0,0.768047
2505.0,183.0,0.38459
2505.0,184.0,0.343838
2505.0,185.0,0.699952
2505.0,186.0,0.225887
2505.0,187.0,0.359571
2505.0,188.0,0.421175
2505.0,189.0,0.881339
2505.0,190.0,0.439613
2505.0,191.0,0.565105
2505.0,192.0,0.898804
2505.0,193.0,0.589642
2505.0,194.0,0.523313
2505.0,195.0,0.835726
2505.0,196.0,0.511162
2505.0,197.0,0.866238
2505.0,198.0,0.01421
2505.0,199.0,0.969736
2505.0,200.0,0.729188
2505.0,201.0,0.132848
2505.0,202.0,0.71533
2505.0,203.0,0.80006
2505.0,204.0,0.464902
2505.0,205.0,0.72149
2505.0,206.0,0.535838
2505.0,207.0,0.695807
2505.0,208.0,0.003451
2505.0,209.0,0.802623
2505.0,210.0,0.997945
2505.0,211.0,0.451386
2505.0,212.0,0.639178
2505.0,213.0,0.448398
2505.0,214.0,0.656871
2505.0,215.0,0.363649
2505.0,216.0,0.001681
2505.0,217.0,0.388577
2505.0,218.0,0.57199
2505.0,219.0,0.718382
2505.0,220.0,1.0
2505.0,221.0,0.712548
2505.0,222.0,0.562091
2505.0,223.0,0.666018
2505.0,224.0,0.541906
2505.0,225.0,0.990045
2505.0,226.0,1.0
2505.0,227.0,0.428734
2505.0,228.0,0.826061
2505.0,229.0,0.738062
2505.0,230.0,0.631392
2505.0,231.0,0.135218
2505.0,232.0,0.400978
2505.0,233.0,0.252646
2505.0,234.0,0.144408
2505.0,235.0,0.374866
2505.0,236.0,0.515411
2505.0,237.0,0.542969
2505.0,238.0,0.019374
2505.0,239.0,1.0
2505.0,240.0,0.481966
2505.0,241.0,0.247158
2505.0,242.0,0.599003
2505.0,243.0,0.660146
2505.0,244.0,0.270343
2505.0,245.0,0.113591
2505.0,246.0,0.383908
2505.0,247.0,0.381694
2505.0,248.0,0.583786
2505.0,249.0,0.212685
2505.0,250.0,0.303113
2505.0,251.0,0.000258
2505.0,252.0,0.734646
2505.0,253.0,0.679428
2505.0,254.0,0.254048
2505.0,255.0,0.607912
2505.0,256.0,1.0
2505.0,257.0,0.354937
2505.0,258.0,0.800482
2505.0,259.0,0.304777
2505.0,260.0,0.543906
2505.0,261.0,0.453752
2505.0,262.0,0.143962
2505.0,263.0,0.726545
2505.0,264.0,0.029965
2505.0,265.0,0.761397
2505.0,266.0,0.953699
2505.0,267.0,0.049507
2505.0,268.0,0.014419
2505.0,269.0,0.379052
2505.0,270.0,0.480412
2505.0,271.0,0.579346
2505.0,272.0,0.687929
2505.0,273.0,0.35617
2505.0,274.0,0.398077
2505.0,275.0,0.69114
2505.0,276.0,0.848035
2505.0,277.0,0.41482
2505.0,278.0,0.016172
2505.0,279.0,0.403819
2505.0,280.0,0.555163
2505.0,281.0,0.540092
2505.0,282.0,0.714564
2505.0,283.0,0.625402
2505.0,284.0,0.464501
2505.0,285.0,0.634046
2505.0,286.0,0.459059
2505.0,287.0,0.0
2505.0,288.0,0.290962
2505.0,289.0,0.999092
2505.0,290.0,0.99989
2505.0,291.0,0.792328
2505.0,292.0,0.272195
2505.0,293.0,0.017071
2505.0,294.0,0.0
2505.0,295.0,0.506895
2505.0,296.0,0.789306
2505.0,297.0,0.400572
2505.0,298.0,0.566394
2505.0,299.0,0.801364
2505.0,300.0,0.706482
2505.0,301.0,0.0
2505.0,302.0,0.898358
2505.0,303.0,0.803458
2505.0,304.0,0.583567
2505.0,305.0,0.747132
2505.0,306.0,0.910509
2505.0,307.0,0.46473
2505.0,308.0,0.444879
2505.0,309.0,0.736784
2505.0,310.0,0.873461
2505.0,311.0,0.99953
2505.0,312.0,0.238821
2505.0,313.0,0.682198
2505.0,314.0,0.510255
2505.0,315.0,0.998542
2505.0,316.0,0.676373
2505.0,317.0,0.530293
2505.0,318.0,0.458869
2505.0,319.0,0.002799
2505.0,320.0,0.364422
2505.0,321.0,0.166317
2505.0,322.0,0.265957
2505.0,323.0,0.196468
2505.0,324.0,0.272958
2505.0,325.0,0.057991
2505.0,326.0,0.61893
2505.0,327.0,0.021997
2505.0,328.0,0.0
2505.0,329.0,0.653117
2505.0,330.0,0.550235
2505.0,331.0,0.999925
2505.0,332.0,0.455362
2505.0,333.0,0.23769
2505.0,334.0,0.670241
2506.0,0.0,0.097398
2506.0,1.0,0.887465
2506.0,2.0,0.00641
2506.0,3.0,0.688831
2506.0,4.0,0.0
2506.0,5.0,0.362462
2506.0,6.0,0.63903
2506.0,7.0,0.394643
2506.0,8.0,0.498232
2506.0,9.0,0.546128
2506.0,10.0,0.000545
2506.0,11.0,0.445896
2506.0,12.0,1.0
2506.0,13.0,0.557054
2506.0,14.0,0.532272
2506.0,15.0,0.3372
2506.0,16.0,0.60261
2506.0,17.0,0.585922
2506.0,18.0,0.0
2506.0,19.0,0.465571
2506.0,20.0,0.577761
2506.0,21.0,0.503586
2506.0,22.0,0.300827
2506.0,23.0,0.567343
2506.0,24.0,0.228372
2506.0,25.0,0.361515
2506.0,26.0,0.709865
2506.0,27.0,0.0
2506.0,28.0,0.41863
2506.0,29.0,0.45924
2506.0,30.0,0.656338
2506.0,31.0,0.486676
2506.0,32.0,0.330086
2506.0,33.0,0.357025
2506.0,34.0,0.856158
2506.0,35.0,0.412287
2506.0,36.0,0.326549
2506.0,37.0,0.381251
2506.0,38.0,0.254159
2506.0,39.0,0.023698
2506.0,40.0,0.923367
2506.0,41.0,0.712314
2506.0,42.0,0.089747
2506.0,43.0,0.611461
2506.0,44.0,0.467994
2506.0,45.0,0.992497
2506.0,46.0,0.585414
2506.0,47.0,0.359444
2506.0,48.0,0.094978
2506.0,49.0,0.755265
2506.0,50.0,0.957512
2506.0,51.0,0.368075
2506.0,52.0,0.983836
2506.0,53.0,0.604454
2506.0,54.0,0.486076
2506.0,55.0,0.733577
2506.0,56.0,0.395741
2506.0,57.0,0.300645
2506.0,58.0,1.0
2506.0,59.0,0.738365
2506.0,60.0,0.132298
2506.0,61.0,0.866076
2506.0,62.0,0.57506
2506.0,63.0,0.636115
2506.0,64.0,0.006056
2506.0,65.0,0.626468
2506.0,66.0,0.77118
2506.0,67.0,0.33297
2506.0,68.0,0.313097
2506.0,69.0,0.373594
2506.0,70.0,0.047536
2506.0,71.0,0.586988
2506.0,72.0,0.595759
2506.0,73.0,0.110359
2506.0,74.0,0.768277
2506.0,75.0,0.805544
2506.0,76.0,0.476911
2506.0,77.0,0.058008
2506.0,78.0,0.426196
2506.0,79.0,0.013344
2506.0,80.0,0.392762
2506.0,81.0,0.41684
2506.0,82.0,0.535341
2506.0,83.0,0.996473
2506.0,84.0,1.0
2506.0,85.0,0.196772
2506.0,86.0,0.581582
2506.0,87.0,0.132311
2506.0,88.0,0.62956
2506.0,89.0,0.291044
2506.0,90.0,0.846245
2506.0,91.0,0.0
2506.0,92.0,0.0
2506.0,93.0,0.463176
2506.0,94.0,0.79487
2506.0,95.0,0.65013
2506.0,96.0,0.285739
2506.0,97.0,0.05623
2506.0,98.0,0.917053
2506.0,99.0,0.37669
2506.0,100.0,0.708237
2506.0,101.0,0.483062
2506.0,102.0,0.725865
2506.0,103.0,0.436812
2506.0,104.0,1.0
2506.0,105.0,0.564852
2506.0,106.0,0.789905
2506.0,107.0,0.694947
2506.0,108.0,0.630827
2506.0,109.0,0.291636
2506.0,110.0,0.544634
2506.0,111.0,0.106019
2506.0,112.0,0.666213
2506.0,113.0,0.596285
2506.0,114.0,0.457428
2506.0,115.0,0.86416
2506.0,116.0,0.0
2506.0,117.0,0.511497
2506.0,118.0,0.6009
2506.0,119.0,0.004108
2506.0,120.0,0.556762
2506.0,121.0,0.454018
2506.0,122.0,0.557208
2506.0,123.0,0.987581
2506.0,124.0,0.0
2506.0,125.0,0.327765
2506.0,126.0,0.635474
2506.0,127.0,0.780676
2506.0,128.0,0.968675
2506.0,129.0,0.389577
2506.0,130.0,0.0
2506.0,131.0,0.0
2506.0,132.0,0.013851
2506.0,133.0,0.191927
2506.0,134.0,0.0
2506.0,135.0,0.973553
2506.0,136.0,0.875674
2506.0,137.0,0.56897
2506.0,138.0,0.21966
2506.0,139.0,0.267688
2506.0,140.0,0.951877
2506.0,141.0,0.627236
2506.0,142.0,0.219001
2506.0,143.0,0.594317
2506.0,144.0,0.0
2506.0,145.0,0.11571
2506.0,146.0,0.634038
2506.0,147.0,1.0
2506.0,148.0,0.74384
2506.0,149.0,0.999441
2506.0,150.0,0.482827
2506.0,151.0,0.825855
2506.0,152.0,0.234191
2506.0,153.0,0.679568
2506.0,154.0,0.51655
2506.0,155.0,0.43054
2506.0,156.0,0.458399
2506.0,157.0,1.0
2506.0,158.0,0.465312
2506.0,159.0,0.311325
2506.0,160.0,0.702642
2506.0,161.0,0.932323
2506.0,162.0,0.499503
2506.0,163.0,0.768887
2506.0,164.0,0.079377
2506.0,165.0,0.559261
2506.0,166.0,0.14491
2506.0,167.0,1.0
2506.0,168.0,0.314129
2506.0,169.0,0.673322
2506.0,170.0,0.002176
2506.0,171.0,0.56088
2506.0,172.0,0.246821
2506.0,173.0,0.553806
2506.0,174.0,0.171341
2506.0,175.0,0.355917
2506.0,176.0,0.093722
2506.0,177.0,0.692075
2506.0,178.0,0.627655
2506.0,179.0,0.99931
2506.0,180.0,0.480808
2506.0,181.0,1.0
2506.0,182.0,0.754845
2506.0,183.0,0.380979
2506.0,184.0,0.338069
2506.0,185.0,0.693915
2506.0,186.0,0.22446
2506.0,187.0,0.358088
2506.0,188.0,0.421086
2506.0,189.0,0.874638
2506.0,190.0,0.431514
2506.0,191.0,0.560562
2506.0,192.0,0.897978
2506.0,193.0,0.585376
2506.0,194.0,0.517967
2506.0,195.0,0.834193
2506.0,196.0,0.504805
2506.0,197.0,0.864719
2506.0,198.0,0.013761
2506.0,199.0,0.969814
2506.0,200.0,0.728063
2506.0,201.0,0.129979
2506.0,202.0,0.70804
2506.0,203.0,0.79514
2506.0,204.0,0.464301
2506.0,205.0,0.719986
2506.0,206.0,0.510925
2506.0,207.0,0.68184
2506.0,208.0,0.003304
2506.0,209.0,0.802298
2506.0,210.0,0.997997
2506.0,211.0,0.447054
2506.0,212.0,0.637916
2506.0,213.0,0.445279
2506.0,214.0,0.644583
2506.0,215.0,0.36239
2506.0,216.0,0.001684
2506.0,217.0,0.383669
2506.0,218.0,0.560282
2506.0,219.0,0.71227
2506.0,220.0,1.0
2506.0,221.0,0.709708
2506.0,222.0,0.533742
2506.0,223.0,0.662765
2506.0,224.0,0.540664
2506.0,225.0,0.989947
2506.0,226.0,1.0
2506.0,227.0,0.427912
2506.0,228.0,0.825026
2506.0,229.0,0.736764
2506.0,230.0,0.630557
2506.0,231.0,0.134361
2506.0,232.0,0.397781
2506.0,233.0,0.251783
2506.0,234.0,0.141297
2506.0,235.0,0.37392
2506.0,236.0,0.514062
2506.0,237.0,0.539638
2506.0,238.0,0.018876
2506.0,239.0,1.0
2506.0,240.0,0.479694
2506.0,241.0,0.245744
2506.0,242.0,0.598176
2506.0,243.0,0.655619
2506.0,244.0,0.265663
2506.0,245.0,0.110383
2506.0,246.0,0.382711
2506.0,247.0,0.377449
2506.0,248.0,0.576507
2506.0,249.0,0.207092
2506.0,250.0,0.298016
2506.0,251.0,0.000248
2506.0,252.0,0.738329
2506.0,253.0,0.679105
2506.0,254.0,0.23797
2506.0,255.0,0.606701
2506.0,256.0,1.0
2506.0,257.0,0.354126
2506.0,258.0,0.801484
2506.0,259.0,0.302649
2506.0,260.0,0.543089
2506.0,261.0,0.450625
2506.0,262.0,0.141984
2506.0,263.0,0.724869
2506.0,264.0,0.029784
2506.0,265.0,0.760191
2506.0,266.0,0.953217
2506.0,267.0,0.048542
2506.0,268.0,0.014352
2506.0,269.0,0.376097
2506.0,270.0,0.479219
2506.0,271.0,0.571769
2506.0,272.0,0.68765
2506.0,273.0,0.353628
2506.0,274.0,0.395912
2506.0,275.0,0.679292
2506.0,276.0,0.83181
2506.0,277.0,0.412106
2506.0,278.0,0.015606
2506.0,279.0,0.401395
2506.0,280.0,0.549868
2506.0,281.0,0.536266
2506.0,282.0,0.709361
2506.0,283.0,0.6163
2506.0,284.0,0.45767
2506.0,285.0,0.632937
2506.0,286.0,0.451203
2506.0,287.0,0.0
2506.0,288.0,0.2866
2506.0,289.0,0.999061
2506.0,290.0,0.99988
2506.0,291.0,0.79111
2506.0,292.0,0.268998
2506.0,293.0,0.016156
2506.0,294.0,0.0
2506.0,295.0,0.502434
2506.0,296.0,0.786466
2506.0,297.0,0.398731
2506.0,298.0,0.565715
2506.0,299.0,0.801452
2506.0,300.0,0.699292
2506.0,301.0,0.0
2506.0,302.0,0.895625
2506.0,303.0,0.79873
2506.0,304.0,0.582996
2506.0,305.0,0.741145
2506.0,306.0,0.910314
2506.0,307.0,0.455481
2506.0,308.0,0.441479
2506.0,309.0,0.733395
2506.0,310.0,0.872741
2506.0,311.0,0.999559
2506.0,312.0,0.232583
2506.0,313.0,0.679089
2506.0,314.0,0.506684
2506.0,315.0,0.998562
2506.0,316.0,0.675874
2506.0,317.0,0.527387
2506.0,318.0,0.456451
2506.0,319.0,0.002607
2506.0,320.0,0.355615
2506.0,321.0,0.164626
2506.0,322.0,0.263379
2506.0,323.0,0.193802
2506.0,324.0,0.270962
2506.0,325.0,0.05788
2506.0,326.0,0.612209
2506.0,327.0,0.021796
2506.0,328.0,0.0
2506.0,329.0,0.606665
2506.0,330.0,0.551019
2506.0,331.0,0.999914
2506.0,332.0,0.453554
2506.0,333.0,0.23546
2506.0,334.0,0.670169
2507.0,0.0,0.096814
2507.0,1.0,0.886718
2507.0,2.0,0.006295
2507.0,3.0,0.681563
2507.0,4.0,0.0
2507.0,5.0,0.36098
2507.0,6.0,0.634453
2507.0,7.0,0.389209
2507.0,8.0,0.491917
2507.0,9.0,0.540049
2507.0,10.0,0.000544
2507.0,11.0,0.436558
2507.0,12.0,1.0
2507.0,13.0,0.551058
2507.0,14.0,0.523596
2507.0,15.0,0.333764
2507.0,16.0,0.598746
2507.0,17.0,0.582024
2507.0,18.0,0.0
2507.0,19.0,0.462802
2507.0,20.0,0.576923
2507.0,21.0,0.499816
2507.0,22.0,0.299248
2507.0,23.0,0.563001
2507.0,24.0,0.222006
2507.0,25.0,0.356114
2507.0,26.0,0.697031
2507.0,27.0,0.0
2507.0,28.0,0.414111
2507.0,29.0,0.448754
2507.0,30.0,0.65446
2507.0,31.0,0.48582
2507.0,32.0,0.32662
2507.0,33.0,0.354954
2507.0,34.0,0.8566
2507.0,35.0,0.398655
2507.0,36.0,0.325696
2507.0,37.0,0.379102
2507.0,38.0,0.253654
2507.0,39.0,0.023585
2507.0,40.0,0.922136
2507.0,41.0,0.7088
2507.0,42.0,0.087899
2507.0,43.0,0.610169
2507.0,44.0,0.463776
2507.0,45.0,0.992416
2507.0,46.0,0.583317
2507.0,47.0,0.355025
2507.0,48.0,0.094547
2507.0,49.0,0.75356
2507.0,50.0,0.957205
2507.0,51.0,0.363736
2507.0,52.0,0.98359
2507.0,53.0,0.603455
2507.0,54.0,0.476853
2507.0,55.0,0.732693
2507.0,56.0,0.389835
2507.0,57.0,0.299517
2507.0,58.0,1.0
2507.0,59.0,0.737474
2507.0,60.0,0.131631
2507.0,61.0,0.864588
2507.0,62.0,0.567869
2507.0,63.0,0.633098
2507.0,64.0,0.005983
2507.0,65.0,0.621354
2507.0,66.0,0.768088
2507.0,67.0,0.329518
2507.0,68.0,0.303669
2507.0,69.0,0.369412
2507.0,70.0,0.046699
2507.0,71.0,0.58715
2507.0,72.0,0.594841
2507.0,73.0,0.109272
2507.0,74.0,0.762292
2507.0,75.0,0.797313
2507.0,76.0,0.471066
2507.0,77.0,0.057102
2507.0,78.0,0.42023
2507.0,79.0,0.013272
2507.0,80.0,0.384661
2507.0,81.0,0.414374
2507.0,82.0,0.533046
2507.0,83.0,0.996572
2507.0,84.0,1.0
2507.0,85.0,0.195257
2507.0,86.0,0.578896
2507.0,87.0,0.131116
2507.0,88.0,0.628409
2507.0,89.0,0.291449
2507.0,90.0,0.844224
2507.0,91.0,0.0
2507.0,92.0,0.0
2507.0,93.0,0.461235
2507.0,94.0,0.79374
2507.0,95.0,0.645992
2507.0,96.0,0.277315
2507.0,97.0,0.054723
2507.0,98.0,0.916237
2507.0,99.0,0.372369
2507.0,100.0,0.70743
2507.0,101.0,0.473923
2507.0,102.0,0.723278
2507.0,103.0,0.430171
2507.0,104.0,1.0
2507.0,105.0,0.560026
2507.0,106.0,0.782189
2507.0,107.0,0.691555
2507.0,108.0,0.625574
2507.0,109.0,0.290497
2507.0,110.0,0.531471
2507.0,111.0,0.104578
2507.0,112.0,0.661109
2507.0,113.0,0.525817
2507.0,114.0,0.452381
2507.0,115.0,0.863986
2507.0,116.0,0.0
2507.0,117.0,0.501946
2507.0,118.0,0.600657
2507.0,119.0,0.003998
2507.0,120.0,0.551677
2507.0,121.0,0.45199
2507.0,122.0,0.555248
2507.0,123.0,0.987434
2507.0,124.0,0.0
2507.0,125.0,0.313918
2507.0,126.0,0.633451
2507.0,127.0,0.767754
2507.0,128.0,0.968688
2507.0,129.0,0.387986
2507.0,130.0,0.0
2507.0,131.0,0.0
2507.0,132.0,0.013923
2507.0,133.0,0.186289
2507.0,134.0,0.0
2507.0,135.0,0.973501
2507.0,136.0,0.872343
2507.0,137.0,0.568164
2507.0,138.0,0.219049
2507.0,139.0,0.260652
2507.0,140.0,0.951579
2507.0,141.0,0.624422
2507.0,142.0,0.217075
2507.0,143.0,0.591862
2507.0,144.0,0.0
2507.0,145.0,0.114774
2507.0,146.0,0.630361
2507.0,147.0,1.0
2507.0,148.0,0.726032
2507.0,149.0,0.999466
2507.0,150.0,0.468921
2507.0,151.0,0.825833
2507.0,152.0,0.233793
2507.0,153.0,0.674438
2507.0,154.0,0.513706
2507.0,155.0,0.421798
2507.0,156.0,0.435421
2507.0,157.0,1.0
2507.0,158.0,0.443582
2507.0,159.0,0.310923
2507.0,160.0,0.698833
2507.0,161.0,0.932143
2507.0,162.0,0.498022
2507.0,163.0,0.766403
2507.0,164.0,0.079692
2507.0,165.0,0.556737
2507.0,166.0,0.144709
2507.0,167.0,1.0
2507.0,168.0,0.314832
2507.0,169.0,0.666004
2507.0,170.0,0.002165
2507.0,171.0,0.553603
2507.0,172.0,0.244982
2507.0,173.0,0.547525
2507.0,174.0,0.169001
2507.0,175.0,0.353548
2507.0,176.0,0.093222
2507.0,177.0,0.691166
2507.0,178.0,0.621914
2507.0,179.0,0.999266
2507.0,180.0,0.478045
2507.0,181.0,1.0
2507.0,182.0,0.741171
2507.0,183.0,0.376609
2507.0,184.0,0.331597
2507.0,185.0,0.688729
2507.0,186.0,0.2238
2507.0,187.0,0.35653
2507.0,188.0,0.421012
2507.0,189.0,0.867664
2507.0,190.0,0.423663
2507.0,191.0,0.555766
2507.0,192.0,0.897279
2507.0,193.0,0.582041
2507.0,194.0,0.512746
2507.0,195.0,0.832421
2507.0,196.0,0.498858
2507.0,197.0,0.86392
2507.0,198.0,0.013274
2507.0,199.0,0.969733
2507.0,200.0,0.727568
2507.0,201.0,0.128463
2507.0,202.0,0.701157
2507.0,203.0,0.791068
2507.0,204.0,0.464079
2507.0,205.0,0.719561
2507.0,206.0,0.485176
2507.0,207.0,0.667464
2507.0,208.0,0.0033
2507.0,209.0,0.801638
2507.0,210.0,0.997979
2507.0,211.0,0.442487
2507.0,212.0,0.637361
2507.0,213.0,0.442951
2507.0,214.0,0.632989
2507.0,215.0,0.360552
2507.0,216.0,0.001755
2507.0,217.0,0.378827
2507.0,218.0,0.54838
2507.0,219.0,0.705937
2507.0,220.0,1.0
2507.0,221.0,0.706372
2507.0,222.0,0.506986
2507.0,223.0,0.659263
2507.0,224.0,0.539509
2507.0,225.0,0.989746
2507.0,226.0,1.0
2507.0,227.0,0.425988
2507.0,228.0,0.823941
2507.0,229.0,0.736355
2507.0,230.0,0.629275
2507.0,231.0,0.133826
2507.0,232.0,0.395142
2507.0,233.0,0.250901
2507.0,234.0,0.138367
2507.0,235.0,0.371739
2507.0,236.0,0.513271
2507.0,237.0,0.537588
2507.0,238.0,0.018904
2507.0,239.0,1.0
2507.0,240.0,0.477541
2507.0,241.0,0.244922
2507.0,242.0,0.59666
2507.0,243.0,0.651148
2507.0,244.0,0.260531
2507.0,245.0,0.107137
2507.0,246.0,0.381281
2507.0,247.0,0.373167
2507.0,248.0,0.570015
2507.0,249.0,0.201782
2507.0,250.0,0.29268
2507.0,251.0,0.000252
2507.0,252.0,0.741609
2507.0,253.0,0.678088
2507.0,254.0,0.222926
2507.0,255.0,0.604966
2507.0,256.0,1.0
2507.0,257.0,0.353645
2507.0,258.0,0.801626
2507.0,259.0,0.300486
2507.0,260.0,0.542447
2507.0,261.0,0.44819
2507.0,262.0,0.140183
2507.0,263.0,0.723636
2507.0,264.0,0.029759
2507.0,265.0,0.759979
2507.0,266.0,0.952752
2507.0,267.0,0.048067
2507.0,268.0,0.014196
2507.0,269.0,0.37339
2507.0,270.0,0.477885
2507.0,271.0,0.565182
2507.0,272.0,0.68751
2507.0,273.0,0.35103
2507.0,274.0,0.394163
2507.0,275.0,0.667445
2507.0,276.0,0.814809
2507.0,277.0,0.410413
2507.0,278.0,0.015523
2507.0,279.0,0.398131
2507.0,280.0,0.545296
2507.0,281.0,0.534293
2507.0,282.0,0.704915
2507.0,283.0,0.606915
2507.0,284.0,0.451434
2507.0,285.0,0.632635
2507.0,286.0,0.444342
2507.0,287.0,0.0
2507.0,288.0,0.282703
2507.0,289.0,0.998995
2507.0,290.0,0.999901
2507.0,291.0,0.790181
2507.0,292.0,0.26699
2507.0,293.0,0.015406
2507.0,294.0,0.0
2507.0,295.0,0.497244
2507.0,296.0,0.784119
2507.0,297.0,0.397693
2507.0,298.0,0.565651
2507.0,299.0,0.801176
2507.0,300.0,0.693326
2507.0,301.0,0.0
2507.0,302.0,0.892573
2507.0,303.0,0.79421
2507.0,304.0,0.58206
2507.0,305.0,0.734651
2507.0,306.0,0.90946
2507.0,307.0,0.44717
2507.0,308.0,0.43834
2507.0,309.0,0.730688
2507.0,310.0,0.871695
2507.0,311.0,0.999565
2507.0,312.0,0.226051
2507.0,313.0,0.676406
2507.0,314.0,0.505232
2507.0,315.0,0.998485
2507.0,316.0,0.675677
2507.0,317.0,0.524324
2507.0,318.0,0.454289
2507.0,319.0,0.002581
2507.0,320.0,0.346638
2507.0,321.0,0.163639
2507.0,322.0,0.260246
2507.0,323.0,0.190914
2507.0,324.0,0.26941
2507.0,325.0,0.057697
2507.0,326.0,0.60506
2507.0,327.0,0.021794
2507.0,328.0,0.0
2507.0,329.0,0.56237
2507.0,330.0,0.551472
2507.0,331.0,0.9999
2507.0,332.0,0.452732
2507.0,333.0,0.234678
2507.0,334.0,0.668654
2508.0,0.0,0.096114
2508.0,1.0,0.886076
2508.0,2.0,0.006228
2508.0,3.0,0.673614
2508.0,4.0,0.0
2508.0,5.0,0.359737
2508.0,6.0,0.631517
2508.0,7.0,0.383605
2508.0,8.0,0.486106
2508.0,9.0,0.53559
2508.0,10.0,0.000552
2508.0,11.0,0.429355
2508.0,12.0,1.0
2508.0,13.0,0.545367
2508.0,14.0,0.515599
2508.0,15.0,0.331105
2508.0,16.0,0.595722
2508.0,17.0,0.577499
2508.0,18.0,0.0
2508.0,19.0,0.460614
2508.0,20.0,0.576536
2508.0,21.0,0.49715
2508.0,22.0,0.297938
2508.0,23.0,0.558657
2508.0,24.0,0.216495
2508.0,25.0,0.349974
2508.0,26.0,0.684408
2508.0,27.0,0.0
2508.0,28.0,0.408649
2508.0,29.0,0.437435
2508.0,30.0,0.651925
2508.0,31.0,0.483459
2508.0,32.0,0.324174
2508.0,33.0,0.352604
2508.0,34.0,0.855581
2508.0,35.0,0.385254
2508.0,36.0,0.324279
2508.0,37.0,0.376951
2508.0,38.0,0.252146
2508.0,39.0,0.023466
2508.0,40.0,0.921042
2508.0,41.0,0.705601
2508.0,42.0,0.086699
2508.0,43.0,0.608228
2508.0,44.0,0.459596
2508.0,45.0,0.992429
2508.0,46.0,0.581298
2508.0,47.0,0.351245
2508.0,48.0,0.093652
2508.0,49.0,0.751637
2508.0,50.0,0.957061
2508.0,51.0,0.359746
2508.0,52.0,0.983357
2508.0,53.0,0.603266
2508.0,54.0,0.46854
2508.0,55.0,0.731892
2508.0,56.0,0.384598
2508.0,57.0,0.297129
2508.0,58.0,1.0
2508.0,59.0,0.736455
2508.0,60.0,0.131388
2508.0,61.0,0.864069
2508.0,62.0,0.560103
2508.0,63.0,0.629594
2508.0,64.0,0.005912
2508.0,65.0,0.616284
2508.0,66.0,0.764701
2508.0,67.0,0.326941
2508.0,68.0,0.295233
2508.0,69.0,0.365309
2508.0,70.0,0.046155
2508.0,71.0,0.586923
2508.0,72.0,0.59563
2508.0,73.0,0.109216
2508.0,74.0,0.757756
2508.0,75.0,0.788325
2508.0,76.0,0.464856
2508.0,77.0,0.056448
2508.0,78.0,0.415176
2508.0,79.0,0.013108
2508.0,80.0,0.377309
2508.0,81.0,0.410895
2508.0,82.0,0.530637
2508.0,83.0,0.996611
2508.0,84.0,1.0
2508.0,85.0,0.193697
2508.0,86.0,0.576776
2508.0,87.0,0.1289
2508.0,88.0,0.628044
2508.0,89.0,0.291939
2508.0,90.0,0.843231
2508.0,91.0,0.0
2508.0,92.0,0.0
2508.0,93.0,0.460305
2508.0,94.0,0.792872
2508.0,95.0,0.6414
2508.0,96.0,0.270473
2508.0,97.0,0.053944
2508.0,98.0,0.916
2508.0,99.0,0.368533
2508.0,100.0,0.706213
2508.0,101.0,0.464534
2508.0,102.0,0.72027
2508.0,103.0,0.423026
2508.0,104.0,1.0
2508.0,105.0,0.555885
2508.0,106.0,0.774076
2508.0,107.0,0.688736
2508.0,108.0,0.621896
2508.0,109.0,0.290309
2508.0,110.0,0.518627
2508.0,111.0,0.103431
2508.0,112.0,0.656105
2508.0,113.0,0.455626
2508.0,114.0,0.447382
2508.0,115.0,0.863385
2508.0,116.0,0.0
2508.0,117.0,0.492313
2508.0,118.0,0.60098
2508.0,119.0,0.00396
2508.0,120.0,0.54726
2508.0,121.0,0.449728
2508.0,122.0,0.552449
2508.0,123.0,0.987252
2508.0,124.0,0.0
2508.0,125.0,0.299813
2508.0,126.0,0.630395
2508.0,127.0,0.754509
2508.0,128.0,0.96865
2508.0,129.0,0.387019
2508.0,130.0,0.0
2508.0,131.0,0.0
2508.0,132.0,0.013933
2508.0,133.0,0.180867
2508.0,134.0,0.0
2508.0,135.0,0.973246
2508.0,136.0,0.869125
2508.0,137.0,0.56745
2508.0,138.0,0.218103
2508.0,139.0,0.254455
2508.0,140.0,0.951034
2508.0,141.0,0.62113
2508.0,142.0,0.215663
2508.0,143.0,0.590313
2508.0,144.0,0.0
2508.0,145.0,0.114573
2508.0,146.0,0.627322
2508.0,147.0,1.0
2508.0,148.0,0.708194
2508.0,149.0,0.99947
2508.0,150.0,0.455985
2508.0,151.0,0.825872
2508.0,152.0,0.234239
2508.0,153.0,0.670031
2508.0,154.0,0.511279
2508.0,155.0,0.412275
2508.0,156.0,0.412861
2508.0,157.0,1.0
2508.0,158.0,0.422094
2508.0,159.0,0.309416
2508.0,160.0,0.694591
2508.0,161.0,0.931901
2508.0,162.0,0.496762
2508.0,163.0,0.763372
2508.0,164.0,0.080032
2508.0,165.0,0.554566
2508.0,166.0,0.144276
2508.0,167.0,1.0
2508.0,168.0,0.314177
2508.0,169.0,0.658751
2508.0,170.0,0.002145
2508.0,171.0,0.547098
2508.0,172.0,0.243892
2508.0,173.0,0.541594
2508.0,174.0,0.167167
2508.0,175.0,0.349948
2508.0,176.0,0.092543
2508.0,177.0,0.691371
2508.0,178.0,0.61644
2508.0,179.0,0.999252
2508.0,180.0,0.476361
2508.0,181.0,1.0
2508.0,182.0,0.728052
2508.0,183.0,0.371625
2508.0,184.0,0.326338
2508.0,185.0,0.682511
2508.0,186.0,0.222699
2508.0,187.0,0.35598
2508.0,188.0,0.420974
2508.0,189.0,0.860786
2508.0,190.0,0.416312
2508.0,191.0,0.550507
2508.0,192.0,0.896545
2508.0,193.0,0.577589
2508.0,194.0,0.507328
2508.0,195.0,0.83122
2508.0,196.0,0.492848
2508.0,197.0,0.862401
2508.0,198.0,0.012783
2508.0,199.0,0.96999
2508.0,200.0,0.727177
2508.0,201.0,0.12723
2508.0,202.0,0.695083
2508.0,203.0,0.786749
2508.0,204.0,0.463089
2508.0,205.0,0.717803
2508.0,206.0,0.460472
2508.0,207.0,0.651658
2508.0,208.0,0.003259
2508.0,209.0,0.801021
2508.0,210.0,0.997956
2508.0,211.0,0.438156
2508.0,212.0,0.636231
2508.0,213.0,0.441187
2508.0,214.0,0.622154
2508.0,215.0,0.358381
2508.0,216.0,0.001748
2508.0,217.0,0.374299
2508.0,218.0,0.535618
2508.0,219.0,0.699564
2508.0,220.0,1.0
2508.0,221.0,0.703934
2508.0,222.0,0.481975
2508.0,223.0,0.656621
2508.0,224.0,0.537255
2508.0,225.0,0.989803
2508.0,226.0,1.0
2508.0,227.0,0.42399
2508.0,228.0,0.822474
2508.0,229.0,0.736301
2508.0,230.0,0.627228
2508.0,231.0,0.133127
2508.0,232.0,0.392403
2508.0,233.0,0.251024
2508.0,234.0,0.135423
2508.0,235.0,0.36985
2508.0,236.0,0.513397
2508.0,237.0,0.534883
2508.0,238.0,0.018891
2508.0,239.0,1.0
2508.0,240.0,0.474194
2508.0,241.0,0.243911
2508.0,242.0,0.594543
2508.0,243.0,0.646373
2508.0,244.0,0.255743
2508.0,245.0,0.104244
2508.0,246.0,0.380507
2508.0,247.0,0.370036
2508.0,248.0,0.564072
2508.0,249.0,0.197227
2508.0,250.0,0.28765
2508.0,251.0,0.000272
2508.0,252.0,0.74486
2508.0,253.0,0.676976
2508.0,254.0,0.209347
2508.0,255.0,0.603736
2508.0,256.0,1.0
2508.0,257.0,0.35281
2508.0,258.0,0.802693
2508.0,259.0,0.299127
2508.0,260.0,0.54239
2508.0,261.0,0.446396
2508.0,262.0,0.138562
2508.0,263.0,0.722008
2508.0,264.0,0.0296
2508.0,265.0,0.758858
2508.0,266.0,0.952118
2508.0,267.0,0.047322
2508.0,268.0,0.014003
2508.0,269.0,0.370695
2508.0,270.0,0.476676
2508.0,271.0,0.557271
2508.0,272.0,0.687116
2508.0,273.0,0.348241
2508.0,274.0,0.392173
2508.0,275.0,0.656106
2508.0,276.0,0.796929
2508.0,277.0,0.408094
2508.0,278.0,0.015155
2508.0,279.0,0.395045
2508.0,280.0,0.540722
2508.0,281.0,0.531518
2508.0,282.0,0.698662
2508.0,283.0,0.597772
2508.0,284.0,0.44513
2508.0,285.0,0.631953
2508.0,286.0,0.436814
2508.0,287.0,0.0
2508.0,288.0,0.278598
2508.0,289.0,0.998981
2508.0,290.0,0.999892
2508.0,291.0,0.789086
2508.0,292.0,0.265044
2508.0,293.0,0.014755
2508.0,294.0,0.0
2508.0,295.0,0.493116
2508.0,296.0,0.782628
2508.0,297.0,0.396143
2508.0,298.0,0.564336
2508.0,299.0,0.801305
2508.0,300.0,0.686721
2508.0,301.0,0.0
2508.0,302.0,0.889649
2508.0,303.0,0.789786
2508.0,304.0,0.580908
2508.0,305.0,0.729741
2508.0,306.0,0.909257
2508.0,307.0,0.438927
2508.0,308.0,0.435194
2508.0,309.0,0.727765
2508.0,310.0,0.870834
2508.0,311.0,0.999576
2508.0,312.0,0.22035
2508.0,313.0,0.67363
2508.0,314.0,0.503022
2508.0,315.0,0.998486
2508.0,316.0,0.67449
2508.0,317.0,0.521742
2508.0,318.0,0.45221
2508.0,319.0,0.002543
2508.0,320.0,0.338822
2508.0,321.0,0.161123
2508.0,322.0,0.256771
2508.0,323.0,0.18876
2508.0,324.0,0.267751
2508.0,325.0,0.05745
2508.0,326.0,0.598283
2508.0,327.0,0.021367
2508.0,328.0,0.0
2508.0,329.0,0.521346
2508.0,330.0,0.551742
2508.0,331.0,0.999894
2508.0,332.0,0.451706
2508.0,333.0,0.232329
2508.0,334.0,0.667445
2509.0,0.0,0.095
2509.0,1.0,0.885865
2509.0,2.0,0.006035
2509.0,3.0,0.666561
2509.0,4.0,0.0
2509.0,5.0,0.35862
2509.0,6.0,0.627688
2509.0,7.0,0.377816
2509.0,8.0,0.480112
2509.0,9.0,0.52977
2509.0,10.0,0.000509
2509.0,11.0,0.420649
2509.0,12.0,1.0
2509.0,13.0,0.539243
2509.0,14.0,0.507699
2509.0,15.0,0.328532
2509.0,16.0,0.59188
2509.0,17.0,0.573222
2509.0,18.0,0.0
2509.0,19.0,0.459146
2509.0,20.0,0.57592
2509.0,21.0,0.49321
2509.0,22.0,0.296739
2509.0,23.0,0.553089
2509.0,24.0,0.21078
2509.0,25.0,0.345178
2509.0,26.0,0.671197
2509.0,27.0,0.0
2509.0,28.0,0.403813
2509.0,29.0,0.426897
2509.0,30.0,0.650307
2509.0,31.0,0.481693
2509.0,32.0,0.320727
2509.0,33.0,0.350947
2509.0,34.0,0.855085
2509.0,35.0,0.371958
2509.0,36.0,0.323045
2509.0,37.0,0.374383
2509.0,38.0,0.251
2509.0,39.0,0.023275
2509.0,40.0,0.919954
2509.0,41.0,0.701954
2509.0,42.0,0.084787
2509.0,43.0,0.605826
2509.0,44.0,0.455327
2509.0,45.0,0.992267
2509.0,46.0,0.578944
2509.0,47.0,0.346838
2509.0,48.0,0.093871
2509.0,49.0,0.749676
2509.0,50.0,0.956633
2509.0,51.0,0.354476
2509.0,52.0,0.983103
2509.0,53.0,0.60323
2509.0,54.0,0.460811
2509.0,55.0,0.731374
2509.0,56.0,0.378607
2509.0,57.0,0.295705
2509.0,58.0,1.0
2509.0,59.0,0.735156
2509.0,60.0,0.131402
2509.0,61.0,0.862953
2509.0,62.0,0.552765
2509.0,63.0,0.626451
2509.0,64.0,0.005715
2509.0,65.0,0.610829
2509.0,66.0,0.761791
2509.0,67.0,0.324042
2509.0,68.0,0.286652
2509.0,69.0,0.36162
2509.0,70.0,0.045908
2509.0,71.0,0.586972
2509.0,72.0,0.595147
2509.0,73.0,0.108694
2509.0,74.0,0.752203
2509.0,75.0,0.779459
2509.0,76.0,0.459822
2509.0,77.0,0.055923
2509.0,78.0,0.410486
2509.0,79.0,0.012894
2509.0,80.0,0.370528
2509.0,81.0,0.407895
2509.0,82.0,0.529067
2509.0,83.0,0.996563
2509.0,84.0,1.0
2509.0,85.0,0.192151
2509.0,86.0,0.575147
2509.0,87.0,0.127973
2509.0,88.0,0.627092
2509.0,89.0,0.291509
2509.0,90.0,0.841521
2509.0,91.0,0.0
2509.0,92.0,0.0
2509.0,93.0,0.458678
2509.0,94.0,0.791466
2509.0,95.0,0.638249
2509.0,96.0,0.263451
2509.0,97.0,0.052748
2509.0,98.0,0.914612
2509.0,99.0,0.36532
2509.0,100.0,0.704403
2509.0,101.0,0.456081
2509.0,102.0,0.71735
2509.0,103.0,0.415677
2509.0,104.0,1.0
2509.0,105.0,0.553093
2509.0,106.0,0.765877
2509.0,107.0,0.686034
2509.0,108.0,0.618008
2509.0,109.0,0.288925
2509.0,110.0,0.505701
2509.0,111.0,0.101943
2509.0,112.0,0.651952
2509.0,113.0,0.387125
2509.0,114.0,0.442586
2509.0,115.0,0.862702
2509.0,116.0,0.0
2509.0,117.0,0.483236
2509.0,118.0,0.600527
2509.0,119.0,0.003805
2509.0,120.0,0.541502
2509.0,121.0,0.448991
2509.0,122.0,0.549867
2509.0,123.0,0.987064
2509.0,124.0,0.0
2509.0,125.0,0.286743
2509.0,126.0,0.6271
2509.0,127.0,0.741054
2509.0,128.0,0.968475
2509.0,129.0,0.385719
2509.0,130.0,0.0
2509.0,131.0,0.0
2509.0,132.0,0.013807
2509.0,133.0,0.17525
2509.0,134.0,0.0
2509.0,135.0,0.972975
2509.0,136.0,0.86582
2509.0,137.0,0.566825
2509.0,138.0,0.217735
2509.0,139.0,0.248736
2509.0,140.0,0.950723
2509.0,141.0,0.618216
2509.0,142.0,0.214274
2509.0,143.0,0.588152
2509.0,144.0,0.0
2509.0,145.0,0.114186
2509.0,146.0,0.623673
2509.0,147.0,1.0
2509.0,148.0,0.689948
2509.0,149.0,0.999456
2509.0,150.0,0.44188
2509.0,151.0,0.82501
2509.0,152.0,0.232962
2509.0,153.0,0.665153
2509.0,154.0,0.508268
2509.0,155.0,0.404554
2509.0,156.0,0.392157
2509.0,157.0,1.0
2509.0,158.0,0.400157
2509.0,159.0,0.308149
2509.0,160.0,0.690383
2509.0,161.0,0.931724
2509.0,162.0,0.494692
2509.0,163.0,0.760711
2509.0,164.0,0.07995
2509.0,165.0,0.552105
2509.0,166.0,0.143807
2509.0,167.0,1.0
2509.0,168.0,0.314241
2509.0,169.0,0.651547
2509.0,170.0,0.002141
2509.0,171.0,0.540805
2509.0,172.0,0.241424
2509.0,173.0,0.53601
2509.0,174.0,0.164814
2509.0,175.0,0.346608
2509.0,176.0,0.092222
2509.0,177.0,0.69087
2509.0,178.0,0.610911
2509.0,179.0,0.999259
2509.0,180.0,0.474195
2509.0,181.0,1.0
2509.0,182.0,0.714488
2509.0,183.0,0.366794
2509.0,184.0,0.320778
2509.0,185.0,0.677161
2509.0,186.0,0.222114
2509.0,187.0,0.354618
2509.0,188.0,0.420362
2509.0,189.0,0.853636
2509.0,190.0,0.408694
2509.0,191.0,0.545178
2509.0,192.0,0.895776
2509.0,193.0,0.573642
2509.0,194.0,0.503024
2509.0,195.0,0.829628
2509.0,196.0,0.487481
2509.0,197.0,0.860991
2509.0,198.0,0.012504
2509.0,199.0,0.969803
2509.0,200.0,0.726221
2509.0,201.0,0.125507
2509.0,202.0,0.688126
2509.0,203.0,0.782679
2509.0,204.0,0.462657
2509.0,205.0,0.716582
2509.0,206.0,0.436412
2509.0,207.0,0.635028
2509.0,208.0,0.003211
2509.0,209.0,0.801125
2509.0,210.0,0.997977
2509.0,211.0,0.434063
2509.0,212.0,0.635927
2509.0,213.0,0.439222
2509.0,214.0,0.610773
2509.0,215.0,0.35736
2509.0,216.0,0.00168
2509.0,217.0,0.369747
2509.0,218.0,0.523514
2509.0,219.0,0.694855
2509.0,220.0,1.0
2509.0,221.0,0.699498
2509.0,222.0,0.458489
2509.0,223.0,0.652344
2509.0,224.0,0.536811
2509.0,225.0,0.989641
2509.0,226.0,1.0
2509.0,227.0,0.423097
2509.0,228.0,0.820889
2509.0,229.0,0.73535
2509.0,230.0,0.625916
2509.0,231.0,0.132756
2509.0,232.0,0.38969
2509.0,233.0,0.250867
2509.0,234.0,0.132989
2509.0,235.0,0.368331
2509.0,236.0,0.512527
2509.0,237.0,0.531556
2509.0,238.0,0.018497
2509.0,239.0,1.0
2509.0,240.0,0.471653
2509.0,241.0,0.243105
2509.0,242.0,0.593123
2509.0,243.0,0.642607
2509.0,244.0,0.25173
2509.0,245.0,0.101486
2509.0,246.0,0.38048
2509.0,247.0,0.366356
2509.0,248.0,0.557663
2509.0,249.0,0.192625
2509.0,250.0,0.282318
2509.0,251.0,0.000247
2509.0,252.0,0.747865
2509.0,253.0,0.676404
2509.0,254.0,0.196229
2509.0,255.0,0.604123
2509.0,256.0,1.0
2509.0,257.0,0.352685
2509.0,258.0,0.804081
2509.0,259.0,0.29647
2509.0,260.0,0.542379
2509.0,261.0,0.444894
2509.0,262.0,0.136681
2509.0,263.0,0.720275
2509.0,264.0,0.029728
2509.0,265.0,0.758703
2509.0,266.0,0.951743
2509.0,267.0,0.046716
2509.0,268.0,0.013806
2509.0,269.0,0.367284
2509.0,270.0,0.476426
2509.0,271.0,0.549911
2509.0,272.0,0.687448
2509.0,273.0,0.34552
2509.0,274.0,0.390656
2509.0,275.0,0.645313
2509.0,276.0,0.777158
2509.0,277.0,0.405927
2509.0,278.0,0.014756
2509.0,279.0,0.391958
2509.0,280.0,0.536469
2509.0,281.0,0.527963
2509.0,282.0,0.693559
2509.0,283.0,0.588599
2509.0,284.0,0.438493
2509.0,285.0,0.63153
2509.0,286.0,0.431175
2509.0,287.0,0.0
2509.0,288.0,0.273853
2509.0,289.0,0.998908
2509.0,290.0,0.999875
2509.0,291.0,0.788089
2509.0,292.0,0.262513
2509.0,293.0,0.014123
2509.0,294.0,0.0
2509.0,295.0,0.489635
2509.0,296.0,0.779983
2509.0,297.0,0.394644
2509.0,298.0,0.563442
2509.0,299.0,0.800686
2509.0,300.0,0.680246
2509.0,301.0,0.0
2509.0,302.0,0.886825
2509.0,303.0,0.785318
2509.0,304.0,0.579214
2509.0,305.0,0.723918
2509.0,306.0,0.909151
2509.0,307.0,0.429726
2509.0,308.0,0.432444
2509.0,309.0,0.723807
2509.0,310.0,0.870077
2509.0,311.0,0.999571
2509.0,312.0,0.214987
2509.0,313.0,0.671134
2509.0,314.0,0.501688
2509.0,315.0,0.998375
2509.0,316.0,0.674056
2509.0,317.0,0.519721
2509.0,318.0,0.449987
2509.0,319.0,0.002537
2509.0,320.0,0.330369
2509.0,321.0,0.159386
2509.0,322.0,0.253632
2509.0,323.0,0.186673
2509.0,324.0,0.265484
2509.0,325.0,0.057563
2509.0,326.0,0.591697
2509.0,327.0,0.021017
2509.0,328.0,0.0
2509.0,329.0,0.483556
2509.0,330.0,0.551325
2509.0,331.0,0.999862
2509.0,332.0,0.451283
2509.0,333.0,0.229898
2509.0,334.0,0.666622
2510.0,0.0,0.093632
2510.0,1.0,0.885072
2510.0,2.0,0.005808
2510.0,3.0,0.659044
2510.0,4.0,0.0
2510.0,5.0,0.357188
2510.0,6.0,0.624585
2510.0,7.0,0.371901
2510.0,8.0,0.474625
2510.0,9.0,0.526195
2510.0,10.0,0.000505
2510.0,11.0,0.412744
2510.0,12.0,1.0
2510.0,13.0,0.533816
2510.0,14.0,0.499896
2510.0,15.0,0.327037
2510.0,16.0,0.58804
2510.0,17.0,0.569046
2510.0,18.0,0.0
2510.0,19.0,0.457372
2510.0,20.0,0.575042
2510.0,21.0,0.489541
2510.0,22.0,0.295249
2510.0,23.0,0.548467
2510.0,24.0,0.20554
2510.0,25.0,0.340376
2510.0,26.0,0.657699
2510.0,27.0,0.0
2510.0,28.0,0.398888
2510.0,29.0,0.417337
2510.0,30.0,0.648911
2510.0,31.0,0.480684
2510.0,32.0,0.316713
2510.0,33.0,0.348685
2510.0,34.0,0.854294
2510.0,35.0,0.360332
2510.0,36.0,0.321751
2510.0,37.0,0.372692
2510.0,38.0,0.249752
2510.0,39.0,0.022932
2510.0,40.0,0.918158
2510.0,41.0,0.697331
2510.0,42.0,0.083397
2510.0,43.0,0.603174
2510.0,44.0,0.451357
2510.0,45.0,0.992215
2510.0,46.0,0.576862
2510.0,47.0,0.343152
2510.0,48.0,0.093685
2510.0,49.0,0.748594
2510.0,50.0,0.956268
2510.0,51.0,0.349401
2510.0,52.0,0.983162
2510.0,53.0,0.60386
2510.0,54.0,0.453276
2510.0,55.0,0.729895
2510.0,56.0,0.373181
2510.0,57.0,0.293981
2510.0,58.0,1.0
2510.0,59.0,0.734004
2510.0,60.0,0.130925
2510.0,61.0,0.862198
2510.0,62.0,0.546253
2510.0,63.0,0.622641
2510.0,64.0,0.005631
2510.0,65.0,0.606283
2510.0,66.0,0.757853
2510.0,67.0,0.320596
2510.0,68.0,0.277584
2510.0,69.0,0.358412
2510.0,70.0,0.045814
2510.0,71.0,0.586445
2510.0,72.0,0.59442
2510.0,73.0,0.107879
2510.0,74.0,0.747748
2510.0,75.0,0.771089
2510.0,76.0,0.454786
2510.0,77.0,0.055042
2510.0,78.0,0.405565
2510.0,79.0,0.012646
2510.0,80.0,0.363551
2510.0,81.0,0.405571
2510.0,82.0,0.527526
2510.0,83.0,0.996415
2510.0,84.0,1.0
2510.0,85.0,0.191684
2510.0,86.0,0.572421
2510.0,87.0,0.126561
2510.0,88.0,0.625115
2510.0,89.0,0.291487
2510.0,90.0,0.840336
2510.0,91.0,0.0
2510.0,92.0,0.0
2510.0,93.0,0.457686
2510.0,94.0,0.790396
2510.0,95.0,0.634879
2510.0,96.0,0.256762
2510.0,97.0,0.051179
2510.0,98.0,0.914013
2510.0,99.0,0.362518
2510.0,100.0,0.702825
2510.0,101.0,0.448
2510.0,102.0,0.714512
2510.0,103.0,0.410085
2510.0,104.0,1.0
2510.0,105.0,0.549369
2510.0,106.0,0.757997
2510.0,107.0,0.683812
2510.0,108.0,0.614782
2510.0,109.0,0.288632
2510.0,110.0,0.493903
2510.0,111.0,0.099925
2510.0,112.0,0.647793
2510.0,113.0,0.323308
2510.0,114.0,0.438602
2510.0,115.0,0.862447
2510.0,116.0,0.0
2510.0,117.0,0.474352
2510.0,118.0,0.600226
2510.0,119.0,0.003885
2510.0,120.0,0.53696
2510.0,121.0,0.447172
2510.0,122.0,0.548433
2510.0,123.0,0.986811
2510.0,124.0,0.0
2510.0,125.0,0.274378
2510.0,126.0,0.624073
2510.0,127.0,0.727233
2510.0,128.0,0.968093
2510.0,129.0,0.384207
2510.0,130.0,0.0
2510.0,131.0,0.0
2510.0,132.0,0.013992
2510.0,133.0,0.17072
2510.0,134.0,0.0
2510.0,135.0,0.972747
2510.0,136.0,0.863025
2510.0,137.0,0.566062
2510.0,138.0,0.216742
2510.0,139.0,0.241981
2510.0,140.0,0.950562
2510.0,141.0,0.616114
2510.0,142.0,0.21307
2510.0,143.0,0.585568
2510.0,144.0,0.0
2510.0,145.0,0.114035
2510.0,146.0,0.619616
2510.0,147.0,1.0
2510.0,148.0,0.672781
2510.0,149.0,0.999401
2510.0,150.0,0.428764
2510.0,151.0,0.823545
2510.0,152.0,0.231737
2510.0,153.0,0.659737
2510.0,154.0,0.505653
2510.0,155.0,0.396737
2510.0,156.0,0.372009
2510.0,157.0,1.0
2510.0,158.0,0.377998
2510.0,159.0,0.307212
2510.0,160.0,0.68507
2510.0,161.0,0.931603
2510.0,162.0,0.493013
2510.0,163.0,0.757977
2510.0,164.0,0.080301
2510.0,165.0,0.549609
2510.0,166.0,0.143601
2510.0,167.0,1.0
2510.0,168.0,0.314234
2510.0,169.0,0.644639
2510.0,170.0,0.002032
2510.0,171.0,0.535051
2510.0,172.0,0.240074
2510.0,173.0,0.53086
2510.0,174.0,0.162669
2510.0,175.0,0.343839
2510.0,176.0,0.092447
2510.0,177.0,0.690388
2510.0,178.0,0.605823
2510.0,179.0,0.99923
2510.0,180.0,0.471745
2510.0,181.0,1.0
2510.0,182.0,0.701686
2510.0,183.0,0.36251
2510.0,184.0,0.315407
2510.0,185.0,0.671747
2510.0,186.0,0.220937
2510.0,187.0,0.353974
2510.0,188.0,0.420569
2510.0,189.0,0.846461
2510.0,190.0,0.402316
2510.0,191.0,0.539808
2510.0,192.0,0.894977
2510.0,193.0,0.570909
2510.0,194.0,0.499984
2510.0,195.0,0.828108
2510.0,196.0,0.48235
2510.0,197.0,0.860079
2510.0,198.0,0.012017
2510.0,199.0,0.969665
2510.0,200.0,0.725031
2510.0,201.0,0.124663
2510.0,202.0,0.681407
2510.0,203.0,0.779151
2510.0,204.0,0.462516
2510.0,205.0,0.714295
2510.0,206.0,0.413245
2510.0,207.0,0.619587
2510.0,208.0,0.003138
2510.0,209.0,0.80047
2510.0,210.0,0.997998
2510.0,211.0,0.429671
2510.0,212.0,0.636437
2510.0,213.0,0.437603
2510.0,214.0,0.599099
2510.0,215.0,0.355887
2510.0,216.0,0.001629
2510.0,217.0,0.366855
2510.0,218.0,0.511627
2510.0,219.0,0.689314
2510.0,220.0,1.0
2510.0,221.0,0.695491
2510.0,222.0,0.436921
2510.0,223.0,0.649431
2510.0,224.0,0.535564
2510.0,225.0,0.989526
2510.0,226.0,1.0
2510.0,227.0,0.421334
2510.0,228.0,0.819567
2510.0,229.0,0.734912
2510.0,230.0,0.623583
2510.0,231.0,0.131669
2510.0,232.0,0.386598
2510.0,233.0,0.250073
2510.0,234.0,0.130483
2510.0,235.0,0.367096
2510.0,236.0,0.511905
2510.0,237.0,0.528244
2510.0,238.0,0.018217
2510.0,239.0,1.0
2510.0,240.0,0.467676
2510.0,241.0,0.241599
2510.0,242.0,0.591964
2510.0,243.0,0.638774
2510.0,244.0,0.247131
2510.0,245.0,0.09789
2510.0,246.0,0.378831
2510.0,247.0,0.363719
2510.0,248.0,0.551837
2510.0,249.0,0.18889
2510.0,250.0,0.277496
2510.0,251.0,0.000238
2510.0,252.0,0.751777
2510.0,253.0,0.676469
2510.0,254.0,0.184323
2510.0,255.0,0.602971
2510.0,256.0,1.0
2510.0,257.0,0.351927
2510.0,258.0,0.804328
2510.0,259.0,0.293981
2510.0,260.0,0.542637
2510.0,261.0,0.444167
2510.0,262.0,0.134865
2510.0,263.0,0.719171
2510.0,264.0,0.029556
2510.0,265.0,0.757477
2510.0,266.0,0.950915
2510.0,267.0,0.046401
2510.0,268.0,0.013585
2510.0,269.0,0.364446
2510.0,270.0,0.475029
2510.0,271.0,0.543569
2510.0,272.0,0.687235
2510.0,273.0,0.344505
2510.0,274.0,0.388674
2510.0,275.0,0.633824
2510.0,276.0,0.756809
2510.0,277.0,0.404132
2510.0,278.0,0.014176
2510.0,279.0,0.39013
2510.0,280.0,0.533035
2510.0,281.0,0.52448
2510.0,282.0,0.687522
2510.0,283.0,0.580026
2510.0,284.0,0.431652
2510.0,285.0,0.631078
2510.0,286.0,0.425081
2510.0,287.0,0.0
2510.0,288.0,0.270006
2510.0,289.0,0.998826
2510.0,290.0,0.999878
2510.0,291.0,0.787853
2510.0,292.0,0.259777
2510.0,293.0,0.013571
2510.0,294.0,0.0
2510.0,295.0,0.48547
2510.0,296.0,0.77765
2510.0,297.0,0.392822
2510.0,298.0,0.563286
2510.0,299.0,0.800875
2510.0,300.0,0.674794
2510.0,301.0,0.0
2510.0,302.0,0.88404
2510.0,303.0,0.780959
2510.0,304.0,0.578663
2510.0,305.0,0.717647
2510.0,306.0,0.909054
2510.0,307.0,0.420777
2510.0,308.0,0.429653
2510.0,309.0,0.720311
2510.0,310.0,0.869263
2510.0,311.0,0.99959
2510.0,312.0,0.209907
2510.0,313.0,0.668558
2510.0,314.0,0.49987
2510.0,315.0,0.998341
2510.0,316.0,0.673262
2510.0,317.0,0.517912
2510.0,318.0,0.448396
2510.0,319.0,0.002481
2510.0,320.0,0.321424
2510.0,321.0,0.157403
2510.0,322.0,0.25071
2510.0,323.0,0.184436
2510.0,324.0,0.263886
2510.0,325.0,0.057289
2510.0,326.0,0.584666
2510.0,327.0,0.020572
2510.0,328.0,0.0
2510.0,329.0,0.448919
2510.0,330.0,0.551423
2510.0,331.0,0.999843
2510.0,332.0,0.449961
2510.0,333.0,0.228438
2510.0,334.0,0.66526
