FREQUENCIES 
Gen,mut_id,mut_freq
1.0,0.0,0.5
1.0,1.0,0.5
1.0,2.0,0.5
1.0,3.0,0.5
1.0,4.0,0.5
1.0,5.0,0.5
1.0,6.0,0.5
1.0,7.0,0.5
1.0,8.0,0.5
1.0,9.0,0.5
1.0,10.0,0.5
1.0,11.0,0.5
1.0,12.0,0.5
1.0,13.0,0.5
1.0,14.0,0.5
1.0,15.0,0.5
1.0,16.0,0.5
1.0,17.0,0.5
1.0,18.0,0.5
1.0,19.0,0.5
1.0,20.0,0.5
1.0,21.0,0.5
1.0,22.0,0.5
1.0,23.0,0.5
1.0,24.0,0.5
1.0,25.0,0.5
1.0,26.0,0.5
1.0,27.0,0.5
1.0,28.0,0.5
1.0,29.0,0.5
1.0,30.0,0.5
1.0,31.0,0.5
1.0,32.0,0.5
1.0,33.0,0.5
1.0,34.0,0.5
1.0,35.0,0.5
1.0,36.0,0.5
1.0,37.0,0.5
1.0,38.0,0.5
1.0,39.0,0.5
1.0,40.0,0.5
1.0,41.0,0.5
1.0,42.0,0.5
1.0,43.0,0.5
1.0,44.0,0.5
1.0,45.0,0.5
1.0,46.0,0.5
1.0,47.0,0.5
1.0,48.0,0.5
1.0,49.0,0.5
1.0,50.0,0.5
1.0,51.0,0.5
1.0,52.0,0.5
1.0,53.0,0.5
1.0,54.0,0.5
1.0,55.0,0.5
1.0,56.0,0.5
1.0,57.0,0.5
1.0,58.0,0.5
1.0,59.0,0.5
1.0,60.0,0.5
1.0,61.0,0.5
1.0,62.0,0.5
1.0,63.0,0.5
1.0,64.0,0.5
1.0,65.0,0.5
1.0,66.0,0.5
1.0,67.0,0.5
1.0,68.0,0.5
1.0,69.0,0.5
1.0,70.0,0.5
1.0,71.0,0.5
1.0,72.0,0.5
1.0,73.0,0.5
1.0,74.0,0.5
1.0,75.0,0.5
1.0,76.0,0.5
1.0,77.0,0.5
1.0,78.0,0.5
1.0,79.0,0.5
1.0,80.0,0.5
1.0,81.0,0.5
1.0,82.0,0.5
1.0,83.0,0.5
1.0,84.0,0.5
1.0,85.0,0.5
1.0,86.0,0.5
1.0,87.0,0.5
1.0,88.0,0.5
1.0,89.0,0.5
1.0,90.0,0.5
1.0,91.0,0.5
1.0,92.0,0.5
1.0,93.0,0.5
1.0,94.0,0.5
1.0,95.0,0.5
1.0,96.0,0.5
1.0,97.0,0.5
1.0,98.0,0.5
1.0,99.0,0.5
1.0,100.0,0.5
1.0,101.0,0.5
1.0,102.0,0.5
1.0,103.0,0.5
1.0,104.0,0.5
1.0,105.0,0.5
1.0,106.0,0.5
1.0,107.0,0.5
1.0,108.0,0.5
1.0,109.0,0.5
1.0,110.0,0.5
1.0,111.0,0.5
1.0,112.0,0.5
1.0,113.0,0.5
1.0,114.0,0.5
1.0,115.0,0.5
1.0,116.0,0.5
1.0,117.0,0.5
1.0,118.0,0.5
1.0,119.0,0.5
1.0,120.0,0.5
1.0,121.0,0.5
1.0,122.0,0.5
1.0,123.0,0.5
1.0,124.0,0.5
1.0,125.0,0.5
1.0,126.0,0.5
2500.0,0.0,0.609312
2500.0,1.0,0.019323
2500.0,2.0,1.0
2500.0,3.0,0.138258
2500.0,4.0,0.501193
2500.0,5.0,0.924019
2500.0,6.0,0.088301
2500.0,7.0,0.484404
2500.0,8.0,0.303714
2500.0,9.0,0.349973
2500.0,10.0,0.510318
2500.0,11.0,0.154326
2500.0,12.0,0.706652
2500.0,13.0,1.0
2500.0,14.0,0.352901
2500.0,15.0,0.763984
2500.0,16.0,0.573491
2500.0,17.0,0.424616
2500.0,18.0,0.465783
2500.0,19.0,0.6865
2500.0,20.0,1.0
2500.0,21.0,0.177876
2500.0,22.0,0.011386
2500.0,23.0,0.051629
2500.0,24.0,0.715747
2500.0,25.0,0.296698
2500.0,26.0,0.056707
2500.0,27.0,1.0
2500.0,28.0,0.306609
2500.0,29.0,0.320361
2500.0,30.0,0.998579
2500.0,31.0,0.292759
2500.0,32.0,0.394898
2500.0,33.0,0.601965
2500.0,34.0,0.440301
2500.0,35.0,0.187157
2500.0,36.0,0.642385
2500.0,37.0,0.290963
2500.0,38.0,1.0
2500.0,39.0,0.393645
2500.0,40.0,0.624109
2500.0,41.0,0.0
2500.0,42.0,0.552062
2500.0,43.0,0.360255
2500.0,44.0,0.639045
2500.0,45.0,1.0
2500.0,46.0,0.21236
2500.0,47.0,0.38664
2500.0,48.0,0.592812
2500.0,49.0,1.0
2500.0,50.0,0.13442
2500.0,51.0,0.627294
2500.0,52.0,0.509454
2500.0,53.0,0.452744
2500.0,54.0,0.431865
2500.0,55.0,0.067271
2500.0,56.0,1.0
2500.0,57.0,0.402691
2500.0,58.0,0.515448
2500.0,59.0,1.0
2500.0,60.0,0.617752
2500.0,61.0,0.452298
2500.0,62.0,0.560418
2500.0,63.0,0.686213
2500.0,64.0,0.84781
2500.0,65.0,0.527014
2500.0,66.0,0.243377
2500.0,67.0,0.052541
2500.0,68.0,0.0
2500.0,69.0,0.0
2500.0,70.0,1.0
2500.0,71.0,0.42044
2500.0,72.0,0.334286
2500.0,73.0,0.518559
2500.0,74.0,0.332611
2500.0,75.0,1.0
2500.0,76.0,0.627359
2500.0,77.0,0.231554
2500.0,78.0,0.375754
2500.0,79.0,0.264095
2500.0,80.0,0.712241
2500.0,81.0,0.42603
2500.0,82.0,0.565935
2500.0,83.0,0.950598
2500.0,84.0,0.350354
2500.0,85.0,0.0
2500.0,86.0,0.6757
2500.0,87.0,0.864946
2500.0,88.0,0.0
2500.0,89.0,0.0
2500.0,90.0,0.614431
2500.0,91.0,0.526954
2500.0,92.0,0.650726
2500.0,93.0,0.312947
2500.0,94.0,0.226394
2500.0,95.0,0.406671
2500.0,96.0,0.654314
2500.0,97.0,0.215146
2500.0,98.0,0.049973
2500.0,99.0,0.0
2500.0,100.0,0.586865
2500.0,101.0,0.011674
2500.0,102.0,0.309022
2500.0,103.0,0.412355
2500.0,104.0,1.0
2500.0,105.0,0.802028
2500.0,106.0,1.0
2500.0,107.0,0.441878
2500.0,108.0,0.0
2500.0,109.0,0.0
2500.0,110.0,0.0
2500.0,111.0,0.284704
2500.0,112.0,0.474207
2500.0,113.0,0.188127
2500.0,114.0,0.511732
2500.0,115.0,0.0
2500.0,116.0,0.0
2500.0,117.0,0.933907
2500.0,118.0,0.029373
2500.0,119.0,0.774842
2500.0,120.0,0.686288
2500.0,121.0,0.441977
2500.0,122.0,0.843695
2500.0,123.0,1.0
2500.0,124.0,0.53652
2500.0,125.0,1.0
2500.0,126.0,0.415301
2501.0,0.0,0.611555
2501.0,1.0,0.020271
2501.0,2.0,1.0
2501.0,3.0,0.143204
2501.0,4.0,0.51056
2501.0,5.0,0.926677
2501.0,6.0,0.093722
2501.0,7.0,0.491573
2501.0,8.0,0.323627
2501.0,9.0,0.419158
2501.0,10.0,0.53593
2501.0,11.0,0.194997
2501.0,12.0,0.709134
2501.0,13.0,1.0
2501.0,14.0,0.401194
2501.0,15.0,0.774451
2501.0,16.0,0.575704
2501.0,17.0,0.43237
2501.0,18.0,0.468702
2501.0,19.0,0.694581
2501.0,20.0,1.0
2501.0,21.0,0.179177
2501.0,22.0,0.01324
2501.0,23.0,0.050939
2501.0,24.0,0.721884
2501.0,25.0,0.306149
2501.0,26.0,0.063361
2501.0,27.0,1.0
2501.0,28.0,0.313082
2501.0,29.0,0.332668
2501.0,30.0,0.998634
2501.0,31.0,0.428481
2501.0,32.0,0.39077
2501.0,33.0,0.625919
2501.0,34.0,0.452632
2501.0,35.0,0.194848
2501.0,36.0,0.647497
2501.0,37.0,0.305449
2501.0,38.0,1.0
2501.0,39.0,0.394646
2501.0,40.0,0.665895
2501.0,41.0,0.0
2501.0,42.0,0.559087
2501.0,43.0,0.369706
2501.0,44.0,0.646449
2501.0,45.0,1.0
2501.0,46.0,0.240065
2501.0,47.0,0.411268
2501.0,48.0,0.652275
2501.0,49.0,1.0
2501.0,50.0,0.140149
2501.0,51.0,0.619166
2501.0,52.0,0.518016
2501.0,53.0,0.482834
2501.0,54.0,0.455133
2501.0,55.0,0.071431
2501.0,56.0,1.0
2501.0,57.0,0.415337
2501.0,58.0,0.54264
2501.0,59.0,1.0
2501.0,60.0,0.642626
2501.0,61.0,0.46086
2501.0,62.0,0.5709
2501.0,63.0,0.68723
2501.0,64.0,0.857144
2501.0,65.0,0.531207
2501.0,66.0,0.370623
2501.0,67.0,0.054381
2501.0,68.0,0.0
2501.0,69.0,0.0
2501.0,70.0,1.0
2501.0,71.0,0.436985
2501.0,72.0,0.351131
2501.0,73.0,0.570605
2501.0,74.0,0.352615
2501.0,75.0,1.0
2501.0,76.0,0.657406
2501.0,77.0,0.433357
2501.0,78.0,0.383635
2501.0,79.0,0.276402
2501.0,80.0,0.724839
2501.0,81.0,0.474128
2501.0,82.0,0.569892
2501.0,83.0,0.951257
2501.0,84.0,0.354639
2501.0,85.0,0.0
2501.0,86.0,0.682985
2501.0,87.0,0.871072
2501.0,88.0,0.0
2501.0,89.0,0.0
2501.0,90.0,0.619108
2501.0,91.0,0.580043
2501.0,92.0,0.658088
2501.0,93.0,0.316641
2501.0,94.0,0.239844
2501.0,95.0,0.45246
2501.0,96.0,0.689764
2501.0,97.0,0.222684
2501.0,98.0,0.049911
2501.0,99.0,0.0
2501.0,100.0,0.595483
2501.0,101.0,0.012059
2501.0,102.0,0.312936
2501.0,103.0,0.43855
2501.0,104.0,1.0
2501.0,105.0,0.803648
2501.0,106.0,1.0
2501.0,107.0,0.492924
2501.0,108.0,0.0
2501.0,109.0,0.0
2501.0,110.0,0.0
2501.0,111.0,0.286584
2501.0,112.0,0.484874
2501.0,113.0,0.186942
2501.0,114.0,0.53272
2501.0,115.0,0.0
2501.0,116.0,0.0
2501.0,117.0,0.938023
2501.0,118.0,0.029089
2501.0,119.0,0.79081
2501.0,120.0,0.692972
2501.0,121.0,0.464898
2501.0,122.0,0.843485
2501.0,123.0,1.0
2501.0,124.0,0.547151
2501.0,125.0,1.0
2501.0,126.0,0.422356
2502.0,0.0,0.613257
2502.0,1.0,0.021091
2502.0,2.0,1.0
2502.0,3.0,0.146965
2502.0,4.0,0.517134
2502.0,5.0,0.929731
2502.0,6.0,0.096901
2502.0,7.0,0.500024
2502.0,8.0,0.342541
2502.0,9.0,0.490521
2502.0,10.0,0.559034
2502.0,11.0,0.237075
2502.0,12.0,0.711407
2502.0,13.0,1.0
2502.0,14.0,0.448922
2502.0,15.0,0.784879
2502.0,16.0,0.576782
2502.0,17.0,0.439589
2502.0,18.0,0.472198
2502.0,19.0,0.701178
2502.0,20.0,1.0
2502.0,21.0,0.179443
2502.0,22.0,0.015096
2502.0,23.0,0.050288
2502.0,24.0,0.725981
2502.0,25.0,0.317576
2502.0,26.0,0.069999
2502.0,27.0,1.0
2502.0,28.0,0.317839
2502.0,29.0,0.343102
2502.0,30.0,0.998636
2502.0,31.0,0.543408
2502.0,32.0,0.389324
2502.0,33.0,0.647659
2502.0,34.0,0.464427
2502.0,35.0,0.201028
2502.0,36.0,0.651518
2502.0,37.0,0.32085
2502.0,38.0,1.0
2502.0,39.0,0.395817
2502.0,40.0,0.702748
2502.0,41.0,0.0
2502.0,42.0,0.565718
2502.0,43.0,0.379962
2502.0,44.0,0.652607
2502.0,45.0,1.0
2502.0,46.0,0.268161
2502.0,47.0,0.434605
2502.0,48.0,0.697843
2502.0,49.0,1.0
2502.0,50.0,0.147412
2502.0,51.0,0.610336
2502.0,52.0,0.525773
2502.0,53.0,0.509029
2502.0,54.0,0.476567
2502.0,55.0,0.075223
2502.0,56.0,1.0
2502.0,57.0,0.426019
2502.0,58.0,0.567457
2502.0,59.0,1.0
2502.0,60.0,0.665457
2502.0,61.0,0.467198
2502.0,62.0,0.581959
2502.0,63.0,0.690183
2502.0,64.0,0.866669
2502.0,65.0,0.535728
2502.0,66.0,0.481264
2502.0,67.0,0.055913
2502.0,68.0,0.0
2502.0,69.0,0.0
2502.0,70.0,1.0
2502.0,71.0,0.450944
2502.0,72.0,0.36614
2502.0,73.0,0.613852
2502.0,74.0,0.371023
2502.0,75.0,1.0
2502.0,76.0,0.683578
2502.0,77.0,0.64831
2502.0,78.0,0.392322
2502.0,79.0,0.288471
2502.0,80.0,0.735779
2502.0,81.0,0.515269
2502.0,82.0,0.574263
2502.0,83.0,0.951958
2502.0,84.0,0.35916
2502.0,85.0,0.0
2502.0,86.0,0.690068
2502.0,87.0,0.877283
2502.0,88.0,0.0
2502.0,89.0,0.0
2502.0,90.0,0.623187
2502.0,91.0,0.625861
2502.0,92.0,0.665523
2502.0,93.0,0.320705
2502.0,94.0,0.253377
2502.0,95.0,0.492659
2502.0,96.0,0.721126
2502.0,97.0,0.22984
2502.0,98.0,0.049858
2502.0,99.0,0.0
2502.0,100.0,0.60211
2502.0,101.0,0.012377
2502.0,102.0,0.315015
2502.0,103.0,0.461879
2502.0,104.0,1.0
2502.0,105.0,0.804029
2502.0,106.0,1.0
2502.0,107.0,0.534978
2502.0,108.0,0.0
2502.0,109.0,0.0
2502.0,110.0,0.0
2502.0,111.0,0.287341
2502.0,112.0,0.495356
2502.0,113.0,0.187457
2502.0,114.0,0.551224
2502.0,115.0,0.0
2502.0,116.0,0.0
2502.0,117.0,0.940812
2502.0,118.0,0.028977
2502.0,119.0,0.804434
2502.0,120.0,0.697995
2502.0,121.0,0.483465
2502.0,122.0,0.843968
2502.0,123.0,1.0
2502.0,124.0,0.557141
2502.0,125.0,1.0
2502.0,126.0,0.429831
2503.0,0.0,0.614675
2503.0,1.0,0.022005
2503.0,2.0,1.0
2503.0,3.0,0.151484
2503.0,4.0,0.525285
2503.0,5.0,0.932343
2503.0,6.0,0.100553
2503.0,7.0,0.507381
2503.0,8.0,0.360996
2503.0,9.0,0.562024
2503.0,10.0,0.578936
2503.0,11.0,0.279032
2503.0,12.0,0.71305
2503.0,13.0,1.0
2503.0,14.0,0.496046
2503.0,15.0,0.795131
2503.0,16.0,0.577838
2503.0,17.0,0.446287
2503.0,18.0,0.47622
2503.0,19.0,0.707577
2503.0,20.0,1.0
2503.0,21.0,0.181277
2503.0,22.0,0.017369
2503.0,23.0,0.050105
2503.0,24.0,0.731282
2503.0,25.0,0.326414
2503.0,26.0,0.077861
2503.0,27.0,1.0
2503.0,28.0,0.322877
2503.0,29.0,0.352675
2503.0,30.0,0.998698
2503.0,31.0,0.635637
2503.0,32.0,0.388556
2503.0,33.0,0.669229
2503.0,34.0,0.473666
2503.0,35.0,0.20806
2503.0,36.0,0.655442
2503.0,37.0,0.336178
2503.0,38.0,1.0
2503.0,39.0,0.397625
2503.0,40.0,0.733869
2503.0,41.0,0.0
2503.0,42.0,0.572587
2503.0,43.0,0.388165
2503.0,44.0,0.657769
2503.0,45.0,1.0
2503.0,46.0,0.29713
2503.0,47.0,0.456681
2503.0,48.0,0.735236
2503.0,49.0,1.0
2503.0,50.0,0.154001
2503.0,51.0,0.605674
2503.0,52.0,0.53385
2503.0,53.0,0.531731
2503.0,54.0,0.496103
2503.0,55.0,0.079175
2503.0,56.0,1.0
2503.0,57.0,0.437183
2503.0,58.0,0.591517
2503.0,59.0,1.0
2503.0,60.0,0.68769
2503.0,61.0,0.473575
2503.0,62.0,0.592332
2503.0,63.0,0.693159
2503.0,64.0,0.875171
2503.0,65.0,0.538738
2503.0,66.0,0.571581
2503.0,67.0,0.056944
2503.0,68.0,0.0
2503.0,69.0,0.0
2503.0,70.0,1.0
2503.0,71.0,0.465357
2503.0,72.0,0.380766
2503.0,73.0,0.649484
2503.0,74.0,0.388852
2503.0,75.0,1.0
2503.0,76.0,0.707174
2503.0,77.0,0.811916
2503.0,78.0,0.403041
2503.0,79.0,0.299796
2503.0,80.0,0.745572
2503.0,81.0,0.551822
2503.0,82.0,0.578157
2503.0,83.0,0.952693
2503.0,84.0,0.364851
2503.0,85.0,0.0
2503.0,86.0,0.695225
2503.0,87.0,0.8835
2503.0,88.0,0.0
2503.0,89.0,0.0
2503.0,90.0,0.62542
2503.0,91.0,0.667007
2503.0,92.0,0.672607
2503.0,93.0,0.325344
2503.0,94.0,0.266088
2503.0,95.0,0.526621
2503.0,96.0,0.747254
2503.0,97.0,0.238181
2503.0,98.0,0.050731
2503.0,99.0,0.0
2503.0,100.0,0.607972
2503.0,101.0,0.012625
2503.0,102.0,0.316669
2503.0,103.0,0.482423
2503.0,104.0,1.0
2503.0,105.0,0.805812
2503.0,106.0,1.0
2503.0,107.0,0.570645
2503.0,108.0,0.0
2503.0,109.0,0.0
2503.0,110.0,0.0
2503.0,111.0,0.288555
2503.0,112.0,0.5048
2503.0,113.0,0.188288
2503.0,114.0,0.569854
2503.0,115.0,0.0
2503.0,116.0,0.0
2503.0,117.0,0.944206
2503.0,118.0,0.029064
2503.0,119.0,0.817246
2503.0,120.0,0.703207
2503.0,121.0,0.501834
2503.0,122.0,0.84528
2503.0,123.0,1.0
2503.0,124.0,0.566495
2503.0,125.0,1.0
2503.0,126.0,0.436392
2504.0,0.0,0.616257
2504.0,1.0,0.023023
2504.0,2.0,1.0
2504.0,3.0,0.155554
2504.0,4.0,0.530919
2504.0,5.0,0.934813
2504.0,6.0,0.104677
2504.0,7.0,0.514755
2504.0,8.0,0.378363
2504.0,9.0,0.632777
2504.0,10.0,0.597616
2504.0,11.0,0.323425
2504.0,12.0,0.715989
2504.0,13.0,1.0
2504.0,14.0,0.541967
2504.0,15.0,0.803196
2504.0,16.0,0.579321
2504.0,17.0,0.45321
2504.0,18.0,0.480375
2504.0,19.0,0.713377
2504.0,20.0,1.0
2504.0,21.0,0.182809
2504.0,22.0,0.019808
2504.0,23.0,0.050665
2504.0,24.0,0.736233
2504.0,25.0,0.335775
2504.0,26.0,0.085969
2504.0,27.0,1.0
2504.0,28.0,0.328261
2504.0,29.0,0.362459
2504.0,30.0,0.99874
2504.0,31.0,0.706736
2504.0,32.0,0.389815
2504.0,33.0,0.690203
2504.0,34.0,0.482615
2504.0,35.0,0.215591
2504.0,36.0,0.659584
2504.0,37.0,0.35082
2504.0,38.0,1.0
2504.0,39.0,0.398818
2504.0,40.0,0.761213
2504.0,41.0,0.0
2504.0,42.0,0.579255
2504.0,43.0,0.396149
2504.0,44.0,0.662487
2504.0,45.0,1.0
2504.0,46.0,0.327842
2504.0,47.0,0.480114
2504.0,48.0,0.767158
2504.0,49.0,1.0
2504.0,50.0,0.160579
2504.0,51.0,0.604655
2504.0,52.0,0.543066
2504.0,53.0,0.554232
2504.0,54.0,0.514037
2504.0,55.0,0.083256
2504.0,56.0,1.0
2504.0,57.0,0.447701
2504.0,58.0,0.612266
2504.0,59.0,1.0
2504.0,60.0,0.70815
2504.0,61.0,0.480261
2504.0,62.0,0.602346
2504.0,63.0,0.695027
2504.0,64.0,0.882962
2504.0,65.0,0.541272
2504.0,66.0,0.643207
2504.0,67.0,0.057685
2504.0,68.0,0.0
2504.0,69.0,0.0
2504.0,70.0,1.0
2504.0,71.0,0.477439
2504.0,72.0,0.39524
2504.0,73.0,0.680316
2504.0,74.0,0.405383
2504.0,75.0,1.0
2504.0,76.0,0.729099
2504.0,77.0,0.909221
2504.0,78.0,0.415391
2504.0,79.0,0.310466
2504.0,80.0,0.754539
2504.0,81.0,0.584477
2504.0,82.0,0.580482
2504.0,83.0,0.953268
2504.0,84.0,0.371379
2504.0,85.0,0.0
2504.0,86.0,0.702104
2504.0,87.0,0.888964
2504.0,88.0,0.0
2504.0,89.0,0.0
2504.0,90.0,0.62707
2504.0,91.0,0.70578
2504.0,92.0,0.679526
2504.0,93.0,0.330328
2504.0,94.0,0.279169
2504.0,95.0,0.558721
2504.0,96.0,0.770801
2504.0,97.0,0.245979
2504.0,98.0,0.050942
2504.0,99.0,0.0
2504.0,100.0,0.614563
2504.0,101.0,0.012805
2504.0,102.0,0.319229
2504.0,103.0,0.501218
2504.0,104.0,1.0
2504.0,105.0,0.80889
2504.0,106.0,1.0
2504.0,107.0,0.602292
2504.0,108.0,0.0
2504.0,109.0,0.0
2504.0,110.0,0.0
2504.0,111.0,0.289035
2504.0,112.0,0.512505
2504.0,113.0,0.189021
2504.0,114.0,0.587814
2504.0,115.0,0.0
2504.0,116.0,0.0
2504.0,117.0,0.946587
2504.0,118.0,0.029611
2504.0,119.0,0.828356
2504.0,120.0,0.709916
2504.0,121.0,0.521299
2504.0,122.0,0.846203
2504.0,123.0,1.0
2504.0,124.0,0.574853
2504.0,125.0,1.0
2504.0,126.0,0.442014
2505.0,0.0,0.617318
2505.0,1.0,0.023753
2505.0,2.0,1.0
2505.0,3.0,0.16008
2505.0,4.0,0.537888
2505.0,5.0,0.936954
2505.0,6.0,0.110221
2505.0,7.0,0.52206
2505.0,8.0,0.396336
2505.0,9.0,0.700904
2505.0,10.0,0.616771
2505.0,11.0,0.368771
2505.0,12.0,0.719995
2505.0,13.0,1.0
2505.0,14.0,0.588497
2505.0,15.0,0.811534
2505.0,16.0,0.580612
2505.0,17.0,0.459267
2505.0,18.0,0.483324
2505.0,19.0,0.719648
2505.0,20.0,1.0
2505.0,21.0,0.184272
2505.0,22.0,0.022393
2505.0,23.0,0.051428
2505.0,24.0,0.741712
2505.0,25.0,0.34525
2505.0,26.0,0.094874
2505.0,27.0,1.0
2505.0,28.0,0.332701
2505.0,29.0,0.371135
2505.0,30.0,0.998814
2505.0,31.0,0.762833
2505.0,32.0,0.390404
2505.0,33.0,0.710295
2505.0,34.0,0.491676
2505.0,35.0,0.222974
2505.0,36.0,0.664188
2505.0,37.0,0.36528
2505.0,38.0,1.0
2505.0,39.0,0.400214
2505.0,40.0,0.786902
2505.0,41.0,0.0
2505.0,42.0,0.586182
2505.0,43.0,0.404642
2505.0,44.0,0.66747
2505.0,45.0,1.0
2505.0,46.0,0.359629
2505.0,47.0,0.501612
2505.0,48.0,0.79485
2505.0,49.0,1.0
2505.0,50.0,0.168966
2505.0,51.0,0.606525
2505.0,52.0,0.552912
2505.0,53.0,0.575895
2505.0,54.0,0.53175
2505.0,55.0,0.08776
2505.0,56.0,1.0
2505.0,57.0,0.459354
2505.0,58.0,0.632458
2505.0,59.0,1.0
2505.0,60.0,0.727623
2505.0,61.0,0.486936
2505.0,62.0,0.610601
2505.0,63.0,0.696698
2505.0,64.0,0.890656
2505.0,65.0,0.542439
2505.0,66.0,0.698292
2505.0,67.0,0.058343
2505.0,68.0,0.0
2505.0,69.0,0.0
2505.0,70.0,1.0
2505.0,71.0,0.489076
2505.0,72.0,0.41087
2505.0,73.0,0.706747
2505.0,74.0,0.42261
2505.0,75.0,1.0
2505.0,76.0,0.750074
2505.0,77.0,0.958682
2505.0,78.0,0.429948
2505.0,79.0,0.320274
2505.0,80.0,0.762384
2505.0,81.0,0.613587
2505.0,82.0,0.583979
2505.0,83.0,0.954258
2505.0,84.0,0.377698
2505.0,85.0,0.0
2505.0,86.0,0.707543
2505.0,87.0,0.894489
2505.0,88.0,0.0
2505.0,89.0,0.0
2505.0,90.0,0.629123
2505.0,91.0,0.739669
2505.0,92.0,0.686376
2505.0,93.0,0.336578
2505.0,94.0,0.293133
2505.0,95.0,0.588331
2505.0,96.0,0.792669
2505.0,97.0,0.253144
2505.0,98.0,0.051347
2505.0,99.0,0.0
2505.0,100.0,0.619423
2505.0,101.0,0.013111
2505.0,102.0,0.323836
2505.0,103.0,0.519427
2505.0,104.0,1.0
2505.0,105.0,0.812509
2505.0,106.0,1.0
2505.0,107.0,0.630211
2505.0,108.0,0.0
2505.0,109.0,0.0
2505.0,110.0,0.0
2505.0,111.0,0.290473
2505.0,112.0,0.520833
2505.0,113.0,0.190732
2505.0,114.0,0.605676
2505.0,115.0,0.0
2505.0,116.0,0.0
2505.0,117.0,0.948951
2505.0,118.0,0.029612
2505.0,119.0,0.838738
2505.0,120.0,0.716706
2505.0,121.0,0.543321
2505.0,122.0,0.848141
2505.0,123.0,1.0
2505.0,124.0,0.583059
2505.0,125.0,1.0
2505.0,126.0,0.447684
2506.0,0.0,0.616226
2506.0,1.0,0.023081
2506.0,2.0,1.0
2506.0,3.0,0.154529
2506.0,4.0,0.527296
2506.0,5.0,0.934277
2506.0,6.0,0.104379
2506.0,7.0,0.51387
2506.0,8.0,0.374673
2506.0,9.0,0.60144
2506.0,10.0,0.59234
2506.0,11.0,0.314348
2506.0,12.0,0.714657
2506.0,13.0,1.0
2506.0,14.0,0.522056
2506.0,15.0,0.80105
2506.0,16.0,0.581473
2506.0,17.0,0.450599
2506.0,18.0,0.479928
2506.0,19.0,0.714973
2506.0,20.0,1.0
2506.0,21.0,0.183717
2506.0,22.0,0.01901
2506.0,23.0,0.051074
2506.0,24.0,0.734721
2506.0,25.0,0.333312
2506.0,26.0,0.084401
2506.0,27.0,1.0
2506.0,28.0,0.326256
2506.0,29.0,0.361797
2506.0,30.0,0.998776
2506.0,31.0,0.641777
2506.0,32.0,0.392405
2506.0,33.0,0.685802
2506.0,34.0,0.482186
2506.0,35.0,0.21421
2506.0,36.0,0.660492
2506.0,37.0,0.34708
2506.0,38.0,1.0
2506.0,39.0,0.40027
2506.0,40.0,0.754203
2506.0,41.0,0.0
2506.0,42.0,0.577634
2506.0,43.0,0.393683
2506.0,44.0,0.661267
2506.0,45.0,1.0
2506.0,46.0,0.315052
2506.0,47.0,0.475611
2506.0,48.0,0.754354
2506.0,49.0,1.0
2506.0,50.0,0.160263
2506.0,51.0,0.60914
2506.0,52.0,0.542447
2506.0,53.0,0.547719
2506.0,54.0,0.508941
2506.0,55.0,0.083383
2506.0,56.0,1.0
2506.0,57.0,0.445206
2506.0,58.0,0.606412
2506.0,59.0,1.0
2506.0,60.0,0.703504
2506.0,61.0,0.477514
2506.0,62.0,0.599389
2506.0,63.0,0.694541
2506.0,64.0,0.881687
2506.0,65.0,0.541705
2506.0,66.0,0.580162
2506.0,67.0,0.057418
2506.0,68.0,0.0
2506.0,69.0,0.0
2506.0,70.0,1.0
2506.0,71.0,0.472276
2506.0,72.0,0.390366
2506.0,73.0,0.671647
2506.0,74.0,0.399957
2506.0,75.0,1.0
2506.0,76.0,0.72413
2506.0,77.0,0.838164
2506.0,78.0,0.421353
2506.0,79.0,0.308743
2506.0,80.0,0.75211
2506.0,81.0,0.570018
2506.0,82.0,0.58018
2506.0,83.0,0.953382
2506.0,84.0,0.371034
2506.0,85.0,0.0
2506.0,86.0,0.701066
2506.0,87.0,0.88772
2506.0,88.0,0.0
2506.0,89.0,0.0
2506.0,90.0,0.626195
2506.0,91.0,0.693668
2506.0,92.0,0.679185
2506.0,93.0,0.329202
2506.0,94.0,0.27596
2506.0,95.0,0.545038
2506.0,96.0,0.765195
2506.0,97.0,0.243855
2506.0,98.0,0.050394
2506.0,99.0,0.0
2506.0,100.0,0.612804
2506.0,101.0,0.012573
2506.0,102.0,0.318941
2506.0,103.0,0.495879
2506.0,104.0,1.0
2506.0,105.0,0.809359
2506.0,106.0,1.0
2506.0,107.0,0.584511
2506.0,108.0,0.0
2506.0,109.0,0.0
2506.0,110.0,0.0
2506.0,111.0,0.289261
2506.0,112.0,0.510117
2506.0,113.0,0.189616
2506.0,114.0,0.581619
2506.0,115.0,0.0
2506.0,116.0,0.0
2506.0,117.0,0.94597
2506.0,118.0,0.029634
2506.0,119.0,0.825356
2506.0,120.0,0.709831
2506.0,121.0,0.516411
2506.0,122.0,0.845294
2506.0,123.0,1.0
2506.0,124.0,0.57535
2506.0,125.0,1.0
2506.0,126.0,0.440315
2507.0,0.0,0.616288
2507.0,1.0,0.022233
2507.0,2.0,1.0
2507.0,3.0,0.152003
2507.0,4.0,0.515984
2507.0,5.0,0.931837
2507.0,6.0,0.100342
2507.0,7.0,0.506939
2507.0,8.0,0.354262
2507.0,9.0,0.518102
2507.0,10.0,0.571089
2507.0,11.0,0.266512
2507.0,12.0,0.708437
2507.0,13.0,1.0
2507.0,14.0,0.467758
2507.0,15.0,0.791131
2507.0,16.0,0.580385
2507.0,17.0,0.440405
2507.0,18.0,0.475805
2507.0,19.0,0.706995
2507.0,20.0,1.0
2507.0,21.0,0.18597
2507.0,22.0,0.016347
2507.0,23.0,0.051492
2507.0,24.0,0.729851
2507.0,25.0,0.323249
2507.0,26.0,0.076256
2507.0,27.0,1.0
2507.0,28.0,0.318144
2507.0,29.0,0.353537
2507.0,30.0,0.998797
2507.0,31.0,0.530124
2507.0,32.0,0.395867
2507.0,33.0,0.664412
2507.0,34.0,0.476206
2507.0,35.0,0.205795
2507.0,36.0,0.655353
2507.0,37.0,0.331644
2507.0,38.0,1.0
2507.0,39.0,0.40086
2507.0,40.0,0.721764
2507.0,41.0,0.0
2507.0,42.0,0.571835
2507.0,43.0,0.382608
2507.0,44.0,0.653829
2507.0,45.0,1.0
2507.0,46.0,0.281301
2507.0,47.0,0.452948
2507.0,48.0,0.714856
2507.0,49.0,1.0
2507.0,50.0,0.153259
2507.0,51.0,0.616692
2507.0,52.0,0.533776
2507.0,53.0,0.523024
2507.0,54.0,0.489686
2507.0,55.0,0.07951
2507.0,56.0,1.0
2507.0,57.0,0.432915
2507.0,58.0,0.581406
2507.0,59.0,1.0
2507.0,60.0,0.679376
2507.0,61.0,0.469926
2507.0,62.0,0.587657
2507.0,63.0,0.693925
2507.0,64.0,0.871794
2507.0,65.0,0.540367
2507.0,66.0,0.473435
2507.0,67.0,0.056724
2507.0,68.0,0.0
2507.0,69.0,0.0
2507.0,70.0,1.0
2507.0,71.0,0.459394
2507.0,72.0,0.373749
2507.0,73.0,0.636499
2507.0,74.0,0.379156
2507.0,75.0,1.0
2507.0,76.0,0.698816
2507.0,77.0,0.627661
2507.0,78.0,0.412977
2507.0,79.0,0.300051
2507.0,80.0,0.743128
2507.0,81.0,0.530769
2507.0,82.0,0.57584
2507.0,83.0,0.952095
2507.0,84.0,0.366119
2507.0,85.0,0.0
2507.0,86.0,0.695034
2507.0,87.0,0.880766
2507.0,88.0,0.0
2507.0,89.0,0.0
2507.0,90.0,0.623361
2507.0,91.0,0.650636
2507.0,92.0,0.671654
2507.0,93.0,0.324311
2507.0,94.0,0.260919
2507.0,95.0,0.506324
2507.0,96.0,0.738215
2507.0,97.0,0.235919
2507.0,98.0,0.049918
2507.0,99.0,0.0
2507.0,100.0,0.606785
2507.0,101.0,0.012102
2507.0,102.0,0.315841
2507.0,103.0,0.476839
2507.0,104.0,1.0
2507.0,105.0,0.809174
2507.0,106.0,1.0
2507.0,107.0,0.54463
2507.0,108.0,0.0
2507.0,109.0,0.0
2507.0,110.0,0.0
2507.0,111.0,0.288826
2507.0,112.0,0.50167
2507.0,113.0,0.188141
2507.0,114.0,0.560741
2507.0,115.0,0.0
2507.0,116.0,0.0
2507.0,117.0,0.942935
2507.0,118.0,0.030118
2507.0,119.0,0.81228
2507.0,120.0,0.702939
2507.0,121.0,0.497994
2507.0,122.0,0.843483
2507.0,123.0,1.0
2507.0,124.0,0.567291
2507.0,125.0,1.0
2507.0,126.0,0.434419
2508.0,0.0,0.615337
2508.0,1.0,0.021712
2508.0,2.0,1.0
2508.0,3.0,0.148388
2508.0,4.0,0.50597
2508.0,5.0,0.92826
2508.0,6.0,0.095505
2508.0,7.0,0.501055
2508.0,8.0,0.337085
2508.0,9.0,0.451144
2508.0,10.0,0.550398
2508.0,11.0,0.22248
2508.0,12.0,0.702512
2508.0,13.0,1.0
2508.0,14.0,0.421254
2508.0,15.0,0.781216
2508.0,16.0,0.580012
2508.0,17.0,0.432861
2508.0,18.0,0.471339
2508.0,19.0,0.699191
2508.0,20.0,1.0
2508.0,21.0,0.187252
2508.0,22.0,0.014304
2508.0,23.0,0.051761
2508.0,24.0,0.723161
2508.0,25.0,0.313682
2508.0,26.0,0.069742
2508.0,27.0,1.0
2508.0,28.0,0.311067
2508.0,29.0,0.345543
2508.0,30.0,0.998794
2508.0,31.0,0.433163
2508.0,32.0,0.399268
2508.0,33.0,0.643307
2508.0,34.0,0.468836
2508.0,35.0,0.198563
2508.0,36.0,0.650953
2508.0,37.0,0.318011
2508.0,38.0,1.0
2508.0,39.0,0.400922
2508.0,40.0,0.689446
2508.0,41.0,0.0
2508.0,42.0,0.566395
2508.0,43.0,0.373119
2508.0,44.0,0.647344
2508.0,45.0,1.0
2508.0,46.0,0.254013
2508.0,47.0,0.431941
2508.0,48.0,0.673977
2508.0,49.0,1.0
2508.0,50.0,0.147176
2508.0,51.0,0.622904
2508.0,52.0,0.524022
2508.0,53.0,0.500005
2508.0,54.0,0.471571
2508.0,55.0,0.076133
2508.0,56.0,1.0
2508.0,57.0,0.421938
2508.0,58.0,0.557772
2508.0,59.0,1.0
2508.0,60.0,0.657393
2508.0,61.0,0.462577
2508.0,62.0,0.577078
2508.0,63.0,0.692638
2508.0,64.0,0.863243
2508.0,65.0,0.53859
2508.0,66.0,0.380496
2508.0,67.0,0.054995
2508.0,68.0,0.0
2508.0,69.0,0.0
2508.0,70.0,1.0
2508.0,71.0,0.448409
2508.0,72.0,0.36009
2508.0,73.0,0.599559
2508.0,74.0,0.360001
2508.0,75.0,1.0
2508.0,76.0,0.674638
2508.0,77.0,0.440802
2508.0,78.0,0.404296
2508.0,79.0,0.291084
2508.0,80.0,0.732908
2508.0,81.0,0.493404
2508.0,82.0,0.571739
2508.0,83.0,0.951529
2508.0,84.0,0.360334
2508.0,85.0,0.0
2508.0,86.0,0.690282
2508.0,87.0,0.874833
2508.0,88.0,0.0
2508.0,89.0,0.0
2508.0,90.0,0.618735
2508.0,91.0,0.609762
2508.0,92.0,0.664696
2508.0,93.0,0.321632
2508.0,94.0,0.247266
2508.0,95.0,0.468482
2508.0,96.0,0.711381
2508.0,97.0,0.228181
2508.0,98.0,0.049001
2508.0,99.0,0.0
2508.0,100.0,0.600236
2508.0,101.0,0.011625
2508.0,102.0,0.311774
2508.0,103.0,0.460112
2508.0,104.0,1.0
2508.0,105.0,0.808705
2508.0,106.0,1.0
2508.0,107.0,0.508803
2508.0,108.0,0.0
2508.0,109.0,0.0
2508.0,110.0,0.0
2508.0,111.0,0.288239
2508.0,112.0,0.492462
2508.0,113.0,0.187227
2508.0,114.0,0.542771
2508.0,115.0,0.0
2508.0,116.0,0.0
2508.0,117.0,0.940211
2508.0,118.0,0.030065
2508.0,119.0,0.798464
2508.0,120.0,0.696496
2508.0,121.0,0.480628
2508.0,122.0,0.841891
2508.0,123.0,1.0
2508.0,124.0,0.559444
2508.0,125.0,1.0
2508.0,126.0,0.42749
2509.0,0.0,0.615363
2509.0,1.0,0.02114
2509.0,2.0,1.0
2509.0,3.0,0.145282
2509.0,4.0,0.496713
2509.0,5.0,0.926273
2509.0,6.0,0.090223
2509.0,7.0,0.494985
2509.0,8.0,0.320711
2509.0,9.0,0.395515
2509.0,10.0,0.530711
2509.0,11.0,0.184689
2509.0,12.0,0.699169
2509.0,13.0,1.0
2509.0,14.0,0.383226
2509.0,15.0,0.770817
2509.0,16.0,0.578391
2509.0,17.0,0.425126
2509.0,18.0,0.467181
2509.0,19.0,0.691739
2509.0,20.0,1.0
2509.0,21.0,0.187772
2509.0,22.0,0.012489
2509.0,23.0,0.05204
2509.0,24.0,0.716923
2509.0,25.0,0.304694
2509.0,26.0,0.063691
2509.0,27.0,1.0
2509.0,28.0,0.305096
2509.0,29.0,0.336643
2509.0,30.0,0.998844
2509.0,31.0,0.353028
2509.0,32.0,0.401412
2509.0,33.0,0.622593
2509.0,34.0,0.459713
2509.0,35.0,0.191532
2509.0,36.0,0.646524
2509.0,37.0,0.305383
2509.0,38.0,1.0
2509.0,39.0,0.397771
2509.0,40.0,0.656858
2509.0,41.0,0.0
2509.0,42.0,0.559335
2509.0,43.0,0.366284
2509.0,44.0,0.641991
2509.0,45.0,1.0
2509.0,46.0,0.230347
2509.0,47.0,0.411416
2509.0,48.0,0.631585
2509.0,49.0,1.0
2509.0,50.0,0.140712
2509.0,51.0,0.625995
2509.0,52.0,0.512943
2509.0,53.0,0.475813
2509.0,54.0,0.453236
2509.0,55.0,0.071879
2509.0,56.0,1.0
2509.0,57.0,0.411458
2509.0,58.0,0.534892
2509.0,59.0,1.0
2509.0,60.0,0.636186
2509.0,61.0,0.455836
2509.0,62.0,0.566609
2509.0,63.0,0.691965
2509.0,64.0,0.854542
2509.0,65.0,0.53497
2509.0,66.0,0.303804
2509.0,67.0,0.054187
2509.0,68.0,0.0
2509.0,69.0,0.0
2509.0,70.0,1.0
2509.0,71.0,0.436728
2509.0,72.0,0.346642
2509.0,73.0,0.560735
2509.0,74.0,0.342694
2509.0,75.0,1.0
2509.0,76.0,0.65069
2509.0,77.0,0.314083
2509.0,78.0,0.394755
2509.0,79.0,0.28265
2509.0,80.0,0.722489
2509.0,81.0,0.458645
2509.0,82.0,0.567515
2509.0,83.0,0.95056
2509.0,84.0,0.355626
2509.0,85.0,0.0
2509.0,86.0,0.68427
2509.0,87.0,0.868456
2509.0,88.0,0.0
2509.0,89.0,0.0
2509.0,90.0,0.61519
2509.0,91.0,0.56908
2509.0,92.0,0.658031
2509.0,93.0,0.31803
2509.0,94.0,0.236606
2509.0,95.0,0.433144
2509.0,96.0,0.683224
2509.0,97.0,0.219677
2509.0,98.0,0.047935
2509.0,99.0,0.0
2509.0,100.0,0.593047
2509.0,101.0,0.011486
2509.0,102.0,0.308188
2509.0,103.0,0.442373
2509.0,104.0,1.0
2509.0,105.0,0.805934
2509.0,106.0,1.0
2509.0,107.0,0.47557
2509.0,108.0,0.0
2509.0,109.0,0.0
2509.0,110.0,0.0
2509.0,111.0,0.286144
2509.0,112.0,0.482727
2509.0,113.0,0.185788
2509.0,114.0,0.525481
2509.0,115.0,0.0
2509.0,116.0,0.0
2509.0,117.0,0.937383
2509.0,118.0,0.030771
2509.0,119.0,0.784211
2509.0,120.0,0.690081
2509.0,121.0,0.463366
2509.0,122.0,0.839545
2509.0,123.0,1.0
2509.0,124.0,0.552807
2509.0,125.0,1.0
2509.0,126.0,0.422254
2510.0,0.0,0.614626
2510.0,1.0,0.020613
2510.0,2.0,1.0
2510.0,3.0,0.142746
2510.0,4.0,0.488408
2510.0,5.0,0.924107
2510.0,6.0,0.084392
2510.0,7.0,0.489108
2510.0,8.0,0.306261
2510.0,9.0,0.349577
2510.0,10.0,0.510511
2510.0,11.0,0.150984
2510.0,12.0,0.695206
2510.0,13.0,1.0
2510.0,14.0,0.350404
2510.0,15.0,0.761163
2510.0,16.0,0.576449
2510.0,17.0,0.417451
2510.0,18.0,0.463566
2510.0,19.0,0.684672
2510.0,20.0,1.0
2510.0,21.0,0.187758
2510.0,22.0,0.010971
2510.0,23.0,0.051518
2510.0,24.0,0.710037
2510.0,25.0,0.296771
2510.0,26.0,0.058253
2510.0,27.0,1.0
2510.0,28.0,0.297856
2510.0,29.0,0.32693
2510.0,30.0,0.998879
2510.0,31.0,0.288406
2510.0,32.0,0.403361
2510.0,33.0,0.601955
2510.0,34.0,0.450276
2510.0,35.0,0.186552
2510.0,36.0,0.642144
2510.0,37.0,0.293737
2510.0,38.0,1.0
2510.0,39.0,0.394747
2510.0,40.0,0.623707
2510.0,41.0,0.0
2510.0,42.0,0.553933
2510.0,43.0,0.359314
2510.0,44.0,0.63535
2510.0,45.0,1.0
2510.0,46.0,0.210845
2510.0,47.0,0.391076
2510.0,48.0,0.589528
2510.0,49.0,1.0
2510.0,50.0,0.133694
2510.0,51.0,0.626073
2510.0,52.0,0.502183
2510.0,53.0,0.451692
2510.0,54.0,0.436963
2510.0,55.0,0.066977
2510.0,56.0,1.0
2510.0,57.0,0.400016
2510.0,58.0,0.512482
2510.0,59.0,1.0
2510.0,60.0,0.613801
2510.0,61.0,0.450353
2510.0,62.0,0.55722
2510.0,63.0,0.691442
2510.0,64.0,0.845734
2510.0,65.0,0.5321
2510.0,66.0,0.240789
2510.0,67.0,0.052759
2510.0,68.0,0.0
2510.0,69.0,0.0
2510.0,70.0,1.0
2510.0,71.0,0.424479
2510.0,72.0,0.333951
2510.0,73.0,0.518437
2510.0,74.0,0.327223
2510.0,75.0,1.0
2510.0,76.0,0.626322
2510.0,77.0,0.229851
2510.0,78.0,0.38248
2510.0,79.0,0.273354
2510.0,80.0,0.71311
2510.0,81.0,0.425831
2510.0,82.0,0.563366
2510.0,83.0,0.949865
2510.0,84.0,0.351115
2510.0,85.0,0.0
2510.0,86.0,0.677934
2510.0,87.0,0.862613
2510.0,88.0,0.0
2510.0,89.0,0.0
2510.0,90.0,0.612992
2510.0,91.0,0.529352
2510.0,92.0,0.651066
2510.0,93.0,0.314558
2510.0,94.0,0.22582
2510.0,95.0,0.399801
2510.0,96.0,0.65412
2510.0,97.0,0.21218
2510.0,98.0,0.047151
2510.0,99.0,0.0
2510.0,100.0,0.586536
2510.0,101.0,0.011245
2510.0,102.0,0.303055
2510.0,103.0,0.42455
2510.0,104.0,1.0
2510.0,105.0,0.802392
2510.0,106.0,1.0
2510.0,107.0,0.444776
2510.0,108.0,0.0
2510.0,109.0,0.0
2510.0,110.0,0.0
2510.0,111.0,0.283085
2510.0,112.0,0.474927
2510.0,113.0,0.184261
2510.0,114.0,0.508396
2510.0,115.0,0.0
2510.0,116.0,0.0
2510.0,117.0,0.935096
2510.0,118.0,0.031415
2510.0,119.0,0.770331
2510.0,120.0,0.684331
2510.0,121.0,0.44406
2510.0,122.0,0.837983
2510.0,123.0,1.0
2510.0,124.0,0.546803
2510.0,125.0,1.0
2510.0,126.0,0.415721
