FREQUENCIES 
Gen,mut_id,mut_freq
1.0,0.0,0.5
1.0,1.0,0.5
1.0,2.0,0.5
1.0,3.0,0.5
1.0,4.0,0.5
1.0,5.0,0.5
1.0,6.0,0.5
1.0,7.0,0.5
1.0,8.0,0.5
1.0,9.0,0.5
1.0,10.0,0.5
1.0,11.0,0.5
1.0,12.0,0.5
1.0,13.0,0.5
1.0,14.0,0.5
1.0,15.0,0.5
1.0,16.0,0.5
1.0,17.0,0.5
1.0,18.0,0.5
1.0,19.0,0.5
1.0,20.0,0.5
1.0,21.0,0.5
1.0,22.0,0.5
1.0,23.0,0.5
1.0,24.0,0.5
1.0,25.0,0.5
1.0,26.0,0.5
1.0,27.0,0.5
1.0,28.0,0.5
1.0,29.0,0.5
1.0,30.0,0.5
1.0,31.0,0.5
1.0,32.0,0.5
1.0,33.0,0.5
1.0,34.0,0.5
1.0,35.0,0.5
1.0,36.0,0.5
1.0,37.0,0.5
1.0,38.0,0.5
1.0,39.0,0.5
1.0,40.0,0.5
1.0,41.0,0.5
1.0,42.0,0.5
1.0,43.0,0.5
1.0,44.0,0.5
1.0,45.0,0.5
1.0,46.0,0.5
1.0,47.0,0.5
1.0,48.0,0.5
1.0,49.0,0.5
1.0,50.0,0.5
1.0,51.0,0.5
1.0,52.0,0.5
1.0,53.0,0.5
1.0,54.0,0.5
1.0,55.0,0.5
1.0,56.0,0.5
1.0,57.0,0.5
1.0,58.0,0.5
1.0,59.0,0.5
1.0,60.0,0.5
1.0,61.0,0.5
1.0,62.0,0.5
1.0,63.0,0.5
1.0,64.0,0.5
1.0,65.0,0.5
1.0,66.0,0.5
1.0,67.0,0.5
1.0,68.0,0.5
1.0,69.0,0.5
1.0,70.0,0.5
1.0,71.0,0.5
1.0,72.0,0.5
1.0,73.0,0.5
1.0,74.0,0.5
1.0,75.0,0.5
1.0,76.0,0.5
1.0,77.0,0.5
1.0,78.0,0.5
1.0,79.0,0.5
1.0,80.0,0.5
1.0,81.0,0.5
1.0,82.0,0.5
1.0,83.0,0.5
1.0,84.0,0.5
1.0,85.0,0.5
1.0,86.0,0.5
1.0,87.0,0.5
1.0,88.0,0.5
1.0,89.0,0.5
1.0,90.0,0.5
1.0,91.0,0.5
1.0,92.0,0.5
1.0,93.0,0.5
1.0,94.0,0.5
1.0,95.0,0.5
1.0,96.0,0.5
1.0,97.0,0.5
1.0,98.0,0.5
1.0,99.0,0.5
1.0,100.0,0.5
1.0,101.0,0.5
1.0,102.0,0.5
1.0,103.0,0.5
1.0,104.0,0.5
1.0,105.0,0.5
1.0,106.0,0.5
1.0,107.0,0.5
1.0,108.0,0.5
1.0,109.0,0.5
1.0,110.0,0.5
1.0,111.0,0.5
1.0,112.0,0.5
1.0,113.0,0.5
1.0,114.0,0.5
1.0,115.0,0.5
1.0,116.0,0.5
1.0,117.0,0.5
1.0,118.0,0.5
1.0,119.0,0.5
1.0,120.0,0.5
1.0,121.0,0.5
1.0,122.0,0.5
1.0,123.0,0.5
1.0,124.0,0.5
1.0,125.0,0.5
1.0,126.0,0.5
1.0,127.0,0.5
1.0,128.0,0.5
1.0,129.0,0.5
1.0,130.0,0.5
1.0,131.0,0.5
1.0,132.0,0.5
1.0,133.0,0.5
1.0,134.0,0.5
1.0,135.0,0.5
1.0,136.0,0.5
1.0,137.0,0.5
1.0,138.0,0.5
1.0,139.0,0.5
1.0,140.0,0.5
1.0,141.0,0.5
1.0,142.0,0.5
1.0,143.0,0.5
1.0,144.0,0.5
1.0,145.0,0.5
1.0,146.0,0.5
1.0,147.0,0.5
1.0,148.0,0.5
1.0,149.0,0.5
1.0,150.0,0.5
1.0,151.0,0.5
1.0,152.0,0.5
1.0,153.0,0.5
1.0,154.0,0.5
1.0,155.0,0.5
1.0,156.0,0.5
1.0,157.0,0.5
1.0,158.0,0.5
1.0,159.0,0.5
1.0,160.0,0.5
1.0,161.0,0.5
1.0,162.0,0.5
1.0,163.0,0.5
1.0,164.0,0.5
1.0,165.0,0.5
1.0,166.0,0.5
1.0,167.0,0.5
1.0,168.0,0.5
1.0,169.0,0.5
1.0,170.0,0.5
1.0,171.0,0.5
1.0,172.0,0.5
1.0,173.0,0.5
1.0,174.0,0.5
1.0,175.0,0.5
1.0,176.0,0.5
1.0,177.0,0.5
1.0,178.0,0.5
1.0,179.0,0.5
1.0,180.0,0.5
1.0,181.0,0.5
1.0,182.0,0.5
1.0,183.0,0.5
1.0,184.0,0.5
1.0,185.0,0.5
1.0,186.0,0.5
1.0,187.0,0.5
1.0,188.0,0.5
1.0,189.0,0.5
1.0,190.0,0.5
1.0,191.0,0.5
1.0,192.0,0.5
1.0,193.0,0.5
1.0,194.0,0.5
1.0,195.0,0.5
1.0,196.0,0.5
1.0,197.0,0.5
1.0,198.0,0.5
1.0,199.0,0.5
1.0,200.0,0.5
1.0,201.0,0.5
1.0,202.0,0.5
1.0,203.0,0.5
1.0,204.0,0.5
1.0,205.0,0.5
1.0,206.0,0.5
1.0,207.0,0.5
1.0,208.0,0.5
1.0,209.0,0.5
1.0,210.0,0.5
1.0,211.0,0.5
1.0,212.0,0.5
1.0,213.0,0.5
1.0,214.0,0.5
1.0,215.0,0.5
1.0,216.0,0.5
1.0,217.0,0.5
1.0,218.0,0.5
1.0,219.0,0.5
1.0,220.0,0.5
1.0,221.0,0.5
1.0,222.0,0.5
1.0,223.0,0.5
1.0,224.0,0.5
1.0,225.0,0.5
1.0,226.0,0.5
1.0,227.0,0.5
1.0,228.0,0.5
1.0,229.0,0.5
1.0,230.0,0.5
1.0,231.0,0.5
1.0,232.0,0.5
1.0,233.0,0.5
1.0,234.0,0.5
1.0,235.0,0.5
1.0,236.0,0.5
1.0,237.0,0.5
1.0,238.0,0.5
1.0,239.0,0.5
1.0,240.0,0.5
1.0,241.0,0.5
1.0,242.0,0.5
1.0,243.0,0.5
1.0,244.0,0.5
1.0,245.0,0.5
1.0,246.0,0.5
1.0,247.0,0.5
1.0,248.0,0.5
1.0,249.0,0.5
1.0,250.0,0.5
1.0,251.0,0.5
1.0,252.0,0.5
1.0,253.0,0.5
1.0,254.0,0.5
1.0,255.0,0.5
1.0,256.0,0.5
1.0,257.0,0.5
1.0,258.0,0.5
1.0,259.0,0.5
1.0,260.0,0.5
1.0,261.0,0.5
1.0,262.0,0.5
1.0,263.0,0.5
1.0,264.0,0.5
1.0,265.0,0.5
1.0,266.0,0.5
1.0,267.0,0.5
1.0,268.0,0.5
1.0,269.0,0.5
1.0,270.0,0.5
1.0,271.0,0.5
1.0,272.0,0.5
1.0,273.0,0.5
1.0,274.0,0.5
1.0,275.0,0.5
1.0,276.0,0.5
1.0,277.0,0.5
1.0,278.0,0.5
1.0,279.0,0.5
1.0,280.0,0.5
1.0,281.0,0.5
1.0,282.0,0.5
1.0,283.0,0.5
1.0,284.0,0.5
1.0,285.0,0.5
1.0,286.0,0.5
1.0,287.0,0.5
1.0,288.0,0.5
1.0,289.0,0.5
1.0,290.0,0.5
1.0,291.0,0.5
1.0,292.0,0.5
1.0,293.0,0.5
1.0,294.0,0.5
1.0,295.0,0.5
1.0,296.0,0.5
1.0,297.0,0.5
1.0,298.0,0.5
1.0,299.0,0.5
1.0,300.0,0.5
1.0,301.0,0.5
1.0,302.0,0.5
1.0,303.0,0.5
1.0,304.0,0.5
1.0,305.0,0.5
1.0,306.0,0.5
1.0,307.0,0.5
1.0,308.0,0.5
1.0,309.0,0.5
1.0,310.0,0.5
1.0,311.0,0.5
1.0,312.0,0.5
1.0,313.0,0.5
1.0,314.0,0.5
1.0,315.0,0.5
1.0,316.0,0.5
1.0,317.0,0.5
1.0,318.0,0.5
1.0,319.0,0.5
1.0,320.0,0.5
1.0,321.0,0.5
1.0,322.0,0.5
1.0,323.0,0.5
1.0,324.0,0.5
1.0,325.0,0.5
1.0,326.0,0.5
1.0,327.0,0.5
1.0,328.0,0.5
1.0,329.0,0.5
1.0,330.0,0.5
1.0,331.0,0.5
1.0,332.0,0.5
1.0,333.0,0.5
1.0,334.0,0.5
2500.0,0.0,0.667974
2500.0,1.0,1.0
2500.0,2.0,0.599041
2500.0,3.0,0.989832
2500.0,4.0,1.0
2500.0,5.0,0.315674
2500.0,6.0,0.317669
2500.0,7.0,0.081024
2500.0,8.0,0.345638
2500.0,9.0,0.243147
2500.0,10.0,0.587414
2500.0,11.0,0.679843
2500.0,12.0,0.392173
2500.0,13.0,0.944594
2500.0,14.0,0.509601
2500.0,15.0,0.602485
2500.0,16.0,0.732781
2500.0,17.0,0.623405
2500.0,18.0,0.812289
2500.0,19.0,0.735967
2500.0,20.0,0.554684
2500.0,21.0,0.391008
2500.0,22.0,0.782384
2500.0,23.0,1.0
2500.0,24.0,0.126182
2500.0,25.0,1.0
2500.0,26.0,0.97737
2500.0,27.0,0.42962
2500.0,28.0,0.31683
2500.0,29.0,0.808532
2500.0,30.0,0.044192
2500.0,31.0,0.580431
2500.0,32.0,0.574955
2500.0,33.0,0.973124
2500.0,34.0,0.750073
2500.0,35.0,0.58613
2500.0,36.0,0.308541
2500.0,37.0,0.210909
2500.0,38.0,0.005662
2500.0,39.0,1.0
2500.0,40.0,0.935872
2500.0,41.0,0.146432
2500.0,42.0,0.341404
2500.0,43.0,0.035464
2500.0,44.0,0.471614
2500.0,45.0,0.968464
2500.0,46.0,0.073006
2500.0,47.0,0.971013
2500.0,48.0,0.781815
2500.0,49.0,0.123603
2500.0,50.0,0.598342
2500.0,51.0,0.784943
2500.0,52.0,0.493345
2500.0,53.0,0.466368
2500.0,54.0,0.0
2500.0,55.0,0.26492
2500.0,56.0,1.0
2500.0,57.0,0.574118
2500.0,58.0,0.46093
2500.0,59.0,0.006559
2500.0,60.0,0.011631
2500.0,61.0,1.0
2500.0,62.0,0.899511
2500.0,63.0,0.555607
2500.0,64.0,0.0018
2500.0,65.0,0.254035
2500.0,66.0,0.807275
2500.0,67.0,0.0
2500.0,68.0,0.64024
2500.0,69.0,0.602606
2500.0,70.0,0.111187
2500.0,71.0,1.0
2500.0,72.0,0.99703
2500.0,73.0,0.186676
2500.0,74.0,0.378406
2500.0,75.0,0.253992
2500.0,76.0,0.080342
2500.0,77.0,0.518012
2500.0,78.0,0.714999
2500.0,79.0,0.485464
2500.0,80.0,1.0
2500.0,81.0,0.789187
2500.0,82.0,0.226477
2500.0,83.0,0.915955
2500.0,84.0,0.420398
2500.0,85.0,0.144499
2500.0,86.0,0.000129
2500.0,87.0,0.318982
2500.0,88.0,0.548187
2500.0,89.0,0.74127
2500.0,90.0,0.870838
2500.0,91.0,0.267266
2500.0,92.0,0.106506
2500.0,93.0,0.475592
2500.0,94.0,0.883043
2500.0,95.0,0.878827
2500.0,96.0,0.023606
2500.0,97.0,0.214031
2500.0,98.0,0.700011
2500.0,99.0,0.185305
2500.0,100.0,0.953382
2500.0,101.0,0.0
2500.0,102.0,1.0
2500.0,103.0,0.727362
2500.0,104.0,0.518494
2500.0,105.0,0.488696
2500.0,106.0,1.0
2500.0,107.0,0.959038
2500.0,108.0,0.334718
2500.0,109.0,0.889207
2500.0,110.0,0.690637
2500.0,111.0,0.983128
2500.0,112.0,0.395969
2500.0,113.0,0.979518
2500.0,114.0,0.058957
2500.0,115.0,0.451722
2500.0,116.0,0.617883
2500.0,117.0,0.05256
2500.0,118.0,1.0
2500.0,119.0,0.613949
2500.0,120.0,0.0
2500.0,121.0,0.447056
2500.0,122.0,0.298096
2500.0,123.0,0.136239
2500.0,124.0,0.257679
2500.0,125.0,0.781734
2500.0,126.0,0.702992
2500.0,127.0,0.957325
2500.0,128.0,0.469123
2500.0,129.0,0.477419
2500.0,130.0,0.554481
2500.0,131.0,0.496507
2500.0,132.0,0.599962
2500.0,133.0,0.6074
2500.0,134.0,0.488155
2500.0,135.0,0.001767
2500.0,136.0,0.052115
2500.0,137.0,0.315592
2500.0,138.0,0.549103
2500.0,139.0,0.512425
2500.0,140.0,0.892451
2500.0,141.0,0.665615
2500.0,142.0,0.68656
2500.0,143.0,0.414971
2500.0,144.0,1.0
2500.0,145.0,0.356786
2500.0,146.0,0.165159
2500.0,147.0,0.037292
2500.0,148.0,0.710582
2500.0,149.0,0.0
2500.0,150.0,0.66015
2500.0,151.0,0.775926
2500.0,152.0,0.272492
2500.0,153.0,0.777925
2500.0,154.0,0.570279
2500.0,155.0,0.221001
2500.0,156.0,0.745646
2500.0,157.0,0.796699
2500.0,158.0,0.436852
2500.0,159.0,0.896966
2500.0,160.0,0.0
2500.0,161.0,0.957688
2500.0,162.0,0.999885
2500.0,163.0,0.809665
2500.0,164.0,0.229643
2500.0,165.0,0.0
2500.0,166.0,0.002331
2500.0,167.0,0.002105
2500.0,168.0,1.0
2500.0,169.0,0.358812
2500.0,170.0,1.0
2500.0,171.0,0.999564
2500.0,172.0,0.409474
2500.0,173.0,0.485684
2500.0,174.0,0.435584
2500.0,175.0,0.494418
2500.0,176.0,0.399832
2500.0,177.0,0.481294
2500.0,178.0,0.595491
2500.0,179.0,0.426607
2500.0,180.0,0.71612
2500.0,181.0,0.408751
2500.0,182.0,0.311091
2500.0,183.0,0.027877
2500.0,184.0,0.548408
2500.0,185.0,0.745368
2500.0,186.0,0.645105
2500.0,187.0,0.000416
2500.0,188.0,0.765331
2500.0,189.0,0.379308
2500.0,190.0,0.326076
2500.0,191.0,0.0
2500.0,192.0,0.44588
2500.0,193.0,0.248488
2500.0,194.0,0.215806
2500.0,195.0,0.188252
2500.0,196.0,0.911795
2500.0,197.0,0.072433
2500.0,198.0,0.995296
2500.0,199.0,0.168055
2500.0,200.0,0.397647
2500.0,201.0,0.528362
2500.0,202.0,0.510526
2500.0,203.0,0.7438
2500.0,204.0,0.569832
2500.0,205.0,0.595388
2500.0,206.0,0.338577
2500.0,207.0,0.893896
2500.0,208.0,0.769643
2500.0,209.0,0.582136
2500.0,210.0,0.545027
2500.0,211.0,0.534135
2500.0,212.0,0.445803
2500.0,213.0,0.122217
2500.0,214.0,0.324314
2500.0,215.0,0.518691
2500.0,216.0,0.352683
2500.0,217.0,0.428604
2500.0,218.0,0.538828
2500.0,219.0,0.498502
2500.0,220.0,0.692042
2500.0,221.0,0.89588
2500.0,222.0,0.355337
2500.0,223.0,0.466277
2500.0,224.0,0.843946
2500.0,225.0,0.533852
2500.0,226.0,0.494158
2500.0,227.0,0.539107
2500.0,228.0,0.068111
2500.0,229.0,0.56653
2500.0,230.0,0.626331
2500.0,231.0,0.339305
2500.0,232.0,0.717078
2500.0,233.0,0.473844
2500.0,234.0,0.175919
2500.0,235.0,0.068148
2500.0,236.0,1.0
2500.0,237.0,1.0
2500.0,238.0,0.0
2500.0,239.0,0.910399
2500.0,240.0,0.0
2500.0,241.0,0.997656
2500.0,242.0,0.99666
2500.0,243.0,0.509345
2500.0,244.0,0.0
2500.0,245.0,0.532849
2500.0,246.0,0.435291
2500.0,247.0,0.564728
2500.0,248.0,0.544472
2500.0,249.0,0.019994
2500.0,250.0,0.60216
2500.0,251.0,0.566728
2500.0,252.0,1.0
2500.0,253.0,0.667499
2500.0,254.0,0.0
2500.0,255.0,0.59212
2500.0,256.0,0.003551
2500.0,257.0,0.010271
2500.0,258.0,0.731634
2500.0,259.0,0.666678
2500.0,260.0,0.999821
2500.0,261.0,0.268896
2500.0,262.0,0.384469
2500.0,263.0,1.0
2500.0,264.0,0.704861
2500.0,265.0,0.585443
2500.0,266.0,0.344723
2500.0,267.0,0.185946
2500.0,268.0,0.729085
2500.0,269.0,0.116249
2500.0,270.0,0.887278
2500.0,271.0,0.553014
2500.0,272.0,0.327998
2500.0,273.0,0.439422
2500.0,274.0,0.008578
2500.0,275.0,0.624889
2500.0,276.0,1.0
2500.0,277.0,0.16534
2500.0,278.0,0.0
2500.0,279.0,0.530372
2500.0,280.0,0.034976
2500.0,281.0,0.58972
2500.0,282.0,0.579268
2500.0,283.0,0.573508
2500.0,284.0,0.839491
2500.0,285.0,0.420396
2500.0,286.0,0.472083
2500.0,287.0,0.295211
2500.0,288.0,0.270993
2500.0,289.0,0.003776
2500.0,290.0,0.195219
2500.0,291.0,0.173105
2500.0,292.0,0.224672
2500.0,293.0,0.134811
2500.0,294.0,0.967494
2500.0,295.0,0.271078
2500.0,296.0,0.952501
2500.0,297.0,0.299992
2500.0,298.0,0.380571
2500.0,299.0,0.347051
2500.0,300.0,0.369028
2500.0,301.0,0.20507
2500.0,302.0,0.35345
2500.0,303.0,0.296921
2500.0,304.0,0.0
2500.0,305.0,0.86887
2500.0,306.0,0.457545
2500.0,307.0,0.309213
2500.0,308.0,0.0
2500.0,309.0,0.81938
2500.0,310.0,0.714903
2500.0,311.0,0.377354
2500.0,312.0,1.0
2500.0,313.0,1.0
2500.0,314.0,0.858289
2500.0,315.0,0.660178
2500.0,316.0,0.455442
2500.0,317.0,0.047312
2500.0,318.0,0.915653
2500.0,319.0,0.034475
2500.0,320.0,0.573166
2500.0,321.0,0.608994
2500.0,322.0,0.790489
2500.0,323.0,0.290364
2500.0,324.0,0.273181
2500.0,325.0,0.764033
2500.0,326.0,0.251775
2500.0,327.0,0.512847
2500.0,328.0,0.20243
2500.0,329.0,0.0
2500.0,330.0,0.169676
2500.0,331.0,0.357873
2500.0,332.0,0.97411
2500.0,333.0,0.434954
2500.0,334.0,0.364334
2501.0,0.0,0.678665
2501.0,1.0,1.0
2501.0,2.0,0.607718
2501.0,3.0,0.989942
2501.0,4.0,1.0
2501.0,5.0,0.318625
2501.0,6.0,0.322409
2501.0,7.0,0.081753
2501.0,8.0,0.351873
2501.0,9.0,0.245351
2501.0,10.0,0.594293
2501.0,11.0,0.683525
2501.0,12.0,0.423751
2501.0,13.0,0.945569
2501.0,14.0,0.512828
2501.0,15.0,0.609824
2501.0,16.0,0.737093
2501.0,17.0,0.626932
2501.0,18.0,0.813557
2501.0,19.0,0.741195
2501.0,20.0,0.557268
2501.0,21.0,0.3983
2501.0,22.0,0.782483
2501.0,23.0,1.0
2501.0,24.0,0.127681
2501.0,25.0,1.0
2501.0,26.0,0.977474
2501.0,27.0,0.429351
2501.0,28.0,0.319534
2501.0,29.0,0.810358
2501.0,30.0,0.044168
2501.0,31.0,0.584249
2501.0,32.0,0.578066
2501.0,33.0,0.973387
2501.0,34.0,0.754099
2501.0,35.0,0.586625
2501.0,36.0,0.317365
2501.0,37.0,0.214655
2501.0,38.0,0.005654
2501.0,39.0,1.0
2501.0,40.0,0.938547
2501.0,41.0,0.147176
2501.0,42.0,0.34439
2501.0,43.0,0.035681
2501.0,44.0,0.471919
2501.0,45.0,0.968858
2501.0,46.0,0.073439
2501.0,47.0,0.971144
2501.0,48.0,0.781497
2501.0,49.0,0.124094
2501.0,50.0,0.612671
2501.0,51.0,0.785304
2501.0,52.0,0.503984
2501.0,53.0,0.467882
2501.0,54.0,0.0
2501.0,55.0,0.266307
2501.0,56.0,1.0
2501.0,57.0,0.576161
2501.0,58.0,0.461023
2501.0,59.0,0.006844
2501.0,60.0,0.011851
2501.0,61.0,1.0
2501.0,62.0,0.899793
2501.0,63.0,0.564439
2501.0,64.0,0.001812
2501.0,65.0,0.254541
2501.0,66.0,0.809591
2501.0,67.0,0.0
2501.0,68.0,0.64334
2501.0,69.0,0.612486
2501.0,70.0,0.113185
2501.0,71.0,1.0
2501.0,72.0,0.997129
2501.0,73.0,0.191053
2501.0,74.0,0.385724
2501.0,75.0,0.255046
2501.0,76.0,0.082658
2501.0,77.0,0.519323
2501.0,78.0,0.715249
2501.0,79.0,0.487248
2501.0,80.0,1.0
2501.0,81.0,0.790981
2501.0,82.0,0.249003
2501.0,83.0,0.91575
2501.0,84.0,0.422782
2501.0,85.0,0.145588
2501.0,86.0,0.000123
2501.0,87.0,0.319818
2501.0,88.0,0.548428
2501.0,89.0,0.744251
2501.0,90.0,0.873017
2501.0,91.0,0.268535
2501.0,92.0,0.107417
2501.0,93.0,0.481683
2501.0,94.0,0.884062
2501.0,95.0,0.881268
2501.0,96.0,0.024004
2501.0,97.0,0.222029
2501.0,98.0,0.729451
2501.0,99.0,0.188862
2501.0,100.0,0.954138
2501.0,101.0,0.0
2501.0,102.0,1.0
2501.0,103.0,0.729883
2501.0,104.0,0.520676
2501.0,105.0,0.492589
2501.0,106.0,1.0
2501.0,107.0,0.959663
2501.0,108.0,0.336094
2501.0,109.0,0.890519
2501.0,110.0,0.695077
2501.0,111.0,0.983465
2501.0,112.0,0.397597
2501.0,113.0,0.979904
2501.0,114.0,0.065161
2501.0,115.0,0.463364
2501.0,116.0,0.62115
2501.0,117.0,0.053269
2501.0,118.0,1.0
2501.0,119.0,0.615687
2501.0,120.0,0.0
2501.0,121.0,0.452519
2501.0,122.0,0.302971
2501.0,123.0,0.136593
2501.0,124.0,0.259401
2501.0,125.0,0.784651
2501.0,126.0,0.705106
2501.0,127.0,0.964088
2501.0,128.0,0.47254
2501.0,129.0,0.478011
2501.0,130.0,0.559231
2501.0,131.0,0.509892
2501.0,132.0,0.609312
2501.0,133.0,0.609788
2501.0,134.0,0.494184
2501.0,135.0,0.001798
2501.0,136.0,0.052173
2501.0,137.0,0.319253
2501.0,138.0,0.549283
2501.0,139.0,0.514228
2501.0,140.0,0.892317
2501.0,141.0,0.665948
2501.0,142.0,0.68668
2501.0,143.0,0.415503
2501.0,144.0,1.0
2501.0,145.0,0.360648
2501.0,146.0,0.167283
2501.0,147.0,0.03766
2501.0,148.0,0.711741
2501.0,149.0,0.0
2501.0,150.0,0.663169
2501.0,151.0,0.783377
2501.0,152.0,0.284096
2501.0,153.0,0.783228
2501.0,154.0,0.574143
2501.0,155.0,0.222796
2501.0,156.0,0.750187
2501.0,157.0,0.797812
2501.0,158.0,0.445935
2501.0,159.0,0.89799
2501.0,160.0,0.0
2501.0,161.0,0.958757
2501.0,162.0,0.999884
2501.0,163.0,0.817814
2501.0,164.0,0.242863
2501.0,165.0,0.0
2501.0,166.0,0.002319
2501.0,167.0,0.002244
2501.0,168.0,1.0
2501.0,169.0,0.362182
2501.0,170.0,1.0
2501.0,171.0,0.999546
2501.0,172.0,0.415025
2501.0,173.0,0.494384
2501.0,174.0,0.439347
2501.0,175.0,0.498509
2501.0,176.0,0.414367
2501.0,177.0,0.486188
2501.0,178.0,0.604864
2501.0,179.0,0.431053
2501.0,180.0,0.721062
2501.0,181.0,0.413982
2501.0,182.0,0.312267
2501.0,183.0,0.028661
2501.0,184.0,0.55341
2501.0,185.0,0.746697
2501.0,186.0,0.649974
2501.0,187.0,0.000438
2501.0,188.0,0.766867
2501.0,189.0,0.379372
2501.0,190.0,0.328176
2501.0,191.0,0.0
2501.0,192.0,0.455793
2501.0,193.0,0.250979
2501.0,194.0,0.218713
2501.0,195.0,0.19113
2501.0,196.0,0.911774
2501.0,197.0,0.072738
2501.0,198.0,0.995312
2501.0,199.0,0.172266
2501.0,200.0,0.39993
2501.0,201.0,0.533437
2501.0,202.0,0.514676
2501.0,203.0,0.745879
2501.0,204.0,0.571248
2501.0,205.0,0.604626
2501.0,206.0,0.341703
2501.0,207.0,0.895375
2501.0,208.0,0.771392
2501.0,209.0,0.600081
2501.0,210.0,0.547686
2501.0,211.0,0.544534
2501.0,212.0,0.448677
2501.0,213.0,0.125847
2501.0,214.0,0.32536
2501.0,215.0,0.51813
2501.0,216.0,0.360138
2501.0,217.0,0.432999
2501.0,218.0,0.540284
2501.0,219.0,0.499874
2501.0,220.0,0.699322
2501.0,221.0,0.896762
2501.0,222.0,0.358926
2501.0,223.0,0.466941
2501.0,224.0,0.84399
2501.0,225.0,0.535934
2501.0,226.0,0.50062
2501.0,227.0,0.540519
2501.0,228.0,0.069079
2501.0,229.0,0.567016
2501.0,230.0,0.627783
2501.0,231.0,0.34003
2501.0,232.0,0.718326
2501.0,233.0,0.487899
2501.0,234.0,0.177845
2501.0,235.0,0.069207
2501.0,236.0,1.0
2501.0,237.0,1.0
2501.0,238.0,0.0
2501.0,239.0,0.915951
2501.0,240.0,0.0
2501.0,241.0,0.997684
2501.0,242.0,0.996716
2501.0,243.0,0.518556
2501.0,244.0,0.0
2501.0,245.0,0.537057
2501.0,246.0,0.444548
2501.0,247.0,0.567452
2501.0,248.0,0.545888
2501.0,249.0,0.020129
2501.0,250.0,0.603269
2501.0,251.0,0.567502
2501.0,252.0,1.0
2501.0,253.0,0.669782
2501.0,254.0,0.0
2501.0,255.0,0.593176
2501.0,256.0,0.003528
2501.0,257.0,0.010641
2501.0,258.0,0.736359
2501.0,259.0,0.668825
2501.0,260.0,0.999815
2501.0,261.0,0.276387
2501.0,262.0,0.385773
2501.0,263.0,1.0
2501.0,264.0,0.712359
2501.0,265.0,0.586889
2501.0,266.0,0.345626
2501.0,267.0,0.192693
2501.0,268.0,0.734124
2501.0,269.0,0.117446
2501.0,270.0,0.887785
2501.0,271.0,0.556953
2501.0,272.0,0.331349
2501.0,273.0,0.442294
2501.0,274.0,0.008907
2501.0,275.0,0.629081
2501.0,276.0,1.0
2501.0,277.0,0.166804
2501.0,278.0,0.0
2501.0,279.0,0.530888
2501.0,280.0,0.03582
2501.0,281.0,0.590964
2501.0,282.0,0.580609
2501.0,283.0,0.574349
2501.0,284.0,0.839856
2501.0,285.0,0.423292
2501.0,286.0,0.47517
2501.0,287.0,0.300459
2501.0,288.0,0.274383
2501.0,289.0,0.003776
2501.0,290.0,0.196331
2501.0,291.0,0.176268
2501.0,292.0,0.228044
2501.0,293.0,0.136382
2501.0,294.0,0.96801
2501.0,295.0,0.274234
2501.0,296.0,0.952928
2501.0,297.0,0.30442
2501.0,298.0,0.396091
2501.0,299.0,0.353156
2501.0,300.0,0.379285
2501.0,301.0,0.20557
2501.0,302.0,0.352096
2501.0,303.0,0.300805
2501.0,304.0,0.0
2501.0,305.0,0.869848
2501.0,306.0,0.467862
2501.0,307.0,0.312648
2501.0,308.0,0.0
2501.0,309.0,0.819916
2501.0,310.0,0.715331
2501.0,311.0,0.38002
2501.0,312.0,1.0
2501.0,313.0,1.0
2501.0,314.0,0.858488
2501.0,315.0,0.665841
2501.0,316.0,0.459085
2501.0,317.0,0.047834
2501.0,318.0,0.916296
2501.0,319.0,0.03782
2501.0,320.0,0.576257
2501.0,321.0,0.618712
2501.0,322.0,0.790189
2501.0,323.0,0.297124
2501.0,324.0,0.288404
2501.0,325.0,0.764721
2501.0,326.0,0.253203
2501.0,327.0,0.541838
2501.0,328.0,0.205245
2501.0,329.0,0.0
2501.0,330.0,0.1704
2501.0,331.0,0.359555
2501.0,332.0,0.974317
2501.0,333.0,0.436963
2501.0,334.0,0.368361
2502.0,0.0,0.688855
2502.0,1.0,1.0
2502.0,2.0,0.615541
2502.0,3.0,0.990086
2502.0,4.0,1.0
2502.0,5.0,0.321244
2502.0,6.0,0.327451
2502.0,7.0,0.081776
2502.0,8.0,0.359429
2502.0,9.0,0.247863
2502.0,10.0,0.60062
2502.0,11.0,0.686465
2502.0,12.0,0.454977
2502.0,13.0,0.946604
2502.0,14.0,0.51658
2502.0,15.0,0.61703
2502.0,16.0,0.740057
2502.0,17.0,0.630319
2502.0,18.0,0.814747
2502.0,19.0,0.745555
2502.0,20.0,0.560251
2502.0,21.0,0.405161
2502.0,22.0,0.782611
2502.0,23.0,1.0
2502.0,24.0,0.129767
2502.0,25.0,1.0
2502.0,26.0,0.977564
2502.0,27.0,0.429286
2502.0,28.0,0.321858
2502.0,29.0,0.811377
2502.0,30.0,0.044199
2502.0,31.0,0.588022
2502.0,32.0,0.579791
2502.0,33.0,0.973574
2502.0,34.0,0.757471
2502.0,35.0,0.586913
2502.0,36.0,0.325265
2502.0,37.0,0.219141
2502.0,38.0,0.005681
2502.0,39.0,1.0
2502.0,40.0,0.94087
2502.0,41.0,0.148116
2502.0,42.0,0.346968
2502.0,43.0,0.035814
2502.0,44.0,0.472762
2502.0,45.0,0.969262
2502.0,46.0,0.073878
2502.0,47.0,0.971375
2502.0,48.0,0.782602
2502.0,49.0,0.124757
2502.0,50.0,0.627548
2502.0,51.0,0.785
2502.0,52.0,0.514373
2502.0,53.0,0.468466
2502.0,54.0,0.0
2502.0,55.0,0.268526
2502.0,56.0,1.0
2502.0,57.0,0.578759
2502.0,58.0,0.460433
2502.0,59.0,0.007304
2502.0,60.0,0.011787
2502.0,61.0,1.0
2502.0,62.0,0.899572
2502.0,63.0,0.573999
2502.0,64.0,0.001829
2502.0,65.0,0.256406
2502.0,66.0,0.812045
2502.0,67.0,0.0
2502.0,68.0,0.646284
2502.0,69.0,0.622064
2502.0,70.0,0.11514
2502.0,71.0,1.0
2502.0,72.0,0.997197
2502.0,73.0,0.194975
2502.0,74.0,0.392798
2502.0,75.0,0.255637
2502.0,76.0,0.085791
2502.0,77.0,0.521364
2502.0,78.0,0.715546
2502.0,79.0,0.48911
2502.0,80.0,1.0
2502.0,81.0,0.792391
2502.0,82.0,0.271112
2502.0,83.0,0.915994
2502.0,84.0,0.425515
2502.0,85.0,0.146506
2502.0,86.0,0.000144
2502.0,87.0,0.320574
2502.0,88.0,0.548789
2502.0,89.0,0.746954
2502.0,90.0,0.875401
2502.0,91.0,0.269521
2502.0,92.0,0.107559
2502.0,93.0,0.487675
2502.0,94.0,0.884522
2502.0,95.0,0.884104
2502.0,96.0,0.024256
2502.0,97.0,0.229207
2502.0,98.0,0.757098
2502.0,99.0,0.192652
2502.0,100.0,0.955105
2502.0,101.0,0.0
2502.0,102.0,1.0
2502.0,103.0,0.732385
2502.0,104.0,0.522535
2502.0,105.0,0.495576
2502.0,106.0,1.0
2502.0,107.0,0.960177
2502.0,108.0,0.337062
2502.0,109.0,0.891864
2502.0,110.0,0.698831
2502.0,111.0,0.983835
2502.0,112.0,0.399634
2502.0,113.0,0.980143
2502.0,114.0,0.071647
2502.0,115.0,0.474227
2502.0,116.0,0.625046
2502.0,117.0,0.053805
2502.0,118.0,1.0
2502.0,119.0,0.617564
2502.0,120.0,0.0
2502.0,121.0,0.458569
2502.0,122.0,0.306856
2502.0,123.0,0.136928
2502.0,124.0,0.260503
2502.0,125.0,0.787527
2502.0,126.0,0.707464
2502.0,127.0,0.970022
2502.0,128.0,0.477176
2502.0,129.0,0.479472
2502.0,130.0,0.564611
2502.0,131.0,0.522866
2502.0,132.0,0.61933
2502.0,133.0,0.610888
2502.0,134.0,0.50012
2502.0,135.0,0.001844
2502.0,136.0,0.052191
2502.0,137.0,0.32203
2502.0,138.0,0.549259
2502.0,139.0,0.517069
2502.0,140.0,0.892617
2502.0,141.0,0.667149
2502.0,142.0,0.686737
2502.0,143.0,0.417322
2502.0,144.0,1.0
2502.0,145.0,0.364516
2502.0,146.0,0.169405
2502.0,147.0,0.037675
2502.0,148.0,0.712897
2502.0,149.0,0.0
2502.0,150.0,0.667487
2502.0,151.0,0.790983
2502.0,152.0,0.294729
2502.0,153.0,0.788451
2502.0,154.0,0.577023
2502.0,155.0,0.224593
2502.0,156.0,0.753782
2502.0,157.0,0.798848
2502.0,158.0,0.454228
2502.0,159.0,0.89826
2502.0,160.0,0.0
2502.0,161.0,0.959709
2502.0,162.0,0.999902
2502.0,163.0,0.826027
2502.0,164.0,0.255162
2502.0,165.0,0.0
2502.0,166.0,0.002291
2502.0,167.0,0.002261
2502.0,168.0,1.0
2502.0,169.0,0.364749
2502.0,170.0,1.0
2502.0,171.0,0.999563
2502.0,172.0,0.42011
2502.0,173.0,0.503546
2502.0,174.0,0.442275
2502.0,175.0,0.503159
2502.0,176.0,0.429741
2502.0,177.0,0.491106
2502.0,178.0,0.612843
2502.0,179.0,0.434783
2502.0,180.0,0.7248
2502.0,181.0,0.419337
2502.0,182.0,0.313466
2502.0,183.0,0.029496
2502.0,184.0,0.55724
2502.0,185.0,0.748849
2502.0,186.0,0.656211
2502.0,187.0,0.000434
2502.0,188.0,0.768153
2502.0,189.0,0.380544
2502.0,190.0,0.331189
2502.0,191.0,0.0
2502.0,192.0,0.466007
2502.0,193.0,0.253379
2502.0,194.0,0.219733
2502.0,195.0,0.194071
2502.0,196.0,0.911905
2502.0,197.0,0.073098
2502.0,198.0,0.995343
2502.0,199.0,0.175591
2502.0,200.0,0.402294
2502.0,201.0,0.538988
2502.0,202.0,0.518173
2502.0,203.0,0.748872
2502.0,204.0,0.573715
2502.0,205.0,0.613563
2502.0,206.0,0.345093
2502.0,207.0,0.895939
2502.0,208.0,0.774167
2502.0,209.0,0.616732
2502.0,210.0,0.550662
2502.0,211.0,0.554167
2502.0,212.0,0.451915
2502.0,213.0,0.129068
2502.0,214.0,0.326974
2502.0,215.0,0.518125
2502.0,216.0,0.367036
2502.0,217.0,0.437255
2502.0,218.0,0.542417
2502.0,219.0,0.501137
2502.0,220.0,0.706102
2502.0,221.0,0.897706
2502.0,222.0,0.362536
2502.0,223.0,0.467957
2502.0,224.0,0.844661
2502.0,225.0,0.537343
2502.0,226.0,0.50726
2502.0,227.0,0.541361
2502.0,228.0,0.070026
2502.0,229.0,0.567957
2502.0,230.0,0.628411
2502.0,231.0,0.341078
2502.0,232.0,0.719431
2502.0,233.0,0.501505
2502.0,234.0,0.179119
2502.0,235.0,0.070013
2502.0,236.0,1.0
2502.0,237.0,1.0
2502.0,238.0,0.0
2502.0,239.0,0.920996
2502.0,240.0,0.0
2502.0,241.0,0.997859
2502.0,242.0,0.996783
2502.0,243.0,0.527196
2502.0,244.0,0.0
2502.0,245.0,0.540375
2502.0,246.0,0.452907
2502.0,247.0,0.569931
2502.0,248.0,0.546573
2502.0,249.0,0.020323
2502.0,250.0,0.604844
2502.0,251.0,0.568204
2502.0,252.0,1.0
2502.0,253.0,0.671286
2502.0,254.0,0.0
2502.0,255.0,0.594756
2502.0,256.0,0.003612
2502.0,257.0,0.010606
2502.0,258.0,0.741077
2502.0,259.0,0.669936
2502.0,260.0,0.999811
2502.0,261.0,0.284094
2502.0,262.0,0.387005
2502.0,263.0,1.0
2502.0,264.0,0.719452
2502.0,265.0,0.587269
2502.0,266.0,0.346823
2502.0,267.0,0.19932
2502.0,268.0,0.738192
2502.0,269.0,0.117835
2502.0,270.0,0.888606
2502.0,271.0,0.560675
2502.0,272.0,0.333121
2502.0,273.0,0.44471
2502.0,274.0,0.009463
2502.0,275.0,0.633975
2502.0,276.0,1.0
2502.0,277.0,0.16729
2502.0,278.0,0.0
2502.0,279.0,0.531358
2502.0,280.0,0.0367
2502.0,281.0,0.59285
2502.0,282.0,0.582141
2502.0,283.0,0.575359
2502.0,284.0,0.840555
2502.0,285.0,0.42713
2502.0,286.0,0.4776
2502.0,287.0,0.306631
2502.0,288.0,0.277063
2502.0,289.0,0.0039
2502.0,290.0,0.197361
2502.0,291.0,0.178522
2502.0,292.0,0.231891
2502.0,293.0,0.138333
2502.0,294.0,0.968796
2502.0,295.0,0.277455
2502.0,296.0,0.953399
2502.0,297.0,0.307937
2502.0,298.0,0.412181
2502.0,299.0,0.359699
2502.0,300.0,0.389467
2502.0,301.0,0.206006
2502.0,302.0,0.350879
2502.0,303.0,0.304666
2502.0,304.0,0.0
2502.0,305.0,0.870891
2502.0,306.0,0.477792
2502.0,307.0,0.317068
2502.0,308.0,0.0
2502.0,309.0,0.819819
2502.0,310.0,0.715885
2502.0,311.0,0.382139
2502.0,312.0,1.0
2502.0,313.0,1.0
2502.0,314.0,0.85823
2502.0,315.0,0.671346
2502.0,316.0,0.461884
2502.0,317.0,0.048367
2502.0,318.0,0.917046
2502.0,319.0,0.041181
2502.0,320.0,0.57926
2502.0,321.0,0.628244
2502.0,322.0,0.790671
2502.0,323.0,0.304134
2502.0,324.0,0.303163
2502.0,325.0,0.764796
2502.0,326.0,0.254911
2502.0,327.0,0.570669
2502.0,328.0,0.208108
2502.0,329.0,0.0
2502.0,330.0,0.171795
2502.0,331.0,0.360969
2502.0,332.0,0.974533
2502.0,333.0,0.438457
2502.0,334.0,0.372713
2503.0,0.0,0.698266
2503.0,1.0,1.0
2503.0,2.0,0.623428
2503.0,3.0,0.9901
2503.0,4.0,1.0
2503.0,5.0,0.324527
2503.0,6.0,0.333043
2503.0,7.0,0.082129
2503.0,8.0,0.366142
2503.0,9.0,0.249928
2503.0,10.0,0.606625
2503.0,11.0,0.689813
2503.0,12.0,0.484306
2503.0,13.0,0.94753
2503.0,14.0,0.520214
2503.0,15.0,0.624096
2503.0,16.0,0.742993
2503.0,17.0,0.633363
2503.0,18.0,0.816094
2503.0,19.0,0.74968
2503.0,20.0,0.561933
2503.0,21.0,0.412351
2503.0,22.0,0.782879
2503.0,23.0,1.0
2503.0,24.0,0.13241
2503.0,25.0,1.0
2503.0,26.0,0.977634
2503.0,27.0,0.429862
2503.0,28.0,0.323951
2503.0,29.0,0.812257
2503.0,30.0,0.044633
2503.0,31.0,0.591866
2503.0,32.0,0.581228
2503.0,33.0,0.974002
2503.0,34.0,0.761789
2503.0,35.0,0.587286
2503.0,36.0,0.333207
2503.0,37.0,0.223741
2503.0,38.0,0.00579
2503.0,39.0,1.0
2503.0,40.0,0.9436
2503.0,41.0,0.149226
2503.0,42.0,0.350821
2503.0,43.0,0.03555
2503.0,44.0,0.473802
2503.0,45.0,0.96931
2503.0,46.0,0.074448
2503.0,47.0,0.971698
2503.0,48.0,0.782619
2503.0,49.0,0.125007
2503.0,50.0,0.641421
2503.0,51.0,0.784715
2503.0,52.0,0.52487
2503.0,53.0,0.470068
2503.0,54.0,0.0
2503.0,55.0,0.270406
2503.0,56.0,1.0
2503.0,57.0,0.581768
2503.0,58.0,0.461931
2503.0,59.0,0.007706
2503.0,60.0,0.011639
2503.0,61.0,1.0
2503.0,62.0,0.900605
2503.0,63.0,0.581606
2503.0,64.0,0.00186
2503.0,65.0,0.257925
2503.0,66.0,0.814692
2503.0,67.0,0.0
2503.0,68.0,0.650185
2503.0,69.0,0.63095
2503.0,70.0,0.116795
2503.0,71.0,1.0
2503.0,72.0,0.997256
2503.0,73.0,0.198666
2503.0,74.0,0.399804
2503.0,75.0,0.257139
2503.0,76.0,0.089393
2503.0,77.0,0.523705
2503.0,78.0,0.715545
2503.0,79.0,0.491358
2503.0,80.0,1.0
2503.0,81.0,0.793686
2503.0,82.0,0.293383
2503.0,83.0,0.916164
2503.0,84.0,0.427631
2503.0,85.0,0.146609
2503.0,86.0,0.00014
2503.0,87.0,0.32114
2503.0,88.0,0.549926
2503.0,89.0,0.749386
2503.0,90.0,0.877958
2503.0,91.0,0.270743
2503.0,92.0,0.107847
2503.0,93.0,0.493602
2503.0,94.0,0.88555
2503.0,95.0,0.887051
2503.0,96.0,0.024688
2503.0,97.0,0.237784
2503.0,98.0,0.782534
2503.0,99.0,0.196254
2503.0,100.0,0.955682
2503.0,101.0,0.0
2503.0,102.0,1.0
2503.0,103.0,0.734973
2503.0,104.0,0.5241
2503.0,105.0,0.498939
2503.0,106.0,1.0
2503.0,107.0,0.960848
2503.0,108.0,0.338756
2503.0,109.0,0.893595
2503.0,110.0,0.702956
2503.0,111.0,0.984171
2503.0,112.0,0.402747
2503.0,113.0,0.980456
2503.0,114.0,0.078382
2503.0,115.0,0.485191
2503.0,116.0,0.628038
2503.0,117.0,0.054407
2503.0,118.0,1.0
2503.0,119.0,0.619044
2503.0,120.0,0.0
2503.0,121.0,0.464411
2503.0,122.0,0.311845
2503.0,123.0,0.137658
2503.0,124.0,0.2622
2503.0,125.0,0.791027
2503.0,126.0,0.708897
2503.0,127.0,0.974888
2503.0,128.0,0.480716
2503.0,129.0,0.481208
2503.0,130.0,0.56884
2503.0,131.0,0.536326
2503.0,132.0,0.627853
2503.0,133.0,0.612809
2503.0,134.0,0.506184
2503.0,135.0,0.001958
2503.0,136.0,0.052115
2503.0,137.0,0.325776
2503.0,138.0,0.550003
2503.0,139.0,0.518694
2503.0,140.0,0.893259
2503.0,141.0,0.668829
2503.0,142.0,0.686731
2503.0,143.0,0.417754
2503.0,144.0,1.0
2503.0,145.0,0.369099
2503.0,146.0,0.171863
2503.0,147.0,0.037858
2503.0,148.0,0.714613
2503.0,149.0,0.0
2503.0,150.0,0.670973
2503.0,151.0,0.798267
2503.0,152.0,0.306878
2503.0,153.0,0.793838
2503.0,154.0,0.579601
2503.0,155.0,0.22673
2503.0,156.0,0.757068
2503.0,157.0,0.799404
2503.0,158.0,0.462259
2503.0,159.0,0.898582
2503.0,160.0,0.0
2503.0,161.0,0.960801
2503.0,162.0,0.999906
2503.0,163.0,0.833295
2503.0,164.0,0.26719
2503.0,165.0,0.0
2503.0,166.0,0.002291
2503.0,167.0,0.0024
2503.0,168.0,1.0
2503.0,169.0,0.367917
2503.0,170.0,1.0
2503.0,171.0,0.999573
2503.0,172.0,0.425161
2503.0,173.0,0.512137
2503.0,174.0,0.444977
2503.0,175.0,0.506711
2503.0,176.0,0.444276
2503.0,177.0,0.494681
2503.0,178.0,0.623179
2503.0,179.0,0.439138
2503.0,180.0,0.728423
2503.0,181.0,0.423797
2503.0,182.0,0.314327
2503.0,183.0,0.030412
2503.0,184.0,0.561415
2503.0,185.0,0.750597
2503.0,186.0,0.66133
2503.0,187.0,0.000449
2503.0,188.0,0.76903
2503.0,189.0,0.381029
2503.0,190.0,0.333131
2503.0,191.0,0.0
2503.0,192.0,0.475545
2503.0,193.0,0.255916
2503.0,194.0,0.222124
2503.0,195.0,0.197271
2503.0,196.0,0.912044
2503.0,197.0,0.073329
2503.0,198.0,0.995444
2503.0,199.0,0.178947
2503.0,200.0,0.405071
2503.0,201.0,0.543575
2503.0,202.0,0.522201
2503.0,203.0,0.750389
2503.0,204.0,0.575162
2503.0,205.0,0.621201
2503.0,206.0,0.347518
2503.0,207.0,0.897177
2503.0,208.0,0.775595
2503.0,209.0,0.633089
2503.0,210.0,0.553689
2503.0,211.0,0.564208
2503.0,212.0,0.454477
2503.0,213.0,0.133095
2503.0,214.0,0.327749
2503.0,215.0,0.518438
2503.0,216.0,0.374113
2503.0,217.0,0.441798
2503.0,218.0,0.544259
2503.0,219.0,0.502888
2503.0,220.0,0.71277
2503.0,221.0,0.897924
2503.0,222.0,0.3653
2503.0,223.0,0.468117
2503.0,224.0,0.845105
2503.0,225.0,0.539435
2503.0,226.0,0.512972
2503.0,227.0,0.543387
2503.0,228.0,0.070835
2503.0,229.0,0.568821
2503.0,230.0,0.629186
2503.0,231.0,0.342035
2503.0,232.0,0.720344
2503.0,233.0,0.515439
2503.0,234.0,0.180483
2503.0,235.0,0.071261
2503.0,236.0,1.0
2503.0,237.0,1.0
2503.0,238.0,0.0
2503.0,239.0,0.926092
2503.0,240.0,0.0
2503.0,241.0,0.997873
2503.0,242.0,0.996829
2503.0,243.0,0.536334
2503.0,244.0,0.0
2503.0,245.0,0.543761
2503.0,246.0,0.461353
2503.0,247.0,0.572785
2503.0,248.0,0.547945
2503.0,249.0,0.020525
2503.0,250.0,0.606412
2503.0,251.0,0.567868
2503.0,252.0,1.0
2503.0,253.0,0.672156
2503.0,254.0,0.0
2503.0,255.0,0.595988
2503.0,256.0,0.003627
2503.0,257.0,0.010621
2503.0,258.0,0.74564
2503.0,259.0,0.671805
2503.0,260.0,0.999809
2503.0,261.0,0.291464
2503.0,262.0,0.388834
2503.0,263.0,1.0
2503.0,264.0,0.726422
2503.0,265.0,0.587923
2503.0,266.0,0.347544
2503.0,267.0,0.205943
2503.0,268.0,0.74307
2503.0,269.0,0.118652
2503.0,270.0,0.889838
2503.0,271.0,0.564081
2503.0,272.0,0.335085
2503.0,273.0,0.448046
2503.0,274.0,0.009919
2503.0,275.0,0.637961
2503.0,276.0,1.0
2503.0,277.0,0.168462
2503.0,278.0,0.0
2503.0,279.0,0.532622
2503.0,280.0,0.037813
2503.0,281.0,0.594433
2503.0,282.0,0.583569
2503.0,283.0,0.575648
2503.0,284.0,0.841241
2503.0,285.0,0.430955
2503.0,286.0,0.479245
2503.0,287.0,0.312779
2503.0,288.0,0.279131
2503.0,289.0,0.003963
2503.0,290.0,0.198256
2503.0,291.0,0.181015
2503.0,292.0,0.235061
2503.0,293.0,0.140556
2503.0,294.0,0.969316
2503.0,295.0,0.281192
2503.0,296.0,0.953476
2503.0,297.0,0.311844
2503.0,298.0,0.426855
2503.0,299.0,0.365519
2503.0,300.0,0.398834
2503.0,301.0,0.206546
2503.0,302.0,0.349124
2503.0,303.0,0.308522
2503.0,304.0,0.0
2503.0,305.0,0.87185
2503.0,306.0,0.487257
2503.0,307.0,0.322067
2503.0,308.0,0.0
2503.0,309.0,0.82034
2503.0,310.0,0.715988
2503.0,311.0,0.384437
2503.0,312.0,1.0
2503.0,313.0,1.0
2503.0,314.0,0.858403
2503.0,315.0,0.676786
2503.0,316.0,0.464802
2503.0,317.0,0.048891
2503.0,318.0,0.91717
2503.0,319.0,0.045065
2503.0,320.0,0.581482
2503.0,321.0,0.63667
2503.0,322.0,0.79163
2503.0,323.0,0.311829
2503.0,324.0,0.317415
2503.0,325.0,0.765768
2503.0,326.0,0.257373
2503.0,327.0,0.598217
2503.0,328.0,0.211918
2503.0,329.0,0.0
2503.0,330.0,0.173035
2503.0,331.0,0.363013
2503.0,332.0,0.974726
2503.0,333.0,0.440051
2503.0,334.0,0.376739
2504.0,0.0,0.707629
2504.0,1.0,1.0
2504.0,2.0,0.630536
2504.0,3.0,0.990015
2504.0,4.0,1.0
2504.0,5.0,0.328219
2504.0,6.0,0.337178
2504.0,7.0,0.082812
2504.0,8.0,0.372359
2504.0,9.0,0.251306
2504.0,10.0,0.612558
2504.0,11.0,0.694323
2504.0,12.0,0.513007
2504.0,13.0,0.948306
2504.0,14.0,0.523709
2504.0,15.0,0.63089
2504.0,16.0,0.746487
2504.0,17.0,0.637967
2504.0,18.0,0.817383
2504.0,19.0,0.753846
2504.0,20.0,0.565062
2504.0,21.0,0.418632
2504.0,22.0,0.783019
2504.0,23.0,1.0
2504.0,24.0,0.134881
2504.0,25.0,1.0
2504.0,26.0,0.977571
2504.0,27.0,0.429611
2504.0,28.0,0.32757
2504.0,29.0,0.813181
2504.0,30.0,0.044737
2504.0,31.0,0.594887
2504.0,32.0,0.583504
2504.0,33.0,0.974162
2504.0,34.0,0.765501
2504.0,35.0,0.587751
2504.0,36.0,0.342163
2504.0,37.0,0.228677
2504.0,38.0,0.005792
2504.0,39.0,1.0
2504.0,40.0,0.945791
2504.0,41.0,0.150471
2504.0,42.0,0.354727
2504.0,43.0,0.035123
2504.0,44.0,0.473639
2504.0,45.0,0.969438
2504.0,46.0,0.075228
2504.0,47.0,0.972204
2504.0,48.0,0.782893
2504.0,49.0,0.124965
2504.0,50.0,0.655546
2504.0,51.0,0.784238
2504.0,52.0,0.535602
2504.0,53.0,0.470493
2504.0,54.0,0.0
2504.0,55.0,0.27226
2504.0,56.0,1.0
2504.0,57.0,0.584188
2504.0,58.0,0.461716
2504.0,59.0,0.008025
2504.0,60.0,0.011718
2504.0,61.0,1.0
2504.0,62.0,0.900932
2504.0,63.0,0.590854
2504.0,64.0,0.001857
2504.0,65.0,0.259192
2504.0,66.0,0.816709
2504.0,67.0,0.0
2504.0,68.0,0.653661
2504.0,69.0,0.640619
2504.0,70.0,0.118673
2504.0,71.0,1.0
2504.0,72.0,0.997361
2504.0,73.0,0.203191
2504.0,74.0,0.40718
2504.0,75.0,0.257726
2504.0,76.0,0.092497
2504.0,77.0,0.524603
2504.0,78.0,0.715755
2504.0,79.0,0.493091
2504.0,80.0,1.0
2504.0,81.0,0.794785
2504.0,82.0,0.316067
2504.0,83.0,0.916753
2504.0,84.0,0.429717
2504.0,85.0,0.147415
2504.0,86.0,0.000129
2504.0,87.0,0.321621
2504.0,88.0,0.551058
2504.0,89.0,0.75265
2504.0,90.0,0.879889
2504.0,91.0,0.271381
2504.0,92.0,0.108198
2504.0,93.0,0.498488
2504.0,94.0,0.886371
2504.0,95.0,0.889714
2504.0,96.0,0.0253
2504.0,97.0,0.245676
2504.0,98.0,0.80613
2504.0,99.0,0.200305
2504.0,100.0,0.956333
2504.0,101.0,0.0
2504.0,102.0,1.0
2504.0,103.0,0.736551
2504.0,104.0,0.525826
2504.0,105.0,0.502298
2504.0,106.0,1.0
2504.0,107.0,0.960915
2504.0,108.0,0.339305
2504.0,109.0,0.895241
2504.0,110.0,0.707016
2504.0,111.0,0.98439
2504.0,112.0,0.405351
2504.0,113.0,0.980499
2504.0,114.0,0.085457
2504.0,115.0,0.496234
2504.0,116.0,0.63109
2504.0,117.0,0.055235
2504.0,118.0,1.0
2504.0,119.0,0.621214
2504.0,120.0,0.0
2504.0,121.0,0.469971
2504.0,122.0,0.316016
2504.0,123.0,0.138099
2504.0,124.0,0.263726
2504.0,125.0,0.793952
2504.0,126.0,0.709967
2504.0,127.0,0.979105
2504.0,128.0,0.484783
2504.0,129.0,0.48247
2504.0,130.0,0.573307
2504.0,131.0,0.548827
2504.0,132.0,0.635372
2504.0,133.0,0.614186
2504.0,134.0,0.512025
2504.0,135.0,0.002012
2504.0,136.0,0.052387
2504.0,137.0,0.330366
2504.0,138.0,0.550321
2504.0,139.0,0.520591
2504.0,140.0,0.89254
2504.0,141.0,0.669199
2504.0,142.0,0.687291
2504.0,143.0,0.418515
2504.0,144.0,1.0
2504.0,145.0,0.373166
2504.0,146.0,0.174422
2504.0,147.0,0.038194
2504.0,148.0,0.716955
2504.0,149.0,0.0
2504.0,150.0,0.673645
2504.0,151.0,0.805392
2504.0,152.0,0.318197
2504.0,153.0,0.799286
2504.0,154.0,0.582444
2504.0,155.0,0.228564
2504.0,156.0,0.761147
2504.0,157.0,0.800193
2504.0,158.0,0.470768
2504.0,159.0,0.899298
2504.0,160.0,0.0
2504.0,161.0,0.962147
2504.0,162.0,0.999906
2504.0,163.0,0.840459
2504.0,164.0,0.279525
2504.0,165.0,0.0
2504.0,166.0,0.002294
2504.0,167.0,0.002522
2504.0,168.0,1.0
2504.0,169.0,0.370724
2504.0,170.0,1.0
2504.0,171.0,0.999542
2504.0,172.0,0.429257
2504.0,173.0,0.521028
2504.0,174.0,0.447582
2504.0,175.0,0.510222
2504.0,176.0,0.458907
2504.0,177.0,0.49831
2504.0,178.0,0.631768
2504.0,179.0,0.443582
2504.0,180.0,0.73185
2504.0,181.0,0.42848
2504.0,182.0,0.315784
2504.0,183.0,0.030991
2504.0,184.0,0.565415
2504.0,185.0,0.751988
2504.0,186.0,0.666607
2504.0,187.0,0.000479
2504.0,188.0,0.77076
2504.0,189.0,0.381069
2504.0,190.0,0.335924
2504.0,191.0,0.0
2504.0,192.0,0.485197
2504.0,193.0,0.258505
2504.0,194.0,0.22445
2504.0,195.0,0.200556
2504.0,196.0,0.912417
2504.0,197.0,0.074301
2504.0,198.0,0.995478
2504.0,199.0,0.182181
2504.0,200.0,0.408159
2504.0,201.0,0.548196
2504.0,202.0,0.525598
2504.0,203.0,0.752392
2504.0,204.0,0.577606
2504.0,205.0,0.628993
2504.0,206.0,0.350445
2504.0,207.0,0.898291
2504.0,208.0,0.77801
2504.0,209.0,0.649998
2504.0,210.0,0.555643
2504.0,211.0,0.573276
2504.0,212.0,0.45764
2504.0,213.0,0.136956
2504.0,214.0,0.330029
2504.0,215.0,0.518622
2504.0,216.0,0.3816
2504.0,217.0,0.445419
2504.0,218.0,0.547073
2504.0,219.0,0.503608
2504.0,220.0,0.718813
2504.0,221.0,0.898504
2504.0,222.0,0.369016
2504.0,223.0,0.468137
2504.0,224.0,0.845862
2504.0,225.0,0.54157
2504.0,226.0,0.519888
2504.0,227.0,0.544072
2504.0,228.0,0.071794
2504.0,229.0,0.568954
2504.0,230.0,0.629738
2504.0,231.0,0.343068
2504.0,232.0,0.721647
2504.0,233.0,0.529235
2504.0,234.0,0.181894
2504.0,235.0,0.07217
2504.0,236.0,1.0
2504.0,237.0,1.0
2504.0,238.0,0.0
2504.0,239.0,0.93036
2504.0,240.0,0.0
2504.0,241.0,0.997934
2504.0,242.0,0.99681
2504.0,243.0,0.545684
2504.0,244.0,0.0
2504.0,245.0,0.547789
2504.0,246.0,0.469419
2504.0,247.0,0.575026
2504.0,248.0,0.54921
2504.0,249.0,0.020886
2504.0,250.0,0.608217
2504.0,251.0,0.56838
2504.0,252.0,1.0
2504.0,253.0,0.672986
2504.0,254.0,0.0
2504.0,255.0,0.59742
2504.0,256.0,0.003739
2504.0,257.0,0.010731
2504.0,258.0,0.74965
2504.0,259.0,0.673343
2504.0,260.0,0.999786
2504.0,261.0,0.298791
2504.0,262.0,0.390962
2504.0,263.0,1.0
2504.0,264.0,0.733577
2504.0,265.0,0.588514
2504.0,266.0,0.348687
2504.0,267.0,0.21286
2504.0,268.0,0.747047
2504.0,269.0,0.119157
2504.0,270.0,0.890529
2504.0,271.0,0.568398
2504.0,272.0,0.338409
2504.0,273.0,0.451468
2504.0,274.0,0.010472
2504.0,275.0,0.641705
2504.0,276.0,1.0
2504.0,277.0,0.169415
2504.0,278.0,0.0
2504.0,279.0,0.533323
2504.0,280.0,0.038823
2504.0,281.0,0.595734
2504.0,282.0,0.584435
2504.0,283.0,0.577257
2504.0,284.0,0.840805
2504.0,285.0,0.435381
2504.0,286.0,0.482782
2504.0,287.0,0.31883
2504.0,288.0,0.280867
2504.0,289.0,0.003999
2504.0,290.0,0.199266
2504.0,291.0,0.183579
2504.0,292.0,0.238234
2504.0,293.0,0.142175
2504.0,294.0,0.970091
2504.0,295.0,0.285048
2504.0,296.0,0.9537
2504.0,297.0,0.315142
2504.0,298.0,0.441269
2504.0,299.0,0.370933
2504.0,300.0,0.408968
2504.0,301.0,0.207009
2504.0,302.0,0.347796
2504.0,303.0,0.313403
2504.0,304.0,0.0
2504.0,305.0,0.872589
2504.0,306.0,0.496505
2504.0,307.0,0.325516
2504.0,308.0,0.0
2504.0,309.0,0.820873
2504.0,310.0,0.716862
2504.0,311.0,0.385536
2504.0,312.0,1.0
2504.0,313.0,1.0
2504.0,314.0,0.858714
2504.0,315.0,0.681827
2504.0,316.0,0.466967
2504.0,317.0,0.049376
2504.0,318.0,0.917885
2504.0,319.0,0.04927
2504.0,320.0,0.584556
2504.0,321.0,0.645915
2504.0,322.0,0.792703
2504.0,323.0,0.318349
2504.0,324.0,0.332388
2504.0,325.0,0.767297
2504.0,326.0,0.259195
2504.0,327.0,0.625639
2504.0,328.0,0.215218
2504.0,329.0,0.0
2504.0,330.0,0.174244
2504.0,331.0,0.364859
2504.0,332.0,0.974946
2504.0,333.0,0.442717
2504.0,334.0,0.380408
2505.0,0.0,0.717195
2505.0,1.0,1.0
2505.0,2.0,0.637782
2505.0,3.0,0.990025
2505.0,4.0,1.0
2505.0,5.0,0.331938
2505.0,6.0,0.342162
2505.0,7.0,0.083878
2505.0,8.0,0.379071
2505.0,9.0,0.25275
2505.0,10.0,0.618475
2505.0,11.0,0.697914
2505.0,12.0,0.539996
2505.0,13.0,0.949253
2505.0,14.0,0.526648
2505.0,15.0,0.637347
2505.0,16.0,0.750352
2505.0,17.0,0.641338
2505.0,18.0,0.819059
2505.0,19.0,0.758361
2505.0,20.0,0.567434
2505.0,21.0,0.425154
2505.0,22.0,0.784363
2505.0,23.0,1.0
2505.0,24.0,0.136855
2505.0,25.0,1.0
2505.0,26.0,0.977685
2505.0,27.0,0.430251
2505.0,28.0,0.329852
2505.0,29.0,0.813918
2505.0,30.0,0.04476
2505.0,31.0,0.597671
2505.0,32.0,0.58616
2505.0,33.0,0.974361
2505.0,34.0,0.769697
2505.0,35.0,0.587867
2505.0,36.0,0.351747
2505.0,37.0,0.233095
2505.0,38.0,0.005708
2505.0,39.0,1.0
2505.0,40.0,0.948173
2505.0,41.0,0.151445
2505.0,42.0,0.357856
2505.0,43.0,0.035252
2505.0,44.0,0.474508
2505.0,45.0,0.969472
2505.0,46.0,0.074929
2505.0,47.0,0.972272
2505.0,48.0,0.783462
2505.0,49.0,0.125413
2505.0,50.0,0.667844
2505.0,51.0,0.783787
2505.0,52.0,0.546247
2505.0,53.0,0.471962
2505.0,54.0,0.0
2505.0,55.0,0.274452
2505.0,56.0,1.0
2505.0,57.0,0.585648
2505.0,58.0,0.461126
2505.0,59.0,0.008423
2505.0,60.0,0.011982
2505.0,61.0,1.0
2505.0,62.0,0.901588
2505.0,63.0,0.598685
2505.0,64.0,0.001849
2505.0,65.0,0.260378
2505.0,66.0,0.818491
2505.0,67.0,0.0
2505.0,68.0,0.657946
2505.0,69.0,0.649361
2505.0,70.0,0.120235
2505.0,71.0,1.0
2505.0,72.0,0.997323
2505.0,73.0,0.207016
2505.0,74.0,0.414048
2505.0,75.0,0.259606
2505.0,76.0,0.095773
2505.0,77.0,0.527024
2505.0,78.0,0.716406
2505.0,79.0,0.495252
2505.0,80.0,1.0
2505.0,81.0,0.795891
2505.0,82.0,0.339382
2505.0,83.0,0.917042
2505.0,84.0,0.431771
2505.0,85.0,0.148261
2505.0,86.0,0.000136
2505.0,87.0,0.321814
2505.0,88.0,0.551781
2505.0,89.0,0.75446
2505.0,90.0,0.882373
2505.0,91.0,0.271178
2505.0,92.0,0.108962
2505.0,93.0,0.504397
2505.0,94.0,0.887447
2505.0,95.0,0.891968
2505.0,96.0,0.025634
2505.0,97.0,0.253235
2505.0,98.0,0.827277
2505.0,99.0,0.204098
2505.0,100.0,0.956774
2505.0,101.0,0.0
2505.0,102.0,1.0
2505.0,103.0,0.738716
2505.0,104.0,0.526826
2505.0,105.0,0.506236
2505.0,106.0,1.0
2505.0,107.0,0.961473
2505.0,108.0,0.339641
2505.0,109.0,0.896195
2505.0,110.0,0.710714
2505.0,111.0,0.984443
2505.0,112.0,0.408038
2505.0,113.0,0.980854
2505.0,114.0,0.092865
2505.0,115.0,0.505726
2505.0,116.0,0.63455
2505.0,117.0,0.055688
2505.0,118.0,1.0
2505.0,119.0,0.623213
2505.0,120.0,0.0
2505.0,121.0,0.47577
2505.0,122.0,0.320582
2505.0,123.0,0.13834
2505.0,124.0,0.264592
2505.0,125.0,0.797008
2505.0,126.0,0.711733
2505.0,127.0,0.982562
2505.0,128.0,0.487783
2505.0,129.0,0.484638
2505.0,130.0,0.57655
2505.0,131.0,0.561721
2505.0,132.0,0.644442
2505.0,133.0,0.616022
2505.0,134.0,0.517179
2505.0,135.0,0.001983
2505.0,136.0,0.052709
2505.0,137.0,0.333354
2505.0,138.0,0.55103
2505.0,139.0,0.522306
2505.0,140.0,0.892719
2505.0,141.0,0.669404
2505.0,142.0,0.688588
2505.0,143.0,0.419616
2505.0,144.0,1.0
2505.0,145.0,0.377289
2505.0,146.0,0.176724
2505.0,147.0,0.038305
2505.0,148.0,0.718897
2505.0,149.0,0.0
2505.0,150.0,0.67717
2505.0,151.0,0.811744
2505.0,152.0,0.329817
2505.0,153.0,0.80421
2505.0,154.0,0.584653
2505.0,155.0,0.231459
2505.0,156.0,0.763975
2505.0,157.0,0.80081
2505.0,158.0,0.479327
2505.0,159.0,0.899344
2505.0,160.0,0.0
2505.0,161.0,0.962608
2505.0,162.0,0.999907
2505.0,163.0,0.846203
2505.0,164.0,0.292456
2505.0,165.0,0.0
2505.0,166.0,0.002391
2505.0,167.0,0.002626
2505.0,168.0,1.0
2505.0,169.0,0.373275
2505.0,170.0,1.0
2505.0,171.0,0.999572
2505.0,172.0,0.434194
2505.0,173.0,0.529308
2505.0,174.0,0.451326
2505.0,175.0,0.514328
2505.0,176.0,0.473368
2505.0,177.0,0.501957
2505.0,178.0,0.640969
2505.0,179.0,0.447891
2505.0,180.0,0.735411
2505.0,181.0,0.432367
2505.0,182.0,0.315912
2505.0,183.0,0.031937
2505.0,184.0,0.568964
2505.0,185.0,0.752929
2505.0,186.0,0.670714
2505.0,187.0,0.000475
2505.0,188.0,0.772362
2505.0,189.0,0.380899
2505.0,190.0,0.337214
2505.0,191.0,0.0
2505.0,192.0,0.494298
2505.0,193.0,0.261886
2505.0,194.0,0.226673
2505.0,195.0,0.203156
2505.0,196.0,0.912544
2505.0,197.0,0.074782
2505.0,198.0,0.995512
2505.0,199.0,0.185443
2505.0,200.0,0.410565
2505.0,201.0,0.552465
2505.0,202.0,0.529306
2505.0,203.0,0.755006
2505.0,204.0,0.579044
2505.0,205.0,0.637044
2505.0,206.0,0.352792
2505.0,207.0,0.898532
2505.0,208.0,0.780499
2505.0,209.0,0.665755
2505.0,210.0,0.558871
2505.0,211.0,0.582887
2505.0,212.0,0.459739
2505.0,213.0,0.140513
2505.0,214.0,0.331449
2505.0,215.0,0.518917
2505.0,216.0,0.388058
2505.0,217.0,0.448465
2505.0,218.0,0.548863
2505.0,219.0,0.505448
2505.0,220.0,0.725211
2505.0,221.0,0.898926
2505.0,222.0,0.372094
2505.0,223.0,0.468368
2505.0,224.0,0.845952
2505.0,225.0,0.543745
2505.0,226.0,0.526264
2505.0,227.0,0.545619
2505.0,228.0,0.072561
2505.0,229.0,0.568546
2505.0,230.0,0.630406
2505.0,231.0,0.343778
2505.0,232.0,0.72247
2505.0,233.0,0.541652
2505.0,234.0,0.182755
2505.0,235.0,0.07275
2505.0,236.0,1.0
2505.0,237.0,1.0
2505.0,238.0,0.0
2505.0,239.0,0.934403
2505.0,240.0,0.0
2505.0,241.0,0.997966
2505.0,242.0,0.996838
2505.0,243.0,0.554714
2505.0,244.0,0.0
2505.0,245.0,0.551755
2505.0,246.0,0.476481
2505.0,247.0,0.577099
2505.0,248.0,0.550545
2505.0,249.0,0.021145
2505.0,250.0,0.610072
2505.0,251.0,0.567682
2505.0,252.0,1.0
2505.0,253.0,0.674361
2505.0,254.0,0.0
2505.0,255.0,0.598724
2505.0,256.0,0.003764
2505.0,257.0,0.010875
2505.0,258.0,0.754523
2505.0,259.0,0.675618
2505.0,260.0,0.999778
2505.0,261.0,0.306742
2505.0,262.0,0.392408
2505.0,263.0,1.0
2505.0,264.0,0.740211
2505.0,265.0,0.589932
2505.0,266.0,0.349237
2505.0,267.0,0.219167
2505.0,268.0,0.751485
2505.0,269.0,0.120361
2505.0,270.0,0.891255
2505.0,271.0,0.572294
2505.0,272.0,0.34108
2505.0,273.0,0.454893
2505.0,274.0,0.010905
2505.0,275.0,0.644698
2505.0,276.0,1.0
2505.0,277.0,0.170646
2505.0,278.0,0.0
2505.0,279.0,0.533687
2505.0,280.0,0.039706
2505.0,281.0,0.597208
2505.0,282.0,0.586173
2505.0,283.0,0.577917
2505.0,284.0,0.840955
2505.0,285.0,0.438915
2505.0,286.0,0.486368
2505.0,287.0,0.324525
2505.0,288.0,0.283666
2505.0,289.0,0.004063
2505.0,290.0,0.199425
2505.0,291.0,0.185778
2505.0,292.0,0.24072
2505.0,293.0,0.143975
2505.0,294.0,0.971029
2505.0,295.0,0.288647
2505.0,296.0,0.953992
2505.0,297.0,0.319092
2505.0,298.0,0.455064
2505.0,299.0,0.377798
2505.0,300.0,0.419258
2505.0,301.0,0.207603
2505.0,302.0,0.346689
2505.0,303.0,0.31836
2505.0,304.0,0.0
2505.0,305.0,0.872622
2505.0,306.0,0.505326
2505.0,307.0,0.329156
2505.0,308.0,0.0
2505.0,309.0,0.822173
2505.0,310.0,0.717959
2505.0,311.0,0.387606
2505.0,312.0,1.0
2505.0,313.0,1.0
2505.0,314.0,0.859171
2505.0,315.0,0.686648
2505.0,316.0,0.469395
2505.0,317.0,0.05015
2505.0,318.0,0.918345
2505.0,319.0,0.053849
2505.0,320.0,0.587658
2505.0,321.0,0.654993
2505.0,322.0,0.79349
2505.0,323.0,0.326483
2505.0,324.0,0.347661
2505.0,325.0,0.767516
2505.0,326.0,0.260221
2505.0,327.0,0.652376
2505.0,328.0,0.218524
2505.0,329.0,0.0
2505.0,330.0,0.175695
2505.0,331.0,0.366866
2505.0,332.0,0.975242
2505.0,333.0,0.444994
2505.0,334.0,0.38463
2506.0,0.0,0.70786
2506.0,1.0,1.0
2506.0,2.0,0.630168
2506.0,3.0,0.989866
2506.0,4.0,1.0
2506.0,5.0,0.32789
2506.0,6.0,0.336326
2506.0,7.0,0.082895
2506.0,8.0,0.372148
2506.0,9.0,0.250817
2506.0,10.0,0.612388
2506.0,11.0,0.693989
2506.0,12.0,0.506587
2506.0,13.0,0.948432
2506.0,14.0,0.52251
2506.0,15.0,0.630847
2506.0,16.0,0.746669
2506.0,17.0,0.638756
2506.0,18.0,0.817973
2506.0,19.0,0.753861
2506.0,20.0,0.56587
2506.0,21.0,0.416662
2506.0,22.0,0.784207
2506.0,23.0,1.0
2506.0,24.0,0.134359
2506.0,25.0,1.0
2506.0,26.0,0.977518
2506.0,27.0,0.429748
2506.0,28.0,0.328513
2506.0,29.0,0.812013
2506.0,30.0,0.044152
2506.0,31.0,0.593596
2506.0,32.0,0.583292
2506.0,33.0,0.973887
2506.0,34.0,0.76591
2506.0,35.0,0.586981
2506.0,36.0,0.342387
2506.0,37.0,0.228826
2506.0,38.0,0.005604
2506.0,39.0,1.0
2506.0,40.0,0.94552
2506.0,41.0,0.150522
2506.0,42.0,0.353636
2506.0,43.0,0.035282
2506.0,44.0,0.473873
2506.0,45.0,0.969361
2506.0,46.0,0.074576
2506.0,47.0,0.97195
2506.0,48.0,0.782785
2506.0,49.0,0.124557
2506.0,50.0,0.652745
2506.0,51.0,0.783823
2506.0,52.0,0.535314
2506.0,53.0,0.469953
2506.0,54.0,0.0
2506.0,55.0,0.271466
2506.0,56.0,1.0
2506.0,57.0,0.583289
2506.0,58.0,0.461441
2506.0,59.0,0.008038
2506.0,60.0,0.011953
2506.0,61.0,1.0
2506.0,62.0,0.900874
2506.0,63.0,0.589469
2506.0,64.0,0.001875
2506.0,65.0,0.258406
2506.0,66.0,0.816354
2506.0,67.0,0.0
2506.0,68.0,0.65469
2506.0,69.0,0.640642
2506.0,70.0,0.117604
2506.0,71.0,1.0
2506.0,72.0,0.99722
2506.0,73.0,0.202846
2506.0,74.0,0.407002
2506.0,75.0,0.25774
2506.0,76.0,0.091938
2506.0,77.0,0.525669
2506.0,78.0,0.715396
2506.0,79.0,0.49377
2506.0,80.0,1.0
2506.0,81.0,0.795053
2506.0,82.0,0.315647
2506.0,83.0,0.916426
2506.0,84.0,0.427915
2506.0,85.0,0.147459
2506.0,86.0,0.00013
2506.0,87.0,0.321039
2506.0,88.0,0.551375
2506.0,89.0,0.751969
2506.0,90.0,0.880641
2506.0,91.0,0.270525
2506.0,92.0,0.108431
2506.0,93.0,0.497988
2506.0,94.0,0.88697
2506.0,95.0,0.889128
2506.0,96.0,0.025374
2506.0,97.0,0.245099
2506.0,98.0,0.804025
2506.0,99.0,0.200571
2506.0,100.0,0.956166
2506.0,101.0,0.0
2506.0,102.0,1.0
2506.0,103.0,0.737098
2506.0,104.0,0.525769
2506.0,105.0,0.502673
2506.0,106.0,1.0
2506.0,107.0,0.961345
2506.0,108.0,0.338518
2506.0,109.0,0.895337
2506.0,110.0,0.706219
2506.0,111.0,0.984256
2506.0,112.0,0.404979
2506.0,113.0,0.980594
2506.0,114.0,0.084637
2506.0,115.0,0.494259
2506.0,116.0,0.632646
2506.0,117.0,0.0549
2506.0,118.0,1.0
2506.0,119.0,0.62163
2506.0,120.0,0.0
2506.0,121.0,0.470534
2506.0,122.0,0.316142
2506.0,123.0,0.138117
2506.0,124.0,0.263247
2506.0,125.0,0.79428
2506.0,126.0,0.710724
2506.0,127.0,0.978952
2506.0,128.0,0.484486
2506.0,129.0,0.482714
2506.0,130.0,0.572357
2506.0,131.0,0.54691
2506.0,132.0,0.635637
2506.0,133.0,0.613934
2506.0,134.0,0.511907
2506.0,135.0,0.001897
2506.0,136.0,0.052541
2506.0,137.0,0.330175
2506.0,138.0,0.550193
2506.0,139.0,0.52009
2506.0,140.0,0.893085
2506.0,141.0,0.669297
2506.0,142.0,0.687484
2506.0,143.0,0.417668
2506.0,144.0,1.0
2506.0,145.0,0.372276
2506.0,146.0,0.174692
2506.0,147.0,0.038204
2506.0,148.0,0.716349
2506.0,149.0,0.0
2506.0,150.0,0.673699
2506.0,151.0,0.804572
2506.0,152.0,0.317191
2506.0,153.0,0.798547
2506.0,154.0,0.582298
2506.0,155.0,0.22896
2506.0,156.0,0.760028
2506.0,157.0,0.799989
2506.0,158.0,0.470515
2506.0,159.0,0.899335
2506.0,160.0,0.0
2506.0,161.0,0.961362
2506.0,162.0,0.999907
2506.0,163.0,0.839132
2506.0,164.0,0.278427
2506.0,165.0,0.0
2506.0,166.0,0.002461
2506.0,167.0,0.002529
2506.0,168.0,1.0
2506.0,169.0,0.371076
2506.0,170.0,1.0
2506.0,171.0,0.999588
2506.0,172.0,0.429431
2506.0,173.0,0.520091
2506.0,174.0,0.447826
2506.0,175.0,0.511214
2506.0,176.0,0.458619
2506.0,177.0,0.497658
2506.0,178.0,0.63156
2506.0,179.0,0.441888
2506.0,180.0,0.732399
2506.0,181.0,0.427391
2506.0,182.0,0.315596
2506.0,183.0,0.030938
2506.0,184.0,0.565213
2506.0,185.0,0.752022
2506.0,186.0,0.666122
2506.0,187.0,0.00048
2506.0,188.0,0.770359
2506.0,189.0,0.380296
2506.0,190.0,0.335055
2506.0,191.0,0.0
2506.0,192.0,0.484694
2506.0,193.0,0.259145
2506.0,194.0,0.224465
2506.0,195.0,0.200326
2506.0,196.0,0.912541
2506.0,197.0,0.074715
2506.0,198.0,0.995547
2506.0,199.0,0.181916
2506.0,200.0,0.407767
2506.0,201.0,0.547341
2506.0,202.0,0.525557
2506.0,203.0,0.752897
2506.0,204.0,0.576969
2506.0,205.0,0.628474
2506.0,206.0,0.349914
2506.0,207.0,0.89765
2506.0,208.0,0.778436
2506.0,209.0,0.648005
2506.0,210.0,0.555839
2506.0,211.0,0.572662
2506.0,212.0,0.457024
2506.0,213.0,0.136662
2506.0,214.0,0.329974
2506.0,215.0,0.519054
2506.0,216.0,0.380365
2506.0,217.0,0.444068
2506.0,218.0,0.545691
2506.0,219.0,0.503381
2506.0,220.0,0.717822
2506.0,221.0,0.89823
2506.0,222.0,0.368248
2506.0,223.0,0.468185
2506.0,224.0,0.845902
2506.0,225.0,0.541943
2506.0,226.0,0.520098
2506.0,227.0,0.545351
2506.0,228.0,0.071464
2506.0,229.0,0.56863
2506.0,230.0,0.629591
2506.0,231.0,0.342459
2506.0,232.0,0.721787
2506.0,233.0,0.528237
2506.0,234.0,0.181784
2506.0,235.0,0.071732
2506.0,236.0,1.0
2506.0,237.0,1.0
2506.0,238.0,0.0
2506.0,239.0,0.930703
2506.0,240.0,0.0
2506.0,241.0,0.997865
2506.0,242.0,0.996939
2506.0,243.0,0.545531
2506.0,244.0,0.0
2506.0,245.0,0.548514
2506.0,246.0,0.467757
2506.0,247.0,0.57493
2506.0,248.0,0.5489
2506.0,249.0,0.02089
2506.0,250.0,0.6087
2506.0,251.0,0.566877
2506.0,252.0,1.0
2506.0,253.0,0.672739
2506.0,254.0,0.0
2506.0,255.0,0.597932
2506.0,256.0,0.003668
2506.0,257.0,0.010789
2506.0,258.0,0.74953
2506.0,259.0,0.673886
2506.0,260.0,0.999805
2506.0,261.0,0.298322
2506.0,262.0,0.390817
2506.0,263.0,1.0
2506.0,264.0,0.732731
2506.0,265.0,0.589914
2506.0,266.0,0.348747
2506.0,267.0,0.211797
2506.0,268.0,0.748043
2506.0,269.0,0.120085
2506.0,270.0,0.890976
2506.0,271.0,0.567154
2506.0,272.0,0.337876
2506.0,273.0,0.451545
2506.0,274.0,0.010377
2506.0,275.0,0.640947
2506.0,276.0,1.0
2506.0,277.0,0.168844
2506.0,278.0,0.0
2506.0,279.0,0.533223
2506.0,280.0,0.038517
2506.0,281.0,0.595675
2506.0,282.0,0.585357
2506.0,283.0,0.57866
2506.0,284.0,0.840689
2506.0,285.0,0.435381
2506.0,286.0,0.482665
2506.0,287.0,0.318158
2506.0,288.0,0.280449
2506.0,289.0,0.004055
2506.0,290.0,0.198818
2506.0,291.0,0.183711
2506.0,292.0,0.237714
2506.0,293.0,0.142099
2506.0,294.0,0.970411
2506.0,295.0,0.284818
2506.0,296.0,0.953781
2506.0,297.0,0.315565
2506.0,298.0,0.438347
2506.0,299.0,0.371055
2506.0,300.0,0.407355
2506.0,301.0,0.206635
2506.0,302.0,0.347797
2506.0,303.0,0.314214
2506.0,304.0,0.0
2506.0,305.0,0.871722
2506.0,306.0,0.495314
2506.0,307.0,0.325301
2506.0,308.0,0.0
2506.0,309.0,0.821119
2506.0,310.0,0.717812
2506.0,311.0,0.385077
2506.0,312.0,1.0
2506.0,313.0,1.0
2506.0,314.0,0.858474
2506.0,315.0,0.681482
2506.0,316.0,0.466736
2506.0,317.0,0.049117
2506.0,318.0,0.91811
2506.0,319.0,0.049379
2506.0,320.0,0.585594
2506.0,321.0,0.644803
2506.0,322.0,0.792847
2506.0,323.0,0.319531
2506.0,324.0,0.332176
2506.0,325.0,0.766436
2506.0,326.0,0.258797
2506.0,327.0,0.623429
2506.0,328.0,0.214736
2506.0,329.0,0.0
2506.0,330.0,0.17436
2506.0,331.0,0.364894
2506.0,332.0,0.975009
2506.0,333.0,0.443123
2506.0,334.0,0.379871
2507.0,0.0,0.698138
2507.0,1.0,1.0
2507.0,2.0,0.621957
2507.0,3.0,0.990096
2507.0,4.0,1.0
2507.0,5.0,0.324857
2507.0,6.0,0.331678
2507.0,7.0,0.082592
2507.0,8.0,0.36543
2507.0,9.0,0.249037
2507.0,10.0,0.605398
2507.0,11.0,0.690679
2507.0,12.0,0.475532
2507.0,13.0,0.947813
2507.0,14.0,0.518777
2507.0,15.0,0.623481
2507.0,16.0,0.742331
2507.0,17.0,0.634774
2507.0,18.0,0.817202
2507.0,19.0,0.749446
2507.0,20.0,0.564129
2507.0,21.0,0.410161
2507.0,22.0,0.783598
2507.0,23.0,1.0
2507.0,24.0,0.13257
2507.0,25.0,1.0
2507.0,26.0,0.97741
2507.0,27.0,0.430187
2507.0,28.0,0.326358
2507.0,29.0,0.810904
2507.0,30.0,0.043728
2507.0,31.0,0.589001
2507.0,32.0,0.580593
2507.0,33.0,0.973636
2507.0,34.0,0.761373
2507.0,35.0,0.586594
2507.0,36.0,0.332783
2507.0,37.0,0.224065
2507.0,38.0,0.005499
2507.0,39.0,1.0
2507.0,40.0,0.94332
2507.0,41.0,0.149365
2507.0,42.0,0.350161
2507.0,43.0,0.03553
2507.0,44.0,0.473365
2507.0,45.0,0.969144
2507.0,46.0,0.073739
2507.0,47.0,0.9718
2507.0,48.0,0.782318
2507.0,49.0,0.123854
2507.0,50.0,0.63942
2507.0,51.0,0.783982
2507.0,52.0,0.524748
2507.0,53.0,0.46761
2507.0,54.0,0.0
2507.0,55.0,0.269644
2507.0,56.0,1.0
2507.0,57.0,0.58045
2507.0,58.0,0.460865
2507.0,59.0,0.007689
2507.0,60.0,0.011771
2507.0,61.0,1.0
2507.0,62.0,0.900472
2507.0,63.0,0.581473
2507.0,64.0,0.001858
2507.0,65.0,0.256638
2507.0,66.0,0.814804
2507.0,67.0,0.0
2507.0,68.0,0.651392
2507.0,69.0,0.631588
2507.0,70.0,0.115635
2507.0,71.0,1.0
2507.0,72.0,0.997212
2507.0,73.0,0.19886
2507.0,74.0,0.399317
2507.0,75.0,0.25558
2507.0,76.0,0.088133
2507.0,77.0,0.52459
2507.0,78.0,0.715196
2507.0,79.0,0.492943
2507.0,80.0,1.0
2507.0,81.0,0.794453
2507.0,82.0,0.292047
2507.0,83.0,0.91641
2507.0,84.0,0.426196
2507.0,85.0,0.146512
2507.0,86.0,0.000129
2507.0,87.0,0.32012
2507.0,88.0,0.5512
2507.0,89.0,0.749977
2507.0,90.0,0.878948
2507.0,91.0,0.269825
2507.0,92.0,0.107686
2507.0,93.0,0.492062
2507.0,94.0,0.886046
2507.0,95.0,0.886457
2507.0,96.0,0.024688
2507.0,97.0,0.236569
2507.0,98.0,0.778974
2507.0,99.0,0.196098
2507.0,100.0,0.955292
2507.0,101.0,0.0
2507.0,102.0,1.0
2507.0,103.0,0.734871
2507.0,104.0,0.523948
2507.0,105.0,0.499505
2507.0,106.0,1.0
2507.0,107.0,0.961248
2507.0,108.0,0.337937
2507.0,109.0,0.894085
2507.0,110.0,0.701954
2507.0,111.0,0.983987
2507.0,112.0,0.402663
2507.0,113.0,0.980348
2507.0,114.0,0.078021
2507.0,115.0,0.483156
2507.0,116.0,0.629706
2507.0,117.0,0.054243
2507.0,118.0,1.0
2507.0,119.0,0.61991
2507.0,120.0,0.0
2507.0,121.0,0.464216
2507.0,122.0,0.311497
2507.0,123.0,0.138107
2507.0,124.0,0.261893
2507.0,125.0,0.790976
2507.0,126.0,0.710109
2507.0,127.0,0.974958
2507.0,128.0,0.480637
2507.0,129.0,0.480966
2507.0,130.0,0.568255
2507.0,131.0,0.533538
2507.0,132.0,0.627118
2507.0,133.0,0.612214
2507.0,134.0,0.506055
2507.0,135.0,0.001836
2507.0,136.0,0.052332
2507.0,137.0,0.327367
2507.0,138.0,0.549682
2507.0,139.0,0.516974
2507.0,140.0,0.893194
2507.0,141.0,0.668256
2507.0,142.0,0.686598
2507.0,143.0,0.417098
2507.0,144.0,1.0
2507.0,145.0,0.367234
2507.0,146.0,0.171989
2507.0,147.0,0.037682
2507.0,148.0,0.714159
2507.0,149.0,0.0
2507.0,150.0,0.670838
2507.0,151.0,0.79691
2507.0,152.0,0.305017
2507.0,153.0,0.79306
2507.0,154.0,0.579668
2507.0,155.0,0.227017
2507.0,156.0,0.756748
2507.0,157.0,0.799196
2507.0,158.0,0.462523
2507.0,159.0,0.898824
2507.0,160.0,0.0
2507.0,161.0,0.960391
2507.0,162.0,0.999935
2507.0,163.0,0.832184
2507.0,164.0,0.265159
2507.0,165.0,0.0
2507.0,166.0,0.002523
2507.0,167.0,0.002372
2507.0,168.0,1.0
2507.0,169.0,0.368588
2507.0,170.0,1.0
2507.0,171.0,0.999611
2507.0,172.0,0.424411
2507.0,173.0,0.509539
2507.0,174.0,0.444614
2507.0,175.0,0.508633
2507.0,176.0,0.442802
2507.0,177.0,0.493477
2507.0,178.0,0.623011
2507.0,179.0,0.436506
2507.0,180.0,0.729346
2507.0,181.0,0.42184
2507.0,182.0,0.314148
2507.0,183.0,0.030047
2507.0,184.0,0.561529
2507.0,185.0,0.750415
2507.0,186.0,0.660964
2507.0,187.0,0.000455
2507.0,188.0,0.769296
2507.0,189.0,0.380108
2507.0,190.0,0.332415
2507.0,191.0,0.0
2507.0,192.0,0.474564
2507.0,193.0,0.255702
2507.0,194.0,0.222261
2507.0,195.0,0.197762
2507.0,196.0,0.912159
2507.0,197.0,0.074135
2507.0,198.0,0.99547
2507.0,199.0,0.177764
2507.0,200.0,0.404746
2507.0,201.0,0.54206
2507.0,202.0,0.522607
2507.0,203.0,0.750945
2507.0,204.0,0.575787
2507.0,205.0,0.621535
2507.0,206.0,0.347392
2507.0,207.0,0.897293
2507.0,208.0,0.776841
2507.0,209.0,0.631355
2507.0,210.0,0.554452
2507.0,211.0,0.56319
2507.0,212.0,0.454398
2507.0,213.0,0.133478
2507.0,214.0,0.328465
2507.0,215.0,0.518423
2507.0,216.0,0.374665
2507.0,217.0,0.440051
2507.0,218.0,0.54256
2507.0,219.0,0.501481
2507.0,220.0,0.710858
2507.0,221.0,0.897728
2507.0,222.0,0.365408
2507.0,223.0,0.467605
2507.0,224.0,0.845241
2507.0,225.0,0.540775
2507.0,226.0,0.513636
2507.0,227.0,0.544959
2507.0,228.0,0.070485
2507.0,229.0,0.568189
2507.0,230.0,0.628795
2507.0,231.0,0.341976
2507.0,232.0,0.721084
2507.0,233.0,0.513956
2507.0,234.0,0.179314
2507.0,235.0,0.070946
2507.0,236.0,1.0
2507.0,237.0,1.0
2507.0,238.0,0.0
2507.0,239.0,0.926497
2507.0,240.0,0.0
2507.0,241.0,0.997925
2507.0,242.0,0.997006
2507.0,243.0,0.536283
2507.0,244.0,0.0
2507.0,245.0,0.543875
2507.0,246.0,0.459467
2507.0,247.0,0.572513
2507.0,248.0,0.547956
2507.0,249.0,0.020528
2507.0,250.0,0.606692
2507.0,251.0,0.565555
2507.0,252.0,1.0
2507.0,253.0,0.671679
2507.0,254.0,0.0
2507.0,255.0,0.596986
2507.0,256.0,0.003637
2507.0,257.0,0.010694
2507.0,258.0,0.744008
2507.0,259.0,0.672862
2507.0,260.0,0.999806
2507.0,261.0,0.290401
2507.0,262.0,0.390414
2507.0,263.0,1.0
2507.0,264.0,0.724899
2507.0,265.0,0.588963
2507.0,266.0,0.347164
2507.0,267.0,0.204785
2507.0,268.0,0.74427
2507.0,269.0,0.119066
2507.0,270.0,0.889834
2507.0,271.0,0.563019
2507.0,272.0,0.335443
2507.0,273.0,0.448754
2507.0,274.0,0.009909
2507.0,275.0,0.636757
2507.0,276.0,1.0
2507.0,277.0,0.168258
2507.0,278.0,0.0
2507.0,279.0,0.532636
2507.0,280.0,0.037834
2507.0,281.0,0.594448
2507.0,282.0,0.583497
2507.0,283.0,0.578218
2507.0,284.0,0.839606
2507.0,285.0,0.431381
2507.0,286.0,0.479887
2507.0,287.0,0.311251
2507.0,288.0,0.276818
2507.0,289.0,0.003956
2507.0,290.0,0.197974
2507.0,291.0,0.181559
2507.0,292.0,0.234544
2507.0,293.0,0.14009
2507.0,294.0,0.970106
2507.0,295.0,0.28172
2507.0,296.0,0.953957
2507.0,297.0,0.310773
2507.0,298.0,0.423929
2507.0,299.0,0.364462
2507.0,300.0,0.396385
2507.0,301.0,0.205834
2507.0,302.0,0.348978
2507.0,303.0,0.309316
2507.0,304.0,0.0
2507.0,305.0,0.871116
2507.0,306.0,0.485744
2507.0,307.0,0.320839
2507.0,308.0,0.0
2507.0,309.0,0.81993
2507.0,310.0,0.716976
2507.0,311.0,0.382339
2507.0,312.0,1.0
2507.0,313.0,1.0
2507.0,314.0,0.858294
2507.0,315.0,0.676385
2507.0,316.0,0.463162
2507.0,317.0,0.04867
2507.0,318.0,0.917273
2507.0,319.0,0.045212
2507.0,320.0,0.583245
2507.0,321.0,0.634869
2507.0,322.0,0.791754
2507.0,323.0,0.311892
2507.0,324.0,0.316578
2507.0,325.0,0.764987
2507.0,326.0,0.257042
2507.0,327.0,0.593866
2507.0,328.0,0.211657
2507.0,329.0,0.0
2507.0,330.0,0.173917
2507.0,331.0,0.364043
2507.0,332.0,0.974829
2507.0,333.0,0.441068
2507.0,334.0,0.376441
2508.0,0.0,0.687858
2508.0,1.0,1.0
2508.0,2.0,0.613259
2508.0,3.0,0.990001
2508.0,4.0,1.0
2508.0,5.0,0.321069
2508.0,6.0,0.327174
2508.0,7.0,0.082146
2508.0,8.0,0.359204
2508.0,9.0,0.247056
2508.0,10.0,0.599667
2508.0,11.0,0.687958
2508.0,12.0,0.446396
2508.0,13.0,0.947045
2508.0,14.0,0.515724
2508.0,15.0,0.616744
2508.0,16.0,0.738375
2508.0,17.0,0.63098
2508.0,18.0,0.815426
2508.0,19.0,0.744646
2508.0,20.0,0.562385
2508.0,21.0,0.403091
2508.0,22.0,0.783629
2508.0,23.0,1.0
2508.0,24.0,0.130745
2508.0,25.0,1.0
2508.0,26.0,0.977224
2508.0,27.0,0.429338
2508.0,28.0,0.323521
2508.0,29.0,0.809539
2508.0,30.0,0.043409
2508.0,31.0,0.58559
2508.0,32.0,0.577873
2508.0,33.0,0.973504
2508.0,34.0,0.757666
2508.0,35.0,0.586275
2508.0,36.0,0.323841
2508.0,37.0,0.220231
2508.0,38.0,0.005544
2508.0,39.0,1.0
2508.0,40.0,0.941126
2508.0,41.0,0.148385
2508.0,42.0,0.34557
2508.0,43.0,0.035661
2508.0,44.0,0.472608
2508.0,45.0,0.969183
2508.0,46.0,0.073193
2508.0,47.0,0.971774
2508.0,48.0,0.78171
2508.0,49.0,0.122949
2508.0,50.0,0.625021
2508.0,51.0,0.783524
2508.0,52.0,0.514467
2508.0,53.0,0.465507
2508.0,54.0,0.0
2508.0,55.0,0.267501
2508.0,56.0,1.0
2508.0,57.0,0.578441
2508.0,58.0,0.461538
2508.0,59.0,0.007465
2508.0,60.0,0.011741
2508.0,61.0,1.0
2508.0,62.0,0.899327
2508.0,63.0,0.573088
2508.0,64.0,0.001845
2508.0,65.0,0.255496
2508.0,66.0,0.813371
2508.0,67.0,0.0
2508.0,68.0,0.64964
2508.0,69.0,0.623024
2508.0,70.0,0.113885
2508.0,71.0,1.0
2508.0,72.0,0.997103
2508.0,73.0,0.195187
2508.0,74.0,0.392714
2508.0,75.0,0.253597
2508.0,76.0,0.084295
2508.0,77.0,0.52278
2508.0,78.0,0.715658
2508.0,79.0,0.491814
2508.0,80.0,1.0
2508.0,81.0,0.793529
2508.0,82.0,0.268895
2508.0,83.0,0.915923
2508.0,84.0,0.424401
2508.0,85.0,0.145431
2508.0,86.0,0.000116
2508.0,87.0,0.319784
2508.0,88.0,0.551369
2508.0,89.0,0.747402
2508.0,90.0,0.876812
2508.0,91.0,0.268532
2508.0,92.0,0.107167
2508.0,93.0,0.48642
2508.0,94.0,0.884898
2508.0,95.0,0.883161
2508.0,96.0,0.024209
2508.0,97.0,0.228053
2508.0,98.0,0.753426
2508.0,99.0,0.192334
2508.0,100.0,0.954736
2508.0,101.0,0.0
2508.0,102.0,1.0
2508.0,103.0,0.732747
2508.0,104.0,0.522203
2508.0,105.0,0.496092
2508.0,106.0,1.0
2508.0,107.0,0.961101
2508.0,108.0,0.336988
2508.0,109.0,0.893322
2508.0,110.0,0.698346
2508.0,111.0,0.983615
2508.0,112.0,0.40066
2508.0,113.0,0.97969
2508.0,114.0,0.071453
2508.0,115.0,0.47311
2508.0,116.0,0.626386
2508.0,117.0,0.053469
2508.0,118.0,1.0
2508.0,119.0,0.618006
2508.0,120.0,0.0
2508.0,121.0,0.458605
2508.0,122.0,0.307973
2508.0,123.0,0.137289
2508.0,124.0,0.260538
2508.0,125.0,0.787634
2508.0,126.0,0.708979
2508.0,127.0,0.970314
2508.0,128.0,0.477094
2508.0,129.0,0.481226
2508.0,130.0,0.564912
2508.0,131.0,0.520363
2508.0,132.0,0.618384
2508.0,133.0,0.610879
2508.0,134.0,0.50051
2508.0,135.0,0.00175
2508.0,136.0,0.052029
2508.0,137.0,0.323417
2508.0,138.0,0.548882
2508.0,139.0,0.515292
2508.0,140.0,0.892723
2508.0,141.0,0.666915
2508.0,142.0,0.686209
2508.0,143.0,0.415879
2508.0,144.0,1.0
2508.0,145.0,0.362949
2508.0,146.0,0.169017
2508.0,147.0,0.037541
2508.0,148.0,0.71232
2508.0,149.0,0.0
2508.0,150.0,0.6686
2508.0,151.0,0.789667
2508.0,152.0,0.29353
2508.0,153.0,0.787654
2508.0,154.0,0.575521
2508.0,155.0,0.224139
2508.0,156.0,0.753618
2508.0,157.0,0.798475
2508.0,158.0,0.454512
2508.0,159.0,0.898085
2508.0,160.0,0.0
2508.0,161.0,0.959293
2508.0,162.0,0.999938
2508.0,163.0,0.825217
2508.0,164.0,0.252348
2508.0,165.0,0.0
2508.0,166.0,0.002499
2508.0,167.0,0.00232
2508.0,168.0,1.0
2508.0,169.0,0.366844
2508.0,170.0,1.0
2508.0,171.0,0.999609
2508.0,172.0,0.419379
2508.0,173.0,0.5001
2508.0,174.0,0.441983
2508.0,175.0,0.504776
2508.0,176.0,0.427283
2508.0,177.0,0.488955
2508.0,178.0,0.615253
2508.0,179.0,0.432076
2508.0,180.0,0.726064
2508.0,181.0,0.417019
2508.0,182.0,0.313095
2508.0,183.0,0.029421
2508.0,184.0,0.557915
2508.0,185.0,0.749687
2508.0,186.0,0.655564
2508.0,187.0,0.000433
2508.0,188.0,0.767765
2508.0,189.0,0.380318
2508.0,190.0,0.330731
2508.0,191.0,0.0
2508.0,192.0,0.464944
2508.0,193.0,0.252447
2508.0,194.0,0.219642
2508.0,195.0,0.195372
2508.0,196.0,0.911756
2508.0,197.0,0.073381
2508.0,198.0,0.995462
2508.0,199.0,0.174465
2508.0,200.0,0.403021
2508.0,201.0,0.537667
2508.0,202.0,0.518502
2508.0,203.0,0.749459
2508.0,204.0,0.57439
2508.0,205.0,0.613226
2508.0,206.0,0.344563
2508.0,207.0,0.896707
2508.0,208.0,0.775804
2508.0,209.0,0.614396
2508.0,210.0,0.55172
2508.0,211.0,0.553088
2508.0,212.0,0.45146
2508.0,213.0,0.12977
2508.0,214.0,0.326627
2508.0,215.0,0.518541
2508.0,216.0,0.367879
2508.0,217.0,0.436762
2508.0,218.0,0.540226
2508.0,219.0,0.500281
2508.0,220.0,0.703958
2508.0,221.0,0.896709
2508.0,222.0,0.361975
2508.0,223.0,0.466687
2508.0,224.0,0.844682
2508.0,225.0,0.537722
2508.0,226.0,0.506793
2508.0,227.0,0.544437
2508.0,228.0,0.069552
2508.0,229.0,0.567631
2508.0,230.0,0.627383
2508.0,231.0,0.341862
2508.0,232.0,0.719937
2508.0,233.0,0.500678
2508.0,234.0,0.178053
2508.0,235.0,0.069964
2508.0,236.0,1.0
2508.0,237.0,1.0
2508.0,238.0,0.0
2508.0,239.0,0.921926
2508.0,240.0,0.0
2508.0,241.0,0.997885
2508.0,242.0,0.997052
2508.0,243.0,0.528154
2508.0,244.0,0.0
2508.0,245.0,0.53939
2508.0,246.0,0.451159
2508.0,247.0,0.569969
2508.0,248.0,0.547137
2508.0,249.0,0.020069
2508.0,250.0,0.604911
2508.0,251.0,0.565175
2508.0,252.0,1.0
2508.0,253.0,0.670175
2508.0,254.0,0.0
2508.0,255.0,0.595073
2508.0,256.0,0.003548
2508.0,257.0,0.010598
2508.0,258.0,0.739469
2508.0,259.0,0.671301
2508.0,260.0,0.99983
2508.0,261.0,0.282681
2508.0,262.0,0.389614
2508.0,263.0,1.0
2508.0,264.0,0.716981
2508.0,265.0,0.588347
2508.0,266.0,0.345493
2508.0,267.0,0.198293
2508.0,268.0,0.740893
2508.0,269.0,0.118713
2508.0,270.0,0.889381
2508.0,271.0,0.559099
2508.0,272.0,0.332599
2508.0,273.0,0.44618
2508.0,274.0,0.009229
2508.0,275.0,0.633188
2508.0,276.0,1.0
2508.0,277.0,0.166993
2508.0,278.0,0.0
2508.0,279.0,0.531967
2508.0,280.0,0.037121
2508.0,281.0,0.593124
2508.0,282.0,0.582025
2508.0,283.0,0.577406
2508.0,284.0,0.8394
2508.0,285.0,0.428399
2508.0,286.0,0.477275
2508.0,287.0,0.304499
2508.0,288.0,0.275548
2508.0,289.0,0.003883
2508.0,290.0,0.196597
2508.0,291.0,0.178788
2508.0,292.0,0.231697
2508.0,293.0,0.138209
2508.0,294.0,0.969888
2508.0,295.0,0.277572
2508.0,296.0,0.953651
2508.0,297.0,0.307459
2508.0,298.0,0.409904
2508.0,299.0,0.358234
2508.0,300.0,0.384934
2508.0,301.0,0.205307
2508.0,302.0,0.349352
2508.0,303.0,0.304643
2508.0,304.0,0.0
2508.0,305.0,0.870606
2508.0,306.0,0.476539
2508.0,307.0,0.316511
2508.0,308.0,0.0
2508.0,309.0,0.819779
2508.0,310.0,0.716566
2508.0,311.0,0.380691
2508.0,312.0,1.0
2508.0,313.0,1.0
2508.0,314.0,0.857922
2508.0,315.0,0.671245
2508.0,316.0,0.460306
2508.0,317.0,0.048273
2508.0,318.0,0.916631
2508.0,319.0,0.041297
2508.0,320.0,0.580181
2508.0,321.0,0.625064
2508.0,322.0,0.791464
2508.0,323.0,0.304323
2508.0,324.0,0.301637
2508.0,325.0,0.764054
2508.0,326.0,0.255978
2508.0,327.0,0.565534
2508.0,328.0,0.208858
2508.0,329.0,0.0
2508.0,330.0,0.172897
2508.0,331.0,0.362119
2508.0,332.0,0.974657
2508.0,333.0,0.43892
2508.0,334.0,0.372321
2509.0,0.0,0.676252
2509.0,1.0,1.0
2509.0,2.0,0.605731
2509.0,3.0,0.990126
2509.0,4.0,1.0
2509.0,5.0,0.318611
2509.0,6.0,0.322773
2509.0,7.0,0.081186
2509.0,8.0,0.353266
2509.0,9.0,0.246105
2509.0,10.0,0.594304
2509.0,11.0,0.683792
2509.0,12.0,0.419084
2509.0,13.0,0.946361
2509.0,14.0,0.512135
2509.0,15.0,0.610101
2509.0,16.0,0.734043
2509.0,17.0,0.627698
2509.0,18.0,0.814446
2509.0,19.0,0.740366
2509.0,20.0,0.560042
2509.0,21.0,0.39624
2509.0,22.0,0.782329
2509.0,23.0,1.0
2509.0,24.0,0.128495
2509.0,25.0,1.0
2509.0,26.0,0.977065
2509.0,27.0,0.428002
2509.0,28.0,0.321034
2509.0,29.0,0.807925
2509.0,30.0,0.042644
2509.0,31.0,0.581891
2509.0,32.0,0.575367
2509.0,33.0,0.973006
2509.0,34.0,0.753657
2509.0,35.0,0.586574
2509.0,36.0,0.316204
2509.0,37.0,0.216149
2509.0,38.0,0.005465
2509.0,39.0,1.0
2509.0,40.0,0.938493
2509.0,41.0,0.147571
2509.0,42.0,0.342119
2509.0,43.0,0.03566
2509.0,44.0,0.471271
2509.0,45.0,0.968939
2509.0,46.0,0.072798
2509.0,47.0,0.971669
2509.0,48.0,0.781506
2509.0,49.0,0.122247
2509.0,50.0,0.611991
2509.0,51.0,0.783607
2509.0,52.0,0.505066
2509.0,53.0,0.46395
2509.0,54.0,0.0
2509.0,55.0,0.2648
2509.0,56.0,1.0
2509.0,57.0,0.576318
2509.0,58.0,0.460613
2509.0,59.0,0.0072
2509.0,60.0,0.011736
2509.0,61.0,1.0
2509.0,62.0,0.898436
2509.0,63.0,0.564895
2509.0,64.0,0.001781
2509.0,65.0,0.253239
2509.0,66.0,0.811635
2509.0,67.0,0.0
2509.0,68.0,0.646356
2509.0,69.0,0.614857
2509.0,70.0,0.112019
2509.0,71.0,1.0
2509.0,72.0,0.997156
2509.0,73.0,0.19127
2509.0,74.0,0.385666
2509.0,75.0,0.252139
2509.0,76.0,0.080978
2509.0,77.0,0.52202
2509.0,78.0,0.71452
2509.0,79.0,0.490746
2509.0,80.0,1.0
2509.0,81.0,0.792641
2509.0,82.0,0.246431
2509.0,83.0,0.915342
2509.0,84.0,0.422077
2509.0,85.0,0.144918
2509.0,86.0,0.000107
2509.0,87.0,0.318902
2509.0,88.0,0.55086
2509.0,89.0,0.745521
2509.0,90.0,0.874881
2509.0,91.0,0.267529
2509.0,92.0,0.106549
2509.0,93.0,0.481145
2509.0,94.0,0.883289
2509.0,95.0,0.880024
2509.0,96.0,0.023423
2509.0,97.0,0.220278
2509.0,98.0,0.727146
2509.0,99.0,0.188339
2509.0,100.0,0.953849
2509.0,101.0,0.0
2509.0,102.0,1.0
2509.0,103.0,0.730519
2509.0,104.0,0.521168
2509.0,105.0,0.492645
2509.0,106.0,1.0
2509.0,107.0,0.960681
2509.0,108.0,0.335498
2509.0,109.0,0.892908
2509.0,110.0,0.69479
2509.0,111.0,0.983402
2509.0,112.0,0.398934
2509.0,113.0,0.97941
2509.0,114.0,0.065629
2509.0,115.0,0.462735
2509.0,116.0,0.623449
2509.0,117.0,0.052784
2509.0,118.0,1.0
2509.0,119.0,0.616153
2509.0,120.0,0.0
2509.0,121.0,0.453518
2509.0,122.0,0.303338
2509.0,123.0,0.136564
2509.0,124.0,0.259562
2509.0,125.0,0.784159
2509.0,126.0,0.707271
2509.0,127.0,0.964972
2509.0,128.0,0.473422
2509.0,129.0,0.479654
2509.0,130.0,0.561168
2509.0,131.0,0.507046
2509.0,132.0,0.60911
2509.0,133.0,0.609047
2509.0,134.0,0.494299
2509.0,135.0,0.0017
2509.0,136.0,0.051792
2509.0,137.0,0.320132
2509.0,138.0,0.548523
2509.0,139.0,0.512919
2509.0,140.0,0.892706
2509.0,141.0,0.665224
2509.0,142.0,0.685113
2509.0,143.0,0.414167
2509.0,144.0,1.0
2509.0,145.0,0.359229
2509.0,146.0,0.166732
2509.0,147.0,0.03754
2509.0,148.0,0.710344
2509.0,149.0,0.0
2509.0,150.0,0.665824
2509.0,151.0,0.782338
2509.0,152.0,0.282442
2509.0,153.0,0.782462
2509.0,154.0,0.572571
2509.0,155.0,0.221596
2509.0,156.0,0.750825
2509.0,157.0,0.797747
2509.0,158.0,0.446291
2509.0,159.0,0.897803
2509.0,160.0,0.0
2509.0,161.0,0.958267
2509.0,162.0,0.999939
2509.0,163.0,0.817088
2509.0,164.0,0.240112
2509.0,165.0,0.0
2509.0,166.0,0.002463
2509.0,167.0,0.002211
2509.0,168.0,1.0
2509.0,169.0,0.364542
2509.0,170.0,1.0
2509.0,171.0,0.999615
2509.0,172.0,0.414377
2509.0,173.0,0.491163
2509.0,174.0,0.438085
2509.0,175.0,0.501498
2509.0,176.0,0.412596
2509.0,177.0,0.484287
2509.0,178.0,0.606561
2509.0,179.0,0.428194
2509.0,180.0,0.722634
2509.0,181.0,0.412457
2509.0,182.0,0.312162
2509.0,183.0,0.028728
2509.0,184.0,0.553281
2509.0,185.0,0.748684
2509.0,186.0,0.650568
2509.0,187.0,0.000421
2509.0,188.0,0.766342
2509.0,189.0,0.380845
2509.0,190.0,0.328695
2509.0,191.0,0.0
2509.0,192.0,0.454268
2509.0,193.0,0.249501
2509.0,194.0,0.218357
2509.0,195.0,0.192975
2509.0,196.0,0.911541
2509.0,197.0,0.072906
2509.0,198.0,0.995354
2509.0,199.0,0.171096
2509.0,200.0,0.40091
2509.0,201.0,0.532454
2509.0,202.0,0.514663
2509.0,203.0,0.747394
2509.0,204.0,0.573042
2509.0,205.0,0.605274
2509.0,206.0,0.342067
2509.0,207.0,0.89592
2509.0,208.0,0.774051
2509.0,209.0,0.597758
2509.0,210.0,0.548982
2509.0,211.0,0.544734
2509.0,212.0,0.448222
2509.0,213.0,0.12635
2509.0,214.0,0.325178
2509.0,215.0,0.519689
2509.0,216.0,0.361201
2509.0,217.0,0.432619
2509.0,218.0,0.537603
2509.0,219.0,0.499431
2509.0,220.0,0.696719
2509.0,221.0,0.896277
2509.0,222.0,0.35886
2509.0,223.0,0.46601
2509.0,224.0,0.844816
2509.0,225.0,0.53684
2509.0,226.0,0.500138
2509.0,227.0,0.543908
2509.0,228.0,0.068249
2509.0,229.0,0.567145
2509.0,230.0,0.626673
2509.0,231.0,0.340834
2509.0,232.0,0.719143
2509.0,233.0,0.48895
2509.0,234.0,0.177401
2509.0,235.0,0.069246
2509.0,236.0,1.0
2509.0,237.0,1.0
2509.0,238.0,0.0
2509.0,239.0,0.917345
2509.0,240.0,0.0
2509.0,241.0,0.997908
2509.0,242.0,0.997121
2509.0,243.0,0.519406
2509.0,244.0,0.0
2509.0,245.0,0.535875
2509.0,246.0,0.443353
2509.0,247.0,0.567508
2509.0,248.0,0.546303
2509.0,249.0,0.019801
2509.0,250.0,0.603458
2509.0,251.0,0.564784
2509.0,252.0,1.0
2509.0,253.0,0.668645
2509.0,254.0,0.0
2509.0,255.0,0.594736
2509.0,256.0,0.003441
2509.0,257.0,0.010439
2509.0,258.0,0.734981
2509.0,259.0,0.670149
2509.0,260.0,0.999831
2509.0,261.0,0.274866
2509.0,262.0,0.388806
2509.0,263.0,1.0
2509.0,264.0,0.709395
2509.0,265.0,0.587669
2509.0,266.0,0.344211
2509.0,267.0,0.190937
2509.0,268.0,0.736975
2509.0,269.0,0.117747
2509.0,270.0,0.888756
2509.0,271.0,0.555622
2509.0,272.0,0.330888
2509.0,273.0,0.444074
2509.0,274.0,0.0088
2509.0,275.0,0.630353
2509.0,276.0,1.0
2509.0,277.0,0.166401
2509.0,278.0,0.0
2509.0,279.0,0.531022
2509.0,280.0,0.036672
2509.0,281.0,0.591858
2509.0,282.0,0.580693
2509.0,283.0,0.576835
2509.0,284.0,0.839094
2509.0,285.0,0.425044
2509.0,286.0,0.473545
2509.0,287.0,0.298961
2509.0,288.0,0.273345
2509.0,289.0,0.003895
2509.0,290.0,0.195135
2509.0,291.0,0.176582
2509.0,292.0,0.229591
2509.0,293.0,0.136514
2509.0,294.0,0.969208
2509.0,295.0,0.273595
2509.0,296.0,0.953577
2509.0,297.0,0.303907
2509.0,298.0,0.395089
2509.0,299.0,0.352172
2509.0,300.0,0.37575
2509.0,301.0,0.204634
2509.0,302.0,0.349464
2509.0,303.0,0.299857
2509.0,304.0,0.0
2509.0,305.0,0.869623
2509.0,306.0,0.466534
2509.0,307.0,0.311158
2509.0,308.0,0.0
2509.0,309.0,0.818835
2509.0,310.0,0.715981
2509.0,311.0,0.378391
2509.0,312.0,1.0
2509.0,313.0,1.0
2509.0,314.0,0.857394
2509.0,315.0,0.66595
2509.0,316.0,0.457734
2509.0,317.0,0.047672
2509.0,318.0,0.916521
2509.0,319.0,0.037575
2509.0,320.0,0.577512
2509.0,321.0,0.616101
2509.0,322.0,0.791055
2509.0,323.0,0.296998
2509.0,324.0,0.287731
2509.0,325.0,0.762521
2509.0,326.0,0.254543
2509.0,327.0,0.537804
2509.0,328.0,0.205355
2509.0,329.0,0.0
2509.0,330.0,0.171976
2509.0,331.0,0.360747
2509.0,332.0,0.974595
2509.0,333.0,0.43693
2509.0,334.0,0.368094
2510.0,0.0,0.666376
2510.0,1.0,1.0
2510.0,2.0,0.598301
2510.0,3.0,0.990219
2510.0,4.0,1.0
2510.0,5.0,0.315276
2510.0,6.0,0.317812
2510.0,7.0,0.08055
2510.0,8.0,0.346902
2510.0,9.0,0.245161
2510.0,10.0,0.589281
2510.0,11.0,0.679787
2510.0,12.0,0.391912
2510.0,13.0,0.945766
2510.0,14.0,0.508723
2510.0,15.0,0.603004
2510.0,16.0,0.729796
2510.0,17.0,0.62425
2510.0,18.0,0.812951
2510.0,19.0,0.736031
2510.0,20.0,0.556316
2510.0,21.0,0.390142
2510.0,22.0,0.781076
2510.0,23.0,1.0
2510.0,24.0,0.126014
2510.0,25.0,1.0
2510.0,26.0,0.976872
2510.0,27.0,0.427798
2510.0,28.0,0.318423
2510.0,29.0,0.806663
2510.0,30.0,0.04206
2510.0,31.0,0.577929
2510.0,32.0,0.572339
2510.0,33.0,0.972741
2510.0,34.0,0.749549
2510.0,35.0,0.587572
2510.0,36.0,0.307805
2510.0,37.0,0.211364
2510.0,38.0,0.005316
2510.0,39.0,1.0
2510.0,40.0,0.936301
2510.0,41.0,0.146418
2510.0,42.0,0.337761
2510.0,43.0,0.03589
2510.0,44.0,0.470473
2510.0,45.0,0.968468
2510.0,46.0,0.07284
2510.0,47.0,0.971431
2510.0,48.0,0.781669
2510.0,49.0,0.120576
2510.0,50.0,0.598631
2510.0,51.0,0.783291
2510.0,52.0,0.494557
2510.0,53.0,0.462764
2510.0,54.0,0.0
2510.0,55.0,0.262344
2510.0,56.0,1.0
2510.0,57.0,0.573225
2510.0,58.0,0.460875
2510.0,59.0,0.006945
2510.0,60.0,0.011618
2510.0,61.0,1.0
2510.0,62.0,0.898138
2510.0,63.0,0.55582
2510.0,64.0,0.001763
2510.0,65.0,0.251723
2510.0,66.0,0.808722
2510.0,67.0,0.0
2510.0,68.0,0.64304
2510.0,69.0,0.605458
2510.0,70.0,0.110121
2510.0,71.0,1.0
2510.0,72.0,0.997106
2510.0,73.0,0.187241
2510.0,74.0,0.379158
2510.0,75.0,0.250661
2510.0,76.0,0.077689
2510.0,77.0,0.521559
2510.0,78.0,0.713373
2510.0,79.0,0.489797
2510.0,80.0,1.0
2510.0,81.0,0.792119
2510.0,82.0,0.225469
2510.0,83.0,0.914406
2510.0,84.0,0.419991
2510.0,85.0,0.143997
2510.0,86.0,0.000101
2510.0,87.0,0.318601
2510.0,88.0,0.550688
2510.0,89.0,0.743641
2510.0,90.0,0.873057
2510.0,91.0,0.2663
2510.0,92.0,0.106352
2510.0,93.0,0.475897
2510.0,94.0,0.882391
2510.0,95.0,0.876769
2510.0,96.0,0.022854
2510.0,97.0,0.213239
2510.0,98.0,0.699627
2510.0,99.0,0.184711
2510.0,100.0,0.952954
2510.0,101.0,0.0
2510.0,102.0,1.0
2510.0,103.0,0.729104
2510.0,104.0,0.519291
2510.0,105.0,0.489914
2510.0,106.0,1.0
2510.0,107.0,0.960504
2510.0,108.0,0.333948
2510.0,109.0,0.892379
2510.0,110.0,0.691286
2510.0,111.0,0.983179
2510.0,112.0,0.397689
2510.0,113.0,0.979208
2510.0,114.0,0.060698
2510.0,115.0,0.4536
2510.0,116.0,0.620457
2510.0,117.0,0.051989
2510.0,118.0,1.0
2510.0,119.0,0.61378
2510.0,120.0,0.0
2510.0,121.0,0.447798
2510.0,122.0,0.298189
2510.0,123.0,0.136457
2510.0,124.0,0.258512
2510.0,125.0,0.780384
2510.0,126.0,0.706973
2510.0,127.0,0.958574
2510.0,128.0,0.470007
2510.0,129.0,0.478694
2510.0,130.0,0.5575
2510.0,131.0,0.49428
2510.0,132.0,0.599699
2510.0,133.0,0.607693
2510.0,134.0,0.488272
2510.0,135.0,0.00159
2510.0,136.0,0.051585
2510.0,137.0,0.316111
2510.0,138.0,0.548325
2510.0,139.0,0.511079
2510.0,140.0,0.892798
2510.0,141.0,0.664724
2510.0,142.0,0.683927
2510.0,143.0,0.412544
2510.0,144.0,1.0
2510.0,145.0,0.354821
2510.0,146.0,0.164854
2510.0,147.0,0.037078
2510.0,148.0,0.708532
2510.0,149.0,0.0
2510.0,150.0,0.663803
2510.0,151.0,0.774432
2510.0,152.0,0.272885
2510.0,153.0,0.776895
2510.0,154.0,0.569339
2510.0,155.0,0.219311
2510.0,156.0,0.746488
2510.0,157.0,0.797196
2510.0,158.0,0.437576
2510.0,159.0,0.897671
2510.0,160.0,0.0
2510.0,161.0,0.95709
2510.0,162.0,0.99994
2510.0,163.0,0.809673
2510.0,164.0,0.229299
2510.0,165.0,0.0
2510.0,166.0,0.002409
2510.0,167.0,0.002129
2510.0,168.0,1.0
2510.0,169.0,0.362843
2510.0,170.0,1.0
2510.0,171.0,0.999649
2510.0,172.0,0.409528
2510.0,173.0,0.482499
2510.0,174.0,0.434572
2510.0,175.0,0.498362
2510.0,176.0,0.399448
2510.0,177.0,0.479663
2510.0,178.0,0.598056
2510.0,179.0,0.423377
2510.0,180.0,0.719328
2510.0,181.0,0.408309
2510.0,182.0,0.311587
2510.0,183.0,0.028159
2510.0,184.0,0.54867
2510.0,185.0,0.747387
2510.0,186.0,0.645589
2510.0,187.0,0.000388
2510.0,188.0,0.763936
2510.0,189.0,0.381047
2510.0,190.0,0.326457
2510.0,191.0,0.0
2510.0,192.0,0.444746
2510.0,193.0,0.246744
2510.0,194.0,0.216084
2510.0,195.0,0.190885
2510.0,196.0,0.911413
2510.0,197.0,0.072331
2510.0,198.0,0.995319
2510.0,199.0,0.167621
2510.0,200.0,0.39836
2510.0,201.0,0.526788
2510.0,202.0,0.511435
2510.0,203.0,0.745871
2510.0,204.0,0.572119
2510.0,205.0,0.597192
2510.0,206.0,0.339452
2510.0,207.0,0.895337
2510.0,208.0,0.772516
2510.0,209.0,0.580946
2510.0,210.0,0.545272
2510.0,211.0,0.535656
2510.0,212.0,0.445897
2510.0,213.0,0.122436
2510.0,214.0,0.322969
2510.0,215.0,0.520053
2510.0,216.0,0.354769
2510.0,217.0,0.428768
2510.0,218.0,0.535797
2510.0,219.0,0.497453
2510.0,220.0,0.689884
2510.0,221.0,0.895503
2510.0,222.0,0.356455
2510.0,223.0,0.464672
2510.0,224.0,0.844647
2510.0,225.0,0.534675
2510.0,226.0,0.494279
2510.0,227.0,0.543234
2510.0,228.0,0.067602
2510.0,229.0,0.566419
2510.0,230.0,0.625785
2510.0,231.0,0.339921
2510.0,232.0,0.718015
2510.0,233.0,0.47735
2510.0,234.0,0.176579
2510.0,235.0,0.068946
2510.0,236.0,1.0
2510.0,237.0,1.0
2510.0,238.0,0.0
2510.0,239.0,0.912694
2510.0,240.0,0.0
2510.0,241.0,0.997918
2510.0,242.0,0.997115
2510.0,243.0,0.511511
2510.0,244.0,0.0
2510.0,245.0,0.531263
2510.0,246.0,0.434896
2510.0,247.0,0.564986
2510.0,248.0,0.545367
2510.0,249.0,0.019455
2510.0,250.0,0.60212
2510.0,251.0,0.564855
2510.0,252.0,1.0
2510.0,253.0,0.666785
2510.0,254.0,0.0
2510.0,255.0,0.594006
2510.0,256.0,0.003314
2510.0,257.0,0.010335
2510.0,258.0,0.731226
2510.0,259.0,0.668573
2510.0,260.0,0.999825
2510.0,261.0,0.267416
2510.0,262.0,0.387968
2510.0,263.0,1.0
2510.0,264.0,0.701852
2510.0,265.0,0.586649
2510.0,266.0,0.343144
2510.0,267.0,0.184196
2510.0,268.0,0.733036
2510.0,269.0,0.117159
2510.0,270.0,0.888275
2510.0,271.0,0.551644
2510.0,272.0,0.328706
2510.0,273.0,0.440911
2510.0,274.0,0.00819
2510.0,275.0,0.626885
2510.0,276.0,1.0
2510.0,277.0,0.165331
2510.0,278.0,0.0
2510.0,279.0,0.529623
2510.0,280.0,0.035756
2510.0,281.0,0.591353
2510.0,282.0,0.58023
2510.0,283.0,0.576022
2510.0,284.0,0.839006
2510.0,285.0,0.421846
2510.0,286.0,0.47059
2510.0,287.0,0.293343
2510.0,288.0,0.271106
2510.0,289.0,0.003753
2510.0,290.0,0.194542
2510.0,291.0,0.174307
2510.0,292.0,0.225936
2510.0,293.0,0.134269
2510.0,294.0,0.968939
2510.0,295.0,0.270873
2510.0,296.0,0.953556
2510.0,297.0,0.300251
2510.0,298.0,0.381374
2510.0,299.0,0.344733
2510.0,300.0,0.364795
2510.0,301.0,0.203877
2510.0,302.0,0.349626
2510.0,303.0,0.294718
2510.0,304.0,0.0
2510.0,305.0,0.868737
2510.0,306.0,0.45723
2510.0,307.0,0.307219
2510.0,308.0,0.0
2510.0,309.0,0.818327
2510.0,310.0,0.715389
2510.0,311.0,0.376639
2510.0,312.0,1.0
2510.0,313.0,1.0
2510.0,314.0,0.857718
2510.0,315.0,0.660901
2510.0,316.0,0.455317
2510.0,317.0,0.047061
2510.0,318.0,0.915996
2510.0,319.0,0.034289
2510.0,320.0,0.574659
2510.0,321.0,0.606795
2510.0,322.0,0.789546
2510.0,323.0,0.291179
2510.0,324.0,0.273354
2510.0,325.0,0.761293
2510.0,326.0,0.253153
2510.0,327.0,0.511997
2510.0,328.0,0.202078
2510.0,329.0,0.0
2510.0,330.0,0.171421
2510.0,331.0,0.359056
2510.0,332.0,0.974367
2510.0,333.0,0.434389
2510.0,334.0,0.364168
