FREQUENCIES 
Gen,mut_id,mut_freq
1.0,0.0,0.5
1.0,1.0,0.5
1.0,2.0,0.5
1.0,3.0,0.5
1.0,4.0,0.5
1.0,5.0,0.5
1.0,6.0,0.5
1.0,7.0,0.5
1.0,8.0,0.5
1.0,9.0,0.5
1.0,10.0,0.5
1.0,11.0,0.5
1.0,12.0,0.5
1.0,13.0,0.5
1.0,14.0,0.5
1.0,15.0,0.5
1.0,16.0,0.5
1.0,17.0,0.5
1.0,18.0,0.5
1.0,19.0,0.5
1.0,20.0,0.5
1.0,21.0,0.5
1.0,22.0,0.5
1.0,23.0,0.5
1.0,24.0,0.5
1.0,25.0,0.5
1.0,26.0,0.5
1.0,27.0,0.5
1.0,28.0,0.5
1.0,29.0,0.5
1.0,30.0,0.5
1.0,31.0,0.5
1.0,32.0,0.5
1.0,33.0,0.5
1.0,34.0,0.5
1.0,35.0,0.5
1.0,36.0,0.5
1.0,37.0,0.5
1.0,38.0,0.5
1.0,39.0,0.5
1.0,40.0,0.5
1.0,41.0,0.5
1.0,42.0,0.5
1.0,43.0,0.5
1.0,44.0,0.5
1.0,45.0,0.5
1.0,46.0,0.5
1.0,47.0,0.5
1.0,48.0,0.5
1.0,49.0,0.5
1.0,50.0,0.5
1.0,51.0,0.5
1.0,52.0,0.5
1.0,53.0,0.5
1.0,54.0,0.5
1.0,55.0,0.5
1.0,56.0,0.5
1.0,57.0,0.5
1.0,58.0,0.5
1.0,59.0,0.5
1.0,60.0,0.5
1.0,61.0,0.5
1.0,62.0,0.5
1.0,63.0,0.5
1.0,64.0,0.5
1.0,65.0,0.5
1.0,66.0,0.5
1.0,67.0,0.5
1.0,68.0,0.5
1.0,69.0,0.5
1.0,70.0,0.5
1.0,71.0,0.5
1.0,72.0,0.5
1.0,73.0,0.5
1.0,74.0,0.5
1.0,75.0,0.5
1.0,76.0,0.5
1.0,77.0,0.5
1.0,78.0,0.5
1.0,79.0,0.5
1.0,80.0,0.5
1.0,81.0,0.5
1.0,82.0,0.5
1.0,83.0,0.5
1.0,84.0,0.5
1.0,85.0,0.5
1.0,86.0,0.5
1.0,87.0,0.5
1.0,88.0,0.5
1.0,89.0,0.5
1.0,90.0,0.5
1.0,91.0,0.5
1.0,92.0,0.5
1.0,93.0,0.5
1.0,94.0,0.5
1.0,95.0,0.5
1.0,96.0,0.5
1.0,97.0,0.5
1.0,98.0,0.5
1.0,99.0,0.5
1.0,100.0,0.5
1.0,101.0,0.5
1.0,102.0,0.5
1.0,103.0,0.5
1.0,104.0,0.5
1.0,105.0,0.5
1.0,106.0,0.5
1.0,107.0,0.5
1.0,108.0,0.5
1.0,109.0,0.5
1.0,110.0,0.5
1.0,111.0,0.5
1.0,112.0,0.5
1.0,113.0,0.5
1.0,114.0,0.5
1.0,115.0,0.5
1.0,116.0,0.5
1.0,117.0,0.5
1.0,118.0,0.5
1.0,119.0,0.5
1.0,120.0,0.5
1.0,121.0,0.5
1.0,122.0,0.5
1.0,123.0,0.5
1.0,124.0,0.5
1.0,125.0,0.5
1.0,126.0,0.5
1.0,127.0,0.5
1.0,128.0,0.5
1.0,129.0,0.5
1.0,130.0,0.5
1.0,131.0,0.5
1.0,132.0,0.5
1.0,133.0,0.5
1.0,134.0,0.5
1.0,135.0,0.5
1.0,136.0,0.5
1.0,137.0,0.5
1.0,138.0,0.5
1.0,139.0,0.5
1.0,140.0,0.5
1.0,141.0,0.5
1.0,142.0,0.5
1.0,143.0,0.5
1.0,144.0,0.5
1.0,145.0,0.5
1.0,146.0,0.5
1.0,147.0,0.5
1.0,148.0,0.5
1.0,149.0,0.5
1.0,150.0,0.5
1.0,151.0,0.5
1.0,152.0,0.5
1.0,153.0,0.5
1.0,154.0,0.5
1.0,155.0,0.5
1.0,156.0,0.5
1.0,157.0,0.5
1.0,158.0,0.5
1.0,159.0,0.5
1.0,160.0,0.5
1.0,161.0,0.5
1.0,162.0,0.5
1.0,163.0,0.5
1.0,164.0,0.5
1.0,165.0,0.5
1.0,166.0,0.5
1.0,167.0,0.5
1.0,168.0,0.5
1.0,169.0,0.5
1.0,170.0,0.5
1.0,171.0,0.5
1.0,172.0,0.5
1.0,173.0,0.5
1.0,174.0,0.5
1.0,175.0,0.5
1.0,176.0,0.5
1.0,177.0,0.5
1.0,178.0,0.5
1.0,179.0,0.5
1.0,180.0,0.5
1.0,181.0,0.5
1.0,182.0,0.5
1.0,183.0,0.5
1.0,184.0,0.5
1.0,185.0,0.5
1.0,186.0,0.5
1.0,187.0,0.5
1.0,188.0,0.5
1.0,189.0,0.5
1.0,190.0,0.5
1.0,191.0,0.5
1.0,192.0,0.5
1.0,193.0,0.5
1.0,194.0,0.5
1.0,195.0,0.5
1.0,196.0,0.5
1.0,197.0,0.5
1.0,198.0,0.5
1.0,199.0,0.5
1.0,200.0,0.5
1.0,201.0,0.5
1.0,202.0,0.5
1.0,203.0,0.5
1.0,204.0,0.5
1.0,205.0,0.5
1.0,206.0,0.5
1.0,207.0,0.5
1.0,208.0,0.5
1.0,209.0,0.5
1.0,210.0,0.5
1.0,211.0,0.5
1.0,212.0,0.5
1.0,213.0,0.5
1.0,214.0,0.5
1.0,215.0,0.5
1.0,216.0,0.5
1.0,217.0,0.5
1.0,218.0,0.5
1.0,219.0,0.5
1.0,220.0,0.5
1.0,221.0,0.5
1.0,222.0,0.5
1.0,223.0,0.5
1.0,224.0,0.5
1.0,225.0,0.5
1.0,226.0,0.5
1.0,227.0,0.5
1.0,228.0,0.5
1.0,229.0,0.5
1.0,230.0,0.5
1.0,231.0,0.5
1.0,232.0,0.5
1.0,233.0,0.5
1.0,234.0,0.5
1.0,235.0,0.5
1.0,236.0,0.5
1.0,237.0,0.5
1.0,238.0,0.5
1.0,239.0,0.5
1.0,240.0,0.5
1.0,241.0,0.5
1.0,242.0,0.5
1.0,243.0,0.5
1.0,244.0,0.5
1.0,245.0,0.5
1.0,246.0,0.5
1.0,247.0,0.5
1.0,248.0,0.5
1.0,249.0,0.5
1.0,250.0,0.5
1.0,251.0,0.5
1.0,252.0,0.5
1.0,253.0,0.5
1.0,254.0,0.5
1.0,255.0,0.5
1.0,256.0,0.5
1.0,257.0,0.5
1.0,258.0,0.5
1.0,259.0,0.5
1.0,260.0,0.5
1.0,261.0,0.5
1.0,262.0,0.5
1.0,263.0,0.5
1.0,264.0,0.5
1.0,265.0,0.5
1.0,266.0,0.5
1.0,267.0,0.5
1.0,268.0,0.5
1.0,269.0,0.5
1.0,270.0,0.5
1.0,271.0,0.5
1.0,272.0,0.5
1.0,273.0,0.5
1.0,274.0,0.5
1.0,275.0,0.5
1.0,276.0,0.5
1.0,277.0,0.5
1.0,278.0,0.5
1.0,279.0,0.5
1.0,280.0,0.5
1.0,281.0,0.5
1.0,282.0,0.5
1.0,283.0,0.5
1.0,284.0,0.5
1.0,285.0,0.5
1.0,286.0,0.5
1.0,287.0,0.5
1.0,288.0,0.5
1.0,289.0,0.5
1.0,290.0,0.5
1.0,291.0,0.5
1.0,292.0,0.5
1.0,293.0,0.5
1.0,294.0,0.5
1.0,295.0,0.5
1.0,296.0,0.5
1.0,297.0,0.5
1.0,298.0,0.5
1.0,299.0,0.5
1.0,300.0,0.5
1.0,301.0,0.5
1.0,302.0,0.5
1.0,303.0,0.5
1.0,304.0,0.5
1.0,305.0,0.5
1.0,306.0,0.5
1.0,307.0,0.5
1.0,308.0,0.5
1.0,309.0,0.5
1.0,310.0,0.5
1.0,311.0,0.5
1.0,312.0,0.5
1.0,313.0,0.5
1.0,314.0,0.5
1.0,315.0,0.5
1.0,316.0,0.5
1.0,317.0,0.5
1.0,318.0,0.5
1.0,319.0,0.5
1.0,320.0,0.5
1.0,321.0,0.5
1.0,322.0,0.5
1.0,323.0,0.5
1.0,324.0,0.5
1.0,325.0,0.5
1.0,326.0,0.5
1.0,327.0,0.5
1.0,328.0,0.5
1.0,329.0,0.5
1.0,330.0,0.5
1.0,331.0,0.5
1.0,332.0,0.5
1.0,333.0,0.5
1.0,334.0,0.5
2500.0,0.0,0.005493
2500.0,1.0,0.0
2500.0,2.0,8.5e-05
2500.0,3.0,0.424768
2500.0,4.0,0.273209
2500.0,5.0,0.428623
2500.0,6.0,0.770544
2500.0,7.0,0.778943
2500.0,8.0,0.217446
2500.0,9.0,0.765637
2500.0,10.0,0.993854
2500.0,11.0,0.845862
2500.0,12.0,0.348893
2500.0,13.0,0.334674
2500.0,14.0,0.599952
2500.0,15.0,0.872241
2500.0,16.0,0.583625
2500.0,17.0,0.010277
2500.0,18.0,0.608456
2500.0,19.0,0.655252
2500.0,20.0,0.451959
2500.0,21.0,0.0
2500.0,22.0,0.897098
2500.0,23.0,1.0
2500.0,24.0,0.449902
2500.0,25.0,0.470606
2500.0,26.0,0.803131
2500.0,27.0,0.43853
2500.0,28.0,0.697246
2500.0,29.0,1.0
2500.0,30.0,0.2128
2500.0,31.0,0.735167
2500.0,32.0,0.991871
2500.0,33.0,1.0
2500.0,34.0,0.02838
2500.0,35.0,0.394399
2500.0,36.0,0.385436
2500.0,37.0,0.540164
2500.0,38.0,0.456425
2500.0,39.0,0.925318
2500.0,40.0,0.632935
2500.0,41.0,0.802984
2500.0,42.0,0.367269
2500.0,43.0,0.888995
2500.0,44.0,0.597708
2500.0,45.0,0.74423
2500.0,46.0,0.519338
2500.0,47.0,0.8912
2500.0,48.0,0.964267
2500.0,49.0,0.254175
2500.0,50.0,0.00782
2500.0,51.0,0.285575
2500.0,52.0,0.999457
2500.0,53.0,0.805787
2500.0,54.0,0.951661
2500.0,55.0,0.026788
2500.0,56.0,0.338645
2500.0,57.0,0.0
2500.0,58.0,0.439241
2500.0,59.0,0.291516
2500.0,60.0,0.819743
2500.0,61.0,0.885644
2500.0,62.0,0.174743
2500.0,63.0,0.701814
2500.0,64.0,0.945574
2500.0,65.0,0.047761
2500.0,66.0,0.007525
2500.0,67.0,0.535407
2500.0,68.0,0.053407
2500.0,69.0,0.083199
2500.0,70.0,0.25863
2500.0,71.0,0.09526
2500.0,72.0,0.537664
2500.0,73.0,0.476114
2500.0,74.0,0.66187
2500.0,75.0,0.544621
2500.0,76.0,0.857566
2500.0,77.0,0.783043
2500.0,78.0,0.330621
2500.0,79.0,0.003104
2500.0,80.0,0.881843
2500.0,81.0,0.301197
2500.0,82.0,0.565249
2500.0,83.0,0.516726
2500.0,84.0,1.0
2500.0,85.0,0.48817
2500.0,86.0,0.734774
2500.0,87.0,0.991068
2500.0,88.0,0.0
2500.0,89.0,0.679691
2500.0,90.0,0.626948
2500.0,91.0,0.451912
2500.0,92.0,0.22089
2500.0,93.0,0.457099
2500.0,94.0,0.433552
2500.0,95.0,0.20131
2500.0,96.0,0.99825
2500.0,97.0,0.325447
2500.0,98.0,0.0
2500.0,99.0,0.151443
2500.0,100.0,0.622107
2500.0,101.0,0.394305
2500.0,102.0,0.788965
2500.0,103.0,4.6e-05
2500.0,104.0,0.151353
2500.0,105.0,0.581435
2500.0,106.0,0.657317
2500.0,107.0,0.720725
2500.0,108.0,0.871951
2500.0,109.0,0.926004
2500.0,110.0,0.392003
2500.0,111.0,0.901488
2500.0,112.0,0.351051
2500.0,113.0,0.500193
2500.0,114.0,0.338097
2500.0,115.0,0.146877
2500.0,116.0,0.898434
2500.0,117.0,0.280399
2500.0,118.0,0.802516
2500.0,119.0,0.269532
2500.0,120.0,0.0
2500.0,121.0,0.260358
2500.0,122.0,0.564716
2500.0,123.0,1.0
2500.0,124.0,0.450362
2500.0,125.0,0.473478
2500.0,126.0,0.357105
2500.0,127.0,0.05482
2500.0,128.0,0.051532
2500.0,129.0,0.933411
2500.0,130.0,0.04626
2500.0,131.0,0.901565
2500.0,132.0,0.366669
2500.0,133.0,0.805553
2500.0,134.0,0.473572
2500.0,135.0,0.327873
2500.0,136.0,0.998711
2500.0,137.0,0.501013
2500.0,138.0,0.706774
2500.0,139.0,0.407433
2500.0,140.0,0.018404
2500.0,141.0,0.644065
2500.0,142.0,1.0
2500.0,143.0,0.146748
2500.0,144.0,0.243371
2500.0,145.0,0.375826
2500.0,146.0,0.551817
2500.0,147.0,1.0
2500.0,148.0,0.392215
2500.0,149.0,0.459099
2500.0,150.0,0.261983
2500.0,151.0,0.530446
2500.0,152.0,0.341963
2500.0,153.0,0.345329
2500.0,154.0,0.610544
2500.0,155.0,0.633347
2500.0,156.0,0.602806
2500.0,157.0,0.000221
2500.0,158.0,0.171925
2500.0,159.0,0.124791
2500.0,160.0,0.04164
2500.0,161.0,0.06457
2500.0,162.0,0.718425
2500.0,163.0,0.611343
2500.0,164.0,0.63628
2500.0,165.0,0.424886
2500.0,166.0,0.0
2500.0,167.0,0.463048
2500.0,168.0,0.55977
2500.0,169.0,0.608973
2500.0,170.0,0.664405
2500.0,171.0,0.456583
2500.0,172.0,0.537381
2500.0,173.0,0.651142
2500.0,174.0,0.404006
2500.0,175.0,0.372567
2500.0,176.0,0.256333
2500.0,177.0,0.0
2500.0,178.0,0.99708
2500.0,179.0,0.368675
2500.0,180.0,0.330776
2500.0,181.0,0.320936
2500.0,182.0,0.059142
2500.0,183.0,0.0
2500.0,184.0,0.482654
2500.0,185.0,0.517142
2500.0,186.0,0.871712
2500.0,187.0,0.489265
2500.0,188.0,0.012016
2500.0,189.0,0.880782
2500.0,190.0,1.0
2500.0,191.0,0.664612
2500.0,192.0,0.215705
2500.0,193.0,0.774458
2500.0,194.0,0.012856
2500.0,195.0,0.460639
2500.0,196.0,0.510797
2500.0,197.0,0.295287
2500.0,198.0,0.454874
2500.0,199.0,0.088356
2500.0,200.0,0.00807
2500.0,201.0,0.756073
2500.0,202.0,1.0
2500.0,203.0,0.549329
2500.0,204.0,0.289005
2500.0,205.0,0.0
2500.0,206.0,0.328845
2500.0,207.0,0.999004
2500.0,208.0,0.568807
2500.0,209.0,0.602952
2500.0,210.0,0.304522
2500.0,211.0,0.190067
2500.0,212.0,0.570986
2500.0,213.0,0.0
2500.0,214.0,0.552876
2500.0,215.0,0.654533
2500.0,216.0,1.0
2500.0,217.0,0.693813
2500.0,218.0,0.0
2500.0,219.0,0.301722
2500.0,220.0,0.931739
2500.0,221.0,0.515911
2500.0,222.0,0.020875
2500.0,223.0,0.576426
2500.0,224.0,0.356468
2500.0,225.0,0.80951
2500.0,226.0,0.696097
2500.0,227.0,0.829063
2500.0,228.0,0.769572
2500.0,229.0,0.22917
2500.0,230.0,0.38747
2500.0,231.0,0.2891
2500.0,232.0,0.347302
2500.0,233.0,0.773757
2500.0,234.0,0.26944
2500.0,235.0,0.0
2500.0,236.0,0.950555
2500.0,237.0,0.157835
2500.0,238.0,0.562726
2500.0,239.0,0.982474
2500.0,240.0,0.158321
2500.0,241.0,0.459653
2500.0,242.0,0.44065
2500.0,243.0,0.003481
2500.0,244.0,0.012197
2500.0,245.0,0.99944
2500.0,246.0,0.623874
2500.0,247.0,0.492187
2500.0,248.0,0.514739
2500.0,249.0,0.460581
2500.0,250.0,0.5255
2500.0,251.0,0.936405
2500.0,252.0,0.484711
2500.0,253.0,0.70453
2500.0,254.0,0.61468
2500.0,255.0,0.414333
2500.0,256.0,0.999485
2500.0,257.0,0.813022
2500.0,258.0,0.473727
2500.0,259.0,0.596613
2500.0,260.0,0.885412
2500.0,261.0,0.30074
2500.0,262.0,0.001663
2500.0,263.0,0.458675
2500.0,264.0,0.0
2500.0,265.0,0.37663
2500.0,266.0,0.385096
2500.0,267.0,0.783284
2500.0,268.0,0.393439
2500.0,269.0,0.163051
2500.0,270.0,0.818936
2500.0,271.0,0.0
2500.0,272.0,0.123611
2500.0,273.0,0.360334
2500.0,274.0,0.359074
2500.0,275.0,0.667749
2500.0,276.0,0.034189
2500.0,277.0,0.32388
2500.0,278.0,0.454765
2500.0,279.0,0.219963
2500.0,280.0,0.528411
2500.0,281.0,0.830152
2500.0,282.0,1.0
2500.0,283.0,0.446788
2500.0,284.0,0.289009
2500.0,285.0,0.452402
2500.0,286.0,0.816631
2500.0,287.0,0.280789
2500.0,288.0,0.430466
2500.0,289.0,0.365402
2500.0,290.0,0.585663
2500.0,291.0,0.420984
2500.0,292.0,0.680023
2500.0,293.0,1.0
2500.0,294.0,0.397949
2500.0,295.0,0.242232
2500.0,296.0,0.008112
2500.0,297.0,0.688713
2500.0,298.0,0.153718
2500.0,299.0,0.0
2500.0,300.0,0.370138
2500.0,301.0,0.713527
2500.0,302.0,0.182268
2500.0,303.0,0.92717
2500.0,304.0,0.004747
2500.0,305.0,0.848966
2500.0,306.0,0.702034
2500.0,307.0,0.576286
2500.0,308.0,0.524336
2500.0,309.0,0.0
2500.0,310.0,0.979727
2500.0,311.0,0.485158
2500.0,312.0,0.0
2500.0,313.0,0.569052
2500.0,314.0,0.39252
2500.0,315.0,0.493116
2500.0,316.0,0.349917
2500.0,317.0,0.933533
2500.0,318.0,0.614517
2500.0,319.0,0.152305
2500.0,320.0,0.320146
2500.0,321.0,0.000202
2500.0,322.0,0.126864
2500.0,323.0,0.340622
2500.0,324.0,0.552757
2500.0,325.0,0.064348
2500.0,326.0,0.791513
2500.0,327.0,0.207428
2500.0,328.0,0.065448
2500.0,329.0,0.854304
2500.0,330.0,0.113017
2500.0,331.0,0.602257
2500.0,332.0,0.350153
2500.0,333.0,0.0
2500.0,334.0,0.270654
2501.0,0.0,0.005705
2501.0,1.0,0.0
2501.0,2.0,8.0e-05
2501.0,3.0,0.429287
2501.0,4.0,0.275114
2501.0,5.0,0.438113
2501.0,6.0,0.774058
2501.0,7.0,0.780727
2501.0,8.0,0.218805
2501.0,9.0,0.767483
2501.0,10.0,0.993737
2501.0,11.0,0.846099
2501.0,12.0,0.355467
2501.0,13.0,0.338129
2501.0,14.0,0.612901
2501.0,15.0,0.873124
2501.0,16.0,0.5862
2501.0,17.0,0.01053
2501.0,18.0,0.61641
2501.0,19.0,0.657414
2501.0,20.0,0.456503
2501.0,21.0,0.0
2501.0,22.0,0.898543
2501.0,23.0,1.0
2501.0,24.0,0.452435
2501.0,25.0,0.479164
2501.0,26.0,0.81162
2501.0,27.0,0.443705
2501.0,28.0,0.700857
2501.0,29.0,1.0
2501.0,30.0,0.222003
2501.0,31.0,0.735227
2501.0,32.0,0.99192
2501.0,33.0,1.0
2501.0,34.0,0.029923
2501.0,35.0,0.394992
2501.0,36.0,0.387392
2501.0,37.0,0.541185
2501.0,38.0,0.461115
2501.0,39.0,0.928331
2501.0,40.0,0.636662
2501.0,41.0,0.806151
2501.0,42.0,0.373014
2501.0,43.0,0.897782
2501.0,44.0,0.603317
2501.0,45.0,0.754133
2501.0,46.0,0.51837
2501.0,47.0,0.89604
2501.0,48.0,0.964264
2501.0,49.0,0.255531
2501.0,50.0,0.007792
2501.0,51.0,0.288942
2501.0,52.0,0.999525
2501.0,53.0,0.811041
2501.0,54.0,0.952503
2501.0,55.0,0.026869
2501.0,56.0,0.339618
2501.0,57.0,0.0
2501.0,58.0,0.440847
2501.0,59.0,0.297865
2501.0,60.0,0.820527
2501.0,61.0,0.887264
2501.0,62.0,0.179391
2501.0,63.0,0.702418
2501.0,64.0,0.946657
2501.0,65.0,0.048071
2501.0,66.0,0.007612
2501.0,67.0,0.539043
2501.0,68.0,0.053352
2501.0,69.0,0.083766
2501.0,70.0,0.260293
2501.0,71.0,0.097353
2501.0,72.0,0.542289
2501.0,73.0,0.476213
2501.0,74.0,0.663139
2501.0,75.0,0.551626
2501.0,76.0,0.859277
2501.0,77.0,0.783766
2501.0,78.0,0.338992
2501.0,79.0,0.003135
2501.0,80.0,0.881816
2501.0,81.0,0.30333
2501.0,82.0,0.567305
2501.0,83.0,0.519816
2501.0,84.0,1.0
2501.0,85.0,0.488566
2501.0,86.0,0.737789
2501.0,87.0,0.991281
2501.0,88.0,0.0
2501.0,89.0,0.681431
2501.0,90.0,0.627441
2501.0,91.0,0.452768
2501.0,92.0,0.223906
2501.0,93.0,0.458325
2501.0,94.0,0.437859
2501.0,95.0,0.202371
2501.0,96.0,0.998282
2501.0,97.0,0.3681
2501.0,98.0,0.0
2501.0,99.0,0.151623
2501.0,100.0,0.623844
2501.0,101.0,0.396114
2501.0,102.0,0.795927
2501.0,103.0,4.9e-05
2501.0,104.0,0.151996
2501.0,105.0,0.584263
2501.0,106.0,0.660118
2501.0,107.0,0.721541
2501.0,108.0,0.875638
2501.0,109.0,0.928303
2501.0,110.0,0.392767
2501.0,111.0,0.901435
2501.0,112.0,0.350659
2501.0,113.0,0.500598
2501.0,114.0,0.342816
2501.0,115.0,0.148402
2501.0,116.0,0.899132
2501.0,117.0,0.282411
2501.0,118.0,0.805348
2501.0,119.0,0.271815
2501.0,120.0,0.0
2501.0,121.0,0.271272
2501.0,122.0,0.566815
2501.0,123.0,1.0
2501.0,124.0,0.456363
2501.0,125.0,0.479738
2501.0,126.0,0.359562
2501.0,127.0,0.055485
2501.0,128.0,0.052075
2501.0,129.0,0.933895
2501.0,130.0,0.047251
2501.0,131.0,0.902562
2501.0,132.0,0.37465
2501.0,133.0,0.807795
2501.0,134.0,0.476561
2501.0,135.0,0.33756
2501.0,136.0,0.998766
2501.0,137.0,0.503724
2501.0,138.0,0.712729
2501.0,139.0,0.411975
2501.0,140.0,0.018474
2501.0,141.0,0.645707
2501.0,142.0,1.0
2501.0,143.0,0.148805
2501.0,144.0,0.245024
2501.0,145.0,0.37987
2501.0,146.0,0.553626
2501.0,147.0,1.0
2501.0,148.0,0.395024
2501.0,149.0,0.468668
2501.0,150.0,0.262669
2501.0,151.0,0.533909
2501.0,152.0,0.344002
2501.0,153.0,0.354517
2501.0,154.0,0.611496
2501.0,155.0,0.639764
2501.0,156.0,0.603631
2501.0,157.0,0.00022
2501.0,158.0,0.177781
2501.0,159.0,0.128024
2501.0,160.0,0.042848
2501.0,161.0,0.064951
2501.0,162.0,0.71984
2501.0,163.0,0.613559
2501.0,164.0,0.638995
2501.0,165.0,0.431873
2501.0,166.0,0.0
2501.0,167.0,0.465162
2501.0,168.0,0.561667
2501.0,169.0,0.639661
2501.0,170.0,0.66783
2501.0,171.0,0.458454
2501.0,172.0,0.539536
2501.0,173.0,0.654451
2501.0,174.0,0.404393
2501.0,175.0,0.374214
2501.0,176.0,0.258512
2501.0,177.0,0.0
2501.0,178.0,0.997167
2501.0,179.0,0.376417
2501.0,180.0,0.335109
2501.0,181.0,0.323862
2501.0,182.0,0.05954
2501.0,183.0,0.0
2501.0,184.0,0.486948
2501.0,185.0,0.51869
2501.0,186.0,0.874703
2501.0,187.0,0.489732
2501.0,188.0,0.012101
2501.0,189.0,0.881362
2501.0,190.0,1.0
2501.0,191.0,0.6665
2501.0,192.0,0.216661
2501.0,193.0,0.774608
2501.0,194.0,0.013119
2501.0,195.0,0.467507
2501.0,196.0,0.513892
2501.0,197.0,0.29952
2501.0,198.0,0.459085
2501.0,199.0,0.088785
2501.0,200.0,0.008377
2501.0,201.0,0.757196
2501.0,202.0,1.0
2501.0,203.0,0.569756
2501.0,204.0,0.290336
2501.0,205.0,0.0
2501.0,206.0,0.354263
2501.0,207.0,0.999146
2501.0,208.0,0.571949
2501.0,209.0,0.602374
2501.0,210.0,0.312989
2501.0,211.0,0.19005
2501.0,212.0,0.578875
2501.0,213.0,0.0
2501.0,214.0,0.560072
2501.0,215.0,0.660096
2501.0,216.0,1.0
2501.0,217.0,0.6983
2501.0,218.0,0.0
2501.0,219.0,0.302674
2501.0,220.0,0.932889
2501.0,221.0,0.525775
2501.0,222.0,0.021127
2501.0,223.0,0.579895
2501.0,224.0,0.359596
2501.0,225.0,0.811676
2501.0,226.0,0.701254
2501.0,227.0,0.831877
2501.0,228.0,0.771843
2501.0,229.0,0.231683
2501.0,230.0,0.389113
2501.0,231.0,0.350681
2501.0,232.0,0.348401
2501.0,233.0,0.776842
2501.0,234.0,0.274322
2501.0,235.0,0.0
2501.0,236.0,0.950626
2501.0,237.0,0.158458
2501.0,238.0,0.575113
2501.0,239.0,0.982591
2501.0,240.0,0.159266
2501.0,241.0,0.46264
2501.0,242.0,0.444372
2501.0,243.0,0.003582
2501.0,244.0,0.012173
2501.0,245.0,0.999439
2501.0,246.0,0.624516
2501.0,247.0,0.493569
2501.0,248.0,0.518164
2501.0,249.0,0.465257
2501.0,250.0,0.533387
2501.0,251.0,0.937079
2501.0,252.0,0.485619
2501.0,253.0,0.706572
2501.0,254.0,0.619619
2501.0,255.0,0.415274
2501.0,256.0,0.999491
2501.0,257.0,0.815509
2501.0,258.0,0.475314
2501.0,259.0,0.597497
2501.0,260.0,0.887846
2501.0,261.0,0.307737
2501.0,262.0,0.001654
2501.0,263.0,0.459306
2501.0,264.0,0.0
2501.0,265.0,0.376931
2501.0,266.0,0.38883
2501.0,267.0,0.785063
2501.0,268.0,0.398963
2501.0,269.0,0.16482
2501.0,270.0,0.819689
2501.0,271.0,0.0
2501.0,272.0,0.125483
2501.0,273.0,0.363313
2501.0,274.0,0.360108
2501.0,275.0,0.670043
2501.0,276.0,0.034809
2501.0,277.0,0.326546
2501.0,278.0,0.45708
2501.0,279.0,0.223123
2501.0,280.0,0.528887
2501.0,281.0,0.834075
2501.0,282.0,1.0
2501.0,283.0,0.447543
2501.0,284.0,0.290166
2501.0,285.0,0.459958
2501.0,286.0,0.821182
2501.0,287.0,0.2823
2501.0,288.0,0.435958
2501.0,289.0,0.372998
2501.0,290.0,0.585776
2501.0,291.0,0.423348
2501.0,292.0,0.683104
2501.0,293.0,1.0
2501.0,294.0,0.39812
2501.0,295.0,0.245175
2501.0,296.0,0.008261
2501.0,297.0,0.690339
2501.0,298.0,0.154812
2501.0,299.0,0.0
2501.0,300.0,0.372972
2501.0,301.0,0.71449
2501.0,302.0,0.184016
2501.0,303.0,0.926956
2501.0,304.0,0.004818
2501.0,305.0,0.84947
2501.0,306.0,0.703732
2501.0,307.0,0.57726
2501.0,308.0,0.528229
2501.0,309.0,0.0
2501.0,310.0,0.979766
2501.0,311.0,0.484532
2501.0,312.0,0.0
2501.0,313.0,0.570543
2501.0,314.0,0.395005
2501.0,315.0,0.496197
2501.0,316.0,0.352136
2501.0,317.0,0.933914
2501.0,318.0,0.616774
2501.0,319.0,0.153573
2501.0,320.0,0.328186
2501.0,321.0,0.000195
2501.0,322.0,0.127843
2501.0,323.0,0.374572
2501.0,324.0,0.554545
2501.0,325.0,0.0688
2501.0,326.0,0.793153
2501.0,327.0,0.208278
2501.0,328.0,0.066008
2501.0,329.0,0.864495
2501.0,330.0,0.113382
2501.0,331.0,0.602127
2501.0,332.0,0.355404
2501.0,333.0,0.0
2501.0,334.0,0.275721
2502.0,0.0,0.005765
2502.0,1.0,0.0
2502.0,2.0,8.7e-05
2502.0,3.0,0.433492
2502.0,4.0,0.277952
2502.0,5.0,0.448001
2502.0,6.0,0.777434
2502.0,7.0,0.782726
2502.0,8.0,0.219451
2502.0,9.0,0.768235
2502.0,10.0,0.993947
2502.0,11.0,0.846004
2502.0,12.0,0.361639
2502.0,13.0,0.340517
2502.0,14.0,0.626478
2502.0,15.0,0.873014
2502.0,16.0,0.587924
2502.0,17.0,0.010672
2502.0,18.0,0.623909
2502.0,19.0,0.657906
2502.0,20.0,0.460883
2502.0,21.0,0.0
2502.0,22.0,0.901069
2502.0,23.0,1.0
2502.0,24.0,0.454953
2502.0,25.0,0.487572
2502.0,26.0,0.819693
2502.0,27.0,0.44839
2502.0,28.0,0.705044
2502.0,29.0,1.0
2502.0,30.0,0.230356
2502.0,31.0,0.735933
2502.0,32.0,0.991981
2502.0,33.0,1.0
2502.0,34.0,0.031786
2502.0,35.0,0.394722
2502.0,36.0,0.389244
2502.0,37.0,0.542301
2502.0,38.0,0.466282
2502.0,39.0,0.931772
2502.0,40.0,0.639663
2502.0,41.0,0.808147
2502.0,42.0,0.379803
2502.0,43.0,0.906505
2502.0,44.0,0.607778
2502.0,45.0,0.76274
2502.0,46.0,0.51806
2502.0,47.0,0.899945
2502.0,48.0,0.964696
2502.0,49.0,0.257117
2502.0,50.0,0.007754
2502.0,51.0,0.292817
2502.0,52.0,0.999532
2502.0,53.0,0.815688
2502.0,54.0,0.95295
2502.0,55.0,0.027233
2502.0,56.0,0.341201
2502.0,57.0,0.0
2502.0,58.0,0.443256
2502.0,59.0,0.303519
2502.0,60.0,0.821572
2502.0,61.0,0.888374
2502.0,62.0,0.183874
2502.0,63.0,0.702231
2502.0,64.0,0.947676
2502.0,65.0,0.04856
2502.0,66.0,0.007842
2502.0,67.0,0.542688
2502.0,68.0,0.053882
2502.0,69.0,0.083588
2502.0,70.0,0.261354
2502.0,71.0,0.099801
2502.0,72.0,0.546992
2502.0,73.0,0.4777
2502.0,74.0,0.665315
2502.0,75.0,0.559109
2502.0,76.0,0.859915
2502.0,77.0,0.78439
2502.0,78.0,0.348116
2502.0,79.0,0.003234
2502.0,80.0,0.881834
2502.0,81.0,0.305332
2502.0,82.0,0.570699
2502.0,83.0,0.522745
2502.0,84.0,1.0
2502.0,85.0,0.489844
2502.0,86.0,0.741499
2502.0,87.0,0.991494
2502.0,88.0,0.0
2502.0,89.0,0.682837
2502.0,90.0,0.627688
2502.0,91.0,0.45349
2502.0,92.0,0.22692
2502.0,93.0,0.459041
2502.0,94.0,0.441541
2502.0,95.0,0.202042
2502.0,96.0,0.998324
2502.0,97.0,0.41125
2502.0,98.0,0.0
2502.0,99.0,0.152003
2502.0,100.0,0.624873
2502.0,101.0,0.397374
2502.0,102.0,0.802754
2502.0,103.0,5.1e-05
2502.0,104.0,0.15312
2502.0,105.0,0.586371
2502.0,106.0,0.662932
2502.0,107.0,0.721915
2502.0,108.0,0.879359
2502.0,109.0,0.930513
2502.0,110.0,0.392664
2502.0,111.0,0.901886
2502.0,112.0,0.350552
2502.0,113.0,0.501567
2502.0,114.0,0.347752
2502.0,115.0,0.14879
2502.0,116.0,0.899102
2502.0,117.0,0.284185
2502.0,118.0,0.808583
2502.0,119.0,0.273892
2502.0,120.0,0.0
2502.0,121.0,0.28243
2502.0,122.0,0.569264
2502.0,123.0,1.0
2502.0,124.0,0.462209
2502.0,125.0,0.484894
2502.0,126.0,0.361539
2502.0,127.0,0.056342
2502.0,128.0,0.052913
2502.0,129.0,0.934368
2502.0,130.0,0.047529
2502.0,131.0,0.904917
2502.0,132.0,0.38045
2502.0,133.0,0.810375
2502.0,134.0,0.479454
2502.0,135.0,0.346446
2502.0,136.0,0.998833
2502.0,137.0,0.506324
2502.0,138.0,0.719503
2502.0,139.0,0.415874
2502.0,140.0,0.018957
2502.0,141.0,0.647667
2502.0,142.0,1.0
2502.0,143.0,0.151467
2502.0,144.0,0.246219
2502.0,145.0,0.384426
2502.0,146.0,0.556135
2502.0,147.0,1.0
2502.0,148.0,0.397126
2502.0,149.0,0.477612
2502.0,150.0,0.263623
2502.0,151.0,0.536286
2502.0,152.0,0.346741
2502.0,153.0,0.363793
2502.0,154.0,0.612522
2502.0,155.0,0.646254
2502.0,156.0,0.604007
2502.0,157.0,0.000228
2502.0,158.0,0.18356
2502.0,159.0,0.131139
2502.0,160.0,0.044307
2502.0,161.0,0.06546
2502.0,162.0,0.720646
2502.0,163.0,0.616498
2502.0,164.0,0.641826
2502.0,165.0,0.437912
2502.0,166.0,0.0
2502.0,167.0,0.46732
2502.0,168.0,0.563359
2502.0,169.0,0.66971
2502.0,170.0,0.6715
2502.0,171.0,0.460051
2502.0,172.0,0.541287
2502.0,173.0,0.657417
2502.0,174.0,0.405137
2502.0,175.0,0.375443
2502.0,176.0,0.260119
2502.0,177.0,0.0
2502.0,178.0,0.997274
2502.0,179.0,0.384129
2502.0,180.0,0.339908
2502.0,181.0,0.326547
2502.0,182.0,0.059721
2502.0,183.0,0.0
2502.0,184.0,0.491575
2502.0,185.0,0.520175
2502.0,186.0,0.878625
2502.0,187.0,0.490212
2502.0,188.0,0.012249
2502.0,189.0,0.881777
2502.0,190.0,1.0
2502.0,191.0,0.66767
2502.0,192.0,0.218073
2502.0,193.0,0.775295
2502.0,194.0,0.013186
2502.0,195.0,0.472922
2502.0,196.0,0.51793
2502.0,197.0,0.302653
2502.0,198.0,0.463715
2502.0,199.0,0.089061
2502.0,200.0,0.008599
2502.0,201.0,0.758475
2502.0,202.0,1.0
2502.0,203.0,0.58918
2502.0,204.0,0.292579
2502.0,205.0,0.0
2502.0,206.0,0.37926
2502.0,207.0,0.999257
2502.0,208.0,0.575402
2502.0,209.0,0.60295
2502.0,210.0,0.32155
2502.0,211.0,0.190082
2502.0,212.0,0.585986
2502.0,213.0,0.0
2502.0,214.0,0.567917
2502.0,215.0,0.665646
2502.0,216.0,1.0
2502.0,217.0,0.702691
2502.0,218.0,0.0
2502.0,219.0,0.303823
2502.0,220.0,0.934121
2502.0,221.0,0.535994
2502.0,222.0,0.021446
2502.0,223.0,0.581414
2502.0,224.0,0.362313
2502.0,225.0,0.813875
2502.0,226.0,0.70622
2502.0,227.0,0.834679
2502.0,228.0,0.774886
2502.0,229.0,0.234174
2502.0,230.0,0.390805
2502.0,231.0,0.411293
2502.0,232.0,0.349456
2502.0,233.0,0.779673
2502.0,234.0,0.279278
2502.0,235.0,0.0
2502.0,236.0,0.950677
2502.0,237.0,0.159255
2502.0,238.0,0.587671
2502.0,239.0,0.982859
2502.0,240.0,0.160969
2502.0,241.0,0.46652
2502.0,242.0,0.447183
2502.0,243.0,0.003668
2502.0,244.0,0.012366
2502.0,245.0,0.999482
2502.0,246.0,0.625292
2502.0,247.0,0.495646
2502.0,248.0,0.521933
2502.0,249.0,0.469793
2502.0,250.0,0.540221
2502.0,251.0,0.937417
2502.0,252.0,0.4868
2502.0,253.0,0.709841
2502.0,254.0,0.624697
2502.0,255.0,0.417045
2502.0,256.0,0.999496
2502.0,257.0,0.817587
2502.0,258.0,0.477088
2502.0,259.0,0.599392
2502.0,260.0,0.889235
2502.0,261.0,0.314806
2502.0,262.0,0.001552
2502.0,263.0,0.460676
2502.0,264.0,0.0
2502.0,265.0,0.376901
2502.0,266.0,0.391849
2502.0,267.0,0.787488
2502.0,268.0,0.405546
2502.0,269.0,0.166627
2502.0,270.0,0.820289
2502.0,271.0,0.0
2502.0,272.0,0.126941
2502.0,273.0,0.365505
2502.0,274.0,0.362167
2502.0,275.0,0.672389
2502.0,276.0,0.035186
2502.0,277.0,0.329149
2502.0,278.0,0.458858
2502.0,279.0,0.226261
2502.0,280.0,0.530852
2502.0,281.0,0.837559
2502.0,282.0,1.0
2502.0,283.0,0.447451
2502.0,284.0,0.290615
2502.0,285.0,0.466564
2502.0,286.0,0.825683
2502.0,287.0,0.284073
2502.0,288.0,0.442182
2502.0,289.0,0.379267
2502.0,290.0,0.586434
2502.0,291.0,0.425955
2502.0,292.0,0.686074
2502.0,293.0,1.0
2502.0,294.0,0.398816
2502.0,295.0,0.248634
2502.0,296.0,0.008371
2502.0,297.0,0.691772
2502.0,298.0,0.156479
2502.0,299.0,0.0
2502.0,300.0,0.376735
2502.0,301.0,0.71558
2502.0,302.0,0.185799
2502.0,303.0,0.927434
2502.0,304.0,0.004842
2502.0,305.0,0.850268
2502.0,306.0,0.704483
2502.0,307.0,0.578041
2502.0,308.0,0.53285
2502.0,309.0,0.0
2502.0,310.0,0.980211
2502.0,311.0,0.484115
2502.0,312.0,0.0
2502.0,313.0,0.571856
2502.0,314.0,0.396435
2502.0,315.0,0.499078
2502.0,316.0,0.353365
2502.0,317.0,0.933895
2502.0,318.0,0.617428
2502.0,319.0,0.154202
2502.0,320.0,0.336301
2502.0,321.0,0.00018
2502.0,322.0,0.129438
2502.0,323.0,0.409073
2502.0,324.0,0.555598
2502.0,325.0,0.073891
2502.0,326.0,0.794809
2502.0,327.0,0.209104
2502.0,328.0,0.066499
2502.0,329.0,0.874104
2502.0,330.0,0.113736
2502.0,331.0,0.603003
2502.0,332.0,0.360327
2502.0,333.0,0.0
2502.0,334.0,0.279326
2503.0,0.0,0.005701
2503.0,1.0,0.0
2503.0,2.0,9.2e-05
2503.0,3.0,0.437456
2503.0,4.0,0.280225
2503.0,5.0,0.457347
2503.0,6.0,0.781402
2503.0,7.0,0.784497
2503.0,8.0,0.220284
2503.0,9.0,0.769653
2503.0,10.0,0.994134
2503.0,11.0,0.84713
2503.0,12.0,0.36806
2503.0,13.0,0.342945
2503.0,14.0,0.638369
2503.0,15.0,0.873194
2503.0,16.0,0.588712
2503.0,17.0,0.010797
2503.0,18.0,0.630895
2503.0,19.0,0.65845
2503.0,20.0,0.466161
2503.0,21.0,0.0
2503.0,22.0,0.902638
2503.0,23.0,1.0
2503.0,24.0,0.457154
2503.0,25.0,0.494806
2503.0,26.0,0.827398
2503.0,27.0,0.453696
2503.0,28.0,0.708601
2503.0,29.0,1.0
2503.0,30.0,0.238797
2503.0,31.0,0.736115
2503.0,32.0,0.991888
2503.0,33.0,1.0
2503.0,34.0,0.033637
2503.0,35.0,0.394746
2503.0,36.0,0.392026
2503.0,37.0,0.543477
2503.0,38.0,0.470099
2503.0,39.0,0.935066
2503.0,40.0,0.644233
2503.0,41.0,0.810839
2503.0,42.0,0.385381
2503.0,43.0,0.913959
2503.0,44.0,0.613146
2503.0,45.0,0.77102
2503.0,46.0,0.518567
2503.0,47.0,0.903786
2503.0,48.0,0.964858
2503.0,49.0,0.258938
2503.0,50.0,0.008015
2503.0,51.0,0.296269
2503.0,52.0,0.999564
2503.0,53.0,0.819216
2503.0,54.0,0.953682
2503.0,55.0,0.027306
2503.0,56.0,0.342642
2503.0,57.0,0.0
2503.0,58.0,0.445327
2503.0,59.0,0.308943
2503.0,60.0,0.821973
2503.0,61.0,0.889794
2503.0,62.0,0.189215
2503.0,63.0,0.702952
2503.0,64.0,0.948992
2503.0,65.0,0.049104
2503.0,66.0,0.007644
2503.0,67.0,0.545574
2503.0,68.0,0.053885
2503.0,69.0,0.083937
2503.0,70.0,0.2634
2503.0,71.0,0.101459
2503.0,72.0,0.550703
2503.0,73.0,0.479547
2503.0,74.0,0.666574
2503.0,75.0,0.566072
2503.0,76.0,0.861218
2503.0,77.0,0.784539
2503.0,78.0,0.357012
2503.0,79.0,0.003317
2503.0,80.0,0.882395
2503.0,81.0,0.307467
2503.0,82.0,0.57295
2503.0,83.0,0.526345
2503.0,84.0,1.0
2503.0,85.0,0.490881
2503.0,86.0,0.745084
2503.0,87.0,0.99174
2503.0,88.0,0.0
2503.0,89.0,0.685737
2503.0,90.0,0.62852
2503.0,91.0,0.454654
2503.0,92.0,0.229627
2503.0,93.0,0.459508
2503.0,94.0,0.44514
2503.0,95.0,0.202925
2503.0,96.0,0.998372
2503.0,97.0,0.453175
2503.0,98.0,0.0
2503.0,99.0,0.152747
2503.0,100.0,0.626484
2503.0,101.0,0.399687
2503.0,102.0,0.809285
2503.0,103.0,5.6e-05
2503.0,104.0,0.154115
2503.0,105.0,0.588668
2503.0,106.0,0.66557
2503.0,107.0,0.722515
2503.0,108.0,0.883024
2503.0,109.0,0.932751
2503.0,110.0,0.393258
2503.0,111.0,0.902126
2503.0,112.0,0.351223
2503.0,113.0,0.501816
2503.0,114.0,0.351501
2503.0,115.0,0.148641
2503.0,116.0,0.899062
2503.0,117.0,0.285867
2503.0,118.0,0.811147
2503.0,119.0,0.275399
2503.0,120.0,0.0
2503.0,121.0,0.295064
2503.0,122.0,0.570776
2503.0,123.0,1.0
2503.0,124.0,0.468033
2503.0,125.0,0.49056
2503.0,126.0,0.363304
2503.0,127.0,0.056905
2503.0,128.0,0.053574
2503.0,129.0,0.935451
2503.0,130.0,0.048317
2503.0,131.0,0.906218
2503.0,132.0,0.388013
2503.0,133.0,0.813577
2503.0,134.0,0.480961
2503.0,135.0,0.356057
2503.0,136.0,0.998845
2503.0,137.0,0.508088
2503.0,138.0,0.725137
2503.0,139.0,0.420676
2503.0,140.0,0.019188
2503.0,141.0,0.649971
2503.0,142.0,1.0
2503.0,143.0,0.154456
2503.0,144.0,0.247303
2503.0,145.0,0.387749
2503.0,146.0,0.558241
2503.0,147.0,1.0
2503.0,148.0,0.400383
2503.0,149.0,0.486736
2503.0,150.0,0.265158
2503.0,151.0,0.539544
2503.0,152.0,0.3484
2503.0,153.0,0.373631
2503.0,154.0,0.613746
2503.0,155.0,0.651911
2503.0,156.0,0.60451
2503.0,157.0,0.000259
2503.0,158.0,0.189135
2503.0,159.0,0.135173
2503.0,160.0,0.045306
2503.0,161.0,0.065988
2503.0,162.0,0.721352
2503.0,163.0,0.619965
2503.0,164.0,0.643952
2503.0,165.0,0.444548
2503.0,166.0,0.0
2503.0,167.0,0.468168
2503.0,168.0,0.565691
2503.0,169.0,0.699103
2503.0,170.0,0.675443
2503.0,171.0,0.461869
2503.0,172.0,0.543971
2503.0,173.0,0.660721
2503.0,174.0,0.40551
2503.0,175.0,0.376492
2503.0,176.0,0.262718
2503.0,177.0,0.0
2503.0,178.0,0.997304
2503.0,179.0,0.39306
2503.0,180.0,0.346152
2503.0,181.0,0.32769
2503.0,182.0,0.060072
2503.0,183.0,0.0
2503.0,184.0,0.495402
2503.0,185.0,0.521834
2503.0,186.0,0.88249
2503.0,187.0,0.490721
2503.0,188.0,0.012337
2503.0,189.0,0.882164
2503.0,190.0,1.0
2503.0,191.0,0.668369
2503.0,192.0,0.219342
2503.0,193.0,0.775971
2503.0,194.0,0.013456
2503.0,195.0,0.479123
2503.0,196.0,0.520089
2503.0,197.0,0.306403
2503.0,198.0,0.468977
2503.0,199.0,0.089571
2503.0,200.0,0.008664
2503.0,201.0,0.760296
2503.0,202.0,1.0
2503.0,203.0,0.607205
2503.0,204.0,0.294147
2503.0,205.0,0.0
2503.0,206.0,0.404306
2503.0,207.0,0.999282
2503.0,208.0,0.578897
2503.0,209.0,0.60367
2503.0,210.0,0.329647
2503.0,211.0,0.189952
2503.0,212.0,0.593189
2503.0,213.0,0.0
2503.0,214.0,0.574164
2503.0,215.0,0.670913
2503.0,216.0,1.0
2503.0,217.0,0.707105
2503.0,218.0,0.0
2503.0,219.0,0.304265
2503.0,220.0,0.935207
2503.0,221.0,0.546921
2503.0,222.0,0.021784
2503.0,223.0,0.582634
2503.0,224.0,0.366598
2503.0,225.0,0.816425
2503.0,226.0,0.711558
2503.0,227.0,0.837525
2503.0,228.0,0.777703
2503.0,229.0,0.235785
2503.0,230.0,0.391858
2503.0,231.0,0.469004
2503.0,232.0,0.350738
2503.0,233.0,0.782797
2503.0,234.0,0.284616
2503.0,235.0,0.0
2503.0,236.0,0.950939
2503.0,237.0,0.160321
2503.0,238.0,0.598722
2503.0,239.0,0.983149
2503.0,240.0,0.162567
2503.0,241.0,0.469918
2503.0,242.0,0.450609
2503.0,243.0,0.003879
2503.0,244.0,0.012633
2503.0,245.0,0.999514
2503.0,246.0,0.625513
2503.0,247.0,0.497004
2503.0,248.0,0.524427
2503.0,249.0,0.474118
2503.0,250.0,0.54651
2503.0,251.0,0.937713
2503.0,252.0,0.488235
2503.0,253.0,0.712494
2503.0,254.0,0.630094
2503.0,255.0,0.419385
2503.0,256.0,0.999486
2503.0,257.0,0.820103
2503.0,258.0,0.477732
2503.0,259.0,0.60129
2503.0,260.0,0.891339
2503.0,261.0,0.322887
2503.0,262.0,0.00153
2503.0,263.0,0.461463
2503.0,264.0,0.0
2503.0,265.0,0.376898
2503.0,266.0,0.396258
2503.0,267.0,0.789982
2503.0,268.0,0.411409
2503.0,269.0,0.168624
2503.0,270.0,0.820125
2503.0,271.0,0.0
2503.0,272.0,0.129195
2503.0,273.0,0.368322
2503.0,274.0,0.362619
2503.0,275.0,0.673636
2503.0,276.0,0.035979
2503.0,277.0,0.330456
2503.0,278.0,0.460855
2503.0,279.0,0.22974
2503.0,280.0,0.532536
2503.0,281.0,0.840895
2503.0,282.0,1.0
2503.0,283.0,0.448397
2503.0,284.0,0.291598
2503.0,285.0,0.47252
2503.0,286.0,0.830027
2503.0,287.0,0.2856
2503.0,288.0,0.447247
2503.0,289.0,0.385172
2503.0,290.0,0.586509
2503.0,291.0,0.428462
2503.0,292.0,0.688122
2503.0,293.0,1.0
2503.0,294.0,0.399101
2503.0,295.0,0.252045
2503.0,296.0,0.008491
2503.0,297.0,0.692241
2503.0,298.0,0.158372
2503.0,299.0,0.0
2503.0,300.0,0.380408
2503.0,301.0,0.717356
2503.0,302.0,0.188411
2503.0,303.0,0.927933
2503.0,304.0,0.005004
2503.0,305.0,0.850868
2503.0,306.0,0.705712
2503.0,307.0,0.579437
2503.0,308.0,0.536612
2503.0,309.0,0.0
2503.0,310.0,0.980688
2503.0,311.0,0.484755
2503.0,312.0,0.0
2503.0,313.0,0.572608
2503.0,314.0,0.398008
2503.0,315.0,0.501676
2503.0,316.0,0.356082
2503.0,317.0,0.934045
2503.0,318.0,0.61791
2503.0,319.0,0.155348
2503.0,320.0,0.344845
2503.0,321.0,0.000176
2503.0,322.0,0.130314
2503.0,323.0,0.442607
2503.0,324.0,0.55671
2503.0,325.0,0.078831
2503.0,326.0,0.796455
2503.0,327.0,0.209303
2503.0,328.0,0.067077
2503.0,329.0,0.883718
2503.0,330.0,0.114472
2503.0,331.0,0.604002
2503.0,332.0,0.364976
2503.0,333.0,0.0
2503.0,334.0,0.283467
2504.0,0.0,0.005867
2504.0,1.0,0.0
2504.0,2.0,9.2e-05
2504.0,3.0,0.44103
2504.0,4.0,0.282294
2504.0,5.0,0.466432
2504.0,6.0,0.784388
2504.0,7.0,0.786008
2504.0,8.0,0.220689
2504.0,9.0,0.771457
2504.0,10.0,0.994128
2504.0,11.0,0.84696
2504.0,12.0,0.374237
2504.0,13.0,0.346591
2504.0,14.0,0.650985
2504.0,15.0,0.873875
2504.0,16.0,0.589726
2504.0,17.0,0.011016
2504.0,18.0,0.637149
2504.0,19.0,0.659234
2504.0,20.0,0.471899
2504.0,21.0,0.0
2504.0,22.0,0.904109
2504.0,23.0,1.0
2504.0,24.0,0.458383
2504.0,25.0,0.502213
2504.0,26.0,0.833382
2504.0,27.0,0.458795
2504.0,28.0,0.711654
2504.0,29.0,1.0
2504.0,30.0,0.24702
2504.0,31.0,0.736143
2504.0,32.0,0.991879
2504.0,33.0,1.0
2504.0,34.0,0.035507
2504.0,35.0,0.394552
2504.0,36.0,0.394622
2504.0,37.0,0.544977
2504.0,38.0,0.473581
2504.0,39.0,0.937963
2504.0,40.0,0.647647
2504.0,41.0,0.813479
2504.0,42.0,0.390701
2504.0,43.0,0.920582
2504.0,44.0,0.61809
2504.0,45.0,0.779166
2504.0,46.0,0.520112
2504.0,47.0,0.908332
2504.0,48.0,0.96526
2504.0,49.0,0.260109
2504.0,50.0,0.007961
2504.0,51.0,0.300118
2504.0,52.0,0.999545
2504.0,53.0,0.823087
2504.0,54.0,0.954134
2504.0,55.0,0.027393
2504.0,56.0,0.343457
2504.0,57.0,0.0
2504.0,58.0,0.448163
2504.0,59.0,0.315356
2504.0,60.0,0.822433
2504.0,61.0,0.891252
2504.0,62.0,0.193868
2504.0,63.0,0.703519
2504.0,64.0,0.949538
2504.0,65.0,0.049774
2504.0,66.0,0.007594
2504.0,67.0,0.549303
2504.0,68.0,0.053991
2504.0,69.0,0.085149
2504.0,70.0,0.264507
2504.0,71.0,0.103635
2504.0,72.0,0.555441
2504.0,73.0,0.480067
2504.0,74.0,0.667282
2504.0,75.0,0.573318
2504.0,76.0,0.862076
2504.0,77.0,0.785779
2504.0,78.0,0.365154
2504.0,79.0,0.00332
2504.0,80.0,0.883219
2504.0,81.0,0.310083
2504.0,82.0,0.574457
2504.0,83.0,0.529879
2504.0,84.0,1.0
2504.0,85.0,0.490484
2504.0,86.0,0.747994
2504.0,87.0,0.992066
2504.0,88.0,0.0
2504.0,89.0,0.688155
2504.0,90.0,0.629599
2504.0,91.0,0.45579
2504.0,92.0,0.232303
2504.0,93.0,0.460365
2504.0,94.0,0.448698
2504.0,95.0,0.203008
2504.0,96.0,0.998302
2504.0,97.0,0.494946
2504.0,98.0,0.0
2504.0,99.0,0.153462
2504.0,100.0,0.62754
2504.0,101.0,0.401547
2504.0,102.0,0.814335
2504.0,103.0,6.6e-05
2504.0,104.0,0.155109
2504.0,105.0,0.59091
2504.0,106.0,0.668297
2504.0,107.0,0.723192
2504.0,108.0,0.886513
2504.0,109.0,0.934919
2504.0,110.0,0.393164
2504.0,111.0,0.903149
2504.0,112.0,0.352161
2504.0,113.0,0.502179
2504.0,114.0,0.356332
2504.0,115.0,0.149763
2504.0,116.0,0.89869
2504.0,117.0,0.287953
2504.0,118.0,0.814023
2504.0,119.0,0.276791
2504.0,120.0,0.0
2504.0,121.0,0.305845
2504.0,122.0,0.573306
2504.0,123.0,1.0
2504.0,124.0,0.472709
2504.0,125.0,0.496495
2504.0,126.0,0.36525
2504.0,127.0,0.058184
2504.0,128.0,0.053892
2504.0,129.0,0.936558
2504.0,130.0,0.048751
2504.0,131.0,0.907984
2504.0,132.0,0.394845
2504.0,133.0,0.815958
2504.0,134.0,0.482596
2504.0,135.0,0.365334
2504.0,136.0,0.998846
2504.0,137.0,0.510347
2504.0,138.0,0.730589
2504.0,139.0,0.425298
2504.0,140.0,0.019352
2504.0,141.0,0.652298
2504.0,142.0,1.0
2504.0,143.0,0.15754
2504.0,144.0,0.249122
2504.0,145.0,0.391374
2504.0,146.0,0.56018
2504.0,147.0,1.0
2504.0,148.0,0.402128
2504.0,149.0,0.495181
2504.0,150.0,0.266578
2504.0,151.0,0.542389
2504.0,152.0,0.350445
2504.0,153.0,0.383926
2504.0,154.0,0.614617
2504.0,155.0,0.657193
2504.0,156.0,0.605452
2504.0,157.0,0.000292
2504.0,158.0,0.19514
2504.0,159.0,0.13956
2504.0,160.0,0.046818
2504.0,161.0,0.066664
2504.0,162.0,0.722151
2504.0,163.0,0.622441
2504.0,164.0,0.646952
2504.0,165.0,0.451862
2504.0,166.0,0.0
2504.0,167.0,0.470056
2504.0,168.0,0.567293
2504.0,169.0,0.726805
2504.0,170.0,0.679425
2504.0,171.0,0.462528
2504.0,172.0,0.545892
2504.0,173.0,0.663757
2504.0,174.0,0.406008
2504.0,175.0,0.376478
2504.0,176.0,0.265073
2504.0,177.0,0.0
2504.0,178.0,0.997354
2504.0,179.0,0.400307
2504.0,180.0,0.350466
2504.0,181.0,0.329427
2504.0,182.0,0.060003
2504.0,183.0,0.0
2504.0,184.0,0.49879
2504.0,185.0,0.522741
2504.0,186.0,0.885879
2504.0,187.0,0.491577
2504.0,188.0,0.012598
2504.0,189.0,0.882896
2504.0,190.0,1.0
2504.0,191.0,0.670205
2504.0,192.0,0.218898
2504.0,193.0,0.77675
2504.0,194.0,0.013563
2504.0,195.0,0.485073
2504.0,196.0,0.52228
2504.0,197.0,0.309963
2504.0,198.0,0.473635
2504.0,199.0,0.090412
2504.0,200.0,0.008704
2504.0,201.0,0.76074
2504.0,202.0,1.0
2504.0,203.0,0.624124
2504.0,204.0,0.296525
2504.0,205.0,0.0
2504.0,206.0,0.428488
2504.0,207.0,0.999332
2504.0,208.0,0.582253
2504.0,209.0,0.603914
2504.0,210.0,0.339151
2504.0,211.0,0.190218
2504.0,212.0,0.600224
2504.0,213.0,0.0
2504.0,214.0,0.58007
2504.0,215.0,0.676424
2504.0,216.0,1.0
2504.0,217.0,0.711135
2504.0,218.0,0.0
2504.0,219.0,0.305009
2504.0,220.0,0.936573
2504.0,221.0,0.55681
2504.0,222.0,0.022142
2504.0,223.0,0.584519
2504.0,224.0,0.37112
2504.0,225.0,0.818651
2504.0,226.0,0.716539
2504.0,227.0,0.839425
2504.0,228.0,0.780179
2504.0,229.0,0.2381
2504.0,230.0,0.393011
2504.0,231.0,0.52202
2504.0,232.0,0.351311
2504.0,233.0,0.78656
2504.0,234.0,0.290667
2504.0,235.0,0.0
2504.0,236.0,0.951162
2504.0,237.0,0.161016
2504.0,238.0,0.610134
2504.0,239.0,0.983644
2504.0,240.0,0.164211
2504.0,241.0,0.472444
2504.0,242.0,0.454474
2504.0,243.0,0.003956
2504.0,244.0,0.012729
2504.0,245.0,0.999552
2504.0,246.0,0.626152
2504.0,247.0,0.49887
2504.0,248.0,0.528114
2504.0,249.0,0.47788
2504.0,250.0,0.553759
2504.0,251.0,0.938228
2504.0,252.0,0.489453
2504.0,253.0,0.715462
2504.0,254.0,0.634891
2504.0,255.0,0.421725
2504.0,256.0,0.99949
2504.0,257.0,0.822185
2504.0,258.0,0.479528
2504.0,259.0,0.602848
2504.0,260.0,0.893677
2504.0,261.0,0.329632
2504.0,262.0,0.001513
2504.0,263.0,0.462209
2504.0,264.0,0.0
2504.0,265.0,0.376939
2504.0,266.0,0.400404
2504.0,267.0,0.792208
2504.0,268.0,0.417337
2504.0,269.0,0.170959
2504.0,270.0,0.819853
2504.0,271.0,0.0
2504.0,272.0,0.130717
2504.0,273.0,0.372154
2504.0,274.0,0.363662
2504.0,275.0,0.675087
2504.0,276.0,0.036612
2504.0,277.0,0.332666
2504.0,278.0,0.462382
2504.0,279.0,0.233302
2504.0,280.0,0.534179
2504.0,281.0,0.84484
2504.0,282.0,1.0
2504.0,283.0,0.448769
2504.0,284.0,0.291908
2504.0,285.0,0.479204
2504.0,286.0,0.834654
2504.0,287.0,0.2867
2504.0,288.0,0.454137
2504.0,289.0,0.392531
2504.0,290.0,0.587716
2504.0,291.0,0.43172
2504.0,292.0,0.689643
2504.0,293.0,1.0
2504.0,294.0,0.400133
2504.0,295.0,0.255161
2504.0,296.0,0.008434
2504.0,297.0,0.692888
2504.0,298.0,0.159404
2504.0,299.0,0.0
2504.0,300.0,0.383262
2504.0,301.0,0.717662
2504.0,302.0,0.190649
2504.0,303.0,0.928732
2504.0,304.0,0.005207
2504.0,305.0,0.850727
2504.0,306.0,0.70798
2504.0,307.0,0.580126
2504.0,308.0,0.541091
2504.0,309.0,0.0
2504.0,310.0,0.980816
2504.0,311.0,0.48541
2504.0,312.0,0.0
2504.0,313.0,0.573231
2504.0,314.0,0.399919
2504.0,315.0,0.504652
2504.0,316.0,0.359008
2504.0,317.0,0.93491
2504.0,318.0,0.618941
2504.0,319.0,0.155883
2504.0,320.0,0.353411
2504.0,321.0,0.000178
2504.0,322.0,0.131533
2504.0,323.0,0.473669
2504.0,324.0,0.557693
2504.0,325.0,0.08398
2504.0,326.0,0.798114
2504.0,327.0,0.209562
2504.0,328.0,0.067436
2504.0,329.0,0.89199
2504.0,330.0,0.115427
2504.0,331.0,0.604514
2504.0,332.0,0.369818
2504.0,333.0,0.0
2504.0,334.0,0.287953
2505.0,0.0,0.005971
2505.0,1.0,0.0
2505.0,2.0,7.9e-05
2505.0,3.0,0.44526
2505.0,4.0,0.284637
2505.0,5.0,0.475169
2505.0,6.0,0.78766
2505.0,7.0,0.787795
2505.0,8.0,0.221761
2505.0,9.0,0.772886
2505.0,10.0,0.994298
2505.0,11.0,0.84779
2505.0,12.0,0.381457
2505.0,13.0,0.349995
2505.0,14.0,0.662819
2505.0,15.0,0.874974
2505.0,16.0,0.591466
2505.0,17.0,0.011077
2505.0,18.0,0.643659
2505.0,19.0,0.660296
2505.0,20.0,0.476874
2505.0,21.0,0.0
2505.0,22.0,0.905448
2505.0,23.0,1.0
2505.0,24.0,0.459662
2505.0,25.0,0.509223
2505.0,26.0,0.840209
2505.0,27.0,0.463855
2505.0,28.0,0.714738
2505.0,29.0,1.0
2505.0,30.0,0.256495
2505.0,31.0,0.736036
2505.0,32.0,0.992039
2505.0,33.0,1.0
2505.0,34.0,0.037694
2505.0,35.0,0.394737
2505.0,36.0,0.396081
2505.0,37.0,0.54565
2505.0,38.0,0.478537
2505.0,39.0,0.940652
2505.0,40.0,0.651471
2505.0,41.0,0.81688
2505.0,42.0,0.397087
2505.0,43.0,0.926334
2505.0,44.0,0.623448
2505.0,45.0,0.786884
2505.0,46.0,0.520511
2505.0,47.0,0.912052
2505.0,48.0,0.965593
2505.0,49.0,0.261512
2505.0,50.0,0.008041
2505.0,51.0,0.30294
2505.0,52.0,0.999526
2505.0,53.0,0.826498
2505.0,54.0,0.954685
2505.0,55.0,0.027334
2505.0,56.0,0.344806
2505.0,57.0,0.0
2505.0,58.0,0.449874
2505.0,59.0,0.321504
2505.0,60.0,0.823397
2505.0,61.0,0.892182
2505.0,62.0,0.198685
2505.0,63.0,0.704385
2505.0,64.0,0.950522
2505.0,65.0,0.050708
2505.0,66.0,0.007673
2505.0,67.0,0.552595
2505.0,68.0,0.054479
2505.0,69.0,0.085385
2505.0,70.0,0.265821
2505.0,71.0,0.106307
2505.0,72.0,0.560003
2505.0,73.0,0.48038
2505.0,74.0,0.668641
2505.0,75.0,0.580686
2505.0,76.0,0.862982
2505.0,77.0,0.786375
2505.0,78.0,0.374197
2505.0,79.0,0.003457
2505.0,80.0,0.884129
2505.0,81.0,0.312608
2505.0,82.0,0.576987
2505.0,83.0,0.532232
2505.0,84.0,1.0
2505.0,85.0,0.49033
2505.0,86.0,0.751182
2505.0,87.0,0.992233
2505.0,88.0,0.0
2505.0,89.0,0.690163
2505.0,90.0,0.631246
2505.0,91.0,0.456465
2505.0,92.0,0.235255
2505.0,93.0,0.461708
2505.0,94.0,0.453655
2505.0,95.0,0.203702
2505.0,96.0,0.99836
2505.0,97.0,0.53478
2505.0,98.0,0.0
2505.0,99.0,0.154179
2505.0,100.0,0.62845
2505.0,101.0,0.403834
2505.0,102.0,0.819789
2505.0,103.0,5.8e-05
2505.0,104.0,0.155783
2505.0,105.0,0.593211
2505.0,106.0,0.67121
2505.0,107.0,0.724077
2505.0,108.0,0.889792
2505.0,109.0,0.93666
2505.0,110.0,0.394048
2505.0,111.0,0.90392
2505.0,112.0,0.351559
2505.0,113.0,0.501548
2505.0,114.0,0.361307
2505.0,115.0,0.150876
2505.0,116.0,0.898852
2505.0,117.0,0.290573
2505.0,118.0,0.816504
2505.0,119.0,0.278804
2505.0,120.0,0.0
2505.0,121.0,0.31723
2505.0,122.0,0.575485
2505.0,123.0,1.0
2505.0,124.0,0.47781
2505.0,125.0,0.503429
2505.0,126.0,0.367645
2505.0,127.0,0.059222
2505.0,128.0,0.054331
2505.0,129.0,0.937013
2505.0,130.0,0.049135
2505.0,131.0,0.909559
2505.0,132.0,0.401745
2505.0,133.0,0.818591
2505.0,134.0,0.484874
2505.0,135.0,0.37446
2505.0,136.0,0.998881
2505.0,137.0,0.512796
2505.0,138.0,0.736721
2505.0,139.0,0.429109
2505.0,140.0,0.019405
2505.0,141.0,0.653951
2505.0,142.0,1.0
2505.0,143.0,0.159811
2505.0,144.0,0.249991
2505.0,145.0,0.394691
2505.0,146.0,0.562113
2505.0,147.0,1.0
2505.0,148.0,0.404689
2505.0,149.0,0.503658
2505.0,150.0,0.267573
2505.0,151.0,0.545483
2505.0,152.0,0.351697
2505.0,153.0,0.394001
2505.0,154.0,0.615232
2505.0,155.0,0.662133
2505.0,156.0,0.605869
2505.0,157.0,0.000316
2505.0,158.0,0.200775
2505.0,159.0,0.143735
2505.0,160.0,0.048265
2505.0,161.0,0.067441
2505.0,162.0,0.723614
2505.0,163.0,0.62446
2505.0,164.0,0.649197
2505.0,165.0,0.459418
2505.0,166.0,0.0
2505.0,167.0,0.471543
2505.0,168.0,0.568682
2505.0,169.0,0.753025
2505.0,170.0,0.683258
2505.0,171.0,0.463629
2505.0,172.0,0.547375
2505.0,173.0,0.667178
2505.0,174.0,0.406622
2505.0,175.0,0.376844
2505.0,176.0,0.266998
2505.0,177.0,0.0
2505.0,178.0,0.997489
2505.0,179.0,0.408295
2505.0,180.0,0.355155
2505.0,181.0,0.331791
2505.0,182.0,0.059607
2505.0,183.0,0.0
2505.0,184.0,0.502363
2505.0,185.0,0.524121
2505.0,186.0,0.889654
2505.0,187.0,0.493094
2505.0,188.0,0.012708
2505.0,189.0,0.883179
2505.0,190.0,1.0
2505.0,191.0,0.671577
2505.0,192.0,0.219917
2505.0,193.0,0.77732
2505.0,194.0,0.013642
2505.0,195.0,0.49018
2505.0,196.0,0.524155
2505.0,197.0,0.313715
2505.0,198.0,0.478423
2505.0,199.0,0.090911
2505.0,200.0,0.008864
2505.0,201.0,0.76172
2505.0,202.0,1.0
2505.0,203.0,0.639466
2505.0,204.0,0.29815
2505.0,205.0,0.0
2505.0,206.0,0.451838
2505.0,207.0,0.999381
2505.0,208.0,0.585809
2505.0,209.0,0.605109
2505.0,210.0,0.348042
2505.0,211.0,0.190283
2505.0,212.0,0.608038
2505.0,213.0,0.0
2505.0,214.0,0.586177
2505.0,215.0,0.681176
2505.0,216.0,1.0
2505.0,217.0,0.71488
2505.0,218.0,0.0
2505.0,219.0,0.306062
2505.0,220.0,0.937309
2505.0,221.0,0.566534
2505.0,222.0,0.022263
2505.0,223.0,0.586652
2505.0,224.0,0.374118
2505.0,225.0,0.821124
2505.0,226.0,0.721159
2505.0,227.0,0.841713
2505.0,228.0,0.78243
2505.0,229.0,0.240693
2505.0,230.0,0.393815
2505.0,231.0,0.569802
2505.0,232.0,0.351052
2505.0,233.0,0.790368
2505.0,234.0,0.29516
2505.0,235.0,0.0
2505.0,236.0,0.951783
2505.0,237.0,0.16126
2505.0,238.0,0.621109
2505.0,239.0,0.983915
2505.0,240.0,0.164594
2505.0,241.0,0.475747
2505.0,242.0,0.458637
2505.0,243.0,0.004082
2505.0,244.0,0.013162
2505.0,245.0,0.999563
2505.0,246.0,0.62719
2505.0,247.0,0.499402
2505.0,248.0,0.530658
2505.0,249.0,0.482535
2505.0,250.0,0.560104
2505.0,251.0,0.938993
2505.0,252.0,0.489828
2505.0,253.0,0.717139
2505.0,254.0,0.640649
2505.0,255.0,0.422512
2505.0,256.0,0.99951
2505.0,257.0,0.824139
2505.0,258.0,0.480491
2505.0,259.0,0.604613
2505.0,260.0,0.895561
2505.0,261.0,0.336263
2505.0,262.0,0.001461
2505.0,263.0,0.461933
2505.0,264.0,0.0
2505.0,265.0,0.378106
2505.0,266.0,0.404645
2505.0,267.0,0.794505
2505.0,268.0,0.423401
2505.0,269.0,0.172758
2505.0,270.0,0.820533
2505.0,271.0,0.0
2505.0,272.0,0.131715
2505.0,273.0,0.375978
2505.0,274.0,0.363847
2505.0,275.0,0.67731
2505.0,276.0,0.037275
2505.0,277.0,0.334296
2505.0,278.0,0.464875
2505.0,279.0,0.236029
2505.0,280.0,0.53535
2505.0,281.0,0.848295
2505.0,282.0,1.0
2505.0,283.0,0.448817
2505.0,284.0,0.292242
2505.0,285.0,0.485352
2505.0,286.0,0.839205
2505.0,287.0,0.288904
2505.0,288.0,0.460592
2505.0,289.0,0.399168
2505.0,290.0,0.588277
2505.0,291.0,0.433911
2505.0,292.0,0.691602
2505.0,293.0,1.0
2505.0,294.0,0.400205
2505.0,295.0,0.2577
2505.0,296.0,0.008607
2505.0,297.0,0.693838
2505.0,298.0,0.160378
2505.0,299.0,0.0
2505.0,300.0,0.387059
2505.0,301.0,0.718942
2505.0,302.0,0.193178
2505.0,303.0,0.929074
2505.0,304.0,0.00537
2505.0,305.0,0.851447
2505.0,306.0,0.709771
2505.0,307.0,0.58127
2505.0,308.0,0.545696
2505.0,309.0,0.0
2505.0,310.0,0.981392
2505.0,311.0,0.485266
2505.0,312.0,0.0
2505.0,313.0,0.574247
2505.0,314.0,0.401284
2505.0,315.0,0.507525
2505.0,316.0,0.360384
2505.0,317.0,0.935185
2505.0,318.0,0.620052
2505.0,319.0,0.157468
2505.0,320.0,0.362117
2505.0,321.0,0.000157
2505.0,322.0,0.132012
2505.0,323.0,0.504611
2505.0,324.0,0.559016
2505.0,325.0,0.089448
2505.0,326.0,0.799166
2505.0,327.0,0.208868
2505.0,328.0,0.068075
2505.0,329.0,0.899077
2505.0,330.0,0.116131
2505.0,331.0,0.605338
2505.0,332.0,0.374746
2505.0,333.0,0.0
2505.0,334.0,0.292339
2506.0,0.0,0.005723
2506.0,1.0,0.0
2506.0,2.0,7.5e-05
2506.0,3.0,0.4414
2506.0,4.0,0.282459
2506.0,5.0,0.465847
2506.0,6.0,0.784488
2506.0,7.0,0.787107
2506.0,8.0,0.221319
2506.0,9.0,0.77256
2506.0,10.0,0.994135
2506.0,11.0,0.847898
2506.0,12.0,0.374847
2506.0,13.0,0.34625
2506.0,14.0,0.650133
2506.0,15.0,0.874517
2506.0,16.0,0.590253
2506.0,17.0,0.010921
2506.0,18.0,0.636575
2506.0,19.0,0.659843
2506.0,20.0,0.471626
2506.0,21.0,0.0
2506.0,22.0,0.904615
2506.0,23.0,1.0
2506.0,24.0,0.458013
2506.0,25.0,0.50148
2506.0,26.0,0.832958
2506.0,27.0,0.458909
2506.0,28.0,0.709956
2506.0,29.0,1.0
2506.0,30.0,0.245211
2506.0,31.0,0.736639
2506.0,32.0,0.9921
2506.0,33.0,1.0
2506.0,34.0,0.035135
2506.0,35.0,0.394302
2506.0,36.0,0.394226
2506.0,37.0,0.545241
2506.0,38.0,0.47353
2506.0,39.0,0.937606
2506.0,40.0,0.646728
2506.0,41.0,0.81455
2506.0,42.0,0.390214
2506.0,43.0,0.920141
2506.0,44.0,0.619268
2506.0,45.0,0.779213
2506.0,46.0,0.521136
2506.0,47.0,0.90785
2506.0,48.0,0.965237
2506.0,49.0,0.260535
2506.0,50.0,0.008005
2506.0,51.0,0.299886
2506.0,52.0,0.999491
2506.0,53.0,0.82238
2506.0,54.0,0.954283
2506.0,55.0,0.026929
2506.0,56.0,0.344091
2506.0,57.0,0.0
2506.0,58.0,0.447245
2506.0,59.0,0.315033
2506.0,60.0,0.822879
2506.0,61.0,0.891596
2506.0,62.0,0.19413
2506.0,63.0,0.703758
2506.0,64.0,0.949487
2506.0,65.0,0.050195
2506.0,66.0,0.007601
2506.0,67.0,0.549131
2506.0,68.0,0.053975
2506.0,69.0,0.084892
2506.0,70.0,0.263497
2506.0,71.0,0.103371
2506.0,72.0,0.555849
2506.0,73.0,0.479966
2506.0,74.0,0.666172
2506.0,75.0,0.573383
2506.0,76.0,0.862492
2506.0,77.0,0.786264
2506.0,78.0,0.364476
2506.0,79.0,0.003372
2506.0,80.0,0.883292
2506.0,81.0,0.310761
2506.0,82.0,0.573971
2506.0,83.0,0.528385
2506.0,84.0,1.0
2506.0,85.0,0.490683
2506.0,86.0,0.748809
2506.0,87.0,0.992083
2506.0,88.0,0.0
2506.0,89.0,0.68769
2506.0,90.0,0.629376
2506.0,91.0,0.455529
2506.0,92.0,0.232002
2506.0,93.0,0.461776
2506.0,94.0,0.449297
2506.0,95.0,0.202217
2506.0,96.0,0.998347
2506.0,97.0,0.486354
2506.0,98.0,0.0
2506.0,99.0,0.153417
2506.0,100.0,0.627277
2506.0,101.0,0.402002
2506.0,102.0,0.813552
2506.0,103.0,4.3e-05
2506.0,104.0,0.154743
2506.0,105.0,0.591806
2506.0,106.0,0.668309
2506.0,107.0,0.724581
2506.0,108.0,0.886263
2506.0,109.0,0.934695
2506.0,110.0,0.392765
2506.0,111.0,0.90292
2506.0,112.0,0.35191
2506.0,113.0,0.501735
2506.0,114.0,0.355246
2506.0,115.0,0.150486
2506.0,116.0,0.899423
2506.0,117.0,0.289285
2506.0,118.0,0.813505
2506.0,119.0,0.277924
2506.0,120.0,0.0
2506.0,121.0,0.305878
2506.0,122.0,0.573003
2506.0,123.0,1.0
2506.0,124.0,0.472302
2506.0,125.0,0.496339
2506.0,126.0,0.365728
2506.0,127.0,0.058254
2506.0,128.0,0.053639
2506.0,129.0,0.936546
2506.0,130.0,0.048561
2506.0,131.0,0.908485
2506.0,132.0,0.395478
2506.0,133.0,0.815926
2506.0,134.0,0.48162
2506.0,135.0,0.365387
2506.0,136.0,0.998798
2506.0,137.0,0.511304
2506.0,138.0,0.730662
2506.0,139.0,0.425524
2506.0,140.0,0.019368
2506.0,141.0,0.651638
2506.0,142.0,1.0
2506.0,143.0,0.156584
2506.0,144.0,0.248025
2506.0,145.0,0.391322
2506.0,146.0,0.559346
2506.0,147.0,1.0
2506.0,148.0,0.402142
2506.0,149.0,0.494266
2506.0,150.0,0.265358
2506.0,151.0,0.542752
2506.0,152.0,0.349387
2506.0,153.0,0.384077
2506.0,154.0,0.613253
2506.0,155.0,0.655666
2506.0,156.0,0.605028
2506.0,157.0,0.000325
2506.0,158.0,0.194727
2506.0,159.0,0.139515
2506.0,160.0,0.046796
2506.0,161.0,0.066615
2506.0,162.0,0.721839
2506.0,163.0,0.621682
2506.0,164.0,0.646806
2506.0,165.0,0.45262
2506.0,166.0,0.0
2506.0,167.0,0.469531
2506.0,168.0,0.567008
2506.0,169.0,0.725606
2506.0,170.0,0.679702
2506.0,171.0,0.461732
2506.0,172.0,0.545599
2506.0,173.0,0.663218
2506.0,174.0,0.406532
2506.0,175.0,0.375882
2506.0,176.0,0.264694
2506.0,177.0,0.0
2506.0,178.0,0.99745
2506.0,179.0,0.399805
2506.0,180.0,0.350468
2506.0,181.0,0.33038
2506.0,182.0,0.05946
2506.0,183.0,0.0
2506.0,184.0,0.497892
2506.0,185.0,0.523993
2506.0,186.0,0.885641
2506.0,187.0,0.491705
2506.0,188.0,0.012486
2506.0,189.0,0.882807
2506.0,190.0,1.0
2506.0,191.0,0.67064
2506.0,192.0,0.219757
2506.0,193.0,0.776529
2506.0,194.0,0.013342
2506.0,195.0,0.483558
2506.0,196.0,0.521038
2506.0,197.0,0.309533
2506.0,198.0,0.473987
2506.0,199.0,0.090903
2506.0,200.0,0.008537
2506.0,201.0,0.760093
2506.0,202.0,1.0
2506.0,203.0,0.621672
2506.0,204.0,0.295967
2506.0,205.0,0.0
2506.0,206.0,0.426931
2506.0,207.0,0.999331
2506.0,208.0,0.580718
2506.0,209.0,0.603316
2506.0,210.0,0.338789
2506.0,211.0,0.189563
2506.0,212.0,0.600623
2506.0,213.0,0.0
2506.0,214.0,0.578811
2506.0,215.0,0.676423
2506.0,216.0,1.0
2506.0,217.0,0.710645
2506.0,218.0,0.0
2506.0,219.0,0.305077
2506.0,220.0,0.936543
2506.0,221.0,0.555217
2506.0,222.0,0.021862
2506.0,223.0,0.584896
2506.0,224.0,0.370858
2506.0,225.0,0.818379
2506.0,226.0,0.715772
2506.0,227.0,0.839561
2506.0,228.0,0.780835
2506.0,229.0,0.239022
2506.0,230.0,0.392246
2506.0,231.0,0.509898
2506.0,232.0,0.350538
2506.0,233.0,0.787161
2506.0,234.0,0.290576
2506.0,235.0,0.0
2506.0,236.0,0.951369
2506.0,237.0,0.160752
2506.0,238.0,0.60882
2506.0,239.0,0.98397
2506.0,240.0,0.162575
2506.0,241.0,0.472891
2506.0,242.0,0.455613
2506.0,243.0,0.003957
2506.0,244.0,0.012834
2506.0,245.0,0.999484
2506.0,246.0,0.625776
2506.0,247.0,0.497784
2506.0,248.0,0.526402
2506.0,249.0,0.48021
2506.0,250.0,0.55322
2506.0,251.0,0.938611
2506.0,252.0,0.489534
2506.0,253.0,0.715232
2506.0,254.0,0.635221
2506.0,255.0,0.419362
2506.0,256.0,0.999515
2506.0,257.0,0.82168
2506.0,258.0,0.478317
2506.0,259.0,0.603898
2506.0,260.0,0.893925
2506.0,261.0,0.329694
2506.0,262.0,0.001469
2506.0,263.0,0.462497
2506.0,264.0,0.0
2506.0,265.0,0.37732
2506.0,266.0,0.40086
2506.0,267.0,0.792809
2506.0,268.0,0.417638
2506.0,269.0,0.170727
2506.0,270.0,0.819962
2506.0,271.0,0.0
2506.0,272.0,0.13131
2506.0,273.0,0.371962
2506.0,274.0,0.363728
2506.0,275.0,0.676015
2506.0,276.0,0.036977
2506.0,277.0,0.3325
2506.0,278.0,0.462764
2506.0,279.0,0.232622
2506.0,280.0,0.533877
2506.0,281.0,0.844953
2506.0,282.0,1.0
2506.0,283.0,0.448597
2506.0,284.0,0.291375
2506.0,285.0,0.478683
2506.0,286.0,0.834706
2506.0,287.0,0.286863
2506.0,288.0,0.453592
2506.0,289.0,0.391481
2506.0,290.0,0.587193
2506.0,291.0,0.431437
2506.0,292.0,0.690475
2506.0,293.0,1.0
2506.0,294.0,0.399693
2506.0,295.0,0.253529
2506.0,296.0,0.008619
2506.0,297.0,0.692393
2506.0,298.0,0.158268
2506.0,299.0,0.0
2506.0,300.0,0.384272
2506.0,301.0,0.718383
2506.0,302.0,0.191352
2506.0,303.0,0.929162
2506.0,304.0,0.005272
2506.0,305.0,0.850985
2506.0,306.0,0.708261
2506.0,307.0,0.580112
2506.0,308.0,0.541403
2506.0,309.0,0.0
2506.0,310.0,0.981338
2506.0,311.0,0.485632
2506.0,312.0,0.0
2506.0,313.0,0.571987
2506.0,314.0,0.399998
2506.0,315.0,0.504819
2506.0,316.0,0.359117
2506.0,317.0,0.934782
2506.0,318.0,0.618502
2506.0,319.0,0.156569
2506.0,320.0,0.352972
2506.0,321.0,0.000164
2506.0,322.0,0.130345
2506.0,323.0,0.46961
2506.0,324.0,0.558866
2506.0,325.0,0.084073
2506.0,326.0,0.796994
2506.0,327.0,0.207958
2506.0,328.0,0.067951
2506.0,329.0,0.891477
2506.0,330.0,0.115139
2506.0,331.0,0.605001
2506.0,332.0,0.369852
2506.0,333.0,0.0
2506.0,334.0,0.287731
2507.0,0.0,0.005578
2507.0,1.0,0.0
2507.0,2.0,7.1e-05
2507.0,3.0,0.437238
2507.0,4.0,0.279944
2507.0,5.0,0.455961
2507.0,6.0,0.780934
2507.0,7.0,0.78523
2507.0,8.0,0.220586
2507.0,9.0,0.770467
2507.0,10.0,0.994072
2507.0,11.0,0.847878
2507.0,12.0,0.367312
2507.0,13.0,0.34341
2507.0,14.0,0.637239
2507.0,15.0,0.874229
2507.0,16.0,0.589648
2507.0,17.0,0.010504
2507.0,18.0,0.6289
2507.0,19.0,0.659036
2507.0,20.0,0.466803
2507.0,21.0,0.0
2507.0,22.0,0.90329
2507.0,23.0,1.0
2507.0,24.0,0.456192
2507.0,25.0,0.494653
2507.0,26.0,0.824865
2507.0,27.0,0.453662
2507.0,28.0,0.706629
2507.0,29.0,1.0
2507.0,30.0,0.23533
2507.0,31.0,0.735972
2507.0,32.0,0.991944
2507.0,33.0,1.0
2507.0,34.0,0.032841
2507.0,35.0,0.393937
2507.0,36.0,0.392537
2507.0,37.0,0.544242
2507.0,38.0,0.468616
2507.0,39.0,0.934561
2507.0,40.0,0.643584
2507.0,41.0,0.811959
2507.0,42.0,0.384413
2507.0,43.0,0.912903
2507.0,44.0,0.613731
2507.0,45.0,0.770974
2507.0,46.0,0.520661
2507.0,47.0,0.90364
2507.0,48.0,0.965216
2507.0,49.0,0.259193
2507.0,50.0,0.007974
2507.0,51.0,0.296319
2507.0,52.0,0.999451
2507.0,53.0,0.818296
2507.0,54.0,0.953656
2507.0,55.0,0.026816
2507.0,56.0,0.342938
2507.0,57.0,0.0
2507.0,58.0,0.443611
2507.0,59.0,0.309498
2507.0,60.0,0.822835
2507.0,61.0,0.890442
2507.0,62.0,0.189153
2507.0,63.0,0.703531
2507.0,64.0,0.948943
2507.0,65.0,0.049828
2507.0,66.0,0.007575
2507.0,67.0,0.544366
2507.0,68.0,0.054016
2507.0,69.0,0.084846
2507.0,70.0,0.261844
2507.0,71.0,0.101684
2507.0,72.0,0.551891
2507.0,73.0,0.479187
2507.0,74.0,0.663796
2507.0,75.0,0.566365
2507.0,76.0,0.861893
2507.0,77.0,0.784928
2507.0,78.0,0.355144
2507.0,79.0,0.003186
2507.0,80.0,0.883035
2507.0,81.0,0.307798
2507.0,82.0,0.571981
2507.0,83.0,0.526113
2507.0,84.0,1.0
2507.0,85.0,0.490148
2507.0,86.0,0.745407
2507.0,87.0,0.991877
2507.0,88.0,0.0
2507.0,89.0,0.685743
2507.0,90.0,0.628525
2507.0,91.0,0.455302
2507.0,92.0,0.22922
2507.0,93.0,0.461593
2507.0,94.0,0.445372
2507.0,95.0,0.201284
2507.0,96.0,0.998381
2507.0,97.0,0.441036
2507.0,98.0,0.0
2507.0,99.0,0.151897
2507.0,100.0,0.626458
2507.0,101.0,0.401258
2507.0,102.0,0.807529
2507.0,103.0,4.0e-05
2507.0,104.0,0.153569
2507.0,105.0,0.589934
2507.0,106.0,0.66524
2507.0,107.0,0.724463
2507.0,108.0,0.882505
2507.0,109.0,0.932211
2507.0,110.0,0.392857
2507.0,111.0,0.901953
2507.0,112.0,0.351552
2507.0,113.0,0.502051
2507.0,114.0,0.35074
2507.0,115.0,0.149152
2507.0,116.0,0.899676
2507.0,117.0,0.288156
2507.0,118.0,0.810794
2507.0,119.0,0.275836
2507.0,120.0,0.0
2507.0,121.0,0.295013
2507.0,122.0,0.571657
2507.0,123.0,1.0
2507.0,124.0,0.468195
2507.0,125.0,0.490237
2507.0,126.0,0.363632
2507.0,127.0,0.056891
2507.0,128.0,0.052753
2507.0,129.0,0.936211
2507.0,130.0,0.048191
2507.0,131.0,0.907462
2507.0,132.0,0.388455
2507.0,133.0,0.813022
2507.0,134.0,0.478719
2507.0,135.0,0.355959
2507.0,136.0,0.99876
2507.0,137.0,0.509512
2507.0,138.0,0.724317
2507.0,139.0,0.421328
2507.0,140.0,0.019102
2507.0,141.0,0.650298
2507.0,142.0,1.0
2507.0,143.0,0.153421
2507.0,144.0,0.247006
2507.0,145.0,0.388303
2507.0,146.0,0.556637
2507.0,147.0,1.0
2507.0,148.0,0.399067
2507.0,149.0,0.48564
2507.0,150.0,0.263771
2507.0,151.0,0.539057
2507.0,152.0,0.348206
2507.0,153.0,0.373456
2507.0,154.0,0.612129
2507.0,155.0,0.649344
2507.0,156.0,0.604041
2507.0,157.0,0.000306
2507.0,158.0,0.188563
2507.0,159.0,0.135891
2507.0,160.0,0.045566
2507.0,161.0,0.066
2507.0,162.0,0.720611
2507.0,163.0,0.618746
2507.0,164.0,0.64324
2507.0,165.0,0.445844
2507.0,166.0,0.0
2507.0,167.0,0.46859
2507.0,168.0,0.565391
2507.0,169.0,0.696803
2507.0,170.0,0.675095
2507.0,171.0,0.460028
2507.0,172.0,0.543025
2507.0,173.0,0.660144
2507.0,174.0,0.405252
2507.0,175.0,0.374501
2507.0,176.0,0.262656
2507.0,177.0,0.0
2507.0,178.0,0.997389
2507.0,179.0,0.391934
2507.0,180.0,0.346139
2507.0,181.0,0.328427
2507.0,182.0,0.059565
2507.0,183.0,0.0
2507.0,184.0,0.493701
2507.0,185.0,0.521593
2507.0,186.0,0.88208
2507.0,187.0,0.491288
2507.0,188.0,0.012137
2507.0,189.0,0.882419
2507.0,190.0,1.0
2507.0,191.0,0.669826
2507.0,192.0,0.219339
2507.0,193.0,0.776234
2507.0,194.0,0.013148
2507.0,195.0,0.477451
2507.0,196.0,0.518597
2507.0,197.0,0.306272
2507.0,198.0,0.46958
2507.0,199.0,0.090264
2507.0,200.0,0.00835
2507.0,201.0,0.758817
2507.0,202.0,1.0
2507.0,203.0,0.603148
2507.0,204.0,0.293867
2507.0,205.0,0.0
2507.0,206.0,0.401445
2507.0,207.0,0.999294
2507.0,208.0,0.57736
2507.0,209.0,0.603159
2507.0,210.0,0.329368
2507.0,211.0,0.189461
2507.0,212.0,0.594207
2507.0,213.0,0.0
2507.0,214.0,0.571465
2507.0,215.0,0.669894
2507.0,216.0,1.0
2507.0,217.0,0.706095
2507.0,218.0,0.0
2507.0,219.0,0.304108
2507.0,220.0,0.935179
2507.0,221.0,0.544591
2507.0,222.0,0.021814
2507.0,223.0,0.58302
2507.0,224.0,0.367364
2507.0,225.0,0.81652
2507.0,226.0,0.709881
2507.0,227.0,0.836984
2507.0,228.0,0.778755
2507.0,229.0,0.236576
2507.0,230.0,0.391016
2507.0,231.0,0.450428
2507.0,232.0,0.349741
2507.0,233.0,0.783365
2507.0,234.0,0.284943
2507.0,235.0,0.0
2507.0,236.0,0.950804
2507.0,237.0,0.160324
2507.0,238.0,0.598051
2507.0,239.0,0.983922
2507.0,240.0,0.161066
2507.0,241.0,0.469157
2507.0,242.0,0.453263
2507.0,243.0,0.003909
2507.0,244.0,0.012599
2507.0,245.0,0.999475
2507.0,246.0,0.625025
2507.0,247.0,0.496779
2507.0,248.0,0.522891
2507.0,249.0,0.476691
2507.0,250.0,0.546418
2507.0,251.0,0.938275
2507.0,252.0,0.489134
2507.0,253.0,0.712893
2507.0,254.0,0.629737
2507.0,255.0,0.418079
2507.0,256.0,0.999513
2507.0,257.0,0.819596
2507.0,258.0,0.476814
2507.0,259.0,0.602052
2507.0,260.0,0.892516
2507.0,261.0,0.322046
2507.0,262.0,0.001447
2507.0,263.0,0.461495
2507.0,264.0,0.0
2507.0,265.0,0.376908
2507.0,266.0,0.396733
2507.0,267.0,0.789803
2507.0,268.0,0.411877
2507.0,269.0,0.168065
2507.0,270.0,0.81886
2507.0,271.0,0.0
2507.0,272.0,0.130018
2507.0,273.0,0.369008
2507.0,274.0,0.362589
2507.0,275.0,0.674199
2507.0,276.0,0.036822
2507.0,277.0,0.328936
2507.0,278.0,0.459643
2507.0,279.0,0.228802
2507.0,280.0,0.532796
2507.0,281.0,0.841612
2507.0,282.0,1.0
2507.0,283.0,0.449029
2507.0,284.0,0.289852
2507.0,285.0,0.472853
2507.0,286.0,0.830538
2507.0,287.0,0.284793
2507.0,288.0,0.447224
2507.0,289.0,0.385424
2507.0,290.0,0.586958
2507.0,291.0,0.429604
2507.0,292.0,0.688095
2507.0,293.0,1.0
2507.0,294.0,0.398879
2507.0,295.0,0.250745
2507.0,296.0,0.008582
2507.0,297.0,0.691431
2507.0,298.0,0.156147
2507.0,299.0,0.0
2507.0,300.0,0.380105
2507.0,301.0,0.717408
2507.0,302.0,0.189895
2507.0,303.0,0.928975
2507.0,304.0,0.005189
2507.0,305.0,0.850957
2507.0,306.0,0.706122
2507.0,307.0,0.578997
2507.0,308.0,0.537262
2507.0,309.0,0.0
2507.0,310.0,0.981033
2507.0,311.0,0.486226
2507.0,312.0,0.0
2507.0,313.0,0.569468
2507.0,314.0,0.397941
2507.0,315.0,0.501596
2507.0,316.0,0.356404
2507.0,317.0,0.934105
2507.0,318.0,0.616684
2507.0,319.0,0.155557
2507.0,320.0,0.344691
2507.0,321.0,0.000173
2507.0,322.0,0.129213
2507.0,323.0,0.43533
2507.0,324.0,0.5572
2507.0,325.0,0.078962
2507.0,326.0,0.795413
2507.0,327.0,0.207697
2507.0,328.0,0.067803
2507.0,329.0,0.882764
2507.0,330.0,0.114323
2507.0,331.0,0.605019
2507.0,332.0,0.365236
2507.0,333.0,0.0
2507.0,334.0,0.283577
2508.0,0.0,0.005457
2508.0,1.0,0.0
2508.0,2.0,7.8e-05
2508.0,3.0,0.43257
2508.0,4.0,0.277434
2508.0,5.0,0.447107
2508.0,6.0,0.777625
2508.0,7.0,0.784011
2508.0,8.0,0.220012
2508.0,9.0,0.768202
2508.0,10.0,0.994015
2508.0,11.0,0.84769
2508.0,12.0,0.359958
2508.0,13.0,0.339935
2508.0,14.0,0.624593
2508.0,15.0,0.874406
2508.0,16.0,0.589377
2508.0,17.0,0.01014
2508.0,18.0,0.622259
2508.0,19.0,0.657943
2508.0,20.0,0.462608
2508.0,21.0,0.0
2508.0,22.0,0.901916
2508.0,23.0,1.0
2508.0,24.0,0.453847
2508.0,25.0,0.487807
2508.0,26.0,0.81755
2508.0,27.0,0.449016
2508.0,28.0,0.702739
2508.0,29.0,1.0
2508.0,30.0,0.226386
2508.0,31.0,0.736011
2508.0,32.0,0.992023
2508.0,33.0,1.0
2508.0,34.0,0.030972
2508.0,35.0,0.392791
2508.0,36.0,0.391498
2508.0,37.0,0.544058
2508.0,38.0,0.464543
2508.0,39.0,0.931051
2508.0,40.0,0.640075
2508.0,41.0,0.809037
2508.0,42.0,0.37862
2508.0,43.0,0.905295
2508.0,44.0,0.608405
2508.0,45.0,0.762933
2508.0,46.0,0.520885
2508.0,47.0,0.899359
2508.0,48.0,0.965111
2508.0,49.0,0.257935
2508.0,50.0,0.007857
2508.0,51.0,0.29177
2508.0,52.0,0.999434
2508.0,53.0,0.814565
2508.0,54.0,0.953397
2508.0,55.0,0.026658
2508.0,56.0,0.341253
2508.0,57.0,0.0
2508.0,58.0,0.442385
2508.0,59.0,0.30401
2508.0,60.0,0.822306
2508.0,61.0,0.889107
2508.0,62.0,0.18487
2508.0,63.0,0.703594
2508.0,64.0,0.948147
2508.0,65.0,0.048883
2508.0,66.0,0.007456
2508.0,67.0,0.539534
2508.0,68.0,0.053723
2508.0,69.0,0.084707
2508.0,70.0,0.260844
2508.0,71.0,0.09925
2508.0,72.0,0.547724
2508.0,73.0,0.478506
2508.0,74.0,0.661237
2508.0,75.0,0.559761
2508.0,76.0,0.860757
2508.0,77.0,0.78453
2508.0,78.0,0.346343
2508.0,79.0,0.003075
2508.0,80.0,0.882488
2508.0,81.0,0.305872
2508.0,82.0,0.569546
2508.0,83.0,0.523146
2508.0,84.0,1.0
2508.0,85.0,0.490861
2508.0,86.0,0.741577
2508.0,87.0,0.991803
2508.0,88.0,0.0
2508.0,89.0,0.683657
2508.0,90.0,0.627836
2508.0,91.0,0.454977
2508.0,92.0,0.226784
2508.0,93.0,0.460629
2508.0,94.0,0.440757
2508.0,95.0,0.200331
2508.0,96.0,0.99846
2508.0,97.0,0.398125
2508.0,98.0,0.0
2508.0,99.0,0.15139
2508.0,100.0,0.625056
2508.0,101.0,0.40046
2508.0,102.0,0.800785
2508.0,103.0,2.7e-05
2508.0,104.0,0.151978
2508.0,105.0,0.588826
2508.0,106.0,0.661751
2508.0,107.0,0.724565
2508.0,108.0,0.878925
2508.0,109.0,0.9302
2508.0,110.0,0.392983
2508.0,111.0,0.900828
2508.0,112.0,0.350906
2508.0,113.0,0.502102
2508.0,114.0,0.346412
2508.0,115.0,0.148497
2508.0,116.0,0.899837
2508.0,117.0,0.286263
2508.0,118.0,0.806652
2508.0,119.0,0.273709
2508.0,120.0,0.0
2508.0,121.0,0.283736
2508.0,122.0,0.570838
2508.0,123.0,1.0
2508.0,124.0,0.463526
2508.0,125.0,0.483994
2508.0,126.0,0.3609
2508.0,127.0,0.055659
2508.0,128.0,0.052268
2508.0,129.0,0.935542
2508.0,130.0,0.04756
2508.0,131.0,0.906028
2508.0,132.0,0.381274
2508.0,133.0,0.810204
2508.0,134.0,0.476172
2508.0,135.0,0.346606
2508.0,136.0,0.998717
2508.0,137.0,0.507625
2508.0,138.0,0.717894
2508.0,139.0,0.417433
2508.0,140.0,0.018961
2508.0,141.0,0.649186
2508.0,142.0,1.0
2508.0,143.0,0.150927
2508.0,144.0,0.246026
2508.0,145.0,0.383409
2508.0,146.0,0.55554
2508.0,147.0,1.0
2508.0,148.0,0.395758
2508.0,149.0,0.476607
2508.0,150.0,0.261783
2508.0,151.0,0.535294
2508.0,152.0,0.347061
2508.0,153.0,0.363832
2508.0,154.0,0.61006
2508.0,155.0,0.643749
2508.0,156.0,0.604223
2508.0,157.0,0.000287
2508.0,158.0,0.183596
2508.0,159.0,0.131953
2508.0,160.0,0.04382
2508.0,161.0,0.065552
2508.0,162.0,0.719426
2508.0,163.0,0.616558
2508.0,164.0,0.640571
2508.0,165.0,0.439678
2508.0,166.0,0.0
2508.0,167.0,0.467715
2508.0,168.0,0.563483
2508.0,169.0,0.667622
2508.0,170.0,0.671036
2508.0,171.0,0.458473
2508.0,172.0,0.541357
2508.0,173.0,0.657166
2508.0,174.0,0.404868
2508.0,175.0,0.37324
2508.0,176.0,0.26054
2508.0,177.0,0.0
2508.0,178.0,0.997312
2508.0,179.0,0.383742
2508.0,180.0,0.340732
2508.0,181.0,0.325687
2508.0,182.0,0.058952
2508.0,183.0,0.0
2508.0,184.0,0.490365
2508.0,185.0,0.519761
2508.0,186.0,0.878521
2508.0,187.0,0.490835
2508.0,188.0,0.012176
2508.0,189.0,0.881659
2508.0,190.0,1.0
2508.0,191.0,0.66957
2508.0,192.0,0.2185
2508.0,193.0,0.775021
2508.0,194.0,0.012688
2508.0,195.0,0.470409
2508.0,196.0,0.515686
2508.0,197.0,0.302437
2508.0,198.0,0.465042
2508.0,199.0,0.089453
2508.0,200.0,0.008127
2508.0,201.0,0.757477
2508.0,202.0,1.0
2508.0,203.0,0.584776
2508.0,204.0,0.292008
2508.0,205.0,0.0
2508.0,206.0,0.377009
2508.0,207.0,0.999214
2508.0,208.0,0.574433
2508.0,209.0,0.60156
2508.0,210.0,0.320629
2508.0,211.0,0.188967
2508.0,212.0,0.587117
2508.0,213.0,0.0
2508.0,214.0,0.564776
2508.0,215.0,0.664253
2508.0,216.0,1.0
2508.0,217.0,0.701336
2508.0,218.0,0.0
2508.0,219.0,0.303219
2508.0,220.0,0.933727
2508.0,221.0,0.533674
2508.0,222.0,0.021594
2508.0,223.0,0.582222
2508.0,224.0,0.364544
2508.0,225.0,0.814464
2508.0,226.0,0.704741
2508.0,227.0,0.835007
2508.0,228.0,0.776442
2508.0,229.0,0.234334
2508.0,230.0,0.389119
2508.0,231.0,0.393363
2508.0,232.0,0.349223
2508.0,233.0,0.780716
2508.0,234.0,0.279868
2508.0,235.0,0.0
2508.0,236.0,0.95021
2508.0,237.0,0.159503
2508.0,238.0,0.587346
2508.0,239.0,0.98362
2508.0,240.0,0.159528
2508.0,241.0,0.465649
2508.0,242.0,0.449641
2508.0,243.0,0.003866
2508.0,244.0,0.012135
2508.0,245.0,0.999424
2508.0,246.0,0.624404
2508.0,247.0,0.494689
2508.0,248.0,0.519727
2508.0,249.0,0.471907
2508.0,250.0,0.539662
2508.0,251.0,0.93801
2508.0,252.0,0.488092
2508.0,253.0,0.711185
2508.0,254.0,0.625511
2508.0,255.0,0.415779
2508.0,256.0,0.999463
2508.0,257.0,0.817127
2508.0,258.0,0.474313
2508.0,259.0,0.600723
2508.0,260.0,0.890927
2508.0,261.0,0.315302
2508.0,262.0,0.001447
2508.0,263.0,0.460569
2508.0,264.0,0.0
2508.0,265.0,0.376987
2508.0,266.0,0.39256
2508.0,267.0,0.787781
2508.0,268.0,0.406109
2508.0,269.0,0.165126
2508.0,270.0,0.819144
2508.0,271.0,0.0
2508.0,272.0,0.128659
2508.0,273.0,0.365275
2508.0,274.0,0.362642
2508.0,275.0,0.673028
2508.0,276.0,0.036616
2508.0,277.0,0.326868
2508.0,278.0,0.457187
2508.0,279.0,0.225462
2508.0,280.0,0.530011
2508.0,281.0,0.837542
2508.0,282.0,1.0
2508.0,283.0,0.447598
2508.0,284.0,0.289231
2508.0,285.0,0.466032
2508.0,286.0,0.825922
2508.0,287.0,0.282758
2508.0,288.0,0.440666
2508.0,289.0,0.378507
2508.0,290.0,0.586287
2508.0,291.0,0.425784
2508.0,292.0,0.686438
2508.0,293.0,1.0
2508.0,294.0,0.398015
2508.0,295.0,0.247215
2508.0,296.0,0.008512
2508.0,297.0,0.690198
2508.0,298.0,0.153929
2508.0,299.0,0.0
2508.0,300.0,0.376654
2508.0,301.0,0.717207
2508.0,302.0,0.187603
2508.0,303.0,0.928659
2508.0,304.0,0.005118
2508.0,305.0,0.850302
2508.0,306.0,0.703828
2508.0,307.0,0.578412
2508.0,308.0,0.532082
2508.0,309.0,0.0
2508.0,310.0,0.980886
2508.0,311.0,0.486748
2508.0,312.0,0.0
2508.0,313.0,0.568489
2508.0,314.0,0.396467
2508.0,315.0,0.49875
2508.0,316.0,0.355268
2508.0,317.0,0.933486
2508.0,318.0,0.615576
2508.0,319.0,0.154953
2508.0,320.0,0.337096
2508.0,321.0,0.00019
2508.0,322.0,0.127321
2508.0,323.0,0.401752
2508.0,324.0,0.556085
2508.0,325.0,0.073945
2508.0,326.0,0.7935
2508.0,327.0,0.207051
2508.0,328.0,0.067223
2508.0,329.0,0.87373
2508.0,330.0,0.113767
2508.0,331.0,0.604563
2508.0,332.0,0.361011
2508.0,333.0,0.0
2508.0,334.0,0.279482
2509.0,0.0,0.005431
2509.0,1.0,0.0
2509.0,2.0,8.8e-05
2509.0,3.0,0.428334
2509.0,4.0,0.275244
2509.0,5.0,0.437827
2509.0,6.0,0.774762
2509.0,7.0,0.782674
2509.0,8.0,0.219064
2509.0,9.0,0.767064
2509.0,10.0,0.993873
2509.0,11.0,0.847904
2509.0,12.0,0.353964
2509.0,13.0,0.336411
2509.0,14.0,0.61156
2509.0,15.0,0.873974
2509.0,16.0,0.588487
2509.0,17.0,0.010009
2509.0,18.0,0.614698
2509.0,19.0,0.657201
2509.0,20.0,0.457869
2509.0,21.0,0.0
2509.0,22.0,0.901055
2509.0,23.0,1.0
2509.0,24.0,0.452721
2509.0,25.0,0.480355
2509.0,26.0,0.809548
2509.0,27.0,0.444124
2509.0,28.0,0.698913
2509.0,29.0,1.0
2509.0,30.0,0.217421
2509.0,31.0,0.735835
2509.0,32.0,0.992091
2509.0,33.0,1.0
2509.0,34.0,0.029178
2509.0,35.0,0.392042
2509.0,36.0,0.389539
2509.0,37.0,0.542997
2509.0,38.0,0.460582
2509.0,39.0,0.927385
2509.0,40.0,0.636364
2509.0,41.0,0.805949
2509.0,42.0,0.372142
2509.0,43.0,0.897149
2509.0,44.0,0.603427
2509.0,45.0,0.754632
2509.0,46.0,0.521307
2509.0,47.0,0.894877
2509.0,48.0,0.964913
2509.0,49.0,0.256626
2509.0,50.0,0.007692
2509.0,51.0,0.287731
2509.0,52.0,0.99946
2509.0,53.0,0.810419
2509.0,54.0,0.95356
2509.0,55.0,0.026374
2509.0,56.0,0.340499
2509.0,57.0,0.0
2509.0,58.0,0.439789
2509.0,59.0,0.298879
2509.0,60.0,0.821744
2509.0,61.0,0.88784
2509.0,62.0,0.179919
2509.0,63.0,0.702548
2509.0,64.0,0.947087
2509.0,65.0,0.047988
2509.0,66.0,0.007386
2509.0,67.0,0.536081
2509.0,68.0,0.053767
2509.0,69.0,0.0842
2509.0,70.0,0.260292
2509.0,71.0,0.097065
2509.0,72.0,0.543685
2509.0,73.0,0.477469
2509.0,74.0,0.660129
2509.0,75.0,0.553336
2509.0,76.0,0.859977
2509.0,77.0,0.784236
2509.0,78.0,0.33804
2509.0,79.0,0.002909
2509.0,80.0,0.882326
2509.0,81.0,0.303387
2509.0,82.0,0.567783
2509.0,83.0,0.521551
2509.0,84.0,1.0
2509.0,85.0,0.491402
2509.0,86.0,0.737652
2509.0,87.0,0.991774
2509.0,88.0,0.0
2509.0,89.0,0.681506
2509.0,90.0,0.627167
2509.0,91.0,0.453723
2509.0,92.0,0.223756
2509.0,93.0,0.459815
2509.0,94.0,0.437084
2509.0,95.0,0.199952
2509.0,96.0,0.998542
2509.0,97.0,0.360212
2509.0,98.0,0.0
2509.0,99.0,0.151333
2509.0,100.0,0.624214
2509.0,101.0,0.400151
2509.0,102.0,0.795378
2509.0,103.0,1.9e-05
2509.0,104.0,0.151235
2509.0,105.0,0.585979
2509.0,106.0,0.659029
2509.0,107.0,0.723554
2509.0,108.0,0.875372
2509.0,109.0,0.928391
2509.0,110.0,0.391587
2509.0,111.0,0.899774
2509.0,112.0,0.350738
2509.0,113.0,0.502395
2509.0,114.0,0.342514
2509.0,115.0,0.147732
2509.0,116.0,0.899968
2509.0,117.0,0.284691
2509.0,118.0,0.803375
2509.0,119.0,0.271564
2509.0,120.0,0.0
2509.0,121.0,0.273851
2509.0,122.0,0.57032
2509.0,123.0,1.0
2509.0,124.0,0.458769
2509.0,125.0,0.478176
2509.0,126.0,0.359682
2509.0,127.0,0.054494
2509.0,128.0,0.051402
2509.0,129.0,0.934983
2509.0,130.0,0.046897
2509.0,131.0,0.904873
2509.0,132.0,0.375679
2509.0,133.0,0.807624
2509.0,134.0,0.474465
2509.0,135.0,0.337947
2509.0,136.0,0.998656
2509.0,137.0,0.506416
2509.0,138.0,0.711841
2509.0,139.0,0.414228
2509.0,140.0,0.01876
2509.0,141.0,0.649087
2509.0,142.0,1.0
2509.0,143.0,0.148927
2509.0,144.0,0.244406
2509.0,145.0,0.381051
2509.0,146.0,0.553843
2509.0,147.0,1.0
2509.0,148.0,0.392548
2509.0,149.0,0.467009
2509.0,150.0,0.260005
2509.0,151.0,0.532597
2509.0,152.0,0.345138
2509.0,153.0,0.354456
2509.0,154.0,0.608627
2509.0,155.0,0.638989
2509.0,156.0,0.602866
2509.0,157.0,0.000272
2509.0,158.0,0.178613
2509.0,159.0,0.127574
2509.0,160.0,0.042368
2509.0,161.0,0.065097
2509.0,162.0,0.717601
2509.0,163.0,0.61413
2509.0,164.0,0.637616
2509.0,165.0,0.433193
2509.0,166.0,0.0
2509.0,167.0,0.466942
2509.0,168.0,0.561613
2509.0,169.0,0.638348
2509.0,170.0,0.668152
2509.0,171.0,0.45713
2509.0,172.0,0.538803
2509.0,173.0,0.653677
2509.0,174.0,0.404442
2509.0,175.0,0.371907
2509.0,176.0,0.258414
2509.0,177.0,0.0
2509.0,178.0,0.997268
2509.0,179.0,0.375813
2509.0,180.0,0.336111
2509.0,181.0,0.3241
2509.0,182.0,0.059017
2509.0,183.0,0.0
2509.0,184.0,0.487597
2509.0,185.0,0.517987
2509.0,186.0,0.875272
2509.0,187.0,0.490115
2509.0,188.0,0.012145
2509.0,189.0,0.881593
2509.0,190.0,1.0
2509.0,191.0,0.669051
2509.0,192.0,0.219456
2509.0,193.0,0.775123
2509.0,194.0,0.012397
2509.0,195.0,0.464381
2509.0,196.0,0.513257
2509.0,197.0,0.299471
2509.0,198.0,0.460636
2509.0,199.0,0.088621
2509.0,200.0,0.008093
2509.0,201.0,0.755622
2509.0,202.0,1.0
2509.0,203.0,0.566517
2509.0,204.0,0.290069
2509.0,205.0,0.0
2509.0,206.0,0.351551
2509.0,207.0,0.999144
2509.0,208.0,0.570585
2509.0,209.0,0.601245
2509.0,210.0,0.311466
2509.0,211.0,0.189267
2509.0,212.0,0.580119
2509.0,213.0,0.0
2509.0,214.0,0.556753
2509.0,215.0,0.657953
2509.0,216.0,1.0
2509.0,217.0,0.696983
2509.0,218.0,0.0
2509.0,219.0,0.302285
2509.0,220.0,0.933493
2509.0,221.0,0.523072
2509.0,222.0,0.021294
2509.0,223.0,0.580985
2509.0,224.0,0.361791
2509.0,225.0,0.81209
2509.0,226.0,0.699151
2509.0,227.0,0.832753
2509.0,228.0,0.7738
2509.0,229.0,0.232554
2509.0,230.0,0.388875
2509.0,231.0,0.340541
2509.0,232.0,0.349077
2509.0,233.0,0.77775
2509.0,234.0,0.274939
2509.0,235.0,0.0
2509.0,236.0,0.950084
2509.0,237.0,0.159254
2509.0,238.0,0.576207
2509.0,239.0,0.983733
2509.0,240.0,0.158229
2509.0,241.0,0.462274
2509.0,242.0,0.445957
2509.0,243.0,0.003744
2509.0,244.0,0.012015
2509.0,245.0,0.999348
2509.0,246.0,0.62317
2509.0,247.0,0.493381
2509.0,248.0,0.517169
2509.0,249.0,0.467994
2509.0,250.0,0.532684
2509.0,251.0,0.937463
2509.0,252.0,0.488343
2509.0,253.0,0.70913
2509.0,254.0,0.619697
2509.0,255.0,0.413821
2509.0,256.0,0.999408
2509.0,257.0,0.815158
2509.0,258.0,0.472738
2509.0,259.0,0.598944
2509.0,260.0,0.889326
2509.0,261.0,0.308599
2509.0,262.0,0.001414
2509.0,263.0,0.459531
2509.0,264.0,0.0
2509.0,265.0,0.376983
2509.0,266.0,0.388991
2509.0,267.0,0.785454
2509.0,268.0,0.399458
2509.0,269.0,0.162807
2509.0,270.0,0.817776
2509.0,271.0,0.0
2509.0,272.0,0.126917
2509.0,273.0,0.362065
2509.0,274.0,0.363093
2509.0,275.0,0.671064
2509.0,276.0,0.036132
2509.0,277.0,0.32527
2509.0,278.0,0.454697
2509.0,279.0,0.222036
2509.0,280.0,0.528482
2509.0,281.0,0.834306
2509.0,282.0,1.0
2509.0,283.0,0.446239
2509.0,284.0,0.288978
2509.0,285.0,0.460489
2509.0,286.0,0.820852
2509.0,287.0,0.281234
2509.0,288.0,0.435005
2509.0,289.0,0.37215
2509.0,290.0,0.58646
2509.0,291.0,0.423211
2509.0,292.0,0.684181
2509.0,293.0,1.0
2509.0,294.0,0.397213
2509.0,295.0,0.243701
2509.0,296.0,0.008398
2509.0,297.0,0.690429
2509.0,298.0,0.153269
2509.0,299.0,0.0
2509.0,300.0,0.373675
2509.0,301.0,0.715752
2509.0,302.0,0.185969
2509.0,303.0,0.928223
2509.0,304.0,0.005155
2509.0,305.0,0.849978
2509.0,306.0,0.701266
2509.0,307.0,0.578014
2509.0,308.0,0.528642
2509.0,309.0,0.0
2509.0,310.0,0.980527
2509.0,311.0,0.487987
2509.0,312.0,0.0
2509.0,313.0,0.567084
2509.0,314.0,0.394663
2509.0,315.0,0.496096
2509.0,316.0,0.35409
2509.0,317.0,0.933006
2509.0,318.0,0.614623
2509.0,319.0,0.154137
2509.0,320.0,0.328961
2509.0,321.0,0.000199
2509.0,322.0,0.125862
2509.0,323.0,0.370245
2509.0,324.0,0.554456
2509.0,325.0,0.069616
2509.0,326.0,0.792403
2509.0,327.0,0.205838
2509.0,328.0,0.06693
2509.0,329.0,0.864561
2509.0,330.0,0.112795
2509.0,331.0,0.605926
2509.0,332.0,0.355435
2509.0,333.0,0.0
2509.0,334.0,0.274748
2510.0,0.0,0.005343
2510.0,1.0,0.0
2510.0,2.0,9.6e-05
2510.0,3.0,0.424567
2510.0,4.0,0.27293
2510.0,5.0,0.428006
2510.0,6.0,0.771728
2510.0,7.0,0.781194
2510.0,8.0,0.218072
2510.0,9.0,0.765866
2510.0,10.0,0.993663
2510.0,11.0,0.848345
2510.0,12.0,0.347263
2510.0,13.0,0.33403
2510.0,14.0,0.599631
2510.0,15.0,0.874157
2510.0,16.0,0.586699
2510.0,17.0,0.009903
2510.0,18.0,0.607143
2510.0,19.0,0.657081
2510.0,20.0,0.453256
2510.0,21.0,0.0
2510.0,22.0,0.899288
2510.0,23.0,1.0
2510.0,24.0,0.451304
2510.0,25.0,0.472349
2510.0,26.0,0.80158
2510.0,27.0,0.440039
2510.0,28.0,0.695464
2510.0,29.0,1.0
2510.0,30.0,0.208848
2510.0,31.0,0.734494
2510.0,32.0,0.991878
2510.0,33.0,1.0
2510.0,34.0,0.02749
2510.0,35.0,0.391856
2510.0,36.0,0.386476
2510.0,37.0,0.542255
2510.0,38.0,0.455838
2510.0,39.0,0.923676
2510.0,40.0,0.632695
2510.0,41.0,0.802988
2510.0,42.0,0.366566
2510.0,43.0,0.888809
2510.0,44.0,0.59824
2510.0,45.0,0.746692
2510.0,46.0,0.521398
2510.0,47.0,0.890547
2510.0,48.0,0.964447
2510.0,49.0,0.255385
2510.0,50.0,0.007576
2510.0,51.0,0.283817
2510.0,52.0,0.999403
2510.0,53.0,0.805665
2510.0,54.0,0.95317
2510.0,55.0,0.026011
2510.0,56.0,0.339043
2510.0,57.0,0.0
2510.0,58.0,0.437373
2510.0,59.0,0.293507
2510.0,60.0,0.821282
2510.0,61.0,0.886579
2510.0,62.0,0.17537
2510.0,63.0,0.701979
2510.0,64.0,0.946223
2510.0,65.0,0.047415
2510.0,66.0,0.007365
2510.0,67.0,0.532136
2510.0,68.0,0.053716
2510.0,69.0,0.083708
2510.0,70.0,0.259239
2510.0,71.0,0.094866
2510.0,72.0,0.539475
2510.0,73.0,0.476144
2510.0,74.0,0.658348
2510.0,75.0,0.545591
2510.0,76.0,0.859437
2510.0,77.0,0.78346
2510.0,78.0,0.329907
2510.0,79.0,0.002737
2510.0,80.0,0.881355
2510.0,81.0,0.301069
2510.0,82.0,0.565988
2510.0,83.0,0.51818
2510.0,84.0,1.0
2510.0,85.0,0.491032
2510.0,86.0,0.733378
2510.0,87.0,0.991733
2510.0,88.0,0.0
2510.0,89.0,0.680734
2510.0,90.0,0.62694
2510.0,91.0,0.453469
2510.0,92.0,0.22191
2510.0,93.0,0.458679
2510.0,94.0,0.432552
2510.0,95.0,0.198994
2510.0,96.0,0.998619
2510.0,97.0,0.32536
2510.0,98.0,0.0
2510.0,99.0,0.150301
2510.0,100.0,0.623194
2510.0,101.0,0.398465
2510.0,102.0,0.788819
2510.0,103.0,2.0e-05
2510.0,104.0,0.149892
2510.0,105.0,0.583385
2510.0,106.0,0.656631
2510.0,107.0,0.722585
2510.0,108.0,0.872615
2510.0,109.0,0.925992
2510.0,110.0,0.39139
2510.0,111.0,0.898371
2510.0,112.0,0.349877
2510.0,113.0,0.50195
2510.0,114.0,0.33819
2510.0,115.0,0.147304
2510.0,116.0,0.900062
2510.0,117.0,0.283065
2510.0,118.0,0.799929
2510.0,119.0,0.269778
2510.0,120.0,0.0
2510.0,121.0,0.263586
2510.0,122.0,0.56828
2510.0,123.0,1.0
2510.0,124.0,0.453723
2510.0,125.0,0.47211
2510.0,126.0,0.35752
2510.0,127.0,0.053504
2510.0,128.0,0.051157
2510.0,129.0,0.933822
2510.0,130.0,0.046252
2510.0,131.0,0.903418
2510.0,132.0,0.369403
2510.0,133.0,0.806087
2510.0,134.0,0.471611
2510.0,135.0,0.329121
2510.0,136.0,0.998567
2510.0,137.0,0.503931
2510.0,138.0,0.706077
2510.0,139.0,0.410582
2510.0,140.0,0.018458
2510.0,141.0,0.648251
2510.0,142.0,1.0
2510.0,143.0,0.146381
2510.0,144.0,0.24275
2510.0,145.0,0.37688
2510.0,146.0,0.55106
2510.0,147.0,1.0
2510.0,148.0,0.389549
2510.0,149.0,0.458038
2510.0,150.0,0.258684
2510.0,151.0,0.528907
2510.0,152.0,0.343002
2510.0,153.0,0.345627
2510.0,154.0,0.606251
2510.0,155.0,0.633837
2510.0,156.0,0.60289
2510.0,157.0,0.000251
2510.0,158.0,0.173435
2510.0,159.0,0.124667
2510.0,160.0,0.041221
2510.0,161.0,0.064801
2510.0,162.0,0.716775
2510.0,163.0,0.611967
2510.0,164.0,0.635323
2510.0,165.0,0.426664
2510.0,166.0,0.0
2510.0,167.0,0.466366
2510.0,168.0,0.560124
2510.0,169.0,0.60993
2510.0,170.0,0.664297
2510.0,171.0,0.456007
2510.0,172.0,0.536216
2510.0,173.0,0.65223
2510.0,174.0,0.40452
2510.0,175.0,0.370997
2510.0,176.0,0.255655
2510.0,177.0,0.0
2510.0,178.0,0.997207
2510.0,179.0,0.368943
2510.0,180.0,0.331214
2510.0,181.0,0.322627
2510.0,182.0,0.059057
2510.0,183.0,0.0
2510.0,184.0,0.484529
2510.0,185.0,0.516598
2510.0,186.0,0.871316
2510.0,187.0,0.489921
2510.0,188.0,0.012055
2510.0,189.0,0.880548
2510.0,190.0,1.0
2510.0,191.0,0.667711
2510.0,192.0,0.218386
2510.0,193.0,0.775196
2510.0,194.0,0.011886
2510.0,195.0,0.457946
2510.0,196.0,0.510603
2510.0,197.0,0.296576
2510.0,198.0,0.455606
2510.0,199.0,0.087938
2510.0,200.0,0.007929
2510.0,201.0,0.755532
2510.0,202.0,1.0
2510.0,203.0,0.546906
2510.0,204.0,0.287767
2510.0,205.0,0.0
2510.0,206.0,0.327723
2510.0,207.0,0.999042
2510.0,208.0,0.567161
2510.0,209.0,0.600792
2510.0,210.0,0.303688
2510.0,211.0,0.189461
2510.0,212.0,0.573583
2510.0,213.0,0.0
2510.0,214.0,0.550055
2510.0,215.0,0.652987
2510.0,216.0,1.0
2510.0,217.0,0.693817
2510.0,218.0,0.0
2510.0,219.0,0.300499
2510.0,220.0,0.931888
2510.0,221.0,0.512766
2510.0,222.0,0.02112
2510.0,223.0,0.579547
2510.0,224.0,0.358944
2510.0,225.0,0.809116
2510.0,226.0,0.693617
2510.0,227.0,0.830097
2510.0,228.0,0.771283
2510.0,229.0,0.231025
2510.0,230.0,0.387757
2510.0,231.0,0.290921
2510.0,232.0,0.348036
2510.0,233.0,0.774699
2510.0,234.0,0.270361
2510.0,235.0,0.0
2510.0,236.0,0.949743
2510.0,237.0,0.158288
2510.0,238.0,0.566146
2510.0,239.0,0.983438
2510.0,240.0,0.157185
2510.0,241.0,0.458676
2510.0,242.0,0.443313
2510.0,243.0,0.003653
2510.0,244.0,0.011844
2510.0,245.0,0.999308
2510.0,246.0,0.622751
2510.0,247.0,0.492924
2510.0,248.0,0.514381
2510.0,249.0,0.463088
2510.0,250.0,0.525975
2510.0,251.0,0.937052
2510.0,252.0,0.487813
2510.0,253.0,0.7074
2510.0,254.0,0.614342
2510.0,255.0,0.411787
2510.0,256.0,0.999387
2510.0,257.0,0.813156
2510.0,258.0,0.471064
2510.0,259.0,0.59677
2510.0,260.0,0.88749
2510.0,261.0,0.302332
2510.0,262.0,0.001433
2510.0,263.0,0.45876
2510.0,264.0,0.0
2510.0,265.0,0.37575
2510.0,266.0,0.385066
2510.0,267.0,0.783627
2510.0,268.0,0.393517
2510.0,269.0,0.160147
2510.0,270.0,0.817573
2510.0,271.0,0.0
2510.0,272.0,0.126277
2510.0,273.0,0.358139
2510.0,274.0,0.363297
2510.0,275.0,0.66814
2510.0,276.0,0.035551
2510.0,277.0,0.323025
2510.0,278.0,0.452181
2510.0,279.0,0.219794
2510.0,280.0,0.527019
2510.0,281.0,0.830781
2510.0,282.0,1.0
2510.0,283.0,0.446224
2510.0,284.0,0.287353
2510.0,285.0,0.454099
2510.0,286.0,0.816692
2510.0,287.0,0.27974
2510.0,288.0,0.429483
2510.0,289.0,0.364884
2510.0,290.0,0.586261
2510.0,291.0,0.420315
2510.0,292.0,0.682107
2510.0,293.0,1.0
2510.0,294.0,0.395971
2510.0,295.0,0.240646
2510.0,296.0,0.008325
2510.0,297.0,0.689712
2510.0,298.0,0.151373
2510.0,299.0,0.0
2510.0,300.0,0.371494
2510.0,301.0,0.714299
2510.0,302.0,0.184075
2510.0,303.0,0.927676
2510.0,304.0,0.005043
2510.0,305.0,0.850176
2510.0,306.0,0.698621
2510.0,307.0,0.5774
2510.0,308.0,0.525097
2510.0,309.0,0.0
2510.0,310.0,0.980231
2510.0,311.0,0.488337
2510.0,312.0,0.0
2510.0,313.0,0.5652
2510.0,314.0,0.394328
2510.0,315.0,0.491568
2510.0,316.0,0.352112
2510.0,317.0,0.93273
2510.0,318.0,0.613715
2510.0,319.0,0.153166
2510.0,320.0,0.321106
2510.0,321.0,0.000211
2510.0,322.0,0.124069
2510.0,323.0,0.341028
2510.0,324.0,0.553383
2510.0,325.0,0.065239
2510.0,326.0,0.790861
2510.0,327.0,0.20585
2510.0,328.0,0.067342
2510.0,329.0,0.854406
2510.0,330.0,0.112141
2510.0,331.0,0.605518
2510.0,332.0,0.351079
2510.0,333.0,0.0
2510.0,334.0,0.271477
