FREQUENCIES 
Gen,mut_id,mut_freq
1.0,0.0,0.5
1.0,1.0,0.5
1.0,2.0,0.5
1.0,3.0,0.5
1.0,4.0,0.5
1.0,5.0,0.5
1.0,6.0,0.5
1.0,7.0,0.5
1.0,8.0,0.5
1.0,9.0,0.5
1.0,10.0,0.5
1.0,11.0,0.5
1.0,12.0,0.5
1.0,13.0,0.5
1.0,14.0,0.5
1.0,15.0,0.5
1.0,16.0,0.5
1.0,17.0,0.5
1.0,18.0,0.5
1.0,19.0,0.5
1.0,20.0,0.5
1.0,21.0,0.5
1.0,22.0,0.5
1.0,23.0,0.5
1.0,24.0,0.5
1.0,25.0,0.5
1.0,26.0,0.5
1.0,27.0,0.5
1.0,28.0,0.5
1.0,29.0,0.5
1.0,30.0,0.5
1.0,31.0,0.5
1.0,32.0,0.5
1.0,33.0,0.5
1.0,34.0,0.5
1.0,35.0,0.5
1.0,36.0,0.5
1.0,37.0,0.5
1.0,38.0,0.5
1.0,39.0,0.5
1.0,40.0,0.5
1.0,41.0,0.5
1.0,42.0,0.5
1.0,43.0,0.5
1.0,44.0,0.5
1.0,45.0,0.5
1.0,46.0,0.5
1.0,47.0,0.5
1.0,48.0,0.5
1.0,49.0,0.5
1.0,50.0,0.5
1.0,51.0,0.5
1.0,52.0,0.5
1.0,53.0,0.5
1.0,54.0,0.5
1.0,55.0,0.5
1.0,56.0,0.5
1.0,57.0,0.5
1.0,58.0,0.5
1.0,59.0,0.5
1.0,60.0,0.5
1.0,61.0,0.5
1.0,62.0,0.5
1.0,63.0,0.5
1.0,64.0,0.5
1.0,65.0,0.5
1.0,66.0,0.5
1.0,67.0,0.5
1.0,68.0,0.5
1.0,69.0,0.5
1.0,70.0,0.5
1.0,71.0,0.5
1.0,72.0,0.5
1.0,73.0,0.5
1.0,74.0,0.5
1.0,75.0,0.5
1.0,76.0,0.5
1.0,77.0,0.5
1.0,78.0,0.5
1.0,79.0,0.5
1.0,80.0,0.5
1.0,81.0,0.5
1.0,82.0,0.5
1.0,83.0,0.5
1.0,84.0,0.5
1.0,85.0,0.5
1.0,86.0,0.5
1.0,87.0,0.5
1.0,88.0,0.5
1.0,89.0,0.5
1.0,90.0,0.5
1.0,91.0,0.5
1.0,92.0,0.5
1.0,93.0,0.5
1.0,94.0,0.5
1.0,95.0,0.5
1.0,96.0,0.5
1.0,97.0,0.5
1.0,98.0,0.5
1.0,99.0,0.5
1.0,100.0,0.5
1.0,101.0,0.5
1.0,102.0,0.5
1.0,103.0,0.5
1.0,104.0,0.5
1.0,105.0,0.5
1.0,106.0,0.5
1.0,107.0,0.5
1.0,108.0,0.5
1.0,109.0,0.5
1.0,110.0,0.5
1.0,111.0,0.5
1.0,112.0,0.5
1.0,113.0,0.5
1.0,114.0,0.5
1.0,115.0,0.5
1.0,116.0,0.5
1.0,117.0,0.5
1.0,118.0,0.5
1.0,119.0,0.5
1.0,120.0,0.5
1.0,121.0,0.5
1.0,122.0,0.5
1.0,123.0,0.5
1.0,124.0,0.5
1.0,125.0,0.5
1.0,126.0,0.5
2500.0,0.0,0.929802
2500.0,1.0,0.998491
2500.0,2.0,0.375901
2500.0,3.0,0.150645
2500.0,4.0,0.572818
2500.0,5.0,0.303379
2500.0,6.0,0.60676
2500.0,7.0,0.754105
2500.0,8.0,0.271718
2500.0,9.0,1.0
2500.0,10.0,0.031844
2500.0,11.0,0.660747
2500.0,12.0,0.443998
2500.0,13.0,0.487882
2500.0,14.0,0.00823
2500.0,15.0,0.212929
2500.0,16.0,0.992446
2500.0,17.0,0.99833
2500.0,18.0,0.655895
2500.0,19.0,0.257482
2500.0,20.0,0.430445
2500.0,21.0,0.711626
2500.0,22.0,0.280833
2500.0,23.0,0.588349
2500.0,24.0,0.299586
2500.0,25.0,0.312298
2500.0,26.0,0.934799
2500.0,27.0,0.393164
2500.0,28.0,0.360238
2500.0,29.0,0.329412
2500.0,30.0,0.98588
2500.0,31.0,0.981458
2500.0,32.0,0.760193
2500.0,33.0,0.455538
2500.0,34.0,0.732506
2500.0,35.0,0.0
2500.0,36.0,0.318091
2500.0,37.0,0.406607
2500.0,38.0,0.522617
2500.0,39.0,0.0
2500.0,40.0,0.920676
2500.0,41.0,0.458033
2500.0,42.0,1.0
2500.0,43.0,0.232506
2500.0,44.0,0.0
2500.0,45.0,0.0647
2500.0,46.0,0.380842
2500.0,47.0,0.371198
2500.0,48.0,0.004321
2500.0,49.0,0.46648
2500.0,50.0,0.0
2500.0,51.0,0.048864
2500.0,52.0,0.406024
2500.0,53.0,1.0
2500.0,54.0,0.409933
2500.0,55.0,0.557442
2500.0,56.0,0.456231
2500.0,57.0,0.648475
2500.0,58.0,0.478312
2500.0,59.0,0.486696
2500.0,60.0,0.366762
2500.0,61.0,0.298676
2500.0,62.0,0.637859
2500.0,63.0,1.0
2500.0,64.0,0.384664
2500.0,65.0,0.435972
2500.0,66.0,0.693634
2500.0,67.0,0.626312
2500.0,68.0,1.0
2500.0,69.0,0.01889
2500.0,70.0,0.985142
2500.0,71.0,0.64987
2500.0,72.0,0.299432
2500.0,73.0,0.000679
2500.0,74.0,0.156185
2500.0,75.0,0.552246
2500.0,76.0,0.0
2500.0,77.0,1.0
2500.0,78.0,0.385525
2500.0,79.0,0.304545
2500.0,80.0,0.151663
2500.0,81.0,0.0
2500.0,82.0,0.877429
2500.0,83.0,0.0
2500.0,84.0,0.27696
2500.0,85.0,1.0
2500.0,86.0,0.0
2500.0,87.0,0.000451
2500.0,88.0,0.524963
2500.0,89.0,0.999543
2500.0,90.0,0.696566
2500.0,91.0,0.360451
2500.0,92.0,0.521038
2500.0,93.0,1.0
2500.0,94.0,0.053156
2500.0,95.0,0.476797
2500.0,96.0,0.960963
2500.0,97.0,0.493831
2500.0,98.0,0.97926
2500.0,99.0,1.0
2500.0,100.0,0.273833
2500.0,101.0,1.0
2500.0,102.0,0.937632
2500.0,103.0,0.150163
2500.0,104.0,0.240485
2500.0,105.0,0.138103
2500.0,106.0,0.0
2500.0,107.0,0.999837
2500.0,108.0,0.418696
2500.0,109.0,1.0
2500.0,110.0,0.280677
2500.0,111.0,0.0
2500.0,112.0,0.000725
2500.0,113.0,0.479926
2500.0,114.0,0.705967
2500.0,115.0,0.007032
2500.0,116.0,0.596271
2500.0,117.0,1.0
2500.0,118.0,0.352676
2500.0,119.0,1.0
2500.0,120.0,0.0
2500.0,121.0,0.496284
2500.0,122.0,0.920933
2500.0,123.0,0.280805
2500.0,124.0,0.409988
2500.0,125.0,0.608503
2500.0,126.0,0.587761
2501.0,0.0,0.930543
2501.0,1.0,0.998616
2501.0,2.0,0.404143
2501.0,3.0,0.166125
2501.0,4.0,0.601052
2501.0,5.0,0.325358
2501.0,6.0,0.605789
2501.0,7.0,0.763002
2501.0,8.0,0.286381
2501.0,9.0,1.0
2501.0,10.0,0.032706
2501.0,11.0,0.665134
2501.0,12.0,0.445913
2501.0,13.0,0.492783
2501.0,14.0,0.008381
2501.0,15.0,0.219812
2501.0,16.0,0.992576
2501.0,17.0,0.998307
2501.0,18.0,0.66359
2501.0,19.0,0.26244
2501.0,20.0,0.438195
2501.0,21.0,0.714823
2501.0,22.0,0.323455
2501.0,23.0,0.603888
2501.0,24.0,0.310809
2501.0,25.0,0.401916
2501.0,26.0,0.935398
2501.0,27.0,0.435079
2501.0,28.0,0.360609
2501.0,29.0,0.410466
2501.0,30.0,0.986195
2501.0,31.0,0.983374
2501.0,32.0,0.766911
2501.0,33.0,0.470763
2501.0,34.0,0.732173
2501.0,35.0,0.0
2501.0,36.0,0.421238
2501.0,37.0,0.412318
2501.0,38.0,0.530537
2501.0,39.0,0.0
2501.0,40.0,0.922079
2501.0,41.0,0.467569
2501.0,42.0,1.0
2501.0,43.0,0.257353
2501.0,44.0,0.0
2501.0,45.0,0.072607
2501.0,46.0,0.392895
2501.0,47.0,0.381035
2501.0,48.0,0.004582
2501.0,49.0,0.473365
2501.0,50.0,0.0
2501.0,51.0,0.052606
2501.0,52.0,0.435767
2501.0,53.0,1.0
2501.0,54.0,0.451738
2501.0,55.0,0.581401
2501.0,56.0,0.467808
2501.0,57.0,0.676948
2501.0,58.0,0.574268
2501.0,59.0,0.550113
2501.0,60.0,0.487995
2501.0,61.0,0.306758
2501.0,62.0,0.642356
2501.0,63.0,1.0
2501.0,64.0,0.385412
2501.0,65.0,0.438051
2501.0,66.0,0.709529
2501.0,67.0,0.634274
2501.0,68.0,1.0
2501.0,69.0,0.019693
2501.0,70.0,0.985359
2501.0,71.0,0.663167
2501.0,72.0,0.315083
2501.0,73.0,0.000652
2501.0,74.0,0.162775
2501.0,75.0,0.575235
2501.0,76.0,0.0
2501.0,77.0,1.0
2501.0,78.0,0.399244
2501.0,79.0,0.311873
2501.0,80.0,0.153978
2501.0,81.0,0.0
2501.0,82.0,0.883554
2501.0,83.0,0.0
2501.0,84.0,0.29053
2501.0,85.0,1.0
2501.0,86.0,0.0
2501.0,87.0,0.00044
2501.0,88.0,0.54084
2501.0,89.0,0.999602
2501.0,90.0,0.712544
2501.0,91.0,0.370697
2501.0,92.0,0.534775
2501.0,93.0,1.0
2501.0,94.0,0.056727
2501.0,95.0,0.515259
2501.0,96.0,0.963388
2501.0,97.0,0.498067
2501.0,98.0,0.979296
2501.0,99.0,1.0
2501.0,100.0,0.295043
2501.0,101.0,1.0
2501.0,102.0,0.938979
2501.0,103.0,0.18901
2501.0,104.0,0.244888
2501.0,105.0,0.1456
2501.0,106.0,0.0
2501.0,107.0,0.999845
2501.0,108.0,0.443298
2501.0,109.0,1.0
2501.0,110.0,0.284404
2501.0,111.0,0.0
2501.0,112.0,0.000765
2501.0,113.0,0.509514
2501.0,114.0,0.709458
2501.0,115.0,0.008227
2501.0,116.0,0.657202
2501.0,117.0,1.0
2501.0,118.0,0.355161
2501.0,119.0,1.0
2501.0,120.0,0.0
2501.0,121.0,0.540903
2501.0,122.0,0.929416
2501.0,123.0,0.293896
2501.0,124.0,0.427035
2501.0,125.0,0.615254
2501.0,126.0,0.593718
2502.0,0.0,0.930979
2502.0,1.0,0.998833
2502.0,2.0,0.430609
2502.0,3.0,0.183705
2502.0,4.0,0.626433
2502.0,5.0,0.346951
2502.0,6.0,0.607323
2502.0,7.0,0.769356
2502.0,8.0,0.299715
2502.0,9.0,1.0
2502.0,10.0,0.033624
2502.0,11.0,0.669818
2502.0,12.0,0.446558
2502.0,13.0,0.498989
2502.0,14.0,0.008572
2502.0,15.0,0.227692
2502.0,16.0,0.992634
2502.0,17.0,0.998367
2502.0,18.0,0.670861
2502.0,19.0,0.266588
2502.0,20.0,0.446608
2502.0,21.0,0.719052
2502.0,22.0,0.364495
2502.0,23.0,0.618094
2502.0,24.0,0.321174
2502.0,25.0,0.485051
2502.0,26.0,0.935112
2502.0,27.0,0.475993
2502.0,28.0,0.363512
2502.0,29.0,0.492481
2502.0,30.0,0.986418
2502.0,31.0,0.98533
2502.0,32.0,0.773268
2502.0,33.0,0.485503
2502.0,34.0,0.732154
2502.0,35.0,0.0
2502.0,36.0,0.513666
2502.0,37.0,0.41793
2502.0,38.0,0.536366
2502.0,39.0,0.0
2502.0,40.0,0.923448
2502.0,41.0,0.475745
2502.0,42.0,1.0
2502.0,43.0,0.281976
2502.0,44.0,0.0
2502.0,45.0,0.081619
2502.0,46.0,0.405891
2502.0,47.0,0.389625
2502.0,48.0,0.004681
2502.0,49.0,0.48045
2502.0,50.0,0.0
2502.0,51.0,0.056707
2502.0,52.0,0.462624
2502.0,53.0,1.0
2502.0,54.0,0.490001
2502.0,55.0,0.604211
2502.0,56.0,0.478328
2502.0,57.0,0.700913
2502.0,58.0,0.653413
2502.0,59.0,0.603343
2502.0,60.0,0.583152
2502.0,61.0,0.314395
2502.0,62.0,0.644341
2502.0,63.0,1.0
2502.0,64.0,0.387061
2502.0,65.0,0.439887
2502.0,66.0,0.723571
2502.0,67.0,0.64135
2502.0,68.0,1.0
2502.0,69.0,0.020398
2502.0,70.0,0.985651
2502.0,71.0,0.676478
2502.0,72.0,0.331067
2502.0,73.0,0.000591
2502.0,74.0,0.169373
2502.0,75.0,0.596399
2502.0,76.0,0.0
2502.0,77.0,1.0
2502.0,78.0,0.412395
2502.0,79.0,0.320934
2502.0,80.0,0.156365
2502.0,81.0,0.0
2502.0,82.0,0.889565
2502.0,83.0,0.0
2502.0,84.0,0.302754
2502.0,85.0,1.0
2502.0,86.0,0.0
2502.0,87.0,0.000457
2502.0,88.0,0.555944
2502.0,89.0,0.999665
2502.0,90.0,0.728044
2502.0,91.0,0.378853
2502.0,92.0,0.54805
2502.0,93.0,1.0
2502.0,94.0,0.060415
2502.0,95.0,0.550431
2502.0,96.0,0.96584
2502.0,97.0,0.501828
2502.0,98.0,0.979361
2502.0,99.0,1.0
2502.0,100.0,0.317294
2502.0,101.0,1.0
2502.0,102.0,0.940454
2502.0,103.0,0.232336
2502.0,104.0,0.24993
2502.0,105.0,0.152392
2502.0,106.0,0.0
2502.0,107.0,0.999852
2502.0,108.0,0.464984
2502.0,109.0,1.0
2502.0,110.0,0.288916
2502.0,111.0,0.0
2502.0,112.0,0.000776
2502.0,113.0,0.538257
2502.0,114.0,0.71219
2502.0,115.0,0.009499
2502.0,116.0,0.709953
2502.0,117.0,1.0
2502.0,118.0,0.359216
2502.0,119.0,1.0
2502.0,120.0,0.0
2502.0,121.0,0.57845
2502.0,122.0,0.93693
2502.0,123.0,0.308571
2502.0,124.0,0.442514
2502.0,125.0,0.620854
2502.0,126.0,0.599217
2503.0,0.0,0.931244
2503.0,1.0,0.999024
2503.0,2.0,0.457791
2503.0,3.0,0.20185
2503.0,4.0,0.64989
2503.0,5.0,0.367119
2503.0,6.0,0.610077
2503.0,7.0,0.775561
2503.0,8.0,0.31302
2503.0,9.0,1.0
2503.0,10.0,0.034384
2503.0,11.0,0.673384
2503.0,12.0,0.448924
2503.0,13.0,0.504251
2503.0,14.0,0.008863
2503.0,15.0,0.235661
2503.0,16.0,0.99277
2503.0,17.0,0.998409
2503.0,18.0,0.676974
2503.0,19.0,0.270062
2503.0,20.0,0.454999
2503.0,21.0,0.721992
2503.0,22.0,0.405431
2503.0,23.0,0.63137
2503.0,24.0,0.33061
2503.0,25.0,0.55863
2503.0,26.0,0.935189
2503.0,27.0,0.513562
2503.0,28.0,0.366446
2503.0,29.0,0.571705
2503.0,30.0,0.986791
2503.0,31.0,0.986948
2503.0,32.0,0.778821
2503.0,33.0,0.500449
2503.0,34.0,0.731575
2503.0,35.0,0.0
2503.0,36.0,0.592389
2503.0,37.0,0.423204
2503.0,38.0,0.542309
2503.0,39.0,0.0
2503.0,40.0,0.925024
2503.0,41.0,0.485367
2503.0,42.0,1.0
2503.0,43.0,0.308486
2503.0,44.0,0.0
2503.0,45.0,0.090643
2503.0,46.0,0.420588
2503.0,47.0,0.397583
2503.0,48.0,0.004865
2503.0,49.0,0.487927
2503.0,50.0,0.0
2503.0,51.0,0.060756
2503.0,52.0,0.488805
2503.0,53.0,1.0
2503.0,54.0,0.52639
2503.0,55.0,0.623756
2503.0,56.0,0.486919
2503.0,57.0,0.722153
2503.0,58.0,0.71697
2503.0,59.0,0.647056
2503.0,60.0,0.656135
2503.0,61.0,0.32278
2503.0,62.0,0.64663
2503.0,63.0,1.0
2503.0,64.0,0.389372
2503.0,65.0,0.441509
2503.0,66.0,0.737729
2503.0,67.0,0.647934
2503.0,68.0,1.0
2503.0,69.0,0.02126
2503.0,70.0,0.985514
2503.0,71.0,0.691035
2503.0,72.0,0.347169
2503.0,73.0,0.000536
2503.0,74.0,0.176402
2503.0,75.0,0.615918
2503.0,76.0,0.0
2503.0,77.0,1.0
2503.0,78.0,0.425157
2503.0,79.0,0.328527
2503.0,80.0,0.157945
2503.0,81.0,0.0
2503.0,82.0,0.894556
2503.0,83.0,0.0
2503.0,84.0,0.315489
2503.0,85.0,1.0
2503.0,86.0,0.0
2503.0,87.0,0.000418
2503.0,88.0,0.569708
2503.0,89.0,0.99972
2503.0,90.0,0.743195
2503.0,91.0,0.387714
2503.0,92.0,0.560883
2503.0,93.0,1.0
2503.0,94.0,0.064886
2503.0,95.0,0.583211
2503.0,96.0,0.968328
2503.0,97.0,0.506435
2503.0,98.0,0.979326
2503.0,99.0,1.0
2503.0,100.0,0.339169
2503.0,101.0,1.0
2503.0,102.0,0.941904
2503.0,103.0,0.279462
2503.0,104.0,0.255841
2503.0,105.0,0.15957
2503.0,106.0,0.0
2503.0,107.0,0.999894
2503.0,108.0,0.486073
2503.0,109.0,1.0
2503.0,110.0,0.292109
2503.0,111.0,0.0
2503.0,112.0,0.000797
2503.0,113.0,0.566124
2503.0,114.0,0.715781
2503.0,115.0,0.010521
2503.0,116.0,0.757525
2503.0,117.0,1.0
2503.0,118.0,0.361978
2503.0,119.0,1.0
2503.0,120.0,0.0
2503.0,121.0,0.612637
2503.0,122.0,0.943551
2503.0,123.0,0.322052
2503.0,124.0,0.458265
2503.0,125.0,0.62619
2503.0,126.0,0.604543
2504.0,0.0,0.931716
2504.0,1.0,0.999198
2504.0,2.0,0.48471
2504.0,3.0,0.221047
2504.0,4.0,0.670571
2504.0,5.0,0.387668
2504.0,6.0,0.614436
2504.0,7.0,0.782432
2504.0,8.0,0.326841
2504.0,9.0,1.0
2504.0,10.0,0.035075
2504.0,11.0,0.6766
2504.0,12.0,0.450792
2504.0,13.0,0.508421
2504.0,14.0,0.009081
2504.0,15.0,0.243779
2504.0,16.0,0.993024
2504.0,17.0,0.998444
2504.0,18.0,0.682696
2504.0,19.0,0.273568
2504.0,20.0,0.462136
2504.0,21.0,0.724368
2504.0,22.0,0.444984
2504.0,23.0,0.643506
2504.0,24.0,0.340177
2504.0,25.0,0.622873
2504.0,26.0,0.935133
2504.0,27.0,0.550027
2504.0,28.0,0.367525
2504.0,29.0,0.644659
2504.0,30.0,0.987037
2504.0,31.0,0.988644
2504.0,32.0,0.784292
2504.0,33.0,0.515119
2504.0,34.0,0.729887
2504.0,35.0,0.0
2504.0,36.0,0.658284
2504.0,37.0,0.428357
2504.0,38.0,0.547918
2504.0,39.0,0.0
2504.0,40.0,0.926934
2504.0,41.0,0.494675
2504.0,42.0,1.0
2504.0,43.0,0.332915
2504.0,44.0,0.0
2504.0,45.0,0.101234
2504.0,46.0,0.435427
2504.0,47.0,0.40581
2504.0,48.0,0.005115
2504.0,49.0,0.496746
2504.0,50.0,0.0
2504.0,51.0,0.065171
2504.0,52.0,0.512026
2504.0,53.0,1.0
2504.0,54.0,0.56034
2504.0,55.0,0.644482
2504.0,56.0,0.495156
2504.0,57.0,0.739357
2504.0,58.0,0.76759
2504.0,59.0,0.683873
2504.0,60.0,0.71236
2504.0,61.0,0.331684
2504.0,62.0,0.649584
2504.0,63.0,1.0
2504.0,64.0,0.39005
2504.0,65.0,0.444062
2504.0,66.0,0.750057
2504.0,67.0,0.654022
2504.0,68.0,1.0
2504.0,69.0,0.022013
2504.0,70.0,0.985369
2504.0,71.0,0.705867
2504.0,72.0,0.364469
2504.0,73.0,0.000554
2504.0,74.0,0.182073
2504.0,75.0,0.633637
2504.0,76.0,0.0
2504.0,77.0,1.0
2504.0,78.0,0.437433
2504.0,79.0,0.336312
2504.0,80.0,0.159819
2504.0,81.0,0.0
2504.0,82.0,0.898734
2504.0,83.0,0.0
2504.0,84.0,0.328
2504.0,85.0,1.0
2504.0,86.0,0.0
2504.0,87.0,0.000401
2504.0,88.0,0.582559
2504.0,89.0,0.999737
2504.0,90.0,0.756872
2504.0,91.0,0.396448
2504.0,92.0,0.574139
2504.0,93.0,1.0
2504.0,94.0,0.069652
2504.0,95.0,0.615221
2504.0,96.0,0.970352
2504.0,97.0,0.512273
2504.0,98.0,0.979483
2504.0,99.0,1.0
2504.0,100.0,0.360623
2504.0,101.0,1.0
2504.0,102.0,0.942792
2504.0,103.0,0.329509
2504.0,104.0,0.262895
2504.0,105.0,0.16676
2504.0,106.0,0.0
2504.0,107.0,0.999911
2504.0,108.0,0.506023
2504.0,109.0,1.0
2504.0,110.0,0.295591
2504.0,111.0,0.0
2504.0,112.0,0.000822
2504.0,113.0,0.593068
2504.0,114.0,0.718131
2504.0,115.0,0.011714
2504.0,116.0,0.798404
2504.0,117.0,1.0
2504.0,118.0,0.365556
2504.0,119.0,1.0
2504.0,120.0,0.0
2504.0,121.0,0.643177
2504.0,122.0,0.949376
2504.0,123.0,0.336127
2504.0,124.0,0.472953
2504.0,125.0,0.631161
2504.0,126.0,0.609617
2505.0,0.0,0.932624
2505.0,1.0,0.999359
2505.0,2.0,0.510938
2505.0,3.0,0.241209
2505.0,4.0,0.690047
2505.0,5.0,0.407116
2505.0,6.0,0.618065
2505.0,7.0,0.786962
2505.0,8.0,0.340467
2505.0,9.0,1.0
2505.0,10.0,0.035838
2505.0,11.0,0.679765
2505.0,12.0,0.453672
2505.0,13.0,0.513399
2505.0,14.0,0.009359
2505.0,15.0,0.251289
2505.0,16.0,0.993298
2505.0,17.0,0.998473
2505.0,18.0,0.688601
2505.0,19.0,0.278535
2505.0,20.0,0.470232
2505.0,21.0,0.726225
2505.0,22.0,0.483842
2505.0,23.0,0.655594
2505.0,24.0,0.349635
2505.0,25.0,0.676311
2505.0,26.0,0.935268
2505.0,27.0,0.584875
2505.0,28.0,0.369777
2505.0,29.0,0.710883
2505.0,30.0,0.987239
2505.0,31.0,0.990131
2505.0,32.0,0.788819
2505.0,33.0,0.531088
2505.0,34.0,0.729988
2505.0,35.0,0.0
2505.0,36.0,0.712161
2505.0,37.0,0.432951
2505.0,38.0,0.553893
2505.0,39.0,0.0
2505.0,40.0,0.928203
2505.0,41.0,0.503047
2505.0,42.0,1.0
2505.0,43.0,0.357749
2505.0,44.0,0.0
2505.0,45.0,0.112411
2505.0,46.0,0.452781
2505.0,47.0,0.413695
2505.0,48.0,0.005352
2505.0,49.0,0.505481
2505.0,50.0,0.0
2505.0,51.0,0.069504
2505.0,52.0,0.53384
2505.0,53.0,1.0
2505.0,54.0,0.593842
2505.0,55.0,0.664268
2505.0,56.0,0.502737
2505.0,57.0,0.755453
2505.0,58.0,0.808822
2505.0,59.0,0.71304
2505.0,60.0,0.756158
2505.0,61.0,0.340347
2505.0,62.0,0.653777
2505.0,63.0,1.0
2505.0,64.0,0.39177
2505.0,65.0,0.445302
2505.0,66.0,0.761028
2505.0,67.0,0.659368
2505.0,68.0,1.0
2505.0,69.0,0.022597
2505.0,70.0,0.985503
2505.0,71.0,0.72147
2505.0,72.0,0.382248
2505.0,73.0,0.000516
2505.0,74.0,0.189057
2505.0,75.0,0.650204
2505.0,76.0,0.0
2505.0,77.0,1.0
2505.0,78.0,0.451709
2505.0,79.0,0.344253
2505.0,80.0,0.160956
2505.0,81.0,0.0
2505.0,82.0,0.90334
2505.0,83.0,0.0
2505.0,84.0,0.338711
2505.0,85.0,1.0
2505.0,86.0,0.0
2505.0,87.0,0.000386
2505.0,88.0,0.595032
2505.0,89.0,0.999731
2505.0,90.0,0.770454
2505.0,91.0,0.404974
2505.0,92.0,0.586092
2505.0,93.0,1.0
2505.0,94.0,0.075032
2505.0,95.0,0.643673
2505.0,96.0,0.971838
2505.0,97.0,0.517221
2505.0,98.0,0.979572
2505.0,99.0,1.0
2505.0,100.0,0.381948
2505.0,101.0,1.0
2505.0,102.0,0.943712
2505.0,103.0,0.382531
2505.0,104.0,0.270815
2505.0,105.0,0.174749
2505.0,106.0,0.0
2505.0,107.0,0.999921
2505.0,108.0,0.525212
2505.0,109.0,1.0
2505.0,110.0,0.298788
2505.0,111.0,0.0
2505.0,112.0,0.000801
2505.0,113.0,0.619959
2505.0,114.0,0.719581
2505.0,115.0,0.013043
2505.0,116.0,0.833174
2505.0,117.0,1.0
2505.0,118.0,0.36924
2505.0,119.0,1.0
2505.0,120.0,0.0
2505.0,121.0,0.669092
2505.0,122.0,0.954079
2505.0,123.0,0.349486
2505.0,124.0,0.487332
2505.0,125.0,0.636263
2505.0,126.0,0.613753
2506.0,0.0,0.93243
2506.0,1.0,0.999216
2506.0,2.0,0.476886
2506.0,3.0,0.218832
2506.0,4.0,0.66398
2506.0,5.0,0.384194
2506.0,6.0,0.614696
2506.0,7.0,0.780208
2506.0,8.0,0.323971
2506.0,9.0,1.0
2506.0,10.0,0.034816
2506.0,11.0,0.675618
2506.0,12.0,0.450894
2506.0,13.0,0.508808
2506.0,14.0,0.008785
2506.0,15.0,0.241958
2506.0,16.0,0.993077
2506.0,17.0,0.998375
2506.0,18.0,0.683164
2506.0,19.0,0.272628
2506.0,20.0,0.462426
2506.0,21.0,0.723976
2506.0,22.0,0.426874
2506.0,23.0,0.638886
2506.0,24.0,0.338863
2506.0,25.0,0.586043
2506.0,26.0,0.933974
2506.0,27.0,0.538619
2506.0,28.0,0.366078
2506.0,29.0,0.602396
2506.0,30.0,0.986791
2506.0,31.0,0.98872
2506.0,32.0,0.783751
2506.0,33.0,0.513506
2506.0,34.0,0.731129
2506.0,35.0,0.0
2506.0,36.0,0.612668
2506.0,37.0,0.428331
2506.0,38.0,0.546953
2506.0,39.0,0.0
2506.0,40.0,0.926331
2506.0,41.0,0.493187
2506.0,42.0,1.0
2506.0,43.0,0.3292
2506.0,44.0,0.0
2506.0,45.0,0.099939
2506.0,46.0,0.430892
2506.0,47.0,0.40453
2506.0,48.0,0.005041
2506.0,49.0,0.496185
2506.0,50.0,0.0
2506.0,51.0,0.064403
2506.0,52.0,0.506584
2506.0,53.0,1.0
2506.0,54.0,0.554347
2506.0,55.0,0.641316
2506.0,56.0,0.492922
2506.0,57.0,0.734722
2506.0,58.0,0.757042
2506.0,59.0,0.671916
2506.0,60.0,0.660438
2506.0,61.0,0.329928
2506.0,62.0,0.650794
2506.0,63.0,1.0
2506.0,64.0,0.391723
2506.0,65.0,0.442463
2506.0,66.0,0.748137
2506.0,67.0,0.652957
2506.0,68.0,1.0
2506.0,69.0,0.022146
2506.0,70.0,0.98563
2506.0,71.0,0.701546
2506.0,72.0,0.362279
2506.0,73.0,0.000587
2506.0,74.0,0.182424
2506.0,75.0,0.630697
2506.0,76.0,0.0
2506.0,77.0,1.0
2506.0,78.0,0.437131
2506.0,79.0,0.334969
2506.0,80.0,0.159732
2506.0,81.0,0.0
2506.0,82.0,0.898629
2506.0,83.0,0.0
2506.0,84.0,0.324086
2506.0,85.0,1.0
2506.0,86.0,0.0
2506.0,87.0,0.000394
2506.0,88.0,0.580569
2506.0,89.0,0.999686
2506.0,90.0,0.755486
2506.0,91.0,0.394945
2506.0,92.0,0.573841
2506.0,93.0,1.0
2506.0,94.0,0.069238
2506.0,95.0,0.608629
2506.0,96.0,0.969787
2506.0,97.0,0.511179
2506.0,98.0,0.979085
2506.0,99.0,1.0
2506.0,100.0,0.357292
2506.0,101.0,1.0
2506.0,102.0,0.942595
2506.0,103.0,0.315724
2506.0,104.0,0.261479
2506.0,105.0,0.164977
2506.0,106.0,0.0
2506.0,107.0,0.999906
2506.0,108.0,0.50311
2506.0,109.0,1.0
2506.0,110.0,0.293705
2506.0,111.0,0.0
2506.0,112.0,0.000797
2506.0,113.0,0.589665
2506.0,114.0,0.718248
2506.0,115.0,0.011548
2506.0,116.0,0.788237
2506.0,117.0,1.0
2506.0,118.0,0.364203
2506.0,119.0,1.0
2506.0,120.0,0.0
2506.0,121.0,0.633027
2506.0,122.0,0.948211
2506.0,123.0,0.333119
2506.0,124.0,0.469093
2506.0,125.0,0.630313
2506.0,126.0,0.60893
2507.0,0.0,0.932193
2507.0,1.0,0.999098
2507.0,2.0,0.448235
2507.0,3.0,0.199886
2507.0,4.0,0.638787
2507.0,5.0,0.361965
2507.0,6.0,0.611706
2507.0,7.0,0.773842
2507.0,8.0,0.30782
2507.0,9.0,1.0
2507.0,10.0,0.03402
2507.0,11.0,0.671744
2507.0,12.0,0.447798
2507.0,13.0,0.503569
2507.0,14.0,0.008363
2507.0,15.0,0.232692
2507.0,16.0,0.993087
2507.0,17.0,0.998226
2507.0,18.0,0.677514
2507.0,19.0,0.267773
2507.0,20.0,0.454888
2507.0,21.0,0.722236
2507.0,22.0,0.380577
2507.0,23.0,0.62408
2507.0,24.0,0.328229
2507.0,25.0,0.503643
2507.0,26.0,0.933365
2507.0,27.0,0.497207
2507.0,28.0,0.363831
2507.0,29.0,0.509647
2507.0,30.0,0.986373
2507.0,31.0,0.987438
2507.0,32.0,0.779371
2507.0,33.0,0.496215
2507.0,34.0,0.732332
2507.0,35.0,0.0
2507.0,36.0,0.521229
2507.0,37.0,0.424168
2507.0,38.0,0.540027
2507.0,39.0,0.0
2507.0,40.0,0.924195
2507.0,41.0,0.483996
2507.0,42.0,1.0
2507.0,43.0,0.302852
2507.0,44.0,0.0
2507.0,45.0,0.089537
2507.0,46.0,0.413374
2507.0,47.0,0.394326
2507.0,48.0,0.004782
2507.0,49.0,0.488162
2507.0,50.0,0.0
2507.0,51.0,0.05972
2507.0,52.0,0.480621
2507.0,53.0,1.0
2507.0,54.0,0.51533
2507.0,55.0,0.620837
2507.0,56.0,0.483306
2507.0,57.0,0.714475
2507.0,58.0,0.699152
2507.0,59.0,0.628717
2507.0,60.0,0.570977
2507.0,61.0,0.319866
2507.0,62.0,0.647016
2507.0,63.0,1.0
2507.0,64.0,0.391502
2507.0,65.0,0.439873
2507.0,66.0,0.735035
2507.0,67.0,0.647684
2507.0,68.0,1.0
2507.0,69.0,0.021715
2507.0,70.0,0.985397
2507.0,71.0,0.685279
2507.0,72.0,0.344397
2507.0,73.0,0.000681
2507.0,74.0,0.176335
2507.0,75.0,0.610862
2507.0,76.0,0.0
2507.0,77.0,1.0
2507.0,78.0,0.423823
2507.0,79.0,0.326252
2507.0,80.0,0.158263
2507.0,81.0,0.0
2507.0,82.0,0.893686
2507.0,83.0,0.0
2507.0,84.0,0.310875
2507.0,85.0,1.0
2507.0,86.0,0.0
2507.0,87.0,0.000396
2507.0,88.0,0.567008
2507.0,89.0,0.999625
2507.0,90.0,0.740447
2507.0,91.0,0.385188
2507.0,92.0,0.561695
2507.0,93.0,1.0
2507.0,94.0,0.064757
2507.0,95.0,0.574403
2507.0,96.0,0.967493
2507.0,97.0,0.506067
2507.0,98.0,0.978593
2507.0,99.0,1.0
2507.0,100.0,0.335337
2507.0,101.0,1.0
2507.0,102.0,0.941002
2507.0,103.0,0.261082
2507.0,104.0,0.252575
2507.0,105.0,0.156751
2507.0,106.0,0.0
2507.0,107.0,0.999883
2507.0,108.0,0.482111
2507.0,109.0,1.0
2507.0,110.0,0.28913
2507.0,111.0,0.0
2507.0,112.0,0.000755
2507.0,113.0,0.560113
2507.0,114.0,0.715333
2507.0,115.0,0.009942
2507.0,116.0,0.740711
2507.0,117.0,1.0
2507.0,118.0,0.360097
2507.0,119.0,1.0
2507.0,120.0,0.0
2507.0,121.0,0.596009
2507.0,122.0,0.942018
2507.0,123.0,0.318334
2507.0,124.0,0.452854
2507.0,125.0,0.625542
2507.0,126.0,0.604295
2508.0,0.0,0.932028
2508.0,1.0,0.998993
2508.0,2.0,0.420791
2508.0,3.0,0.183527
2508.0,4.0,0.615562
2508.0,5.0,0.341309
2508.0,6.0,0.607977
2508.0,7.0,0.766882
2508.0,8.0,0.292408
2508.0,9.0,1.0
2508.0,10.0,0.032906
2508.0,11.0,0.669535
2508.0,12.0,0.44583
2508.0,13.0,0.498437
2508.0,14.0,0.008261
2508.0,15.0,0.223724
2508.0,16.0,0.993209
2508.0,17.0,0.998244
2508.0,18.0,0.672487
2508.0,19.0,0.262474
2508.0,20.0,0.446737
2508.0,21.0,0.720248
2508.0,22.0,0.341507
2508.0,23.0,0.609876
2508.0,24.0,0.318365
2508.0,25.0,0.427822
2508.0,26.0,0.932415
2508.0,27.0,0.459321
2508.0,28.0,0.362989
2508.0,29.0,0.435589
2508.0,30.0,0.985805
2508.0,31.0,0.986028
2508.0,32.0,0.774135
2508.0,33.0,0.480709
2508.0,34.0,0.732888
2508.0,35.0,0.0
2508.0,36.0,0.441762
2508.0,37.0,0.419313
2508.0,38.0,0.533658
2508.0,39.0,0.0
2508.0,40.0,0.922446
2508.0,41.0,0.475837
2508.0,42.0,1.0
2508.0,43.0,0.278378
2508.0,44.0,0.0
2508.0,45.0,0.081184
2508.0,46.0,0.397648
2508.0,47.0,0.384861
2508.0,48.0,0.004432
2508.0,49.0,0.479438
2508.0,50.0,0.0
2508.0,51.0,0.055517
2508.0,52.0,0.455978
2508.0,53.0,1.0
2508.0,54.0,0.478631
2508.0,55.0,0.600683
2508.0,56.0,0.474559
2508.0,57.0,0.694283
2508.0,58.0,0.632081
2508.0,59.0,0.583511
2508.0,60.0,0.49328
2508.0,61.0,0.310683
2508.0,62.0,0.644771
2508.0,63.0,1.0
2508.0,64.0,0.390785
2508.0,65.0,0.437235
2508.0,66.0,0.720763
2508.0,67.0,0.641272
2508.0,68.0,1.0
2508.0,69.0,0.021493
2508.0,70.0,0.98524
2508.0,71.0,0.670288
2508.0,72.0,0.328415
2508.0,73.0,0.000725
2508.0,74.0,0.170154
2508.0,75.0,0.59157
2508.0,76.0,0.0
2508.0,77.0,1.0
2508.0,78.0,0.411977
2508.0,79.0,0.319538
2508.0,80.0,0.156403
2508.0,81.0,0.0
2508.0,82.0,0.889176
2508.0,83.0,0.0
2508.0,84.0,0.298973
2508.0,85.0,1.0
2508.0,86.0,0.0
2508.0,87.0,0.000359
2508.0,88.0,0.55522
2508.0,89.0,0.999621
2508.0,90.0,0.724473
2508.0,91.0,0.375687
2508.0,92.0,0.55073
2508.0,93.0,1.0
2508.0,94.0,0.060609
2508.0,95.0,0.541567
2508.0,96.0,0.965514
2508.0,97.0,0.500679
2508.0,98.0,0.978599
2508.0,99.0,1.0
2508.0,100.0,0.314409
2508.0,101.0,1.0
2508.0,102.0,0.939932
2508.0,103.0,0.216315
2508.0,104.0,0.244892
2508.0,105.0,0.149267
2508.0,106.0,0.0
2508.0,107.0,0.999811
2508.0,108.0,0.462473
2508.0,109.0,1.0
2508.0,110.0,0.284741
2508.0,111.0,0.0
2508.0,112.0,0.000661
2508.0,113.0,0.532704
2508.0,114.0,0.713735
2508.0,115.0,0.008619
2508.0,116.0,0.691617
2508.0,117.0,1.0
2508.0,118.0,0.357737
2508.0,119.0,1.0
2508.0,120.0,0.0
2508.0,121.0,0.561428
2508.0,122.0,0.935162
2508.0,123.0,0.304908
2508.0,124.0,0.435386
2508.0,125.0,0.620382
2508.0,126.0,0.599719
2509.0,0.0,0.93134
2509.0,1.0,0.998939
2509.0,2.0,0.39525
2509.0,3.0,0.169759
2509.0,4.0,0.593176
2509.0,5.0,0.321801
2509.0,6.0,0.606607
2509.0,7.0,0.75971
2509.0,8.0,0.278934
2509.0,9.0,1.0
2509.0,10.0,0.031986
2509.0,11.0,0.666652
2509.0,12.0,0.44363
2509.0,13.0,0.493848
2509.0,14.0,0.008114
2509.0,15.0,0.214918
2509.0,16.0,0.993058
2509.0,17.0,0.998183
2509.0,18.0,0.666697
2509.0,19.0,0.257192
2509.0,20.0,0.439053
2509.0,21.0,0.717002
2509.0,22.0,0.30982
2509.0,23.0,0.597584
2509.0,24.0,0.308235
2509.0,25.0,0.36247
2509.0,26.0,0.931775
2509.0,27.0,0.424918
2509.0,28.0,0.360011
2509.0,29.0,0.376712
2509.0,30.0,0.985403
2509.0,31.0,0.984617
2509.0,32.0,0.768644
2509.0,33.0,0.467001
2509.0,34.0,0.732415
2509.0,35.0,0.0
2509.0,36.0,0.375211
2509.0,37.0,0.413685
2509.0,38.0,0.527233
2509.0,39.0,0.0
2509.0,40.0,0.920943
2509.0,41.0,0.466257
2509.0,42.0,1.0
2509.0,43.0,0.255585
2509.0,44.0,0.0
2509.0,45.0,0.073004
2509.0,46.0,0.385471
2509.0,47.0,0.375278
2509.0,48.0,0.004311
2509.0,49.0,0.47125
2509.0,50.0,0.0
2509.0,51.0,0.051403
2509.0,52.0,0.431426
2509.0,53.0,1.0
2509.0,54.0,0.443249
2509.0,55.0,0.580847
2509.0,56.0,0.466395
2509.0,57.0,0.674049
2509.0,58.0,0.557043
2509.0,59.0,0.53728
2509.0,60.0,0.426962
2509.0,61.0,0.299987
2509.0,62.0,0.642836
2509.0,63.0,1.0
2509.0,64.0,0.388849
2509.0,65.0,0.435213
2509.0,66.0,0.707907
2509.0,67.0,0.636157
2509.0,68.0,1.0
2509.0,69.0,0.020818
2509.0,70.0,0.98514
2509.0,71.0,0.657035
2509.0,72.0,0.313701
2509.0,73.0,0.000713
2509.0,74.0,0.164497
2509.0,75.0,0.572278
2509.0,76.0,0.0
2509.0,77.0,1.0
2509.0,78.0,0.399968
2509.0,79.0,0.313258
2509.0,80.0,0.153861
2509.0,81.0,0.0
2509.0,82.0,0.884
2509.0,83.0,0.0
2509.0,84.0,0.288029
2509.0,85.0,1.0
2509.0,86.0,0.0
2509.0,87.0,0.000324
2509.0,88.0,0.542743
2509.0,89.0,0.999626
2509.0,90.0,0.708177
2509.0,91.0,0.366506
2509.0,92.0,0.538943
2509.0,93.0,1.0
2509.0,94.0,0.056562
2509.0,95.0,0.510037
2509.0,96.0,0.963473
2509.0,97.0,0.495483
2509.0,98.0,0.978299
2509.0,99.0,1.0
2509.0,100.0,0.294991
2509.0,101.0,1.0
2509.0,102.0,0.938694
2509.0,103.0,0.18002
2509.0,104.0,0.240135
2509.0,105.0,0.141689
2509.0,106.0,0.0
2509.0,107.0,0.999751
2509.0,108.0,0.443114
2509.0,109.0,1.0
2509.0,110.0,0.281443
2509.0,111.0,0.0
2509.0,112.0,0.000634
2509.0,113.0,0.505515
2509.0,114.0,0.712268
2509.0,115.0,0.007713
2509.0,116.0,0.642986
2509.0,117.0,1.0
2509.0,118.0,0.355465
2509.0,119.0,1.0
2509.0,120.0,0.0
2509.0,121.0,0.526848
2509.0,122.0,0.92717
2509.0,123.0,0.292824
2509.0,124.0,0.420085
2509.0,125.0,0.615087
2509.0,126.0,0.594726
2510.0,0.0,0.930948
2510.0,1.0,0.998821
2510.0,2.0,0.371926
2510.0,3.0,0.156556
2510.0,4.0,0.571065
2510.0,5.0,0.303271
2510.0,6.0,0.604612
2510.0,7.0,0.752456
2510.0,8.0,0.266155
2510.0,9.0,1.0
2510.0,10.0,0.031205
2510.0,11.0,0.66366
2510.0,12.0,0.440624
2510.0,13.0,0.488677
2510.0,14.0,0.007852
2510.0,15.0,0.207395
2510.0,16.0,0.992883
2510.0,17.0,0.998081
2510.0,18.0,0.660261
2510.0,19.0,0.251798
2510.0,20.0,0.432223
2510.0,21.0,0.714107
2510.0,22.0,0.28163
2510.0,23.0,0.586336
2510.0,24.0,0.298116
2510.0,25.0,0.309105
2510.0,26.0,0.931113
2510.0,27.0,0.392779
2510.0,28.0,0.358292
2510.0,29.0,0.329871
2510.0,30.0,0.984903
2510.0,31.0,0.983299
2510.0,32.0,0.763384
2510.0,33.0,0.453611
2510.0,34.0,0.731089
2510.0,35.0,0.0
2510.0,36.0,0.319638
2510.0,37.0,0.408862
2510.0,38.0,0.522255
2510.0,39.0,0.0
2510.0,40.0,0.919846
2510.0,41.0,0.458647
2510.0,42.0,1.0
2510.0,43.0,0.235112
2510.0,44.0,0.0
2510.0,45.0,0.066077
2510.0,46.0,0.376094
2510.0,47.0,0.365331
2510.0,48.0,0.004305
2510.0,49.0,0.463391
2510.0,50.0,0.0
2510.0,51.0,0.047978
2510.0,52.0,0.409149
2510.0,53.0,1.0
2510.0,54.0,0.409114
2510.0,55.0,0.560952
2510.0,56.0,0.456979
2510.0,57.0,0.653362
2510.0,58.0,0.477625
2510.0,59.0,0.489667
2510.0,60.0,0.37241
2510.0,61.0,0.290587
2510.0,62.0,0.639647
2510.0,63.0,1.0
2510.0,64.0,0.388537
2510.0,65.0,0.432185
2510.0,66.0,0.692508
2510.0,67.0,0.63066
2510.0,68.0,1.0
2510.0,69.0,0.02014
2510.0,70.0,0.984894
2510.0,71.0,0.643952
2510.0,72.0,0.3004
2510.0,73.0,0.000706
2510.0,74.0,0.159023
2510.0,75.0,0.552763
2510.0,76.0,0.0
2510.0,77.0,1.0
2510.0,78.0,0.387792
2510.0,79.0,0.307044
2510.0,80.0,0.152153
2510.0,81.0,0.0
2510.0,82.0,0.879037
2510.0,83.0,0.0
2510.0,84.0,0.278253
2510.0,85.0,1.0
2510.0,86.0,0.0
2510.0,87.0,0.000264
2510.0,88.0,0.530795
2510.0,89.0,0.999586
2510.0,90.0,0.69296
2510.0,91.0,0.358488
2510.0,92.0,0.527349
2510.0,93.0,1.0
2510.0,94.0,0.053542
2510.0,95.0,0.479627
2510.0,96.0,0.961396
2510.0,97.0,0.491285
2510.0,98.0,0.977986
2510.0,99.0,1.0
2510.0,100.0,0.276914
2510.0,101.0,1.0
2510.0,102.0,0.93788
2510.0,103.0,0.149701
2510.0,104.0,0.235798
2510.0,105.0,0.134573
2510.0,106.0,0.0
2510.0,107.0,0.999662
2510.0,108.0,0.423074
2510.0,109.0,1.0
2510.0,110.0,0.27797
2510.0,111.0,0.0
2510.0,112.0,0.000594
2510.0,113.0,0.480265
2510.0,114.0,0.710341
2510.0,115.0,0.006821
2510.0,116.0,0.596277
2510.0,117.0,1.0
2510.0,118.0,0.353136
2510.0,119.0,1.0
2510.0,120.0,0.0
2510.0,121.0,0.493459
2510.0,122.0,0.919227
2510.0,123.0,0.281581
2510.0,124.0,0.40639
2510.0,125.0,0.610226
2510.0,126.0,0.590178
