FREQUENCIES 
Gen,mut_id,mut_freq
1.0,0.0,0.5
1.0,1.0,0.5
1.0,2.0,0.5
1.0,3.0,0.5
1.0,4.0,0.5
1.0,5.0,0.5
1.0,6.0,0.5
1.0,7.0,0.5
1.0,8.0,0.5
1.0,9.0,0.5
1.0,10.0,0.5
1.0,11.0,0.5
1.0,12.0,0.5
1.0,13.0,0.5
1.0,14.0,0.5
1.0,15.0,0.5
1.0,16.0,0.5
1.0,17.0,0.5
1.0,18.0,0.5
1.0,19.0,0.5
1.0,20.0,0.5
1.0,21.0,0.5
1.0,22.0,0.5
1.0,23.0,0.5
1.0,24.0,0.5
1.0,25.0,0.5
1.0,26.0,0.5
1.0,27.0,0.5
1.0,28.0,0.5
1.0,29.0,0.5
1.0,30.0,0.5
1.0,31.0,0.5
1.0,32.0,0.5
1.0,33.0,0.5
1.0,34.0,0.5
1.0,35.0,0.5
1.0,36.0,0.5
1.0,37.0,0.5
1.0,38.0,0.5
1.0,39.0,0.5
1.0,40.0,0.5
1.0,41.0,0.5
1.0,42.0,0.5
1.0,43.0,0.5
1.0,44.0,0.5
1.0,45.0,0.5
1.0,46.0,0.5
1.0,47.0,0.5
1.0,48.0,0.5
1.0,49.0,0.5
1.0,50.0,0.5
1.0,51.0,0.5
1.0,52.0,0.5
1.0,53.0,0.5
1.0,54.0,0.5
1.0,55.0,0.5
1.0,56.0,0.5
1.0,57.0,0.5
1.0,58.0,0.5
1.0,59.0,0.5
1.0,60.0,0.5
1.0,61.0,0.5
1.0,62.0,0.5
1.0,63.0,0.5
1.0,64.0,0.5
1.0,65.0,0.5
1.0,66.0,0.5
1.0,67.0,0.5
1.0,68.0,0.5
1.0,69.0,0.5
1.0,70.0,0.5
1.0,71.0,0.5
1.0,72.0,0.5
1.0,73.0,0.5
1.0,74.0,0.5
1.0,75.0,0.5
1.0,76.0,0.5
1.0,77.0,0.5
1.0,78.0,0.5
1.0,79.0,0.5
1.0,80.0,0.5
1.0,81.0,0.5
1.0,82.0,0.5
1.0,83.0,0.5
1.0,84.0,0.5
1.0,85.0,0.5
1.0,86.0,0.5
1.0,87.0,0.5
1.0,88.0,0.5
1.0,89.0,0.5
1.0,90.0,0.5
1.0,91.0,0.5
1.0,92.0,0.5
1.0,93.0,0.5
1.0,94.0,0.5
1.0,95.0,0.5
1.0,96.0,0.5
1.0,97.0,0.5
1.0,98.0,0.5
1.0,99.0,0.5
1.0,100.0,0.5
1.0,101.0,0.5
1.0,102.0,0.5
1.0,103.0,0.5
1.0,104.0,0.5
1.0,105.0,0.5
1.0,106.0,0.5
1.0,107.0,0.5
1.0,108.0,0.5
1.0,109.0,0.5
1.0,110.0,0.5
1.0,111.0,0.5
1.0,112.0,0.5
1.0,113.0,0.5
1.0,114.0,0.5
1.0,115.0,0.5
1.0,116.0,0.5
1.0,117.0,0.5
1.0,118.0,0.5
1.0,119.0,0.5
1.0,120.0,0.5
1.0,121.0,0.5
1.0,122.0,0.5
1.0,123.0,0.5
1.0,124.0,0.5
1.0,125.0,0.5
1.0,126.0,0.5
1.0,127.0,0.5
1.0,128.0,0.5
1.0,129.0,0.5
1.0,130.0,0.5
1.0,131.0,0.5
1.0,132.0,0.5
1.0,133.0,0.5
1.0,134.0,0.5
1.0,135.0,0.5
1.0,136.0,0.5
1.0,137.0,0.5
1.0,138.0,0.5
1.0,139.0,0.5
1.0,140.0,0.5
1.0,141.0,0.5
1.0,142.0,0.5
1.0,143.0,0.5
1.0,144.0,0.5
1.0,145.0,0.5
1.0,146.0,0.5
1.0,147.0,0.5
2500.0,0.0,0.280748
2500.0,1.0,0.12045
2500.0,2.0,0.257737
2500.0,3.0,0.732453
2500.0,4.0,1.0
2500.0,5.0,0.555371
2500.0,6.0,0.529925
2500.0,7.0,0.338675
2500.0,8.0,0.059424
2500.0,9.0,0.723767
2500.0,10.0,0.529985
2500.0,11.0,0.177658
2500.0,12.0,1.0
2500.0,13.0,1.0
2500.0,14.0,0.902662
2500.0,15.0,0.316871
2500.0,16.0,0.559528
2500.0,17.0,0.133142
2500.0,18.0,1.0
2500.0,19.0,0.196691
2500.0,20.0,0.380139
2500.0,21.0,0.342907
2500.0,22.0,0.553939
2500.0,23.0,0.077456
2500.0,24.0,0.347198
2500.0,25.0,0.677259
2500.0,26.0,1.0
2500.0,27.0,0.447653
2500.0,28.0,0.460803
2500.0,29.0,0.743616
2500.0,30.0,0.238973
2500.0,31.0,0.470759
2500.0,32.0,0.381936
2500.0,33.0,0.998651
2500.0,34.0,1.0e-06
2500.0,35.0,0.805849
2500.0,36.0,0.492661
2500.0,37.0,0.733608
2500.0,38.0,0.403289
2500.0,39.0,0.99466
2500.0,40.0,0.468174
2500.0,41.0,0.537673
2500.0,42.0,0.747209
2500.0,43.0,0.541125
2500.0,44.0,0.208534
2500.0,45.0,1.0
2500.0,46.0,0.855812
2500.0,47.0,0.649892
2500.0,48.0,0.52564
2500.0,49.0,0.295902
2500.0,50.0,0.717126
2500.0,51.0,0.418383
2500.0,52.0,0.216794
2500.0,53.0,0.371862
2500.0,54.0,1.0
2500.0,55.0,0.131109
2500.0,56.0,0.30096
2500.0,57.0,0.221311
2500.0,58.0,0.0
2500.0,59.0,0.99992
2500.0,60.0,0.356926
2500.0,61.0,1.0
2500.0,62.0,0.327562
2500.0,63.0,0.785103
2500.0,64.0,0.474451
2500.0,65.0,0.566495
2500.0,66.0,0.639674
2500.0,67.0,0.593934
2500.0,68.0,0.772986
2500.0,69.0,0.525171
2500.0,70.0,0.638567
2500.0,71.0,0.632242
2500.0,72.0,0.928672
2500.0,73.0,1.0
2500.0,74.0,0.504033
2500.0,75.0,0.949274
2500.0,76.0,0.497402
2500.0,77.0,0.747306
2500.0,78.0,0.499648
2500.0,79.0,0.357284
2500.0,80.0,0.0
2500.0,81.0,0.668011
2500.0,82.0,1.0
2500.0,83.0,0.108549
2500.0,84.0,1.0
2500.0,85.0,0.425513
2500.0,86.0,0.33348
2500.0,87.0,0.679579
2500.0,88.0,0.507879
2500.0,89.0,0.552376
2500.0,90.0,1.0
2500.0,91.0,0.0
2500.0,92.0,0.689553
2500.0,93.0,0.223425
2500.0,94.0,0.773774
2500.0,95.0,0.361009
2500.0,96.0,0.788742
2500.0,97.0,0.496581
2500.0,98.0,0.570244
2500.0,99.0,0.874518
2500.0,100.0,1.0
2500.0,101.0,0.1856
2500.0,102.0,0.226103
2500.0,103.0,0.854766
2500.0,104.0,1.0
2500.0,105.0,0.460287
2500.0,106.0,0.587678
2500.0,107.0,0.475164
2500.0,108.0,0.134527
2500.0,109.0,0.36379
2500.0,110.0,0.254424
2500.0,111.0,0.0
2500.0,112.0,0.998533
2500.0,113.0,0.0
2500.0,114.0,0.385506
2500.0,115.0,0.488262
2500.0,116.0,0.046501
2500.0,117.0,0.254211
2500.0,118.0,0.616362
2500.0,119.0,0.990871
2500.0,120.0,0.0
2500.0,121.0,0.439974
2500.0,122.0,0.821856
2500.0,123.0,0.260734
2500.0,124.0,0.514665
2500.0,125.0,0.343888
2500.0,126.0,0.225288
2500.0,127.0,0.184771
2500.0,128.0,0.814048
2500.0,129.0,1.0
2500.0,130.0,0.0
2500.0,131.0,0.030231
2500.0,132.0,0.656808
2500.0,133.0,0.0
2500.0,134.0,0.776879
2500.0,135.0,0.0
2500.0,136.0,0.0
2500.0,137.0,0.664693
2500.0,138.0,0.272135
2500.0,139.0,0.401305
2500.0,140.0,1.0
2500.0,141.0,0.0
2500.0,142.0,0.521013
2500.0,143.0,0.277324
2500.0,144.0,0.711276
2500.0,145.0,0.540472
2500.0,146.0,1.0
2500.0,147.0,0.197279
2501.0,0.0,0.305408
2501.0,1.0,0.120329
2501.0,2.0,0.260952
2501.0,3.0,0.711663
2501.0,4.0,1.0
2501.0,5.0,0.578831
2501.0,6.0,0.539191
2501.0,7.0,0.355512
2501.0,8.0,0.060006
2501.0,9.0,0.726172
2501.0,10.0,0.527746
2501.0,11.0,0.205005
2501.0,12.0,1.0
2501.0,13.0,1.0
2501.0,14.0,0.907901
2501.0,15.0,0.318725
2501.0,16.0,0.624017
2501.0,17.0,0.137712
2501.0,18.0,1.0
2501.0,19.0,0.198656
2501.0,20.0,0.384077
2501.0,21.0,0.368147
2501.0,22.0,0.559721
2501.0,23.0,0.082042
2501.0,24.0,0.392595
2501.0,25.0,0.682873
2501.0,26.0,1.0
2501.0,27.0,0.452382
2501.0,28.0,0.47399
2501.0,29.0,0.760766
2501.0,30.0,0.256621
2501.0,31.0,0.471499
2501.0,32.0,0.384618
2501.0,33.0,0.998772
2501.0,34.0,0.0
2501.0,35.0,0.80524
2501.0,36.0,0.493705
2501.0,37.0,0.740787
2501.0,38.0,0.444012
2501.0,39.0,0.99456
2501.0,40.0,0.477964
2501.0,41.0,0.549087
2501.0,42.0,0.74885
2501.0,43.0,0.559951
2501.0,44.0,0.236027
2501.0,45.0,1.0
2501.0,46.0,0.85688
2501.0,47.0,0.605486
2501.0,48.0,0.52839
2501.0,49.0,0.60064
2501.0,50.0,0.723747
2501.0,51.0,0.441198
2501.0,52.0,0.218266
2501.0,53.0,0.405606
2501.0,54.0,1.0
2501.0,55.0,0.132613
2501.0,56.0,0.303873
2501.0,57.0,0.227383
2501.0,58.0,0.0
2501.0,59.0,0.999942
2501.0,60.0,0.35661
2501.0,61.0,1.0
2501.0,62.0,0.329941
2501.0,63.0,0.788741
2501.0,64.0,0.476937
2501.0,65.0,0.569113
2501.0,66.0,0.650853
2501.0,67.0,0.60345
2501.0,68.0,0.773582
2501.0,69.0,0.54561
2501.0,70.0,0.641629
2501.0,71.0,0.634758
2501.0,72.0,0.900471
2501.0,73.0,1.0
2501.0,74.0,0.511565
2501.0,75.0,0.94934
2501.0,76.0,0.5101
2501.0,77.0,0.748909
2501.0,78.0,0.51421
2501.0,79.0,0.359792
2501.0,80.0,0.0
2501.0,81.0,0.674125
2501.0,82.0,1.0
2501.0,83.0,0.109648
2501.0,84.0,1.0
2501.0,85.0,0.430635
2501.0,86.0,0.343227
2501.0,87.0,0.681148
2501.0,88.0,0.512843
2501.0,89.0,0.559135
2501.0,90.0,1.0
2501.0,91.0,0.0
2501.0,92.0,0.692524
2501.0,93.0,0.225391
2501.0,94.0,0.752711
2501.0,95.0,0.373067
2501.0,96.0,0.798535
2501.0,97.0,0.505942
2501.0,98.0,0.574072
2501.0,99.0,0.87326
2501.0,100.0,1.0
2501.0,101.0,0.185398
2501.0,102.0,0.246797
2501.0,103.0,0.862835
2501.0,104.0,1.0
2501.0,105.0,0.478041
2501.0,106.0,0.596372
2501.0,107.0,0.493816
2501.0,108.0,0.138976
2501.0,109.0,0.369895
2501.0,110.0,0.264883
2501.0,111.0,0.0
2501.0,112.0,0.998587
2501.0,113.0,0.0
2501.0,114.0,0.398393
2501.0,115.0,0.506506
2501.0,116.0,0.045571
2501.0,117.0,0.252811
2501.0,118.0,0.614366
2501.0,119.0,0.991298
2501.0,120.0,0.0
2501.0,121.0,0.465766
2501.0,122.0,0.820293
2501.0,123.0,0.268333
2501.0,124.0,0.540252
2501.0,125.0,0.354414
2501.0,126.0,0.230913
2501.0,127.0,0.189264
2501.0,128.0,0.82976
2501.0,129.0,1.0
2501.0,130.0,0.0
2501.0,131.0,0.030405
2501.0,132.0,0.669993
2501.0,133.0,0.0
2501.0,134.0,0.779202
2501.0,135.0,0.0
2501.0,136.0,0.0
2501.0,137.0,0.673358
2501.0,138.0,0.284471
2501.0,139.0,0.4085
2501.0,140.0,1.0
2501.0,141.0,0.0
2501.0,142.0,0.565553
2501.0,143.0,0.280561
2501.0,144.0,0.713253
2501.0,145.0,0.549043
2501.0,146.0,1.0
2501.0,147.0,0.203484
2502.0,0.0,0.325434
2502.0,1.0,0.119375
2502.0,2.0,0.263874
2502.0,3.0,0.693754
2502.0,4.0,1.0
2502.0,5.0,0.597622
2502.0,6.0,0.546941
2502.0,7.0,0.370241
2502.0,8.0,0.06163
2502.0,9.0,0.729668
2502.0,10.0,0.52774
2502.0,11.0,0.231206
2502.0,12.0,1.0
2502.0,13.0,1.0
2502.0,14.0,0.912368
2502.0,15.0,0.319255
2502.0,16.0,0.675249
2502.0,17.0,0.141812
2502.0,18.0,1.0
2502.0,19.0,0.20001
2502.0,20.0,0.385712
2502.0,21.0,0.391131
2502.0,22.0,0.565254
2502.0,23.0,0.085894
2502.0,24.0,0.429976
2502.0,25.0,0.686618
2502.0,26.0,1.0
2502.0,27.0,0.455604
2502.0,28.0,0.485454
2502.0,29.0,0.774045
2502.0,30.0,0.271503
2502.0,31.0,0.473337
2502.0,32.0,0.386289
2502.0,33.0,0.998766
2502.0,34.0,0.0
2502.0,35.0,0.805555
2502.0,36.0,0.493698
2502.0,37.0,0.746284
2502.0,38.0,0.475768
2502.0,39.0,0.994531
2502.0,40.0,0.486056
2502.0,41.0,0.56026
2502.0,42.0,0.749686
2502.0,43.0,0.574344
2502.0,44.0,0.261658
2502.0,45.0,1.0
2502.0,46.0,0.858744
2502.0,47.0,0.568914
2502.0,48.0,0.530216
2502.0,49.0,0.895085
2502.0,50.0,0.72929
2502.0,51.0,0.459622
2502.0,52.0,0.219575
2502.0,53.0,0.433754
2502.0,54.0,1.0
2502.0,55.0,0.134128
2502.0,56.0,0.307128
2502.0,57.0,0.233668
2502.0,58.0,0.0
2502.0,59.0,0.999964
2502.0,60.0,0.35673
2502.0,61.0,1.0
2502.0,62.0,0.334703
2502.0,63.0,0.791474
2502.0,64.0,0.478492
2502.0,65.0,0.571824
2502.0,66.0,0.658225
2502.0,67.0,0.613689
2502.0,68.0,0.772305
2502.0,69.0,0.562527
2502.0,70.0,0.644464
2502.0,71.0,0.638021
2502.0,72.0,0.875621
2502.0,73.0,1.0
2502.0,74.0,0.519437
2502.0,75.0,0.94946
2502.0,76.0,0.520812
2502.0,77.0,0.750114
2502.0,78.0,0.526559
2502.0,79.0,0.363957
2502.0,80.0,0.0
2502.0,81.0,0.679083
2502.0,82.0,1.0
2502.0,83.0,0.109712
2502.0,84.0,1.0
2502.0,85.0,0.436039
2502.0,86.0,0.350882
2502.0,87.0,0.683898
2502.0,88.0,0.517384
2502.0,89.0,0.565544
2502.0,90.0,1.0
2502.0,91.0,0.0
2502.0,92.0,0.694853
2502.0,93.0,0.226162
2502.0,94.0,0.735176
2502.0,95.0,0.383282
2502.0,96.0,0.805241
2502.0,97.0,0.513934
2502.0,98.0,0.577821
2502.0,99.0,0.872049
2502.0,100.0,1.0
2502.0,101.0,0.183818
2502.0,102.0,0.266139
2502.0,103.0,0.868893
2502.0,104.0,1.0
2502.0,105.0,0.49229
2502.0,106.0,0.603327
2502.0,107.0,0.507339
2502.0,108.0,0.142041
2502.0,109.0,0.375614
2502.0,110.0,0.273767
2502.0,111.0,0.0
2502.0,112.0,0.998635
2502.0,113.0,0.0
2502.0,114.0,0.409031
2502.0,115.0,0.520667
2502.0,116.0,0.044899
2502.0,117.0,0.254219
2502.0,118.0,0.613628
2502.0,119.0,0.991584
2502.0,120.0,0.0
2502.0,121.0,0.487512
2502.0,122.0,0.819921
2502.0,123.0,0.275515
2502.0,124.0,0.562917
2502.0,125.0,0.363639
2502.0,126.0,0.237305
2502.0,127.0,0.193386
2502.0,128.0,0.842253
2502.0,129.0,1.0
2502.0,130.0,0.0
2502.0,131.0,0.031261
2502.0,132.0,0.68127
2502.0,133.0,0.0
2502.0,134.0,0.782106
2502.0,135.0,0.0
2502.0,136.0,0.0
2502.0,137.0,0.681633
2502.0,138.0,0.296591
2502.0,139.0,0.415247
2502.0,140.0,1.0
2502.0,141.0,0.0
2502.0,142.0,0.603433
2502.0,143.0,0.283815
2502.0,144.0,0.715137
2502.0,145.0,0.557821
2502.0,146.0,1.0
2502.0,147.0,0.207324
2503.0,0.0,0.347006
2503.0,1.0,0.119922
2503.0,2.0,0.266951
2503.0,3.0,0.689327
2503.0,4.0,1.0
2503.0,5.0,0.616017
2503.0,6.0,0.554492
2503.0,7.0,0.385875
2503.0,8.0,0.063066
2503.0,9.0,0.733702
2503.0,10.0,0.528756
2503.0,11.0,0.259985
2503.0,12.0,1.0
2503.0,13.0,1.0
2503.0,14.0,0.916251
2503.0,15.0,0.321559
2503.0,16.0,0.725585
2503.0,17.0,0.14645
2503.0,18.0,1.0
2503.0,19.0,0.201347
2503.0,20.0,0.388537
2503.0,21.0,0.413533
2503.0,22.0,0.570484
2503.0,23.0,0.089467
2503.0,24.0,0.46304
2503.0,25.0,0.691364
2503.0,26.0,1.0
2503.0,27.0,0.461704
2503.0,28.0,0.497086
2503.0,29.0,0.78477
2503.0,30.0,0.287187
2503.0,31.0,0.475163
2503.0,32.0,0.387587
2503.0,33.0,0.998827
2503.0,34.0,0.0
2503.0,35.0,0.809844
2503.0,36.0,0.493603
2503.0,37.0,0.750683
2503.0,38.0,0.516652
2503.0,39.0,0.994691
2503.0,40.0,0.492813
2503.0,41.0,0.569981
2503.0,42.0,0.750715
2503.0,43.0,0.586437
2503.0,44.0,0.287179
2503.0,45.0,1.0
2503.0,46.0,0.860507
2503.0,47.0,0.536454
2503.0,48.0,0.532579
2503.0,49.0,0.984694
2503.0,50.0,0.733101
2503.0,51.0,0.47945
2503.0,52.0,0.219917
2503.0,53.0,0.460857
2503.0,54.0,1.0
2503.0,55.0,0.135453
2503.0,56.0,0.310478
2503.0,57.0,0.243061
2503.0,58.0,0.0
2503.0,59.0,0.999966
2503.0,60.0,0.356924
2503.0,61.0,1.0
2503.0,62.0,0.338025
2503.0,63.0,0.79538
2503.0,64.0,0.480688
2503.0,65.0,0.575826
2503.0,66.0,0.664924
2503.0,67.0,0.62217
2503.0,68.0,0.772602
2503.0,69.0,0.580758
2503.0,70.0,0.647712
2503.0,71.0,0.641371
2503.0,72.0,0.869917
2503.0,73.0,1.0
2503.0,74.0,0.527166
2503.0,75.0,0.950047
2503.0,76.0,0.537278
2503.0,77.0,0.751236
2503.0,78.0,0.537673
2503.0,79.0,0.366854
2503.0,80.0,0.0
2503.0,81.0,0.683019
2503.0,82.0,1.0
2503.0,83.0,0.109434
2503.0,84.0,1.0
2503.0,85.0,0.440789
2503.0,86.0,0.360103
2503.0,87.0,0.685851
2503.0,88.0,0.518939
2503.0,89.0,0.571381
2503.0,90.0,1.0
2503.0,91.0,0.0
2503.0,92.0,0.697517
2503.0,93.0,0.227316
2503.0,94.0,0.721992
2503.0,95.0,0.393673
2503.0,96.0,0.812264
2503.0,97.0,0.523141
2503.0,98.0,0.582849
2503.0,99.0,0.87103
2503.0,100.0,1.0
2503.0,101.0,0.184308
2503.0,102.0,0.28594
2503.0,103.0,0.875525
2503.0,104.0,1.0
2503.0,105.0,0.505214
2503.0,106.0,0.609029
2503.0,107.0,0.521135
2503.0,108.0,0.145257
2503.0,109.0,0.382669
2503.0,110.0,0.283086
2503.0,111.0,0.0
2503.0,112.0,0.998816
2503.0,113.0,0.0
2503.0,114.0,0.420586
2503.0,115.0,0.532398
2503.0,116.0,0.044377
2503.0,117.0,0.254127
2503.0,118.0,0.613287
2503.0,119.0,0.991872
2503.0,120.0,0.0
2503.0,121.0,0.509098
2503.0,122.0,0.818699
2503.0,123.0,0.282116
2503.0,124.0,0.584762
2503.0,125.0,0.377745
2503.0,126.0,0.242787
2503.0,127.0,0.197818
2503.0,128.0,0.851943
2503.0,129.0,1.0
2503.0,130.0,0.0
2503.0,131.0,0.032029
2503.0,132.0,0.692353
2503.0,133.0,0.0
2503.0,134.0,0.784526
2503.0,135.0,0.0
2503.0,136.0,0.0
2503.0,137.0,0.690692
2503.0,138.0,0.301802
2503.0,139.0,0.421201
2503.0,140.0,1.0
2503.0,141.0,0.0
2503.0,142.0,0.63997
2503.0,143.0,0.287796
2503.0,144.0,0.717136
2503.0,145.0,0.566727
2503.0,146.0,1.0
2503.0,147.0,0.210602
2504.0,0.0,0.368986
2504.0,1.0,0.119924
2504.0,2.0,0.270481
2504.0,3.0,0.689911
2504.0,4.0,1.0
2504.0,5.0,0.632599
2504.0,6.0,0.563687
2504.0,7.0,0.400865
2504.0,8.0,0.064741
2504.0,9.0,0.736669
2504.0,10.0,0.530856
2504.0,11.0,0.289726
2504.0,12.0,1.0
2504.0,13.0,1.0
2504.0,14.0,0.919618
2504.0,15.0,0.322352
2504.0,16.0,0.771905
2504.0,17.0,0.150219
2504.0,18.0,1.0
2504.0,19.0,0.20351
2504.0,20.0,0.39144
2504.0,21.0,0.43765
2504.0,22.0,0.575912
2504.0,23.0,0.094049
2504.0,24.0,0.495024
2504.0,25.0,0.695782
2504.0,26.0,1.0
2504.0,27.0,0.467481
2504.0,28.0,0.509243
2504.0,29.0,0.794735
2504.0,30.0,0.304711
2504.0,31.0,0.476314
2504.0,32.0,0.389568
2504.0,33.0,0.998892
2504.0,34.0,0.0
2504.0,35.0,0.815324
2504.0,36.0,0.49467
2504.0,37.0,0.755064
2504.0,38.0,0.560566
2504.0,39.0,0.994799
2504.0,40.0,0.500576
2504.0,41.0,0.578832
2504.0,42.0,0.751609
2504.0,43.0,0.599742
2504.0,44.0,0.313038
2504.0,45.0,1.0
2504.0,46.0,0.863472
2504.0,47.0,0.505196
2504.0,48.0,0.534494
2504.0,49.0,0.997953
2504.0,50.0,0.736607
2504.0,51.0,0.498871
2504.0,52.0,0.221041
2504.0,53.0,0.487594
2504.0,54.0,1.0
2504.0,55.0,0.13676
2504.0,56.0,0.313304
2504.0,57.0,0.252812
2504.0,58.0,0.0
2504.0,59.0,0.99997
2504.0,60.0,0.357944
2504.0,61.0,1.0
2504.0,62.0,0.34048
2504.0,63.0,0.799394
2504.0,64.0,0.483066
2504.0,65.0,0.578626
2504.0,66.0,0.67197
2504.0,67.0,0.630695
2504.0,68.0,0.7735
2504.0,69.0,0.599667
2504.0,70.0,0.649958
2504.0,71.0,0.64352
2504.0,72.0,0.871815
2504.0,73.0,1.0
2504.0,74.0,0.536788
2504.0,75.0,0.950761
2504.0,76.0,0.555674
2504.0,77.0,0.753447
2504.0,78.0,0.548837
2504.0,79.0,0.371112
2504.0,80.0,0.0
2504.0,81.0,0.686929
2504.0,82.0,1.0
2504.0,83.0,0.108599
2504.0,84.0,1.0
2504.0,85.0,0.445375
2504.0,86.0,0.369309
2504.0,87.0,0.687994
2504.0,88.0,0.520086
2504.0,89.0,0.577565
2504.0,90.0,1.0
2504.0,91.0,0.0
2504.0,92.0,0.699121
2504.0,93.0,0.229494
2504.0,94.0,0.708963
2504.0,95.0,0.403357
2504.0,96.0,0.819971
2504.0,97.0,0.532536
2504.0,98.0,0.589085
2504.0,99.0,0.869385
2504.0,100.0,1.0
2504.0,101.0,0.184796
2504.0,102.0,0.307544
2504.0,103.0,0.881456
2504.0,104.0,1.0
2504.0,105.0,0.518037
2504.0,106.0,0.616211
2504.0,107.0,0.53444
2504.0,108.0,0.147716
2504.0,109.0,0.389593
2504.0,110.0,0.29314
2504.0,111.0,0.0
2504.0,112.0,0.998994
2504.0,113.0,0.0
2504.0,114.0,0.431004
2504.0,115.0,0.543084
2504.0,116.0,0.043596
2504.0,117.0,0.254367
2504.0,118.0,0.613122
2504.0,119.0,0.991995
2504.0,120.0,0.0
2504.0,121.0,0.531318
2504.0,122.0,0.819484
2504.0,123.0,0.287648
2504.0,124.0,0.607203
2504.0,125.0,0.393082
2504.0,126.0,0.248223
2504.0,127.0,0.202401
2504.0,128.0,0.861425
2504.0,129.0,1.0
2504.0,130.0,0.0
2504.0,131.0,0.032946
2504.0,132.0,0.702931
2504.0,133.0,0.0
2504.0,134.0,0.787491
2504.0,135.0,0.0
2504.0,136.0,0.0
2504.0,137.0,0.699427
2504.0,138.0,0.30539
2504.0,139.0,0.426834
2504.0,140.0,1.0
2504.0,141.0,0.0
2504.0,142.0,0.674994
2504.0,143.0,0.291867
2504.0,144.0,0.718554
2504.0,145.0,0.574926
2504.0,146.0,1.0
2504.0,147.0,0.21348
2505.0,0.0,0.389669
2505.0,1.0,0.119328
2505.0,2.0,0.27405
2505.0,3.0,0.691043
2505.0,4.0,1.0
2505.0,5.0,0.648596
2505.0,6.0,0.573477
2505.0,7.0,0.415616
2505.0,8.0,0.065774
2505.0,9.0,0.740225
2505.0,10.0,0.533927
2505.0,11.0,0.320601
2505.0,12.0,1.0
2505.0,13.0,1.0
2505.0,14.0,0.92251
2505.0,15.0,0.323692
2505.0,16.0,0.811462
2505.0,17.0,0.154436
2505.0,18.0,1.0
2505.0,19.0,0.204045
2505.0,20.0,0.39465
2505.0,21.0,0.462565
2505.0,22.0,0.581235
2505.0,23.0,0.098137
2505.0,24.0,0.521906
2505.0,25.0,0.700721
2505.0,26.0,1.0
2505.0,27.0,0.473847
2505.0,28.0,0.520941
2505.0,29.0,0.804708
2505.0,30.0,0.32324
2505.0,31.0,0.477074
2505.0,32.0,0.391086
2505.0,33.0,0.998866
2505.0,34.0,0.0
2505.0,35.0,0.820934
2505.0,36.0,0.495698
2505.0,37.0,0.759659
2505.0,38.0,0.600794
2505.0,39.0,0.99484
2505.0,40.0,0.507801
2505.0,41.0,0.588884
2505.0,42.0,0.752435
2505.0,43.0,0.611159
2505.0,44.0,0.338521
2505.0,45.0,1.0
2505.0,46.0,0.866623
2505.0,47.0,0.478916
2505.0,48.0,0.536529
2505.0,49.0,0.999751
2505.0,50.0,0.739242
2505.0,51.0,0.518057
2505.0,52.0,0.222017
2505.0,53.0,0.513549
2505.0,54.0,1.0
2505.0,55.0,0.137699
2505.0,56.0,0.317059
2505.0,57.0,0.262886
2505.0,58.0,0.0
2505.0,59.0,0.999978
2505.0,60.0,0.358171
2505.0,61.0,1.0
2505.0,62.0,0.342743
2505.0,63.0,0.802819
2505.0,64.0,0.484496
2505.0,65.0,0.581083
2505.0,66.0,0.678999
2505.0,67.0,0.638982
2505.0,68.0,0.774229
2505.0,69.0,0.61954
2505.0,70.0,0.652864
2505.0,71.0,0.645822
2505.0,72.0,0.874448
2505.0,73.0,1.0
2505.0,74.0,0.547312
2505.0,75.0,0.951044
2505.0,76.0,0.573352
2505.0,77.0,0.755806
2505.0,78.0,0.559364
2505.0,79.0,0.375198
2505.0,80.0,0.0
2505.0,81.0,0.691725
2505.0,82.0,1.0
2505.0,83.0,0.107824
2505.0,84.0,1.0
2505.0,85.0,0.448832
2505.0,86.0,0.378863
2505.0,87.0,0.689636
2505.0,88.0,0.521991
2505.0,89.0,0.583134
2505.0,90.0,1.0
2505.0,91.0,0.0
2505.0,92.0,0.701238
2505.0,93.0,0.231085
2505.0,94.0,0.698754
2505.0,95.0,0.413692
2505.0,96.0,0.826772
2505.0,97.0,0.541286
2505.0,98.0,0.594771
2505.0,99.0,0.867995
2505.0,100.0,1.0
2505.0,101.0,0.185701
2505.0,102.0,0.330345
2505.0,103.0,0.887293
2505.0,104.0,1.0
2505.0,105.0,0.530916
2505.0,106.0,0.621662
2505.0,107.0,0.544701
2505.0,108.0,0.150244
2505.0,109.0,0.396271
2505.0,110.0,0.303985
2505.0,111.0,0.0
2505.0,112.0,0.999154
2505.0,113.0,0.0
2505.0,114.0,0.441701
2505.0,115.0,0.553
2505.0,116.0,0.042571
2505.0,117.0,0.255282
2505.0,118.0,0.613985
2505.0,119.0,0.992054
2505.0,120.0,0.0
2505.0,121.0,0.552786
2505.0,122.0,0.819815
2505.0,123.0,0.293933
2505.0,124.0,0.628602
2505.0,125.0,0.409349
2505.0,126.0,0.252451
2505.0,127.0,0.207054
2505.0,128.0,0.869129
2505.0,129.0,1.0
2505.0,130.0,0.0
2505.0,131.0,0.033548
2505.0,132.0,0.712646
2505.0,133.0,0.0
2505.0,134.0,0.790139
2505.0,135.0,0.0
2505.0,136.0,0.0
2505.0,137.0,0.707767
2505.0,138.0,0.308057
2505.0,139.0,0.433412
2505.0,140.0,1.0
2505.0,141.0,0.0
2505.0,142.0,0.70867
2505.0,143.0,0.295622
2505.0,144.0,0.720577
2505.0,145.0,0.582698
2505.0,146.0,1.0
2505.0,147.0,0.216423
2506.0,0.0,0.359318
2506.0,1.0,0.118184
2506.0,2.0,0.270247
2506.0,3.0,0.689652
2506.0,4.0,1.0
2506.0,5.0,0.624287
2506.0,6.0,0.560015
2506.0,7.0,0.394609
2506.0,8.0,0.064026
2506.0,9.0,0.734269
2506.0,10.0,0.528953
2506.0,11.0,0.27551
2506.0,12.0,1.0
2506.0,13.0,1.0
2506.0,14.0,0.918444
2506.0,15.0,0.321376
2506.0,16.0,0.747956
2506.0,17.0,0.147744
2506.0,18.0,1.0
2506.0,19.0,0.201697
2506.0,20.0,0.389351
2506.0,21.0,0.428476
2506.0,22.0,0.574538
2506.0,23.0,0.092886
2506.0,24.0,0.457863
2506.0,25.0,0.694341
2506.0,26.0,1.0
2506.0,27.0,0.465925
2506.0,28.0,0.503826
2506.0,29.0,0.7914
2506.0,30.0,0.2981
2506.0,31.0,0.475366
2506.0,32.0,0.389623
2506.0,33.0,0.99882
2506.0,34.0,0.0
2506.0,35.0,0.813967
2506.0,36.0,0.493962
2506.0,37.0,0.753542
2506.0,38.0,0.529923
2506.0,39.0,0.994744
2506.0,40.0,0.498241
2506.0,41.0,0.577675
2506.0,42.0,0.750786
2506.0,43.0,0.597417
2506.0,44.0,0.303796
2506.0,45.0,1.0
2506.0,46.0,0.862644
2506.0,47.0,0.541773
2506.0,48.0,0.53502
2506.0,49.0,0.995535
2506.0,50.0,0.736347
2506.0,51.0,0.492871
2506.0,52.0,0.220222
2506.0,53.0,0.476418
2506.0,54.0,1.0
2506.0,55.0,0.135716
2506.0,56.0,0.311671
2506.0,57.0,0.2495
2506.0,58.0,0.0
2506.0,59.0,0.999969
2506.0,60.0,0.355309
2506.0,61.0,1.0
2506.0,62.0,0.339165
2506.0,63.0,0.799071
2506.0,64.0,0.482308
2506.0,65.0,0.577409
2506.0,66.0,0.670215
2506.0,67.0,0.626888
2506.0,68.0,0.772837
2506.0,69.0,0.590585
2506.0,70.0,0.649078
2506.0,71.0,0.642274
2506.0,72.0,0.87094
2506.0,73.0,1.0
2506.0,74.0,0.533772
2506.0,75.0,0.950208
2506.0,76.0,0.547738
2506.0,77.0,0.752088
2506.0,78.0,0.546571
2506.0,79.0,0.370275
2506.0,80.0,0.0
2506.0,81.0,0.687927
2506.0,82.0,1.0
2506.0,83.0,0.10887
2506.0,84.0,1.0
2506.0,85.0,0.443384
2506.0,86.0,0.366171
2506.0,87.0,0.686462
2506.0,88.0,0.52255
2506.0,89.0,0.573959
2506.0,90.0,1.0
2506.0,91.0,0.0
2506.0,92.0,0.698397
2506.0,93.0,0.228651
2506.0,94.0,0.726758
2506.0,95.0,0.39978
2506.0,96.0,0.818546
2506.0,97.0,0.53123
2506.0,98.0,0.588717
2506.0,99.0,0.87088
2506.0,100.0,1.0
2506.0,101.0,0.185464
2506.0,102.0,0.300782
2506.0,103.0,0.879277
2506.0,104.0,1.0
2506.0,105.0,0.513301
2506.0,106.0,0.614296
2506.0,107.0,0.517904
2506.0,108.0,0.1473
2506.0,109.0,0.386922
2506.0,110.0,0.291322
2506.0,111.0,0.0
2506.0,112.0,0.999015
2506.0,113.0,0.0
2506.0,114.0,0.426635
2506.0,115.0,0.540547
2506.0,116.0,0.043527
2506.0,117.0,0.254645
2506.0,118.0,0.615
2506.0,119.0,0.99207
2506.0,120.0,0.0
2506.0,121.0,0.523621
2506.0,122.0,0.818477
2506.0,123.0,0.28655
2506.0,124.0,0.599395
2506.0,125.0,0.387286
2506.0,126.0,0.24696
2506.0,127.0,0.201289
2506.0,128.0,0.857299
2506.0,129.0,1.0
2506.0,130.0,0.0
2506.0,131.0,0.032565
2506.0,132.0,0.699781
2506.0,133.0,0.0
2506.0,134.0,0.7883
2506.0,135.0,0.0
2506.0,136.0,0.0
2506.0,137.0,0.696627
2506.0,138.0,0.305544
2506.0,139.0,0.425706
2506.0,140.0,1.0
2506.0,141.0,0.0
2506.0,142.0,0.662259
2506.0,143.0,0.291228
2506.0,144.0,0.719375
2506.0,145.0,0.571954
2506.0,146.0,1.0
2506.0,147.0,0.212364
2507.0,0.0,0.335361
2507.0,1.0,0.115402
2507.0,2.0,0.266366
2507.0,3.0,0.692749
2507.0,4.0,1.0
2507.0,5.0,0.60528
2507.0,6.0,0.548403
2507.0,7.0,0.37899
2507.0,8.0,0.061741
2507.0,9.0,0.732298
2507.0,10.0,0.526868
2507.0,11.0,0.240165
2507.0,12.0,1.0
2507.0,13.0,1.0
2507.0,14.0,0.914872
2507.0,15.0,0.319791
2507.0,16.0,0.686509
2507.0,17.0,0.143631
2507.0,18.0,1.0
2507.0,19.0,0.201511
2507.0,20.0,0.383651
2507.0,21.0,0.399386
2507.0,22.0,0.566961
2507.0,23.0,0.089378
2507.0,24.0,0.413808
2507.0,25.0,0.689802
2507.0,26.0,1.0
2507.0,27.0,0.456873
2507.0,28.0,0.489944
2507.0,29.0,0.781304
2507.0,30.0,0.277135
2507.0,31.0,0.473392
2507.0,32.0,0.386757
2507.0,33.0,0.998798
2507.0,34.0,0.0
2507.0,35.0,0.810282
2507.0,36.0,0.493667
2507.0,37.0,0.749542
2507.0,38.0,0.474028
2507.0,39.0,0.994997
2507.0,40.0,0.492245
2507.0,41.0,0.568766
2507.0,42.0,0.750864
2507.0,43.0,0.583047
2507.0,44.0,0.276119
2507.0,45.0,1.0
2507.0,46.0,0.859785
2507.0,47.0,0.584865
2507.0,48.0,0.535373
2507.0,49.0,0.93356
2507.0,50.0,0.733261
2507.0,51.0,0.468351
2507.0,52.0,0.216862
2507.0,53.0,0.445655
2507.0,54.0,1.0
2507.0,55.0,0.134017
2507.0,56.0,0.302374
2507.0,57.0,0.236584
2507.0,58.0,0.0
2507.0,59.0,0.999977
2507.0,60.0,0.351437
2507.0,61.0,1.0
2507.0,62.0,0.336686
2507.0,63.0,0.794925
2507.0,64.0,0.480086
2507.0,65.0,0.571752
2507.0,66.0,0.661154
2507.0,67.0,0.614778
2507.0,68.0,0.77146
2507.0,69.0,0.567573
2507.0,70.0,0.64397
2507.0,71.0,0.63826
2507.0,72.0,0.871807
2507.0,73.0,1.0
2507.0,74.0,0.525303
2507.0,75.0,0.949967
2507.0,76.0,0.525617
2507.0,77.0,0.750341
2507.0,78.0,0.533151
2507.0,79.0,0.366822
2507.0,80.0,0.0
2507.0,81.0,0.685155
2507.0,82.0,1.0
2507.0,83.0,0.109544
2507.0,84.0,1.0
2507.0,85.0,0.438272
2507.0,86.0,0.353968
2507.0,87.0,0.683615
2507.0,88.0,0.521017
2507.0,89.0,0.563963
2507.0,90.0,1.0
2507.0,91.0,0.0
2507.0,92.0,0.698827
2507.0,93.0,0.225273
2507.0,94.0,0.746004
2507.0,95.0,0.384326
2507.0,96.0,0.812379
2507.0,97.0,0.522085
2507.0,98.0,0.584738
2507.0,99.0,0.874345
2507.0,100.0,1.0
2507.0,101.0,0.185903
2507.0,102.0,0.27789
2507.0,103.0,0.872011
2507.0,104.0,1.0
2507.0,105.0,0.495902
2507.0,106.0,0.607171
2507.0,107.0,0.500483
2507.0,108.0,0.143849
2507.0,109.0,0.378605
2507.0,110.0,0.281934
2507.0,111.0,0.0
2507.0,112.0,0.998819
2507.0,113.0,0.0
2507.0,114.0,0.414822
2507.0,115.0,0.526524
2507.0,116.0,0.04484
2507.0,117.0,0.25268
2507.0,118.0,0.61583
2507.0,119.0,0.992165
2507.0,120.0,0.0
2507.0,121.0,0.494941
2507.0,122.0,0.817145
2507.0,123.0,0.279829
2507.0,124.0,0.571965
2507.0,125.0,0.368936
2507.0,126.0,0.243475
2507.0,127.0,0.195916
2507.0,128.0,0.847459
2507.0,129.0,1.0
2507.0,130.0,0.0
2507.0,131.0,0.033056
2507.0,132.0,0.68879
2507.0,133.0,0.0
2507.0,134.0,0.786398
2507.0,135.0,0.0
2507.0,136.0,0.0
2507.0,137.0,0.687856
2507.0,138.0,0.300028
2507.0,139.0,0.420211
2507.0,140.0,1.0
2507.0,141.0,0.0
2507.0,142.0,0.619469
2507.0,143.0,0.286107
2507.0,144.0,0.720454
2507.0,145.0,0.557584
2507.0,146.0,1.0
2507.0,147.0,0.206342
2508.0,0.0,0.319211
2508.0,1.0,0.107931
2508.0,2.0,0.266414
2508.0,3.0,0.712776
2508.0,4.0,1.0
2508.0,5.0,0.599192
2508.0,6.0,0.542829
2508.0,7.0,0.372478
2508.0,8.0,0.059665
2508.0,9.0,0.738789
2508.0,10.0,0.519987
2508.0,11.0,0.223208
2508.0,12.0,1.0
2508.0,13.0,1.0
2508.0,14.0,0.911706
2508.0,15.0,0.320624
2508.0,16.0,0.647614
2508.0,17.0,0.141902
2508.0,18.0,1.0
2508.0,19.0,0.202013
2508.0,20.0,0.377609
2508.0,21.0,0.379191
2508.0,22.0,0.560831
2508.0,23.0,0.086198
2508.0,24.0,0.386533
2508.0,25.0,0.692429
2508.0,26.0,1.0
2508.0,27.0,0.449163
2508.0,28.0,0.479201
2508.0,29.0,0.776186
2508.0,30.0,0.259465
2508.0,31.0,0.466104
2508.0,32.0,0.383891
2508.0,33.0,0.998786
2508.0,34.0,0.0
2508.0,35.0,0.81591
2508.0,36.0,0.499256
2508.0,37.0,0.749325
2508.0,38.0,0.452934
2508.0,39.0,0.995653
2508.0,40.0,0.493366
2508.0,41.0,0.56737
2508.0,42.0,0.75375
2508.0,43.0,0.570269
2508.0,44.0,0.259208
2508.0,45.0,1.0
2508.0,46.0,0.857587
2508.0,47.0,0.611613
2508.0,48.0,0.535686
2508.0,49.0,0.636104
2508.0,50.0,0.732741
2508.0,51.0,0.453381
2508.0,52.0,0.211935
2508.0,53.0,0.423717
2508.0,54.0,1.0
2508.0,55.0,0.131422
2508.0,56.0,0.286149
2508.0,57.0,0.228363
2508.0,58.0,0.0
2508.0,59.0,0.999976
2508.0,60.0,0.345753
2508.0,61.0,1.0
2508.0,62.0,0.337408
2508.0,63.0,0.789667
2508.0,64.0,0.476456
2508.0,65.0,0.562825
2508.0,66.0,0.649487
2508.0,67.0,0.603009
2508.0,68.0,0.770407
2508.0,69.0,0.55466
2508.0,70.0,0.638822
2508.0,71.0,0.632513
2508.0,72.0,0.893435
2508.0,73.0,1.0
2508.0,74.0,0.530717
2508.0,75.0,0.953449
2508.0,76.0,0.519456
2508.0,77.0,0.751502
2508.0,78.0,0.520757
2508.0,79.0,0.367006
2508.0,80.0,0.0
2508.0,81.0,0.686383
2508.0,82.0,1.0
2508.0,83.0,0.110114
2508.0,84.0,1.0
2508.0,85.0,0.435651
2508.0,86.0,0.343562
2508.0,87.0,0.680688
2508.0,88.0,0.518118
2508.0,89.0,0.555329
2508.0,90.0,1.0
2508.0,91.0,0.0
2508.0,92.0,0.702511
2508.0,93.0,0.221173
2508.0,94.0,0.761592
2508.0,95.0,0.369969
2508.0,96.0,0.815331
2508.0,97.0,0.515278
2508.0,98.0,0.591727
2508.0,99.0,0.87787
2508.0,100.0,1.0
2508.0,101.0,0.192019
2508.0,102.0,0.267431
2508.0,103.0,0.868243
2508.0,104.0,1.0
2508.0,105.0,0.482391
2508.0,106.0,0.600132
2508.0,107.0,0.492547
2508.0,108.0,0.140583
2508.0,109.0,0.372992
2508.0,110.0,0.278243
2508.0,111.0,0.0
2508.0,112.0,0.998937
2508.0,113.0,0.0
2508.0,114.0,0.408738
2508.0,115.0,0.510862
2508.0,116.0,0.04786
2508.0,117.0,0.252511
2508.0,118.0,0.616846
2508.0,119.0,0.992662
2508.0,120.0,0.0
2508.0,121.0,0.469576
2508.0,122.0,0.815644
2508.0,123.0,0.27659
2508.0,124.0,0.553293
2508.0,125.0,0.357457
2508.0,126.0,0.244927
2508.0,127.0,0.194459
2508.0,128.0,0.84523
2508.0,129.0,1.0
2508.0,130.0,0.0
2508.0,131.0,0.035574
2508.0,132.0,0.684188
2508.0,133.0,0.0
2508.0,134.0,0.784577
2508.0,135.0,0.0
2508.0,136.0,0.0
2508.0,137.0,0.681355
2508.0,138.0,0.294497
2508.0,139.0,0.421275
2508.0,140.0,1.0
2508.0,141.0,0.0
2508.0,142.0,0.585446
2508.0,143.0,0.281359
2508.0,144.0,0.725038
2508.0,145.0,0.538368
2508.0,146.0,1.0
2508.0,147.0,0.198833
2509.0,0.0,0.301301
2509.0,1.0,0.105393
2509.0,2.0,0.266331
2509.0,3.0,0.726854
2509.0,4.0,1.0
2509.0,5.0,0.588133
2509.0,6.0,0.534811
2509.0,7.0,0.362694
2509.0,8.0,0.058286
2509.0,9.0,0.744996
2509.0,10.0,0.515815
2509.0,11.0,0.202091
2509.0,12.0,1.0
2509.0,13.0,1.0
2509.0,14.0,0.908168
2509.0,15.0,0.32018
2509.0,16.0,0.606068
2509.0,17.0,0.13884
2509.0,18.0,1.0
2509.0,19.0,0.198813
2509.0,20.0,0.374523
2509.0,21.0,0.360044
2509.0,22.0,0.557131
2509.0,23.0,0.081441
2509.0,24.0,0.362424
2509.0,25.0,0.691483
2509.0,26.0,1.0
2509.0,27.0,0.44385
2509.0,28.0,0.468198
2509.0,29.0,0.767548
2509.0,30.0,0.246175
2509.0,31.0,0.460047
2509.0,32.0,0.381399
2509.0,33.0,0.998735
2509.0,34.0,0.0
2509.0,35.0,0.818015
2509.0,36.0,0.500857
2509.0,37.0,0.746954
2509.0,38.0,0.428124
2509.0,39.0,0.995931
2509.0,40.0,0.489875
2509.0,41.0,0.559378
2509.0,42.0,0.755855
2509.0,43.0,0.559464
2509.0,44.0,0.239201
2509.0,45.0,1.0
2509.0,46.0,0.853828
2509.0,47.0,0.6352
2509.0,48.0,0.532481
2509.0,49.0,0.413704
2509.0,50.0,0.730579
2509.0,51.0,0.436832
2509.0,52.0,0.21131
2509.0,53.0,0.401342
2509.0,54.0,1.0
2509.0,55.0,0.129772
2509.0,56.0,0.279312
2509.0,57.0,0.219365
2509.0,58.0,0.0
2509.0,59.0,0.99999
2509.0,60.0,0.342025
2509.0,61.0,1.0
2509.0,62.0,0.335595
2509.0,63.0,0.785655
2509.0,64.0,0.475268
2509.0,65.0,0.560295
2509.0,66.0,0.64193
2509.0,67.0,0.594755
2509.0,68.0,0.769334
2509.0,69.0,0.543205
2509.0,70.0,0.636018
2509.0,71.0,0.628337
2509.0,72.0,0.91187
2509.0,73.0,1.0
2509.0,74.0,0.533481
2509.0,75.0,0.955613
2509.0,76.0,0.510196
2509.0,77.0,0.749238
2509.0,78.0,0.507131
2509.0,79.0,0.36427
2509.0,80.0,0.0
2509.0,81.0,0.684505
2509.0,82.0,1.0
2509.0,83.0,0.109851
2509.0,84.0,1.0
2509.0,85.0,0.430228
2509.0,86.0,0.336224
2509.0,87.0,0.677587
2509.0,88.0,0.515246
2509.0,89.0,0.548281
2509.0,90.0,1.0
2509.0,91.0,0.0
2509.0,92.0,0.70156
2509.0,93.0,0.218718
2509.0,94.0,0.771704
2509.0,95.0,0.360945
2509.0,96.0,0.814119
2509.0,97.0,0.506522
2509.0,98.0,0.591561
2509.0,99.0,0.879357
2509.0,100.0,1.0
2509.0,101.0,0.195085
2509.0,102.0,0.251396
2509.0,103.0,0.86215
2509.0,104.0,1.0
2509.0,105.0,0.469126
2509.0,106.0,0.594578
2509.0,107.0,0.484289
2509.0,108.0,0.1379
2509.0,109.0,0.367638
2509.0,110.0,0.270909
2509.0,111.0,0.0
2509.0,112.0,0.999008
2509.0,113.0,0.0
2509.0,114.0,0.399417
2509.0,115.0,0.496241
2509.0,116.0,0.049141
2509.0,117.0,0.253659
2509.0,118.0,0.616869
2509.0,119.0,0.992787
2509.0,120.0,0.0
2509.0,121.0,0.448604
2509.0,122.0,0.815593
2509.0,123.0,0.272513
2509.0,124.0,0.53327
2509.0,125.0,0.344552
2509.0,126.0,0.241875
2509.0,127.0,0.193268
2509.0,128.0,0.842346
2509.0,129.0,1.0
2509.0,130.0,0.0
2509.0,131.0,0.03567
2509.0,132.0,0.675329
2509.0,133.0,0.0
2509.0,134.0,0.783356
2509.0,135.0,0.0
2509.0,136.0,0.0
2509.0,137.0,0.673005
2509.0,138.0,0.292369
2509.0,139.0,0.417524
2509.0,140.0,1.0
2509.0,141.0,0.0
2509.0,142.0,0.551475
2509.0,143.0,0.278237
2509.0,144.0,0.725218
2509.0,145.0,0.529064
2509.0,146.0,1.0
2509.0,147.0,0.192507
2510.0,0.0,0.284431
2510.0,1.0,0.104164
2510.0,2.0,0.265056
2510.0,3.0,0.734413
2510.0,4.0,1.0
2510.0,5.0,0.572825
2510.0,6.0,0.526642
2510.0,7.0,0.350561
2510.0,8.0,0.056878
2510.0,9.0,0.748057
2510.0,10.0,0.514457
2510.0,11.0,0.179679
2510.0,12.0,1.0
2510.0,13.0,1.0
2510.0,14.0,0.904361
2510.0,15.0,0.318438
2510.0,16.0,0.556835
2510.0,17.0,0.135032
2510.0,18.0,1.0
2510.0,19.0,0.196297
2510.0,20.0,0.371411
2510.0,21.0,0.341558
2510.0,22.0,0.553172
2510.0,23.0,0.077685
2510.0,24.0,0.341026
2510.0,25.0,0.687284
2510.0,26.0,1.0
2510.0,27.0,0.43864
2510.0,28.0,0.455624
2510.0,29.0,0.757402
2510.0,30.0,0.233913
2510.0,31.0,0.456463
2510.0,32.0,0.378714
2510.0,33.0,0.998753
2510.0,34.0,0.0
2510.0,35.0,0.815897
2510.0,36.0,0.499903
2510.0,37.0,0.742891
2510.0,38.0,0.396275
2510.0,39.0,0.996052
2510.0,40.0,0.484149
2510.0,41.0,0.549978
2510.0,42.0,0.755695
2510.0,43.0,0.547651
2510.0,44.0,0.21823
2510.0,45.0,1.0
2510.0,46.0,0.851114
2510.0,47.0,0.656018
2510.0,48.0,0.529144
2510.0,49.0,0.300066
2510.0,50.0,0.727233
2510.0,51.0,0.418795
2510.0,52.0,0.210122
2510.0,53.0,0.378264
2510.0,54.0,1.0
2510.0,55.0,0.128382
2510.0,56.0,0.275964
2510.0,57.0,0.210942
2510.0,58.0,0.0
2510.0,59.0,0.999992
2510.0,60.0,0.33994
2510.0,61.0,1.0
2510.0,62.0,0.33341
2510.0,63.0,0.781522
2510.0,64.0,0.47281
2510.0,65.0,0.557067
2510.0,66.0,0.634516
2510.0,67.0,0.586015
2510.0,68.0,0.768281
2510.0,69.0,0.529584
2510.0,70.0,0.634258
2510.0,71.0,0.624859
2510.0,72.0,0.921206
2510.0,73.0,1.0
2510.0,74.0,0.534503
2510.0,75.0,0.95625
2510.0,76.0,0.496461
2510.0,77.0,0.746411
2510.0,78.0,0.495461
2510.0,79.0,0.360945
2510.0,80.0,0.0
2510.0,81.0,0.681526
2510.0,82.0,1.0
2510.0,83.0,0.109506
2510.0,84.0,1.0
2510.0,85.0,0.425432
2510.0,86.0,0.32835
2510.0,87.0,0.674161
2510.0,88.0,0.511386
2510.0,89.0,0.54179
2510.0,90.0,1.0
2510.0,91.0,0.0
2510.0,92.0,0.699308
2510.0,93.0,0.217156
2510.0,94.0,0.78037
2510.0,95.0,0.352367
2510.0,96.0,0.809725
2510.0,97.0,0.497915
2510.0,98.0,0.588039
2510.0,99.0,0.880827
2510.0,100.0,1.0
2510.0,101.0,0.195526
2510.0,102.0,0.235683
2510.0,103.0,0.855269
2510.0,104.0,1.0
2510.0,105.0,0.45574
2510.0,106.0,0.589971
2510.0,107.0,0.475977
2510.0,108.0,0.135021
2510.0,109.0,0.361017
2510.0,110.0,0.262373
2510.0,111.0,0.0
2510.0,112.0,0.998904
2510.0,113.0,0.0
2510.0,114.0,0.389833
2510.0,115.0,0.483331
2510.0,116.0,0.049711
2510.0,117.0,0.255203
2510.0,118.0,0.618073
2510.0,119.0,0.992952
2510.0,120.0,0.0
2510.0,121.0,0.428708
2510.0,122.0,0.81612
2510.0,123.0,0.268383
2510.0,124.0,0.512266
2510.0,125.0,0.329697
2510.0,126.0,0.238362
2510.0,127.0,0.19043
2510.0,128.0,0.838053
2510.0,129.0,1.0
2510.0,130.0,0.0
2510.0,131.0,0.034585
2510.0,132.0,0.664948
2510.0,133.0,0.0
2510.0,134.0,0.781605
2510.0,135.0,0.0
2510.0,136.0,0.0
2510.0,137.0,0.665327
2510.0,138.0,0.294442
2510.0,139.0,0.412773
2510.0,140.0,1.0
2510.0,141.0,0.0
2510.0,142.0,0.517112
2510.0,143.0,0.276208
2510.0,144.0,0.723684
2510.0,145.0,0.520897
2510.0,146.0,1.0
2510.0,147.0,0.187248
