FREQUENCIES 
Gen,mut_id,mut_freq
1.0,0.0,0.5
1.0,1.0,0.5
1.0,2.0,0.5
1.0,3.0,0.5
1.0,4.0,0.5
1.0,5.0,0.5
1.0,6.0,0.5
1.0,7.0,0.5
1.0,8.0,0.5
1.0,9.0,0.5
1.0,10.0,0.5
1.0,11.0,0.5
1.0,12.0,0.5
1.0,13.0,0.5
1.0,14.0,0.5
1.0,15.0,0.5
1.0,16.0,0.5
1.0,17.0,0.5
1.0,18.0,0.5
1.0,19.0,0.5
1.0,20.0,0.5
1.0,21.0,0.5
1.0,22.0,0.5
1.0,23.0,0.5
1.0,24.0,0.5
1.0,25.0,0.5
1.0,26.0,0.5
1.0,27.0,0.5
1.0,28.0,0.5
1.0,29.0,0.5
1.0,30.0,0.5
1.0,31.0,0.5
1.0,32.0,0.5
1.0,33.0,0.5
1.0,34.0,0.5
1.0,35.0,0.5
1.0,36.0,0.5
1.0,37.0,0.5
1.0,38.0,0.5
1.0,39.0,0.5
1.0,40.0,0.5
1.0,41.0,0.5
1.0,42.0,0.5
1.0,43.0,0.5
1.0,44.0,0.5
1.0,45.0,0.5
1.0,46.0,0.5
1.0,47.0,0.5
1.0,48.0,0.5
1.0,49.0,0.5
1.0,50.0,0.5
1.0,51.0,0.5
1.0,52.0,0.5
1.0,53.0,0.5
1.0,54.0,0.5
1.0,55.0,0.5
1.0,56.0,0.5
1.0,57.0,0.5
1.0,58.0,0.5
1.0,59.0,0.5
1.0,60.0,0.5
1.0,61.0,0.5
1.0,62.0,0.5
1.0,63.0,0.5
1.0,64.0,0.5
1.0,65.0,0.5
1.0,66.0,0.5
1.0,67.0,0.5
1.0,68.0,0.5
1.0,69.0,0.5
1.0,70.0,0.5
1.0,71.0,0.5
1.0,72.0,0.5
1.0,73.0,0.5
1.0,74.0,0.5
1.0,75.0,0.5
1.0,76.0,0.5
1.0,77.0,0.5
1.0,78.0,0.5
1.0,79.0,0.5
1.0,80.0,0.5
1.0,81.0,0.5
1.0,82.0,0.5
1.0,83.0,0.5
1.0,84.0,0.5
1.0,85.0,0.5
1.0,86.0,0.5
1.0,87.0,0.5
1.0,88.0,0.5
1.0,89.0,0.5
1.0,90.0,0.5
1.0,91.0,0.5
1.0,92.0,0.5
1.0,93.0,0.5
1.0,94.0,0.5
1.0,95.0,0.5
1.0,96.0,0.5
1.0,97.0,0.5
1.0,98.0,0.5
1.0,99.0,0.5
1.0,100.0,0.5
1.0,101.0,0.5
1.0,102.0,0.5
1.0,103.0,0.5
1.0,104.0,0.5
1.0,105.0,0.5
1.0,106.0,0.5
1.0,107.0,0.5
1.0,108.0,0.5
1.0,109.0,0.5
1.0,110.0,0.5
1.0,111.0,0.5
1.0,112.0,0.5
1.0,113.0,0.5
1.0,114.0,0.5
1.0,115.0,0.5
1.0,116.0,0.5
1.0,117.0,0.5
1.0,118.0,0.5
1.0,119.0,0.5
1.0,120.0,0.5
1.0,121.0,0.5
1.0,122.0,0.5
1.0,123.0,0.5
1.0,124.0,0.5
1.0,125.0,0.5
1.0,126.0,0.5
2500.0,0.0,0.428392
2500.0,1.0,0.37153
2500.0,2.0,0.117449
2500.0,3.0,5.2e-05
2500.0,4.0,0.262369
2500.0,5.0,0.325278
2500.0,6.0,1.0
2500.0,7.0,0.157858
2500.0,8.0,0.36129
2500.0,9.0,0.239024
2500.0,10.0,0.21161
2500.0,11.0,0.729479
2500.0,12.0,0.0
2500.0,13.0,0.99974
2500.0,14.0,0.779954
2500.0,15.0,0.898248
2500.0,16.0,0.524967
2500.0,17.0,0.993099
2500.0,18.0,0.323549
2500.0,19.0,0.042964
2500.0,20.0,0.28099
2500.0,21.0,0.284069
2500.0,22.0,1.0
2500.0,23.0,0.613509
2500.0,24.0,0.286534
2500.0,25.0,1.0
2500.0,26.0,1.0
2500.0,27.0,0.23446
2500.0,28.0,0.324153
2500.0,29.0,0.615379
2500.0,30.0,0.313777
2500.0,31.0,0.475458
2500.0,32.0,0.330722
2500.0,33.0,0.394136
2500.0,34.0,0.035843
2500.0,35.0,0.0
2500.0,36.0,0.795685
2500.0,37.0,0.676605
2500.0,38.0,0.623379
2500.0,39.0,0.254893
2500.0,40.0,0.395741
2500.0,41.0,0.601891
2500.0,42.0,0.337528
2500.0,43.0,0.467561
2500.0,44.0,0.401032
2500.0,45.0,0.679151
2500.0,46.0,0.463308
2500.0,47.0,0.0
2500.0,48.0,1.0
2500.0,49.0,0.251366
2500.0,50.0,0.293395
2500.0,51.0,0.0
2500.0,52.0,0.546251
2500.0,53.0,1.0
2500.0,54.0,0.0
2500.0,55.0,0.100679
2500.0,56.0,0.699929
2500.0,57.0,0.33717
2500.0,58.0,1.0
2500.0,59.0,0.307735
2500.0,60.0,0.323804
2500.0,61.0,0.001076
2500.0,62.0,0.0
2500.0,63.0,0.500156
2500.0,64.0,0.465294
2500.0,65.0,0.262957
2500.0,66.0,0.240889
2500.0,67.0,1.0
2500.0,68.0,0.0
2500.0,69.0,0.360475
2500.0,70.0,1.0
2500.0,71.0,0.744314
2500.0,72.0,0.59255
2500.0,73.0,0.221743
2500.0,74.0,0.927981
2500.0,75.0,0.648008
2500.0,76.0,0.48308
2500.0,77.0,0.166539
2500.0,78.0,1.0
2500.0,79.0,0.999886
2500.0,80.0,0.355268
2500.0,81.0,0.748162
2500.0,82.0,0.009985
2500.0,83.0,0.430751
2500.0,84.0,0.295499
2500.0,85.0,0.66819
2500.0,86.0,0.581856
2500.0,87.0,0.781884
2500.0,88.0,0.0
2500.0,89.0,1.0
2500.0,90.0,0.320705
2500.0,91.0,0.846551
2500.0,92.0,0.647189
2500.0,93.0,0.801684
2500.0,94.0,0.495091
2500.0,95.0,0.391687
2500.0,96.0,0.0
2500.0,97.0,0.318646
2500.0,98.0,0.831569
2500.0,99.0,0.534308
2500.0,100.0,0.300147
2500.0,101.0,0.34203
2500.0,102.0,0.821379
2500.0,103.0,0.60977
2500.0,104.0,0.482624
2500.0,105.0,0.647238
2500.0,106.0,0.0
2500.0,107.0,1.0
2500.0,108.0,0.778477
2500.0,109.0,0.40063
2500.0,110.0,0.0
2500.0,111.0,0.233993
2500.0,112.0,1.0
2500.0,113.0,0.20906
2500.0,114.0,0.299924
2500.0,115.0,0.573475
2500.0,116.0,1.0
2500.0,117.0,0.748221
2500.0,118.0,0.122053
2500.0,119.0,0.263709
2500.0,120.0,0.559878
2500.0,121.0,0.34839
2500.0,122.0,0.381092
2500.0,123.0,0.491139
2500.0,124.0,0.454798
2500.0,125.0,0.502972
2500.0,126.0,0.379557
2501.0,0.0,0.432393
2501.0,1.0,0.398322
2501.0,2.0,0.137673
2501.0,3.0,6.2e-05
2501.0,4.0,0.274162
2501.0,5.0,0.33343
2501.0,6.0,1.0
2501.0,7.0,0.164858
2501.0,8.0,0.370165
2501.0,9.0,0.253875
2501.0,10.0,0.214819
2501.0,11.0,0.737087
2501.0,12.0,0.0
2501.0,13.0,0.999786
2501.0,14.0,0.783498
2501.0,15.0,0.906237
2501.0,16.0,0.529774
2501.0,17.0,0.993723
2501.0,18.0,0.331298
2501.0,19.0,0.043595
2501.0,20.0,0.301247
2501.0,21.0,0.349669
2501.0,22.0,1.0
2501.0,23.0,0.61498
2501.0,24.0,0.297872
2501.0,25.0,1.0
2501.0,26.0,1.0
2501.0,27.0,0.243794
2501.0,28.0,0.364159
2501.0,29.0,0.639779
2501.0,30.0,0.336286
2501.0,31.0,0.482183
2501.0,32.0,0.335498
2501.0,33.0,0.402431
2501.0,34.0,0.053383
2501.0,35.0,0.0
2501.0,36.0,0.799386
2501.0,37.0,0.676509
2501.0,38.0,0.647057
2501.0,39.0,0.305713
2501.0,40.0,0.400693
2501.0,41.0,0.611446
2501.0,42.0,0.348925
2501.0,43.0,0.473411
2501.0,44.0,0.425743
2501.0,45.0,0.688084
2501.0,46.0,0.477195
2501.0,47.0,0.0
2501.0,48.0,1.0
2501.0,49.0,0.273718
2501.0,50.0,0.297073
2501.0,51.0,0.0
2501.0,52.0,0.552775
2501.0,53.0,1.0
2501.0,54.0,0.0
2501.0,55.0,0.126064
2501.0,56.0,0.70923
2501.0,57.0,0.368367
2501.0,58.0,1.0
2501.0,59.0,0.311712
2501.0,60.0,0.348957
2501.0,61.0,0.001231
2501.0,62.0,0.0
2501.0,63.0,0.551926
2501.0,64.0,0.476567
2501.0,65.0,0.283829
2501.0,66.0,0.242351
2501.0,67.0,1.0
2501.0,68.0,0.0
2501.0,69.0,0.363366
2501.0,70.0,1.0
2501.0,71.0,0.782677
2501.0,72.0,0.61392
2501.0,73.0,0.230744
2501.0,74.0,0.93003
2501.0,75.0,0.670425
2501.0,76.0,0.48975
2501.0,77.0,0.168546
2501.0,78.0,1.0
2501.0,79.0,0.999894
2501.0,80.0,0.388309
2501.0,81.0,0.757783
2501.0,82.0,0.011093
2501.0,83.0,0.451535
2501.0,84.0,0.301214
2501.0,85.0,0.679251
2501.0,86.0,0.592568
2501.0,87.0,0.789957
2501.0,88.0,0.0
2501.0,89.0,1.0
2501.0,90.0,0.338101
2501.0,91.0,0.873382
2501.0,92.0,0.652657
2501.0,93.0,0.813196
2501.0,94.0,0.495837
2501.0,95.0,0.397536
2501.0,96.0,0.0
2501.0,97.0,0.418024
2501.0,98.0,0.83647
2501.0,99.0,0.57634
2501.0,100.0,0.306466
2501.0,101.0,0.391628
2501.0,102.0,0.82372
2501.0,103.0,0.615744
2501.0,104.0,0.485594
2501.0,105.0,0.657796
2501.0,106.0,0.0
2501.0,107.0,1.0
2501.0,108.0,0.796216
2501.0,109.0,0.420801
2501.0,110.0,0.0
2501.0,111.0,0.23826
2501.0,112.0,1.0
2501.0,113.0,0.249545
2501.0,114.0,0.390858
2501.0,115.0,0.581324
2501.0,116.0,1.0
2501.0,117.0,0.751738
2501.0,118.0,0.125384
2501.0,119.0,0.283747
2501.0,120.0,0.566355
2501.0,121.0,0.36109
2501.0,122.0,0.392958
2501.0,123.0,0.504572
2501.0,124.0,0.492129
2501.0,125.0,0.521552
2501.0,126.0,0.403907
2502.0,0.0,0.43551
2502.0,1.0,0.423982
2502.0,2.0,0.160253
2502.0,3.0,5.2e-05
2502.0,4.0,0.286358
2502.0,5.0,0.342759
2502.0,6.0,1.0
2502.0,7.0,0.171068
2502.0,8.0,0.378817
2502.0,9.0,0.269347
2502.0,10.0,0.216316
2502.0,11.0,0.745299
2502.0,12.0,0.0
2502.0,13.0,0.999819
2502.0,14.0,0.787018
2502.0,15.0,0.912906
2502.0,16.0,0.53271
2502.0,17.0,0.994169
2502.0,18.0,0.338622
2502.0,19.0,0.044065
2502.0,20.0,0.321057
2502.0,21.0,0.417844
2502.0,22.0,1.0
2502.0,23.0,0.616821
2502.0,24.0,0.307608
2502.0,25.0,1.0
2502.0,26.0,1.0
2502.0,27.0,0.252998
2502.0,28.0,0.402822
2502.0,29.0,0.665226
2502.0,30.0,0.360429
2502.0,31.0,0.489558
2502.0,32.0,0.340063
2502.0,33.0,0.41008
2502.0,34.0,0.076652
2502.0,35.0,0.0
2502.0,36.0,0.801093
2502.0,37.0,0.67555
2502.0,38.0,0.670583
2502.0,39.0,0.35821
2502.0,40.0,0.405358
2502.0,41.0,0.620747
2502.0,42.0,0.359448
2502.0,43.0,0.479245
2502.0,44.0,0.450807
2502.0,45.0,0.694652
2502.0,46.0,0.491098
2502.0,47.0,0.0
2502.0,48.0,1.0
2502.0,49.0,0.295638
2502.0,50.0,0.300094
2502.0,51.0,0.0
2502.0,52.0,0.55842
2502.0,53.0,1.0
2502.0,54.0,0.0
2502.0,55.0,0.153212
2502.0,56.0,0.718443
2502.0,57.0,0.397643
2502.0,58.0,1.0
2502.0,59.0,0.315861
2502.0,60.0,0.373572
2502.0,61.0,0.001415
2502.0,62.0,0.0
2502.0,63.0,0.600467
2502.0,64.0,0.489313
2502.0,65.0,0.305223
2502.0,66.0,0.244877
2502.0,67.0,1.0
2502.0,68.0,0.0
2502.0,69.0,0.366567
2502.0,70.0,1.0
2502.0,71.0,0.81113
2502.0,72.0,0.632841
2502.0,73.0,0.239669
2502.0,74.0,0.932575
2502.0,75.0,0.689202
2502.0,76.0,0.495462
2502.0,77.0,0.170531
2502.0,78.0,1.0
2502.0,79.0,0.99992
2502.0,80.0,0.420361
2502.0,81.0,0.766857
2502.0,82.0,0.012059
2502.0,83.0,0.472492
2502.0,84.0,0.30635
2502.0,85.0,0.690529
2502.0,86.0,0.602856
2502.0,87.0,0.796906
2502.0,88.0,0.0
2502.0,89.0,1.0
2502.0,90.0,0.355995
2502.0,91.0,0.894819
2502.0,92.0,0.65832
2502.0,93.0,0.824203
2502.0,94.0,0.494701
2502.0,95.0,0.403201
2502.0,96.0,0.0
2502.0,97.0,0.510459
2502.0,98.0,0.841694
2502.0,99.0,0.615178
2502.0,100.0,0.311365
2502.0,101.0,0.44886
2502.0,102.0,0.825751
2502.0,103.0,0.621216
2502.0,104.0,0.487664
2502.0,105.0,0.666649
2502.0,106.0,0.0
2502.0,107.0,1.0
2502.0,108.0,0.812312
2502.0,109.0,0.439118
2502.0,110.0,0.0
2502.0,111.0,0.241921
2502.0,112.0,1.0
2502.0,113.0,0.292611
2502.0,114.0,0.486119
2502.0,115.0,0.587703
2502.0,116.0,1.0
2502.0,117.0,0.755339
2502.0,118.0,0.128014
2502.0,119.0,0.303826
2502.0,120.0,0.573002
2502.0,121.0,0.374013
2502.0,122.0,0.403707
2502.0,123.0,0.519541
2502.0,124.0,0.524062
2502.0,125.0,0.539198
2502.0,126.0,0.425891
2503.0,0.0,0.43823
2503.0,1.0,0.453582
2503.0,2.0,0.184595
2503.0,3.0,5.1e-05
2503.0,4.0,0.298485
2503.0,5.0,0.351872
2503.0,6.0,1.0
2503.0,7.0,0.176855
2503.0,8.0,0.386086
2503.0,9.0,0.28435
2503.0,10.0,0.217704
2503.0,11.0,0.752785
2503.0,12.0,0.0
2503.0,13.0,0.999867
2503.0,14.0,0.790789
2503.0,15.0,0.918828
2503.0,16.0,0.536525
2503.0,17.0,0.994455
2503.0,18.0,0.344945
2503.0,19.0,0.044764
2503.0,20.0,0.341349
2503.0,21.0,0.485749
2503.0,22.0,1.0
2503.0,23.0,0.618491
2503.0,24.0,0.316913
2503.0,25.0,1.0
2503.0,26.0,1.0
2503.0,27.0,0.261601
2503.0,28.0,0.440031
2503.0,29.0,0.690583
2503.0,30.0,0.385506
2503.0,31.0,0.496155
2503.0,32.0,0.345082
2503.0,33.0,0.417142
2503.0,34.0,0.107021
2503.0,35.0,0.0
2503.0,36.0,0.803212
2503.0,37.0,0.673215
2503.0,38.0,0.690851
2503.0,39.0,0.411781
2503.0,40.0,0.410352
2503.0,41.0,0.629018
2503.0,42.0,0.369316
2503.0,43.0,0.484624
2503.0,44.0,0.475227
2503.0,45.0,0.701673
2503.0,46.0,0.505037
2503.0,47.0,0.0
2503.0,48.0,1.0
2503.0,49.0,0.319128
2503.0,50.0,0.302957
2503.0,51.0,0.0
2503.0,52.0,0.563976
2503.0,53.0,1.0
2503.0,54.0,0.0
2503.0,55.0,0.181874
2503.0,56.0,0.727848
2503.0,57.0,0.425918
2503.0,58.0,1.0
2503.0,59.0,0.319811
2503.0,60.0,0.398166
2503.0,61.0,0.001655
2503.0,62.0,0.0
2503.0,63.0,0.644302
2503.0,64.0,0.503027
2503.0,65.0,0.32568
2503.0,66.0,0.245954
2503.0,67.0,1.0
2503.0,68.0,0.0
2503.0,69.0,0.369263
2503.0,70.0,1.0
2503.0,71.0,0.833805
2503.0,72.0,0.650279
2503.0,73.0,0.248893
2503.0,74.0,0.935313
2503.0,75.0,0.706763
2503.0,76.0,0.501322
2503.0,77.0,0.173384
2503.0,78.0,1.0
2503.0,79.0,0.999926
2503.0,80.0,0.450982
2503.0,81.0,0.774663
2503.0,82.0,0.013022
2503.0,83.0,0.492109
2503.0,84.0,0.311426
2503.0,85.0,0.700501
2503.0,86.0,0.612803
2503.0,87.0,0.80425
2503.0,88.0,0.0
2503.0,89.0,1.0
2503.0,90.0,0.374163
2503.0,91.0,0.913242
2503.0,92.0,0.663195
2503.0,93.0,0.834301
2503.0,94.0,0.493076
2503.0,95.0,0.408224
2503.0,96.0,0.0
2503.0,97.0,0.591169
2503.0,98.0,0.846901
2503.0,99.0,0.647856
2503.0,100.0,0.316278
2503.0,101.0,0.511779
2503.0,102.0,0.828392
2503.0,103.0,0.626447
2503.0,104.0,0.489028
2503.0,105.0,0.674168
2503.0,106.0,0.0
2503.0,107.0,1.0
2503.0,108.0,0.827065
2503.0,109.0,0.455391
2503.0,110.0,0.0
2503.0,111.0,0.246588
2503.0,112.0,1.0
2503.0,113.0,0.337468
2503.0,114.0,0.577898
2503.0,115.0,0.594564
2503.0,116.0,1.0
2503.0,117.0,0.758559
2503.0,118.0,0.130248
2503.0,119.0,0.323498
2503.0,120.0,0.579414
2503.0,121.0,0.387145
2503.0,122.0,0.412847
2503.0,123.0,0.532864
2503.0,124.0,0.552705
2503.0,125.0,0.556009
2503.0,126.0,0.445965
2504.0,0.0,0.441192
2504.0,1.0,0.482045
2504.0,2.0,0.209186
2504.0,3.0,3.2e-05
2504.0,4.0,0.309942
2504.0,5.0,0.361553
2504.0,6.0,1.0
2504.0,7.0,0.183231
2504.0,8.0,0.392648
2504.0,9.0,0.29927
2504.0,10.0,0.218798
2504.0,11.0,0.76057
2504.0,12.0,0.0
2504.0,13.0,0.999902
2504.0,14.0,0.794096
2504.0,15.0,0.924383
2504.0,16.0,0.539753
2504.0,17.0,0.994684
2504.0,18.0,0.350927
2504.0,19.0,0.045764
2504.0,20.0,0.36214
2504.0,21.0,0.550194
2504.0,22.0,1.0
2504.0,23.0,0.619118
2504.0,24.0,0.324617
2504.0,25.0,1.0
2504.0,26.0,1.0
2504.0,27.0,0.27131
2504.0,28.0,0.474533
2504.0,29.0,0.714119
2504.0,30.0,0.408492
2504.0,31.0,0.502042
2504.0,32.0,0.350972
2504.0,33.0,0.423859
2504.0,34.0,0.144579
2504.0,35.0,0.0
2504.0,36.0,0.804977
2504.0,37.0,0.67273
2504.0,38.0,0.709304
2504.0,39.0,0.464764
2504.0,40.0,0.414972
2504.0,41.0,0.636652
2504.0,42.0,0.377554
2504.0,43.0,0.49028
2504.0,44.0,0.498399
2504.0,45.0,0.709298
2504.0,46.0,0.516759
2504.0,47.0,0.0
2504.0,48.0,1.0
2504.0,49.0,0.342883
2504.0,50.0,0.305841
2504.0,51.0,0.0
2504.0,52.0,0.571041
2504.0,53.0,1.0
2504.0,54.0,0.0
2504.0,55.0,0.211991
2504.0,56.0,0.73722
2504.0,57.0,0.451771
2504.0,58.0,1.0
2504.0,59.0,0.323663
2504.0,60.0,0.42182
2504.0,61.0,0.00197
2504.0,62.0,0.0
2504.0,63.0,0.683382
2504.0,64.0,0.51743
2504.0,65.0,0.345992
2504.0,66.0,0.247996
2504.0,67.0,1.0
2504.0,68.0,0.0
2504.0,69.0,0.372696
2504.0,70.0,1.0
2504.0,71.0,0.850939
2504.0,72.0,0.666657
2504.0,73.0,0.257327
2504.0,74.0,0.937336
2504.0,75.0,0.724008
2504.0,76.0,0.504112
2504.0,77.0,0.176212
2504.0,78.0,1.0
2504.0,79.0,0.999918
2504.0,80.0,0.479667
2504.0,81.0,0.781382
2504.0,82.0,0.013827
2504.0,83.0,0.510638
2504.0,84.0,0.316164
2504.0,85.0,0.709765
2504.0,86.0,0.621535
2504.0,87.0,0.810178
2504.0,88.0,0.0
2504.0,89.0,1.0
2504.0,90.0,0.391583
2504.0,91.0,0.927606
2504.0,92.0,0.668896
2504.0,93.0,0.842697
2504.0,94.0,0.493374
2504.0,95.0,0.411921
2504.0,96.0,0.0
2504.0,97.0,0.660368
2504.0,98.0,0.852914
2504.0,99.0,0.676894
2504.0,100.0,0.320177
2504.0,101.0,0.578973
2504.0,102.0,0.830208
2504.0,103.0,0.629943
2504.0,104.0,0.490745
2504.0,105.0,0.680991
2504.0,106.0,0.0
2504.0,107.0,1.0
2504.0,108.0,0.839934
2504.0,109.0,0.470672
2504.0,110.0,0.0
2504.0,111.0,0.250524
2504.0,112.0,1.0
2504.0,113.0,0.382514
2504.0,114.0,0.660865
2504.0,115.0,0.600972
2504.0,116.0,1.0
2504.0,117.0,0.761391
2504.0,118.0,0.131659
2504.0,119.0,0.342304
2504.0,120.0,0.58503
2504.0,121.0,0.399052
2504.0,122.0,0.422639
2504.0,123.0,0.545934
2504.0,124.0,0.579481
2504.0,125.0,0.572479
2504.0,126.0,0.465376
2505.0,0.0,0.444005
2505.0,1.0,0.511922
2505.0,2.0,0.235373
2505.0,3.0,3.1e-05
2505.0,4.0,0.322321
2505.0,5.0,0.37114
2505.0,6.0,1.0
2505.0,7.0,0.189196
2505.0,8.0,0.398136
2505.0,9.0,0.314253
2505.0,10.0,0.219555
2505.0,11.0,0.766709
2505.0,12.0,0.0
2505.0,13.0,0.999929
2505.0,14.0,0.797583
2505.0,15.0,0.929655
2505.0,16.0,0.54238
2505.0,17.0,0.994795
2505.0,18.0,0.357244
2505.0,19.0,0.046689
2505.0,20.0,0.381495
2505.0,21.0,0.610746
2505.0,22.0,1.0
2505.0,23.0,0.619749
2505.0,24.0,0.333451
2505.0,25.0,1.0
2505.0,26.0,1.0
2505.0,27.0,0.280766
2505.0,28.0,0.508075
2505.0,29.0,0.736435
2505.0,30.0,0.432702
2505.0,31.0,0.507641
2505.0,32.0,0.355623
2505.0,33.0,0.429615
2505.0,34.0,0.190107
2505.0,35.0,0.0
2505.0,36.0,0.80738
2505.0,37.0,0.672574
2505.0,38.0,0.726116
2505.0,39.0,0.51665
2505.0,40.0,0.419821
2505.0,41.0,0.643989
2505.0,42.0,0.386344
2505.0,43.0,0.495438
2505.0,44.0,0.5208
2505.0,45.0,0.717008
2505.0,46.0,0.528853
2505.0,47.0,0.0
2505.0,48.0,1.0
2505.0,49.0,0.365131
2505.0,50.0,0.307656
2505.0,51.0,0.0
2505.0,52.0,0.578298
2505.0,53.0,1.0
2505.0,54.0,0.0
2505.0,55.0,0.243336
2505.0,56.0,0.745716
2505.0,57.0,0.476976
2505.0,58.0,1.0
2505.0,59.0,0.326692
2505.0,60.0,0.444737
2505.0,61.0,0.002243
2505.0,62.0,0.0
2505.0,63.0,0.719409
2505.0,64.0,0.5325
2505.0,65.0,0.366381
2505.0,66.0,0.248941
2505.0,67.0,1.0
2505.0,68.0,0.0
2505.0,69.0,0.37678
2505.0,70.0,1.0
2505.0,71.0,0.866193
2505.0,72.0,0.681061
2505.0,73.0,0.266902
2505.0,74.0,0.939647
2505.0,75.0,0.738833
2505.0,76.0,0.506332
2505.0,77.0,0.178445
2505.0,78.0,1.0
2505.0,79.0,0.999914
2505.0,80.0,0.505218
2505.0,81.0,0.787145
2505.0,82.0,0.014594
2505.0,83.0,0.527933
2505.0,84.0,0.321777
2505.0,85.0,0.720226
2505.0,86.0,0.630626
2505.0,87.0,0.816557
2505.0,88.0,0.0
2505.0,89.0,1.0
2505.0,90.0,0.409412
2505.0,91.0,0.940109
2505.0,92.0,0.674991
2505.0,93.0,0.851495
2505.0,94.0,0.494028
2505.0,95.0,0.414906
2505.0,96.0,0.0
2505.0,97.0,0.717501
2505.0,98.0,0.857093
2505.0,99.0,0.703029
2505.0,100.0,0.324738
2505.0,101.0,0.648268
2505.0,102.0,0.830798
2505.0,103.0,0.63453
2505.0,104.0,0.492046
2505.0,105.0,0.687992
2505.0,106.0,0.0
2505.0,107.0,1.0
2505.0,108.0,0.852308
2505.0,109.0,0.486504
2505.0,110.0,0.0
2505.0,111.0,0.255062
2505.0,112.0,1.0
2505.0,113.0,0.42759
2505.0,114.0,0.733079
2505.0,115.0,0.604903
2505.0,116.0,1.0
2505.0,117.0,0.764059
2505.0,118.0,0.13353
2505.0,119.0,0.36151
2505.0,120.0,0.591926
2505.0,121.0,0.409773
2505.0,122.0,0.43284
2505.0,123.0,0.557088
2505.0,124.0,0.603708
2505.0,125.0,0.587028
2505.0,126.0,0.484689
2506.0,0.0,0.440983
2506.0,1.0,0.477488
2506.0,2.0,0.205201
2506.0,3.0,2.9e-05
2506.0,4.0,0.308904
2506.0,5.0,0.361063
2506.0,6.0,1.0
2506.0,7.0,0.182141
2506.0,8.0,0.392026
2506.0,9.0,0.297917
2506.0,10.0,0.218118
2506.0,11.0,0.759155
2506.0,12.0,0.0
2506.0,13.0,0.999904
2506.0,14.0,0.794756
2506.0,15.0,0.923219
2506.0,16.0,0.539254
2506.0,17.0,0.994373
2506.0,18.0,0.349595
2506.0,19.0,0.045973
2506.0,20.0,0.356543
2506.0,21.0,0.524636
2506.0,22.0,1.0
2506.0,23.0,0.620318
2506.0,24.0,0.323936
2506.0,25.0,1.0
2506.0,26.0,1.0
2506.0,27.0,0.270634
2506.0,28.0,0.464578
2506.0,29.0,0.710558
2506.0,30.0,0.404745
2506.0,31.0,0.500953
2506.0,32.0,0.349728
2506.0,33.0,0.423287
2506.0,34.0,0.13792
2506.0,35.0,0.0
2506.0,36.0,0.805365
2506.0,37.0,0.672206
2506.0,38.0,0.706912
2506.0,39.0,0.453481
2506.0,40.0,0.415397
2506.0,41.0,0.637353
2506.0,42.0,0.375846
2506.0,43.0,0.488442
2506.0,44.0,0.493996
2506.0,45.0,0.707128
2506.0,46.0,0.515331
2506.0,47.0,0.0
2506.0,48.0,1.0
2506.0,49.0,0.335369
2506.0,50.0,0.304488
2506.0,51.0,0.0
2506.0,52.0,0.572454
2506.0,53.0,1.0
2506.0,54.0,0.0
2506.0,55.0,0.207682
2506.0,56.0,0.737367
2506.0,57.0,0.443684
2506.0,58.0,1.0
2506.0,59.0,0.32271
2506.0,60.0,0.416346
2506.0,61.0,0.001908
2506.0,62.0,0.0
2506.0,63.0,0.675783
2506.0,64.0,0.514537
2506.0,65.0,0.339617
2506.0,66.0,0.247052
2506.0,67.0,1.0
2506.0,68.0,0.0
2506.0,69.0,0.37148
2506.0,70.0,1.0
2506.0,71.0,0.845091
2506.0,72.0,0.662962
2506.0,73.0,0.25618
2506.0,74.0,0.93741
2506.0,75.0,0.720377
2506.0,76.0,0.504892
2506.0,77.0,0.17543
2506.0,78.0,1.0
2506.0,79.0,0.99992
2506.0,80.0,0.469221
2506.0,81.0,0.780082
2506.0,82.0,0.013604
2506.0,83.0,0.506647
2506.0,84.0,0.315349
2506.0,85.0,0.708431
2506.0,86.0,0.620415
2506.0,87.0,0.809829
2506.0,88.0,0.0
2506.0,89.0,1.0
2506.0,90.0,0.389039
2506.0,91.0,0.925847
2506.0,92.0,0.669136
2506.0,93.0,0.843094
2506.0,94.0,0.495275
2506.0,95.0,0.410134
2506.0,96.0,0.0
2506.0,97.0,0.613018
2506.0,98.0,0.852242
2506.0,99.0,0.667816
2506.0,100.0,0.319406
2506.0,101.0,0.564077
2506.0,102.0,0.828971
2506.0,103.0,0.628475
2506.0,104.0,0.490957
2506.0,105.0,0.679921
2506.0,106.0,0.0
2506.0,107.0,1.0
2506.0,108.0,0.837598
2506.0,109.0,0.46808
2506.0,110.0,0.0
2506.0,111.0,0.250352
2506.0,112.0,1.0
2506.0,113.0,0.372988
2506.0,114.0,0.624548
2506.0,115.0,0.598599
2506.0,116.0,1.0
2506.0,117.0,0.760575
2506.0,118.0,0.131992
2506.0,119.0,0.337282
2506.0,120.0,0.58353
2506.0,121.0,0.396167
2506.0,122.0,0.421745
2506.0,123.0,0.54372
2506.0,124.0,0.57136
2506.0,125.0,0.568699
2506.0,126.0,0.461833
2507.0,0.0,0.438423
2507.0,1.0,0.447144
2507.0,2.0,0.179098
2507.0,3.0,3.6e-05
2507.0,4.0,0.29588
2507.0,5.0,0.350721
2507.0,6.0,1.0
2507.0,7.0,0.174727
2507.0,8.0,0.384569
2507.0,9.0,0.282924
2507.0,10.0,0.21612
2507.0,11.0,0.753303
2507.0,12.0,0.0
2507.0,13.0,0.999869
2507.0,14.0,0.792843
2507.0,15.0,0.915963
2507.0,16.0,0.5341
2507.0,17.0,0.993948
2507.0,18.0,0.342882
2507.0,19.0,0.044788
2507.0,20.0,0.334267
2507.0,21.0,0.450725
2507.0,22.0,1.0
2507.0,23.0,0.619764
2507.0,24.0,0.314932
2507.0,25.0,1.0
2507.0,26.0,1.0
2507.0,27.0,0.261043
2507.0,28.0,0.424512
2507.0,29.0,0.684024
2507.0,30.0,0.379777
2507.0,31.0,0.495045
2507.0,32.0,0.344731
2507.0,33.0,0.41653
2507.0,34.0,0.099645
2507.0,35.0,0.0
2507.0,36.0,0.803546
2507.0,37.0,0.672163
2507.0,38.0,0.687708
2507.0,39.0,0.396425
2507.0,40.0,0.41052
2507.0,41.0,0.630494
2507.0,42.0,0.365117
2507.0,43.0,0.481608
2507.0,44.0,0.467583
2507.0,45.0,0.69846
2507.0,46.0,0.502288
2507.0,47.0,0.0
2507.0,48.0,1.0
2507.0,49.0,0.310037
2507.0,50.0,0.301373
2507.0,51.0,0.0
2507.0,52.0,0.566699
2507.0,53.0,1.0
2507.0,54.0,0.0
2507.0,55.0,0.175234
2507.0,56.0,0.728724
2507.0,57.0,0.41204
2507.0,58.0,1.0
2507.0,59.0,0.318592
2507.0,60.0,0.390535
2507.0,61.0,0.001661
2507.0,62.0,0.0
2507.0,63.0,0.631364
2507.0,64.0,0.499417
2507.0,65.0,0.315953
2507.0,66.0,0.246841
2507.0,67.0,1.0
2507.0,68.0,0.0
2507.0,69.0,0.367968
2507.0,70.0,1.0
2507.0,71.0,0.822721
2507.0,72.0,0.644931
2507.0,73.0,0.246861
2507.0,74.0,0.935635
2507.0,75.0,0.70241
2507.0,76.0,0.502578
2507.0,77.0,0.172798
2507.0,78.0,1.0
2507.0,79.0,0.999937
2507.0,80.0,0.43637
2507.0,81.0,0.771997
2507.0,82.0,0.012296
2507.0,83.0,0.485969
2507.0,84.0,0.311185
2507.0,85.0,0.697296
2507.0,86.0,0.610481
2507.0,87.0,0.80284
2507.0,88.0,0.0
2507.0,89.0,1.0
2507.0,90.0,0.369205
2507.0,91.0,0.909567
2507.0,92.0,0.663548
2507.0,93.0,0.833817
2507.0,94.0,0.496628
2507.0,95.0,0.40456
2507.0,96.0,0.0
2507.0,97.0,0.519188
2507.0,98.0,0.847573
2507.0,99.0,0.632109
2507.0,100.0,0.316268
2507.0,101.0,0.49292
2507.0,102.0,0.828036
2507.0,103.0,0.623188
2507.0,104.0,0.488927
2507.0,105.0,0.671422
2507.0,106.0,0.0
2507.0,107.0,1.0
2507.0,108.0,0.822694
2507.0,109.0,0.450485
2507.0,110.0,0.0
2507.0,111.0,0.246349
2507.0,112.0,1.0
2507.0,113.0,0.324579
2507.0,114.0,0.522333
2507.0,115.0,0.592923
2507.0,116.0,1.0
2507.0,117.0,0.757129
2507.0,118.0,0.130122
2507.0,119.0,0.316836
2507.0,120.0,0.577043
2507.0,121.0,0.384502
2507.0,122.0,0.410698
2507.0,123.0,0.529717
2507.0,124.0,0.540442
2507.0,125.0,0.552227
2507.0,126.0,0.441541
2508.0,0.0,0.435279
2508.0,1.0,0.417895
2508.0,2.0,0.155544
2508.0,3.0,5.7e-05
2508.0,4.0,0.28508
2508.0,5.0,0.341387
2508.0,6.0,1.0
2508.0,7.0,0.167176
2508.0,8.0,0.376456
2508.0,9.0,0.269088
2508.0,10.0,0.214509
2508.0,11.0,0.74652
2508.0,12.0,0.0
2508.0,13.0,0.999842
2508.0,14.0,0.789399
2508.0,15.0,0.909042
2508.0,16.0,0.530128
2508.0,17.0,0.993633
2508.0,18.0,0.335532
2508.0,19.0,0.043996
2508.0,20.0,0.315287
2508.0,21.0,0.386187
2508.0,22.0,1.0
2508.0,23.0,0.618969
2508.0,24.0,0.306101
2508.0,25.0,1.0
2508.0,26.0,1.0
2508.0,27.0,0.25182
2508.0,28.0,0.388193
2508.0,29.0,0.657652
2508.0,30.0,0.357109
2508.0,31.0,0.490577
2508.0,32.0,0.339036
2508.0,33.0,0.409331
2508.0,34.0,0.071667
2508.0,35.0,0.0
2508.0,36.0,0.801866
2508.0,37.0,0.67222
2508.0,38.0,0.668222
2508.0,39.0,0.343419
2508.0,40.0,0.406429
2508.0,41.0,0.62475
2508.0,42.0,0.355317
2508.0,43.0,0.474285
2508.0,44.0,0.443533
2508.0,45.0,0.688926
2508.0,46.0,0.489458
2508.0,47.0,0.0
2508.0,48.0,1.0
2508.0,49.0,0.28762
2508.0,50.0,0.298788
2508.0,51.0,0.0
2508.0,52.0,0.561821
2508.0,53.0,1.0
2508.0,54.0,0.0
2508.0,55.0,0.146484
2508.0,56.0,0.719704
2508.0,57.0,0.383012
2508.0,58.0,1.0
2508.0,59.0,0.314535
2508.0,60.0,0.366118
2508.0,61.0,0.001488
2508.0,62.0,0.0
2508.0,63.0,0.585825
2508.0,64.0,0.486474
2508.0,65.0,0.29567
2508.0,66.0,0.245323
2508.0,67.0,1.0
2508.0,68.0,0.0
2508.0,69.0,0.363946
2508.0,70.0,1.0
2508.0,71.0,0.797915
2508.0,72.0,0.626782
2508.0,73.0,0.237992
2508.0,74.0,0.933761
2508.0,75.0,0.684223
2508.0,76.0,0.500192
2508.0,77.0,0.170399
2508.0,78.0,1.0
2508.0,79.0,0.999943
2508.0,80.0,0.407891
2508.0,81.0,0.764799
2508.0,82.0,0.011272
2508.0,83.0,0.466597
2508.0,84.0,0.306202
2508.0,85.0,0.68628
2508.0,86.0,0.600235
2508.0,87.0,0.795208
2508.0,88.0,0.0
2508.0,89.0,1.0
2508.0,90.0,0.351272
2508.0,91.0,0.890339
2508.0,92.0,0.657911
2508.0,93.0,0.823871
2508.0,94.0,0.496452
2508.0,95.0,0.399031
2508.0,96.0,0.0
2508.0,97.0,0.439159
2508.0,98.0,0.842903
2508.0,99.0,0.598529
2508.0,100.0,0.311886
2508.0,101.0,0.433104
2508.0,102.0,0.826582
2508.0,103.0,0.616535
2508.0,104.0,0.487336
2508.0,105.0,0.662284
2508.0,106.0,0.0
2508.0,107.0,1.0
2508.0,108.0,0.806704
2508.0,109.0,0.432984
2508.0,110.0,0.0
2508.0,111.0,0.24213
2508.0,112.0,1.0
2508.0,113.0,0.280906
2508.0,114.0,0.433025
2508.0,115.0,0.587818
2508.0,116.0,1.0
2508.0,117.0,0.753446
2508.0,118.0,0.127952
2508.0,119.0,0.297645
2508.0,120.0,0.570766
2508.0,121.0,0.373207
2508.0,122.0,0.399331
2508.0,123.0,0.5168
2508.0,124.0,0.511507
2508.0,125.0,0.534912
2508.0,126.0,0.420616
2509.0,0.0,0.433183
2509.0,1.0,0.391733
2509.0,2.0,0.136023
2509.0,3.0,7.0e-05
2509.0,4.0,0.27488
2509.0,5.0,0.333071
2509.0,6.0,1.0
2509.0,7.0,0.16195
2509.0,8.0,0.368988
2509.0,9.0,0.255821
2509.0,10.0,0.212661
2509.0,11.0,0.740798
2509.0,12.0,0.0
2509.0,13.0,0.99982
2509.0,14.0,0.786282
2509.0,15.0,0.901038
2509.0,16.0,0.526663
2509.0,17.0,0.993301
2509.0,18.0,0.329721
2509.0,19.0,0.043328
2509.0,20.0,0.29633
2509.0,21.0,0.330379
2509.0,22.0,1.0
2509.0,23.0,0.617622
2509.0,24.0,0.296703
2509.0,25.0,1.0
2509.0,26.0,1.0
2509.0,27.0,0.24378
2509.0,28.0,0.355237
2509.0,29.0,0.632049
2509.0,30.0,0.33666
2509.0,31.0,0.485092
2509.0,32.0,0.334628
2509.0,33.0,0.401645
2509.0,34.0,0.051322
2509.0,35.0,0.0
2509.0,36.0,0.80007
2509.0,37.0,0.671511
2509.0,38.0,0.646556
2509.0,39.0,0.296192
2509.0,40.0,0.402619
2509.0,41.0,0.61916
2509.0,42.0,0.347124
2509.0,43.0,0.468044
2509.0,44.0,0.420717
2509.0,45.0,0.67983
2509.0,46.0,0.477657
2509.0,47.0,0.0
2509.0,48.0,1.0
2509.0,49.0,0.268295
2509.0,50.0,0.296139
2509.0,51.0,0.0
2509.0,52.0,0.556332
2509.0,53.0,1.0
2509.0,54.0,0.0
2509.0,55.0,0.121826
2509.0,56.0,0.71213
2509.0,57.0,0.355514
2509.0,58.0,1.0
2509.0,59.0,0.310582
2509.0,60.0,0.343773
2509.0,61.0,0.001282
2509.0,62.0,0.0
2509.0,63.0,0.541103
2509.0,64.0,0.476438
2509.0,65.0,0.276372
2509.0,66.0,0.244765
2509.0,67.0,1.0
2509.0,68.0,0.0
2509.0,69.0,0.361447
2509.0,70.0,1.0
2509.0,71.0,0.771316
2509.0,72.0,0.608832
2509.0,73.0,0.229584
2509.0,74.0,0.931684
2509.0,75.0,0.666771
2509.0,76.0,0.496597
2509.0,77.0,0.168329
2509.0,78.0,1.0
2509.0,79.0,0.999941
2509.0,80.0,0.382235
2509.0,81.0,0.757729
2509.0,82.0,0.010385
2509.0,83.0,0.449479
2509.0,84.0,0.300725
2509.0,85.0,0.675532
2509.0,86.0,0.590276
2509.0,87.0,0.787107
2509.0,88.0,0.0
2509.0,89.0,1.0
2509.0,90.0,0.336124
2509.0,91.0,0.868854
2509.0,92.0,0.65106
2509.0,93.0,0.813503
2509.0,94.0,0.494099
2509.0,95.0,0.393339
2509.0,96.0,0.0
2509.0,97.0,0.372074
2509.0,98.0,0.839308
2509.0,99.0,0.565225
2509.0,100.0,0.307459
2509.0,101.0,0.384366
2509.0,102.0,0.824571
2509.0,103.0,0.610948
2509.0,104.0,0.484662
2509.0,105.0,0.651814
2509.0,106.0,0.0
2509.0,107.0,1.0
2509.0,108.0,0.790839
2509.0,109.0,0.417567
2509.0,110.0,0.0
2509.0,111.0,0.237985
2509.0,112.0,1.0
2509.0,113.0,0.243608
2509.0,114.0,0.358983
2509.0,115.0,0.582919
2509.0,116.0,1.0
2509.0,117.0,0.749194
2509.0,118.0,0.125615
2509.0,119.0,0.280328
2509.0,120.0,0.56563
2509.0,121.0,0.362878
2509.0,122.0,0.389138
2509.0,123.0,0.504549
2509.0,124.0,0.484003
2509.0,125.0,0.517269
2509.0,126.0,0.400492
2510.0,0.0,0.429691
2510.0,1.0,0.367788
2510.0,2.0,0.118666
2510.0,3.0,6.5e-05
2510.0,4.0,0.264675
2510.0,5.0,0.324621
2510.0,6.0,1.0
2510.0,7.0,0.156309
2510.0,8.0,0.360886
2510.0,9.0,0.242105
2510.0,10.0,0.210264
2510.0,11.0,0.734177
2510.0,12.0,0.0
2510.0,13.0,0.999764
2510.0,14.0,0.783001
2510.0,15.0,0.893461
2510.0,16.0,0.522706
2510.0,17.0,0.99289
2510.0,18.0,0.323038
2510.0,19.0,0.04284
2510.0,20.0,0.279807
2510.0,21.0,0.28365
2510.0,22.0,1.0
2510.0,23.0,0.616677
2510.0,24.0,0.287987
2510.0,25.0,1.0
2510.0,26.0,1.0
2510.0,27.0,0.2358
2510.0,28.0,0.324547
2510.0,29.0,0.609295
2510.0,30.0,0.317115
2510.0,31.0,0.480171
2510.0,32.0,0.330772
2510.0,33.0,0.39564
2510.0,34.0,0.036689
2510.0,35.0,0.0
2510.0,36.0,0.797558
2510.0,37.0,0.672643
2510.0,38.0,0.625462
2510.0,39.0,0.254923
2510.0,40.0,0.398087
2510.0,41.0,0.612496
2510.0,42.0,0.338727
2510.0,43.0,0.462386
2510.0,44.0,0.399412
2510.0,45.0,0.670982
2510.0,46.0,0.465276
2510.0,47.0,0.0
2510.0,48.0,1.0
2510.0,49.0,0.251656
2510.0,50.0,0.293717
2510.0,51.0,0.0
2510.0,52.0,0.549676
2510.0,53.0,1.0
2510.0,54.0,0.0
2510.0,55.0,0.101105
2510.0,56.0,0.704041
2510.0,57.0,0.33066
2510.0,58.0,1.0
2510.0,59.0,0.306155
2510.0,60.0,0.322681
2510.0,61.0,0.001213
2510.0,62.0,0.0
2510.0,63.0,0.497494
2510.0,64.0,0.467885
2510.0,65.0,0.259023
2510.0,66.0,0.243251
2510.0,67.0,1.0
2510.0,68.0,0.0
2510.0,69.0,0.358481
2510.0,70.0,1.0
2510.0,71.0,0.743496
2510.0,72.0,0.5911
2510.0,73.0,0.222511
2510.0,74.0,0.9292
2510.0,75.0,0.648273
2510.0,76.0,0.491697
2510.0,77.0,0.165954
2510.0,78.0,1.0
2510.0,79.0,0.999944
2510.0,80.0,0.358179
2510.0,81.0,0.750114
2510.0,82.0,0.009736
2510.0,83.0,0.431885
2510.0,84.0,0.295294
2510.0,85.0,0.664188
2510.0,86.0,0.579539
2510.0,87.0,0.779999
2510.0,88.0,0.0
2510.0,89.0,1.0
2510.0,90.0,0.322361
2510.0,91.0,0.8454
2510.0,92.0,0.644332
2510.0,93.0,0.803518
2510.0,94.0,0.493103
2510.0,95.0,0.387896
2510.0,96.0,0.0
2510.0,97.0,0.317666
2510.0,98.0,0.836006
2510.0,99.0,0.532874
2510.0,100.0,0.303601
2510.0,101.0,0.343151
2510.0,102.0,0.822689
2510.0,103.0,0.605019
2510.0,104.0,0.483368
2510.0,105.0,0.642383
2510.0,106.0,0.0
2510.0,107.0,1.0
2510.0,108.0,0.774238
2510.0,109.0,0.402875
2510.0,110.0,0.0
2510.0,111.0,0.235127
2510.0,112.0,1.0
2510.0,113.0,0.210482
2510.0,114.0,0.299817
2510.0,115.0,0.576903
2510.0,116.0,1.0
2510.0,117.0,0.745386
2510.0,118.0,0.123146
2510.0,119.0,0.264618
2510.0,120.0,0.559825
2510.0,121.0,0.351868
2510.0,122.0,0.379978
2510.0,123.0,0.492266
2510.0,124.0,0.45735
2510.0,125.0,0.500959
2510.0,126.0,0.381042
