FREQUENCIES 
Gen,mut_id,mut_freq
1.0,0.0,0.5
1.0,1.0,0.5
1.0,2.0,0.5
1.0,3.0,0.5
1.0,4.0,0.5
1.0,5.0,0.5
1.0,6.0,0.5
1.0,7.0,0.5
1.0,8.0,0.5
1.0,9.0,0.5
1.0,10.0,0.5
1.0,11.0,0.5
1.0,12.0,0.5
1.0,13.0,0.5
1.0,14.0,0.5
1.0,15.0,0.5
1.0,16.0,0.5
1.0,17.0,0.5
1.0,18.0,0.5
1.0,19.0,0.5
1.0,20.0,0.5
1.0,21.0,0.5
1.0,22.0,0.5
1.0,23.0,0.5
1.0,24.0,0.5
1.0,25.0,0.5
1.0,26.0,0.5
1.0,27.0,0.5
1.0,28.0,0.5
1.0,29.0,0.5
1.0,30.0,0.5
1.0,31.0,0.5
1.0,32.0,0.5
1.0,33.0,0.5
1.0,34.0,0.5
1.0,35.0,0.5
1.0,36.0,0.5
1.0,37.0,0.5
1.0,38.0,0.5
1.0,39.0,0.5
1.0,40.0,0.5
1.0,41.0,0.5
1.0,42.0,0.5
1.0,43.0,0.5
1.0,44.0,0.5
1.0,45.0,0.5
1.0,46.0,0.5
1.0,47.0,0.5
1.0,48.0,0.5
1.0,49.0,0.5
1.0,50.0,0.5
1.0,51.0,0.5
1.0,52.0,0.5
1.0,53.0,0.5
1.0,54.0,0.5
1.0,55.0,0.5
1.0,56.0,0.5
1.0,57.0,0.5
1.0,58.0,0.5
1.0,59.0,0.5
1.0,60.0,0.5
1.0,61.0,0.5
1.0,62.0,0.5
1.0,63.0,0.5
1.0,64.0,0.5
1.0,65.0,0.5
1.0,66.0,0.5
1.0,67.0,0.5
1.0,68.0,0.5
1.0,69.0,0.5
1.0,70.0,0.5
1.0,71.0,0.5
1.0,72.0,0.5
1.0,73.0,0.5
1.0,74.0,0.5
1.0,75.0,0.5
1.0,76.0,0.5
1.0,77.0,0.5
1.0,78.0,0.5
1.0,79.0,0.5
1.0,80.0,0.5
1.0,81.0,0.5
1.0,82.0,0.5
1.0,83.0,0.5
1.0,84.0,0.5
1.0,85.0,0.5
1.0,86.0,0.5
1.0,87.0,0.5
1.0,88.0,0.5
1.0,89.0,0.5
1.0,90.0,0.5
1.0,91.0,0.5
1.0,92.0,0.5
1.0,93.0,0.5
1.0,94.0,0.5
1.0,95.0,0.5
1.0,96.0,0.5
1.0,97.0,0.5
1.0,98.0,0.5
1.0,99.0,0.5
1.0,100.0,0.5
1.0,101.0,0.5
1.0,102.0,0.5
1.0,103.0,0.5
1.0,104.0,0.5
1.0,105.0,0.5
1.0,106.0,0.5
1.0,107.0,0.5
1.0,108.0,0.5
1.0,109.0,0.5
1.0,110.0,0.5
1.0,111.0,0.5
1.0,112.0,0.5
1.0,113.0,0.5
1.0,114.0,0.5
1.0,115.0,0.5
1.0,116.0,0.5
1.0,117.0,0.5
1.0,118.0,0.5
1.0,119.0,0.5
1.0,120.0,0.5
1.0,121.0,0.5
1.0,122.0,0.5
1.0,123.0,0.5
1.0,124.0,0.5
1.0,125.0,0.5
1.0,126.0,0.5
2500.0,0.0,1.0
2500.0,1.0,0.114847
2500.0,2.0,0.825976
2500.0,3.0,0.0
2500.0,4.0,0.241939
2500.0,5.0,0.0
2500.0,6.0,0.048998
2500.0,7.0,0.152566
2500.0,8.0,0.283705
2500.0,9.0,0.727227
2500.0,10.0,0.819046
2500.0,11.0,0.661074
2500.0,12.0,0.96732
2500.0,13.0,1.0
2500.0,14.0,0.190882
2500.0,15.0,0.0
2500.0,16.0,0.0
2500.0,17.0,0.043552
2500.0,18.0,0.535676
2500.0,19.0,0.596045
2500.0,20.0,0.594575
2500.0,21.0,0.602087
2500.0,22.0,0.429336
2500.0,23.0,0.520932
2500.0,24.0,0.186695
2500.0,25.0,0.555632
2500.0,26.0,0.042617
2500.0,27.0,0.411531
2500.0,28.0,0.570668
2500.0,29.0,0.0
2500.0,30.0,0.134047
2500.0,31.0,0.62606
2500.0,32.0,1.0
2500.0,33.0,0.345622
2500.0,34.0,0.0
2500.0,35.0,0.376921
2500.0,36.0,0.575351
2500.0,37.0,0.0
2500.0,38.0,0.448534
2500.0,39.0,0.953277
2500.0,40.0,0.193501
2500.0,41.0,0.499894
2500.0,42.0,0.536787
2500.0,43.0,0.972174
2500.0,44.0,0.401796
2500.0,45.0,0.782521
2500.0,46.0,1.0
2500.0,47.0,0.553016
2500.0,48.0,0.520935
2500.0,49.0,0.970247
2500.0,50.0,0.384722
2500.0,51.0,0.541983
2500.0,52.0,0.720137
2500.0,53.0,0.608101
2500.0,54.0,0.307044
2500.0,55.0,0.581309
2500.0,56.0,0.517624
2500.0,57.0,0.649103
2500.0,58.0,0.383147
2500.0,59.0,0.698315
2500.0,60.0,0.485203
2500.0,61.0,0.443985
2500.0,62.0,0.353586
2500.0,63.0,0.173005
2500.0,64.0,0.346873
2500.0,65.0,0.028843
2500.0,66.0,0.311667
2500.0,67.0,0.990965
2500.0,68.0,0.0
2500.0,69.0,0.0
2500.0,70.0,0.108768
2500.0,71.0,0.242505
2500.0,72.0,0.998859
2500.0,73.0,0.280195
2500.0,74.0,0.579945
2500.0,75.0,0.904093
2500.0,76.0,0.084901
2500.0,77.0,0.216797
2500.0,78.0,0.289874
2500.0,79.0,0.516803
2500.0,80.0,0.854283
2500.0,81.0,0.357089
2500.0,82.0,0.0
2500.0,83.0,0.748691
2500.0,84.0,0.258687
2500.0,85.0,0.998101
2500.0,86.0,0.745253
2500.0,87.0,0.087811
2500.0,88.0,0.670949
2500.0,89.0,0.42389
2500.0,90.0,0.506238
2500.0,91.0,0.551226
2500.0,92.0,0.088417
2500.0,93.0,0.38966
2500.0,94.0,1.0
2500.0,95.0,0.998416
2500.0,96.0,0.524585
2500.0,97.0,0.088087
2500.0,98.0,0.711599
2500.0,99.0,0.286152
2500.0,100.0,0.691541
2500.0,101.0,0.380506
2500.0,102.0,0.42714
2500.0,103.0,0.331606
2500.0,104.0,0.454061
2500.0,105.0,0.034732
2500.0,106.0,0.75617
2500.0,107.0,0.766429
2500.0,108.0,0.326176
2500.0,109.0,0.463206
2500.0,110.0,0.932951
2500.0,111.0,1.0
2500.0,112.0,0.593601
2500.0,113.0,0.327402
2500.0,114.0,0.852056
2500.0,115.0,0.17526
2500.0,116.0,0.034188
2500.0,117.0,0.434817
2500.0,118.0,0.541897
2500.0,119.0,0.244235
2500.0,120.0,0.457114
2500.0,121.0,0.604088
2500.0,122.0,0.263073
2500.0,123.0,0.680764
2500.0,124.0,0.921683
2500.0,125.0,0.462187
2500.0,126.0,0.166933
2501.0,0.0,1.0
2501.0,1.0,0.123841
2501.0,2.0,0.806166
2501.0,3.0,0.0
2501.0,4.0,0.267883
2501.0,5.0,0.0
2501.0,6.0,0.049594
2501.0,7.0,0.157203
2501.0,8.0,0.288739
2501.0,9.0,0.733427
2501.0,10.0,0.835355
2501.0,11.0,0.671982
2501.0,12.0,0.972398
2501.0,13.0,1.0
2501.0,14.0,0.214958
2501.0,15.0,0.0
2501.0,16.0,0.0
2501.0,17.0,0.043751
2501.0,18.0,0.551393
2501.0,19.0,0.633605
2501.0,20.0,0.600098
2501.0,21.0,0.638431
2501.0,22.0,0.468181
2501.0,23.0,0.525915
2501.0,24.0,0.189278
2501.0,25.0,0.56627
2501.0,26.0,0.055528
2501.0,27.0,0.423312
2501.0,28.0,0.572765
2501.0,29.0,0.0
2501.0,30.0,0.137549
2501.0,31.0,0.640997
2501.0,32.0,1.0
2501.0,33.0,0.357497
2501.0,34.0,0.0
2501.0,35.0,0.413383
2501.0,36.0,0.582826
2501.0,37.0,0.0
2501.0,38.0,0.475263
2501.0,39.0,0.95374
2501.0,40.0,0.206016
2501.0,41.0,0.522116
2501.0,42.0,0.562374
2501.0,43.0,0.972052
2501.0,44.0,0.406685
2501.0,45.0,0.79384
2501.0,46.0,1.0
2501.0,47.0,0.572813
2501.0,48.0,0.539323
2501.0,49.0,0.970225
2501.0,50.0,0.392047
2501.0,51.0,0.54188
2501.0,52.0,0.728984
2501.0,53.0,0.613296
2501.0,54.0,0.315877
2501.0,55.0,0.575501
2501.0,56.0,0.529713
2501.0,57.0,0.660939
2501.0,58.0,0.397287
2501.0,59.0,0.708664
2501.0,60.0,0.528518
2501.0,61.0,0.450455
2501.0,62.0,0.37384
2501.0,63.0,0.210603
2501.0,64.0,0.376457
2501.0,65.0,0.029064
2501.0,66.0,0.35586
2501.0,67.0,0.991017
2501.0,68.0,0.0
2501.0,69.0,0.0
2501.0,70.0,0.110126
2501.0,71.0,0.329469
2501.0,72.0,0.998484
2501.0,73.0,0.345472
2501.0,74.0,0.582388
2501.0,75.0,0.907586
2501.0,76.0,0.096609
2501.0,77.0,0.264194
2501.0,78.0,0.292464
2501.0,79.0,0.534838
2501.0,80.0,0.856269
2501.0,81.0,0.404643
2501.0,82.0,0.0
2501.0,83.0,0.757014
2501.0,84.0,0.391994
2501.0,85.0,0.998134
2501.0,86.0,0.770512
2501.0,87.0,0.089427
2501.0,88.0,0.584965
2501.0,89.0,0.426825
2501.0,90.0,0.533169
2501.0,91.0,0.558584
2501.0,92.0,0.109351
2501.0,93.0,0.421585
2501.0,94.0,1.0
2501.0,95.0,0.998374
2501.0,96.0,0.542285
2501.0,97.0,0.090353
2501.0,98.0,0.717505
2501.0,99.0,0.288896
2501.0,100.0,0.694709
2501.0,101.0,0.386984
2501.0,102.0,0.438354
2501.0,103.0,0.337562
2501.0,104.0,0.458061
2501.0,105.0,0.035217
2501.0,106.0,0.758431
2501.0,107.0,0.771522
2501.0,108.0,0.32809
2501.0,109.0,0.472792
2501.0,110.0,0.93395
2501.0,111.0,1.0
2501.0,112.0,0.494227
2501.0,113.0,0.377422
2501.0,114.0,0.859632
2501.0,115.0,0.178556
2501.0,116.0,0.03414
2501.0,117.0,0.434742
2501.0,118.0,0.545176
2501.0,119.0,0.2423
2501.0,120.0,0.573268
2501.0,121.0,0.610066
2501.0,122.0,0.26665
2501.0,123.0,0.690091
2501.0,124.0,0.934623
2501.0,125.0,0.467681
2501.0,126.0,0.170995
2502.0,0.0,1.0
2502.0,1.0,0.132772
2502.0,2.0,0.787228
2502.0,3.0,0.0
2502.0,4.0,0.292896
2502.0,5.0,0.0
2502.0,6.0,0.049612
2502.0,7.0,0.161645
2502.0,8.0,0.29388
2502.0,9.0,0.739923
2502.0,10.0,0.849953
2502.0,11.0,0.682793
2502.0,12.0,0.976688
2502.0,13.0,1.0
2502.0,14.0,0.23955
2502.0,15.0,0.0
2502.0,16.0,0.0
2502.0,17.0,0.043147
2502.0,18.0,0.565202
2502.0,19.0,0.669967
2502.0,20.0,0.604693
2502.0,21.0,0.669451
2502.0,22.0,0.503965
2502.0,23.0,0.529414
2502.0,24.0,0.191021
2502.0,25.0,0.575618
2502.0,26.0,0.070823
2502.0,27.0,0.431756
2502.0,28.0,0.574984
2502.0,29.0,0.0
2502.0,30.0,0.140346
2502.0,31.0,0.654504
2502.0,32.0,1.0
2502.0,33.0,0.369706
2502.0,34.0,0.0
2502.0,35.0,0.446405
2502.0,36.0,0.589691
2502.0,37.0,0.0
2502.0,38.0,0.500302
2502.0,39.0,0.953961
2502.0,40.0,0.218247
2502.0,41.0,0.543845
2502.0,42.0,0.585677
2502.0,43.0,0.971062
2502.0,44.0,0.411502
2502.0,45.0,0.802795
2502.0,46.0,1.0
2502.0,47.0,0.590358
2502.0,48.0,0.556304
2502.0,49.0,0.969997
2502.0,50.0,0.399735
2502.0,51.0,0.542253
2502.0,52.0,0.739099
2502.0,53.0,0.617734
2502.0,54.0,0.324424
2502.0,55.0,0.569246
2502.0,56.0,0.539798
2502.0,57.0,0.670186
2502.0,58.0,0.410487
2502.0,59.0,0.71958
2502.0,60.0,0.568141
2502.0,61.0,0.457159
2502.0,62.0,0.390811
2502.0,63.0,0.253515
2502.0,64.0,0.405294
2502.0,65.0,0.029219
2502.0,66.0,0.397739
2502.0,67.0,0.991286
2502.0,68.0,0.0
2502.0,69.0,0.0
2502.0,70.0,0.112139
2502.0,71.0,0.413235
2502.0,72.0,0.998128
2502.0,73.0,0.407149
2502.0,74.0,0.584465
2502.0,75.0,0.910908
2502.0,76.0,0.10891
2502.0,77.0,0.312248
2502.0,78.0,0.294384
2502.0,79.0,0.549683
2502.0,80.0,0.857175
2502.0,81.0,0.447917
2502.0,82.0,0.0
2502.0,83.0,0.765302
2502.0,84.0,0.49148
2502.0,85.0,0.99816
2502.0,86.0,0.792661
2502.0,87.0,0.089803
2502.0,88.0,0.524743
2502.0,89.0,0.429273
2502.0,90.0,0.558174
2502.0,91.0,0.566493
2502.0,92.0,0.133324
2502.0,93.0,0.453556
2502.0,94.0,1.0
2502.0,95.0,0.998404
2502.0,96.0,0.557959
2502.0,97.0,0.091881
2502.0,98.0,0.722113
2502.0,99.0,0.292167
2502.0,100.0,0.697465
2502.0,101.0,0.392808
2502.0,102.0,0.449298
2502.0,103.0,0.343863
2502.0,104.0,0.461535
2502.0,105.0,0.035784
2502.0,106.0,0.76214
2502.0,107.0,0.777312
2502.0,108.0,0.329285
2502.0,109.0,0.480975
2502.0,110.0,0.934854
2502.0,111.0,1.0
2502.0,112.0,0.419042
2502.0,113.0,0.422411
2502.0,114.0,0.868616
2502.0,115.0,0.180733
2502.0,116.0,0.033946
2502.0,117.0,0.433752
2502.0,118.0,0.55026
2502.0,119.0,0.241948
2502.0,120.0,0.663575
2502.0,121.0,0.616547
2502.0,122.0,0.268576
2502.0,123.0,0.698337
2502.0,124.0,0.945793
2502.0,125.0,0.472634
2502.0,126.0,0.175343
2503.0,0.0,1.0
2503.0,1.0,0.141138
2503.0,2.0,0.771932
2503.0,3.0,0.0
2503.0,4.0,0.317593
2503.0,5.0,0.0
2503.0,6.0,0.049916
2503.0,7.0,0.166433
2503.0,8.0,0.299359
2503.0,9.0,0.745017
2503.0,10.0,0.862712
2503.0,11.0,0.690916
2503.0,12.0,0.979726
2503.0,13.0,1.0
2503.0,14.0,0.263697
2503.0,15.0,0.0
2503.0,16.0,0.0
2503.0,17.0,0.043047
2503.0,18.0,0.579974
2503.0,19.0,0.703853
2503.0,20.0,0.610073
2503.0,21.0,0.694996
2503.0,22.0,0.539286
2503.0,23.0,0.532787
2503.0,24.0,0.193247
2503.0,25.0,0.585115
2503.0,26.0,0.088438
2503.0,27.0,0.439712
2503.0,28.0,0.576549
2503.0,29.0,0.0
2503.0,30.0,0.142886
2503.0,31.0,0.665563
2503.0,32.0,1.0
2503.0,33.0,0.382549
2503.0,34.0,0.0
2503.0,35.0,0.477366
2503.0,36.0,0.596726
2503.0,37.0,0.0
2503.0,38.0,0.522895
2503.0,39.0,0.954292
2503.0,40.0,0.230648
2503.0,41.0,0.563283
2503.0,42.0,0.607381
2503.0,43.0,0.970791
2503.0,44.0,0.416569
2503.0,45.0,0.811159
2503.0,46.0,1.0
2503.0,47.0,0.60705
2503.0,48.0,0.572517
2503.0,49.0,0.970491
2503.0,50.0,0.406711
2503.0,51.0,0.544135
2503.0,52.0,0.746088
2503.0,53.0,0.621413
2503.0,54.0,0.330994
2503.0,55.0,0.561719
2503.0,56.0,0.549565
2503.0,57.0,0.678588
2503.0,58.0,0.422965
2503.0,59.0,0.72903
2503.0,60.0,0.604043
2503.0,61.0,0.463462
2503.0,62.0,0.406512
2503.0,63.0,0.302397
2503.0,64.0,0.432723
2503.0,65.0,0.029086
2503.0,66.0,0.438206
2503.0,67.0,0.991514
2503.0,68.0,0.0
2503.0,69.0,0.0
2503.0,70.0,0.113717
2503.0,71.0,0.486364
2503.0,72.0,0.997856
2503.0,73.0,0.463256
2503.0,74.0,0.588544
2503.0,75.0,0.91301
2503.0,76.0,0.122388
2503.0,77.0,0.360229
2503.0,78.0,0.296556
2503.0,79.0,0.563761
2503.0,80.0,0.858325
2503.0,81.0,0.486391
2503.0,82.0,0.0
2503.0,83.0,0.772671
2503.0,84.0,0.560585
2503.0,85.0,0.998161
2503.0,86.0,0.81344
2503.0,87.0,0.09072
2503.0,88.0,0.487281
2503.0,89.0,0.430716
2503.0,90.0,0.581172
2503.0,91.0,0.573861
2503.0,92.0,0.161813
2503.0,93.0,0.485004
2503.0,94.0,1.0
2503.0,95.0,0.998445
2503.0,96.0,0.573075
2503.0,97.0,0.092895
2503.0,98.0,0.726868
2503.0,99.0,0.292914
2503.0,100.0,0.700315
2503.0,101.0,0.39664
2503.0,102.0,0.458349
2503.0,103.0,0.350919
2503.0,104.0,0.46398
2503.0,105.0,0.036781
2503.0,106.0,0.764908
2503.0,107.0,0.783988
2503.0,108.0,0.329954
2503.0,109.0,0.489265
2503.0,110.0,0.935547
2503.0,111.0,1.0
2503.0,112.0,0.366692
2503.0,113.0,0.464023
2503.0,114.0,0.879253
2503.0,115.0,0.183728
2503.0,116.0,0.033989
2503.0,117.0,0.432284
2503.0,118.0,0.556844
2503.0,119.0,0.241434
2503.0,120.0,0.733816
2503.0,121.0,0.622376
2503.0,122.0,0.270069
2503.0,123.0,0.705872
2503.0,124.0,0.954356
2503.0,125.0,0.477134
2503.0,126.0,0.179136
2504.0,0.0,1.0
2504.0,1.0,0.150234
2504.0,2.0,0.758341
2504.0,3.0,0.0
2504.0,4.0,0.342016
2504.0,5.0,0.0
2504.0,6.0,0.050687
2504.0,7.0,0.170775
2504.0,8.0,0.304727
2504.0,9.0,0.749344
2504.0,10.0,0.874429
2504.0,11.0,0.698912
2504.0,12.0,0.982654
2504.0,13.0,1.0
2504.0,14.0,0.290453
2504.0,15.0,0.0
2504.0,16.0,0.0
2504.0,17.0,0.043589
2504.0,18.0,0.593938
2504.0,19.0,0.735695
2504.0,20.0,0.614712
2504.0,21.0,0.717394
2504.0,22.0,0.571529
2504.0,23.0,0.535964
2504.0,24.0,0.195839
2504.0,25.0,0.594629
2504.0,26.0,0.109418
2504.0,27.0,0.446336
2504.0,28.0,0.577453
2504.0,29.0,0.0
2504.0,30.0,0.147458
2504.0,31.0,0.677985
2504.0,32.0,1.0
2504.0,33.0,0.392395
2504.0,34.0,0.0
2504.0,35.0,0.505378
2504.0,36.0,0.600741
2504.0,37.0,0.0
2504.0,38.0,0.544066
2504.0,39.0,0.954765
2504.0,40.0,0.243469
2504.0,41.0,0.583082
2504.0,42.0,0.626417
2504.0,43.0,0.970281
2504.0,44.0,0.419278
2504.0,45.0,0.819027
2504.0,46.0,1.0
2504.0,47.0,0.621021
2504.0,48.0,0.587404
2504.0,49.0,0.970868
2504.0,50.0,0.414447
2504.0,51.0,0.546235
2504.0,52.0,0.754278
2504.0,53.0,0.625943
2504.0,54.0,0.337691
2504.0,55.0,0.554279
2504.0,56.0,0.559088
2504.0,57.0,0.687558
2504.0,58.0,0.434297
2504.0,59.0,0.738864
2504.0,60.0,0.638711
2504.0,61.0,0.469783
2504.0,62.0,0.422631
2504.0,63.0,0.356367
2504.0,64.0,0.459295
2504.0,65.0,0.029508
2504.0,66.0,0.477318
2504.0,67.0,0.991663
2504.0,68.0,0.0
2504.0,69.0,0.0
2504.0,70.0,0.114841
2504.0,71.0,0.549029
2504.0,72.0,0.997734
2504.0,73.0,0.513336
2504.0,74.0,0.592718
2504.0,75.0,0.915586
2504.0,76.0,0.136106
2504.0,77.0,0.406105
2504.0,78.0,0.29794
2504.0,79.0,0.577755
2504.0,80.0,0.860127
2504.0,81.0,0.522423
2504.0,82.0,0.0
2504.0,83.0,0.779691
2504.0,84.0,0.607187
2504.0,85.0,0.998062
2504.0,86.0,0.833012
2504.0,87.0,0.091164
2504.0,88.0,0.468189
2504.0,89.0,0.432818
2504.0,90.0,0.602703
2504.0,91.0,0.581025
2504.0,92.0,0.195066
2504.0,93.0,0.516691
2504.0,94.0,1.0
2504.0,95.0,0.99842
2504.0,96.0,0.587938
2504.0,97.0,0.09466
2504.0,98.0,0.732123
2504.0,99.0,0.293792
2504.0,100.0,0.704209
2504.0,101.0,0.400039
2504.0,102.0,0.468727
2504.0,103.0,0.35742
2504.0,104.0,0.466521
2504.0,105.0,0.037853
2504.0,106.0,0.768037
2504.0,107.0,0.790016
2504.0,108.0,0.330501
2504.0,109.0,0.499306
2504.0,110.0,0.93638
2504.0,111.0,1.0
2504.0,112.0,0.332347
2504.0,113.0,0.50244
2504.0,114.0,0.890226
2504.0,115.0,0.186765
2504.0,116.0,0.034373
2504.0,117.0,0.429988
2504.0,118.0,0.565269
2504.0,119.0,0.242455
2504.0,120.0,0.786707
2504.0,121.0,0.626954
2504.0,122.0,0.272707
2504.0,123.0,0.712954
2504.0,124.0,0.961788
2504.0,125.0,0.480853
2504.0,126.0,0.183322
2505.0,0.0,1.0
2505.0,1.0,0.159671
2505.0,2.0,0.747121
2505.0,3.0,0.0
2505.0,4.0,0.365018
2505.0,5.0,0.0
2505.0,6.0,0.052098
2505.0,7.0,0.175661
2505.0,8.0,0.308504
2505.0,9.0,0.753345
2505.0,10.0,0.884637
2505.0,11.0,0.707351
2505.0,12.0,0.985162
2505.0,13.0,1.0
2505.0,14.0,0.318928
2505.0,15.0,0.0
2505.0,16.0,0.0
2505.0,17.0,0.044004
2505.0,18.0,0.607823
2505.0,19.0,0.76595
2505.0,20.0,0.619119
2505.0,21.0,0.736726
2505.0,22.0,0.602683
2505.0,23.0,0.53821
2505.0,24.0,0.197576
2505.0,25.0,0.602713
2505.0,26.0,0.133436
2505.0,27.0,0.453654
2505.0,28.0,0.57981
2505.0,29.0,0.0
2505.0,30.0,0.153982
2505.0,31.0,0.689516
2505.0,32.0,1.0
2505.0,33.0,0.402421
2505.0,34.0,0.0
2505.0,35.0,0.53224
2505.0,36.0,0.605437
2505.0,37.0,0.0
2505.0,38.0,0.564796
2505.0,39.0,0.955132
2505.0,40.0,0.256849
2505.0,41.0,0.602156
2505.0,42.0,0.644304
2505.0,43.0,0.969939
2505.0,44.0,0.423453
2505.0,45.0,0.826795
2505.0,46.0,1.0
2505.0,47.0,0.635391
2505.0,48.0,0.601068
2505.0,49.0,0.971493
2505.0,50.0,0.422438
2505.0,51.0,0.547802
2505.0,52.0,0.761165
2505.0,53.0,0.63004
2505.0,54.0,0.345315
2505.0,55.0,0.547145
2505.0,56.0,0.567483
2505.0,57.0,0.695047
2505.0,58.0,0.444326
2505.0,59.0,0.749474
2505.0,60.0,0.670333
2505.0,61.0,0.477039
2505.0,62.0,0.438056
2505.0,63.0,0.413049
2505.0,64.0,0.48463
2505.0,65.0,0.030474
2505.0,66.0,0.51445
2505.0,67.0,0.992025
2505.0,68.0,0.0
2505.0,69.0,0.0
2505.0,70.0,0.115954
2505.0,71.0,0.600931
2505.0,72.0,0.997584
2505.0,73.0,0.558066
2505.0,74.0,0.597005
2505.0,75.0,0.917613
2505.0,76.0,0.149655
2505.0,77.0,0.448751
2505.0,78.0,0.300153
2505.0,79.0,0.59179
2505.0,80.0,0.862115
2505.0,81.0,0.556017
2505.0,82.0,0.0
2505.0,83.0,0.786878
2505.0,84.0,0.64084
2505.0,85.0,0.998122
2505.0,86.0,0.850375
2505.0,87.0,0.092144
2505.0,88.0,0.460133
2505.0,89.0,0.438602
2505.0,90.0,0.622802
2505.0,91.0,0.587795
2505.0,92.0,0.232426
2505.0,93.0,0.547725
2505.0,94.0,1.0
2505.0,95.0,0.998341
2505.0,96.0,0.601196
2505.0,97.0,0.095683
2505.0,98.0,0.737071
2505.0,99.0,0.29485
2505.0,100.0,0.707259
2505.0,101.0,0.401606
2505.0,102.0,0.479284
2505.0,103.0,0.362891
2505.0,104.0,0.46967
2505.0,105.0,0.038747
2505.0,106.0,0.770579
2505.0,107.0,0.795911
2505.0,108.0,0.331803
2505.0,109.0,0.506532
2505.0,110.0,0.936762
2505.0,111.0,1.0
2505.0,112.0,0.307643
2505.0,113.0,0.536867
2505.0,114.0,0.902002
2505.0,115.0,0.189303
2505.0,116.0,0.034252
2505.0,117.0,0.426862
2505.0,118.0,0.575606
2505.0,119.0,0.243446
2505.0,120.0,0.828273
2505.0,121.0,0.630248
2505.0,122.0,0.274424
2505.0,123.0,0.719689
2505.0,124.0,0.967373
2505.0,125.0,0.4852
2505.0,126.0,0.188585
2506.0,0.0,1.0
2506.0,1.0,0.148172
2506.0,2.0,0.763194
2506.0,3.0,0.0
2506.0,4.0,0.337483
2506.0,5.0,0.0
2506.0,6.0,0.05079
2506.0,7.0,0.171175
2506.0,8.0,0.303308
2506.0,9.0,0.748497
2506.0,10.0,0.873076
2506.0,11.0,0.696836
2506.0,12.0,0.982146
2506.0,13.0,1.0
2506.0,14.0,0.286344
2506.0,15.0,0.0
2506.0,16.0,0.0
2506.0,17.0,0.042988
2506.0,18.0,0.592526
2506.0,19.0,0.732352
2506.0,20.0,0.613539
2506.0,21.0,0.710476
2506.0,22.0,0.561396
2506.0,23.0,0.535028
2506.0,24.0,0.194959
2506.0,25.0,0.592943
2506.0,26.0,0.105321
2506.0,27.0,0.446945
2506.0,28.0,0.577171
2506.0,29.0,0.0
2506.0,30.0,0.151752
2506.0,31.0,0.675641
2506.0,32.0,1.0
2506.0,33.0,0.391037
2506.0,34.0,0.0
2506.0,35.0,0.500669
2506.0,36.0,0.599453
2506.0,37.0,0.0
2506.0,38.0,0.538341
2506.0,39.0,0.954577
2506.0,40.0,0.241865
2506.0,41.0,0.57749
2506.0,42.0,0.620759
2506.0,43.0,0.969984
2506.0,44.0,0.418845
2506.0,45.0,0.817396
2506.0,46.0,1.0
2506.0,47.0,0.618855
2506.0,48.0,0.584068
2506.0,49.0,0.970856
2506.0,50.0,0.412584
2506.0,51.0,0.548643
2506.0,52.0,0.753413
2506.0,53.0,0.624987
2506.0,54.0,0.337483
2506.0,55.0,0.554368
2506.0,56.0,0.555993
2506.0,57.0,0.684873
2506.0,58.0,0.433721
2506.0,59.0,0.739018
2506.0,60.0,0.630089
2506.0,61.0,0.4692
2506.0,62.0,0.420521
2506.0,63.0,0.349608
2506.0,64.0,0.457417
2506.0,65.0,0.030287
2506.0,66.0,0.461245
2506.0,67.0,0.991716
2506.0,68.0,0.0
2506.0,69.0,0.0
2506.0,70.0,0.114072
2506.0,71.0,0.512724
2506.0,72.0,0.997902
2506.0,73.0,0.499137
2506.0,74.0,0.593167
2506.0,75.0,0.914586
2506.0,76.0,0.134225
2506.0,77.0,0.390195
2506.0,78.0,0.297164
2506.0,79.0,0.573787
2506.0,80.0,0.859752
2506.0,81.0,0.506164
2506.0,82.0,0.0
2506.0,83.0,0.778347
2506.0,84.0,0.484412
2506.0,85.0,0.998099
2506.0,86.0,0.829722
2506.0,87.0,0.090189
2506.0,88.0,0.55919
2506.0,89.0,0.433441
2506.0,90.0,0.595789
2506.0,91.0,0.579601
2506.0,92.0,0.18811
2506.0,93.0,0.509845
2506.0,94.0,1.0
2506.0,95.0,0.998229
2506.0,96.0,0.585339
2506.0,97.0,0.094261
2506.0,98.0,0.731494
2506.0,99.0,0.293927
2506.0,100.0,0.703575
2506.0,101.0,0.398504
2506.0,102.0,0.466172
2506.0,103.0,0.357704
2506.0,104.0,0.466529
2506.0,105.0,0.036889
2506.0,106.0,0.767066
2506.0,107.0,0.789261
2506.0,108.0,0.329802
2506.0,109.0,0.497979
2506.0,110.0,0.936469
2506.0,111.0,1.0
2506.0,112.0,0.435675
2506.0,113.0,0.481502
2506.0,114.0,0.890468
2506.0,115.0,0.186531
2506.0,116.0,0.034484
2506.0,117.0,0.431965
2506.0,118.0,0.565388
2506.0,119.0,0.242668
2506.0,120.0,0.768564
2506.0,121.0,0.624234
2506.0,122.0,0.271546
2506.0,123.0,0.713352
2506.0,124.0,0.960493
2506.0,125.0,0.479108
2506.0,126.0,0.182692
2507.0,0.0,1.0
2507.0,1.0,0.138338
2507.0,2.0,0.778884
2507.0,3.0,0.0
2507.0,4.0,0.311399
2507.0,5.0,0.0
2507.0,6.0,0.050573
2507.0,7.0,0.167603
2507.0,8.0,0.29831
2507.0,9.0,0.743635
2507.0,10.0,0.860741
2507.0,11.0,0.686704
2507.0,12.0,0.979168
2507.0,13.0,1.0
2507.0,14.0,0.258321
2507.0,15.0,0.0
2507.0,16.0,0.0
2507.0,17.0,0.042411
2507.0,18.0,0.5784
2507.0,19.0,0.698106
2507.0,20.0,0.607838
2507.0,21.0,0.685411
2507.0,22.0,0.523356
2507.0,23.0,0.531525
2507.0,24.0,0.191719
2507.0,25.0,0.584658
2507.0,26.0,0.084248
2507.0,27.0,0.438742
2507.0,28.0,0.574214
2507.0,29.0,0.0
2507.0,30.0,0.147873
2507.0,31.0,0.66235
2507.0,32.0,1.0
2507.0,33.0,0.379642
2507.0,34.0,0.0
2507.0,35.0,0.469052
2507.0,36.0,0.593518
2507.0,37.0,0.0
2507.0,38.0,0.513887
2507.0,39.0,0.954068
2507.0,40.0,0.228656
2507.0,41.0,0.554668
2507.0,42.0,0.598714
2507.0,43.0,0.970361
2507.0,44.0,0.414845
2507.0,45.0,0.807897
2507.0,46.0,1.0
2507.0,47.0,0.602564
2507.0,48.0,0.56848
2507.0,49.0,0.970442
2507.0,50.0,0.404651
2507.0,51.0,0.547954
2507.0,52.0,0.745606
2507.0,53.0,0.619672
2507.0,54.0,0.329289
2507.0,55.0,0.561384
2507.0,56.0,0.547515
2507.0,57.0,0.675462
2507.0,58.0,0.421016
2507.0,59.0,0.727528
2507.0,60.0,0.590891
2507.0,61.0,0.462122
2507.0,62.0,0.403432
2507.0,63.0,0.293949
2507.0,64.0,0.430272
2507.0,65.0,0.029738
2507.0,66.0,0.41539
2507.0,67.0,0.991632
2507.0,68.0,0.0
2507.0,69.0,0.0
2507.0,70.0,0.112019
2507.0,71.0,0.430558
2507.0,72.0,0.998189
2507.0,73.0,0.441827
2507.0,74.0,0.587639
2507.0,75.0,0.911708
2507.0,76.0,0.119749
2507.0,77.0,0.338151
2507.0,78.0,0.294053
2507.0,79.0,0.558359
2507.0,80.0,0.857997
2507.0,81.0,0.460757
2507.0,82.0,0.0
2507.0,83.0,0.770149
2507.0,84.0,0.3899
2507.0,85.0,0.998056
2507.0,86.0,0.809341
2507.0,87.0,0.088236
2507.0,88.0,0.615334
2507.0,89.0,0.43093
2507.0,90.0,0.570356
2507.0,91.0,0.57327
2507.0,92.0,0.154039
2507.0,93.0,0.476247
2507.0,94.0,1.0
2507.0,95.0,0.998198
2507.0,96.0,0.569881
2507.0,97.0,0.092736
2507.0,98.0,0.725432
2507.0,99.0,0.292295
2507.0,100.0,0.700059
2507.0,101.0,0.396217
2507.0,102.0,0.455398
2507.0,103.0,0.351292
2507.0,104.0,0.461884
2507.0,105.0,0.035682
2507.0,106.0,0.76437
2507.0,107.0,0.782539
2507.0,108.0,0.32789
2507.0,109.0,0.488805
2507.0,110.0,0.936008
2507.0,111.0,1.0
2507.0,112.0,0.508352
2507.0,113.0,0.433159
2507.0,114.0,0.879014
2507.0,115.0,0.183413
2507.0,116.0,0.034397
2507.0,117.0,0.434755
2507.0,118.0,0.558911
2507.0,119.0,0.241569
2507.0,120.0,0.698781
2507.0,121.0,0.618324
2507.0,122.0,0.269327
2507.0,123.0,0.70624
2507.0,124.0,0.952899
2507.0,125.0,0.47328
2507.0,126.0,0.178278
2508.0,0.0,1.0
2508.0,1.0,0.130258
2508.0,2.0,0.795605
2508.0,3.0,0.0
2508.0,4.0,0.286188
2508.0,5.0,0.0
2508.0,6.0,0.050338
2508.0,7.0,0.162774
2508.0,8.0,0.293715
2508.0,9.0,0.73891
2508.0,10.0,0.848331
2508.0,11.0,0.676755
2508.0,12.0,0.975437
2508.0,13.0,1.0
2508.0,14.0,0.233502
2508.0,15.0,0.0
2508.0,16.0,0.0
2508.0,17.0,0.041933
2508.0,18.0,0.564059
2508.0,19.0,0.663254
2508.0,20.0,0.602843
2508.0,21.0,0.659419
2508.0,22.0,0.489262
2508.0,23.0,0.528733
2508.0,24.0,0.190284
2508.0,25.0,0.576412
2508.0,26.0,0.068122
2508.0,27.0,0.432212
2508.0,28.0,0.572117
2508.0,29.0,0.0
2508.0,30.0,0.142809
2508.0,31.0,0.649136
2508.0,32.0,1.0
2508.0,33.0,0.370528
2508.0,34.0,0.0
2508.0,35.0,0.43967
2508.0,36.0,0.586728
2508.0,37.0,0.0
2508.0,38.0,0.491841
2508.0,39.0,0.953194
2508.0,40.0,0.217311
2508.0,41.0,0.531994
2508.0,42.0,0.576634
2508.0,43.0,0.970835
2508.0,44.0,0.41063
2508.0,45.0,0.798135
2508.0,46.0,1.0
2508.0,47.0,0.58584
2508.0,48.0,0.553617
2508.0,49.0,0.96996
2508.0,50.0,0.397102
2508.0,51.0,0.547575
2508.0,52.0,0.737366
2508.0,53.0,0.616271
2508.0,54.0,0.321779
2508.0,55.0,0.56746
2508.0,56.0,0.538231
2508.0,57.0,0.668136
2508.0,58.0,0.408383
2508.0,59.0,0.716814
2508.0,60.0,0.552746
2508.0,61.0,0.456015
2508.0,62.0,0.38594
2508.0,63.0,0.245613
2508.0,64.0,0.402502
2508.0,65.0,0.029386
2508.0,66.0,0.375203
2508.0,67.0,0.991356
2508.0,68.0,0.0
2508.0,69.0,0.0
2508.0,70.0,0.109109
2508.0,71.0,0.357996
2508.0,72.0,0.998405
2508.0,73.0,0.385278
2508.0,74.0,0.583117
2508.0,75.0,0.907884
2508.0,76.0,0.107929
2508.0,77.0,0.29299
2508.0,78.0,0.292292
2508.0,79.0,0.542754
2508.0,80.0,0.856947
2508.0,81.0,0.420667
2508.0,82.0,0.0
2508.0,83.0,0.762058
2508.0,84.0,0.330126
2508.0,85.0,0.998082
2508.0,86.0,0.786817
2508.0,87.0,0.086779
2508.0,88.0,0.645819
2508.0,89.0,0.428298
2508.0,90.0,0.547704
2508.0,91.0,0.56577
2508.0,92.0,0.126136
2508.0,93.0,0.44469
2508.0,94.0,1.0
2508.0,95.0,0.998093
2508.0,96.0,0.554734
2508.0,97.0,0.090444
2508.0,98.0,0.71907
2508.0,99.0,0.290665
2508.0,100.0,0.69748
2508.0,101.0,0.392446
2508.0,102.0,0.44492
2508.0,103.0,0.345197
2508.0,104.0,0.45855
2508.0,105.0,0.035045
2508.0,106.0,0.760967
2508.0,107.0,0.775402
2508.0,108.0,0.326398
2508.0,109.0,0.480062
2508.0,110.0,0.935588
2508.0,111.0,1.0
2508.0,112.0,0.550281
2508.0,113.0,0.393465
2508.0,114.0,0.868129
2508.0,115.0,0.180991
2508.0,116.0,0.034276
2508.0,117.0,0.436224
2508.0,118.0,0.553883
2508.0,119.0,0.240228
2508.0,120.0,0.621198
2508.0,121.0,0.612351
2508.0,122.0,0.267989
2508.0,123.0,0.698321
2508.0,124.0,0.942836
2508.0,125.0,0.46896
2508.0,126.0,0.173217
2509.0,0.0,1.0
2509.0,1.0,0.123014
2509.0,2.0,0.811864
2509.0,3.0,0.0
2509.0,4.0,0.262568
2509.0,5.0,0.0
2509.0,6.0,0.049543
2509.0,7.0,0.158438
2509.0,8.0,0.289255
2509.0,9.0,0.734144
2509.0,10.0,0.835737
2509.0,11.0,0.667835
2509.0,12.0,0.971064
2509.0,13.0,1.0
2509.0,14.0,0.210979
2509.0,15.0,0.0
2509.0,16.0,0.0
2509.0,17.0,0.041587
2509.0,18.0,0.550172
2509.0,19.0,0.628782
2509.0,20.0,0.598534
2509.0,21.0,0.631748
2509.0,22.0,0.458729
2509.0,23.0,0.525848
2509.0,24.0,0.188664
2509.0,25.0,0.569131
2509.0,26.0,0.055069
2509.0,27.0,0.425156
2509.0,28.0,0.569567
2509.0,29.0,0.0
2509.0,30.0,0.137032
2509.0,31.0,0.636302
2509.0,32.0,1.0
2509.0,33.0,0.360771
2509.0,34.0,0.0
2509.0,35.0,0.41047
2509.0,36.0,0.579525
2509.0,37.0,0.0
2509.0,38.0,0.470329
2509.0,39.0,0.953045
2509.0,40.0,0.20663
2509.0,41.0,0.510569
2509.0,42.0,0.554523
2509.0,43.0,0.971155
2509.0,44.0,0.406707
2509.0,45.0,0.788253
2509.0,46.0,1.0
2509.0,47.0,0.56948
2509.0,48.0,0.53836
2509.0,49.0,0.969462
2509.0,50.0,0.39005
2509.0,51.0,0.546843
2509.0,52.0,0.729521
2509.0,53.0,0.611916
2509.0,54.0,0.314048
2509.0,55.0,0.572372
2509.0,56.0,0.528481
2509.0,57.0,0.660114
2509.0,58.0,0.396622
2509.0,59.0,0.70585
2509.0,60.0,0.51654
2509.0,61.0,0.449473
2509.0,62.0,0.36835
2509.0,63.0,0.205786
2509.0,64.0,0.37571
2509.0,65.0,0.02909
2509.0,66.0,0.340414
2509.0,67.0,0.991052
2509.0,68.0,0.0
2509.0,69.0,0.0
2509.0,70.0,0.106938
2509.0,71.0,0.294837
2509.0,72.0,0.998596
2509.0,73.0,0.330844
2509.0,74.0,0.578931
2509.0,75.0,0.904455
2509.0,76.0,0.097606
2509.0,77.0,0.253698
2509.0,78.0,0.290836
2509.0,79.0,0.528582
2509.0,80.0,0.854802
2509.0,81.0,0.384701
2509.0,82.0,0.0
2509.0,83.0,0.754425
2509.0,84.0,0.289639
2509.0,85.0,0.998114
2509.0,86.0,0.764529
2509.0,87.0,0.085177
2509.0,88.0,0.662323
2509.0,89.0,0.423485
2509.0,90.0,0.52673
2509.0,91.0,0.557893
2509.0,92.0,0.10393
2509.0,93.0,0.415208
2509.0,94.0,1.0
2509.0,95.0,0.998068
2509.0,96.0,0.539078
2509.0,97.0,0.088311
2509.0,98.0,0.714474
2509.0,99.0,0.288593
2509.0,100.0,0.694102
2509.0,101.0,0.389039
2509.0,102.0,0.435783
2509.0,103.0,0.339241
2509.0,104.0,0.455729
2509.0,105.0,0.033965
2509.0,106.0,0.757495
2509.0,107.0,0.767877
2509.0,108.0,0.325011
2509.0,109.0,0.471507
2509.0,110.0,0.934774
2509.0,111.0,1.0
2509.0,112.0,0.575061
2509.0,113.0,0.359762
2509.0,114.0,0.858042
2509.0,115.0,0.178285
2509.0,116.0,0.033891
2509.0,117.0,0.436113
2509.0,118.0,0.550062
2509.0,119.0,0.23881
2509.0,120.0,0.539906
2509.0,121.0,0.606943
2509.0,122.0,0.267485
2509.0,123.0,0.689703
2509.0,124.0,0.932576
2509.0,125.0,0.464537
2509.0,126.0,0.168398
2510.0,0.0,1.0
2510.0,1.0,0.116443
2510.0,2.0,0.827319
2510.0,3.0,0.0
2510.0,4.0,0.240631
2510.0,5.0,0.0
2510.0,6.0,0.049148
2510.0,7.0,0.15448
2510.0,8.0,0.285647
2510.0,9.0,0.729913
2510.0,10.0,0.821403
2510.0,11.0,0.658916
2510.0,12.0,0.965872
2510.0,13.0,1.0
2510.0,14.0,0.19038
2510.0,15.0,0.0
2510.0,16.0,0.0
2510.0,17.0,0.041613
2510.0,18.0,0.536562
2510.0,19.0,0.596274
2510.0,20.0,0.593885
2510.0,21.0,0.604954
2510.0,22.0,0.431707
2510.0,23.0,0.522806
2510.0,24.0,0.187035
2510.0,25.0,0.561132
2510.0,26.0,0.044795
2510.0,27.0,0.417133
2510.0,28.0,0.567425
2510.0,29.0,0.0
2510.0,30.0,0.130971
2510.0,31.0,0.624555
2510.0,32.0,1.0
2510.0,33.0,0.351495
2510.0,34.0,0.0
2510.0,35.0,0.381692
2510.0,36.0,0.574098
2510.0,37.0,0.0
2510.0,38.0,0.449172
2510.0,39.0,0.952607
2510.0,40.0,0.19583
2510.0,41.0,0.491578
2510.0,42.0,0.533729
2510.0,43.0,0.971017
2510.0,44.0,0.402558
2510.0,45.0,0.778059
2510.0,46.0,1.0
2510.0,47.0,0.552794
2510.0,48.0,0.524025
2510.0,49.0,0.96884
2510.0,50.0,0.383225
2510.0,51.0,0.544739
2510.0,52.0,0.721586
2510.0,53.0,0.608217
2510.0,54.0,0.307024
2510.0,55.0,0.576637
2510.0,56.0,0.51906
2510.0,57.0,0.651435
2510.0,58.0,0.382251
2510.0,59.0,0.694736
2510.0,60.0,0.482879
2510.0,61.0,0.442829
2510.0,62.0,0.351719
2510.0,63.0,0.17261
2510.0,64.0,0.348496
2510.0,65.0,0.028561
2510.0,66.0,0.310443
2510.0,67.0,0.990912
2510.0,68.0,0.0
2510.0,69.0,0.0
2510.0,70.0,0.105809
2510.0,71.0,0.241395
2510.0,72.0,0.998798
2510.0,73.0,0.280802
2510.0,74.0,0.575382
2510.0,75.0,0.901274
2510.0,76.0,0.088783
2510.0,77.0,0.218502
2510.0,78.0,0.288734
2510.0,79.0,0.515777
2510.0,80.0,0.852259
2510.0,81.0,0.353285
2510.0,82.0,0.0
2510.0,83.0,0.746934
2510.0,84.0,0.260174
2510.0,85.0,0.998038
2510.0,86.0,0.740207
2510.0,87.0,0.08426
2510.0,88.0,0.67058
2510.0,89.0,0.419462
2510.0,90.0,0.506206
2510.0,91.0,0.549712
2510.0,92.0,0.086175
2510.0,93.0,0.387811
2510.0,94.0,1.0
2510.0,95.0,0.997969
2510.0,96.0,0.525001
2510.0,97.0,0.086978
2510.0,98.0,0.709232
2510.0,99.0,0.2868
2510.0,100.0,0.690851
2510.0,101.0,0.385481
2510.0,102.0,0.426624
2510.0,103.0,0.332768
2510.0,104.0,0.452127
2510.0,105.0,0.0327
2510.0,106.0,0.754287
2510.0,107.0,0.761278
2510.0,108.0,0.323675
2510.0,109.0,0.463525
2510.0,110.0,0.934203
2510.0,111.0,1.0
2510.0,112.0,0.588981
2510.0,113.0,0.329613
2510.0,114.0,0.84853
2510.0,115.0,0.175679
2510.0,116.0,0.033577
2510.0,117.0,0.434427
2510.0,118.0,0.545097
2510.0,119.0,0.237096
2510.0,120.0,0.458253
2510.0,121.0,0.602306
2510.0,122.0,0.265999
2510.0,123.0,0.681703
2510.0,124.0,0.921052
2510.0,125.0,0.4597
2510.0,126.0,0.164455
