FREQUENCIES 
Gen,mut_id,mut_freq
1.0,0.0,0.5
1.0,1.0,0.5
1.0,2.0,0.5
1.0,3.0,0.5
1.0,4.0,0.5
1.0,5.0,0.5
1.0,6.0,0.5
1.0,7.0,0.5
1.0,8.0,0.5
1.0,9.0,0.5
1.0,10.0,0.5
1.0,11.0,0.5
1.0,12.0,0.5
1.0,13.0,0.5
1.0,14.0,0.5
1.0,15.0,0.5
1.0,16.0,0.5
1.0,17.0,0.5
1.0,18.0,0.5
1.0,19.0,0.5
1.0,20.0,0.5
1.0,21.0,0.5
1.0,22.0,0.5
1.0,23.0,0.5
1.0,24.0,0.5
1.0,25.0,0.5
1.0,26.0,0.5
1.0,27.0,0.5
1.0,28.0,0.5
1.0,29.0,0.5
1.0,30.0,0.5
1.0,31.0,0.5
1.0,32.0,0.5
1.0,33.0,0.5
1.0,34.0,0.5
1.0,35.0,0.5
1.0,36.0,0.5
1.0,37.0,0.5
1.0,38.0,0.5
1.0,39.0,0.5
1.0,40.0,0.5
1.0,41.0,0.5
1.0,42.0,0.5
1.0,43.0,0.5
1.0,44.0,0.5
1.0,45.0,0.5
1.0,46.0,0.5
1.0,47.0,0.5
1.0,48.0,0.5
1.0,49.0,0.5
1.0,50.0,0.5
1.0,51.0,0.5
1.0,52.0,0.5
1.0,53.0,0.5
1.0,54.0,0.5
1.0,55.0,0.5
1.0,56.0,0.5
1.0,57.0,0.5
1.0,58.0,0.5
1.0,59.0,0.5
1.0,60.0,0.5
1.0,61.0,0.5
1.0,62.0,0.5
1.0,63.0,0.5
1.0,64.0,0.5
1.0,65.0,0.5
1.0,66.0,0.5
1.0,67.0,0.5
1.0,68.0,0.5
1.0,69.0,0.5
1.0,70.0,0.5
1.0,71.0,0.5
1.0,72.0,0.5
1.0,73.0,0.5
1.0,74.0,0.5
1.0,75.0,0.5
1.0,76.0,0.5
1.0,77.0,0.5
1.0,78.0,0.5
1.0,79.0,0.5
1.0,80.0,0.5
1.0,81.0,0.5
1.0,82.0,0.5
1.0,83.0,0.5
1.0,84.0,0.5
1.0,85.0,0.5
1.0,86.0,0.5
1.0,87.0,0.5
1.0,88.0,0.5
1.0,89.0,0.5
1.0,90.0,0.5
1.0,91.0,0.5
1.0,92.0,0.5
1.0,93.0,0.5
1.0,94.0,0.5
1.0,95.0,0.5
1.0,96.0,0.5
1.0,97.0,0.5
1.0,98.0,0.5
1.0,99.0,0.5
1.0,100.0,0.5
1.0,101.0,0.5
1.0,102.0,0.5
1.0,103.0,0.5
1.0,104.0,0.5
1.0,105.0,0.5
1.0,106.0,0.5
1.0,107.0,0.5
1.0,108.0,0.5
1.0,109.0,0.5
1.0,110.0,0.5
1.0,111.0,0.5
1.0,112.0,0.5
1.0,113.0,0.5
1.0,114.0,0.5
1.0,115.0,0.5
1.0,116.0,0.5
1.0,117.0,0.5
1.0,118.0,0.5
1.0,119.0,0.5
1.0,120.0,0.5
1.0,121.0,0.5
1.0,122.0,0.5
1.0,123.0,0.5
1.0,124.0,0.5
1.0,125.0,0.5
1.0,126.0,0.5
2500.0,0.0,1.0
2500.0,1.0,1.0
2500.0,2.0,0.848291
2500.0,3.0,0.000827
2500.0,4.0,0.80133
2500.0,5.0,0.741888
2500.0,6.0,0.555447
2500.0,7.0,0.07669
2500.0,8.0,0.734452
2500.0,9.0,0.689867
2500.0,10.0,0.0
2500.0,11.0,0.522266
2500.0,12.0,0.989692
2500.0,13.0,0.747226
2500.0,14.0,0.205277
2500.0,15.0,0.0
2500.0,16.0,0.093564
2500.0,17.0,0.061935
2500.0,18.0,0.001172
2500.0,19.0,0.022672
2500.0,20.0,0.808631
2500.0,21.0,0.52552
2500.0,22.0,0.0
2500.0,23.0,0.0
2500.0,24.0,0.866294
2500.0,25.0,0.537259
2500.0,26.0,1.0
2500.0,27.0,0.83036
2500.0,28.0,0.634777
2500.0,29.0,0.602477
2500.0,30.0,0.338062
2500.0,31.0,0.753975
2500.0,32.0,0.420135
2500.0,33.0,0.525613
2500.0,34.0,1.0
2500.0,35.0,0.0
2500.0,36.0,0.24158
2500.0,37.0,0.51649
2500.0,38.0,0.0
2500.0,39.0,0.373403
2500.0,40.0,0.405607
2500.0,41.0,0.731715
2500.0,42.0,0.511258
2500.0,43.0,0.473882
2500.0,44.0,0.680886
2500.0,45.0,0.474983
2500.0,46.0,0.702287
2500.0,47.0,0.27429
2500.0,48.0,0.000992
2500.0,49.0,0.092121
2500.0,50.0,0.628594
2500.0,51.0,0.393829
2500.0,52.0,0.823192
2500.0,53.0,0.496967
2500.0,54.0,0.499531
2500.0,55.0,0.653477
2500.0,56.0,0.90611
2500.0,57.0,0.158618
2500.0,58.0,0.820814
2500.0,59.0,0.360583
2500.0,60.0,0.693439
2500.0,61.0,0.928129
2500.0,62.0,0.461913
2500.0,63.0,0.95221
2500.0,64.0,0.551776
2500.0,65.0,0.25294
2500.0,66.0,0.0
2500.0,67.0,1.0
2500.0,68.0,0.510539
2500.0,69.0,0.998172
2500.0,70.0,0.501268
2500.0,71.0,1.0
2500.0,72.0,0.149723
2500.0,73.0,0.772844
2500.0,74.0,0.42387
2500.0,75.0,0.568323
2500.0,76.0,0.477515
2500.0,77.0,0.199213
2500.0,78.0,0.182033
2500.0,79.0,0.395975
2500.0,80.0,0.433133
2500.0,81.0,0.927893
2500.0,82.0,0.279776
2500.0,83.0,0.364225
2500.0,84.0,0.339626
2500.0,85.0,0.987593
2500.0,86.0,0.980073
2500.0,87.0,0.412611
2500.0,88.0,1.0
2500.0,89.0,0.376322
2500.0,90.0,0.450324
2500.0,91.0,0.0
2500.0,92.0,0.441536
2500.0,93.0,0.41885
2500.0,94.0,0.000895
2500.0,95.0,1.0
2500.0,96.0,0.228832
2500.0,97.0,1.0
2500.0,98.0,0.579665
2500.0,99.0,1.0
2500.0,100.0,0.122428
2500.0,101.0,0.65872
2500.0,102.0,0.621982
2500.0,103.0,0.445842
2500.0,104.0,1.0
2500.0,105.0,0.205249
2500.0,106.0,0.814398
2500.0,107.0,1.0
2500.0,108.0,1.0
2500.0,109.0,0.551529
2500.0,110.0,0.42122
2500.0,111.0,1.0
2500.0,112.0,0.342906
2500.0,113.0,0.0
2500.0,114.0,0.048441
2500.0,115.0,0.219291
2500.0,116.0,0.396947
2500.0,117.0,0.544376
2500.0,118.0,0.664896
2500.0,119.0,0.488926
2500.0,120.0,0.429334
2500.0,121.0,1.0
2500.0,122.0,0.0
2500.0,123.0,0.561267
2500.0,124.0,0.594639
2500.0,125.0,0.0
2500.0,126.0,0.487467
2501.0,0.0,1.0
2501.0,1.0,1.0
2501.0,2.0,0.850199
2501.0,3.0,0.000916
2501.0,4.0,0.806168
2501.0,5.0,0.74455
2501.0,6.0,0.581163
2501.0,7.0,0.077126
2501.0,8.0,0.740135
2501.0,9.0,0.694646
2501.0,10.0,0.0
2501.0,11.0,0.526196
2501.0,12.0,0.989807
2501.0,13.0,0.753666
2501.0,14.0,0.219789
2501.0,15.0,0.0
2501.0,16.0,0.101319
2501.0,17.0,0.063263
2501.0,18.0,0.001227
2501.0,19.0,0.023242
2501.0,20.0,0.827547
2501.0,21.0,0.537306
2501.0,22.0,0.0
2501.0,23.0,0.0
2501.0,24.0,0.868247
2501.0,25.0,0.61682
2501.0,26.0,1.0
2501.0,27.0,0.837479
2501.0,28.0,0.647641
2501.0,29.0,0.615298
2501.0,30.0,0.402631
2501.0,31.0,0.762628
2501.0,32.0,0.425078
2501.0,33.0,0.535729
2501.0,34.0,1.0
2501.0,35.0,0.0
2501.0,36.0,0.260192
2501.0,37.0,0.523389
2501.0,38.0,0.0
2501.0,39.0,0.387723
2501.0,40.0,0.425721
2501.0,41.0,0.739919
2501.0,42.0,0.519636
2501.0,43.0,0.488434
2501.0,44.0,0.681759
2501.0,45.0,0.492864
2501.0,46.0,0.706387
2501.0,47.0,0.274497
2501.0,48.0,0.000898
2501.0,49.0,0.11389
2501.0,50.0,0.635429
2501.0,51.0,0.398665
2501.0,52.0,0.837126
2501.0,53.0,0.583179
2501.0,54.0,0.501087
2501.0,55.0,0.667634
2501.0,56.0,0.908555
2501.0,57.0,0.189297
2501.0,58.0,0.82367
2501.0,59.0,0.425027
2501.0,60.0,0.693901
2501.0,61.0,0.935641
2501.0,62.0,0.467866
2501.0,63.0,0.955727
2501.0,64.0,0.563658
2501.0,65.0,0.254516
2501.0,66.0,0.0
2501.0,67.0,1.0
2501.0,68.0,0.526847
2501.0,69.0,0.998144
2501.0,70.0,0.514673
2501.0,71.0,1.0
2501.0,72.0,0.163495
2501.0,73.0,0.786239
2501.0,74.0,0.44996
2501.0,75.0,0.576955
2501.0,76.0,0.47881
2501.0,77.0,0.223433
2501.0,78.0,0.182091
2501.0,79.0,0.420676
2501.0,80.0,0.452242
2501.0,81.0,0.929591
2501.0,82.0,0.299368
2501.0,83.0,0.367668
2501.0,84.0,0.353542
2501.0,85.0,0.98779
2501.0,86.0,0.981027
2501.0,87.0,0.422871
2501.0,88.0,1.0
2501.0,89.0,0.402258
2501.0,90.0,0.463199
2501.0,91.0,0.0
2501.0,92.0,0.461601
2501.0,93.0,0.42893
2501.0,94.0,0.000956
2501.0,95.0,1.0
2501.0,96.0,0.23183
2501.0,97.0,1.0
2501.0,98.0,0.623991
2501.0,99.0,1.0
2501.0,100.0,0.137638
2501.0,101.0,0.664227
2501.0,102.0,0.627168
2501.0,103.0,0.456699
2501.0,104.0,1.0
2501.0,105.0,0.227679
2501.0,106.0,0.824747
2501.0,107.0,1.0
2501.0,108.0,1.0
2501.0,109.0,0.564415
2501.0,110.0,0.45811
2501.0,111.0,1.0
2501.0,112.0,0.364021
2501.0,113.0,0.0
2501.0,114.0,0.04917
2501.0,115.0,0.226106
2501.0,116.0,0.400941
2501.0,117.0,0.571679
2501.0,118.0,0.697241
2501.0,119.0,0.494261
2501.0,120.0,0.566042
2501.0,121.0,1.0
2501.0,122.0,0.0
2501.0,123.0,0.568732
2501.0,124.0,0.602293
2501.0,125.0,0.0
2501.0,126.0,0.489391
2502.0,0.0,1.0
2502.0,1.0,1.0
2502.0,2.0,0.852646
2502.0,3.0,0.000968
2502.0,4.0,0.810551
2502.0,5.0,0.747186
2502.0,6.0,0.601741
2502.0,7.0,0.077434
2502.0,8.0,0.745401
2502.0,9.0,0.698787
2502.0,10.0,0.0
2502.0,11.0,0.53079
2502.0,12.0,0.989741
2502.0,13.0,0.758803
2502.0,14.0,0.233361
2502.0,15.0,0.0
2502.0,16.0,0.109793
2502.0,17.0,0.06556
2502.0,18.0,0.001153
2502.0,19.0,0.023544
2502.0,20.0,0.84466
2502.0,21.0,0.54886
2502.0,22.0,0.0
2502.0,23.0,0.0
2502.0,24.0,0.870353
2502.0,25.0,0.678312
2502.0,26.0,1.0
2502.0,27.0,0.844481
2502.0,28.0,0.659558
2502.0,29.0,0.626537
2502.0,30.0,0.463146
2502.0,31.0,0.77143
2502.0,32.0,0.431033
2502.0,33.0,0.544965
2502.0,34.0,1.0
2502.0,35.0,0.0
2502.0,36.0,0.279443
2502.0,37.0,0.530345
2502.0,38.0,0.0
2502.0,39.0,0.402956
2502.0,40.0,0.444785
2502.0,41.0,0.747142
2502.0,42.0,0.52861
2502.0,43.0,0.503847
2502.0,44.0,0.682572
2502.0,45.0,0.509802
2502.0,46.0,0.709719
2502.0,47.0,0.275332
2502.0,48.0,0.000811
2502.0,49.0,0.138919
2502.0,50.0,0.642761
2502.0,51.0,0.403617
2502.0,52.0,0.849054
2502.0,53.0,0.651128
2502.0,54.0,0.501679
2502.0,55.0,0.682518
2502.0,56.0,0.910654
2502.0,57.0,0.222778
2502.0,58.0,0.826157
2502.0,59.0,0.488673
2502.0,60.0,0.695252
2502.0,61.0,0.942408
2502.0,62.0,0.473986
2502.0,63.0,0.959014
2502.0,64.0,0.5748
2502.0,65.0,0.256171
2502.0,66.0,0.0
2502.0,67.0,1.0
2502.0,68.0,0.541978
2502.0,69.0,0.998239
2502.0,70.0,0.528481
2502.0,71.0,1.0
2502.0,72.0,0.177423
2502.0,73.0,0.798756
2502.0,74.0,0.476271
2502.0,75.0,0.585923
2502.0,76.0,0.480277
2502.0,77.0,0.249385
2502.0,78.0,0.182421
2502.0,79.0,0.445425
2502.0,80.0,0.470996
2502.0,81.0,0.931343
2502.0,82.0,0.318983
2502.0,83.0,0.371481
2502.0,84.0,0.368175
2502.0,85.0,0.988293
2502.0,86.0,0.981289
2502.0,87.0,0.433339
2502.0,88.0,1.0
2502.0,89.0,0.428146
2502.0,90.0,0.475203
2502.0,91.0,0.0
2502.0,92.0,0.481615
2502.0,93.0,0.437518
2502.0,94.0,0.000982
2502.0,95.0,1.0
2502.0,96.0,0.234883
2502.0,97.0,1.0
2502.0,98.0,0.664075
2502.0,99.0,1.0
2502.0,100.0,0.153581
2502.0,101.0,0.670374
2502.0,102.0,0.632626
2502.0,103.0,0.468326
2502.0,104.0,1.0
2502.0,105.0,0.250841
2502.0,106.0,0.833473
2502.0,107.0,1.0
2502.0,108.0,1.0
2502.0,109.0,0.576329
2502.0,110.0,0.495844
2502.0,111.0,1.0
2502.0,112.0,0.385056
2502.0,113.0,0.0
2502.0,114.0,0.049515
2502.0,115.0,0.231871
2502.0,116.0,0.405107
2502.0,117.0,0.598334
2502.0,118.0,0.726027
2502.0,119.0,0.50053
2502.0,120.0,0.665676
2502.0,121.0,1.0
2502.0,122.0,0.0
2502.0,123.0,0.5769
2502.0,124.0,0.608071
2502.0,125.0,0.0
2502.0,126.0,0.491953
2503.0,0.0,1.0
2503.0,1.0,1.0
2503.0,2.0,0.855416
2503.0,3.0,0.000965
2503.0,4.0,0.815294
2503.0,5.0,0.749184
2503.0,6.0,0.621769
2503.0,7.0,0.078247
2503.0,8.0,0.750061
2503.0,9.0,0.703913
2503.0,10.0,0.0
2503.0,11.0,0.535541
2503.0,12.0,0.989604
2503.0,13.0,0.764577
2503.0,14.0,0.248682
2503.0,15.0,0.0
2503.0,16.0,0.11845
2503.0,17.0,0.067755
2503.0,18.0,0.001155
2503.0,19.0,0.023892
2503.0,20.0,0.860804
2503.0,21.0,0.561135
2503.0,22.0,0.0
2503.0,23.0,0.0
2503.0,24.0,0.872524
2503.0,25.0,0.726378
2503.0,26.0,1.0
2503.0,27.0,0.85072
2503.0,28.0,0.670982
2503.0,29.0,0.636628
2503.0,30.0,0.516209
2503.0,31.0,0.780924
2503.0,32.0,0.436088
2503.0,33.0,0.553358
2503.0,34.0,1.0
2503.0,35.0,0.0
2503.0,36.0,0.297296
2503.0,37.0,0.53589
2503.0,38.0,0.0
2503.0,39.0,0.418366
2503.0,40.0,0.463301
2503.0,41.0,0.75447
2503.0,42.0,0.537933
2503.0,43.0,0.516897
2503.0,44.0,0.684569
2503.0,45.0,0.526401
2503.0,46.0,0.712603
2503.0,47.0,0.27618
2503.0,48.0,0.000759
2503.0,49.0,0.166672
2503.0,50.0,0.650117
2503.0,51.0,0.408312
2503.0,52.0,0.86064
2503.0,53.0,0.703036
2503.0,54.0,0.504235
2503.0,55.0,0.695518
2503.0,56.0,0.912028
2503.0,57.0,0.258111
2503.0,58.0,0.829776
2503.0,59.0,0.549101
2503.0,60.0,0.696126
2503.0,61.0,0.947342
2503.0,62.0,0.479881
2503.0,63.0,0.961442
2503.0,64.0,0.585991
2503.0,65.0,0.257522
2503.0,66.0,0.0
2503.0,67.0,1.0
2503.0,68.0,0.55595
2503.0,69.0,0.998384
2503.0,70.0,0.541408
2503.0,71.0,1.0
2503.0,72.0,0.191223
2503.0,73.0,0.810211
2503.0,74.0,0.501305
2503.0,75.0,0.594459
2503.0,76.0,0.479875
2503.0,77.0,0.275611
2503.0,78.0,0.18244
2503.0,79.0,0.4689
2503.0,80.0,0.487542
2503.0,81.0,0.932946
2503.0,82.0,0.338934
2503.0,83.0,0.376018
2503.0,84.0,0.382659
2503.0,85.0,0.988756
2503.0,86.0,0.981671
2503.0,87.0,0.444177
2503.0,88.0,1.0
2503.0,89.0,0.453598
2503.0,90.0,0.486703
2503.0,91.0,0.0
2503.0,92.0,0.501445
2503.0,93.0,0.447057
2503.0,94.0,0.001007
2503.0,95.0,1.0
2503.0,96.0,0.237917
2503.0,97.0,1.0
2503.0,98.0,0.70105
2503.0,99.0,1.0
2503.0,100.0,0.170465
2503.0,101.0,0.674937
2503.0,102.0,0.637778
2503.0,103.0,0.479974
2503.0,104.0,1.0
2503.0,105.0,0.275044
2503.0,106.0,0.842268
2503.0,107.0,1.0
2503.0,108.0,1.0
2503.0,109.0,0.58799
2503.0,110.0,0.531958
2503.0,111.0,1.0
2503.0,112.0,0.405413
2503.0,113.0,0.0
2503.0,114.0,0.050283
2503.0,115.0,0.238195
2503.0,116.0,0.408442
2503.0,117.0,0.624475
2503.0,118.0,0.750897
2503.0,119.0,0.505441
2503.0,120.0,0.738298
2503.0,121.0,1.0
2503.0,122.0,0.0
2503.0,123.0,0.584578
2503.0,124.0,0.61374
2503.0,125.0,0.0
2503.0,126.0,0.495304
2504.0,0.0,1.0
2504.0,1.0,1.0
2504.0,2.0,0.857778
2504.0,3.0,0.001009
2504.0,4.0,0.819187
2504.0,5.0,0.751373
2504.0,6.0,0.640734
2504.0,7.0,0.079335
2504.0,8.0,0.755556
2504.0,9.0,0.709201
2504.0,10.0,0.0
2504.0,11.0,0.539751
2504.0,12.0,0.989484
2504.0,13.0,0.771385
2504.0,14.0,0.264802
2504.0,15.0,0.0
2504.0,16.0,0.127664
2504.0,17.0,0.069958
2504.0,18.0,0.001175
2504.0,19.0,0.023913
2504.0,20.0,0.874838
2504.0,21.0,0.573385
2504.0,22.0,0.0
2504.0,23.0,0.0
2504.0,24.0,0.875554
2504.0,25.0,0.763504
2504.0,26.0,1.0
2504.0,27.0,0.856467
2504.0,28.0,0.682054
2504.0,29.0,0.646255
2504.0,30.0,0.562185
2504.0,31.0,0.790223
2504.0,32.0,0.441167
2504.0,33.0,0.561938
2504.0,34.0,1.0
2504.0,35.0,0.0
2504.0,36.0,0.315595
2504.0,37.0,0.541909
2504.0,38.0,0.0
2504.0,39.0,0.43338
2504.0,40.0,0.482135
2504.0,41.0,0.76175
2504.0,42.0,0.547084
2504.0,43.0,0.529856
2504.0,44.0,0.685788
2504.0,45.0,0.542777
2504.0,46.0,0.716514
2504.0,47.0,0.278146
2504.0,48.0,0.000766
2504.0,49.0,0.197483
2504.0,50.0,0.657568
2504.0,51.0,0.414414
2504.0,52.0,0.871003
2504.0,53.0,0.744588
2504.0,54.0,0.504784
2504.0,55.0,0.709049
2504.0,56.0,0.913534
2504.0,57.0,0.29508
2504.0,58.0,0.83442
2504.0,59.0,0.608475
2504.0,60.0,0.698244
2504.0,61.0,0.952404
2504.0,62.0,0.486609
2504.0,63.0,0.96353
2504.0,64.0,0.597385
2504.0,65.0,0.259443
2504.0,66.0,0.0
2504.0,67.0,1.0
2504.0,68.0,0.570926
2504.0,69.0,0.998441
2504.0,70.0,0.554775
2504.0,71.0,1.0
2504.0,72.0,0.206075
2504.0,73.0,0.820679
2504.0,74.0,0.523924
2504.0,75.0,0.602487
2504.0,76.0,0.480092
2504.0,77.0,0.302693
2504.0,78.0,0.183915
2504.0,79.0,0.491909
2504.0,80.0,0.504492
2504.0,81.0,0.934121
2504.0,82.0,0.359421
2504.0,83.0,0.38006
2504.0,84.0,0.396814
2504.0,85.0,0.989179
2504.0,86.0,0.982297
2504.0,87.0,0.45392
2504.0,88.0,1.0
2504.0,89.0,0.477603
2504.0,90.0,0.49719
2504.0,91.0,0.0
2504.0,92.0,0.519635
2504.0,93.0,0.456405
2504.0,94.0,0.001064
2504.0,95.0,1.0
2504.0,96.0,0.242057
2504.0,97.0,1.0
2504.0,98.0,0.73189
2504.0,99.0,1.0
2504.0,100.0,0.189458
2504.0,101.0,0.67976
2504.0,102.0,0.643195
2504.0,103.0,0.491631
2504.0,104.0,1.0
2504.0,105.0,0.301193
2504.0,106.0,0.851315
2504.0,107.0,1.0
2504.0,108.0,1.0
2504.0,109.0,0.599515
2504.0,110.0,0.568996
2504.0,111.0,1.0
2504.0,112.0,0.425376
2504.0,113.0,0.0
2504.0,114.0,0.05125
2504.0,115.0,0.242417
2504.0,116.0,0.412706
2504.0,117.0,0.649294
2504.0,118.0,0.771983
2504.0,119.0,0.51047
2504.0,120.0,0.792309
2504.0,121.0,1.0
2504.0,122.0,0.0
2504.0,123.0,0.593101
2504.0,124.0,0.618951
2504.0,125.0,0.0
2504.0,126.0,0.499183
2505.0,0.0,1.0
2505.0,1.0,1.0
2505.0,2.0,0.860855
2505.0,3.0,0.001034
2505.0,4.0,0.823506
2505.0,5.0,0.753082
2505.0,6.0,0.657484
2505.0,7.0,0.080119
2505.0,8.0,0.760854
2505.0,9.0,0.713428
2505.0,10.0,0.0
2505.0,11.0,0.542491
2505.0,12.0,0.989698
2505.0,13.0,0.778175
2505.0,14.0,0.280351
2505.0,15.0,0.0
2505.0,16.0,0.136986
2505.0,17.0,0.071356
2505.0,18.0,0.001237
2505.0,19.0,0.024132
2505.0,20.0,0.887619
2505.0,21.0,0.584796
2505.0,22.0,0.0
2505.0,23.0,0.0
2505.0,24.0,0.877448
2505.0,25.0,0.794468
2505.0,26.0,1.0
2505.0,27.0,0.862193
2505.0,28.0,0.691297
2505.0,29.0,0.655885
2505.0,30.0,0.601797
2505.0,31.0,0.79978
2505.0,32.0,0.445737
2505.0,33.0,0.570614
2505.0,34.0,1.0
2505.0,35.0,0.0
2505.0,36.0,0.332744
2505.0,37.0,0.547257
2505.0,38.0,0.0
2505.0,39.0,0.45069
2505.0,40.0,0.500433
2505.0,41.0,0.768798
2505.0,42.0,0.557337
2505.0,43.0,0.542718
2505.0,44.0,0.68701
2505.0,45.0,0.559196
2505.0,46.0,0.719978
2505.0,47.0,0.281081
2505.0,48.0,0.000727
2505.0,49.0,0.230973
2505.0,50.0,0.663362
2505.0,51.0,0.419909
2505.0,52.0,0.880873
2505.0,53.0,0.778139
2505.0,54.0,0.507385
2505.0,55.0,0.721705
2505.0,56.0,0.915587
2505.0,57.0,0.333514
2505.0,58.0,0.837564
2505.0,59.0,0.661904
2505.0,60.0,0.699101
2505.0,61.0,0.957116
2505.0,62.0,0.492464
2505.0,63.0,0.965287
2505.0,64.0,0.607438
2505.0,65.0,0.260976
2505.0,66.0,0.0
2505.0,67.0,1.0
2505.0,68.0,0.584021
2505.0,69.0,0.998465
2505.0,70.0,0.568367
2505.0,71.0,1.0
2505.0,72.0,0.220871
2505.0,73.0,0.830719
2505.0,74.0,0.544743
2505.0,75.0,0.610474
2505.0,76.0,0.479368
2505.0,77.0,0.329705
2505.0,78.0,0.184532
2505.0,79.0,0.514857
2505.0,80.0,0.52006
2505.0,81.0,0.934928
2505.0,82.0,0.379827
2505.0,83.0,0.38278
2505.0,84.0,0.410796
2505.0,85.0,0.989484
2505.0,86.0,0.982623
2505.0,87.0,0.463056
2505.0,88.0,1.0
2505.0,89.0,0.500146
2505.0,90.0,0.508514
2505.0,91.0,0.0
2505.0,92.0,0.535514
2505.0,93.0,0.465774
2505.0,94.0,0.001091
2505.0,95.0,1.0
2505.0,96.0,0.245544
2505.0,97.0,1.0
2505.0,98.0,0.759447
2505.0,99.0,1.0
2505.0,100.0,0.209027
2505.0,101.0,0.685504
2505.0,102.0,0.648552
2505.0,103.0,0.504295
2505.0,104.0,1.0
2505.0,105.0,0.327344
2505.0,106.0,0.859058
2505.0,107.0,1.0
2505.0,108.0,1.0
2505.0,109.0,0.610967
2505.0,110.0,0.605482
2505.0,111.0,1.0
2505.0,112.0,0.445406
2505.0,113.0,0.0
2505.0,114.0,0.052068
2505.0,115.0,0.245832
2505.0,116.0,0.416419
2505.0,117.0,0.674549
2505.0,118.0,0.790262
2505.0,119.0,0.514687
2505.0,120.0,0.832834
2505.0,121.0,1.0
2505.0,122.0,0.0
2505.0,123.0,0.600088
2505.0,124.0,0.624994
2505.0,125.0,0.0
2505.0,126.0,0.502157
2506.0,0.0,1.0
2506.0,1.0,1.0
2506.0,2.0,0.85904
2506.0,3.0,0.000937
2506.0,4.0,0.818981
2506.0,5.0,0.750966
2506.0,6.0,0.636482
2506.0,7.0,0.07916
2506.0,8.0,0.755307
2506.0,9.0,0.70868
2506.0,10.0,0.0
2506.0,11.0,0.53793
2506.0,12.0,0.989374
2506.0,13.0,0.770379
2506.0,14.0,0.26322
2506.0,15.0,0.0
2506.0,16.0,0.126505
2506.0,17.0,0.069947
2506.0,18.0,0.001086
2506.0,19.0,0.02356
2506.0,20.0,0.872443
2506.0,21.0,0.570995
2506.0,22.0,0.0
2506.0,23.0,0.0
2506.0,24.0,0.875822
2506.0,25.0,0.752838
2506.0,26.0,1.0
2506.0,27.0,0.855405
2506.0,28.0,0.679681
2506.0,29.0,0.644826
2506.0,30.0,0.548999
2506.0,31.0,0.790304
2506.0,32.0,0.43971
2506.0,33.0,0.56007
2506.0,34.0,1.0
2506.0,35.0,0.0
2506.0,36.0,0.309766
2506.0,37.0,0.541302
2506.0,38.0,0.0
2506.0,39.0,0.432149
2506.0,40.0,0.479367
2506.0,41.0,0.761823
2506.0,42.0,0.5473
2506.0,43.0,0.527491
2506.0,44.0,0.686556
2506.0,45.0,0.540942
2506.0,46.0,0.717872
2506.0,47.0,0.279623
2506.0,48.0,0.000783
2506.0,49.0,0.194878
2506.0,50.0,0.657271
2506.0,51.0,0.413721
2506.0,52.0,0.870461
2506.0,53.0,0.73668
2506.0,54.0,0.505558
2506.0,55.0,0.707213
2506.0,56.0,0.91374
2506.0,57.0,0.285553
2506.0,58.0,0.834033
2506.0,59.0,0.582408
2506.0,60.0,0.698043
2506.0,61.0,0.952375
2506.0,62.0,0.485567
2506.0,63.0,0.963321
2506.0,64.0,0.595667
2506.0,65.0,0.258376
2506.0,66.0,0.0
2506.0,67.0,1.0
2506.0,68.0,0.569331
2506.0,69.0,0.998538
2506.0,70.0,0.553042
2506.0,71.0,1.0
2506.0,72.0,0.202692
2506.0,73.0,0.819585
2506.0,74.0,0.516782
2506.0,75.0,0.600777
2506.0,76.0,0.479251
2506.0,77.0,0.296278
2506.0,78.0,0.1836
2506.0,79.0,0.486835
2506.0,80.0,0.501877
2506.0,81.0,0.934115
2506.0,82.0,0.355669
2506.0,83.0,0.378086
2506.0,84.0,0.394407
2506.0,85.0,0.989132
2506.0,86.0,0.982124
2506.0,87.0,0.451758
2506.0,88.0,1.0
2506.0,89.0,0.475821
2506.0,90.0,0.495957
2506.0,91.0,0.0
2506.0,92.0,0.515538
2506.0,93.0,0.454629
2506.0,94.0,0.000958
2506.0,95.0,1.0
2506.0,96.0,0.241495
2506.0,97.0,1.0
2506.0,98.0,0.72159
2506.0,99.0,1.0
2506.0,100.0,0.185507
2506.0,101.0,0.68025
2506.0,102.0,0.642558
2506.0,103.0,0.491244
2506.0,104.0,1.0
2506.0,105.0,0.29555
2506.0,106.0,0.850508
2506.0,107.0,1.0
2506.0,108.0,1.0
2506.0,109.0,0.597767
2506.0,110.0,0.561862
2506.0,111.0,1.0
2506.0,112.0,0.421605
2506.0,113.0,0.0
2506.0,114.0,0.051174
2506.0,115.0,0.24275
2506.0,116.0,0.414008
2506.0,117.0,0.646057
2506.0,118.0,0.770133
2506.0,119.0,0.509963
2506.0,120.0,0.753338
2506.0,121.0,1.0
2506.0,122.0,0.0
2506.0,123.0,0.593454
2506.0,124.0,0.61927
2506.0,125.0,0.0
2506.0,126.0,0.499358
2507.0,0.0,1.0
2507.0,1.0,1.0
2507.0,2.0,0.857352
2507.0,3.0,0.000883
2507.0,4.0,0.815816
2507.0,5.0,0.747569
2507.0,6.0,0.615893
2507.0,7.0,0.078549
2507.0,8.0,0.748395
2507.0,9.0,0.705082
2507.0,10.0,0.0
2507.0,11.0,0.533201
2507.0,12.0,0.989256
2507.0,13.0,0.764176
2507.0,14.0,0.246792
2507.0,15.0,0.0
2507.0,16.0,0.117567
2507.0,17.0,0.067705
2507.0,18.0,0.000962
2507.0,19.0,0.023138
2507.0,20.0,0.857382
2507.0,21.0,0.558564
2507.0,22.0,0.0
2507.0,23.0,0.0
2507.0,24.0,0.873845
2507.0,25.0,0.704252
2507.0,26.0,1.0
2507.0,27.0,0.848272
2507.0,28.0,0.669165
2507.0,29.0,0.634647
2507.0,30.0,0.49469
2507.0,31.0,0.781108
2507.0,32.0,0.435465
2507.0,33.0,0.55029
2507.0,34.0,1.0
2507.0,35.0,0.0
2507.0,36.0,0.289451
2507.0,37.0,0.535194
2507.0,38.0,0.0
2507.0,39.0,0.414997
2507.0,40.0,0.459357
2507.0,41.0,0.753346
2507.0,42.0,0.537408
2507.0,43.0,0.513315
2507.0,44.0,0.686639
2507.0,45.0,0.522668
2507.0,46.0,0.715378
2507.0,47.0,0.278797
2507.0,48.0,0.000774
2507.0,49.0,0.163722
2507.0,50.0,0.650539
2507.0,51.0,0.408331
2507.0,52.0,0.858581
2507.0,53.0,0.686664
2507.0,54.0,0.502526
2507.0,55.0,0.694036
2507.0,56.0,0.911734
2507.0,57.0,0.244774
2507.0,58.0,0.830973
2507.0,59.0,0.513199
2507.0,60.0,0.696763
2507.0,61.0,0.947175
2507.0,62.0,0.477905
2507.0,63.0,0.9605
2507.0,64.0,0.584592
2507.0,65.0,0.255177
2507.0,66.0,0.0
2507.0,67.0,1.0
2507.0,68.0,0.5537
2507.0,69.0,0.9986
2507.0,70.0,0.538937
2507.0,71.0,1.0
2507.0,72.0,0.186799
2507.0,73.0,0.808525
2507.0,74.0,0.490454
2507.0,75.0,0.591505
2507.0,76.0,0.479555
2507.0,77.0,0.265597
2507.0,78.0,0.182577
2507.0,79.0,0.459906
2507.0,80.0,0.484009
2507.0,81.0,0.933096
2507.0,82.0,0.333301
2507.0,83.0,0.375298
2507.0,84.0,0.378726
2507.0,85.0,0.988956
2507.0,86.0,0.9817
2507.0,87.0,0.441089
2507.0,88.0,1.0
2507.0,89.0,0.45094
2507.0,90.0,0.483663
2507.0,91.0,0.0
2507.0,92.0,0.496862
2507.0,93.0,0.444019
2507.0,94.0,0.00092
2507.0,95.0,1.0
2507.0,96.0,0.23787
2507.0,97.0,1.0
2507.0,98.0,0.6827
2507.0,99.0,1.0
2507.0,100.0,0.166184
2507.0,101.0,0.673952
2507.0,102.0,0.6363
2507.0,103.0,0.479266
2507.0,104.0,1.0
2507.0,105.0,0.268425
2507.0,106.0,0.841614
2507.0,107.0,1.0
2507.0,108.0,1.0
2507.0,109.0,0.585644
2507.0,110.0,0.521623
2507.0,111.0,1.0
2507.0,112.0,0.399584
2507.0,113.0,0.0
2507.0,114.0,0.050427
2507.0,115.0,0.238948
2507.0,116.0,0.409998
2507.0,117.0,0.618172
2507.0,118.0,0.748462
2507.0,119.0,0.505302
2507.0,120.0,0.664449
2507.0,121.0,1.0
2507.0,122.0,0.0
2507.0,123.0,0.586298
2507.0,124.0,0.612247
2507.0,125.0,0.0
2507.0,126.0,0.495377
2508.0,0.0,1.0
2508.0,1.0,1.0
2508.0,2.0,0.855626
2508.0,3.0,0.00081
2508.0,4.0,0.811948
2508.0,5.0,0.744799
2508.0,6.0,0.595503
2508.0,7.0,0.077743
2508.0,8.0,0.741667
2508.0,9.0,0.700722
2508.0,10.0,0.0
2508.0,11.0,0.528704
2508.0,12.0,0.989148
2508.0,13.0,0.757705
2508.0,14.0,0.231814
2508.0,15.0,0.0
2508.0,16.0,0.109589
2508.0,17.0,0.065911
2508.0,18.0,0.000815
2508.0,19.0,0.022524
2508.0,20.0,0.840868
2508.0,21.0,0.547935
2508.0,22.0,0.0
2508.0,23.0,0.0
2508.0,24.0,0.87269
2508.0,25.0,0.651421
2508.0,26.0,1.0
2508.0,27.0,0.841309
2508.0,28.0,0.658385
2508.0,29.0,0.624235
2508.0,30.0,0.441332
2508.0,31.0,0.772141
2508.0,32.0,0.430676
2508.0,33.0,0.540618
2508.0,34.0,1.0
2508.0,35.0,0.0
2508.0,36.0,0.2718
2508.0,37.0,0.528927
2508.0,38.0,0.0
2508.0,39.0,0.39778
2508.0,40.0,0.440931
2508.0,41.0,0.744989
2508.0,42.0,0.528729
2508.0,43.0,0.500302
2508.0,44.0,0.687284
2508.0,45.0,0.505571
2508.0,46.0,0.711944
2508.0,47.0,0.278522
2508.0,48.0,0.000736
2508.0,49.0,0.137504
2508.0,50.0,0.643152
2508.0,51.0,0.403534
2508.0,52.0,0.84682
2508.0,53.0,0.630796
2508.0,54.0,0.499142
2508.0,55.0,0.680193
2508.0,56.0,0.909644
2508.0,57.0,0.210614
2508.0,58.0,0.828494
2508.0,59.0,0.452908
2508.0,60.0,0.69601
2508.0,61.0,0.941595
2508.0,62.0,0.470038
2508.0,63.0,0.958253
2508.0,64.0,0.572945
2508.0,65.0,0.252463
2508.0,66.0,0.0
2508.0,67.0,1.0
2508.0,68.0,0.539818
2508.0,69.0,0.99861
2508.0,70.0,0.525477
2508.0,71.0,1.0
2508.0,72.0,0.172236
2508.0,73.0,0.797066
2508.0,74.0,0.465545
2508.0,75.0,0.583965
2508.0,76.0,0.479298
2508.0,77.0,0.238485
2508.0,78.0,0.181208
2508.0,79.0,0.435715
2508.0,80.0,0.466813
2508.0,81.0,0.931221
2508.0,82.0,0.314359
2508.0,83.0,0.371867
2508.0,84.0,0.363886
2508.0,85.0,0.988701
2508.0,86.0,0.980883
2508.0,87.0,0.431122
2508.0,88.0,1.0
2508.0,89.0,0.42583
2508.0,90.0,0.472985
2508.0,91.0,0.0
2508.0,92.0,0.478739
2508.0,93.0,0.432945
2508.0,94.0,0.000865
2508.0,95.0,1.0
2508.0,96.0,0.234728
2508.0,97.0,1.0
2508.0,98.0,0.644653
2508.0,99.0,1.0
2508.0,100.0,0.149044
2508.0,101.0,0.668124
2508.0,102.0,0.631695
2508.0,103.0,0.466379
2508.0,104.0,1.0
2508.0,105.0,0.244728
2508.0,106.0,0.831575
2508.0,107.0,1.0
2508.0,108.0,1.0
2508.0,109.0,0.57434
2508.0,110.0,0.484782
2508.0,111.0,1.0
2508.0,112.0,0.378789
2508.0,113.0,0.0
2508.0,114.0,0.049703
2508.0,115.0,0.232993
2508.0,116.0,0.405878
2508.0,117.0,0.591067
2508.0,118.0,0.725231
2508.0,119.0,0.502396
2508.0,120.0,0.577096
2508.0,121.0,1.0
2508.0,122.0,0.0
2508.0,123.0,0.580028
2508.0,124.0,0.60743
2508.0,125.0,0.0
2508.0,126.0,0.491045
2509.0,0.0,1.0
2509.0,1.0,1.0
2509.0,2.0,0.853002
2509.0,3.0,0.000692
2509.0,4.0,0.807924
2509.0,5.0,0.742633
2509.0,6.0,0.576075
2509.0,7.0,0.077155
2509.0,8.0,0.735902
2509.0,9.0,0.695738
2509.0,10.0,0.0
2509.0,11.0,0.52438
2509.0,12.0,0.988889
2509.0,13.0,0.751623
2509.0,14.0,0.21854
2509.0,15.0,0.0
2509.0,16.0,0.102877
2509.0,17.0,0.064795
2509.0,18.0,0.000735
2509.0,19.0,0.022199
2509.0,20.0,0.823723
2509.0,21.0,0.536958
2509.0,22.0,0.0
2509.0,23.0,0.0
2509.0,24.0,0.870679
2509.0,25.0,0.592333
2509.0,26.0,1.0
2509.0,27.0,0.83539
2509.0,28.0,0.646558
2509.0,29.0,0.614498
2509.0,30.0,0.388641
2509.0,31.0,0.763062
2509.0,32.0,0.425932
2509.0,33.0,0.531705
2509.0,34.0,1.0
2509.0,35.0,0.0
2509.0,36.0,0.254923
2509.0,37.0,0.522414
2509.0,38.0,0.0
2509.0,39.0,0.382054
2509.0,40.0,0.425019
2509.0,41.0,0.73671
2509.0,42.0,0.518978
2509.0,43.0,0.485603
2509.0,44.0,0.687696
2509.0,45.0,0.487596
2509.0,46.0,0.709298
2509.0,47.0,0.277938
2509.0,48.0,0.000673
2509.0,49.0,0.11428
2509.0,50.0,0.636897
2509.0,51.0,0.397807
2509.0,52.0,0.834852
2509.0,53.0,0.567411
2509.0,54.0,0.496935
2509.0,55.0,0.667557
2509.0,56.0,0.907887
2509.0,57.0,0.181708
2509.0,58.0,0.826033
2509.0,59.0,0.402716
2509.0,60.0,0.6952
2509.0,61.0,0.93616
2509.0,62.0,0.462584
2509.0,63.0,0.955392
2509.0,64.0,0.562474
2509.0,65.0,0.249636
2509.0,66.0,0.0
2509.0,67.0,1.0
2509.0,68.0,0.526389
2509.0,69.0,0.998663
2509.0,70.0,0.513356
2509.0,71.0,1.0
2509.0,72.0,0.15839
2509.0,73.0,0.785209
2509.0,74.0,0.442166
2509.0,75.0,0.576387
2509.0,76.0,0.478697
2509.0,77.0,0.214906
2509.0,78.0,0.180409
2509.0,79.0,0.413374
2509.0,80.0,0.450682
2509.0,81.0,0.930189
2509.0,82.0,0.297029
2509.0,83.0,0.367169
2509.0,84.0,0.349256
2509.0,85.0,0.988633
2509.0,86.0,0.98054
2509.0,87.0,0.420983
2509.0,88.0,1.0
2509.0,89.0,0.401002
2509.0,90.0,0.46339
2509.0,91.0,0.0
2509.0,92.0,0.45991
2509.0,93.0,0.42297
2509.0,94.0,0.000789
2509.0,95.0,1.0
2509.0,96.0,0.230913
2509.0,97.0,1.0
2509.0,98.0,0.609043
2509.0,99.0,1.0
2509.0,100.0,0.134118
2509.0,101.0,0.662081
2509.0,102.0,0.625743
2509.0,103.0,0.454754
2509.0,104.0,1.0
2509.0,105.0,0.223646
2509.0,106.0,0.822262
2509.0,107.0,1.0
2509.0,108.0,1.0
2509.0,109.0,0.562289
2509.0,110.0,0.452152
2509.0,111.0,1.0
2509.0,112.0,0.357838
2509.0,113.0,0.0
2509.0,114.0,0.049338
2509.0,115.0,0.22704
2509.0,116.0,0.402329
2509.0,117.0,0.565368
2509.0,118.0,0.699952
2509.0,119.0,0.498083
2509.0,120.0,0.496495
2509.0,121.0,1.0
2509.0,122.0,0.0
2509.0,123.0,0.573355
2509.0,124.0,0.602113
2509.0,125.0,0.0
2509.0,126.0,0.489154
2510.0,0.0,1.0
2510.0,1.0,1.0
2510.0,2.0,0.849866
2510.0,3.0,0.000655
2510.0,4.0,0.804394
2510.0,5.0,0.740432
2510.0,6.0,0.557839
2510.0,7.0,0.076562
2510.0,8.0,0.730471
2510.0,9.0,0.691497
2510.0,10.0,0.0
2510.0,11.0,0.520908
2510.0,12.0,0.988844
2510.0,13.0,0.745592
2510.0,14.0,0.206203
2510.0,15.0,0.0
2510.0,16.0,0.096255
2510.0,17.0,0.062917
2510.0,18.0,0.000583
2510.0,19.0,0.021628
2510.0,20.0,0.806054
2510.0,21.0,0.526578
2510.0,22.0,0.0
2510.0,23.0,0.0
2510.0,24.0,0.868935
2510.0,25.0,0.529046
2510.0,26.0,1.0
2510.0,27.0,0.828874
2510.0,28.0,0.636426
2510.0,29.0,0.604614
2510.0,30.0,0.336572
2510.0,31.0,0.753843
2510.0,32.0,0.420977
2510.0,33.0,0.523121
2510.0,34.0,1.0
2510.0,35.0,0.0
2510.0,36.0,0.242052
2510.0,37.0,0.515828
2510.0,38.0,0.0
2510.0,39.0,0.368021
2510.0,40.0,0.40854
2510.0,41.0,0.728698
2510.0,42.0,0.509782
2510.0,43.0,0.472363
2510.0,44.0,0.689199
2510.0,45.0,0.47147
2510.0,46.0,0.70737
2510.0,47.0,0.277334
2510.0,48.0,0.000659
2510.0,49.0,0.094735
2510.0,50.0,0.6311
2510.0,51.0,0.392304
2510.0,52.0,0.822617
2510.0,53.0,0.495802
2510.0,54.0,0.493962
2510.0,55.0,0.654412
2510.0,56.0,0.905648
2510.0,57.0,0.156881
2510.0,58.0,0.823681
2510.0,59.0,0.360898
2510.0,60.0,0.694211
2510.0,61.0,0.930001
2510.0,62.0,0.455344
2510.0,63.0,0.952692
2510.0,64.0,0.552451
2510.0,65.0,0.24753
2510.0,66.0,0.0
2510.0,67.0,1.0
2510.0,68.0,0.512328
2510.0,69.0,0.998689
2510.0,70.0,0.50197
2510.0,71.0,1.0
2510.0,72.0,0.146625
2510.0,73.0,0.773263
2510.0,74.0,0.420864
2510.0,75.0,0.567163
2510.0,76.0,0.478994
2510.0,77.0,0.193153
2510.0,78.0,0.179708
2510.0,79.0,0.39338
2510.0,80.0,0.434694
2510.0,81.0,0.929286
2510.0,82.0,0.282149
2510.0,83.0,0.363754
2510.0,84.0,0.335811
2510.0,85.0,0.988384
2510.0,86.0,0.980006
2510.0,87.0,0.411199
2510.0,88.0,1.0
2510.0,89.0,0.376028
2510.0,90.0,0.453053
2510.0,91.0,0.0
2510.0,92.0,0.44169
2510.0,93.0,0.413013
2510.0,94.0,0.000716
2510.0,95.0,1.0
2510.0,96.0,0.226344
2510.0,97.0,1.0
2510.0,98.0,0.574228
2510.0,99.0,1.0
2510.0,100.0,0.120852
2510.0,101.0,0.655636
2510.0,102.0,0.620214
2510.0,103.0,0.443742
2510.0,104.0,1.0
2510.0,105.0,0.205158
2510.0,106.0,0.81347
2510.0,107.0,1.0
2510.0,108.0,1.0
2510.0,109.0,0.55009
2510.0,110.0,0.421684
2510.0,111.0,1.0
2510.0,112.0,0.337686
2510.0,113.0,0.0
2510.0,114.0,0.048786
2510.0,115.0,0.22067
2510.0,116.0,0.398836
2510.0,117.0,0.541318
2510.0,118.0,0.671783
2510.0,119.0,0.493052
2510.0,120.0,0.427276
2510.0,121.0,1.0
2510.0,122.0,0.0
2510.0,123.0,0.567536
2510.0,124.0,0.596812
2510.0,125.0,0.0
2510.0,126.0,0.486447
