FREQUENCIES 
Gen,mut_id,mut_freq
1.0,0.0,0.5
1.0,1.0,0.5
1.0,2.0,0.5
1.0,3.0,0.5
1.0,4.0,0.5
1.0,5.0,0.5
1.0,6.0,0.5
1.0,7.0,0.5
1.0,8.0,0.5
1.0,9.0,0.5
1.0,10.0,0.5
1.0,11.0,0.5
1.0,12.0,0.5
1.0,13.0,0.5
1.0,14.0,0.5
1.0,15.0,0.5
1.0,16.0,0.5
1.0,17.0,0.5
1.0,18.0,0.5
1.0,19.0,0.5
1.0,20.0,0.5
1.0,21.0,0.5
1.0,22.0,0.5
1.0,23.0,0.5
1.0,24.0,0.5
1.0,25.0,0.5
1.0,26.0,0.5
1.0,27.0,0.5
1.0,28.0,0.5
1.0,29.0,0.5
1.0,30.0,0.5
1.0,31.0,0.5
1.0,32.0,0.5
1.0,33.0,0.5
1.0,34.0,0.5
1.0,35.0,0.5
1.0,36.0,0.5
1.0,37.0,0.5
1.0,38.0,0.5
1.0,39.0,0.5
1.0,40.0,0.5
1.0,41.0,0.5
1.0,42.0,0.5
1.0,43.0,0.5
1.0,44.0,0.5
1.0,45.0,0.5
1.0,46.0,0.5
1.0,47.0,0.5
1.0,48.0,0.5
1.0,49.0,0.5
1.0,50.0,0.5
1.0,51.0,0.5
1.0,52.0,0.5
1.0,53.0,0.5
1.0,54.0,0.5
1.0,55.0,0.5
1.0,56.0,0.5
1.0,57.0,0.5
1.0,58.0,0.5
1.0,59.0,0.5
1.0,60.0,0.5
1.0,61.0,0.5
1.0,62.0,0.5
1.0,63.0,0.5
1.0,64.0,0.5
1.0,65.0,0.5
1.0,66.0,0.5
1.0,67.0,0.5
1.0,68.0,0.5
1.0,69.0,0.5
1.0,70.0,0.5
1.0,71.0,0.5
1.0,72.0,0.5
1.0,73.0,0.5
1.0,74.0,0.5
1.0,75.0,0.5
1.0,76.0,0.5
1.0,77.0,0.5
1.0,78.0,0.5
1.0,79.0,0.5
1.0,80.0,0.5
1.0,81.0,0.5
1.0,82.0,0.5
1.0,83.0,0.5
1.0,84.0,0.5
1.0,85.0,0.5
1.0,86.0,0.5
1.0,87.0,0.5
1.0,88.0,0.5
1.0,89.0,0.5
1.0,90.0,0.5
1.0,91.0,0.5
1.0,92.0,0.5
1.0,93.0,0.5
1.0,94.0,0.5
1.0,95.0,0.5
1.0,96.0,0.5
1.0,97.0,0.5
1.0,98.0,0.5
1.0,99.0,0.5
1.0,100.0,0.5
1.0,101.0,0.5
1.0,102.0,0.5
1.0,103.0,0.5
1.0,104.0,0.5
1.0,105.0,0.5
1.0,106.0,0.5
1.0,107.0,0.5
1.0,108.0,0.5
1.0,109.0,0.5
1.0,110.0,0.5
1.0,111.0,0.5
1.0,112.0,0.5
1.0,113.0,0.5
1.0,114.0,0.5
1.0,115.0,0.5
1.0,116.0,0.5
1.0,117.0,0.5
1.0,118.0,0.5
1.0,119.0,0.5
1.0,120.0,0.5
1.0,121.0,0.5
1.0,122.0,0.5
1.0,123.0,0.5
1.0,124.0,0.5
1.0,125.0,0.5
1.0,126.0,0.5
2500.0,0.0,0.525035
2500.0,1.0,0.311246
2500.0,2.0,0.983244
2500.0,3.0,0.268471
2500.0,4.0,0.999766
2500.0,5.0,0.460911
2500.0,6.0,0.617694
2500.0,7.0,0.69445
2500.0,8.0,0.35838
2500.0,9.0,0.52689
2500.0,10.0,0.431236
2500.0,11.0,0.224973
2500.0,12.0,0.967391
2500.0,13.0,0.47723
2500.0,14.0,0.645164
2500.0,15.0,0.623399
2500.0,16.0,0.526636
2500.0,17.0,0.666467
2500.0,18.0,1.0
2500.0,19.0,0.0
2500.0,20.0,0.0
2500.0,21.0,1.0
2500.0,22.0,0.999635
2500.0,23.0,0.558912
2500.0,24.0,1.0
2500.0,25.0,0.599178
2500.0,26.0,0.992968
2500.0,27.0,1.0
2500.0,28.0,0.368968
2500.0,29.0,0.248495
2500.0,30.0,0.528146
2500.0,31.0,0.360451
2500.0,32.0,1.0
2500.0,33.0,0.0
2500.0,34.0,0.536737
2500.0,35.0,0.95399
2500.0,36.0,0.257393
2500.0,37.0,0.318107
2500.0,38.0,0.369699
2500.0,39.0,0.586451
2500.0,40.0,0.94768
2500.0,41.0,0.394935
2500.0,42.0,0.032222
2500.0,43.0,0.939386
2500.0,44.0,0.686272
2500.0,45.0,0.638842
2500.0,46.0,0.644881
2500.0,47.0,0.646989
2500.0,48.0,0.89519
2500.0,49.0,0.351729
2500.0,50.0,0.091256
2500.0,51.0,0.231247
2500.0,52.0,0.198764
2500.0,53.0,0.0
2500.0,54.0,0.174008
2500.0,55.0,0.411009
2500.0,56.0,0.534703
2500.0,57.0,0.079328
2500.0,58.0,0.502556
2500.0,59.0,0.539182
2500.0,60.0,0.090177
2500.0,61.0,0.017287
2500.0,62.0,0.481434
2500.0,63.0,1.0
2500.0,64.0,0.001551
2500.0,65.0,0.881355
2500.0,66.0,0.481455
2500.0,67.0,0.30868
2500.0,68.0,0.552127
2500.0,69.0,1.0
2500.0,70.0,0.3894
2500.0,71.0,1.0
2500.0,72.0,0.176304
2500.0,73.0,0.726489
2500.0,74.0,0.210017
2500.0,75.0,0.863325
2500.0,76.0,0.322923
2500.0,77.0,0.623547
2500.0,78.0,0.0
2500.0,79.0,0.568258
2500.0,80.0,0.64154
2500.0,81.0,0.939437
2500.0,82.0,0.531691
2500.0,83.0,0.226575
2500.0,84.0,1.0
2500.0,85.0,0.461296
2500.0,86.0,0.0
2500.0,87.0,0.64843
2500.0,88.0,0.314764
2500.0,89.0,1.0
2500.0,90.0,0.543742
2500.0,91.0,1.0
2500.0,92.0,0.493589
2500.0,93.0,0.710341
2500.0,94.0,0.648352
2500.0,95.0,0.548839
2500.0,96.0,0.139038
2500.0,97.0,0.197701
2500.0,98.0,0.787481
2500.0,99.0,1.0
2500.0,100.0,0.181371
2500.0,101.0,0.473169
2500.0,102.0,1.0
2500.0,103.0,0.001192
2500.0,104.0,0.29551
2500.0,105.0,0.807042
2500.0,106.0,0.448081
2500.0,107.0,0.289286
2500.0,108.0,1.0
2500.0,109.0,0.233453
2500.0,110.0,0.425684
2500.0,111.0,0.492303
2500.0,112.0,0.531785
2500.0,113.0,0.589405
2500.0,114.0,0.004241
2500.0,115.0,0.571584
2500.0,116.0,1.0
2500.0,117.0,0.661801
2500.0,118.0,0.69934
2500.0,119.0,0.0
2500.0,120.0,0.566219
2500.0,121.0,0.440518
2500.0,122.0,0.594267
2500.0,123.0,0.411458
2500.0,124.0,1.0
2500.0,125.0,0.576007
2500.0,126.0,0.000632
2501.0,0.0,0.537393
2501.0,1.0,0.317426
2501.0,2.0,0.983747
2501.0,3.0,0.269777
2501.0,4.0,0.999715
2501.0,5.0,0.453422
2501.0,6.0,0.635321
2501.0,7.0,0.696159
2501.0,8.0,0.368771
2501.0,9.0,0.541092
2501.0,10.0,0.43908
2501.0,11.0,0.22778
2501.0,12.0,0.968193
2501.0,13.0,0.486992
2501.0,14.0,0.677355
2501.0,15.0,0.626933
2501.0,16.0,0.538428
2501.0,17.0,0.680472
2501.0,18.0,1.0
2501.0,19.0,0.0
2501.0,20.0,0.0
2501.0,21.0,1.0
2501.0,22.0,0.999668
2501.0,23.0,0.567612
2501.0,24.0,1.0
2501.0,25.0,0.633827
2501.0,26.0,0.993131
2501.0,27.0,1.0
2501.0,28.0,0.377672
2501.0,29.0,0.265178
2501.0,30.0,0.539704
2501.0,31.0,0.367065
2501.0,32.0,1.0
2501.0,33.0,0.0
2501.0,34.0,0.540168
2501.0,35.0,0.954357
2501.0,36.0,0.277825
2501.0,37.0,0.355991
2501.0,38.0,0.372207
2501.0,39.0,0.593283
2501.0,40.0,0.949059
2501.0,41.0,0.402503
2501.0,42.0,0.033915
2501.0,43.0,0.939069
2501.0,44.0,0.719813
2501.0,45.0,0.671827
2501.0,46.0,0.668412
2501.0,47.0,0.658982
2501.0,48.0,0.899571
2501.0,49.0,0.415903
2501.0,50.0,0.095071
2501.0,51.0,0.269218
2501.0,52.0,0.248479
2501.0,53.0,0.0
2501.0,54.0,0.176622
2501.0,55.0,0.439034
2501.0,56.0,0.546963
2501.0,57.0,0.092365
2501.0,58.0,0.517713
2501.0,59.0,0.545848
2501.0,60.0,0.089647
2501.0,61.0,0.017772
2501.0,62.0,0.499738
2501.0,63.0,1.0
2501.0,64.0,0.001444
2501.0,65.0,0.883037
2501.0,66.0,0.516682
2501.0,67.0,0.351412
2501.0,68.0,0.563435
2501.0,69.0,1.0
2501.0,70.0,0.396019
2501.0,71.0,1.0
2501.0,72.0,0.202238
2501.0,73.0,0.742831
2501.0,74.0,0.213421
2501.0,75.0,0.868725
2501.0,76.0,0.382477
2501.0,77.0,0.645933
2501.0,78.0,0.0
2501.0,79.0,0.569
2501.0,80.0,0.652159
2501.0,81.0,0.939993
2501.0,82.0,0.538719
2501.0,83.0,0.22776
2501.0,84.0,1.0
2501.0,85.0,0.454558
2501.0,86.0,0.0
2501.0,87.0,0.654594
2501.0,88.0,0.37675
2501.0,89.0,1.0
2501.0,90.0,0.559158
2501.0,91.0,1.0
2501.0,92.0,0.52908
2501.0,93.0,0.705465
2501.0,94.0,0.65409
2501.0,95.0,0.557397
2501.0,96.0,0.167663
2501.0,97.0,0.203097
2501.0,98.0,0.789827
2501.0,99.0,1.0
2501.0,100.0,0.213473
2501.0,101.0,0.464667
2501.0,102.0,1.0
2501.0,103.0,0.001247
2501.0,104.0,0.30813
2501.0,105.0,0.822611
2501.0,106.0,0.452624
2501.0,107.0,0.309367
2501.0,108.0,1.0
2501.0,109.0,0.236971
2501.0,110.0,0.445581
2501.0,111.0,0.521294
2501.0,112.0,0.555946
2501.0,113.0,0.626566
2501.0,114.0,0.005519
2501.0,115.0,0.586031
2501.0,116.0,1.0
2501.0,117.0,0.666247
2501.0,118.0,0.704201
2501.0,119.0,0.0
2501.0,120.0,0.57684
2501.0,121.0,0.444473
2501.0,122.0,0.598246
2501.0,123.0,0.432133
2501.0,124.0,1.0
2501.0,125.0,0.585086
2501.0,126.0,0.000652
2502.0,0.0,0.548954
2502.0,1.0,0.324018
2502.0,2.0,0.984282
2502.0,3.0,0.271743
2502.0,4.0,0.999679
2502.0,5.0,0.446893
2502.0,6.0,0.6517
2502.0,7.0,0.697917
2502.0,8.0,0.378821
2502.0,9.0,0.554361
2502.0,10.0,0.444928
2502.0,11.0,0.230464
2502.0,12.0,0.968559
2502.0,13.0,0.496101
2502.0,14.0,0.706796
2502.0,15.0,0.631455
2502.0,16.0,0.551487
2502.0,17.0,0.692549
2502.0,18.0,1.0
2502.0,19.0,0.0
2502.0,20.0,0.0
2502.0,21.0,1.0
2502.0,22.0,0.999677
2502.0,23.0,0.575195
2502.0,24.0,1.0
2502.0,25.0,0.666966
2502.0,26.0,0.993397
2502.0,27.0,1.0
2502.0,28.0,0.387336
2502.0,29.0,0.280612
2502.0,30.0,0.549414
2502.0,31.0,0.373001
2502.0,32.0,1.0
2502.0,33.0,0.0
2502.0,34.0,0.543968
2502.0,35.0,0.954432
2502.0,36.0,0.298063
2502.0,37.0,0.395316
2502.0,38.0,0.374304
2502.0,39.0,0.599671
2502.0,40.0,0.950525
2502.0,41.0,0.408587
2502.0,42.0,0.035594
2502.0,43.0,0.938995
2502.0,44.0,0.748434
2502.0,45.0,0.699985
2502.0,46.0,0.689091
2502.0,47.0,0.670239
2502.0,48.0,0.904058
2502.0,49.0,0.47948
2502.0,50.0,0.098625
2502.0,51.0,0.307207
2502.0,52.0,0.302128
2502.0,53.0,0.0
2502.0,54.0,0.178721
2502.0,55.0,0.466418
2502.0,56.0,0.559237
2502.0,57.0,0.107273
2502.0,58.0,0.532908
2502.0,59.0,0.552362
2502.0,60.0,0.088963
2502.0,61.0,0.01805
2502.0,62.0,0.516702
2502.0,63.0,1.0
2502.0,64.0,0.001349
2502.0,65.0,0.883588
2502.0,66.0,0.549005
2502.0,67.0,0.394177
2502.0,68.0,0.574212
2502.0,69.0,1.0
2502.0,70.0,0.403184
2502.0,71.0,1.0
2502.0,72.0,0.230124
2502.0,73.0,0.756881
2502.0,74.0,0.215322
2502.0,75.0,0.873347
2502.0,76.0,0.439152
2502.0,77.0,0.665768
2502.0,78.0,0.0
2502.0,79.0,0.571289
2502.0,80.0,0.663116
2502.0,81.0,0.940728
2502.0,82.0,0.54527
2502.0,83.0,0.22771
2502.0,84.0,1.0
2502.0,85.0,0.448357
2502.0,86.0,0.0
2502.0,87.0,0.660441
2502.0,88.0,0.435134
2502.0,89.0,1.0
2502.0,90.0,0.573711
2502.0,91.0,1.0
2502.0,92.0,0.561164
2502.0,93.0,0.701286
2502.0,94.0,0.659193
2502.0,95.0,0.566884
2502.0,96.0,0.198884
2502.0,97.0,0.208005
2502.0,98.0,0.791328
2502.0,99.0,1.0
2502.0,100.0,0.245552
2502.0,101.0,0.457152
2502.0,102.0,1.0
2502.0,103.0,0.001327
2502.0,104.0,0.320492
2502.0,105.0,0.835958
2502.0,106.0,0.4572
2502.0,107.0,0.328742
2502.0,108.0,1.0
2502.0,109.0,0.241537
2502.0,110.0,0.462608
2502.0,111.0,0.547797
2502.0,112.0,0.578403
2502.0,113.0,0.658587
2502.0,114.0,0.006824
2502.0,115.0,0.599421
2502.0,116.0,1.0
2502.0,117.0,0.671256
2502.0,118.0,0.708636
2502.0,119.0,0.0
2502.0,120.0,0.587773
2502.0,121.0,0.44782
2502.0,122.0,0.602086
2502.0,123.0,0.452306
2502.0,124.0,1.0
2502.0,125.0,0.594021
2502.0,126.0,0.000703
2503.0,0.0,0.561488
2503.0,1.0,0.329328
2503.0,2.0,0.984978
2503.0,3.0,0.273233
2503.0,4.0,0.999601
2503.0,5.0,0.43922
2503.0,6.0,0.667039
2503.0,7.0,0.698973
2503.0,8.0,0.389501
2503.0,9.0,0.566196
2503.0,10.0,0.450989
2503.0,11.0,0.232407
2503.0,12.0,0.969014
2503.0,13.0,0.506231
2503.0,14.0,0.734886
2503.0,15.0,0.635904
2503.0,16.0,0.564388
2503.0,17.0,0.702818
2503.0,18.0,1.0
2503.0,19.0,0.0
2503.0,20.0,0.0
2503.0,21.0,1.0
2503.0,22.0,0.999704
2503.0,23.0,0.583922
2503.0,24.0,1.0
2503.0,25.0,0.697014
2503.0,26.0,0.993662
2503.0,27.0,1.0
2503.0,28.0,0.396131
2503.0,29.0,0.296752
2503.0,30.0,0.560006
2503.0,31.0,0.379022
2503.0,32.0,1.0
2503.0,33.0,0.0
2503.0,34.0,0.546925
2503.0,35.0,0.95463
2503.0,36.0,0.319202
2503.0,37.0,0.431728
2503.0,38.0,0.37681
2503.0,39.0,0.6062
2503.0,40.0,0.952109
2503.0,41.0,0.416451
2503.0,42.0,0.037223
2503.0,43.0,0.938915
2503.0,44.0,0.7735
2503.0,45.0,0.724242
2503.0,46.0,0.708051
2503.0,47.0,0.680657
2503.0,48.0,0.908363
2503.0,49.0,0.540562
2503.0,50.0,0.101844
2503.0,51.0,0.343869
2503.0,52.0,0.355841
2503.0,53.0,0.0
2503.0,54.0,0.182087
2503.0,55.0,0.494335
2503.0,56.0,0.571119
2503.0,57.0,0.123777
2503.0,58.0,0.547175
2503.0,59.0,0.558416
2503.0,60.0,0.088683
2503.0,61.0,0.018408
2503.0,62.0,0.53411
2503.0,63.0,1.0
2503.0,64.0,0.001309
2503.0,65.0,0.884087
2503.0,66.0,0.579119
2503.0,67.0,0.434697
2503.0,68.0,0.585747
2503.0,69.0,1.0
2503.0,70.0,0.409574
2503.0,71.0,1.0
2503.0,72.0,0.259699
2503.0,73.0,0.770294
2503.0,74.0,0.217237
2503.0,75.0,0.878249
2503.0,76.0,0.490821
2503.0,77.0,0.685137
2503.0,78.0,0.0
2503.0,79.0,0.572499
2503.0,80.0,0.672547
2503.0,81.0,0.941224
2503.0,82.0,0.553004
2503.0,83.0,0.2277
2503.0,84.0,1.0
2503.0,85.0,0.44104
2503.0,86.0,0.0
2503.0,87.0,0.666217
2503.0,88.0,0.489034
2503.0,89.0,1.0
2503.0,90.0,0.587521
2503.0,91.0,1.0
2503.0,92.0,0.589554
2503.0,93.0,0.700608
2503.0,94.0,0.663761
2503.0,95.0,0.576289
2503.0,96.0,0.23462
2503.0,97.0,0.21343
2503.0,98.0,0.792747
2503.0,99.0,1.0
2503.0,100.0,0.279612
2503.0,101.0,0.44874
2503.0,102.0,1.0
2503.0,103.0,0.001378
2503.0,104.0,0.333296
2503.0,105.0,0.848316
2503.0,106.0,0.461316
2503.0,107.0,0.348706
2503.0,108.0,1.0
2503.0,109.0,0.245416
2503.0,110.0,0.479684
2503.0,111.0,0.5722
2503.0,112.0,0.600347
2503.0,113.0,0.686689
2503.0,114.0,0.00875
2503.0,115.0,0.611084
2503.0,116.0,1.0
2503.0,117.0,0.674088
2503.0,118.0,0.713153
2503.0,119.0,0.0
2503.0,120.0,0.596897
2503.0,121.0,0.451928
2503.0,122.0,0.60558
2503.0,123.0,0.471832
2503.0,124.0,1.0
2503.0,125.0,0.601248
2503.0,126.0,0.000789
2504.0,0.0,0.574756
2504.0,1.0,0.334463
2504.0,2.0,0.985227
2504.0,3.0,0.275099
2504.0,4.0,0.99958
2504.0,5.0,0.431163
2504.0,6.0,0.681025
2504.0,7.0,0.70035
2504.0,8.0,0.400105
2504.0,9.0,0.578638
2504.0,10.0,0.456324
2504.0,11.0,0.234908
2504.0,12.0,0.969239
2504.0,13.0,0.514315
2504.0,14.0,0.75981
2504.0,15.0,0.640469
2504.0,16.0,0.575621
2504.0,17.0,0.711828
2504.0,18.0,1.0
2504.0,19.0,0.0
2504.0,20.0,0.0
2504.0,21.0,1.0
2504.0,22.0,0.999751
2504.0,23.0,0.592435
2504.0,24.0,1.0
2504.0,25.0,0.725449
2504.0,26.0,0.993819
2504.0,27.0,1.0
2504.0,28.0,0.404701
2504.0,29.0,0.312327
2504.0,30.0,0.571047
2504.0,31.0,0.384576
2504.0,32.0,1.0
2504.0,33.0,0.0
2504.0,34.0,0.550562
2504.0,35.0,0.955326
2504.0,36.0,0.342113
2504.0,37.0,0.467368
2504.0,38.0,0.378731
2504.0,39.0,0.612522
2504.0,40.0,0.953344
2504.0,41.0,0.423943
2504.0,42.0,0.039361
2504.0,43.0,0.939292
2504.0,44.0,0.795657
2504.0,45.0,0.744026
2504.0,46.0,0.725493
2504.0,47.0,0.690374
2504.0,48.0,0.912982
2504.0,49.0,0.599539
2504.0,50.0,0.105185
2504.0,51.0,0.379498
2504.0,52.0,0.408989
2504.0,53.0,0.0
2504.0,54.0,0.185122
2504.0,55.0,0.522957
2504.0,56.0,0.583488
2504.0,57.0,0.143251
2504.0,58.0,0.561344
2504.0,59.0,0.563526
2504.0,60.0,0.088892
2504.0,61.0,0.018575
2504.0,62.0,0.551246
2504.0,63.0,1.0
2504.0,64.0,0.001242
2504.0,65.0,0.884453
2504.0,66.0,0.606504
2504.0,67.0,0.474256
2504.0,68.0,0.596174
2504.0,69.0,1.0
2504.0,70.0,0.414027
2504.0,71.0,1.0
2504.0,72.0,0.290298
2504.0,73.0,0.783234
2504.0,74.0,0.219167
2504.0,75.0,0.883222
2504.0,76.0,0.536086
2504.0,77.0,0.702495
2504.0,78.0,0.0
2504.0,79.0,0.57447
2504.0,80.0,0.680772
2504.0,81.0,0.942118
2504.0,82.0,0.561753
2504.0,83.0,0.227673
2504.0,84.0,1.0
2504.0,85.0,0.432838
2504.0,86.0,0.0
2504.0,87.0,0.671583
2504.0,88.0,0.536861
2504.0,89.0,1.0
2504.0,90.0,0.60021
2504.0,91.0,1.0
2504.0,92.0,0.615845
2504.0,93.0,0.704336
2504.0,94.0,0.668389
2504.0,95.0,0.584621
2504.0,96.0,0.275403
2504.0,97.0,0.217901
2504.0,98.0,0.793342
2504.0,99.0,1.0
2504.0,100.0,0.314798
2504.0,101.0,0.439536
2504.0,102.0,1.0
2504.0,103.0,0.00132
2504.0,104.0,0.345339
2504.0,105.0,0.860637
2504.0,106.0,0.465852
2504.0,107.0,0.369308
2504.0,108.0,1.0
2504.0,109.0,0.248109
2504.0,110.0,0.496688
2504.0,111.0,0.59465
2504.0,112.0,0.619675
2504.0,113.0,0.710172
2504.0,114.0,0.011227
2504.0,115.0,0.620561
2504.0,116.0,1.0
2504.0,117.0,0.678793
2504.0,118.0,0.717179
2504.0,119.0,0.0
2504.0,120.0,0.606119
2504.0,121.0,0.456067
2504.0,122.0,0.608503
2504.0,123.0,0.490073
2504.0,124.0,1.0
2504.0,125.0,0.608851
2504.0,126.0,0.000847
2505.0,0.0,0.586073
2505.0,1.0,0.337739
2505.0,2.0,0.985577
2505.0,3.0,0.276444
2505.0,4.0,0.999514
2505.0,5.0,0.425307
2505.0,6.0,0.694591
2505.0,7.0,0.702555
2505.0,8.0,0.409021
2505.0,9.0,0.589474
2505.0,10.0,0.462004
2505.0,11.0,0.237617
2505.0,12.0,0.969839
2505.0,13.0,0.523132
2505.0,14.0,0.782807
2505.0,15.0,0.644574
2505.0,16.0,0.585453
2505.0,17.0,0.719254
2505.0,18.0,1.0
2505.0,19.0,0.0
2505.0,20.0,0.0
2505.0,21.0,1.0
2505.0,22.0,0.999777
2505.0,23.0,0.600121
2505.0,24.0,1.0
2505.0,25.0,0.752479
2505.0,26.0,0.994075
2505.0,27.0,1.0
2505.0,28.0,0.414414
2505.0,29.0,0.329215
2505.0,30.0,0.579903
2505.0,31.0,0.390615
2505.0,32.0,1.0
2505.0,33.0,0.0
2505.0,34.0,0.552361
2505.0,35.0,0.95535
2505.0,36.0,0.365699
2505.0,37.0,0.50244
2505.0,38.0,0.382386
2505.0,39.0,0.618958
2505.0,40.0,0.954739
2505.0,41.0,0.431326
2505.0,42.0,0.041433
2505.0,43.0,0.939882
2505.0,44.0,0.814954
2505.0,45.0,0.759922
2505.0,46.0,0.7403
2505.0,47.0,0.698515
2505.0,48.0,0.917045
2505.0,49.0,0.654299
2505.0,50.0,0.108534
2505.0,51.0,0.414451
2505.0,52.0,0.461507
2505.0,53.0,0.0
2505.0,54.0,0.188363
2505.0,55.0,0.550094
2505.0,56.0,0.595196
2505.0,57.0,0.164233
2505.0,58.0,0.575704
2505.0,59.0,0.568386
2505.0,60.0,0.088759
2505.0,61.0,0.018671
2505.0,62.0,0.567027
2505.0,63.0,1.0
2505.0,64.0,0.001078
2505.0,65.0,0.884786
2505.0,66.0,0.632423
2505.0,67.0,0.512099
2505.0,68.0,0.607183
2505.0,69.0,1.0
2505.0,70.0,0.419142
2505.0,71.0,1.0
2505.0,72.0,0.321364
2505.0,73.0,0.794944
2505.0,74.0,0.220807
2505.0,75.0,0.887744
2505.0,76.0,0.576685
2505.0,77.0,0.718389
2505.0,78.0,0.0
2505.0,79.0,0.575972
2505.0,80.0,0.688759
2505.0,81.0,0.942696
2505.0,82.0,0.568023
2505.0,83.0,0.228889
2505.0,84.0,1.0
2505.0,85.0,0.426827
2505.0,86.0,0.0
2505.0,87.0,0.678029
2505.0,88.0,0.577856
2505.0,89.0,1.0
2505.0,90.0,0.612114
2505.0,91.0,1.0
2505.0,92.0,0.639259
2505.0,93.0,0.710437
2505.0,94.0,0.672682
2505.0,95.0,0.593461
2505.0,96.0,0.322644
2505.0,97.0,0.222136
2505.0,98.0,0.794785
2505.0,99.0,1.0
2505.0,100.0,0.35021
2505.0,101.0,0.432845
2505.0,102.0,1.0
2505.0,103.0,0.001353
2505.0,104.0,0.358027
2505.0,105.0,0.871367
2505.0,106.0,0.469495
2505.0,107.0,0.388853
2505.0,108.0,1.0
2505.0,109.0,0.251769
2505.0,110.0,0.512792
2505.0,111.0,0.614765
2505.0,112.0,0.63831
2505.0,113.0,0.732037
2505.0,114.0,0.014556
2505.0,115.0,0.628237
2505.0,116.0,1.0
2505.0,117.0,0.68242
2505.0,118.0,0.721424
2505.0,119.0,0.0
2505.0,120.0,0.614327
2505.0,121.0,0.459605
2505.0,122.0,0.611217
2505.0,123.0,0.507716
2505.0,124.0,1.0
2505.0,125.0,0.615365
2505.0,126.0,0.000911
2506.0,0.0,0.559368
2506.0,1.0,0.33183
2506.0,2.0,0.98539
2506.0,3.0,0.275483
2506.0,4.0,0.999627
2506.0,5.0,0.445487
2506.0,6.0,0.679762
2506.0,7.0,0.701275
2506.0,8.0,0.398914
2506.0,9.0,0.577549
2506.0,10.0,0.45697
2506.0,11.0,0.234263
2506.0,12.0,0.968833
2506.0,13.0,0.513422
2506.0,14.0,0.755596
2506.0,15.0,0.6403
2506.0,16.0,0.573034
2506.0,17.0,0.709694
2506.0,18.0,1.0
2506.0,19.0,0.0
2506.0,20.0,0.0
2506.0,21.0,1.0
2506.0,22.0,0.999803
2506.0,23.0,0.591372
2506.0,24.0,1.0
2506.0,25.0,0.721652
2506.0,26.0,0.993871
2506.0,27.0,1.0
2506.0,28.0,0.405192
2506.0,29.0,0.311431
2506.0,30.0,0.555974
2506.0,31.0,0.383947
2506.0,32.0,1.0
2506.0,33.0,0.0
2506.0,34.0,0.550605
2506.0,35.0,0.954889
2506.0,36.0,0.337264
2506.0,37.0,0.45953
2506.0,38.0,0.381488
2506.0,39.0,0.611369
2506.0,40.0,0.95348
2506.0,41.0,0.424915
2506.0,42.0,0.039079
2506.0,43.0,0.93958
2506.0,44.0,0.792335
2506.0,45.0,0.737137
2506.0,46.0,0.721152
2506.0,47.0,0.688377
2506.0,48.0,0.913137
2506.0,49.0,0.582856
2506.0,50.0,0.105183
2506.0,51.0,0.370426
2506.0,52.0,0.38914
2506.0,53.0,0.0
2506.0,54.0,0.18616
2506.0,55.0,0.518498
2506.0,56.0,0.58181
2506.0,57.0,0.139174
2506.0,58.0,0.558556
2506.0,59.0,0.563148
2506.0,60.0,0.089169
2506.0,61.0,0.018538
2506.0,62.0,0.537322
2506.0,63.0,1.0
2506.0,64.0,0.001141
2506.0,65.0,0.883443
2506.0,66.0,0.598845
2506.0,67.0,0.465771
2506.0,68.0,0.597175
2506.0,69.0,1.0
2506.0,70.0,0.412491
2506.0,71.0,1.0
2506.0,72.0,0.283304
2506.0,73.0,0.781701
2506.0,74.0,0.217726
2506.0,75.0,0.882941
2506.0,76.0,0.522187
2506.0,77.0,0.70025
2506.0,78.0,0.0
2506.0,79.0,0.573415
2506.0,80.0,0.680142
2506.0,81.0,0.94248
2506.0,82.0,0.548511
2506.0,83.0,0.227452
2506.0,84.0,1.0
2506.0,85.0,0.446394
2506.0,86.0,0.0
2506.0,87.0,0.674181
2506.0,88.0,0.510816
2506.0,89.0,1.0
2506.0,90.0,0.597984
2506.0,91.0,1.0
2506.0,92.0,0.613536
2506.0,93.0,0.707047
2506.0,94.0,0.668262
2506.0,95.0,0.584237
2506.0,96.0,0.268326
2506.0,97.0,0.216792
2506.0,98.0,0.793643
2506.0,99.0,1.0
2506.0,100.0,0.30903
2506.0,101.0,0.453861
2506.0,102.0,1.0
2506.0,103.0,0.001296
2506.0,104.0,0.343413
2506.0,105.0,0.858721
2506.0,106.0,0.46516
2506.0,107.0,0.366476
2506.0,108.0,1.0
2506.0,109.0,0.248303
2506.0,110.0,0.493078
2506.0,111.0,0.590051
2506.0,112.0,0.614737
2506.0,113.0,0.707979
2506.0,114.0,0.011102
2506.0,115.0,0.61854
2506.0,116.0,1.0
2506.0,117.0,0.678442
2506.0,118.0,0.716927
2506.0,119.0,0.0
2506.0,120.0,0.605774
2506.0,121.0,0.454538
2506.0,122.0,0.609419
2506.0,123.0,0.486152
2506.0,124.0,1.0
2506.0,125.0,0.60893
2506.0,126.0,0.000923
2507.0,0.0,0.543726
2507.0,1.0,0.326824
2507.0,2.0,0.985112
2507.0,3.0,0.273409
2507.0,4.0,0.999652
2507.0,5.0,0.455659
2507.0,6.0,0.664109
2507.0,7.0,0.698821
2507.0,8.0,0.388735
2507.0,9.0,0.564782
2507.0,10.0,0.450647
2507.0,11.0,0.232384
2507.0,12.0,0.968519
2507.0,13.0,0.504356
2507.0,14.0,0.728676
2507.0,15.0,0.63636
2507.0,16.0,0.561388
2507.0,17.0,0.700437
2507.0,18.0,1.0
2507.0,19.0,0.0
2507.0,20.0,0.0
2507.0,21.0,1.0
2507.0,22.0,0.999819
2507.0,23.0,0.583272
2507.0,24.0,1.0
2507.0,25.0,0.690988
2507.0,26.0,0.993671
2507.0,27.0,1.0
2507.0,28.0,0.396091
2507.0,29.0,0.295157
2507.0,30.0,0.542696
2507.0,31.0,0.377459
2507.0,32.0,1.0
2507.0,33.0,0.0
2507.0,34.0,0.548884
2507.0,35.0,0.954474
2507.0,36.0,0.313667
2507.0,37.0,0.419846
2507.0,38.0,0.377246
2507.0,39.0,0.60347
2507.0,40.0,0.952008
2507.0,41.0,0.417799
2507.0,42.0,0.037267
2507.0,43.0,0.938996
2507.0,44.0,0.768146
2507.0,45.0,0.712893
2507.0,46.0,0.70215
2507.0,47.0,0.678531
2507.0,48.0,0.908458
2507.0,49.0,0.516158
2507.0,50.0,0.101725
2507.0,51.0,0.329814
2507.0,52.0,0.328013
2507.0,53.0,0.0
2507.0,54.0,0.182211
2507.0,55.0,0.488776
2507.0,56.0,0.569717
2507.0,57.0,0.118681
2507.0,58.0,0.543621
2507.0,59.0,0.557465
2507.0,60.0,0.089035
2507.0,61.0,0.018455
2507.0,62.0,0.517234
2507.0,63.0,1.0
2507.0,64.0,0.001146
2507.0,65.0,0.882919
2507.0,66.0,0.566992
2507.0,67.0,0.422178
2507.0,68.0,0.588022
2507.0,69.0,1.0
2507.0,70.0,0.404802
2507.0,71.0,1.0
2507.0,72.0,0.250455
2507.0,73.0,0.768045
2507.0,74.0,0.214944
2507.0,75.0,0.878263
2507.0,76.0,0.467558
2507.0,77.0,0.680923
2507.0,78.0,0.0
2507.0,79.0,0.571949
2507.0,80.0,0.669926
2507.0,81.0,0.941893
2507.0,82.0,0.538492
2507.0,83.0,0.226338
2507.0,84.0,1.0
2507.0,85.0,0.456218
2507.0,86.0,0.0
2507.0,87.0,0.669149
2507.0,88.0,0.451463
2507.0,89.0,1.0
2507.0,90.0,0.584847
2507.0,91.0,1.0
2507.0,92.0,0.586201
2507.0,93.0,0.706561
2507.0,94.0,0.662956
2507.0,95.0,0.576693
2507.0,96.0,0.225307
2507.0,97.0,0.212247
2507.0,98.0,0.79149
2507.0,99.0,1.0
2507.0,100.0,0.270812
2507.0,101.0,0.464718
2507.0,102.0,1.0
2507.0,103.0,0.001201
2507.0,104.0,0.332015
2507.0,105.0,0.84574
2507.0,106.0,0.460679
2507.0,107.0,0.345042
2507.0,108.0,1.0
2507.0,109.0,0.244754
2507.0,110.0,0.473342
2507.0,111.0,0.565323
2507.0,112.0,0.593486
2507.0,113.0,0.682041
2507.0,114.0,0.008705
2507.0,115.0,0.608581
2507.0,116.0,1.0
2507.0,117.0,0.674037
2507.0,118.0,0.711446
2507.0,119.0,0.0
2507.0,120.0,0.596985
2507.0,121.0,0.450233
2507.0,122.0,0.605076
2507.0,123.0,0.467006
2507.0,124.0,1.0
2507.0,125.0,0.601254
2507.0,126.0,0.000812
2508.0,0.0,0.534448
2508.0,1.0,0.321808
2508.0,2.0,0.984739
2508.0,3.0,0.271739
2508.0,4.0,0.999684
2508.0,5.0,0.45966
2508.0,6.0,0.648208
2508.0,7.0,0.696514
2508.0,8.0,0.380079
2508.0,9.0,0.551862
2508.0,10.0,0.444758
2508.0,11.0,0.229021
2508.0,12.0,0.967926
2508.0,13.0,0.495981
2508.0,14.0,0.701687
2508.0,15.0,0.63251
2508.0,16.0,0.550034
2508.0,17.0,0.690985
2508.0,18.0,1.0
2508.0,19.0,0.0
2508.0,20.0,0.0
2508.0,21.0,1.0
2508.0,22.0,0.999854
2508.0,23.0,0.576152
2508.0,24.0,1.0
2508.0,25.0,0.660737
2508.0,26.0,0.993585
2508.0,27.0,1.0
2508.0,28.0,0.388565
2508.0,29.0,0.279115
2508.0,30.0,0.535601
2508.0,31.0,0.37065
2508.0,32.0,1.0
2508.0,33.0,0.0
2508.0,34.0,0.546887
2508.0,35.0,0.953787
2508.0,36.0,0.292697
2508.0,37.0,0.383209
2508.0,38.0,0.373879
2508.0,39.0,0.596074
2508.0,40.0,0.950418
2508.0,41.0,0.412161
2508.0,42.0,0.035736
2508.0,43.0,0.938665
2508.0,44.0,0.743073
2508.0,45.0,0.687207
2508.0,46.0,0.682435
2508.0,47.0,0.669416
2508.0,48.0,0.903326
2508.0,49.0,0.455575
2508.0,50.0,0.0984
2508.0,51.0,0.293287
2508.0,52.0,0.277497
2508.0,53.0,0.0
2508.0,54.0,0.178175
2508.0,55.0,0.461319
2508.0,56.0,0.558009
2508.0,57.0,0.102881
2508.0,58.0,0.528945
2508.0,59.0,0.551929
2508.0,60.0,0.089608
2508.0,61.0,0.018142
2508.0,62.0,0.503341
2508.0,63.0,1.0
2508.0,64.0,0.001011
2508.0,65.0,0.883039
2508.0,66.0,0.537129
2508.0,67.0,0.380809
2508.0,68.0,0.579067
2508.0,69.0,1.0
2508.0,70.0,0.399283
2508.0,71.0,1.0
2508.0,72.0,0.22261
2508.0,73.0,0.754133
2508.0,74.0,0.211414
2508.0,75.0,0.873752
2508.0,76.0,0.413896
2508.0,77.0,0.660742
2508.0,78.0,0.0
2508.0,79.0,0.569229
2508.0,80.0,0.66042
2508.0,81.0,0.941448
2508.0,82.0,0.53393
2508.0,83.0,0.225191
2508.0,84.0,1.0
2508.0,85.0,0.460162
2508.0,86.0,0.0
2508.0,87.0,0.66453
2508.0,88.0,0.399653
2508.0,89.0,1.0
2508.0,90.0,0.571546
2508.0,91.0,1.0
2508.0,92.0,0.55926
2508.0,93.0,0.708143
2508.0,94.0,0.659048
2508.0,95.0,0.568695
2508.0,96.0,0.190929
2508.0,97.0,0.20847
2508.0,98.0,0.790164
2508.0,99.0,1.0
2508.0,100.0,0.237085
2508.0,101.0,0.470064
2508.0,102.0,1.0
2508.0,103.0,0.001132
2508.0,104.0,0.319956
2508.0,105.0,0.833076
2508.0,106.0,0.456728
2508.0,107.0,0.324723
2508.0,108.0,1.0
2508.0,109.0,0.241126
2508.0,110.0,0.455242
2508.0,111.0,0.541349
2508.0,112.0,0.571213
2508.0,113.0,0.653039
2508.0,114.0,0.006791
2508.0,115.0,0.598153
2508.0,116.0,1.0
2508.0,117.0,0.670596
2508.0,118.0,0.706717
2508.0,119.0,0.0
2508.0,120.0,0.588034
2508.0,121.0,0.445507
2508.0,122.0,0.601945
2508.0,123.0,0.449177
2508.0,124.0,1.0
2508.0,125.0,0.592016
2508.0,126.0,0.000802
2509.0,0.0,0.528759
2509.0,1.0,0.316345
2509.0,2.0,0.984689
2509.0,3.0,0.270654
2509.0,4.0,0.999677
2509.0,5.0,0.461096
2509.0,6.0,0.633842
2509.0,7.0,0.694182
2509.0,8.0,0.371019
2509.0,9.0,0.539531
2509.0,10.0,0.439489
2509.0,11.0,0.227558
2509.0,12.0,0.967962
2509.0,13.0,0.48813
2509.0,14.0,0.674932
2509.0,15.0,0.629084
2509.0,16.0,0.538409
2509.0,17.0,0.680274
2509.0,18.0,1.0
2509.0,19.0,0.0
2509.0,20.0,0.0
2509.0,21.0,1.0
2509.0,22.0,0.999864
2509.0,23.0,0.567837
2509.0,24.0,1.0
2509.0,25.0,0.629875
2509.0,26.0,0.993522
2509.0,27.0,1.0
2509.0,28.0,0.381048
2509.0,29.0,0.264661
2509.0,30.0,0.530996
2509.0,31.0,0.364264
2509.0,32.0,1.0
2509.0,33.0,0.0
2509.0,34.0,0.545035
2509.0,35.0,0.953154
2509.0,36.0,0.274654
2509.0,37.0,0.350566
2509.0,38.0,0.370121
2509.0,39.0,0.590337
2509.0,40.0,0.949262
2509.0,41.0,0.404174
2509.0,42.0,0.034391
2509.0,43.0,0.93795
2509.0,44.0,0.717086
2509.0,45.0,0.662618
2509.0,46.0,0.662937
2509.0,47.0,0.65828
2509.0,48.0,0.898465
2509.0,49.0,0.402995
2509.0,50.0,0.094316
2509.0,51.0,0.259087
2509.0,52.0,0.234551
2509.0,53.0,0.0
2509.0,54.0,0.175248
2509.0,55.0,0.435757
2509.0,56.0,0.545442
2509.0,57.0,0.090815
2509.0,58.0,0.515417
2509.0,59.0,0.545674
2509.0,60.0,0.089178
2509.0,61.0,0.017828
2509.0,62.0,0.49189
2509.0,63.0,1.0
2509.0,64.0,0.001065
2509.0,65.0,0.882751
2509.0,66.0,0.509286
2509.0,67.0,0.341108
2509.0,68.0,0.568218
2509.0,69.0,1.0
2509.0,70.0,0.393344
2509.0,71.0,1.0
2509.0,72.0,0.198414
2509.0,73.0,0.739183
2509.0,74.0,0.208842
2509.0,75.0,0.869157
2509.0,76.0,0.364175
2509.0,77.0,0.641437
2509.0,78.0,0.0
2509.0,79.0,0.566727
2509.0,80.0,0.652441
2509.0,81.0,0.940846
2509.0,82.0,0.532286
2509.0,83.0,0.224479
2509.0,84.0,1.0
2509.0,85.0,0.461081
2509.0,86.0,0.0
2509.0,87.0,0.660044
2509.0,88.0,0.35488
2509.0,89.0,1.0
2509.0,90.0,0.55873
2509.0,91.0,1.0
2509.0,92.0,0.530745
2509.0,93.0,0.709317
2509.0,94.0,0.654117
2509.0,95.0,0.560026
2509.0,96.0,0.162959
2509.0,97.0,0.204116
2509.0,98.0,0.788922
2509.0,99.0,1.0
2509.0,100.0,0.207498
2509.0,101.0,0.472019
2509.0,102.0,1.0
2509.0,103.0,0.001148
2509.0,104.0,0.307178
2509.0,105.0,0.819623
2509.0,106.0,0.452556
2509.0,107.0,0.306805
2509.0,108.0,1.0
2509.0,109.0,0.23731
2509.0,110.0,0.437946
2509.0,111.0,0.517431
2509.0,112.0,0.551149
2509.0,113.0,0.622286
2509.0,114.0,0.005339
2509.0,115.0,0.58782
2509.0,116.0,1.0
2509.0,117.0,0.66676
2509.0,118.0,0.702534
2509.0,119.0,0.0
2509.0,120.0,0.579758
2509.0,121.0,0.440997
2509.0,122.0,0.597736
2509.0,123.0,0.430454
2509.0,124.0,1.0
2509.0,125.0,0.58219
2509.0,126.0,0.000701
2510.0,0.0,0.5249
2510.0,1.0,0.310616
2510.0,2.0,0.984117
2510.0,3.0,0.26995
2510.0,4.0,0.999702
2510.0,5.0,0.460901
2510.0,6.0,0.618868
2510.0,7.0,0.692839
2510.0,8.0,0.362518
2510.0,9.0,0.526238
2510.0,10.0,0.433926
2510.0,11.0,0.225552
2510.0,12.0,0.967526
2510.0,13.0,0.479268
2510.0,14.0,0.647925
2510.0,15.0,0.623229
2510.0,16.0,0.528976
2510.0,17.0,0.669834
2510.0,18.0,1.0
2510.0,19.0,0.0
2510.0,20.0,0.0
2510.0,21.0,1.0
2510.0,22.0,0.999869
2510.0,23.0,0.561059
2510.0,24.0,1.0
2510.0,25.0,0.599833
2510.0,26.0,0.993382
2510.0,27.0,1.0
2510.0,28.0,0.372957
2510.0,29.0,0.250291
2510.0,30.0,0.527582
2510.0,31.0,0.359119
2510.0,32.0,1.0
2510.0,33.0,0.0
2510.0,34.0,0.542533
2510.0,35.0,0.952526
2510.0,36.0,0.2581
2510.0,37.0,0.31929
2510.0,38.0,0.367069
2510.0,39.0,0.584945
2510.0,40.0,0.947618
2510.0,41.0,0.39634
2510.0,42.0,0.032998
2510.0,43.0,0.937896
2510.0,44.0,0.689879
2510.0,45.0,0.63697
2510.0,46.0,0.643273
2510.0,47.0,0.64724
2510.0,48.0,0.893214
2510.0,49.0,0.355703
2510.0,50.0,0.09065
2510.0,51.0,0.228452
2510.0,52.0,0.199706
2510.0,53.0,0.0
2510.0,54.0,0.171348
2510.0,55.0,0.411712
2510.0,56.0,0.533565
2510.0,57.0,0.080221
2510.0,58.0,0.501324
2510.0,59.0,0.539655
2510.0,60.0,0.089019
2510.0,61.0,0.017708
2510.0,62.0,0.481243
2510.0,63.0,1.0
2510.0,64.0,0.001091
2510.0,65.0,0.883088
2510.0,66.0,0.483934
2510.0,67.0,0.304698
2510.0,68.0,0.558374
2510.0,69.0,1.0
2510.0,70.0,0.386838
2510.0,71.0,1.0
2510.0,72.0,0.178439
2510.0,73.0,0.72487
2510.0,74.0,0.206642
2510.0,75.0,0.863651
2510.0,76.0,0.316954
2510.0,77.0,0.621151
2510.0,78.0,0.0
2510.0,79.0,0.564513
2510.0,80.0,0.644594
2510.0,81.0,0.940091
2510.0,82.0,0.532107
2510.0,83.0,0.223167
2510.0,84.0,1.0
2510.0,85.0,0.460502
2510.0,86.0,0.0
2510.0,87.0,0.655242
2510.0,88.0,0.317238
2510.0,89.0,1.0
2510.0,90.0,0.54583
2510.0,91.0,1.0
2510.0,92.0,0.502262
2510.0,93.0,0.711464
2510.0,94.0,0.648309
2510.0,95.0,0.551958
2510.0,96.0,0.13898
2510.0,97.0,0.20035
2510.0,98.0,0.787615
2510.0,99.0,1.0
2510.0,100.0,0.181099
2510.0,101.0,0.472458
2510.0,102.0,1.0
2510.0,103.0,0.001029
2510.0,104.0,0.295352
2510.0,105.0,0.805788
2510.0,106.0,0.449054
2510.0,107.0,0.28987
2510.0,108.0,1.0
2510.0,109.0,0.233854
2510.0,110.0,0.422413
2510.0,111.0,0.494035
2510.0,112.0,0.531634
2510.0,113.0,0.589177
2510.0,114.0,0.004139
2510.0,115.0,0.577672
2510.0,116.0,1.0
2510.0,117.0,0.663303
2510.0,118.0,0.697361
2510.0,119.0,0.0
2510.0,120.0,0.570565
2510.0,121.0,0.437331
2510.0,122.0,0.592039
2510.0,123.0,0.414742
2510.0,124.0,1.0
2510.0,125.0,0.573234
2510.0,126.0,0.0006
