FREQUENCIES 
Gen,mut_id,mut_freq
1.0,0.0,0.5
1.0,1.0,0.5
1.0,2.0,0.5
1.0,3.0,0.5
1.0,4.0,0.5
1.0,5.0,0.5
1.0,6.0,0.5
1.0,7.0,0.5
1.0,8.0,0.5
1.0,9.0,0.5
1.0,10.0,0.5
1.0,11.0,0.5
1.0,12.0,0.5
1.0,13.0,0.5
1.0,14.0,0.5
1.0,15.0,0.5
1.0,16.0,0.5
1.0,17.0,0.5
1.0,18.0,0.5
1.0,19.0,0.5
1.0,20.0,0.5
1.0,21.0,0.5
1.0,22.0,0.5
1.0,23.0,0.5
1.0,24.0,0.5
1.0,25.0,0.5
1.0,26.0,0.5
1.0,27.0,0.5
1.0,28.0,0.5
1.0,29.0,0.5
1.0,30.0,0.5
1.0,31.0,0.5
1.0,32.0,0.5
1.0,33.0,0.5
1.0,34.0,0.5
1.0,35.0,0.5
1.0,36.0,0.5
1.0,37.0,0.5
1.0,38.0,0.5
1.0,39.0,0.5
1.0,40.0,0.5
1.0,41.0,0.5
1.0,42.0,0.5
1.0,43.0,0.5
1.0,44.0,0.5
1.0,45.0,0.5
1.0,46.0,0.5
1.0,47.0,0.5
1.0,48.0,0.5
1.0,49.0,0.5
1.0,50.0,0.5
1.0,51.0,0.5
1.0,52.0,0.5
1.0,53.0,0.5
1.0,54.0,0.5
1.0,55.0,0.5
1.0,56.0,0.5
1.0,57.0,0.5
1.0,58.0,0.5
1.0,59.0,0.5
1.0,60.0,0.5
1.0,61.0,0.5
1.0,62.0,0.5
1.0,63.0,0.5
1.0,64.0,0.5
1.0,65.0,0.5
1.0,66.0,0.5
1.0,67.0,0.5
1.0,68.0,0.5
1.0,69.0,0.5
1.0,70.0,0.5
1.0,71.0,0.5
1.0,72.0,0.5
1.0,73.0,0.5
1.0,74.0,0.5
1.0,75.0,0.5
1.0,76.0,0.5
1.0,77.0,0.5
1.0,78.0,0.5
1.0,79.0,0.5
1.0,80.0,0.5
1.0,81.0,0.5
1.0,82.0,0.5
1.0,83.0,0.5
1.0,84.0,0.5
1.0,85.0,0.5
1.0,86.0,0.5
1.0,87.0,0.5
1.0,88.0,0.5
1.0,89.0,0.5
1.0,90.0,0.5
1.0,91.0,0.5
1.0,92.0,0.5
1.0,93.0,0.5
1.0,94.0,0.5
1.0,95.0,0.5
1.0,96.0,0.5
1.0,97.0,0.5
1.0,98.0,0.5
1.0,99.0,0.5
1.0,100.0,0.5
1.0,101.0,0.5
1.0,102.0,0.5
1.0,103.0,0.5
1.0,104.0,0.5
1.0,105.0,0.5
1.0,106.0,0.5
1.0,107.0,0.5
1.0,108.0,0.5
1.0,109.0,0.5
1.0,110.0,0.5
1.0,111.0,0.5
1.0,112.0,0.5
1.0,113.0,0.5
1.0,114.0,0.5
1.0,115.0,0.5
1.0,116.0,0.5
1.0,117.0,0.5
1.0,118.0,0.5
1.0,119.0,0.5
1.0,120.0,0.5
1.0,121.0,0.5
1.0,122.0,0.5
1.0,123.0,0.5
1.0,124.0,0.5
1.0,125.0,0.5
1.0,126.0,0.5
1.0,127.0,0.5
1.0,128.0,0.5
1.0,129.0,0.5
1.0,130.0,0.5
1.0,131.0,0.5
1.0,132.0,0.5
1.0,133.0,0.5
1.0,134.0,0.5
1.0,135.0,0.5
1.0,136.0,0.5
1.0,137.0,0.5
1.0,138.0,0.5
1.0,139.0,0.5
1.0,140.0,0.5
1.0,141.0,0.5
1.0,142.0,0.5
1.0,143.0,0.5
1.0,144.0,0.5
1.0,145.0,0.5
1.0,146.0,0.5
1.0,147.0,0.5
2500.0,0.0,1.0
2500.0,1.0,0.677451
2500.0,2.0,0.740045
2500.0,3.0,0.004772
2500.0,4.0,0.524539
2500.0,5.0,0.752273
2500.0,6.0,0.417002
2500.0,7.0,0.0
2500.0,8.0,0.407071
2500.0,9.0,0.031345
2500.0,10.0,0.100193
2500.0,11.0,0.525254
2500.0,12.0,0.537679
2500.0,13.0,0.459376
2500.0,14.0,0.55665
2500.0,15.0,0.427357
2500.0,16.0,0.602242
2500.0,17.0,0.937892
2500.0,18.0,0.263824
2500.0,19.0,0.480778
2500.0,20.0,0.217329
2500.0,21.0,0.546034
2500.0,22.0,0.486484
2500.0,23.0,0.738259
2500.0,24.0,0.591359
2500.0,25.0,0.0
2500.0,26.0,0.487411
2500.0,27.0,0.71965
2500.0,28.0,0.352739
2500.0,29.0,1.0
2500.0,30.0,0.853098
2500.0,31.0,1.0
2500.0,32.0,0.099344
2500.0,33.0,0.945653
2500.0,34.0,0.200872
2500.0,35.0,0.000562
2500.0,36.0,0.995368
2500.0,37.0,0.504606
2500.0,38.0,0.607055
2500.0,39.0,1.0
2500.0,40.0,0.197409
2500.0,41.0,0.091393
2500.0,42.0,0.565156
2500.0,43.0,0.997817
2500.0,44.0,1.0
2500.0,45.0,0.937298
2500.0,46.0,0.146114
2500.0,47.0,0.203442
2500.0,48.0,0.819302
2500.0,49.0,0.0
2500.0,50.0,0.187967
2500.0,51.0,8.6e-05
2500.0,52.0,0.45399
2500.0,53.0,0.311946
2500.0,54.0,0.459416
2500.0,55.0,0.004552
2500.0,56.0,0.504012
2500.0,57.0,0.291373
2500.0,58.0,0.4574
2500.0,59.0,0.018304
2500.0,60.0,0.0144
2500.0,61.0,0.712841
2500.0,62.0,0.223567
2500.0,63.0,1.0
2500.0,64.0,0.666991
2500.0,65.0,0.596577
2500.0,66.0,0.623557
2500.0,67.0,0.014225
2500.0,68.0,0.547032
2500.0,69.0,0.162977
2500.0,70.0,0.539475
2500.0,71.0,1.0
2500.0,72.0,0.296743
2500.0,73.0,1.0
2500.0,74.0,0.354963
2500.0,75.0,0.452715
2500.0,76.0,0.584606
2500.0,77.0,0.001658
2500.0,78.0,0.321292
2500.0,79.0,0.640151
2500.0,80.0,0.400598
2500.0,81.0,0.364154
2500.0,82.0,0.257047
2500.0,83.0,0.225829
2500.0,84.0,0.83254
2500.0,85.0,0.619117
2500.0,86.0,1.0
2500.0,87.0,0.399739
2500.0,88.0,0.096424
2500.0,89.0,0.251327
2500.0,90.0,0.850044
2500.0,91.0,0.926702
2500.0,92.0,0.55398
2500.0,93.0,0.93691
2500.0,94.0,0.015535
2500.0,95.0,0.0
2500.0,96.0,0.489238
2500.0,97.0,0.64218
2500.0,98.0,0.596021
2500.0,99.0,0.264472
2500.0,100.0,0.252126
2500.0,101.0,0.0
2500.0,102.0,0.966682
2500.0,103.0,0.406038
2500.0,104.0,0.090306
2500.0,105.0,0.528392
2500.0,106.0,0.411916
2500.0,107.0,0.77584
2500.0,108.0,0.397917
2500.0,109.0,0.405015
2500.0,110.0,1.0
2500.0,111.0,0.171286
2500.0,112.0,0.579771
2500.0,113.0,0.960371
2500.0,114.0,0.157846
2500.0,115.0,0.482826
2500.0,116.0,0.1967
2500.0,117.0,0.180331
2500.0,118.0,0.506017
2500.0,119.0,0.66271
2500.0,120.0,0.253344
2500.0,121.0,0.379707
2500.0,122.0,0.417564
2500.0,123.0,0.960676
2500.0,124.0,1.0
2500.0,125.0,0.041444
2500.0,126.0,0.19489
2500.0,127.0,0.080763
2500.0,128.0,0.45818
2500.0,129.0,0.334214
2500.0,130.0,0.241057
2500.0,131.0,0.590425
2500.0,132.0,0.706647
2500.0,133.0,0.244057
2500.0,134.0,0.555472
2500.0,135.0,0.915946
2500.0,136.0,0.976191
2500.0,137.0,0.598154
2500.0,138.0,0.98
2500.0,139.0,0.285199
2500.0,140.0,0.479531
2500.0,141.0,0.115032
2500.0,142.0,0.707435
2500.0,143.0,0.192879
2500.0,144.0,0.329121
2500.0,145.0,0.510656
2500.0,146.0,0.995535
2500.0,147.0,0.59095
2501.0,0.0,1.0
2501.0,1.0,0.683497
2501.0,2.0,0.752222
2501.0,3.0,0.004832
2501.0,4.0,0.528727
2501.0,5.0,0.753283
2501.0,6.0,0.436732
2501.0,7.0,0.0
2501.0,8.0,0.413954
2501.0,9.0,0.032176
2501.0,10.0,0.101661
2501.0,11.0,0.531467
2501.0,12.0,0.54028
2501.0,13.0,0.462502
2501.0,14.0,0.559255
2501.0,15.0,0.431203
2501.0,16.0,0.60621
2501.0,17.0,0.93955
2501.0,18.0,0.274721
2501.0,19.0,0.499694
2501.0,20.0,0.220465
2501.0,21.0,0.553341
2501.0,22.0,0.477546
2501.0,23.0,0.739877
2501.0,24.0,0.594353
2501.0,25.0,0.0
2501.0,26.0,0.495273
2501.0,27.0,0.731743
2501.0,28.0,0.37533
2501.0,29.0,1.0
2501.0,30.0,0.862182
2501.0,31.0,1.0
2501.0,32.0,0.104416
2501.0,33.0,0.946051
2501.0,34.0,0.204465
2501.0,35.0,0.000586
2501.0,36.0,0.995579
2501.0,37.0,0.509649
2501.0,38.0,0.619025
2501.0,39.0,1.0
2501.0,40.0,0.197622
2501.0,41.0,0.101957
2501.0,42.0,0.577231
2501.0,43.0,0.997838
2501.0,44.0,1.0
2501.0,45.0,0.939027
2501.0,46.0,0.149012
2501.0,47.0,0.220368
2501.0,48.0,0.82351
2501.0,49.0,0.0
2501.0,50.0,0.197955
2501.0,51.0,7.8e-05
2501.0,52.0,0.457208
2501.0,53.0,0.328009
2501.0,54.0,0.462776
2501.0,55.0,0.004706
2501.0,56.0,0.52363
2501.0,57.0,0.30211
2501.0,58.0,0.464567
2501.0,59.0,0.019322
2501.0,60.0,0.014447
2501.0,61.0,0.721604
2501.0,62.0,0.224792
2501.0,63.0,1.0
2501.0,64.0,0.675029
2501.0,65.0,0.594528
2501.0,66.0,0.6269
2501.0,67.0,0.014519
2501.0,68.0,0.560301
2501.0,69.0,0.168591
2501.0,70.0,0.542118
2501.0,71.0,1.0
2501.0,72.0,0.305302
2501.0,73.0,1.0
2501.0,74.0,0.361895
2501.0,75.0,0.456398
2501.0,76.0,0.677687
2501.0,77.0,0.001697
2501.0,78.0,0.335821
2501.0,79.0,0.653357
2501.0,80.0,0.409968
2501.0,81.0,0.367669
2501.0,82.0,0.264126
2501.0,83.0,0.256219
2501.0,84.0,0.83509
2501.0,85.0,0.644788
2501.0,86.0,1.0
2501.0,87.0,0.402129
2501.0,88.0,0.098042
2501.0,89.0,0.25407
2501.0,90.0,0.852074
2501.0,91.0,0.928987
2501.0,92.0,0.577547
2501.0,93.0,0.938972
2501.0,94.0,0.030396
2501.0,95.0,0.0
2501.0,96.0,0.504669
2501.0,97.0,0.661447
2501.0,98.0,0.598399
2501.0,99.0,0.260064
2501.0,100.0,0.26685
2501.0,101.0,0.0
2501.0,102.0,0.967387
2501.0,103.0,0.408361
2501.0,104.0,0.09136
2501.0,105.0,0.534032
2501.0,106.0,0.412708
2501.0,107.0,0.799219
2501.0,108.0,0.412781
2501.0,109.0,0.406697
2501.0,110.0,1.0
2501.0,111.0,0.173653
2501.0,112.0,0.582179
2501.0,113.0,0.960978
2501.0,114.0,0.161643
2501.0,115.0,0.519377
2501.0,116.0,0.201265
2501.0,117.0,0.182383
2501.0,118.0,0.520008
2501.0,119.0,0.665931
2501.0,120.0,0.259755
2501.0,121.0,0.398279
2501.0,122.0,0.421322
2501.0,123.0,0.960798
2501.0,124.0,1.0
2501.0,125.0,0.045321
2501.0,126.0,0.201092
2501.0,127.0,0.100179
2501.0,128.0,0.461857
2501.0,129.0,0.335489
2501.0,130.0,0.243304
2501.0,131.0,0.654138
2501.0,132.0,0.767519
2501.0,133.0,0.278562
2501.0,134.0,0.588824
2501.0,135.0,0.917104
2501.0,136.0,0.97674
2501.0,137.0,0.611528
2501.0,138.0,0.980473
2501.0,139.0,0.297925
2501.0,140.0,0.511476
2501.0,141.0,0.113848
2501.0,142.0,0.708149
2501.0,143.0,0.199909
2501.0,144.0,0.334103
2501.0,145.0,0.540011
2501.0,146.0,0.995662
2501.0,147.0,0.601272
2502.0,0.0,1.0
2502.0,1.0,0.687486
2502.0,2.0,0.764686
2502.0,3.0,0.004774
2502.0,4.0,0.531532
2502.0,5.0,0.754233
2502.0,6.0,0.455003
2502.0,7.0,0.0
2502.0,8.0,0.419749
2502.0,9.0,0.033108
2502.0,10.0,0.102834
2502.0,11.0,0.53968
2502.0,12.0,0.540681
2502.0,13.0,0.46541
2502.0,14.0,0.561357
2502.0,15.0,0.435737
2502.0,16.0,0.61008
2502.0,17.0,0.940975
2502.0,18.0,0.28542
2502.0,19.0,0.518441
2502.0,20.0,0.22376
2502.0,21.0,0.561546
2502.0,22.0,0.466651
2502.0,23.0,0.742804
2502.0,24.0,0.59781
2502.0,25.0,0.0
2502.0,26.0,0.503201
2502.0,27.0,0.743412
2502.0,28.0,0.397279
2502.0,29.0,1.0
2502.0,30.0,0.869942
2502.0,31.0,1.0
2502.0,32.0,0.109811
2502.0,33.0,0.946666
2502.0,34.0,0.20817
2502.0,35.0,0.000608
2502.0,36.0,0.995616
2502.0,37.0,0.513747
2502.0,38.0,0.631363
2502.0,39.0,1.0
2502.0,40.0,0.197152
2502.0,41.0,0.11328
2502.0,42.0,0.589953
2502.0,43.0,0.997851
2502.0,44.0,1.0
2502.0,45.0,0.94112
2502.0,46.0,0.151709
2502.0,47.0,0.238037
2502.0,48.0,0.827291
2502.0,49.0,0.0
2502.0,50.0,0.208236
2502.0,51.0,8.6e-05
2502.0,52.0,0.459597
2502.0,53.0,0.343321
2502.0,54.0,0.465878
2502.0,55.0,0.004866
2502.0,56.0,0.541299
2502.0,57.0,0.311701
2502.0,58.0,0.472216
2502.0,59.0,0.020131
2502.0,60.0,0.014544
2502.0,61.0,0.730116
2502.0,62.0,0.226503
2502.0,63.0,1.0
2502.0,64.0,0.683206
2502.0,65.0,0.594068
2502.0,66.0,0.629182
2502.0,67.0,0.014922
2502.0,68.0,0.572024
2502.0,69.0,0.174166
2502.0,70.0,0.544172
2502.0,71.0,1.0
2502.0,72.0,0.313838
2502.0,73.0,1.0
2502.0,74.0,0.368091
2502.0,75.0,0.460952
2502.0,76.0,0.750405
2502.0,77.0,0.001839
2502.0,78.0,0.350303
2502.0,79.0,0.666376
2502.0,80.0,0.418219
2502.0,81.0,0.372115
2502.0,82.0,0.270373
2502.0,83.0,0.28824
2502.0,84.0,0.836865
2502.0,85.0,0.668034
2502.0,86.0,1.0
2502.0,87.0,0.404666
2502.0,88.0,0.09889
2502.0,89.0,0.256633
2502.0,90.0,0.853269
2502.0,91.0,0.931677
2502.0,92.0,0.598896
2502.0,93.0,0.940963
2502.0,94.0,0.057168
2502.0,95.0,0.0
2502.0,96.0,0.518753
2502.0,97.0,0.679724
2502.0,98.0,0.600815
2502.0,99.0,0.256813
2502.0,100.0,0.282135
2502.0,101.0,0.0
2502.0,102.0,0.968077
2502.0,103.0,0.411531
2502.0,104.0,0.092428
2502.0,105.0,0.539147
2502.0,106.0,0.41321
2502.0,107.0,0.820449
2502.0,108.0,0.425747
2502.0,109.0,0.408439
2502.0,110.0,1.0
2502.0,111.0,0.177592
2502.0,112.0,0.58531
2502.0,113.0,0.96168
2502.0,114.0,0.163764
2502.0,115.0,0.553419
2502.0,116.0,0.204563
2502.0,117.0,0.183792
2502.0,118.0,0.534542
2502.0,119.0,0.669227
2502.0,120.0,0.26614
2502.0,121.0,0.415535
2502.0,122.0,0.424445
2502.0,123.0,0.96128
2502.0,124.0,1.0
2502.0,125.0,0.049352
2502.0,126.0,0.207247
2502.0,127.0,0.122115
2502.0,128.0,0.466062
2502.0,129.0,0.338395
2502.0,130.0,0.245699
2502.0,131.0,0.710391
2502.0,132.0,0.813401
2502.0,133.0,0.310161
2502.0,134.0,0.619322
2502.0,135.0,0.918391
2502.0,136.0,0.97722
2502.0,137.0,0.623663
2502.0,138.0,0.981027
2502.0,139.0,0.309733
2502.0,140.0,0.541783
2502.0,141.0,0.113434
2502.0,142.0,0.710461
2502.0,143.0,0.206989
2502.0,144.0,0.339134
2502.0,145.0,0.566929
2502.0,146.0,0.995757
2502.0,147.0,0.611757
2503.0,0.0,1.0
2503.0,1.0,0.692448
2503.0,2.0,0.776101
2503.0,3.0,0.00494
2503.0,4.0,0.535384
2503.0,5.0,0.755186
2503.0,6.0,0.472596
2503.0,7.0,0.0
2503.0,8.0,0.427094
2503.0,9.0,0.034057
2503.0,10.0,0.1039
2503.0,11.0,0.54574
2503.0,12.0,0.541984
2503.0,13.0,0.467663
2503.0,14.0,0.563352
2503.0,15.0,0.440594
2503.0,16.0,0.613593
2503.0,17.0,0.942162
2503.0,18.0,0.296066
2503.0,19.0,0.537135
2503.0,20.0,0.227276
2503.0,21.0,0.569356
2503.0,22.0,0.45577
2503.0,23.0,0.745303
2503.0,24.0,0.600537
2503.0,25.0,0.0
2503.0,26.0,0.510217
2503.0,27.0,0.7539
2503.0,28.0,0.419063
2503.0,29.0,1.0
2503.0,30.0,0.877329
2503.0,31.0,1.0
2503.0,32.0,0.115094
2503.0,33.0,0.947001
2503.0,34.0,0.211849
2503.0,35.0,0.000574
2503.0,36.0,0.99569
2503.0,37.0,0.518493
2503.0,38.0,0.643432
2503.0,39.0,1.0
2503.0,40.0,0.197237
2503.0,41.0,0.125063
2503.0,42.0,0.601515
2503.0,43.0,0.997916
2503.0,44.0,1.0
2503.0,45.0,0.942693
2503.0,46.0,0.154233
2503.0,47.0,0.256183
2503.0,48.0,0.83133
2503.0,49.0,0.0
2503.0,50.0,0.217972
2503.0,51.0,8.2e-05
2503.0,52.0,0.462302
2503.0,53.0,0.358789
2503.0,54.0,0.468993
2503.0,55.0,0.005073
2503.0,56.0,0.558003
2503.0,57.0,0.321728
2503.0,58.0,0.479174
2503.0,59.0,0.02117
2503.0,60.0,0.014804
2503.0,61.0,0.738373
2503.0,62.0,0.228165
2503.0,63.0,1.0
2503.0,64.0,0.690718
2503.0,65.0,0.594567
2503.0,66.0,0.631291
2503.0,67.0,0.015511
2503.0,68.0,0.584241
2503.0,69.0,0.179906
2503.0,70.0,0.545537
2503.0,71.0,1.0
2503.0,72.0,0.321584
2503.0,73.0,1.0
2503.0,74.0,0.374758
2503.0,75.0,0.464379
2503.0,76.0,0.804312
2503.0,77.0,0.001893
2503.0,78.0,0.363804
2503.0,79.0,0.67683
2503.0,80.0,0.427414
2503.0,81.0,0.374569
2503.0,82.0,0.277022
2503.0,83.0,0.32048
2503.0,84.0,0.839044
2503.0,85.0,0.689642
2503.0,86.0,1.0
2503.0,87.0,0.408117
2503.0,88.0,0.100435
2503.0,89.0,0.257777
2503.0,90.0,0.855175
2503.0,91.0,0.933847
2503.0,92.0,0.62
2503.0,93.0,0.942306
2503.0,94.0,0.101723
2503.0,95.0,0.0
2503.0,96.0,0.531584
2503.0,97.0,0.696693
2503.0,98.0,0.603958
2503.0,99.0,0.251974
2503.0,100.0,0.296292
2503.0,101.0,0.0
2503.0,102.0,0.968809
2503.0,103.0,0.414394
2503.0,104.0,0.094198
2503.0,105.0,0.544027
2503.0,106.0,0.413964
2503.0,107.0,0.838647
2503.0,108.0,0.438329
2503.0,109.0,0.410205
2503.0,110.0,1.0
2503.0,111.0,0.180913
2503.0,112.0,0.587931
2503.0,113.0,0.96259
2503.0,114.0,0.166863
2503.0,115.0,0.585993
2503.0,116.0,0.208664
2503.0,117.0,0.185176
2503.0,118.0,0.547842
2503.0,119.0,0.672361
2503.0,120.0,0.271961
2503.0,121.0,0.431336
2503.0,122.0,0.427743
2503.0,123.0,0.961459
2503.0,124.0,1.0
2503.0,125.0,0.054022
2503.0,126.0,0.212229
2503.0,127.0,0.14739
2503.0,128.0,0.470914
2503.0,129.0,0.340173
2503.0,130.0,0.248347
2503.0,131.0,0.758973
2503.0,132.0,0.848461
2503.0,133.0,0.335971
2503.0,134.0,0.646428
2503.0,135.0,0.919629
2503.0,136.0,0.977388
2503.0,137.0,0.63477
2503.0,138.0,0.981383
2503.0,139.0,0.320075
2503.0,140.0,0.568391
2503.0,141.0,0.113299
2503.0,142.0,0.712774
2503.0,143.0,0.214856
2503.0,144.0,0.342879
2503.0,145.0,0.591096
2503.0,146.0,0.995727
2503.0,147.0,0.62167
2504.0,0.0,1.0
2504.0,1.0,0.696425
2504.0,2.0,0.7865
2504.0,3.0,0.005028
2504.0,4.0,0.538248
2504.0,5.0,0.755487
2504.0,6.0,0.489782
2504.0,7.0,0.0
2504.0,8.0,0.434516
2504.0,9.0,0.034939
2504.0,10.0,0.105875
2504.0,11.0,0.553126
2504.0,12.0,0.542251
2504.0,13.0,0.469969
2504.0,14.0,0.564601
2504.0,15.0,0.444071
2504.0,16.0,0.616648
2504.0,17.0,0.943449
2504.0,18.0,0.305772
2504.0,19.0,0.554174
2504.0,20.0,0.230187
2504.0,21.0,0.577635
2504.0,22.0,0.444329
2504.0,23.0,0.747821
2504.0,24.0,0.603532
2504.0,25.0,0.0
2504.0,26.0,0.51761
2504.0,27.0,0.763284
2504.0,28.0,0.438335
2504.0,29.0,1.0
2504.0,30.0,0.884411
2504.0,31.0,1.0
2504.0,32.0,0.120225
2504.0,33.0,0.947556
2504.0,34.0,0.215465
2504.0,35.0,0.000579
2504.0,36.0,0.9958
2504.0,37.0,0.522975
2504.0,38.0,0.654947
2504.0,39.0,1.0
2504.0,40.0,0.196379
2504.0,41.0,0.138677
2504.0,42.0,0.613318
2504.0,43.0,0.997921
2504.0,44.0,1.0
2504.0,45.0,0.943633
2504.0,46.0,0.156643
2504.0,47.0,0.275364
2504.0,48.0,0.834851
2504.0,49.0,0.0
2504.0,50.0,0.227547
2504.0,51.0,0.000112
2504.0,52.0,0.463484
2504.0,53.0,0.372669
2504.0,54.0,0.471493
2504.0,55.0,0.005249
2504.0,56.0,0.574235
2504.0,57.0,0.332691
2504.0,58.0,0.48521
2504.0,59.0,0.02213
2504.0,60.0,0.0151
2504.0,61.0,0.746687
2504.0,62.0,0.229348
2504.0,63.0,1.0
2504.0,64.0,0.697377
2504.0,65.0,0.594957
2504.0,66.0,0.634109
2504.0,67.0,0.016165
2504.0,68.0,0.595479
2504.0,69.0,0.186769
2504.0,70.0,0.547068
2504.0,71.0,1.0
2504.0,72.0,0.328516
2504.0,73.0,1.0
2504.0,74.0,0.381597
2504.0,75.0,0.468699
2504.0,76.0,0.845654
2504.0,77.0,0.001947
2504.0,78.0,0.378253
2504.0,79.0,0.687379
2504.0,80.0,0.435742
2504.0,81.0,0.378415
2504.0,82.0,0.283473
2504.0,83.0,0.352635
2504.0,84.0,0.84082
2504.0,85.0,0.708465
2504.0,86.0,1.0
2504.0,87.0,0.410468
2504.0,88.0,0.101713
2504.0,89.0,0.260162
2504.0,90.0,0.856088
2504.0,91.0,0.935961
2504.0,92.0,0.638912
2504.0,93.0,0.9437
2504.0,94.0,0.167949
2504.0,95.0,0.0
2504.0,96.0,0.545247
2504.0,97.0,0.712923
2504.0,98.0,0.60596
2504.0,99.0,0.248591
2504.0,100.0,0.310231
2504.0,101.0,0.0
2504.0,102.0,0.969691
2504.0,103.0,0.417438
2504.0,104.0,0.095337
2504.0,105.0,0.549425
2504.0,106.0,0.415476
2504.0,107.0,0.855346
2504.0,108.0,0.450605
2504.0,109.0,0.411761
2504.0,110.0,1.0
2504.0,111.0,0.183816
2504.0,112.0,0.590806
2504.0,113.0,0.962654
2504.0,114.0,0.169458
2504.0,115.0,0.616365
2504.0,116.0,0.212394
2504.0,117.0,0.187678
2504.0,118.0,0.560704
2504.0,119.0,0.675388
2504.0,120.0,0.278326
2504.0,121.0,0.445263
2504.0,122.0,0.430805
2504.0,123.0,0.96175
2504.0,124.0,1.0
2504.0,125.0,0.058497
2504.0,126.0,0.217333
2504.0,127.0,0.175244
2504.0,128.0,0.474516
2504.0,129.0,0.342424
2504.0,130.0,0.251195
2504.0,131.0,0.799543
2504.0,132.0,0.876055
2504.0,133.0,0.356137
2504.0,134.0,0.672226
2504.0,135.0,0.920024
2504.0,136.0,0.977242
2504.0,137.0,0.64359
2504.0,138.0,0.982048
2504.0,139.0,0.3311
2504.0,140.0,0.592664
2504.0,141.0,0.112705
2504.0,142.0,0.714456
2504.0,143.0,0.222437
2504.0,144.0,0.346941
2504.0,145.0,0.612454
2504.0,146.0,0.995778
2504.0,147.0,0.631348
2505.0,0.0,1.0
2505.0,1.0,0.700661
2505.0,2.0,0.796264
2505.0,3.0,0.005125
2505.0,4.0,0.541928
2505.0,5.0,0.75611
2505.0,6.0,0.505348
2505.0,7.0,0.0
2505.0,8.0,0.440328
2505.0,9.0,0.035668
2505.0,10.0,0.107736
2505.0,11.0,0.559866
2505.0,12.0,0.543517
2505.0,13.0,0.472975
2505.0,14.0,0.566609
2505.0,15.0,0.446796
2505.0,16.0,0.619626
2505.0,17.0,0.944721
2505.0,18.0,0.315529
2505.0,19.0,0.571421
2505.0,20.0,0.234
2505.0,21.0,0.586564
2505.0,22.0,0.433926
2505.0,23.0,0.749715
2505.0,24.0,0.606294
2505.0,25.0,0.0
2505.0,26.0,0.523993
2505.0,27.0,0.772494
2505.0,28.0,0.458154
2505.0,29.0,1.0
2505.0,30.0,0.890341
2505.0,31.0,1.0
2505.0,32.0,0.125663
2505.0,33.0,0.94788
2505.0,34.0,0.218827
2505.0,35.0,0.000557
2505.0,36.0,0.996031
2505.0,37.0,0.527556
2505.0,38.0,0.665496
2505.0,39.0,1.0
2505.0,40.0,0.195743
2505.0,41.0,0.152638
2505.0,42.0,0.623273
2505.0,43.0,0.997986
2505.0,44.0,1.0
2505.0,45.0,0.944488
2505.0,46.0,0.159201
2505.0,47.0,0.294316
2505.0,48.0,0.837622
2505.0,49.0,0.0
2505.0,50.0,0.237159
2505.0,51.0,0.000128
2505.0,52.0,0.465941
2505.0,53.0,0.387403
2505.0,54.0,0.474373
2505.0,55.0,0.005423
2505.0,56.0,0.589768
2505.0,57.0,0.343608
2505.0,58.0,0.492643
2505.0,59.0,0.023479
2505.0,60.0,0.015293
2505.0,61.0,0.754969
2505.0,62.0,0.230354
2505.0,63.0,1.0
2505.0,64.0,0.704085
2505.0,65.0,0.596479
2505.0,66.0,0.637603
2505.0,67.0,0.016539
2505.0,68.0,0.60586
2505.0,69.0,0.192914
2505.0,70.0,0.548758
2505.0,71.0,1.0
2505.0,72.0,0.33515
2505.0,73.0,1.0
2505.0,74.0,0.387291
2505.0,75.0,0.471309
2505.0,76.0,0.877151
2505.0,77.0,0.001882
2505.0,78.0,0.393023
2505.0,79.0,0.696145
2505.0,80.0,0.442977
2505.0,81.0,0.382357
2505.0,82.0,0.289767
2505.0,83.0,0.385764
2505.0,84.0,0.841704
2505.0,85.0,0.725606
2505.0,86.0,1.0
2505.0,87.0,0.414301
2505.0,88.0,0.103181
2505.0,89.0,0.26162
2505.0,90.0,0.857101
2505.0,91.0,0.937974
2505.0,92.0,0.655814
2505.0,93.0,0.945337
2505.0,94.0,0.252342
2505.0,95.0,0.0
2505.0,96.0,0.558139
2505.0,97.0,0.728324
2505.0,98.0,0.608655
2505.0,99.0,0.245334
2505.0,100.0,0.323454
2505.0,101.0,0.0
2505.0,102.0,0.970284
2505.0,103.0,0.420578
2505.0,104.0,0.0961
2505.0,105.0,0.554252
2505.0,106.0,0.41716
2505.0,107.0,0.870666
2505.0,108.0,0.463295
2505.0,109.0,0.41277
2505.0,110.0,1.0
2505.0,111.0,0.186256
2505.0,112.0,0.594316
2505.0,113.0,0.963199
2505.0,114.0,0.171966
2505.0,115.0,0.644327
2505.0,116.0,0.216139
2505.0,117.0,0.190514
2505.0,118.0,0.572181
2505.0,119.0,0.678834
2505.0,120.0,0.284487
2505.0,121.0,0.459426
2505.0,122.0,0.434234
2505.0,123.0,0.96202
2505.0,124.0,1.0
2505.0,125.0,0.062799
2505.0,126.0,0.222142
2505.0,127.0,0.206722
2505.0,128.0,0.477607
2505.0,129.0,0.344109
2505.0,130.0,0.254352
2505.0,131.0,0.833845
2505.0,132.0,0.897865
2505.0,133.0,0.371821
2505.0,134.0,0.694641
2505.0,135.0,0.920976
2505.0,136.0,0.977332
2505.0,137.0,0.650872
2505.0,138.0,0.982401
2505.0,139.0,0.341303
2505.0,140.0,0.615381
2505.0,141.0,0.112696
2505.0,142.0,0.715672
2505.0,143.0,0.229365
2505.0,144.0,0.350984
2505.0,145.0,0.633788
2505.0,146.0,0.995739
2505.0,147.0,0.640752
2506.0,0.0,1.0
2506.0,1.0,0.695014
2506.0,2.0,0.785845
2506.0,3.0,0.005021
2506.0,4.0,0.537892
2506.0,5.0,0.754841
2506.0,6.0,0.486202
2506.0,7.0,0.0
2506.0,8.0,0.43367
2506.0,9.0,0.034728
2506.0,10.0,0.106191
2506.0,11.0,0.551262
2506.0,12.0,0.542946
2506.0,13.0,0.471631
2506.0,14.0,0.565843
2506.0,15.0,0.4435
2506.0,16.0,0.616905
2506.0,17.0,0.943358
2506.0,18.0,0.303659
2506.0,19.0,0.55242
2506.0,20.0,0.229696
2506.0,21.0,0.577628
2506.0,22.0,0.452285
2506.0,23.0,0.74777
2506.0,24.0,0.603557
2506.0,25.0,0.0
2506.0,26.0,0.51633
2506.0,27.0,0.762128
2506.0,28.0,0.434682
2506.0,29.0,1.0
2506.0,30.0,0.883473
2506.0,31.0,1.0
2506.0,32.0,0.119703
2506.0,33.0,0.94818
2506.0,34.0,0.214108
2506.0,35.0,0.000578
2506.0,36.0,0.995822
2506.0,37.0,0.521883
2506.0,38.0,0.653844
2506.0,39.0,1.0
2506.0,40.0,0.197061
2506.0,41.0,0.137651
2506.0,42.0,0.611135
2506.0,43.0,0.997854
2506.0,44.0,1.0
2506.0,45.0,0.943306
2506.0,46.0,0.156691
2506.0,47.0,0.270384
2506.0,48.0,0.834574
2506.0,49.0,0.0
2506.0,50.0,0.226626
2506.0,51.0,0.000102
2506.0,52.0,0.463778
2506.0,53.0,0.369281
2506.0,54.0,0.469183
2506.0,55.0,0.005186
2506.0,56.0,0.570949
2506.0,57.0,0.332478
2506.0,58.0,0.485253
2506.0,59.0,0.021714
2506.0,60.0,0.015108
2506.0,61.0,0.745901
2506.0,62.0,0.229022
2506.0,63.0,1.0
2506.0,64.0,0.697066
2506.0,65.0,0.596112
2506.0,66.0,0.634729
2506.0,67.0,0.015839
2506.0,68.0,0.593941
2506.0,69.0,0.186533
2506.0,70.0,0.54801
2506.0,71.0,1.0
2506.0,72.0,0.3274
2506.0,73.0,1.0
2506.0,74.0,0.381054
2506.0,75.0,0.46874
2506.0,76.0,0.829172
2506.0,77.0,0.001805
2506.0,78.0,0.377672
2506.0,79.0,0.685291
2506.0,80.0,0.433909
2506.0,81.0,0.378773
2506.0,82.0,0.282473
2506.0,83.0,0.339778
2506.0,84.0,0.839684
2506.0,85.0,0.705848
2506.0,86.0,1.0
2506.0,87.0,0.410281
2506.0,88.0,0.10134
2506.0,89.0,0.259397
2506.0,90.0,0.856044
2506.0,91.0,0.935841
2506.0,92.0,0.632866
2506.0,93.0,0.943728
2506.0,94.0,0.153926
2506.0,95.0,0.0
2506.0,96.0,0.542362
2506.0,97.0,0.71154
2506.0,98.0,0.606498
2506.0,99.0,0.25032
2506.0,100.0,0.307712
2506.0,101.0,0.0
2506.0,102.0,0.970486
2506.0,103.0,0.417888
2506.0,104.0,0.094633
2506.0,105.0,0.549188
2506.0,106.0,0.415288
2506.0,107.0,0.853051
2506.0,108.0,0.447416
2506.0,109.0,0.411942
2506.0,110.0,1.0
2506.0,111.0,0.182734
2506.0,112.0,0.590613
2506.0,113.0,0.962908
2506.0,114.0,0.168656
2506.0,115.0,0.607859
2506.0,116.0,0.212698
2506.0,117.0,0.187646
2506.0,118.0,0.558212
2506.0,119.0,0.675086
2506.0,120.0,0.277735
2506.0,121.0,0.440286
2506.0,122.0,0.431084
2506.0,123.0,0.961477
2506.0,124.0,1.0
2506.0,125.0,0.057561
2506.0,126.0,0.216088
2506.0,127.0,0.171176
2506.0,128.0,0.473798
2506.0,129.0,0.34275
2506.0,130.0,0.250245
2506.0,131.0,0.790772
2506.0,132.0,0.868104
2506.0,133.0,0.348026
2506.0,134.0,0.665293
2506.0,135.0,0.920716
2506.0,136.0,0.977176
2506.0,137.0,0.640684
2506.0,138.0,0.981785
2506.0,139.0,0.329753
2506.0,140.0,0.587949
2506.0,141.0,0.112892
2506.0,142.0,0.712782
2506.0,143.0,0.221522
2506.0,144.0,0.347192
2506.0,145.0,0.607385
2506.0,146.0,0.995577
2506.0,147.0,0.628952
2507.0,0.0,1.0
2507.0,1.0,0.689239
2507.0,2.0,0.7748
2507.0,3.0,0.00489
2507.0,4.0,0.534072
2507.0,5.0,0.753904
2507.0,6.0,0.468181
2507.0,7.0,0.0
2507.0,8.0,0.427751
2507.0,9.0,0.033475
2507.0,10.0,0.104601
2507.0,11.0,0.544306
2507.0,12.0,0.541449
2507.0,13.0,0.468889
2507.0,14.0,0.563598
2507.0,15.0,0.439657
2507.0,16.0,0.612227
2507.0,17.0,0.9418
2507.0,18.0,0.292659
2507.0,19.0,0.534504
2507.0,20.0,0.226769
2507.0,21.0,0.569481
2507.0,22.0,0.46769
2507.0,23.0,0.744842
2507.0,24.0,0.600342
2507.0,25.0,0.0
2507.0,26.0,0.508496
2507.0,27.0,0.751354
2507.0,28.0,0.412134
2507.0,29.0,1.0
2507.0,30.0,0.875679
2507.0,31.0,1.0
2507.0,32.0,0.114062
2507.0,33.0,0.948125
2507.0,34.0,0.208961
2507.0,35.0,0.000528
2507.0,36.0,0.995696
2507.0,37.0,0.516468
2507.0,38.0,0.642703
2507.0,39.0,1.0
2507.0,40.0,0.197567
2507.0,41.0,0.123677
2507.0,42.0,0.600616
2507.0,43.0,0.997857
2507.0,44.0,1.0
2507.0,45.0,0.94178
2507.0,46.0,0.15345
2507.0,47.0,0.249814
2507.0,48.0,0.830881
2507.0,49.0,0.0
2507.0,50.0,0.21617
2507.0,51.0,9.7e-05
2507.0,52.0,0.461979
2507.0,53.0,0.352639
2507.0,54.0,0.464888
2507.0,55.0,0.005063
2507.0,56.0,0.55315
2507.0,57.0,0.320816
2507.0,58.0,0.477518
2507.0,59.0,0.020902
2507.0,60.0,0.014951
2507.0,61.0,0.737214
2507.0,62.0,0.228252
2507.0,63.0,1.0
2507.0,64.0,0.690472
2507.0,65.0,0.596422
2507.0,66.0,0.631503
2507.0,67.0,0.015284
2507.0,68.0,0.582282
2507.0,69.0,0.179456
2507.0,70.0,0.545379
2507.0,71.0,1.0
2507.0,72.0,0.319317
2507.0,73.0,1.0
2507.0,74.0,0.374008
2507.0,75.0,0.464768
2507.0,76.0,0.772877
2507.0,77.0,0.001879
2507.0,78.0,0.36229
2507.0,79.0,0.67418
2507.0,80.0,0.424829
2507.0,81.0,0.375041
2507.0,82.0,0.27543
2507.0,83.0,0.302158
2507.0,84.0,0.837948
2507.0,85.0,0.68583
2507.0,86.0,1.0
2507.0,87.0,0.407366
2507.0,88.0,0.099766
2507.0,89.0,0.257621
2507.0,90.0,0.855309
2507.0,91.0,0.933822
2507.0,92.0,0.61206
2507.0,93.0,0.942269
2507.0,94.0,0.08944
2507.0,95.0,0.0
2507.0,96.0,0.527306
2507.0,97.0,0.69518
2507.0,98.0,0.603654
2507.0,99.0,0.253983
2507.0,100.0,0.292747
2507.0,101.0,0.0
2507.0,102.0,0.969908
2507.0,103.0,0.415542
2507.0,104.0,0.092886
2507.0,105.0,0.54459
2507.0,106.0,0.413416
2507.0,107.0,0.834837
2507.0,108.0,0.433064
2507.0,109.0,0.409777
2507.0,110.0,1.0
2507.0,111.0,0.179358
2507.0,112.0,0.58819
2507.0,113.0,0.962008
2507.0,114.0,0.165686
2507.0,115.0,0.573391
2507.0,116.0,0.20973
2507.0,117.0,0.186492
2507.0,118.0,0.544822
2507.0,119.0,0.671634
2507.0,120.0,0.272379
2507.0,121.0,0.423452
2507.0,122.0,0.427741
2507.0,123.0,0.961344
2507.0,124.0,1.0
2507.0,125.0,0.052768
2507.0,126.0,0.210145
2507.0,127.0,0.141598
2507.0,128.0,0.469692
2507.0,129.0,0.340676
2507.0,130.0,0.247677
2507.0,131.0,0.744428
2507.0,132.0,0.834061
2507.0,133.0,0.321309
2507.0,134.0,0.636792
2507.0,135.0,0.920136
2507.0,136.0,0.977027
2507.0,137.0,0.631248
2507.0,138.0,0.981464
2507.0,139.0,0.318324
2507.0,140.0,0.561137
2507.0,141.0,0.112751
2507.0,142.0,0.710833
2507.0,143.0,0.213675
2507.0,144.0,0.342737
2507.0,145.0,0.581764
2507.0,146.0,0.995422
2507.0,147.0,0.618229
2508.0,0.0,1.0
2508.0,1.0,0.684211
2508.0,2.0,0.764665
2508.0,3.0,0.004939
2508.0,4.0,0.530321
2508.0,5.0,0.753668
2508.0,6.0,0.45056
2508.0,7.0,0.0
2508.0,8.0,0.421769
2508.0,9.0,0.032453
2508.0,10.0,0.104052
2508.0,11.0,0.536774
2508.0,12.0,0.540204
2508.0,13.0,0.466343
2508.0,14.0,0.56083
2508.0,15.0,0.436373
2508.0,16.0,0.607188
2508.0,17.0,0.940505
2508.0,18.0,0.282586
2508.0,19.0,0.517252
2508.0,20.0,0.22392
2508.0,21.0,0.56098
2508.0,22.0,0.478277
2508.0,23.0,0.74243
2508.0,24.0,0.597636
2508.0,25.0,0.0
2508.0,26.0,0.500613
2508.0,27.0,0.740834
2508.0,28.0,0.392149
2508.0,29.0,1.0
2508.0,30.0,0.867581
2508.0,31.0,1.0
2508.0,32.0,0.108417
2508.0,33.0,0.948139
2508.0,34.0,0.205203
2508.0,35.0,0.00053
2508.0,36.0,0.995549
2508.0,37.0,0.512692
2508.0,38.0,0.631757
2508.0,39.0,1.0
2508.0,40.0,0.198961
2508.0,41.0,0.111686
2508.0,42.0,0.588635
2508.0,43.0,0.997838
2508.0,44.0,1.0
2508.0,45.0,0.94077
2508.0,46.0,0.150296
2508.0,47.0,0.230952
2508.0,48.0,0.82692
2508.0,49.0,0.0
2508.0,50.0,0.206386
2508.0,51.0,0.000102
2508.0,52.0,0.460078
2508.0,53.0,0.337638
2508.0,54.0,0.460941
2508.0,55.0,0.005086
2508.0,56.0,0.535602
2508.0,57.0,0.311669
2508.0,58.0,0.470818
2508.0,59.0,0.019894
2508.0,60.0,0.01482
2508.0,61.0,0.729558
2508.0,62.0,0.227018
2508.0,63.0,1.0
2508.0,64.0,0.683585
2508.0,65.0,0.596287
2508.0,66.0,0.628498
2508.0,67.0,0.014585
2508.0,68.0,0.571423
2508.0,69.0,0.173522
2508.0,70.0,0.54367
2508.0,71.0,1.0
2508.0,72.0,0.31095
2508.0,73.0,1.0
2508.0,74.0,0.368325
2508.0,75.0,0.461936
2508.0,76.0,0.709361
2508.0,77.0,0.001804
2508.0,78.0,0.349571
2508.0,79.0,0.662122
2508.0,80.0,0.416372
2508.0,81.0,0.371782
2508.0,82.0,0.269109
2508.0,83.0,0.270812
2508.0,84.0,0.836962
2508.0,85.0,0.663729
2508.0,86.0,1.0
2508.0,87.0,0.404825
2508.0,88.0,0.098249
2508.0,89.0,0.255124
2508.0,90.0,0.853978
2508.0,91.0,0.932219
2508.0,92.0,0.591316
2508.0,93.0,0.940853
2508.0,94.0,0.050685
2508.0,95.0,0.0
2508.0,96.0,0.512995
2508.0,97.0,0.678293
2508.0,98.0,0.600787
2508.0,99.0,0.257707
2508.0,100.0,0.277699
2508.0,101.0,0.0
2508.0,102.0,0.969745
2508.0,103.0,0.413196
2508.0,104.0,0.091154
2508.0,105.0,0.539125
2508.0,106.0,0.41151
2508.0,107.0,0.815205
2508.0,108.0,0.420601
2508.0,109.0,0.40836
2508.0,110.0,1.0
2508.0,111.0,0.176611
2508.0,112.0,0.585235
2508.0,113.0,0.96164
2508.0,114.0,0.163193
2508.0,115.0,0.541004
2508.0,116.0,0.205393
2508.0,117.0,0.185607
2508.0,118.0,0.532675
2508.0,119.0,0.669393
2508.0,120.0,0.266369
2508.0,121.0,0.407413
2508.0,122.0,0.42515
2508.0,123.0,0.961043
2508.0,124.0,1.0
2508.0,125.0,0.048503
2508.0,126.0,0.204217
2508.0,127.0,0.117699
2508.0,128.0,0.466846
2508.0,129.0,0.339691
2508.0,130.0,0.245738
2508.0,131.0,0.694421
2508.0,132.0,0.796244
2508.0,133.0,0.294397
2508.0,134.0,0.610491
2508.0,135.0,0.919057
2508.0,136.0,0.976813
2508.0,137.0,0.621408
2508.0,138.0,0.981017
2508.0,139.0,0.307557
2508.0,140.0,0.534778
2508.0,141.0,0.112953
2508.0,142.0,0.708966
2508.0,143.0,0.206095
2508.0,144.0,0.338502
2508.0,145.0,0.556694
2508.0,146.0,0.995424
2508.0,147.0,0.608236
2509.0,0.0,1.0
2509.0,1.0,0.679806
2509.0,2.0,0.75478
2509.0,3.0,0.004943
2509.0,4.0,0.525875
2509.0,5.0,0.752831
2509.0,6.0,0.433342
2509.0,7.0,0.0
2509.0,8.0,0.416647
2509.0,9.0,0.031661
2509.0,10.0,0.102889
2509.0,11.0,0.5292
2509.0,12.0,0.538766
2509.0,13.0,0.463994
2509.0,14.0,0.558308
2509.0,15.0,0.432656
2509.0,16.0,0.602248
2509.0,17.0,0.938895
2509.0,18.0,0.272022
2509.0,19.0,0.499344
2509.0,20.0,0.221085
2509.0,21.0,0.552597
2509.0,22.0,0.484765
2509.0,23.0,0.740432
2509.0,24.0,0.5959
2509.0,25.0,0.0
2509.0,26.0,0.49433
2509.0,27.0,0.730042
2509.0,28.0,0.374269
2509.0,29.0,1.0
2509.0,30.0,0.860361
2509.0,31.0,1.0
2509.0,32.0,0.102739
2509.0,33.0,0.947644
2509.0,34.0,0.20181
2509.0,35.0,0.000545
2509.0,36.0,0.995386
2509.0,37.0,0.50841
2509.0,38.0,0.620444
2509.0,39.0,1.0
2509.0,40.0,0.200036
2509.0,41.0,0.101433
2509.0,42.0,0.577877
2509.0,43.0,0.997945
2509.0,44.0,1.0
2509.0,45.0,0.939796
2509.0,46.0,0.148606
2509.0,47.0,0.214499
2509.0,48.0,0.823248
2509.0,49.0,0.0
2509.0,50.0,0.197359
2509.0,51.0,0.000112
2509.0,52.0,0.458196
2509.0,53.0,0.3233
2509.0,54.0,0.459005
2509.0,55.0,0.004996
2509.0,56.0,0.518179
2509.0,57.0,0.30226
2509.0,58.0,0.464374
2509.0,59.0,0.019039
2509.0,60.0,0.014467
2509.0,61.0,0.721306
2509.0,62.0,0.226749
2509.0,63.0,1.0
2509.0,64.0,0.675755
2509.0,65.0,0.597647
2509.0,66.0,0.625109
2509.0,67.0,0.014179
2509.0,68.0,0.56179
2509.0,69.0,0.1678
2509.0,70.0,0.541083
2509.0,71.0,1.0
2509.0,72.0,0.304176
2509.0,73.0,1.0
2509.0,74.0,0.362237
2509.0,75.0,0.4586
2509.0,76.0,0.6452
2509.0,77.0,0.001721
2509.0,78.0,0.337176
2509.0,79.0,0.650392
2509.0,80.0,0.407776
2509.0,81.0,0.368317
2509.0,82.0,0.263222
2509.0,83.0,0.244812
2509.0,84.0,0.836136
2509.0,85.0,0.640876
2509.0,86.0,1.0
2509.0,87.0,0.401853
2509.0,88.0,0.09705
2509.0,89.0,0.253132
2509.0,90.0,0.852563
2509.0,91.0,0.929999
2509.0,92.0,0.570034
2509.0,93.0,0.938872
2509.0,94.0,0.028454
2509.0,95.0,0.0
2509.0,96.0,0.499908
2509.0,97.0,0.661733
2509.0,98.0,0.597845
2509.0,99.0,0.261649
2509.0,100.0,0.264347
2509.0,101.0,0.0
2509.0,102.0,0.969261
2509.0,103.0,0.411468
2509.0,104.0,0.08963
2509.0,105.0,0.533763
2509.0,106.0,0.410587
2509.0,107.0,0.795158
2509.0,108.0,0.407756
2509.0,109.0,0.406256
2509.0,110.0,1.0
2509.0,111.0,0.173446
2509.0,112.0,0.582295
2509.0,113.0,0.961065
2509.0,114.0,0.159904
2509.0,115.0,0.509967
2509.0,116.0,0.201603
2509.0,117.0,0.184041
2509.0,118.0,0.520624
2509.0,119.0,0.666863
2509.0,120.0,0.260037
2509.0,121.0,0.393832
2509.0,122.0,0.422002
2509.0,123.0,0.960231
2509.0,124.0,1.0
2509.0,125.0,0.044865
2509.0,126.0,0.197697
2509.0,127.0,0.09758
2509.0,128.0,0.462536
2509.0,129.0,0.338042
2509.0,130.0,0.243229
2509.0,131.0,0.642203
2509.0,132.0,0.755181
2509.0,133.0,0.267819
2509.0,134.0,0.585216
2509.0,135.0,0.918279
2509.0,136.0,0.976674
2509.0,137.0,0.610996
2509.0,138.0,0.980662
2509.0,139.0,0.298209
2509.0,140.0,0.508139
2509.0,141.0,0.113256
2509.0,142.0,0.706973
2509.0,143.0,0.199385
2509.0,144.0,0.335158
2509.0,145.0,0.532525
2509.0,146.0,0.995247
2509.0,147.0,0.59858
2510.0,0.0,1.0
2510.0,1.0,0.674429
2510.0,2.0,0.744149
2510.0,3.0,0.004826
2510.0,4.0,0.521778
2510.0,5.0,0.751828
2510.0,6.0,0.416819
2510.0,7.0,0.0
2510.0,8.0,0.411748
2510.0,9.0,0.03059
2510.0,10.0,0.1024
2510.0,11.0,0.521736
2510.0,12.0,0.536494
2510.0,13.0,0.461745
2510.0,14.0,0.556269
2510.0,15.0,0.428474
2510.0,16.0,0.598251
2510.0,17.0,0.93766
2510.0,18.0,0.263048
2510.0,19.0,0.483179
2510.0,20.0,0.218271
2510.0,21.0,0.544756
2510.0,22.0,0.487315
2510.0,23.0,0.737569
2510.0,24.0,0.59368
2510.0,25.0,0.0
2510.0,26.0,0.486611
2510.0,27.0,0.718966
2510.0,28.0,0.357127
2510.0,29.0,1.0
2510.0,30.0,0.852448
2510.0,31.0,1.0
2510.0,32.0,0.098453
2510.0,33.0,0.947765
2510.0,34.0,0.197969
2510.0,35.0,0.000499
2510.0,36.0,0.995323
2510.0,37.0,0.504404
2510.0,38.0,0.609827
2510.0,39.0,1.0
2510.0,40.0,0.199909
2510.0,41.0,0.091558
2510.0,42.0,0.567511
2510.0,43.0,0.997961
2510.0,44.0,1.0
2510.0,45.0,0.938603
2510.0,46.0,0.145827
2510.0,47.0,0.200639
2510.0,48.0,0.819533
2510.0,49.0,0.0
2510.0,50.0,0.18827
2510.0,51.0,0.000119
2510.0,52.0,0.4561
2510.0,53.0,0.311548
2510.0,54.0,0.456196
2510.0,55.0,0.005091
2510.0,56.0,0.501095
2510.0,57.0,0.293791
2510.0,58.0,0.457484
2510.0,59.0,0.018306
2510.0,60.0,0.014593
2510.0,61.0,0.712736
2510.0,62.0,0.226592
2510.0,63.0,1.0
2510.0,64.0,0.667854
2510.0,65.0,0.598352
2510.0,66.0,0.621519
2510.0,67.0,0.013722
2510.0,68.0,0.550343
2510.0,69.0,0.161553
2510.0,70.0,0.538854
2510.0,71.0,1.0
2510.0,72.0,0.296832
2510.0,73.0,1.0
2510.0,74.0,0.356434
2510.0,75.0,0.456849
2510.0,76.0,0.581848
2510.0,77.0,0.001718
2510.0,78.0,0.325619
2510.0,79.0,0.638686
2510.0,80.0,0.400096
2510.0,81.0,0.364851
2510.0,82.0,0.257094
2510.0,83.0,0.222958
2510.0,84.0,0.834089
2510.0,85.0,0.617495
2510.0,86.0,1.0
2510.0,87.0,0.399821
2510.0,88.0,0.096121
2510.0,89.0,0.251443
2510.0,90.0,0.851077
2510.0,91.0,0.927481
2510.0,92.0,0.550636
2510.0,93.0,0.936743
2510.0,94.0,0.015775
2510.0,95.0,0.0
2510.0,96.0,0.485521
2510.0,97.0,0.643744
2510.0,98.0,0.595785
2510.0,99.0,0.265008
2510.0,100.0,0.252125
2510.0,101.0,0.0
2510.0,102.0,0.968832
2510.0,103.0,0.409685
2510.0,104.0,0.087783
2510.0,105.0,0.529
2510.0,106.0,0.408188
2510.0,107.0,0.773961
2510.0,108.0,0.395168
2510.0,109.0,0.40393
2510.0,110.0,1.0
2510.0,111.0,0.170362
2510.0,112.0,0.578873
2510.0,113.0,0.961099
2510.0,114.0,0.15735
2510.0,115.0,0.481523
2510.0,116.0,0.198038
2510.0,117.0,0.18238
2510.0,118.0,0.508745
2510.0,119.0,0.664429
2510.0,120.0,0.254496
2510.0,121.0,0.38042
2510.0,122.0,0.418439
2510.0,123.0,0.960269
2510.0,124.0,1.0
2510.0,125.0,0.041381
2510.0,126.0,0.192531
2510.0,127.0,0.081617
2510.0,128.0,0.459534
2510.0,129.0,0.336575
2510.0,130.0,0.240869
2510.0,131.0,0.588599
2510.0,132.0,0.711565
2510.0,133.0,0.243872
2510.0,134.0,0.560718
2510.0,135.0,0.917345
2510.0,136.0,0.976476
2510.0,137.0,0.600932
2510.0,138.0,0.980163
2510.0,139.0,0.287968
2510.0,140.0,0.482626
2510.0,141.0,0.113094
2510.0,142.0,0.704409
2510.0,143.0,0.193879
2510.0,144.0,0.332688
2510.0,145.0,0.510044
2510.0,146.0,0.995157
2510.0,147.0,0.58886
