FREQUENCIES 
Gen,mut_id,mut_freq
1.0,0.0,0.5
1.0,1.0,0.5
1.0,2.0,0.5
1.0,3.0,0.5
1.0,4.0,0.5
1.0,5.0,0.5
1.0,6.0,0.5
1.0,7.0,0.5
1.0,8.0,0.5
1.0,9.0,0.5
1.0,10.0,0.5
1.0,11.0,0.5
1.0,12.0,0.5
1.0,13.0,0.5
1.0,14.0,0.5
1.0,15.0,0.5
1.0,16.0,0.5
1.0,17.0,0.5
1.0,18.0,0.5
1.0,19.0,0.5
1.0,20.0,0.5
1.0,21.0,0.5
1.0,22.0,0.5
1.0,23.0,0.5
1.0,24.0,0.5
1.0,25.0,0.5
1.0,26.0,0.5
1.0,27.0,0.5
1.0,28.0,0.5
1.0,29.0,0.5
1.0,30.0,0.5
1.0,31.0,0.5
1.0,32.0,0.5
1.0,33.0,0.5
1.0,34.0,0.5
1.0,35.0,0.5
1.0,36.0,0.5
1.0,37.0,0.5
1.0,38.0,0.5
1.0,39.0,0.5
1.0,40.0,0.5
1.0,41.0,0.5
1.0,42.0,0.5
1.0,43.0,0.5
1.0,44.0,0.5
1.0,45.0,0.5
1.0,46.0,0.5
1.0,47.0,0.5
1.0,48.0,0.5
1.0,49.0,0.5
1.0,50.0,0.5
1.0,51.0,0.5
1.0,52.0,0.5
1.0,53.0,0.5
1.0,54.0,0.5
1.0,55.0,0.5
1.0,56.0,0.5
1.0,57.0,0.5
1.0,58.0,0.5
1.0,59.0,0.5
1.0,60.0,0.5
1.0,61.0,0.5
1.0,62.0,0.5
1.0,63.0,0.5
1.0,64.0,0.5
1.0,65.0,0.5
1.0,66.0,0.5
1.0,67.0,0.5
1.0,68.0,0.5
1.0,69.0,0.5
1.0,70.0,0.5
1.0,71.0,0.5
1.0,72.0,0.5
1.0,73.0,0.5
1.0,74.0,0.5
1.0,75.0,0.5
1.0,76.0,0.5
1.0,77.0,0.5
1.0,78.0,0.5
1.0,79.0,0.5
1.0,80.0,0.5
1.0,81.0,0.5
1.0,82.0,0.5
1.0,83.0,0.5
1.0,84.0,0.5
1.0,85.0,0.5
1.0,86.0,0.5
1.0,87.0,0.5
1.0,88.0,0.5
1.0,89.0,0.5
1.0,90.0,0.5
1.0,91.0,0.5
1.0,92.0,0.5
1.0,93.0,0.5
1.0,94.0,0.5
1.0,95.0,0.5
1.0,96.0,0.5
1.0,97.0,0.5
1.0,98.0,0.5
1.0,99.0,0.5
1.0,100.0,0.5
1.0,101.0,0.5
1.0,102.0,0.5
1.0,103.0,0.5
1.0,104.0,0.5
1.0,105.0,0.5
1.0,106.0,0.5
1.0,107.0,0.5
1.0,108.0,0.5
1.0,109.0,0.5
1.0,110.0,0.5
1.0,111.0,0.5
1.0,112.0,0.5
1.0,113.0,0.5
1.0,114.0,0.5
1.0,115.0,0.5
1.0,116.0,0.5
1.0,117.0,0.5
1.0,118.0,0.5
1.0,119.0,0.5
1.0,120.0,0.5
1.0,121.0,0.5
1.0,122.0,0.5
1.0,123.0,0.5
1.0,124.0,0.5
1.0,125.0,0.5
1.0,126.0,0.5
1.0,127.0,0.5
1.0,128.0,0.5
1.0,129.0,0.5
1.0,130.0,0.5
1.0,131.0,0.5
1.0,132.0,0.5
1.0,133.0,0.5
1.0,134.0,0.5
1.0,135.0,0.5
1.0,136.0,0.5
1.0,137.0,0.5
1.0,138.0,0.5
1.0,139.0,0.5
1.0,140.0,0.5
1.0,141.0,0.5
1.0,142.0,0.5
1.0,143.0,0.5
1.0,144.0,0.5
1.0,145.0,0.5
1.0,146.0,0.5
1.0,147.0,0.5
1.0,148.0,0.5
1.0,149.0,0.5
1.0,150.0,0.5
1.0,151.0,0.5
1.0,152.0,0.5
1.0,153.0,0.5
1.0,154.0,0.5
1.0,155.0,0.5
1.0,156.0,0.5
1.0,157.0,0.5
1.0,158.0,0.5
1.0,159.0,0.5
1.0,160.0,0.5
1.0,161.0,0.5
1.0,162.0,0.5
1.0,163.0,0.5
1.0,164.0,0.5
1.0,165.0,0.5
1.0,166.0,0.5
1.0,167.0,0.5
1.0,168.0,0.5
1.0,169.0,0.5
1.0,170.0,0.5
1.0,171.0,0.5
1.0,172.0,0.5
1.0,173.0,0.5
1.0,174.0,0.5
1.0,175.0,0.5
1.0,176.0,0.5
1.0,177.0,0.5
1.0,178.0,0.5
1.0,179.0,0.5
1.0,180.0,0.5
1.0,181.0,0.5
1.0,182.0,0.5
1.0,183.0,0.5
1.0,184.0,0.5
1.0,185.0,0.5
1.0,186.0,0.5
1.0,187.0,0.5
1.0,188.0,0.5
1.0,189.0,0.5
1.0,190.0,0.5
1.0,191.0,0.5
1.0,192.0,0.5
1.0,193.0,0.5
1.0,194.0,0.5
1.0,195.0,0.5
1.0,196.0,0.5
1.0,197.0,0.5
1.0,198.0,0.5
1.0,199.0,0.5
1.0,200.0,0.5
1.0,201.0,0.5
1.0,202.0,0.5
1.0,203.0,0.5
1.0,204.0,0.5
1.0,205.0,0.5
1.0,206.0,0.5
1.0,207.0,0.5
1.0,208.0,0.5
1.0,209.0,0.5
1.0,210.0,0.5
1.0,211.0,0.5
1.0,212.0,0.5
1.0,213.0,0.5
1.0,214.0,0.5
1.0,215.0,0.5
1.0,216.0,0.5
1.0,217.0,0.5
1.0,218.0,0.5
1.0,219.0,0.5
1.0,220.0,0.5
1.0,221.0,0.5
1.0,222.0,0.5
1.0,223.0,0.5
1.0,224.0,0.5
1.0,225.0,0.5
1.0,226.0,0.5
1.0,227.0,0.5
1.0,228.0,0.5
1.0,229.0,0.5
1.0,230.0,0.5
1.0,231.0,0.5
1.0,232.0,0.5
1.0,233.0,0.5
1.0,234.0,0.5
1.0,235.0,0.5
1.0,236.0,0.5
1.0,237.0,0.5
1.0,238.0,0.5
1.0,239.0,0.5
1.0,240.0,0.5
1.0,241.0,0.5
1.0,242.0,0.5
1.0,243.0,0.5
1.0,244.0,0.5
1.0,245.0,0.5
1.0,246.0,0.5
1.0,247.0,0.5
1.0,248.0,0.5
1.0,249.0,0.5
1.0,250.0,0.5
1.0,251.0,0.5
1.0,252.0,0.5
1.0,253.0,0.5
1.0,254.0,0.5
1.0,255.0,0.5
1.0,256.0,0.5
1.0,257.0,0.5
1.0,258.0,0.5
1.0,259.0,0.5
1.0,260.0,0.5
1.0,261.0,0.5
1.0,262.0,0.5
1.0,263.0,0.5
1.0,264.0,0.5
1.0,265.0,0.5
1.0,266.0,0.5
1.0,267.0,0.5
1.0,268.0,0.5
1.0,269.0,0.5
1.0,270.0,0.5
1.0,271.0,0.5
1.0,272.0,0.5
1.0,273.0,0.5
1.0,274.0,0.5
1.0,275.0,0.5
1.0,276.0,0.5
1.0,277.0,0.5
1.0,278.0,0.5
1.0,279.0,0.5
1.0,280.0,0.5
1.0,281.0,0.5
1.0,282.0,0.5
1.0,283.0,0.5
1.0,284.0,0.5
1.0,285.0,0.5
1.0,286.0,0.5
1.0,287.0,0.5
1.0,288.0,0.5
1.0,289.0,0.5
1.0,290.0,0.5
1.0,291.0,0.5
1.0,292.0,0.5
1.0,293.0,0.5
1.0,294.0,0.5
1.0,295.0,0.5
1.0,296.0,0.5
1.0,297.0,0.5
1.0,298.0,0.5
1.0,299.0,0.5
1.0,300.0,0.5
1.0,301.0,0.5
1.0,302.0,0.5
1.0,303.0,0.5
1.0,304.0,0.5
1.0,305.0,0.5
1.0,306.0,0.5
1.0,307.0,0.5
1.0,308.0,0.5
1.0,309.0,0.5
1.0,310.0,0.5
1.0,311.0,0.5
1.0,312.0,0.5
1.0,313.0,0.5
1.0,314.0,0.5
1.0,315.0,0.5
1.0,316.0,0.5
1.0,317.0,0.5
1.0,318.0,0.5
1.0,319.0,0.5
1.0,320.0,0.5
1.0,321.0,0.5
1.0,322.0,0.5
1.0,323.0,0.5
1.0,324.0,0.5
1.0,325.0,0.5
1.0,326.0,0.5
1.0,327.0,0.5
1.0,328.0,0.5
1.0,329.0,0.5
1.0,330.0,0.5
1.0,331.0,0.5
1.0,332.0,0.5
1.0,333.0,0.5
1.0,334.0,0.5
2500.0,0.0,0.478938
2500.0,1.0,0.085397
2500.0,2.0,0.661957
2500.0,3.0,0.144452
2500.0,4.0,0.504701
2500.0,5.0,0.571728
2500.0,6.0,0.0
2500.0,7.0,0.932725
2500.0,8.0,0.742489
2500.0,9.0,0.687062
2500.0,10.0,0.441067
2500.0,11.0,0.140339
2500.0,12.0,0.267791
2500.0,13.0,0.405101
2500.0,14.0,0.388226
2500.0,15.0,0.015904
2500.0,16.0,0.993185
2500.0,17.0,0.324482
2500.0,18.0,0.42806
2500.0,19.0,0.910689
2500.0,20.0,0.839546
2500.0,21.0,0.849898
2500.0,22.0,0.533015
2500.0,23.0,0.999
2500.0,24.0,0.656134
2500.0,25.0,0.630605
2500.0,26.0,0.615848
2500.0,27.0,0.557446
2500.0,28.0,0.581058
2500.0,29.0,0.884331
2500.0,30.0,0.649744
2500.0,31.0,0.293996
2500.0,32.0,0.538318
2500.0,33.0,0.279141
2500.0,34.0,0.710942
2500.0,35.0,0.450515
2500.0,36.0,0.169886
2500.0,37.0,0.652475
2500.0,38.0,0.421933
2500.0,39.0,0.108683
2500.0,40.0,0.805226
2500.0,41.0,0.677433
2500.0,42.0,0.257106
2500.0,43.0,0.383056
2500.0,44.0,0.568325
2500.0,45.0,0.39406
2500.0,46.0,0.068631
2500.0,47.0,0.992664
2500.0,48.0,0.40584
2500.0,49.0,0.409913
2500.0,50.0,0.472507
2500.0,51.0,0.525065
2500.0,52.0,0.399553
2500.0,53.0,0.337653
2500.0,54.0,0.546523
2500.0,55.0,0.362694
2500.0,56.0,0.854982
2500.0,57.0,0.63674
2500.0,58.0,0.384768
2500.0,59.0,0.961016
2500.0,60.0,0.0
2500.0,61.0,0.0
2500.0,62.0,0.482187
2500.0,63.0,0.422563
2500.0,64.0,0.650086
2500.0,65.0,0.05716
2500.0,66.0,0.238088
2500.0,67.0,0.788402
2500.0,68.0,0.540539
2500.0,69.0,1.0
2500.0,70.0,0.513118
2500.0,71.0,0.450388
2500.0,72.0,0.430299
2500.0,73.0,0.825859
2500.0,74.0,0.810592
2500.0,75.0,0.856251
2500.0,76.0,0.827104
2500.0,77.0,0.557219
2500.0,78.0,0.075625
2500.0,79.0,0.279267
2500.0,80.0,1.0
2500.0,81.0,0.224273
2500.0,82.0,0.688771
2500.0,83.0,0.224747
2500.0,84.0,0.438667
2500.0,85.0,0.476597
2500.0,86.0,0.025061
2500.0,87.0,0.600063
2500.0,88.0,0.494186
2500.0,89.0,0.783
2500.0,90.0,0.693161
2500.0,91.0,0.490315
2500.0,92.0,0.151311
2500.0,93.0,0.383871
2500.0,94.0,0.997717
2500.0,95.0,0.359159
2500.0,96.0,0.711806
2500.0,97.0,0.002124
2500.0,98.0,0.877399
2500.0,99.0,0.759215
2500.0,100.0,0.376182
2500.0,101.0,0.484183
2500.0,102.0,0.400194
2500.0,103.0,0.095552
2500.0,104.0,0.049714
2500.0,105.0,0.311426
2500.0,106.0,0.370464
2500.0,107.0,0.959376
2500.0,108.0,0.215002
2500.0,109.0,0.0
2500.0,110.0,1.0
2500.0,111.0,0.599351
2500.0,112.0,0.000453
2500.0,113.0,0.019554
2500.0,114.0,0.424521
2500.0,115.0,0.471498
2500.0,116.0,0.089943
2500.0,117.0,0.569668
2500.0,118.0,0.001091
2500.0,119.0,0.499572
2500.0,120.0,0.01661
2500.0,121.0,0.311048
2500.0,122.0,0.392526
2500.0,123.0,0.77306
2500.0,124.0,0.60988
2500.0,125.0,0.480251
2500.0,126.0,0.06437
2500.0,127.0,0.999097
2500.0,128.0,7.3e-05
2500.0,129.0,0.672776
2500.0,130.0,0.251257
2500.0,131.0,0.267934
2500.0,132.0,0.228973
2500.0,133.0,0.64739
2500.0,134.0,0.169153
2500.0,135.0,0.190722
2500.0,136.0,0.374355
2500.0,137.0,0.62464
2500.0,138.0,0.469281
2500.0,139.0,0.268479
2500.0,140.0,0.73547
2500.0,141.0,0.991959
2500.0,142.0,1.0
2500.0,143.0,0.506096
2500.0,144.0,0.819687
2500.0,145.0,0.573126
2500.0,146.0,0.77462
2500.0,147.0,0.964172
2500.0,148.0,0.133149
2500.0,149.0,0.556542
2500.0,150.0,0.290544
2500.0,151.0,0.000927
2500.0,152.0,0.449773
2500.0,153.0,0.415494
2500.0,154.0,0.84733
2500.0,155.0,0.698123
2500.0,156.0,0.208235
2500.0,157.0,0.731176
2500.0,158.0,0.606273
2500.0,159.0,0.001075
2500.0,160.0,0.001488
2500.0,161.0,9.4e-05
2500.0,162.0,0.857449
2500.0,163.0,0.941601
2500.0,164.0,0.683596
2500.0,165.0,0.823443
2500.0,166.0,1.0
2500.0,167.0,0.345176
2500.0,168.0,0.000919
2500.0,169.0,0.634083
2500.0,170.0,0.120624
2500.0,171.0,0.46197
2500.0,172.0,0.284578
2500.0,173.0,0.532541
2500.0,174.0,0.558391
2500.0,175.0,0.351596
2500.0,176.0,0.314417
2500.0,177.0,0.436976
2500.0,178.0,1.0
2500.0,179.0,0.331624
2500.0,180.0,0.09887
2500.0,181.0,1.0
2500.0,182.0,0.654787
2500.0,183.0,0.377701
2500.0,184.0,0.63344
2500.0,185.0,0.0
2500.0,186.0,0.26303
2500.0,187.0,0.101713
2500.0,188.0,0.415449
2500.0,189.0,0.339119
2500.0,190.0,0.030148
2500.0,191.0,0.978633
2500.0,192.0,0.578701
2500.0,193.0,0.357263
2500.0,194.0,0.33951
2500.0,195.0,0.444981
2500.0,196.0,0.308707
2500.0,197.0,0.0
2500.0,198.0,0.525584
2500.0,199.0,0.680834
2500.0,200.0,0.158435
2500.0,201.0,0.996093
2500.0,202.0,0.485399
2500.0,203.0,0.0
2500.0,204.0,0.919053
2500.0,205.0,0.953966
2500.0,206.0,1.0
2500.0,207.0,0.216462
2500.0,208.0,0.081424
2500.0,209.0,0.675257
2500.0,210.0,0.44569
2500.0,211.0,0.985175
2500.0,212.0,0.582783
2500.0,213.0,0.512837
2500.0,214.0,0.125512
2500.0,215.0,0.821745
2500.0,216.0,0.605862
2500.0,217.0,0.757301
2500.0,218.0,0.653722
2500.0,219.0,0.709137
2500.0,220.0,0.215125
2500.0,221.0,0.043228
2500.0,222.0,0.420584
2500.0,223.0,0.321196
2500.0,224.0,0.658509
2500.0,225.0,0.587122
2500.0,226.0,0.370086
2500.0,227.0,0.520413
2500.0,228.0,0.744855
2500.0,229.0,0.360565
2500.0,230.0,0.398237
2500.0,231.0,0.998116
2500.0,232.0,0.79721
2500.0,233.0,0.532866
2500.0,234.0,0.0
2500.0,235.0,0.591454
2500.0,236.0,0.047601
2500.0,237.0,0.206538
2500.0,238.0,1.0
2500.0,239.0,0.105911
2500.0,240.0,0.672571
2500.0,241.0,0.13788
2500.0,242.0,0.088283
2500.0,243.0,0.457168
2500.0,244.0,0.993493
2500.0,245.0,0.632968
2500.0,246.0,0.113497
2500.0,247.0,0.212467
2500.0,248.0,0.882916
2500.0,249.0,0.267046
2500.0,250.0,0.967387
2500.0,251.0,0.452991
2500.0,252.0,0.422479
2500.0,253.0,1.0
2500.0,254.0,0.493558
2500.0,255.0,0.47653
2500.0,256.0,0.55843
2500.0,257.0,0.463256
2500.0,258.0,0.776948
2500.0,259.0,0.4402
2500.0,260.0,0.0
2500.0,261.0,0.279131
2500.0,262.0,0.14529
2500.0,263.0,0.667777
2500.0,264.0,0.402527
2500.0,265.0,0.892264
2500.0,266.0,0.036056
2500.0,267.0,0.998026
2500.0,268.0,0.0
2500.0,269.0,0.614677
2500.0,270.0,1.0
2500.0,271.0,0.414013
2500.0,272.0,0.591492
2500.0,273.0,0.537761
2500.0,274.0,0.41976
2500.0,275.0,0.396044
2500.0,276.0,0.459189
2500.0,277.0,0.56539
2500.0,278.0,0.938108
2500.0,279.0,1.0
2500.0,280.0,0.0
2500.0,281.0,0.981501
2500.0,282.0,0.472256
2500.0,283.0,0.1098
2500.0,284.0,0.43565
2500.0,285.0,0.089183
2500.0,286.0,0.531817
2500.0,287.0,0.280182
2500.0,288.0,1.0
2500.0,289.0,0.993073
2500.0,290.0,1.6e-05
2500.0,291.0,0.110746
2500.0,292.0,0.974526
2500.0,293.0,0.550807
2500.0,294.0,0.486017
2500.0,295.0,0.068676
2500.0,296.0,0.145512
2500.0,297.0,0.275631
2500.0,298.0,0.624527
2500.0,299.0,0.332352
2500.0,300.0,0.999753
2500.0,301.0,0.712771
2500.0,302.0,0.249296
2500.0,303.0,0.551206
2500.0,304.0,0.0
2500.0,305.0,0.0
2500.0,306.0,0.572662
2500.0,307.0,0.656711
2500.0,308.0,0.785919
2500.0,309.0,0.015676
2500.0,310.0,0.80129
2500.0,311.0,0.040857
2500.0,312.0,0.16713
2500.0,313.0,0.884605
2500.0,314.0,0.630176
2500.0,315.0,0.066044
2500.0,316.0,0.687025
2500.0,317.0,0.414361
2500.0,318.0,0.445386
2500.0,319.0,0.822529
2500.0,320.0,0.751364
2500.0,321.0,0.0
2500.0,322.0,0.334367
2500.0,323.0,0.292354
2500.0,324.0,0.516188
2500.0,325.0,0.384784
2500.0,326.0,0.872163
2500.0,327.0,0.406737
2500.0,328.0,0.0
2500.0,329.0,0.390005
2500.0,330.0,0.04782
2500.0,331.0,0.759749
2500.0,332.0,0.482229
2500.0,333.0,0.952533
2500.0,334.0,0.999975
2501.0,0.0,0.481418
2501.0,1.0,0.086221
2501.0,2.0,0.663505
2501.0,3.0,0.146597
2501.0,4.0,0.507932
2501.0,5.0,0.573922
2501.0,6.0,0.0
2501.0,7.0,0.932519
2501.0,8.0,0.743345
2501.0,9.0,0.690323
2501.0,10.0,0.443096
2501.0,11.0,0.141025
2501.0,12.0,0.269249
2501.0,13.0,0.413657
2501.0,14.0,0.388147
2501.0,15.0,0.01607
2501.0,16.0,0.993478
2501.0,17.0,0.32648
2501.0,18.0,0.429897
2501.0,19.0,0.913658
2501.0,20.0,0.840881
2501.0,21.0,0.852024
2501.0,22.0,0.536695
2501.0,23.0,0.999015
2501.0,24.0,0.669766
2501.0,25.0,0.631769
2501.0,26.0,0.622745
2501.0,27.0,0.560711
2501.0,28.0,0.58216
2501.0,29.0,0.886434
2501.0,30.0,0.652092
2501.0,31.0,0.294824
2501.0,32.0,0.540728
2501.0,33.0,0.280424
2501.0,34.0,0.715852
2501.0,35.0,0.452097
2501.0,36.0,0.171033
2501.0,37.0,0.65273
2501.0,38.0,0.426915
2501.0,39.0,0.109783
2501.0,40.0,0.805734
2501.0,41.0,0.683613
2501.0,42.0,0.257298
2501.0,43.0,0.385812
2501.0,44.0,0.569034
2501.0,45.0,0.39438
2501.0,46.0,0.069144
2501.0,47.0,0.99258
2501.0,48.0,0.416558
2501.0,49.0,0.409792
2501.0,50.0,0.473281
2501.0,51.0,0.526292
2501.0,52.0,0.402797
2501.0,53.0,0.338669
2501.0,54.0,0.563402
2501.0,55.0,0.36351
2501.0,56.0,0.859173
2501.0,57.0,0.63671
2501.0,58.0,0.388276
2501.0,59.0,0.961601
2501.0,60.0,0.0
2501.0,61.0,0.0
2501.0,62.0,0.499359
2501.0,63.0,0.42784
2501.0,64.0,0.651211
2501.0,65.0,0.057184
2501.0,66.0,0.242252
2501.0,67.0,0.789988
2501.0,68.0,0.547622
2501.0,69.0,1.0
2501.0,70.0,0.518486
2501.0,71.0,0.450355
2501.0,72.0,0.430341
2501.0,73.0,0.829996
2501.0,74.0,0.811924
2501.0,75.0,0.858457
2501.0,76.0,0.828273
2501.0,77.0,0.568854
2501.0,78.0,0.078934
2501.0,79.0,0.279939
2501.0,80.0,1.0
2501.0,81.0,0.245991
2501.0,82.0,0.689118
2501.0,83.0,0.225547
2501.0,84.0,0.442942
2501.0,85.0,0.477909
2501.0,86.0,0.025371
2501.0,87.0,0.602028
2501.0,88.0,0.495435
2501.0,89.0,0.784847
2501.0,90.0,0.694794
2501.0,91.0,0.492424
2501.0,92.0,0.152073
2501.0,93.0,0.419381
2501.0,94.0,0.99775
2501.0,95.0,0.359828
2501.0,96.0,0.722195
2501.0,97.0,0.002228
2501.0,98.0,0.878793
2501.0,99.0,0.763023
2501.0,100.0,0.386428
2501.0,101.0,0.488211
2501.0,102.0,0.401045
2501.0,103.0,0.101214
2501.0,104.0,0.050207
2501.0,105.0,0.312106
2501.0,106.0,0.371422
2501.0,107.0,0.960252
2501.0,108.0,0.219065
2501.0,109.0,0.0
2501.0,110.0,1.0
2501.0,111.0,0.612342
2501.0,112.0,0.000456
2501.0,113.0,0.019692
2501.0,114.0,0.446613
2501.0,115.0,0.49176
2501.0,116.0,0.090084
2501.0,117.0,0.574382
2501.0,118.0,0.001135
2501.0,119.0,0.502861
2501.0,120.0,0.01667
2501.0,121.0,0.313871
2501.0,122.0,0.396505
2501.0,123.0,0.773714
2501.0,124.0,0.61297
2501.0,125.0,0.4824
2501.0,126.0,0.080935
2501.0,127.0,0.999122
2501.0,128.0,7.6e-05
2501.0,129.0,0.685952
2501.0,130.0,0.254862
2501.0,131.0,0.269523
2501.0,132.0,0.235662
2501.0,133.0,0.674619
2501.0,134.0,0.172957
2501.0,135.0,0.192008
2501.0,136.0,0.379814
2501.0,137.0,0.647427
2501.0,138.0,0.470227
2501.0,139.0,0.269327
2501.0,140.0,0.739404
2501.0,141.0,0.991955
2501.0,142.0,1.0
2501.0,143.0,0.521596
2501.0,144.0,0.822075
2501.0,145.0,0.576023
2501.0,146.0,0.782016
2501.0,147.0,0.964994
2501.0,148.0,0.135729
2501.0,149.0,0.558765
2501.0,150.0,0.292395
2501.0,151.0,0.000956
2501.0,152.0,0.451767
2501.0,153.0,0.41908
2501.0,154.0,0.8484
2501.0,155.0,0.703412
2501.0,156.0,0.209419
2501.0,157.0,0.731933
2501.0,158.0,0.608885
2501.0,159.0,0.001085
2501.0,160.0,0.001533
2501.0,161.0,8.8e-05
2501.0,162.0,0.857702
2501.0,163.0,0.9417
2501.0,164.0,0.68443
2501.0,165.0,0.824383
2501.0,166.0,1.0
2501.0,167.0,0.346491
2501.0,168.0,0.000919
2501.0,169.0,0.637014
2501.0,170.0,0.122856
2501.0,171.0,0.463933
2501.0,172.0,0.28708
2501.0,173.0,0.533943
2501.0,174.0,0.573106
2501.0,175.0,0.353061
2501.0,176.0,0.31491
2501.0,177.0,0.437092
2501.0,178.0,1.0
2501.0,179.0,0.341354
2501.0,180.0,0.100885
2501.0,181.0,1.0
2501.0,182.0,0.657752
2501.0,183.0,0.38427
2501.0,184.0,0.636492
2501.0,185.0,0.0
2501.0,186.0,0.265131
2501.0,187.0,0.104587
2501.0,188.0,0.435481
2501.0,189.0,0.341942
2501.0,190.0,0.030991
2501.0,191.0,0.979265
2501.0,192.0,0.579992
2501.0,193.0,0.359821
2501.0,194.0,0.343424
2501.0,195.0,0.448356
2501.0,196.0,0.324948
2501.0,197.0,0.0
2501.0,198.0,0.526389
2501.0,199.0,0.682614
2501.0,200.0,0.159403
2501.0,201.0,0.996429
2501.0,202.0,0.485909
2501.0,203.0,0.0
2501.0,204.0,0.921147
2501.0,205.0,0.954649
2501.0,206.0,1.0
2501.0,207.0,0.219668
2501.0,208.0,0.082168
2501.0,209.0,0.677213
2501.0,210.0,0.449165
2501.0,211.0,0.985351
2501.0,212.0,0.586288
2501.0,213.0,0.517292
2501.0,214.0,0.126407
2501.0,215.0,0.82489
2501.0,216.0,0.606923
2501.0,217.0,0.757686
2501.0,218.0,0.654678
2501.0,219.0,0.715602
2501.0,220.0,0.215229
2501.0,221.0,0.045029
2501.0,222.0,0.423398
2501.0,223.0,0.324242
2501.0,224.0,0.661398
2501.0,225.0,0.588199
2501.0,226.0,0.371433
2501.0,227.0,0.521929
2501.0,228.0,0.745807
2501.0,229.0,0.362416
2501.0,230.0,0.401235
2501.0,231.0,0.998198
2501.0,232.0,0.798878
2501.0,233.0,0.533272
2501.0,234.0,0.0
2501.0,235.0,0.592133
2501.0,236.0,0.047735
2501.0,237.0,0.213946
2501.0,238.0,1.0
2501.0,239.0,0.106329
2501.0,240.0,0.67386
2501.0,241.0,0.139097
2501.0,242.0,0.090113
2501.0,243.0,0.455977
2501.0,244.0,0.993702
2501.0,245.0,0.639734
2501.0,246.0,0.114104
2501.0,247.0,0.214909
2501.0,248.0,0.883655
2501.0,249.0,0.268821
2501.0,250.0,0.967513
2501.0,251.0,0.4545
2501.0,252.0,0.422495
2501.0,253.0,1.0
2501.0,254.0,0.501071
2501.0,255.0,0.493013
2501.0,256.0,0.560316
2501.0,257.0,0.467423
2501.0,258.0,0.777638
2501.0,259.0,0.46102
2501.0,260.0,0.0
2501.0,261.0,0.278745
2501.0,262.0,0.147065
2501.0,263.0,0.669802
2501.0,264.0,0.405585
2501.0,265.0,0.893945
2501.0,266.0,0.036324
2501.0,267.0,0.998054
2501.0,268.0,0.0
2501.0,269.0,0.62462
2501.0,270.0,1.0
2501.0,271.0,0.414859
2501.0,272.0,0.596123
2501.0,273.0,0.538859
2501.0,274.0,0.433381
2501.0,275.0,0.396209
2501.0,276.0,0.467174
2501.0,277.0,0.570148
2501.0,278.0,0.938622
2501.0,279.0,1.0
2501.0,280.0,0.0
2501.0,281.0,0.981846
2501.0,282.0,0.474948
2501.0,283.0,0.109966
2501.0,284.0,0.438727
2501.0,285.0,0.089813
2501.0,286.0,0.536974
2501.0,287.0,0.280778
2501.0,288.0,1.0
2501.0,289.0,0.993244
2501.0,290.0,1.5e-05
2501.0,291.0,0.11177
2501.0,292.0,0.974758
2501.0,293.0,0.553094
2501.0,294.0,0.489985
2501.0,295.0,0.069265
2501.0,296.0,0.14556
2501.0,297.0,0.277292
2501.0,298.0,0.633554
2501.0,299.0,0.341796
2501.0,300.0,0.999758
2501.0,301.0,0.713637
2501.0,302.0,0.248831
2501.0,303.0,0.555797
2501.0,304.0,0.0
2501.0,305.0,0.0
2501.0,306.0,0.573637
2501.0,307.0,0.658465
2501.0,308.0,0.798737
2501.0,309.0,0.015903
2501.0,310.0,0.804343
2501.0,311.0,0.04118
2501.0,312.0,0.169274
2501.0,313.0,0.88553
2501.0,314.0,0.64225
2501.0,315.0,0.068869
2501.0,316.0,0.688134
2501.0,317.0,0.414874
2501.0,318.0,0.446221
2501.0,319.0,0.822678
2501.0,320.0,0.755148
2501.0,321.0,0.0
2501.0,322.0,0.334686
2501.0,323.0,0.296111
2501.0,324.0,0.519294
2501.0,325.0,0.386017
2501.0,326.0,0.873103
2501.0,327.0,0.419424
2501.0,328.0,0.0
2501.0,329.0,0.393118
2501.0,330.0,0.048243
2501.0,331.0,0.767409
2501.0,332.0,0.488996
2501.0,333.0,0.953653
2501.0,334.0,0.999974
2502.0,0.0,0.483946
2502.0,1.0,0.087078
2502.0,2.0,0.66394
2502.0,3.0,0.149061
2502.0,4.0,0.511958
2502.0,5.0,0.575476
2502.0,6.0,0.0
2502.0,7.0,0.933245
2502.0,8.0,0.745017
2502.0,9.0,0.692706
2502.0,10.0,0.444866
2502.0,11.0,0.141299
2502.0,12.0,0.270495
2502.0,13.0,0.422478
2502.0,14.0,0.387654
2502.0,15.0,0.016464
2502.0,16.0,0.993583
2502.0,17.0,0.329051
2502.0,18.0,0.432147
2502.0,19.0,0.916054
2502.0,20.0,0.841868
2502.0,21.0,0.853262
2502.0,22.0,0.539274
2502.0,23.0,0.999045
2502.0,24.0,0.683278
2502.0,25.0,0.633461
2502.0,26.0,0.630466
2502.0,27.0,0.564528
2502.0,28.0,0.581787
2502.0,29.0,0.888105
2502.0,30.0,0.65395
2502.0,31.0,0.295431
2502.0,32.0,0.543696
2502.0,33.0,0.28161
2502.0,34.0,0.720355
2502.0,35.0,0.453514
2502.0,36.0,0.171147
2502.0,37.0,0.653175
2502.0,38.0,0.431235
2502.0,39.0,0.110349
2502.0,40.0,0.807275
2502.0,41.0,0.688675
2502.0,42.0,0.257995
2502.0,43.0,0.388502
2502.0,44.0,0.571644
2502.0,45.0,0.394657
2502.0,46.0,0.069181
2502.0,47.0,0.992656
2502.0,48.0,0.427832
2502.0,49.0,0.410631
2502.0,50.0,0.47356
2502.0,51.0,0.527005
2502.0,52.0,0.406044
2502.0,53.0,0.339772
2502.0,54.0,0.580349
2502.0,55.0,0.363894
2502.0,56.0,0.862961
2502.0,57.0,0.637152
2502.0,58.0,0.392084
2502.0,59.0,0.961952
2502.0,60.0,0.0
2502.0,61.0,0.0
2502.0,62.0,0.516893
2502.0,63.0,0.434558
2502.0,64.0,0.652287
2502.0,65.0,0.057762
2502.0,66.0,0.246659
2502.0,67.0,0.790907
2502.0,68.0,0.555323
2502.0,69.0,1.0
2502.0,70.0,0.522753
2502.0,71.0,0.44936
2502.0,72.0,0.430546
2502.0,73.0,0.834349
2502.0,74.0,0.813234
2502.0,75.0,0.859607
2502.0,76.0,0.828977
2502.0,77.0,0.57945
2502.0,78.0,0.08254
2502.0,79.0,0.28079
2502.0,80.0,1.0
2502.0,81.0,0.267819
2502.0,82.0,0.68969
2502.0,83.0,0.225741
2502.0,84.0,0.446684
2502.0,85.0,0.47875
2502.0,86.0,0.025555
2502.0,87.0,0.604698
2502.0,88.0,0.495356
2502.0,89.0,0.785957
2502.0,90.0,0.697238
2502.0,91.0,0.495087
2502.0,92.0,0.152935
2502.0,93.0,0.456581
2502.0,94.0,0.997742
2502.0,95.0,0.360306
2502.0,96.0,0.733058
2502.0,97.0,0.002336
2502.0,98.0,0.880362
2502.0,99.0,0.767344
2502.0,100.0,0.395668
2502.0,101.0,0.492902
2502.0,102.0,0.402752
2502.0,103.0,0.107642
2502.0,104.0,0.050362
2502.0,105.0,0.312515
2502.0,106.0,0.372814
2502.0,107.0,0.960766
2502.0,108.0,0.223511
2502.0,109.0,0.0
2502.0,110.0,1.0
2502.0,111.0,0.625231
2502.0,112.0,0.000415
2502.0,113.0,0.019944
2502.0,114.0,0.468585
2502.0,115.0,0.511105
2502.0,116.0,0.090359
2502.0,117.0,0.579678
2502.0,118.0,0.001118
2502.0,119.0,0.506149
2502.0,120.0,0.016912
2502.0,121.0,0.316004
2502.0,122.0,0.400708
2502.0,123.0,0.773751
2502.0,124.0,0.614777
2502.0,125.0,0.484502
2502.0,126.0,0.101054
2502.0,127.0,0.999181
2502.0,128.0,8.2e-05
2502.0,129.0,0.69833
2502.0,130.0,0.259732
2502.0,131.0,0.270429
2502.0,132.0,0.242424
2502.0,133.0,0.699539
2502.0,134.0,0.176724
2502.0,135.0,0.193595
2502.0,136.0,0.38495
2502.0,137.0,0.667748
2502.0,138.0,0.471638
2502.0,139.0,0.270136
2502.0,140.0,0.743019
2502.0,141.0,0.991924
2502.0,142.0,1.0
2502.0,143.0,0.537964
2502.0,144.0,0.824402
2502.0,145.0,0.578618
2502.0,146.0,0.788754
2502.0,147.0,0.966052
2502.0,148.0,0.138066
2502.0,149.0,0.561303
2502.0,150.0,0.293229
2502.0,151.0,0.000978
2502.0,152.0,0.454765
2502.0,153.0,0.421565
2502.0,154.0,0.848366
2502.0,155.0,0.709743
2502.0,156.0,0.210735
2502.0,157.0,0.73276
2502.0,158.0,0.612442
2502.0,159.0,0.001062
2502.0,160.0,0.001542
2502.0,161.0,8.6e-05
2502.0,162.0,0.858303
2502.0,163.0,0.942018
2502.0,164.0,0.685808
2502.0,165.0,0.824952
2502.0,166.0,1.0
2502.0,167.0,0.347121
2502.0,168.0,0.000943
2502.0,169.0,0.641277
2502.0,170.0,0.124597
2502.0,171.0,0.465546
2502.0,172.0,0.288649
2502.0,173.0,0.534798
2502.0,174.0,0.587779
2502.0,175.0,0.35589
2502.0,176.0,0.315136
2502.0,177.0,0.438471
2502.0,178.0,1.0
2502.0,179.0,0.351081
2502.0,180.0,0.10267
2502.0,181.0,1.0
2502.0,182.0,0.661298
2502.0,183.0,0.389333
2502.0,184.0,0.638663
2502.0,185.0,0.0
2502.0,186.0,0.267217
2502.0,187.0,0.108112
2502.0,188.0,0.454303
2502.0,189.0,0.344858
2502.0,190.0,0.031555
2502.0,191.0,0.979815
2502.0,192.0,0.582322
2502.0,193.0,0.363219
2502.0,194.0,0.346891
2502.0,195.0,0.450463
2502.0,196.0,0.3421
2502.0,197.0,0.0
2502.0,198.0,0.527812
2502.0,199.0,0.68464
2502.0,200.0,0.160007
2502.0,201.0,0.996698
2502.0,202.0,0.486033
2502.0,203.0,0.0
2502.0,204.0,0.923661
2502.0,205.0,0.955336
2502.0,206.0,1.0
2502.0,207.0,0.222792
2502.0,208.0,0.082269
2502.0,209.0,0.678001
2502.0,210.0,0.452581
2502.0,211.0,0.985577
2502.0,212.0,0.58925
2502.0,213.0,0.521006
2502.0,214.0,0.127866
2502.0,215.0,0.827821
2502.0,216.0,0.607995
2502.0,217.0,0.758222
2502.0,218.0,0.654551
2502.0,219.0,0.721557
2502.0,220.0,0.215831
2502.0,221.0,0.046811
2502.0,222.0,0.425454
2502.0,223.0,0.328121
2502.0,224.0,0.663964
2502.0,225.0,0.589009
2502.0,226.0,0.373042
2502.0,227.0,0.522574
2502.0,228.0,0.746075
2502.0,229.0,0.364574
2502.0,230.0,0.403352
2502.0,231.0,0.998282
2502.0,232.0,0.799602
2502.0,233.0,0.534295
2502.0,234.0,0.0
2502.0,235.0,0.592024
2502.0,236.0,0.048185
2502.0,237.0,0.220487
2502.0,238.0,1.0
2502.0,239.0,0.106775
2502.0,240.0,0.674987
2502.0,241.0,0.140863
2502.0,242.0,0.091136
2502.0,243.0,0.456333
2502.0,244.0,0.993606
2502.0,245.0,0.645988
2502.0,246.0,0.114574
2502.0,247.0,0.216404
2502.0,248.0,0.883781
2502.0,249.0,0.271494
2502.0,250.0,0.967636
2502.0,251.0,0.455366
2502.0,252.0,0.423454
2502.0,253.0,1.0
2502.0,254.0,0.508533
2502.0,255.0,0.510047
2502.0,256.0,0.561581
2502.0,257.0,0.471447
2502.0,258.0,0.777224
2502.0,259.0,0.481984
2502.0,260.0,0.0
2502.0,261.0,0.278537
2502.0,262.0,0.148511
2502.0,263.0,0.671794
2502.0,264.0,0.407966
2502.0,265.0,0.895843
2502.0,266.0,0.036555
2502.0,267.0,0.998117
2502.0,268.0,0.0
2502.0,269.0,0.63396
2502.0,270.0,1.0
2502.0,271.0,0.414682
2502.0,272.0,0.601558
2502.0,273.0,0.53995
2502.0,274.0,0.447434
2502.0,275.0,0.396635
2502.0,276.0,0.474773
2502.0,277.0,0.574791
2502.0,278.0,0.938853
2502.0,279.0,1.0
2502.0,280.0,0.0
2502.0,281.0,0.982054
2502.0,282.0,0.477047
2502.0,283.0,0.110062
2502.0,284.0,0.443276
2502.0,285.0,0.090287
2502.0,286.0,0.540747
2502.0,287.0,0.280774
2502.0,288.0,1.0
2502.0,289.0,0.993193
2502.0,290.0,1.5e-05
2502.0,291.0,0.112592
2502.0,292.0,0.974774
2502.0,293.0,0.554911
2502.0,294.0,0.493873
2502.0,295.0,0.069496
2502.0,296.0,0.145733
2502.0,297.0,0.278484
2502.0,298.0,0.64165
2502.0,299.0,0.352595
2502.0,300.0,0.99977
2502.0,301.0,0.713825
2502.0,302.0,0.249041
2502.0,303.0,0.56041
2502.0,304.0,0.0
2502.0,305.0,0.0
2502.0,306.0,0.574092
2502.0,307.0,0.65862
2502.0,308.0,0.811442
2502.0,309.0,0.016086
2502.0,310.0,0.806767
2502.0,311.0,0.041515
2502.0,312.0,0.171528
2502.0,313.0,0.886426
2502.0,314.0,0.653737
2502.0,315.0,0.072233
2502.0,316.0,0.688575
2502.0,317.0,0.416315
2502.0,318.0,0.44861
2502.0,319.0,0.823034
2502.0,320.0,0.758082
2502.0,321.0,0.0
2502.0,322.0,0.335313
2502.0,323.0,0.299597
2502.0,324.0,0.522571
2502.0,325.0,0.386855
2502.0,326.0,0.873473
2502.0,327.0,0.432498
2502.0,328.0,0.0
2502.0,329.0,0.395992
2502.0,330.0,0.048776
2502.0,331.0,0.773678
2502.0,332.0,0.496027
2502.0,333.0,0.954989
2502.0,334.0,0.999971
2503.0,0.0,0.486698
2503.0,1.0,0.087262
2503.0,2.0,0.664194
2503.0,3.0,0.151018
2503.0,4.0,0.516546
2503.0,5.0,0.577392
2503.0,6.0,0.0
2503.0,7.0,0.933472
2503.0,8.0,0.746318
2503.0,9.0,0.696102
2503.0,10.0,0.447024
2503.0,11.0,0.14163
2503.0,12.0,0.271566
2503.0,13.0,0.431482
2503.0,14.0,0.387555
2503.0,15.0,0.016915
2503.0,16.0,0.993823
2503.0,17.0,0.331827
2503.0,18.0,0.434544
2503.0,19.0,0.918622
2503.0,20.0,0.843607
2503.0,21.0,0.854572
2503.0,22.0,0.541636
2503.0,23.0,0.999124
2503.0,24.0,0.696374
2503.0,25.0,0.63493
2503.0,26.0,0.637964
2503.0,27.0,0.568114
2503.0,28.0,0.582456
2503.0,29.0,0.889962
2503.0,30.0,0.656978
2503.0,31.0,0.296478
2503.0,32.0,0.546674
2503.0,33.0,0.282745
2503.0,34.0,0.725661
2503.0,35.0,0.455461
2503.0,36.0,0.172225
2503.0,37.0,0.654031
2503.0,38.0,0.435747
2503.0,39.0,0.110855
2503.0,40.0,0.809274
2503.0,41.0,0.69386
2503.0,42.0,0.258141
2503.0,43.0,0.391824
2503.0,44.0,0.572547
2503.0,45.0,0.395138
2503.0,46.0,0.06934
2503.0,47.0,0.992605
2503.0,48.0,0.437397
2503.0,49.0,0.4114
2503.0,50.0,0.474352
2503.0,51.0,0.527626
2503.0,52.0,0.410118
2503.0,53.0,0.341261
2503.0,54.0,0.596597
2503.0,55.0,0.365736
2503.0,56.0,0.866638
2503.0,57.0,0.637623
2503.0,58.0,0.395689
2503.0,59.0,0.962743
2503.0,60.0,0.0
2503.0,61.0,0.0
2503.0,62.0,0.534267
2503.0,63.0,0.440035
2503.0,64.0,0.653512
2503.0,65.0,0.058312
2503.0,66.0,0.250146
2503.0,67.0,0.791627
2503.0,68.0,0.563071
2503.0,69.0,1.0
2503.0,70.0,0.527237
2503.0,71.0,0.448575
2503.0,72.0,0.431608
2503.0,73.0,0.838928
2503.0,74.0,0.814674
2503.0,75.0,0.860952
2503.0,76.0,0.830314
2503.0,77.0,0.590316
2503.0,78.0,0.086506
2503.0,79.0,0.282531
2503.0,80.0,1.0
2503.0,81.0,0.291136
2503.0,82.0,0.690404
2503.0,83.0,0.22568
2503.0,84.0,0.451815
2503.0,85.0,0.479165
2503.0,86.0,0.025805
2503.0,87.0,0.606766
2503.0,88.0,0.495402
2503.0,89.0,0.787259
2503.0,90.0,0.699884
2503.0,91.0,0.498014
2503.0,92.0,0.154422
2503.0,93.0,0.494795
2503.0,94.0,0.997844
2503.0,95.0,0.36096
2503.0,96.0,0.742655
2503.0,97.0,0.002368
2503.0,98.0,0.881471
2503.0,99.0,0.770773
2503.0,100.0,0.405184
2503.0,101.0,0.49751
2503.0,102.0,0.404714
2503.0,103.0,0.114038
2503.0,104.0,0.050767
2503.0,105.0,0.313314
2503.0,106.0,0.373456
2503.0,107.0,0.96157
2503.0,108.0,0.227289
2503.0,109.0,0.0
2503.0,110.0,1.0
2503.0,111.0,0.637236
2503.0,112.0,0.0004
2503.0,113.0,0.019915
2503.0,114.0,0.491108
2503.0,115.0,0.529654
2503.0,116.0,0.091371
2503.0,117.0,0.585114
2503.0,118.0,0.001088
2503.0,119.0,0.509369
2503.0,120.0,0.017196
2503.0,121.0,0.317758
2503.0,122.0,0.404092
2503.0,123.0,0.774253
2503.0,124.0,0.615497
2503.0,125.0,0.485687
2503.0,126.0,0.123714
2503.0,127.0,0.999195
2503.0,128.0,7.9e-05
2503.0,129.0,0.710067
2503.0,130.0,0.264471
2503.0,131.0,0.271082
2503.0,132.0,0.248813
2503.0,133.0,0.72154
2503.0,134.0,0.179615
2503.0,135.0,0.194939
2503.0,136.0,0.390463
2503.0,137.0,0.685664
2503.0,138.0,0.471759
2503.0,139.0,0.270921
2503.0,140.0,0.745937
2503.0,141.0,0.992276
2503.0,142.0,1.0
2503.0,143.0,0.552313
2503.0,144.0,0.828598
2503.0,145.0,0.581624
2503.0,146.0,0.79534
2503.0,147.0,0.966744
2503.0,148.0,0.141081
2503.0,149.0,0.562726
2503.0,150.0,0.295057
2503.0,151.0,0.000978
2503.0,152.0,0.45657
2503.0,153.0,0.424721
2503.0,154.0,0.849295
2503.0,155.0,0.714822
2503.0,156.0,0.212502
2503.0,157.0,0.733542
2503.0,158.0,0.614317
2503.0,159.0,0.001019
2503.0,160.0,0.001539
2503.0,161.0,8.3e-05
2503.0,162.0,0.858498
2503.0,163.0,0.942003
2503.0,164.0,0.686763
2503.0,165.0,0.825701
2503.0,166.0,1.0
2503.0,167.0,0.348078
2503.0,168.0,0.000939
2503.0,169.0,0.644205
2503.0,170.0,0.126341
2503.0,171.0,0.466943
2503.0,172.0,0.290577
2503.0,173.0,0.534519
2503.0,174.0,0.601994
2503.0,175.0,0.357807
2503.0,176.0,0.315604
2503.0,177.0,0.439747
2503.0,178.0,1.0
2503.0,179.0,0.359805
2503.0,180.0,0.104292
2503.0,181.0,1.0
2503.0,182.0,0.66508
2503.0,183.0,0.393752
2503.0,184.0,0.641402
2503.0,185.0,0.0
2503.0,186.0,0.27099
2503.0,187.0,0.111479
2503.0,188.0,0.472853
2503.0,189.0,0.348178
2503.0,190.0,0.032237
2503.0,191.0,0.979906
2503.0,192.0,0.584071
2503.0,193.0,0.365939
2503.0,194.0,0.348932
2503.0,195.0,0.45273
2503.0,196.0,0.359426
2503.0,197.0,0.0
2503.0,198.0,0.529079
2503.0,199.0,0.686605
2503.0,200.0,0.160566
2503.0,201.0,0.99701
2503.0,202.0,0.486978
2503.0,203.0,0.0
2503.0,204.0,0.926065
2503.0,205.0,0.955716
2503.0,206.0,1.0
2503.0,207.0,0.225352
2503.0,208.0,0.082255
2503.0,209.0,0.678988
2503.0,210.0,0.455626
2503.0,211.0,0.985569
2503.0,212.0,0.592927
2503.0,213.0,0.52498
2503.0,214.0,0.1284
2503.0,215.0,0.830125
2503.0,216.0,0.610153
2503.0,217.0,0.759165
2503.0,218.0,0.655928
2503.0,219.0,0.727471
2503.0,220.0,0.216835
2503.0,221.0,0.04841
2503.0,222.0,0.428049
2503.0,223.0,0.331404
2503.0,224.0,0.667424
2503.0,225.0,0.589533
2503.0,226.0,0.373583
2503.0,227.0,0.524516
2503.0,228.0,0.746973
2503.0,229.0,0.365564
2503.0,230.0,0.405688
2503.0,231.0,0.998291
2503.0,232.0,0.800478
2503.0,233.0,0.535143
2503.0,234.0,0.0
2503.0,235.0,0.592223
2503.0,236.0,0.048233
2503.0,237.0,0.226306
2503.0,238.0,1.0
2503.0,239.0,0.10695
2503.0,240.0,0.676271
2503.0,241.0,0.142014
2503.0,242.0,0.092476
2503.0,243.0,0.457048
2503.0,244.0,0.993676
2503.0,245.0,0.652305
2503.0,246.0,0.115352
2503.0,247.0,0.218231
2503.0,248.0,0.883889
2503.0,249.0,0.273812
2503.0,250.0,0.967779
2503.0,251.0,0.456087
2503.0,252.0,0.423221
2503.0,253.0,1.0
2503.0,254.0,0.516197
2503.0,255.0,0.525736
2503.0,256.0,0.562498
2503.0,257.0,0.474429
2503.0,258.0,0.777405
2503.0,259.0,0.502589
2503.0,260.0,0.0
2503.0,261.0,0.278407
2503.0,262.0,0.15055
2503.0,263.0,0.674694
2503.0,264.0,0.411936
2503.0,265.0,0.897943
2503.0,266.0,0.036408
2503.0,267.0,0.998192
2503.0,268.0,0.0
2503.0,269.0,0.64393
2503.0,270.0,1.0
2503.0,271.0,0.413737
2503.0,272.0,0.606067
2503.0,273.0,0.541004
2503.0,274.0,0.46024
2503.0,275.0,0.396211
2503.0,276.0,0.482309
2503.0,277.0,0.578451
2503.0,278.0,0.939088
2503.0,279.0,1.0
2503.0,280.0,0.0
2503.0,281.0,0.982281
2503.0,282.0,0.479319
2503.0,283.0,0.109975
2503.0,284.0,0.447016
2503.0,285.0,0.09071
2503.0,286.0,0.544174
2503.0,287.0,0.281795
2503.0,288.0,1.0
2503.0,289.0,0.993297
2503.0,290.0,1.1e-05
2503.0,291.0,0.113681
2503.0,292.0,0.974975
2503.0,293.0,0.556301
2503.0,294.0,0.498085
2503.0,295.0,0.070074
2503.0,296.0,0.146088
2503.0,297.0,0.280168
2503.0,298.0,0.649992
2503.0,299.0,0.362585
2503.0,300.0,0.999805
2503.0,301.0,0.714238
2503.0,302.0,0.249024
2503.0,303.0,0.564597
2503.0,304.0,0.0
2503.0,305.0,0.0
2503.0,306.0,0.575897
2503.0,307.0,0.658871
2503.0,308.0,0.823138
2503.0,309.0,0.01622
2503.0,310.0,0.810584
2503.0,311.0,0.041909
2503.0,312.0,0.173706
2503.0,313.0,0.887832
2503.0,314.0,0.663942
2503.0,315.0,0.074972
2503.0,316.0,0.689128
2503.0,317.0,0.416885
2503.0,318.0,0.450155
2503.0,319.0,0.824015
2503.0,320.0,0.761931
2503.0,321.0,0.0
2503.0,322.0,0.335646
2503.0,323.0,0.304001
2503.0,324.0,0.525644
2503.0,325.0,0.388786
2503.0,326.0,0.873763
2503.0,327.0,0.445794
2503.0,328.0,0.0
2503.0,329.0,0.398939
2503.0,330.0,0.049583
2503.0,331.0,0.780202
2503.0,332.0,0.502699
2503.0,333.0,0.955787
2503.0,334.0,0.999978
2504.0,0.0,0.488572
2504.0,1.0,0.087818
2504.0,2.0,0.664885
2504.0,3.0,0.15388
2504.0,4.0,0.521262
2504.0,5.0,0.578493
2504.0,6.0,0.0
2504.0,7.0,0.934072
2504.0,8.0,0.748291
2504.0,9.0,0.699327
2504.0,10.0,0.449505
2504.0,11.0,0.141673
2504.0,12.0,0.273349
2504.0,13.0,0.440177
2504.0,14.0,0.387545
2504.0,15.0,0.017352
2504.0,16.0,0.993991
2504.0,17.0,0.335
2504.0,18.0,0.436502
2504.0,19.0,0.920778
2504.0,20.0,0.845137
2504.0,21.0,0.855509
2504.0,22.0,0.544637
2504.0,23.0,0.9992
2504.0,24.0,0.709104
2504.0,25.0,0.635932
2504.0,26.0,0.644058
2504.0,27.0,0.571569
2504.0,28.0,0.582621
2504.0,29.0,0.89155
2504.0,30.0,0.659894
2504.0,31.0,0.29699
2504.0,32.0,0.550533
2504.0,33.0,0.284441
2504.0,34.0,0.730885
2504.0,35.0,0.456773
2504.0,36.0,0.173468
2504.0,37.0,0.654877
2504.0,38.0,0.439392
2504.0,39.0,0.111663
2504.0,40.0,0.809776
2504.0,41.0,0.697624
2504.0,42.0,0.25876
2504.0,43.0,0.394703
2504.0,44.0,0.574255
2504.0,45.0,0.395434
2504.0,46.0,0.069371
2504.0,47.0,0.992596
2504.0,48.0,0.447557
2504.0,49.0,0.412649
2504.0,50.0,0.476471
2504.0,51.0,0.528081
2504.0,52.0,0.413159
2504.0,53.0,0.342535
2504.0,54.0,0.612791
2504.0,55.0,0.36687
2504.0,56.0,0.871235
2504.0,57.0,0.637128
2504.0,58.0,0.399752
2504.0,59.0,0.963135
2504.0,60.0,0.0
2504.0,61.0,0.0
2504.0,62.0,0.551079
2504.0,63.0,0.447269
2504.0,64.0,0.653479
2504.0,65.0,0.05851
2504.0,66.0,0.25398
2504.0,67.0,0.792707
2504.0,68.0,0.570711
2504.0,69.0,1.0
2504.0,70.0,0.531194
2504.0,71.0,0.449212
2504.0,72.0,0.431211
2504.0,73.0,0.843483
2504.0,74.0,0.815188
2504.0,75.0,0.862765
2504.0,76.0,0.831023
2504.0,77.0,0.6009
2504.0,78.0,0.090084
2504.0,79.0,0.284493
2504.0,80.0,1.0
2504.0,81.0,0.314564
2504.0,82.0,0.691067
2504.0,83.0,0.225651
2504.0,84.0,0.456045
2504.0,85.0,0.48058
2504.0,86.0,0.026265
2504.0,87.0,0.609954
2504.0,88.0,0.496227
2504.0,89.0,0.788368
2504.0,90.0,0.702304
2504.0,91.0,0.501236
2504.0,92.0,0.154998
2504.0,93.0,0.532502
2504.0,94.0,0.997835
2504.0,95.0,0.362497
2504.0,96.0,0.751744
2504.0,97.0,0.002341
2504.0,98.0,0.882793
2504.0,99.0,0.774026
2504.0,100.0,0.415265
2504.0,101.0,0.503022
2504.0,102.0,0.406313
2504.0,103.0,0.120318
2504.0,104.0,0.050702
2504.0,105.0,0.315164
2504.0,106.0,0.373735
2504.0,107.0,0.962403
2504.0,108.0,0.231163
2504.0,109.0,0.0
2504.0,110.0,1.0
2504.0,111.0,0.648916
2504.0,112.0,0.00041
2504.0,113.0,0.020196
2504.0,114.0,0.512782
2504.0,115.0,0.546612
2504.0,116.0,0.092273
2504.0,117.0,0.589333
2504.0,118.0,0.00109
2504.0,119.0,0.511721
2504.0,120.0,0.017324
2504.0,121.0,0.318931
2504.0,122.0,0.406986
2504.0,123.0,0.773863
2504.0,124.0,0.618299
2504.0,125.0,0.487897
2504.0,126.0,0.149788
2504.0,127.0,0.999191
2504.0,128.0,6.2e-05
2504.0,129.0,0.720574
2504.0,130.0,0.268522
2504.0,131.0,0.271383
2504.0,132.0,0.255072
2504.0,133.0,0.742476
2504.0,134.0,0.182393
2504.0,135.0,0.195272
2504.0,136.0,0.395975
2504.0,137.0,0.702773
2504.0,138.0,0.471937
2504.0,139.0,0.271065
2504.0,140.0,0.748976
2504.0,141.0,0.992608
2504.0,142.0,1.0
2504.0,143.0,0.566389
2504.0,144.0,0.831379
2504.0,145.0,0.584735
2504.0,146.0,0.800382
2504.0,147.0,0.967645
2504.0,148.0,0.143256
2504.0,149.0,0.56468
2504.0,150.0,0.296281
2504.0,151.0,0.000936
2504.0,152.0,0.459847
2504.0,153.0,0.427946
2504.0,154.0,0.849455
2504.0,155.0,0.719797
2504.0,156.0,0.213859
2504.0,157.0,0.734279
2504.0,158.0,0.616187
2504.0,159.0,0.001027
2504.0,160.0,0.001571
2504.0,161.0,8.9e-05
2504.0,162.0,0.858878
2504.0,163.0,0.942211
2504.0,164.0,0.6877
2504.0,165.0,0.827008
2504.0,166.0,1.0
2504.0,167.0,0.348891
2504.0,168.0,0.000922
2504.0,169.0,0.646482
2504.0,170.0,0.128152
2504.0,171.0,0.46862
2504.0,172.0,0.292924
2504.0,173.0,0.53531
2504.0,174.0,0.616225
2504.0,175.0,0.35906
2504.0,176.0,0.316893
2504.0,177.0,0.441452
2504.0,178.0,1.0
2504.0,179.0,0.369071
2504.0,180.0,0.105681
2504.0,181.0,1.0
2504.0,182.0,0.668064
2504.0,183.0,0.399242
2504.0,184.0,0.643617
2504.0,185.0,0.0
2504.0,186.0,0.274086
2504.0,187.0,0.114315
2504.0,188.0,0.492183
2504.0,189.0,0.352029
2504.0,190.0,0.032997
2504.0,191.0,0.980043
2504.0,192.0,0.585971
2504.0,193.0,0.368277
2504.0,194.0,0.352248
2504.0,195.0,0.456021
2504.0,196.0,0.377029
2504.0,197.0,0.0
2504.0,198.0,0.530445
2504.0,199.0,0.688283
2504.0,200.0,0.161119
2504.0,201.0,0.997222
2504.0,202.0,0.486799
2504.0,203.0,0.0
2504.0,204.0,0.928101
2504.0,205.0,0.956286
2504.0,206.0,1.0
2504.0,207.0,0.229171
2504.0,208.0,0.082134
2504.0,209.0,0.680709
2504.0,210.0,0.458281
2504.0,211.0,0.985639
2504.0,212.0,0.596453
2504.0,213.0,0.528308
2504.0,214.0,0.12982
2504.0,215.0,0.832561
2504.0,216.0,0.612036
2504.0,217.0,0.758986
2504.0,218.0,0.657138
2504.0,219.0,0.734325
2504.0,220.0,0.217473
2504.0,221.0,0.050162
2504.0,222.0,0.429827
2504.0,223.0,0.333943
2504.0,224.0,0.668953
2504.0,225.0,0.589583
2504.0,226.0,0.374749
2504.0,227.0,0.52549
2504.0,228.0,0.747797
2504.0,229.0,0.367269
2504.0,230.0,0.4087
2504.0,231.0,0.99834
2504.0,232.0,0.801247
2504.0,233.0,0.536412
2504.0,234.0,0.0
2504.0,235.0,0.592655
2504.0,236.0,0.048236
2504.0,237.0,0.232962
2504.0,238.0,1.0
2504.0,239.0,0.107424
2504.0,240.0,0.677712
2504.0,241.0,0.143713
2504.0,242.0,0.093864
2504.0,243.0,0.458354
2504.0,244.0,0.993861
2504.0,245.0,0.658698
2504.0,246.0,0.116278
2504.0,247.0,0.21988
2504.0,248.0,0.883889
2504.0,249.0,0.275948
2504.0,250.0,0.968015
2504.0,251.0,0.457016
2504.0,252.0,0.42432
2504.0,253.0,1.0
2504.0,254.0,0.52353
2504.0,255.0,0.540847
2504.0,256.0,0.562963
2504.0,257.0,0.477663
2504.0,258.0,0.777544
2504.0,259.0,0.522489
2504.0,260.0,0.0
2504.0,261.0,0.278076
2504.0,262.0,0.151624
2504.0,263.0,0.677074
2504.0,264.0,0.41464
2504.0,265.0,0.89909
2504.0,266.0,0.036686
2504.0,267.0,0.998167
2504.0,268.0,0.0
2504.0,269.0,0.654076
2504.0,270.0,1.0
2504.0,271.0,0.413775
2504.0,272.0,0.610474
2504.0,273.0,0.542157
2504.0,274.0,0.473041
2504.0,275.0,0.396005
2504.0,276.0,0.490326
2504.0,277.0,0.583791
2504.0,278.0,0.93998
2504.0,279.0,1.0
2504.0,280.0,0.0
2504.0,281.0,0.982375
2504.0,282.0,0.481208
2504.0,283.0,0.110326
2504.0,284.0,0.449824
2504.0,285.0,0.091621
2504.0,286.0,0.547036
2504.0,287.0,0.282447
2504.0,288.0,1.0
2504.0,289.0,0.993516
2504.0,290.0,6.0e-06
2504.0,291.0,0.114672
2504.0,292.0,0.975122
2504.0,293.0,0.557651
2504.0,294.0,0.500752
2504.0,295.0,0.07042
2504.0,296.0,0.146831
2504.0,297.0,0.282294
2504.0,298.0,0.658307
2504.0,299.0,0.372677
2504.0,300.0,0.999816
2504.0,301.0,0.715101
2504.0,302.0,0.249375
2504.0,303.0,0.568422
2504.0,304.0,0.0
2504.0,305.0,0.0
2504.0,306.0,0.577491
2504.0,307.0,0.660133
2504.0,308.0,0.833998
2504.0,309.0,0.016363
2504.0,310.0,0.813165
2504.0,311.0,0.042212
2504.0,312.0,0.17516
2504.0,313.0,0.888969
2504.0,314.0,0.673578
2504.0,315.0,0.077697
2504.0,316.0,0.690136
2504.0,317.0,0.417667
2504.0,318.0,0.45128
2504.0,319.0,0.824896
2504.0,320.0,0.765429
2504.0,321.0,0.0
2504.0,322.0,0.336719
2504.0,323.0,0.308063
2504.0,324.0,0.528358
2504.0,325.0,0.390679
2504.0,326.0,0.873815
2504.0,327.0,0.458449
2504.0,328.0,0.0
2504.0,329.0,0.402574
2504.0,330.0,0.049693
2504.0,331.0,0.787323
2504.0,332.0,0.508297
2504.0,333.0,0.957205
2504.0,334.0,0.999977
2505.0,0.0,0.4904
2505.0,1.0,0.08842
2505.0,2.0,0.666167
2505.0,3.0,0.156594
2505.0,4.0,0.524376
2505.0,5.0,0.57975
2505.0,6.0,0.0
2505.0,7.0,0.934123
2505.0,8.0,0.74997
2505.0,9.0,0.70152
2505.0,10.0,0.451144
2505.0,11.0,0.142816
2505.0,12.0,0.274034
2505.0,13.0,0.448793
2505.0,14.0,0.38881
2505.0,15.0,0.017754
2505.0,16.0,0.994142
2505.0,17.0,0.33708
2505.0,18.0,0.438174
2505.0,19.0,0.923221
2505.0,20.0,0.846556
2505.0,21.0,0.856851
2505.0,22.0,0.546523
2505.0,23.0,0.999253
2505.0,24.0,0.721323
2505.0,25.0,0.636618
2505.0,26.0,0.651228
2505.0,27.0,0.574183
2505.0,28.0,0.582811
2505.0,29.0,0.893051
2505.0,30.0,0.662269
2505.0,31.0,0.297511
2505.0,32.0,0.553711
2505.0,33.0,0.285095
2505.0,34.0,0.736336
2505.0,35.0,0.459211
2505.0,36.0,0.174668
2505.0,37.0,0.654818
2505.0,38.0,0.443443
2505.0,39.0,0.112086
2505.0,40.0,0.81109
2505.0,41.0,0.701576
2505.0,42.0,0.259446
2505.0,43.0,0.397557
2505.0,44.0,0.575423
2505.0,45.0,0.396101
2505.0,46.0,0.069567
2505.0,47.0,0.992581
2505.0,48.0,0.457469
2505.0,49.0,0.413273
2505.0,50.0,0.476858
2505.0,51.0,0.529487
2505.0,52.0,0.416019
2505.0,53.0,0.343262
2505.0,54.0,0.627862
2505.0,55.0,0.367661
2505.0,56.0,0.874609
2505.0,57.0,0.637147
2505.0,58.0,0.403481
2505.0,59.0,0.963887
2505.0,60.0,0.0
2505.0,61.0,0.0
2505.0,62.0,0.567181
2505.0,63.0,0.45327
2505.0,64.0,0.654097
2505.0,65.0,0.058508
2505.0,66.0,0.25761
2505.0,67.0,0.793236
2505.0,68.0,0.578079
2505.0,69.0,1.0
2505.0,70.0,0.535366
2505.0,71.0,0.448802
2505.0,72.0,0.431698
2505.0,73.0,0.847651
2505.0,74.0,0.816677
2505.0,75.0,0.864098
2505.0,76.0,0.831288
2505.0,77.0,0.611444
2505.0,78.0,0.094526
2505.0,79.0,0.285513
2505.0,80.0,1.0
2505.0,81.0,0.336857
2505.0,82.0,0.691824
2505.0,83.0,0.225877
2505.0,84.0,0.459565
2505.0,85.0,0.481816
2505.0,86.0,0.026533
2505.0,87.0,0.612067
2505.0,88.0,0.497116
2505.0,89.0,0.789103
2505.0,90.0,0.7044
2505.0,91.0,0.503366
2505.0,92.0,0.154906
2505.0,93.0,0.568532
2505.0,94.0,0.997826
2505.0,95.0,0.36279
2505.0,96.0,0.760554
2505.0,97.0,0.002385
2505.0,98.0,0.884199
2505.0,99.0,0.777558
2505.0,100.0,0.425329
2505.0,101.0,0.5075
2505.0,102.0,0.407503
2505.0,103.0,0.126667
2505.0,104.0,0.05109
2505.0,105.0,0.317202
2505.0,106.0,0.374462
2505.0,107.0,0.963119
2505.0,108.0,0.235105
2505.0,109.0,0.0
2505.0,110.0,1.0
2505.0,111.0,0.659922
2505.0,112.0,0.000394
2505.0,113.0,0.02038
2505.0,114.0,0.535181
2505.0,115.0,0.563932
2505.0,116.0,0.092746
2505.0,117.0,0.59401
2505.0,118.0,0.001105
2505.0,119.0,0.514266
2505.0,120.0,0.017327
2505.0,121.0,0.321025
2505.0,122.0,0.410362
2505.0,123.0,0.774772
2505.0,124.0,0.620636
2505.0,125.0,0.489314
2505.0,126.0,0.179336
2505.0,127.0,0.999244
2505.0,128.0,4.8e-05
2505.0,129.0,0.730238
2505.0,130.0,0.272553
2505.0,131.0,0.271878
2505.0,132.0,0.261774
2505.0,133.0,0.762548
2505.0,134.0,0.185939
2505.0,135.0,0.196798
2505.0,136.0,0.402208
2505.0,137.0,0.718001
2505.0,138.0,0.472229
2505.0,139.0,0.272737
2505.0,140.0,0.752344
2505.0,141.0,0.992647
2505.0,142.0,1.0
2505.0,143.0,0.579473
2505.0,144.0,0.834239
2505.0,145.0,0.587013
2505.0,146.0,0.805121
2505.0,147.0,0.968559
2505.0,148.0,0.145965
2505.0,149.0,0.566799
2505.0,150.0,0.297345
2505.0,151.0,0.000915
2505.0,152.0,0.462737
2505.0,153.0,0.431179
2505.0,154.0,0.849999
2505.0,155.0,0.724752
2505.0,156.0,0.215159
2505.0,157.0,0.73566
2505.0,158.0,0.618741
2505.0,159.0,0.001032
2505.0,160.0,0.001607
2505.0,161.0,8.6e-05
2505.0,162.0,0.859031
2505.0,163.0,0.942787
2505.0,164.0,0.688392
2505.0,165.0,0.827107
2505.0,166.0,1.0
2505.0,167.0,0.350048
2505.0,168.0,0.000988
2505.0,169.0,0.649467
2505.0,170.0,0.130443
2505.0,171.0,0.470376
2505.0,172.0,0.293582
2505.0,173.0,0.535758
2505.0,174.0,0.62834
2505.0,175.0,0.359678
2505.0,176.0,0.318186
2505.0,177.0,0.442432
2505.0,178.0,1.0
2505.0,179.0,0.378135
2505.0,180.0,0.106899
2505.0,181.0,1.0
2505.0,182.0,0.669735
2505.0,183.0,0.404075
2505.0,184.0,0.646259
2505.0,185.0,0.0
2505.0,186.0,0.277454
2505.0,187.0,0.11762
2505.0,188.0,0.509867
2505.0,189.0,0.354717
2505.0,190.0,0.033639
2505.0,191.0,0.980192
2505.0,192.0,0.587079
2505.0,193.0,0.371377
2505.0,194.0,0.355331
2505.0,195.0,0.459837
2505.0,196.0,0.393993
2505.0,197.0,0.0
2505.0,198.0,0.532747
2505.0,199.0,0.688998
2505.0,200.0,0.161121
2505.0,201.0,0.997395
2505.0,202.0,0.488024
2505.0,203.0,0.0
2505.0,204.0,0.930335
2505.0,205.0,0.956655
2505.0,206.0,1.0
2505.0,207.0,0.232104
2505.0,208.0,0.081895
2505.0,209.0,0.682596
2505.0,210.0,0.460972
2505.0,211.0,0.985656
2505.0,212.0,0.598954
2505.0,213.0,0.531678
2505.0,214.0,0.130917
2505.0,215.0,0.834217
2505.0,216.0,0.613566
2505.0,217.0,0.75914
2505.0,218.0,0.657832
2505.0,219.0,0.740573
2505.0,220.0,0.218556
2505.0,221.0,0.051774
2505.0,222.0,0.431655
2505.0,223.0,0.336777
2505.0,224.0,0.6714
2505.0,225.0,0.589985
2505.0,226.0,0.376428
2505.0,227.0,0.527045
2505.0,228.0,0.749072
2505.0,229.0,0.368315
2505.0,230.0,0.411474
2505.0,231.0,0.998405
2505.0,232.0,0.802598
2505.0,233.0,0.537063
2505.0,234.0,0.0
2505.0,235.0,0.593249
2505.0,236.0,0.048346
2505.0,237.0,0.238735
2505.0,238.0,1.0
2505.0,239.0,0.107871
2505.0,240.0,0.679886
2505.0,241.0,0.144717
2505.0,242.0,0.095478
2505.0,243.0,0.458863
2505.0,244.0,0.993901
2505.0,245.0,0.664686
2505.0,246.0,0.116794
2505.0,247.0,0.221734
2505.0,248.0,0.883672
2505.0,249.0,0.278179
2505.0,250.0,0.968739
2505.0,251.0,0.458325
2505.0,252.0,0.425541
2505.0,253.0,1.0
2505.0,254.0,0.530716
2505.0,255.0,0.555191
2505.0,256.0,0.563869
2505.0,257.0,0.480678
2505.0,258.0,0.77804
2505.0,259.0,0.541512
2505.0,260.0,0.0
2505.0,261.0,0.278819
2505.0,262.0,0.152883
2505.0,263.0,0.678832
2505.0,264.0,0.417161
2505.0,265.0,0.901251
2505.0,266.0,0.036659
2505.0,267.0,0.998194
2505.0,268.0,0.0
2505.0,269.0,0.663498
2505.0,270.0,1.0
2505.0,271.0,0.413924
2505.0,272.0,0.614756
2505.0,273.0,0.543629
2505.0,274.0,0.486433
2505.0,275.0,0.396473
2505.0,276.0,0.497241
2505.0,277.0,0.587632
2505.0,278.0,0.940165
2505.0,279.0,1.0
2505.0,280.0,0.0
2505.0,281.0,0.98281
2505.0,282.0,0.482599
2505.0,283.0,0.110818
2505.0,284.0,0.454212
2505.0,285.0,0.091832
2505.0,286.0,0.549889
2505.0,287.0,0.283104
2505.0,288.0,1.0
2505.0,289.0,0.993514
2505.0,290.0,4.0e-06
2505.0,291.0,0.115772
2505.0,292.0,0.975123
2505.0,293.0,0.559614
2505.0,294.0,0.503654
2505.0,295.0,0.070424
2505.0,296.0,0.147621
2505.0,297.0,0.284632
2505.0,298.0,0.666023
2505.0,299.0,0.382145
2505.0,300.0,0.999832
2505.0,301.0,0.714734
2505.0,302.0,0.249246
2505.0,303.0,0.571204
2505.0,304.0,0.0
2505.0,305.0,0.0
2505.0,306.0,0.579039
2505.0,307.0,0.661138
2505.0,308.0,0.844255
2505.0,309.0,0.016504
2505.0,310.0,0.816395
2505.0,311.0,0.042801
2505.0,312.0,0.176426
2505.0,313.0,0.890182
2505.0,314.0,0.682725
2505.0,315.0,0.081089
2505.0,316.0,0.691699
2505.0,317.0,0.417909
2505.0,318.0,0.453183
2505.0,319.0,0.825197
2505.0,320.0,0.768664
2505.0,321.0,0.0
2505.0,322.0,0.3374
2505.0,323.0,0.311734
2505.0,324.0,0.531574
2505.0,325.0,0.392157
2505.0,326.0,0.874321
2505.0,327.0,0.470675
2505.0,328.0,0.0
2505.0,329.0,0.406287
2505.0,330.0,0.050301
2505.0,331.0,0.793815
2505.0,332.0,0.515083
2505.0,333.0,0.958193
2505.0,334.0,0.999987
2506.0,0.0,0.489444
2506.0,1.0,0.087651
2506.0,2.0,0.665301
2506.0,3.0,0.154021
2506.0,4.0,0.521478
2506.0,5.0,0.578299
2506.0,6.0,0.0
2506.0,7.0,0.933788
2506.0,8.0,0.748828
2506.0,9.0,0.698699
2506.0,10.0,0.448617
2506.0,11.0,0.142742
2506.0,12.0,0.274151
2506.0,13.0,0.439996
2506.0,14.0,0.388565
2506.0,15.0,0.017541
2506.0,16.0,0.994204
2506.0,17.0,0.334787
2506.0,18.0,0.435393
2506.0,19.0,0.920692
2506.0,20.0,0.844834
2506.0,21.0,0.854772
2506.0,22.0,0.543664
2506.0,23.0,0.999169
2506.0,24.0,0.70891
2506.0,25.0,0.634518
2506.0,26.0,0.643979
2506.0,27.0,0.570847
2506.0,28.0,0.58249
2506.0,29.0,0.89176
2506.0,30.0,0.659535
2506.0,31.0,0.296464
2506.0,32.0,0.55052
2506.0,33.0,0.283863
2506.0,34.0,0.731683
2506.0,35.0,0.456083
2506.0,36.0,0.174507
2506.0,37.0,0.653634
2506.0,38.0,0.439475
2506.0,39.0,0.110645
2506.0,40.0,0.810127
2506.0,41.0,0.696833
2506.0,42.0,0.259362
2506.0,43.0,0.394381
2506.0,44.0,0.574918
2506.0,45.0,0.395437
2506.0,46.0,0.06919
2506.0,47.0,0.992654
2506.0,48.0,0.445931
2506.0,49.0,0.413618
2506.0,50.0,0.475973
2506.0,51.0,0.528548
2506.0,52.0,0.41192
2506.0,53.0,0.342107
2506.0,54.0,0.611676
2506.0,55.0,0.366251
2506.0,56.0,0.871376
2506.0,57.0,0.637396
2506.0,58.0,0.398512
2506.0,59.0,0.963545
2506.0,60.0,0.0
2506.0,61.0,0.0
2506.0,62.0,0.548873
2506.0,63.0,0.447089
2506.0,64.0,0.652977
2506.0,65.0,0.0584
2506.0,66.0,0.253755
2506.0,67.0,0.79232
2506.0,68.0,0.570603
2506.0,69.0,1.0
2506.0,70.0,0.529804
2506.0,71.0,0.449176
2506.0,72.0,0.431957
2506.0,73.0,0.843649
2506.0,74.0,0.815346
2506.0,75.0,0.861559
2506.0,76.0,0.831395
2506.0,77.0,0.600113
2506.0,78.0,0.090309
2506.0,79.0,0.284405
2506.0,80.0,1.0
2506.0,81.0,0.311631
2506.0,82.0,0.691823
2506.0,83.0,0.22594
2506.0,84.0,0.454463
2506.0,85.0,0.480179
2506.0,86.0,0.02652
2506.0,87.0,0.609748
2506.0,88.0,0.496219
2506.0,89.0,0.787521
2506.0,90.0,0.701569
2506.0,91.0,0.500261
2506.0,92.0,0.153453
2506.0,93.0,0.52464
2506.0,94.0,0.997857
2506.0,95.0,0.362374
2506.0,96.0,0.751569
2506.0,97.0,0.002527
2506.0,98.0,0.883148
2506.0,99.0,0.773551
2506.0,100.0,0.415644
2506.0,101.0,0.502795
2506.0,102.0,0.406762
2506.0,103.0,0.120087
2506.0,104.0,0.05075
2506.0,105.0,0.31651
2506.0,106.0,0.37331
2506.0,107.0,0.962832
2506.0,108.0,0.23077
2506.0,109.0,0.0
2506.0,110.0,1.0
2506.0,111.0,0.64719
2506.0,112.0,0.000396
2506.0,113.0,0.020221
2506.0,114.0,0.509885
2506.0,115.0,0.544467
2506.0,116.0,0.092475
2506.0,117.0,0.588816
2506.0,118.0,0.001152
2506.0,119.0,0.510656
2506.0,120.0,0.017042
2506.0,121.0,0.317955
2506.0,122.0,0.407159
2506.0,123.0,0.774068
2506.0,124.0,0.619612
2506.0,125.0,0.487923
2506.0,126.0,0.147388
2506.0,127.0,0.999221
2506.0,128.0,3.6e-05
2506.0,129.0,0.718905
2506.0,130.0,0.26889
2506.0,131.0,0.271847
2506.0,132.0,0.255331
2506.0,133.0,0.740263
2506.0,134.0,0.183183
2506.0,135.0,0.195402
2506.0,136.0,0.39556
2506.0,137.0,0.698809
2506.0,138.0,0.470555
2506.0,139.0,0.271411
2506.0,140.0,0.748075
2506.0,141.0,0.99251
2506.0,142.0,1.0
2506.0,143.0,0.564886
2506.0,144.0,0.831297
2506.0,145.0,0.584078
2506.0,146.0,0.799471
2506.0,147.0,0.967925
2506.0,148.0,0.144202
2506.0,149.0,0.563132
2506.0,150.0,0.295934
2506.0,151.0,0.000897
2506.0,152.0,0.460297
2506.0,153.0,0.427618
2506.0,154.0,0.850073
2506.0,155.0,0.71992
2506.0,156.0,0.214308
2506.0,157.0,0.73384
2506.0,158.0,0.616513
2506.0,159.0,0.001066
2506.0,160.0,0.001584
2506.0,161.0,9.5e-05
2506.0,162.0,0.858756
2506.0,163.0,0.942493
2506.0,164.0,0.687787
2506.0,165.0,0.826224
2506.0,166.0,1.0
2506.0,167.0,0.348601
2506.0,168.0,0.000914
2506.0,169.0,0.647998
2506.0,170.0,0.128255
2506.0,171.0,0.469311
2506.0,172.0,0.292269
2506.0,173.0,0.536701
2506.0,174.0,0.613847
2506.0,175.0,0.35832
2506.0,176.0,0.317629
2506.0,177.0,0.441274
2506.0,178.0,1.0
2506.0,179.0,0.367556
2506.0,180.0,0.105361
2506.0,181.0,1.0
2506.0,182.0,0.666988
2506.0,183.0,0.398268
2506.0,184.0,0.643415
2506.0,185.0,0.0
2506.0,186.0,0.275249
2506.0,187.0,0.114301
2506.0,188.0,0.48878
2506.0,189.0,0.350821
2506.0,190.0,0.033011
2506.0,191.0,0.980093
2506.0,192.0,0.586022
2506.0,193.0,0.367295
2506.0,194.0,0.352494
2506.0,195.0,0.456688
2506.0,196.0,0.375687
2506.0,197.0,0.0
2506.0,198.0,0.532079
2506.0,199.0,0.687526
2506.0,200.0,0.160054
2506.0,201.0,0.997138
2506.0,202.0,0.487601
2506.0,203.0,0.0
2506.0,204.0,0.928776
2506.0,205.0,0.956265
2506.0,206.0,1.0
2506.0,207.0,0.22852
2506.0,208.0,0.081314
2506.0,209.0,0.682729
2506.0,210.0,0.45787
2506.0,211.0,0.985762
2506.0,212.0,0.597214
2506.0,213.0,0.527629
2506.0,214.0,0.129652
2506.0,215.0,0.831556
2506.0,216.0,0.611089
2506.0,217.0,0.75918
2506.0,218.0,0.656306
2506.0,219.0,0.734705
2506.0,220.0,0.217369
2506.0,221.0,0.050538
2506.0,222.0,0.429694
2506.0,223.0,0.334401
2506.0,224.0,0.668242
2506.0,225.0,0.589389
2506.0,226.0,0.374921
2506.0,227.0,0.525932
2506.0,228.0,0.747444
2506.0,229.0,0.366523
2506.0,230.0,0.408496
2506.0,231.0,0.998346
2506.0,232.0,0.802125
2506.0,233.0,0.536883
2506.0,234.0,0.0
2506.0,235.0,0.593503
2506.0,236.0,0.048116
2506.0,237.0,0.232648
2506.0,238.0,1.0
2506.0,239.0,0.106819
2506.0,240.0,0.678519
2506.0,241.0,0.143547
2506.0,242.0,0.093622
2506.0,243.0,0.458169
2506.0,244.0,0.99377
2506.0,245.0,0.65935
2506.0,246.0,0.115321
2506.0,247.0,0.220591
2506.0,248.0,0.883313
2506.0,249.0,0.276205
2506.0,250.0,0.968454
2506.0,251.0,0.45722
2506.0,252.0,0.423929
2506.0,253.0,1.0
2506.0,254.0,0.523292
2506.0,255.0,0.538753
2506.0,256.0,0.562663
2506.0,257.0,0.476923
2506.0,258.0,0.778376
2506.0,259.0,0.519239
2506.0,260.0,0.0
2506.0,261.0,0.278652
2506.0,262.0,0.152065
2506.0,263.0,0.676919
2506.0,264.0,0.414499
2506.0,265.0,0.899452
2506.0,266.0,0.036606
2506.0,267.0,0.998195
2506.0,268.0,0.0
2506.0,269.0,0.655433
2506.0,270.0,1.0
2506.0,271.0,0.414353
2506.0,272.0,0.610714
2506.0,273.0,0.541089
2506.0,274.0,0.471524
2506.0,275.0,0.396307
2506.0,276.0,0.488016
2506.0,277.0,0.582968
2506.0,278.0,0.940394
2506.0,279.0,1.0
2506.0,280.0,0.0
2506.0,281.0,0.982576
2506.0,282.0,0.480784
2506.0,283.0,0.11104
2506.0,284.0,0.450246
2506.0,285.0,0.091387
2506.0,286.0,0.54662
2506.0,287.0,0.282078
2506.0,288.0,1.0
2506.0,289.0,0.99341
2506.0,290.0,4.0e-06
2506.0,291.0,0.114285
2506.0,292.0,0.974949
2506.0,293.0,0.55727
2506.0,294.0,0.499682
2506.0,295.0,0.069976
2506.0,296.0,0.146922
2506.0,297.0,0.282401
2506.0,298.0,0.658137
2506.0,299.0,0.372046
2506.0,300.0,0.999819
2506.0,301.0,0.714353
2506.0,302.0,0.248513
2506.0,303.0,0.567174
2506.0,304.0,0.0
2506.0,305.0,0.0
2506.0,306.0,0.576967
2506.0,307.0,0.659676
2506.0,308.0,0.832804
2506.0,309.0,0.016083
2506.0,310.0,0.81334
2506.0,311.0,0.042536
2506.0,312.0,0.17508
2506.0,313.0,0.888718
2506.0,314.0,0.6726
2506.0,315.0,0.077339
2506.0,316.0,0.690798
2506.0,317.0,0.417288
2506.0,318.0,0.45243
2506.0,319.0,0.825334
2506.0,320.0,0.765967
2506.0,321.0,0.0
2506.0,322.0,0.33772
2506.0,323.0,0.307413
2506.0,324.0,0.528271
2506.0,325.0,0.390626
2506.0,326.0,0.87436
2506.0,327.0,0.457018
2506.0,328.0,0.0
2506.0,329.0,0.402423
2506.0,330.0,0.049145
2506.0,331.0,0.787782
2506.0,332.0,0.508442
2506.0,333.0,0.957097
2506.0,334.0,0.999989
2507.0,0.0,0.487755
2507.0,1.0,0.08723
2507.0,2.0,0.665703
2507.0,3.0,0.151635
2507.0,4.0,0.517852
2507.0,5.0,0.576254
2507.0,6.0,0.0
2507.0,7.0,0.933769
2507.0,8.0,0.748017
2507.0,9.0,0.695999
2507.0,10.0,0.446073
2507.0,11.0,0.14172
2507.0,12.0,0.272926
2507.0,13.0,0.430454
2507.0,14.0,0.388988
2507.0,15.0,0.017606
2507.0,16.0,0.994055
2507.0,17.0,0.332744
2507.0,18.0,0.432802
2507.0,19.0,0.91821
2507.0,20.0,0.843071
2507.0,21.0,0.853644
2507.0,22.0,0.540586
2507.0,23.0,0.99906
2507.0,24.0,0.696362
2507.0,25.0,0.634136
2507.0,26.0,0.637223
2507.0,27.0,0.56758
2507.0,28.0,0.582273
2507.0,29.0,0.89071
2507.0,30.0,0.657316
2507.0,31.0,0.295816
2507.0,32.0,0.547373
2507.0,33.0,0.282503
2507.0,34.0,0.725557
2507.0,35.0,0.453258
2507.0,36.0,0.17347
2507.0,37.0,0.652855
2507.0,38.0,0.436089
2507.0,39.0,0.109397
2507.0,40.0,0.808662
2507.0,41.0,0.691815
2507.0,42.0,0.258736
2507.0,43.0,0.391563
2507.0,44.0,0.573987
2507.0,45.0,0.394886
2507.0,46.0,0.068794
2507.0,47.0,0.992663
2507.0,48.0,0.435289
2507.0,49.0,0.412586
2507.0,50.0,0.475636
2507.0,51.0,0.528126
2507.0,52.0,0.409117
2507.0,53.0,0.341056
2507.0,54.0,0.594639
2507.0,55.0,0.364134
2507.0,56.0,0.86793
2507.0,57.0,0.636921
2507.0,58.0,0.394431
2507.0,59.0,0.963178
2507.0,60.0,0.0
2507.0,61.0,0.0
2507.0,62.0,0.531733
2507.0,63.0,0.441321
2507.0,64.0,0.651999
2507.0,65.0,0.057529
2507.0,66.0,0.249569
2507.0,67.0,0.791417
2507.0,68.0,0.562798
2507.0,69.0,1.0
2507.0,70.0,0.525763
2507.0,71.0,0.448827
2507.0,72.0,0.431829
2507.0,73.0,0.839479
2507.0,74.0,0.813992
2507.0,75.0,0.859271
2507.0,76.0,0.831048
2507.0,77.0,0.589954
2507.0,78.0,0.086684
2507.0,79.0,0.283466
2507.0,80.0,1.0
2507.0,81.0,0.287905
2507.0,82.0,0.691196
2507.0,83.0,0.225744
2507.0,84.0,0.448928
2507.0,85.0,0.478409
2507.0,86.0,0.026308
2507.0,87.0,0.607252
2507.0,88.0,0.49507
2507.0,89.0,0.786142
2507.0,90.0,0.699604
2507.0,91.0,0.497792
2507.0,92.0,0.153159
2507.0,93.0,0.48482
2507.0,94.0,0.997846
2507.0,95.0,0.36128
2507.0,96.0,0.742701
2507.0,97.0,0.002535
2507.0,98.0,0.881636
2507.0,99.0,0.769372
2507.0,100.0,0.407282
2507.0,101.0,0.498877
2507.0,102.0,0.405189
2507.0,103.0,0.114113
2507.0,104.0,0.050778
2507.0,105.0,0.315148
2507.0,106.0,0.372097
2507.0,107.0,0.962728
2507.0,108.0,0.226238
2507.0,109.0,0.0
2507.0,110.0,1.0
2507.0,111.0,0.634057
2507.0,112.0,0.000376
2507.0,113.0,0.020019
2507.0,114.0,0.485444
2507.0,115.0,0.525392
2507.0,116.0,0.091589
2507.0,117.0,0.583526
2507.0,118.0,0.001193
2507.0,119.0,0.506863
2507.0,120.0,0.017034
2507.0,121.0,0.316444
2507.0,122.0,0.402641
2507.0,123.0,0.77318
2507.0,124.0,0.618103
2507.0,125.0,0.486453
2507.0,126.0,0.120157
2507.0,127.0,0.999195
2507.0,128.0,3.5e-05
2507.0,129.0,0.707835
2507.0,130.0,0.265191
2507.0,131.0,0.271107
2507.0,132.0,0.24924
2507.0,133.0,0.717537
2507.0,134.0,0.179979
2507.0,135.0,0.194579
2507.0,136.0,0.389078
2507.0,137.0,0.680557
2507.0,138.0,0.47072
2507.0,139.0,0.270778
2507.0,140.0,0.745323
2507.0,141.0,0.99242
2507.0,142.0,1.0
2507.0,143.0,0.54952
2507.0,144.0,0.828796
2507.0,145.0,0.58156
2507.0,146.0,0.793096
2507.0,147.0,0.966878
2507.0,148.0,0.141579
2507.0,149.0,0.561107
2507.0,150.0,0.295695
2507.0,151.0,0.00094
2507.0,152.0,0.457771
2507.0,153.0,0.424208
2507.0,154.0,0.849623
2507.0,155.0,0.714167
2507.0,156.0,0.212833
2507.0,157.0,0.732508
2507.0,158.0,0.613888
2507.0,159.0,0.001049
2507.0,160.0,0.001592
2507.0,161.0,0.000102
2507.0,162.0,0.858015
2507.0,163.0,0.942239
2507.0,164.0,0.686373
2507.0,165.0,0.824751
2507.0,166.0,1.0
2507.0,167.0,0.347743
2507.0,168.0,0.000834
2507.0,169.0,0.644095
2507.0,170.0,0.126316
2507.0,171.0,0.468266
2507.0,172.0,0.291209
2507.0,173.0,0.536643
2507.0,174.0,0.599554
2507.0,175.0,0.356067
2507.0,176.0,0.316921
2507.0,177.0,0.440375
2507.0,178.0,1.0
2507.0,179.0,0.357148
2507.0,180.0,0.104284
2507.0,181.0,1.0
2507.0,182.0,0.664518
2507.0,183.0,0.39275
2507.0,184.0,0.641678
2507.0,185.0,0.0
2507.0,186.0,0.272897
2507.0,187.0,0.110987
2507.0,188.0,0.469162
2507.0,189.0,0.347556
2507.0,190.0,0.032506
2507.0,191.0,0.979937
2507.0,192.0,0.584427
2507.0,193.0,0.363026
2507.0,194.0,0.348962
2507.0,195.0,0.454039
2507.0,196.0,0.356852
2507.0,197.0,0.0
2507.0,198.0,0.53001
2507.0,199.0,0.686057
2507.0,200.0,0.159291
2507.0,201.0,0.996852
2507.0,202.0,0.486543
2507.0,203.0,0.0
2507.0,204.0,0.926706
2507.0,205.0,0.956167
2507.0,206.0,1.0
2507.0,207.0,0.226303
2507.0,208.0,0.081345
2507.0,209.0,0.680949
2507.0,210.0,0.455463
2507.0,211.0,0.985763
2507.0,212.0,0.594118
2507.0,213.0,0.524245
2507.0,214.0,0.129332
2507.0,215.0,0.829042
2507.0,216.0,0.608589
2507.0,217.0,0.758896
2507.0,218.0,0.655843
2507.0,219.0,0.728898
2507.0,220.0,0.217448
2507.0,221.0,0.048614
2507.0,222.0,0.42757
2507.0,223.0,0.331661
2507.0,224.0,0.664842
2507.0,225.0,0.588261
2507.0,226.0,0.373436
2507.0,227.0,0.524627
2507.0,228.0,0.746351
2507.0,229.0,0.365713
2507.0,230.0,0.405375
2507.0,231.0,0.998298
2507.0,232.0,0.801485
2507.0,233.0,0.535901
2507.0,234.0,0.0
2507.0,235.0,0.592345
2507.0,236.0,0.047916
2507.0,237.0,0.226389
2507.0,238.0,1.0
2507.0,239.0,0.106464
2507.0,240.0,0.677291
2507.0,241.0,0.141861
2507.0,242.0,0.092293
2507.0,243.0,0.458462
2507.0,244.0,0.993679
2507.0,245.0,0.653089
2507.0,246.0,0.1149
2507.0,247.0,0.219115
2507.0,248.0,0.883112
2507.0,249.0,0.274189
2507.0,250.0,0.968217
2507.0,251.0,0.456746
2507.0,252.0,0.421673
2507.0,253.0,1.0
2507.0,254.0,0.515154
2507.0,255.0,0.522823
2507.0,256.0,0.561199
2507.0,257.0,0.473015
2507.0,258.0,0.778154
2507.0,259.0,0.498059
2507.0,260.0,0.0
2507.0,261.0,0.278224
2507.0,262.0,0.150069
2507.0,263.0,0.674028
2507.0,264.0,0.411684
2507.0,265.0,0.897321
2507.0,266.0,0.036017
2507.0,267.0,0.998097
2507.0,268.0,0.0
2507.0,269.0,0.646854
2507.0,270.0,1.0
2507.0,271.0,0.414175
2507.0,272.0,0.606667
2507.0,273.0,0.540474
2507.0,274.0,0.457918
2507.0,275.0,0.395946
2507.0,276.0,0.479711
2507.0,277.0,0.578006
2507.0,278.0,0.940019
2507.0,279.0,1.0
2507.0,280.0,0.0
2507.0,281.0,0.982509
2507.0,282.0,0.479111
2507.0,283.0,0.110482
2507.0,284.0,0.446296
2507.0,285.0,0.090286
2507.0,286.0,0.544418
2507.0,287.0,0.281301
2507.0,288.0,1.0
2507.0,289.0,0.99336
2507.0,290.0,5.0e-06
2507.0,291.0,0.113248
2507.0,292.0,0.974563
2507.0,293.0,0.555499
2507.0,294.0,0.495853
2507.0,295.0,0.069827
2507.0,296.0,0.146126
2507.0,297.0,0.280341
2507.0,298.0,0.649795
2507.0,299.0,0.361944
2507.0,300.0,0.999814
2507.0,301.0,0.714533
2507.0,302.0,0.249002
2507.0,303.0,0.562888
2507.0,304.0,0.0
2507.0,305.0,0.0
2507.0,306.0,0.574925
2507.0,307.0,0.658696
2507.0,308.0,0.821212
2507.0,309.0,0.015712
2507.0,310.0,0.810413
2507.0,311.0,0.041907
2507.0,312.0,0.17326
2507.0,313.0,0.887865
2507.0,314.0,0.663379
2507.0,315.0,0.073619
2507.0,316.0,0.690395
2507.0,317.0,0.415263
2507.0,318.0,0.452196
2507.0,319.0,0.825524
2507.0,320.0,0.763173
2507.0,321.0,0.0
2507.0,322.0,0.338288
2507.0,323.0,0.302691
2507.0,324.0,0.525003
2507.0,325.0,0.389521
2507.0,326.0,0.873683
2507.0,327.0,0.444039
2507.0,328.0,0.0
2507.0,329.0,0.399108
2507.0,330.0,0.048043
2507.0,331.0,0.781565
2507.0,332.0,0.502668
2507.0,333.0,0.955984
2507.0,334.0,0.999988
2508.0,0.0,0.484986
2508.0,1.0,0.087056
2508.0,2.0,0.66512
2508.0,3.0,0.149545
2508.0,4.0,0.513614
2508.0,5.0,0.573668
2508.0,6.0,0.0
2508.0,7.0,0.933633
2508.0,8.0,0.747002
2508.0,9.0,0.692963
2508.0,10.0,0.443898
2508.0,11.0,0.141475
2508.0,12.0,0.271535
2508.0,13.0,0.421937
2508.0,14.0,0.38836
2508.0,15.0,0.01736
2508.0,16.0,0.99389
2508.0,17.0,0.329865
2508.0,18.0,0.431383
2508.0,19.0,0.916103
2508.0,20.0,0.841695
2508.0,21.0,0.851838
2508.0,22.0,0.53672
2508.0,23.0,0.999016
2508.0,24.0,0.684636
2508.0,25.0,0.633356
2508.0,26.0,0.630635
2508.0,27.0,0.565591
2508.0,28.0,0.581825
2508.0,29.0,0.889507
2508.0,30.0,0.654802
2508.0,31.0,0.29463
2508.0,32.0,0.544171
2508.0,33.0,0.281876
2508.0,34.0,0.720571
2508.0,35.0,0.450573
2508.0,36.0,0.172542
2508.0,37.0,0.651924
2508.0,38.0,0.432123
2508.0,39.0,0.108605
2508.0,40.0,0.808196
2508.0,41.0,0.68792
2508.0,42.0,0.258304
2508.0,43.0,0.388646
2508.0,44.0,0.573947
2508.0,45.0,0.394541
2508.0,46.0,0.069155
2508.0,47.0,0.992584
2508.0,48.0,0.424367
2508.0,49.0,0.411786
2508.0,50.0,0.474383
2508.0,51.0,0.527359
2508.0,52.0,0.405331
2508.0,53.0,0.340206
2508.0,54.0,0.577879
2508.0,55.0,0.362059
2508.0,56.0,0.86488
2508.0,57.0,0.636669
2508.0,58.0,0.389919
2508.0,59.0,0.962804
2508.0,60.0,0.0
2508.0,61.0,0.0
2508.0,62.0,0.515652
2508.0,63.0,0.436501
2508.0,64.0,0.651561
2508.0,65.0,0.057341
2508.0,66.0,0.245638
2508.0,67.0,0.789943
2508.0,68.0,0.555114
2508.0,69.0,1.0
2508.0,70.0,0.522335
2508.0,71.0,0.449664
2508.0,72.0,0.431748
2508.0,73.0,0.834726
2508.0,74.0,0.812691
2508.0,75.0,0.857967
2508.0,76.0,0.830211
2508.0,77.0,0.579366
2508.0,78.0,0.082896
2508.0,79.0,0.281717
2508.0,80.0,1.0
2508.0,81.0,0.265361
2508.0,82.0,0.689808
2508.0,83.0,0.225686
2508.0,84.0,0.444997
2508.0,85.0,0.477229
2508.0,86.0,0.026414
2508.0,87.0,0.604834
2508.0,88.0,0.494483
2508.0,89.0,0.78537
2508.0,90.0,0.697307
2508.0,91.0,0.495844
2508.0,92.0,0.152289
2508.0,93.0,0.447843
2508.0,94.0,0.997849
2508.0,95.0,0.360277
2508.0,96.0,0.732491
2508.0,97.0,0.002507
2508.0,98.0,0.880117
2508.0,99.0,0.764679
2508.0,100.0,0.398456
2508.0,101.0,0.493779
2508.0,102.0,0.403344
2508.0,103.0,0.10825
2508.0,104.0,0.050574
2508.0,105.0,0.313057
2508.0,106.0,0.3712
2508.0,107.0,0.962262
2508.0,108.0,0.221955
2508.0,109.0,0.0
2508.0,110.0,1.0
2508.0,111.0,0.621698
2508.0,112.0,0.000355
2508.0,113.0,0.019805
2508.0,114.0,0.463904
2508.0,115.0,0.506062
2508.0,116.0,0.091058
2508.0,117.0,0.579261
2508.0,118.0,0.001176
2508.0,119.0,0.50422
2508.0,120.0,0.016848
2508.0,121.0,0.314185
2508.0,122.0,0.398461
2508.0,123.0,0.772299
2508.0,124.0,0.616581
2508.0,125.0,0.48447
2508.0,126.0,0.098181
2508.0,127.0,0.999155
2508.0,128.0,3.7e-05
2508.0,129.0,0.696583
2508.0,130.0,0.262262
2508.0,131.0,0.269869
2508.0,132.0,0.24294
2508.0,133.0,0.693948
2508.0,134.0,0.177412
2508.0,135.0,0.193794
2508.0,136.0,0.3837
2508.0,137.0,0.663036
2508.0,138.0,0.469931
2508.0,139.0,0.269657
2508.0,140.0,0.741353
2508.0,141.0,0.992392
2508.0,142.0,1.0
2508.0,143.0,0.534507
2508.0,144.0,0.825324
2508.0,145.0,0.579792
2508.0,146.0,0.786736
2508.0,147.0,0.965665
2508.0,148.0,0.139314
2508.0,149.0,0.559508
2508.0,150.0,0.295337
2508.0,151.0,0.000943
2508.0,152.0,0.45612
2508.0,153.0,0.420922
2508.0,154.0,0.849238
2508.0,155.0,0.708732
2508.0,156.0,0.211534
2508.0,157.0,0.73118
2508.0,158.0,0.611936
2508.0,159.0,0.001017
2508.0,160.0,0.001508
2508.0,161.0,8.3e-05
2508.0,162.0,0.857381
2508.0,163.0,0.942193
2508.0,164.0,0.685358
2508.0,165.0,0.823747
2508.0,166.0,1.0
2508.0,167.0,0.347495
2508.0,168.0,0.000792
2508.0,169.0,0.641214
2508.0,170.0,0.125257
2508.0,171.0,0.466608
2508.0,172.0,0.290246
2508.0,173.0,0.536842
2508.0,174.0,0.586164
2508.0,175.0,0.355138
2508.0,176.0,0.317282
2508.0,177.0,0.439352
2508.0,178.0,1.0
2508.0,179.0,0.3477
2508.0,180.0,0.102847
2508.0,181.0,1.0
2508.0,182.0,0.660932
2508.0,183.0,0.387613
2508.0,184.0,0.639684
2508.0,185.0,0.0
2508.0,186.0,0.270543
2508.0,187.0,0.10812
2508.0,188.0,0.450966
2508.0,189.0,0.344299
2508.0,190.0,0.031954
2508.0,191.0,0.979765
2508.0,192.0,0.582006
2508.0,193.0,0.360151
2508.0,194.0,0.346011
2508.0,195.0,0.451875
2508.0,196.0,0.339449
2508.0,197.0,0.0
2508.0,198.0,0.528671
2508.0,199.0,0.684254
2508.0,200.0,0.158536
2508.0,201.0,0.99661
2508.0,202.0,0.485637
2508.0,203.0,0.0
2508.0,204.0,0.92488
2508.0,205.0,0.955799
2508.0,206.0,1.0
2508.0,207.0,0.223164
2508.0,208.0,0.081112
2508.0,209.0,0.679609
2508.0,210.0,0.453129
2508.0,211.0,0.985735
2508.0,212.0,0.591097
2508.0,213.0,0.52118
2508.0,214.0,0.129473
2508.0,215.0,0.826862
2508.0,216.0,0.606771
2508.0,217.0,0.758985
2508.0,218.0,0.655429
2508.0,219.0,0.722915
2508.0,220.0,0.216599
2508.0,221.0,0.047147
2508.0,222.0,0.425734
2508.0,223.0,0.328788
2508.0,224.0,0.662255
2508.0,225.0,0.588243
2508.0,226.0,0.372785
2508.0,227.0,0.52283
2508.0,228.0,0.745907
2508.0,229.0,0.365125
2508.0,230.0,0.402717
2508.0,231.0,0.998169
2508.0,232.0,0.801318
2508.0,233.0,0.535249
2508.0,234.0,0.0
2508.0,235.0,0.591423
2508.0,236.0,0.047967
2508.0,237.0,0.21981
2508.0,238.0,1.0
2508.0,239.0,0.106359
2508.0,240.0,0.675731
2508.0,241.0,0.139824
2508.0,242.0,0.090852
2508.0,243.0,0.457968
2508.0,244.0,0.993585
2508.0,245.0,0.646798
2508.0,246.0,0.114404
2508.0,247.0,0.217449
2508.0,248.0,0.882957
2508.0,249.0,0.272368
2508.0,250.0,0.968103
2508.0,251.0,0.455896
2508.0,252.0,0.421266
2508.0,253.0,1.0
2508.0,254.0,0.507926
2508.0,255.0,0.506521
2508.0,256.0,0.559062
2508.0,257.0,0.469343
2508.0,258.0,0.77756
2508.0,259.0,0.477674
2508.0,260.0,0.0
2508.0,261.0,0.276545
2508.0,262.0,0.148384
2508.0,263.0,0.67085
2508.0,264.0,0.408215
2508.0,265.0,0.896021
2508.0,266.0,0.035165
2508.0,267.0,0.998077
2508.0,268.0,0.0
2508.0,269.0,0.637897
2508.0,270.0,1.0
2508.0,271.0,0.413808
2508.0,272.0,0.602035
2508.0,273.0,0.538181
2508.0,274.0,0.444203
2508.0,275.0,0.396327
2508.0,276.0,0.471883
2508.0,277.0,0.574769
2508.0,278.0,0.9397
2508.0,279.0,1.0
2508.0,280.0,0.0
2508.0,281.0,0.982281
2508.0,282.0,0.47878
2508.0,283.0,0.110261
2508.0,284.0,0.442225
2508.0,285.0,0.089922
2508.0,286.0,0.5412
2508.0,287.0,0.27982
2508.0,288.0,1.0
2508.0,289.0,0.993272
2508.0,290.0,4.0e-06
2508.0,291.0,0.112215
2508.0,292.0,0.974643
2508.0,293.0,0.553696
2508.0,294.0,0.491841
2508.0,295.0,0.069217
2508.0,296.0,0.144874
2508.0,297.0,0.278201
2508.0,298.0,0.641797
2508.0,299.0,0.352358
2508.0,300.0,0.999805
2508.0,301.0,0.714265
2508.0,302.0,0.249355
2508.0,303.0,0.558998
2508.0,304.0,0.0
2508.0,305.0,0.0
2508.0,306.0,0.573142
2508.0,307.0,0.657571
2508.0,308.0,0.809396
2508.0,309.0,0.015447
2508.0,310.0,0.806563
2508.0,311.0,0.041363
2508.0,312.0,0.170805
2508.0,313.0,0.886609
2508.0,314.0,0.654317
2508.0,315.0,0.070599
2508.0,316.0,0.690458
2508.0,317.0,0.413588
2508.0,318.0,0.4513
2508.0,319.0,0.825443
2508.0,320.0,0.759691
2508.0,321.0,0.0
2508.0,322.0,0.338512
2508.0,323.0,0.298933
2508.0,324.0,0.522164
2508.0,325.0,0.389529
2508.0,326.0,0.87361
2508.0,327.0,0.431834
2508.0,328.0,0.0
2508.0,329.0,0.39483
2508.0,330.0,0.047657
2508.0,331.0,0.775565
2508.0,332.0,0.496173
2508.0,333.0,0.955091
2508.0,334.0,0.999989
2509.0,0.0,0.482915
2509.0,1.0,0.086491
2509.0,2.0,0.663796
2509.0,3.0,0.146849
2509.0,4.0,0.509708
2509.0,5.0,0.572027
2509.0,6.0,0.0
2509.0,7.0,0.933357
2509.0,8.0,0.745848
2509.0,9.0,0.690772
2509.0,10.0,0.441472
2509.0,11.0,0.140706
2509.0,12.0,0.269957
2509.0,13.0,0.41346
2509.0,14.0,0.387579
2509.0,15.0,0.01698
2509.0,16.0,0.993766
2509.0,17.0,0.326472
2509.0,18.0,0.429696
2509.0,19.0,0.913302
2509.0,20.0,0.839885
2509.0,21.0,0.850313
2509.0,22.0,0.533821
2509.0,23.0,0.9989
2509.0,24.0,0.67192
2509.0,25.0,0.631773
2509.0,26.0,0.624223
2509.0,27.0,0.563644
2509.0,28.0,0.582329
2509.0,29.0,0.888177
2509.0,30.0,0.652302
2509.0,31.0,0.29339
2509.0,32.0,0.541858
2509.0,33.0,0.281181
2509.0,34.0,0.716413
2509.0,35.0,0.448474
2509.0,36.0,0.17151
2509.0,37.0,0.65132
2509.0,38.0,0.428687
2509.0,39.0,0.107863
2509.0,40.0,0.80668
2509.0,41.0,0.682315
2509.0,42.0,0.257488
2509.0,43.0,0.385726
2509.0,44.0,0.573409
2509.0,45.0,0.394496
2509.0,46.0,0.068402
2509.0,47.0,0.992469
2509.0,48.0,0.414406
2509.0,49.0,0.411251
2509.0,50.0,0.47339
2509.0,51.0,0.527711
2509.0,52.0,0.401635
2509.0,53.0,0.339038
2509.0,54.0,0.561824
2509.0,55.0,0.360201
2509.0,56.0,0.861311
2509.0,57.0,0.636746
2509.0,58.0,0.386741
2509.0,59.0,0.962778
2509.0,60.0,0.0
2509.0,61.0,0.0
2509.0,62.0,0.498971
2509.0,63.0,0.431114
2509.0,64.0,0.650741
2509.0,65.0,0.056993
2509.0,66.0,0.242747
2509.0,67.0,0.789382
2509.0,68.0,0.547766
2509.0,69.0,1.0
2509.0,70.0,0.518113
2509.0,71.0,0.449537
2509.0,72.0,0.431461
2509.0,73.0,0.830718
2509.0,74.0,0.811547
2509.0,75.0,0.855682
2509.0,76.0,0.829766
2509.0,77.0,0.568647
2509.0,78.0,0.078743
2509.0,79.0,0.280876
2509.0,80.0,1.0
2509.0,81.0,0.244257
2509.0,82.0,0.689301
2509.0,83.0,0.225923
2509.0,84.0,0.440347
2509.0,85.0,0.475623
2509.0,86.0,0.026303
2509.0,87.0,0.602447
2509.0,88.0,0.494241
2509.0,89.0,0.784536
2509.0,90.0,0.694677
2509.0,91.0,0.493445
2509.0,92.0,0.15104
2509.0,93.0,0.415526
2509.0,94.0,0.99785
2509.0,95.0,0.359783
2509.0,96.0,0.723507
2509.0,97.0,0.002566
2509.0,98.0,0.879171
2509.0,99.0,0.760896
2509.0,100.0,0.389744
2509.0,101.0,0.489678
2509.0,102.0,0.401111
2509.0,103.0,0.103012
2509.0,104.0,0.049922
2509.0,105.0,0.311385
2509.0,106.0,0.369634
2509.0,107.0,0.961463
2509.0,108.0,0.217834
2509.0,109.0,0.0
2509.0,110.0,1.0
2509.0,111.0,0.60965
2509.0,112.0,0.000352
2509.0,113.0,0.019515
2509.0,114.0,0.443209
2509.0,115.0,0.488789
2509.0,116.0,0.090309
2509.0,117.0,0.573839
2509.0,118.0,0.001219
2509.0,119.0,0.500442
2509.0,120.0,0.016718
2509.0,121.0,0.311587
2509.0,122.0,0.394745
2509.0,123.0,0.771744
2509.0,124.0,0.614675
2509.0,125.0,0.48302
2509.0,126.0,0.079509
2509.0,127.0,0.999162
2509.0,128.0,3.9e-05
2509.0,129.0,0.685333
2509.0,130.0,0.25811
2509.0,131.0,0.269362
2509.0,132.0,0.23624
2509.0,133.0,0.669476
2509.0,134.0,0.174092
2509.0,135.0,0.192721
2509.0,136.0,0.376679
2509.0,137.0,0.645043
2509.0,138.0,0.469899
2509.0,139.0,0.2682
2509.0,140.0,0.737632
2509.0,141.0,0.992264
2509.0,142.0,1.0
2509.0,143.0,0.520005
2509.0,144.0,0.822518
2509.0,145.0,0.577124
2509.0,146.0,0.780435
2509.0,147.0,0.964945
2509.0,148.0,0.137186
2509.0,149.0,0.557143
2509.0,150.0,0.294807
2509.0,151.0,0.000929
2509.0,152.0,0.45418
2509.0,153.0,0.419579
2509.0,154.0,0.849087
2509.0,155.0,0.703234
2509.0,156.0,0.210466
2509.0,157.0,0.729731
2509.0,158.0,0.60834
2509.0,159.0,0.000952
2509.0,160.0,0.001513
2509.0,161.0,7.4e-05
2509.0,162.0,0.856784
2509.0,163.0,0.941754
2509.0,164.0,0.683795
2509.0,165.0,0.824086
2509.0,166.0,1.0
2509.0,167.0,0.346687
2509.0,168.0,0.000754
2509.0,169.0,0.638105
2509.0,170.0,0.123449
2509.0,171.0,0.465146
2509.0,172.0,0.288526
2509.0,173.0,0.536914
2509.0,174.0,0.572681
2509.0,175.0,0.353826
2509.0,176.0,0.316674
2509.0,177.0,0.437887
2509.0,178.0,1.0
2509.0,179.0,0.338741
2509.0,180.0,0.101525
2509.0,181.0,1.0
2509.0,182.0,0.658343
2509.0,183.0,0.382521
2509.0,184.0,0.637779
2509.0,185.0,0.0
2509.0,186.0,0.268259
2509.0,187.0,0.105161
2509.0,188.0,0.432219
2509.0,189.0,0.340668
2509.0,190.0,0.031052
2509.0,191.0,0.979874
2509.0,192.0,0.580081
2509.0,193.0,0.3571
2509.0,194.0,0.343552
2509.0,195.0,0.449708
2509.0,196.0,0.322956
2509.0,197.0,0.0
2509.0,198.0,0.527554
2509.0,199.0,0.68152
2509.0,200.0,0.157576
2509.0,201.0,0.996153
2509.0,202.0,0.483841
2509.0,203.0,0.0
2509.0,204.0,0.922818
2509.0,205.0,0.955824
2509.0,206.0,1.0
2509.0,207.0,0.22025
2509.0,208.0,0.080583
2509.0,209.0,0.678518
2509.0,210.0,0.450513
2509.0,211.0,0.985607
2509.0,212.0,0.587935
2509.0,213.0,0.518025
2509.0,214.0,0.128771
2509.0,215.0,0.825378
2509.0,216.0,0.604839
2509.0,217.0,0.759159
2509.0,218.0,0.655099
2509.0,219.0,0.716787
2509.0,220.0,0.21584
2509.0,221.0,0.045334
2509.0,222.0,0.422713
2509.0,223.0,0.326982
2509.0,224.0,0.659124
2509.0,225.0,0.588094
2509.0,226.0,0.371524
2509.0,227.0,0.522167
2509.0,228.0,0.745031
2509.0,229.0,0.364032
2509.0,230.0,0.400815
2509.0,231.0,0.998108
2509.0,232.0,0.800433
2509.0,233.0,0.534143
2509.0,234.0,0.0
2509.0,235.0,0.590415
2509.0,236.0,0.048076
2509.0,237.0,0.213759
2509.0,238.0,1.0
2509.0,239.0,0.105712
2509.0,240.0,0.674557
2509.0,241.0,0.138421
2509.0,242.0,0.089056
2509.0,243.0,0.457483
2509.0,244.0,0.993426
2509.0,245.0,0.640563
2509.0,246.0,0.113885
2509.0,247.0,0.216268
2509.0,248.0,0.88308
2509.0,249.0,0.271373
2509.0,250.0,0.967785
2509.0,251.0,0.454634
2509.0,252.0,0.419566
2509.0,253.0,1.0
2509.0,254.0,0.501188
2509.0,255.0,0.490616
2509.0,256.0,0.557178
2509.0,257.0,0.466403
2509.0,258.0,0.776284
2509.0,259.0,0.457911
2509.0,260.0,0.0
2509.0,261.0,0.275926
2509.0,262.0,0.146988
2509.0,263.0,0.668232
2509.0,264.0,0.404346
2509.0,265.0,0.894975
2509.0,266.0,0.035077
2509.0,267.0,0.997917
2509.0,268.0,0.0
2509.0,269.0,0.628434
2509.0,270.0,1.0
2509.0,271.0,0.413328
2509.0,272.0,0.597154
2509.0,273.0,0.537394
2509.0,274.0,0.431935
2509.0,275.0,0.395491
2509.0,276.0,0.46366
2509.0,277.0,0.570881
2509.0,278.0,0.939213
2509.0,279.0,1.0
2509.0,280.0,0.0
2509.0,281.0,0.982278
2509.0,282.0,0.477762
2509.0,283.0,0.109966
2509.0,284.0,0.43854
2509.0,285.0,0.089847
2509.0,286.0,0.537996
2509.0,287.0,0.278672
2509.0,288.0,1.0
2509.0,289.0,0.993114
2509.0,290.0,7.0e-06
2509.0,291.0,0.111253
2509.0,292.0,0.974742
2509.0,293.0,0.551396
2509.0,294.0,0.487875
2509.0,295.0,0.06887
2509.0,296.0,0.143922
2509.0,297.0,0.276854
2509.0,298.0,0.632252
2509.0,299.0,0.342138
2509.0,300.0,0.999793
2509.0,301.0,0.713553
2509.0,302.0,0.248609
2509.0,303.0,0.555165
2509.0,304.0,0.0
2509.0,305.0,0.0
2509.0,306.0,0.572104
2509.0,307.0,0.656442
2509.0,308.0,0.796859
2509.0,309.0,0.015125
2509.0,310.0,0.802632
2509.0,311.0,0.040906
2509.0,312.0,0.168231
2509.0,313.0,0.885218
2509.0,314.0,0.644525
2509.0,315.0,0.067819
2509.0,316.0,0.690044
2509.0,317.0,0.412236
2509.0,318.0,0.450683
2509.0,319.0,0.8256
2509.0,320.0,0.758232
2509.0,321.0,0.0
2509.0,322.0,0.338271
2509.0,323.0,0.294388
2509.0,324.0,0.519759
2509.0,325.0,0.38789
2509.0,326.0,0.872785
2509.0,327.0,0.419257
2509.0,328.0,0.0
2509.0,329.0,0.39155
2509.0,330.0,0.046945
2509.0,331.0,0.76893
2509.0,332.0,0.490468
2509.0,333.0,0.95408
2509.0,334.0,0.999982
2510.0,0.0,0.480763
2510.0,1.0,0.085871
2510.0,2.0,0.662892
2510.0,3.0,0.143933
2510.0,4.0,0.505498
2510.0,5.0,0.570684
2510.0,6.0,0.0
2510.0,7.0,0.932824
2510.0,8.0,0.744699
2510.0,9.0,0.688592
2510.0,10.0,0.438546
2510.0,11.0,0.139231
2510.0,12.0,0.269329
2510.0,13.0,0.405105
2510.0,14.0,0.388176
2510.0,15.0,0.016612
2510.0,16.0,0.993771
2510.0,17.0,0.324022
2510.0,18.0,0.427561
2510.0,19.0,0.910456
2510.0,20.0,0.838554
2510.0,21.0,0.84875
2510.0,22.0,0.530476
2510.0,23.0,0.998763
2510.0,24.0,0.659337
2510.0,25.0,0.629544
2510.0,26.0,0.617534
2510.0,27.0,0.561376
2510.0,28.0,0.582375
2510.0,29.0,0.886203
2510.0,30.0,0.650701
2510.0,31.0,0.293445
2510.0,32.0,0.5383
2510.0,33.0,0.279259
2510.0,34.0,0.712129
2510.0,35.0,0.447024
2510.0,36.0,0.170709
2510.0,37.0,0.651195
2510.0,38.0,0.423499
2510.0,39.0,0.107193
2510.0,40.0,0.805362
2510.0,41.0,0.67755
2510.0,42.0,0.256473
2510.0,43.0,0.383511
2510.0,44.0,0.573343
2510.0,45.0,0.3937
2510.0,46.0,0.068276
2510.0,47.0,0.992453
2510.0,48.0,0.404366
2510.0,49.0,0.410838
2510.0,50.0,0.473334
2510.0,51.0,0.527493
2510.0,52.0,0.39876
2510.0,53.0,0.338308
2510.0,54.0,0.546632
2510.0,55.0,0.359711
2510.0,56.0,0.85746
2510.0,57.0,0.636374
2510.0,58.0,0.383534
2510.0,59.0,0.962187
2510.0,60.0,0.0
2510.0,61.0,0.0
2510.0,62.0,0.483273
2510.0,63.0,0.425333
2510.0,64.0,0.649303
2510.0,65.0,0.056624
2510.0,66.0,0.239633
2510.0,67.0,0.788885
2510.0,68.0,0.540348
2510.0,69.0,1.0
2510.0,70.0,0.512867
2510.0,71.0,0.448732
2510.0,72.0,0.43057
2510.0,73.0,0.825803
2510.0,74.0,0.809615
2510.0,75.0,0.853489
2510.0,76.0,0.829199
2510.0,77.0,0.558819
2510.0,78.0,0.075585
2510.0,79.0,0.280337
2510.0,80.0,1.0
2510.0,81.0,0.225326
2510.0,82.0,0.689008
2510.0,83.0,0.225219
2510.0,84.0,0.436198
2510.0,85.0,0.4739
2510.0,86.0,0.026154
2510.0,87.0,0.600696
2510.0,88.0,0.493563
2510.0,89.0,0.783277
2510.0,90.0,0.692308
2510.0,91.0,0.491032
2510.0,92.0,0.14949
2510.0,93.0,0.386089
2510.0,94.0,0.997933
2510.0,95.0,0.360054
2510.0,96.0,0.714091
2510.0,97.0,0.002606
2510.0,98.0,0.877733
2510.0,99.0,0.757284
2510.0,100.0,0.381402
2510.0,101.0,0.484268
2510.0,102.0,0.398367
2510.0,103.0,0.097725
2510.0,104.0,0.049965
2510.0,105.0,0.31049
2510.0,106.0,0.3673
2510.0,107.0,0.960893
2510.0,108.0,0.214648
2510.0,109.0,0.0
2510.0,110.0,1.0
2510.0,111.0,0.598275
2510.0,112.0,0.00033
2510.0,113.0,0.019377
2510.0,114.0,0.424138
2510.0,115.0,0.469956
2510.0,116.0,0.089719
2510.0,117.0,0.568574
2510.0,118.0,0.001203
2510.0,119.0,0.497766
2510.0,120.0,0.016623
2510.0,121.0,0.309706
2510.0,122.0,0.391146
2510.0,123.0,0.770866
2510.0,124.0,0.614271
2510.0,125.0,0.481288
2510.0,126.0,0.06423
2510.0,127.0,0.999197
2510.0,128.0,3.1e-05
2510.0,129.0,0.673647
2510.0,130.0,0.254678
2510.0,131.0,0.268846
2510.0,132.0,0.23032
2510.0,133.0,0.644843
2510.0,134.0,0.171015
2510.0,135.0,0.191401
2510.0,136.0,0.371667
2510.0,137.0,0.626873
2510.0,138.0,0.469608
2510.0,139.0,0.267494
2510.0,140.0,0.735181
2510.0,141.0,0.992203
2510.0,142.0,1.0
2510.0,143.0,0.506663
2510.0,144.0,0.820372
2510.0,145.0,0.57503
2510.0,146.0,0.774217
2510.0,147.0,0.964199
2510.0,148.0,0.135575
2510.0,149.0,0.554806
2510.0,150.0,0.292731
2510.0,151.0,0.000945
2510.0,152.0,0.451964
2510.0,153.0,0.415853
2510.0,154.0,0.848356
2510.0,155.0,0.698097
2510.0,156.0,0.209483
2510.0,157.0,0.728914
2510.0,158.0,0.605693
2510.0,159.0,0.000931
2510.0,160.0,0.001471
2510.0,161.0,6.8e-05
2510.0,162.0,0.856311
2510.0,163.0,0.941282
2510.0,164.0,0.683354
2510.0,165.0,0.823552
2510.0,166.0,1.0
2510.0,167.0,0.345582
2510.0,168.0,0.00072
2510.0,169.0,0.634788
2510.0,170.0,0.121464
2510.0,171.0,0.464278
2510.0,172.0,0.288042
2510.0,173.0,0.535962
2510.0,174.0,0.558439
2510.0,175.0,0.352347
2510.0,176.0,0.315445
2510.0,177.0,0.436991
2510.0,178.0,1.0
2510.0,179.0,0.329443
2510.0,180.0,0.099856
2510.0,181.0,1.0
2510.0,182.0,0.655459
2510.0,183.0,0.377181
2510.0,184.0,0.635466
2510.0,185.0,0.0
2510.0,186.0,0.265856
2510.0,187.0,0.101687
2510.0,188.0,0.414639
2510.0,189.0,0.336739
2510.0,190.0,0.030104
2510.0,191.0,0.979644
2510.0,192.0,0.579174
2510.0,193.0,0.354155
2510.0,194.0,0.340047
2510.0,195.0,0.447466
2510.0,196.0,0.306879
2510.0,197.0,0.0
2510.0,198.0,0.52598
2510.0,199.0,0.679537
2510.0,200.0,0.156947
2510.0,201.0,0.995866
2510.0,202.0,0.484443
2510.0,203.0,0.0
2510.0,204.0,0.920896
2510.0,205.0,0.955098
2510.0,206.0,1.0
2510.0,207.0,0.21772
2510.0,208.0,0.080403
2510.0,209.0,0.677896
2510.0,210.0,0.447934
2510.0,211.0,0.985429
2510.0,212.0,0.583954
2510.0,213.0,0.513634
2510.0,214.0,0.128089
2510.0,215.0,0.823827
2510.0,216.0,0.603145
2510.0,217.0,0.758387
2510.0,218.0,0.655014
2510.0,219.0,0.710528
2510.0,220.0,0.214606
2510.0,221.0,0.044122
2510.0,222.0,0.420358
2510.0,223.0,0.324399
2510.0,224.0,0.655326
2510.0,225.0,0.587145
2510.0,226.0,0.369983
2510.0,227.0,0.520808
2510.0,228.0,0.744685
2510.0,229.0,0.362575
2510.0,230.0,0.398295
2510.0,231.0,0.998046
2510.0,232.0,0.799669
2510.0,233.0,0.534084
2510.0,234.0,0.0
2510.0,235.0,0.589807
2510.0,236.0,0.048051
2510.0,237.0,0.207605
2510.0,238.0,1.0
2510.0,239.0,0.10497
2510.0,240.0,0.673038
2510.0,241.0,0.136639
2510.0,242.0,0.08746
2510.0,243.0,0.456425
2510.0,244.0,0.993235
2510.0,245.0,0.635328
2510.0,246.0,0.11309
2510.0,247.0,0.2153
2510.0,248.0,0.883015
2510.0,249.0,0.270032
2510.0,250.0,0.967461
2510.0,251.0,0.453792
2510.0,252.0,0.417989
2510.0,253.0,1.0
2510.0,254.0,0.494247
2510.0,255.0,0.476326
2510.0,256.0,0.555347
2510.0,257.0,0.463198
2510.0,258.0,0.776352
2510.0,259.0,0.439362
2510.0,260.0,0.0
2510.0,261.0,0.27534
2510.0,262.0,0.14617
2510.0,263.0,0.665711
2510.0,264.0,0.400781
2510.0,265.0,0.893905
2510.0,266.0,0.034532
2510.0,267.0,0.997852
2510.0,268.0,0.0
2510.0,269.0,0.619668
2510.0,270.0,1.0
2510.0,271.0,0.413209
2510.0,272.0,0.59299
2510.0,273.0,0.535505
2510.0,274.0,0.419916
2510.0,275.0,0.394351
2510.0,276.0,0.455422
2510.0,277.0,0.566764
2510.0,278.0,0.938656
2510.0,279.0,1.0
2510.0,280.0,0.0
2510.0,281.0,0.982059
2510.0,282.0,0.476043
2510.0,283.0,0.110188
2510.0,284.0,0.43532
2510.0,285.0,0.089498
2510.0,286.0,0.533641
2510.0,287.0,0.277157
2510.0,288.0,1.0
2510.0,289.0,0.992895
2510.0,290.0,7.0e-06
2510.0,291.0,0.110449
2510.0,292.0,0.974762
2510.0,293.0,0.549714
2510.0,294.0,0.484563
2510.0,295.0,0.068216
2510.0,296.0,0.143242
2510.0,297.0,0.274347
2510.0,298.0,0.624044
2510.0,299.0,0.332781
2510.0,300.0,0.999776
2510.0,301.0,0.712732
2510.0,302.0,0.247686
2510.0,303.0,0.55109
2510.0,304.0,0.0
2510.0,305.0,0.0
2510.0,306.0,0.570253
2510.0,307.0,0.656581
2510.0,308.0,0.783772
2510.0,309.0,0.014848
2510.0,310.0,0.798691
2510.0,311.0,0.040732
2510.0,312.0,0.16648
2510.0,313.0,0.883926
2510.0,314.0,0.634008
2510.0,315.0,0.064413
2510.0,316.0,0.689543
2510.0,317.0,0.41096
2510.0,318.0,0.44929
2510.0,319.0,0.825431
2510.0,320.0,0.755386
2510.0,321.0,0.0
2510.0,322.0,0.337842
2510.0,323.0,0.290061
2510.0,324.0,0.516726
2510.0,325.0,0.386733
2510.0,326.0,0.871811
2510.0,327.0,0.40698
2510.0,328.0,0.0
2510.0,329.0,0.388878
2510.0,330.0,0.046035
2510.0,331.0,0.762514
2510.0,332.0,0.484552
2510.0,333.0,0.953397
2510.0,334.0,0.999981
