FREQUENCIES 
Gen,mut_id,mut_freq
1.0,0.0,0.5
1.0,1.0,0.5
1.0,2.0,0.5
1.0,3.0,0.5
1.0,4.0,0.5
1.0,5.0,0.5
1.0,6.0,0.5
1.0,7.0,0.5
1.0,8.0,0.5
1.0,9.0,0.5
1.0,10.0,0.5
1.0,11.0,0.5
1.0,12.0,0.5
1.0,13.0,0.5
1.0,14.0,0.5
1.0,15.0,0.5
1.0,16.0,0.5
1.0,17.0,0.5
1.0,18.0,0.5
1.0,19.0,0.5
1.0,20.0,0.5
1.0,21.0,0.5
1.0,22.0,0.5
1.0,23.0,0.5
1.0,24.0,0.5
1.0,25.0,0.5
1.0,26.0,0.5
1.0,27.0,0.5
1.0,28.0,0.5
1.0,29.0,0.5
1.0,30.0,0.5
1.0,31.0,0.5
1.0,32.0,0.5
1.0,33.0,0.5
1.0,34.0,0.5
1.0,35.0,0.5
1.0,36.0,0.5
1.0,37.0,0.5
1.0,38.0,0.5
1.0,39.0,0.5
1.0,40.0,0.5
1.0,41.0,0.5
1.0,42.0,0.5
1.0,43.0,0.5
1.0,44.0,0.5
1.0,45.0,0.5
1.0,46.0,0.5
1.0,47.0,0.5
1.0,48.0,0.5
1.0,49.0,0.5
1.0,50.0,0.5
1.0,51.0,0.5
1.0,52.0,0.5
1.0,53.0,0.5
1.0,54.0,0.5
1.0,55.0,0.5
1.0,56.0,0.5
1.0,57.0,0.5
1.0,58.0,0.5
1.0,59.0,0.5
1.0,60.0,0.5
1.0,61.0,0.5
1.0,62.0,0.5
1.0,63.0,0.5
1.0,64.0,0.5
1.0,65.0,0.5
1.0,66.0,0.5
1.0,67.0,0.5
1.0,68.0,0.5
1.0,69.0,0.5
1.0,70.0,0.5
1.0,71.0,0.5
1.0,72.0,0.5
1.0,73.0,0.5
1.0,74.0,0.5
1.0,75.0,0.5
1.0,76.0,0.5
1.0,77.0,0.5
1.0,78.0,0.5
1.0,79.0,0.5
1.0,80.0,0.5
1.0,81.0,0.5
1.0,82.0,0.5
1.0,83.0,0.5
1.0,84.0,0.5
1.0,85.0,0.5
1.0,86.0,0.5
1.0,87.0,0.5
1.0,88.0,0.5
1.0,89.0,0.5
1.0,90.0,0.5
1.0,91.0,0.5
1.0,92.0,0.5
1.0,93.0,0.5
1.0,94.0,0.5
1.0,95.0,0.5
1.0,96.0,0.5
1.0,97.0,0.5
1.0,98.0,0.5
1.0,99.0,0.5
1.0,100.0,0.5
1.0,101.0,0.5
1.0,102.0,0.5
1.0,103.0,0.5
1.0,104.0,0.5
1.0,105.0,0.5
1.0,106.0,0.5
1.0,107.0,0.5
1.0,108.0,0.5
1.0,109.0,0.5
1.0,110.0,0.5
1.0,111.0,0.5
1.0,112.0,0.5
1.0,113.0,0.5
1.0,114.0,0.5
1.0,115.0,0.5
1.0,116.0,0.5
1.0,117.0,0.5
1.0,118.0,0.5
1.0,119.0,0.5
1.0,120.0,0.5
1.0,121.0,0.5
1.0,122.0,0.5
1.0,123.0,0.5
1.0,124.0,0.5
1.0,125.0,0.5
1.0,126.0,0.5
2500.0,0.0,0.421607
2500.0,1.0,0.368227
2500.0,2.0,0.980843
2500.0,3.0,0.02189
2500.0,4.0,0.396214
2500.0,5.0,0.0
2500.0,6.0,0.0
2500.0,7.0,1.0
2500.0,8.0,0.030546
2500.0,9.0,0.174675
2500.0,10.0,0.0
2500.0,11.0,0.0
2500.0,12.0,0.711107
2500.0,13.0,0.426646
2500.0,14.0,0.301796
2500.0,15.0,0.142239
2500.0,16.0,0.551845
2500.0,17.0,0.368538
2500.0,18.0,1.0
2500.0,19.0,0.801511
2500.0,20.0,0.711782
2500.0,21.0,0.058466
2500.0,22.0,0.112839
2500.0,23.0,0.102408
2500.0,24.0,0.534301
2500.0,25.0,0.987355
2500.0,26.0,0.51261
2500.0,27.0,0.419109
2500.0,28.0,0.959431
2500.0,29.0,0.677218
2500.0,30.0,0.287835
2500.0,31.0,1.0
2500.0,32.0,0.317774
2500.0,33.0,0.878909
2500.0,34.0,1.0
2500.0,35.0,0.46744
2500.0,36.0,0.414659
2500.0,37.0,0.178606
2500.0,38.0,0.0
2500.0,39.0,0.330357
2500.0,40.0,0.076361
2500.0,41.0,0.058825
2500.0,42.0,0.497305
2500.0,43.0,0.833209
2500.0,44.0,0.460676
2500.0,45.0,0.051131
2500.0,46.0,0.0
2500.0,47.0,0.102764
2500.0,48.0,0.0
2500.0,49.0,0.67265
2500.0,50.0,0.920636
2500.0,51.0,0.146658
2500.0,52.0,0.288511
2500.0,53.0,0.94956
2500.0,54.0,0.558951
2500.0,55.0,0.490958
2500.0,56.0,0.49014
2500.0,57.0,0.998998
2500.0,58.0,0.122823
2500.0,59.0,0.410439
2500.0,60.0,1.0
2500.0,61.0,0.523914
2500.0,62.0,0.680318
2500.0,63.0,0.612114
2500.0,64.0,1.0
2500.0,65.0,0.415565
2500.0,66.0,0.138264
2500.0,67.0,1.0
2500.0,68.0,0.283896
2500.0,69.0,0.0
2500.0,70.0,0.0
2500.0,71.0,0.859722
2500.0,72.0,0.372605
2500.0,73.0,0.859507
2500.0,74.0,0.269437
2500.0,75.0,0.0
2500.0,76.0,0.0
2500.0,77.0,0.0
2500.0,78.0,0.722478
2500.0,79.0,0.341506
2500.0,80.0,0.575978
2500.0,81.0,0.460038
2500.0,82.0,0.582282
2500.0,83.0,0.0
2500.0,84.0,0.204951
2500.0,85.0,0.40772
2500.0,86.0,0.486959
2500.0,87.0,0.474453
2500.0,88.0,0.013623
2500.0,89.0,0.288615
2500.0,90.0,0.311119
2500.0,91.0,0.0
2500.0,92.0,0.734766
2500.0,93.0,0.378068
2500.0,94.0,0.0
2500.0,95.0,0.113253
2500.0,96.0,0.203216
2500.0,97.0,0.434648
2500.0,98.0,0.54709
2500.0,99.0,0.0
2500.0,100.0,0.438323
2500.0,101.0,0.677829
2500.0,102.0,1.0
2500.0,103.0,0.0
2500.0,104.0,0.186541
2500.0,105.0,0.433101
2500.0,106.0,0.433885
2500.0,107.0,0.43572
2500.0,108.0,1.0
2500.0,109.0,0.0
2500.0,110.0,0.614248
2500.0,111.0,0.0
2500.0,112.0,0.888181
2500.0,113.0,0.59231
2500.0,114.0,1.0
2500.0,115.0,0.375996
2500.0,116.0,1.0
2500.0,117.0,0.465878
2500.0,118.0,0.356166
2500.0,119.0,0.184561
2500.0,120.0,0.0
2500.0,121.0,1.0
2500.0,122.0,1.0
2500.0,123.0,0.000245
2500.0,124.0,0.0
2500.0,125.0,0.0
2500.0,126.0,0.0
2501.0,0.0,0.43646
2501.0,1.0,0.372675
2501.0,2.0,0.981303
2501.0,3.0,0.03149
2501.0,4.0,0.400891
2501.0,5.0,0.0
2501.0,6.0,0.0
2501.0,7.0,1.0
2501.0,8.0,0.03172
2501.0,9.0,0.206567
2501.0,10.0,0.0
2501.0,11.0,0.0
2501.0,12.0,0.714363
2501.0,13.0,0.428738
2501.0,14.0,0.341468
2501.0,15.0,0.148775
2501.0,16.0,0.581181
2501.0,17.0,0.37837
2501.0,18.0,1.0
2501.0,19.0,0.811317
2501.0,20.0,0.721129
2501.0,21.0,0.05847
2501.0,22.0,0.116195
2501.0,23.0,0.102677
2501.0,24.0,0.558138
2501.0,25.0,0.987652
2501.0,26.0,0.554713
2501.0,27.0,0.454726
2501.0,28.0,0.961399
2501.0,29.0,0.677922
2501.0,30.0,0.33565
2501.0,31.0,1.0
2501.0,32.0,0.322814
2501.0,33.0,0.882858
2501.0,34.0,1.0
2501.0,35.0,0.471315
2501.0,36.0,0.441796
2501.0,37.0,0.183466
2501.0,38.0,0.0
2501.0,39.0,0.335655
2501.0,40.0,0.080984
2501.0,41.0,0.061002
2501.0,42.0,0.502244
2501.0,43.0,0.837993
2501.0,44.0,0.500203
2501.0,45.0,0.050533
2501.0,46.0,0.0
2501.0,47.0,0.105418
2501.0,48.0,0.0
2501.0,49.0,0.676545
2501.0,50.0,0.923297
2501.0,51.0,0.149054
2501.0,52.0,0.297033
2501.0,53.0,0.952517
2501.0,54.0,0.569137
2501.0,55.0,0.53392
2501.0,56.0,0.499095
2501.0,57.0,0.99908
2501.0,58.0,0.123963
2501.0,59.0,0.409937
2501.0,60.0,1.0
2501.0,61.0,0.531468
2501.0,62.0,0.682222
2501.0,63.0,0.619442
2501.0,64.0,1.0
2501.0,65.0,0.420177
2501.0,66.0,0.156553
2501.0,67.0,1.0
2501.0,68.0,0.335238
2501.0,69.0,0.0
2501.0,70.0,0.0
2501.0,71.0,0.865059
2501.0,72.0,0.387157
2501.0,73.0,0.862553
2501.0,74.0,0.310445
2501.0,75.0,0.0
2501.0,76.0,0.0
2501.0,77.0,0.0
2501.0,78.0,0.730703
2501.0,79.0,0.343674
2501.0,80.0,0.596322
2501.0,81.0,0.475223
2501.0,82.0,0.598062
2501.0,83.0,0.0
2501.0,84.0,0.216847
2501.0,85.0,0.42879
2501.0,86.0,0.495981
2501.0,87.0,0.478366
2501.0,88.0,0.014226
2501.0,89.0,0.293481
2501.0,90.0,0.314218
2501.0,91.0,0.0
2501.0,92.0,0.747125
2501.0,93.0,0.387885
2501.0,94.0,0.0
2501.0,95.0,0.121345
2501.0,96.0,0.223657
2501.0,97.0,0.448954
2501.0,98.0,0.547645
2501.0,99.0,0.0
2501.0,100.0,0.459042
2501.0,101.0,0.680027
2501.0,102.0,1.0
2501.0,103.0,0.0
2501.0,104.0,0.193558
2501.0,105.0,0.493228
2501.0,106.0,0.440766
2501.0,107.0,0.463064
2501.0,108.0,1.0
2501.0,109.0,0.0
2501.0,110.0,0.621868
2501.0,111.0,0.0
2501.0,112.0,0.889278
2501.0,113.0,0.598296
2501.0,114.0,1.0
2501.0,115.0,0.383018
2501.0,116.0,1.0
2501.0,117.0,0.512052
2501.0,118.0,0.361122
2501.0,119.0,0.197061
2501.0,120.0,0.0
2501.0,121.0,1.0
2501.0,122.0,1.0
2501.0,123.0,0.000279
2501.0,124.0,0.0
2501.0,125.0,0.0
2501.0,126.0,0.0
2502.0,0.0,0.451062
2502.0,1.0,0.377575
2502.0,2.0,0.98138
2502.0,3.0,0.044492
2502.0,4.0,0.405748
2502.0,5.0,0.0
2502.0,6.0,0.0
2502.0,7.0,1.0
2502.0,8.0,0.03274
2502.0,9.0,0.241058
2502.0,10.0,0.0
2502.0,11.0,0.0
2502.0,12.0,0.716949
2502.0,13.0,0.432252
2502.0,14.0,0.380891
2502.0,15.0,0.155435
2502.0,16.0,0.60945
2502.0,17.0,0.389247
2502.0,18.0,1.0
2502.0,19.0,0.819703
2502.0,20.0,0.730184
2502.0,21.0,0.058363
2502.0,22.0,0.1199
2502.0,23.0,0.102997
2502.0,24.0,0.581661
2502.0,25.0,0.987943
2502.0,26.0,0.59229
2502.0,27.0,0.489924
2502.0,28.0,0.962899
2502.0,29.0,0.680272
2502.0,30.0,0.38394
2502.0,31.0,1.0
2502.0,32.0,0.327141
2502.0,33.0,0.886989
2502.0,34.0,1.0
2502.0,35.0,0.47559
2502.0,36.0,0.467741
2502.0,37.0,0.188584
2502.0,38.0,0.0
2502.0,39.0,0.340872
2502.0,40.0,0.084982
2502.0,41.0,0.063099
2502.0,42.0,0.50742
2502.0,43.0,0.841836
2502.0,44.0,0.536014
2502.0,45.0,0.050061
2502.0,46.0,0.0
2502.0,47.0,0.108476
2502.0,48.0,0.0
2502.0,49.0,0.682164
2502.0,50.0,0.925738
2502.0,51.0,0.150773
2502.0,52.0,0.306602
2502.0,53.0,0.955427
2502.0,54.0,0.578588
2502.0,55.0,0.572727
2502.0,56.0,0.508257
2502.0,57.0,0.999145
2502.0,58.0,0.125262
2502.0,59.0,0.409194
2502.0,60.0,1.0
2502.0,61.0,0.538793
2502.0,62.0,0.683244
2502.0,63.0,0.626597
2502.0,64.0,1.0
2502.0,65.0,0.425504
2502.0,66.0,0.176595
2502.0,67.0,1.0
2502.0,68.0,0.386546
2502.0,69.0,0.0
2502.0,70.0,0.0
2502.0,71.0,0.869346
2502.0,72.0,0.401558
2502.0,73.0,0.864762
2502.0,74.0,0.354457
2502.0,75.0,0.0
2502.0,76.0,0.0
2502.0,77.0,0.0
2502.0,78.0,0.739661
2502.0,79.0,0.345687
2502.0,80.0,0.61584
2502.0,81.0,0.488771
2502.0,82.0,0.612458
2502.0,83.0,0.0
2502.0,84.0,0.230065
2502.0,85.0,0.448664
2502.0,86.0,0.503753
2502.0,87.0,0.481737
2502.0,88.0,0.01494
2502.0,89.0,0.297994
2502.0,90.0,0.316991
2502.0,91.0,0.0
2502.0,92.0,0.758588
2502.0,93.0,0.396907
2502.0,94.0,0.0
2502.0,95.0,0.129358
2502.0,96.0,0.244767
2502.0,97.0,0.463175
2502.0,98.0,0.549083
2502.0,99.0,0.0
2502.0,100.0,0.479242
2502.0,101.0,0.682245
2502.0,102.0,1.0
2502.0,103.0,0.0
2502.0,104.0,0.199814
2502.0,105.0,0.548955
2502.0,106.0,0.447266
2502.0,107.0,0.490267
2502.0,108.0,1.0
2502.0,109.0,0.0
2502.0,110.0,0.629685
2502.0,111.0,0.0
2502.0,112.0,0.889772
2502.0,113.0,0.603738
2502.0,114.0,1.0
2502.0,115.0,0.390039
2502.0,116.0,1.0
2502.0,117.0,0.552721
2502.0,118.0,0.365465
2502.0,119.0,0.210286
2502.0,120.0,0.0
2502.0,121.0,1.0
2502.0,122.0,1.0
2502.0,123.0,0.000254
2502.0,124.0,0.0
2502.0,125.0,0.0
2502.0,126.0,0.0
2503.0,0.0,0.464481
2503.0,1.0,0.382608
2503.0,2.0,0.9816
2503.0,3.0,0.061694
2503.0,4.0,0.411324
2503.0,5.0,0.0
2503.0,6.0,0.0
2503.0,7.0,1.0
2503.0,8.0,0.033744
2503.0,9.0,0.277607
2503.0,10.0,0.0
2503.0,11.0,0.0
2503.0,12.0,0.720297
2503.0,13.0,0.434164
2503.0,14.0,0.419095
2503.0,15.0,0.162128
2503.0,16.0,0.63664
2503.0,17.0,0.399753
2503.0,18.0,1.0
2503.0,19.0,0.828084
2503.0,20.0,0.739334
2503.0,21.0,0.058521
2503.0,22.0,0.123653
2503.0,23.0,0.102609
2503.0,24.0,0.604595
2503.0,25.0,0.988157
2503.0,26.0,0.627142
2503.0,27.0,0.523662
2503.0,28.0,0.964649
2503.0,29.0,0.683391
2503.0,30.0,0.429916
2503.0,31.0,1.0
2503.0,32.0,0.332214
2503.0,33.0,0.890295
2503.0,34.0,1.0
2503.0,35.0,0.479731
2503.0,36.0,0.493019
2503.0,37.0,0.194076
2503.0,38.0,0.0
2503.0,39.0,0.346202
2503.0,40.0,0.088911
2503.0,41.0,0.065027
2503.0,42.0,0.511783
2503.0,43.0,0.845753
2503.0,44.0,0.569013
2503.0,45.0,0.049576
2503.0,46.0,0.0
2503.0,47.0,0.111856
2503.0,48.0,0.0
2503.0,49.0,0.686564
2503.0,50.0,0.92747
2503.0,51.0,0.15223
2503.0,52.0,0.317036
2503.0,53.0,0.958331
2503.0,54.0,0.587392
2503.0,55.0,0.609019
2503.0,56.0,0.51642
2503.0,57.0,0.999125
2503.0,58.0,0.126074
2503.0,59.0,0.408245
2503.0,60.0,1.0
2503.0,61.0,0.545524
2503.0,62.0,0.68415
2503.0,63.0,0.634504
2503.0,64.0,1.0
2503.0,65.0,0.430296
2503.0,66.0,0.197824
2503.0,67.0,1.0
2503.0,68.0,0.433889
2503.0,69.0,0.0
2503.0,70.0,0.0
2503.0,71.0,0.873354
2503.0,72.0,0.416491
2503.0,73.0,0.867586
2503.0,74.0,0.401743
2503.0,75.0,0.0
2503.0,76.0,0.0
2503.0,77.0,0.0
2503.0,78.0,0.748523
2503.0,79.0,0.347517
2503.0,80.0,0.63465
2503.0,81.0,0.502714
2503.0,82.0,0.627482
2503.0,83.0,0.0
2503.0,84.0,0.243323
2503.0,85.0,0.467717
2503.0,86.0,0.512836
2503.0,87.0,0.486015
2503.0,88.0,0.015504
2503.0,89.0,0.30153
2503.0,90.0,0.318705
2503.0,91.0,0.0
2503.0,92.0,0.769454
2503.0,93.0,0.407698
2503.0,94.0,0.0
2503.0,95.0,0.137767
2503.0,96.0,0.265188
2503.0,97.0,0.476632
2503.0,98.0,0.550278
2503.0,99.0,0.0
2503.0,100.0,0.498232
2503.0,101.0,0.684572
2503.0,102.0,1.0
2503.0,103.0,0.0
2503.0,104.0,0.206644
2503.0,105.0,0.598734
2503.0,106.0,0.452718
2503.0,107.0,0.515926
2503.0,108.0,1.0
2503.0,109.0,0.0
2503.0,110.0,0.635775
2503.0,111.0,0.0
2503.0,112.0,0.890601
2503.0,113.0,0.60728
2503.0,114.0,1.0
2503.0,115.0,0.397942
2503.0,116.0,1.0
2503.0,117.0,0.589668
2503.0,118.0,0.370859
2503.0,119.0,0.223615
2503.0,120.0,0.0
2503.0,121.0,1.0
2503.0,122.0,1.0
2503.0,123.0,0.000245
2503.0,124.0,0.0
2503.0,125.0,0.0
2503.0,126.0,0.0
2504.0,0.0,0.478221
2504.0,1.0,0.387902
2504.0,2.0,0.981604
2504.0,3.0,0.084602
2504.0,4.0,0.41637
2504.0,5.0,0.0
2504.0,6.0,0.0
2504.0,7.0,1.0
2504.0,8.0,0.034883
2504.0,9.0,0.315171
2504.0,10.0,0.0
2504.0,11.0,0.0
2504.0,12.0,0.723618
2504.0,13.0,0.436023
2504.0,14.0,0.45612
2504.0,15.0,0.168375
2504.0,16.0,0.661522
2504.0,17.0,0.410581
2504.0,18.0,1.0
2504.0,19.0,0.836239
2504.0,20.0,0.74731
2504.0,21.0,0.058681
2504.0,22.0,0.128976
2504.0,23.0,0.103199
2504.0,24.0,0.626554
2504.0,25.0,0.988422
2504.0,26.0,0.659947
2504.0,27.0,0.555746
2504.0,28.0,0.966253
2504.0,29.0,0.687272
2504.0,30.0,0.473617
2504.0,31.0,1.0
2504.0,32.0,0.336642
2504.0,33.0,0.893708
2504.0,34.0,1.0
2504.0,35.0,0.482723
2504.0,36.0,0.516418
2504.0,37.0,0.199992
2504.0,38.0,0.0
2504.0,39.0,0.351449
2504.0,40.0,0.093632
2504.0,41.0,0.067087
2504.0,42.0,0.516649
2504.0,43.0,0.849957
2504.0,44.0,0.598554
2504.0,45.0,0.049041
2504.0,46.0,0.0
2504.0,47.0,0.114101
2504.0,48.0,0.0
2504.0,49.0,0.691042
2504.0,50.0,0.929859
2504.0,51.0,0.155037
2504.0,52.0,0.32776
2504.0,53.0,0.961048
2504.0,54.0,0.596331
2504.0,55.0,0.642639
2504.0,56.0,0.524714
2504.0,57.0,0.999128
2504.0,58.0,0.126311
2504.0,59.0,0.406043
2504.0,60.0,1.0
2504.0,61.0,0.553073
2504.0,62.0,0.684874
2504.0,63.0,0.640228
2504.0,64.0,1.0
2504.0,65.0,0.43458
2504.0,66.0,0.219483
2504.0,67.0,1.0
2504.0,68.0,0.478098
2504.0,69.0,0.0
2504.0,70.0,0.0
2504.0,71.0,0.87646
2504.0,72.0,0.429915
2504.0,73.0,0.870123
2504.0,74.0,0.450655
2504.0,75.0,0.0
2504.0,76.0,0.0
2504.0,77.0,0.0
2504.0,78.0,0.756543
2504.0,79.0,0.347948
2504.0,80.0,0.653218
2504.0,81.0,0.515538
2504.0,82.0,0.641892
2504.0,83.0,0.0
2504.0,84.0,0.25595
2504.0,85.0,0.485918
2504.0,86.0,0.521152
2504.0,87.0,0.490198
2504.0,88.0,0.015731
2504.0,89.0,0.306115
2504.0,90.0,0.320417
2504.0,91.0,0.0
2504.0,92.0,0.779858
2504.0,93.0,0.416414
2504.0,94.0,0.0
2504.0,95.0,0.146612
2504.0,96.0,0.287183
2504.0,97.0,0.489718
2504.0,98.0,0.552838
2504.0,99.0,0.0
2504.0,100.0,0.516037
2504.0,101.0,0.686441
2504.0,102.0,1.0
2504.0,103.0,0.0
2504.0,104.0,0.213325
2504.0,105.0,0.644953
2504.0,106.0,0.460414
2504.0,107.0,0.539471
2504.0,108.0,1.0
2504.0,109.0,0.0
2504.0,110.0,0.642466
2504.0,111.0,0.0
2504.0,112.0,0.892413
2504.0,113.0,0.611232
2504.0,114.0,1.0
2504.0,115.0,0.405493
2504.0,116.0,1.0
2504.0,117.0,0.623962
2504.0,118.0,0.375087
2504.0,119.0,0.237073
2504.0,120.0,0.0
2504.0,121.0,1.0
2504.0,122.0,1.0
2504.0,123.0,0.00027
2504.0,124.0,0.0
2504.0,125.0,0.0
2504.0,126.0,0.0
2505.0,0.0,0.491657
2505.0,1.0,0.392568
2505.0,2.0,0.981428
2505.0,3.0,0.113316
2505.0,4.0,0.42174
2505.0,5.0,0.0
2505.0,6.0,0.0
2505.0,7.0,1.0
2505.0,8.0,0.036319
2505.0,9.0,0.353043
2505.0,10.0,0.0
2505.0,11.0,0.0
2505.0,12.0,0.72635
2505.0,13.0,0.438495
2505.0,14.0,0.490958
2505.0,15.0,0.174875
2505.0,16.0,0.685635
2505.0,17.0,0.421984
2505.0,18.0,1.0
2505.0,19.0,0.842986
2505.0,20.0,0.754001
2505.0,21.0,0.058623
2505.0,22.0,0.133359
2505.0,23.0,0.103457
2505.0,24.0,0.647733
2505.0,25.0,0.988843
2505.0,26.0,0.689378
2505.0,27.0,0.585823
2505.0,28.0,0.967545
2505.0,29.0,0.690635
2505.0,30.0,0.51478
2505.0,31.0,1.0
2505.0,32.0,0.342159
2505.0,33.0,0.897211
2505.0,34.0,1.0
2505.0,35.0,0.486569
2505.0,36.0,0.538428
2505.0,37.0,0.206641
2505.0,38.0,0.0
2505.0,39.0,0.355718
2505.0,40.0,0.098577
2505.0,41.0,0.069362
2505.0,42.0,0.52114
2505.0,43.0,0.853809
2505.0,44.0,0.624644
2505.0,45.0,0.048292
2505.0,46.0,0.0
2505.0,47.0,0.116787
2505.0,48.0,0.0
2505.0,49.0,0.695655
2505.0,50.0,0.932056
2505.0,51.0,0.157517
2505.0,52.0,0.337398
2505.0,53.0,0.963293
2505.0,54.0,0.604713
2505.0,55.0,0.673011
2505.0,56.0,0.532524
2505.0,57.0,0.999158
2505.0,58.0,0.126799
2505.0,59.0,0.405593
2505.0,60.0,1.0
2505.0,61.0,0.560807
2505.0,62.0,0.686107
2505.0,63.0,0.646656
2505.0,64.0,1.0
2505.0,65.0,0.439285
2505.0,66.0,0.242212
2505.0,67.0,1.0
2505.0,68.0,0.518324
2505.0,69.0,0.0
2505.0,70.0,0.0
2505.0,71.0,0.879221
2505.0,72.0,0.443775
2505.0,73.0,0.87244
2505.0,74.0,0.500185
2505.0,75.0,0.0
2505.0,76.0,0.0
2505.0,77.0,0.0
2505.0,78.0,0.76395
2505.0,79.0,0.349661
2505.0,80.0,0.670165
2505.0,81.0,0.528717
2505.0,82.0,0.653985
2505.0,83.0,0.0
2505.0,84.0,0.267825
2505.0,85.0,0.501919
2505.0,86.0,0.529508
2505.0,87.0,0.493909
2505.0,88.0,0.016061
2505.0,89.0,0.310627
2505.0,90.0,0.322589
2505.0,91.0,0.0
2505.0,92.0,0.789881
2505.0,93.0,0.426332
2505.0,94.0,0.0
2505.0,95.0,0.155213
2505.0,96.0,0.3096
2505.0,97.0,0.502078
2505.0,98.0,0.553486
2505.0,99.0,0.0
2505.0,100.0,0.53443
2505.0,101.0,0.688193
2505.0,102.0,1.0
2505.0,103.0,0.0
2505.0,104.0,0.220242
2505.0,105.0,0.685749
2505.0,106.0,0.466323
2505.0,107.0,0.561475
2505.0,108.0,1.0
2505.0,109.0,0.0
2505.0,110.0,0.649858
2505.0,111.0,0.0
2505.0,112.0,0.89308
2505.0,113.0,0.615396
2505.0,114.0,1.0
2505.0,115.0,0.411487
2505.0,116.0,1.0
2505.0,117.0,0.654556
2505.0,118.0,0.380911
2505.0,119.0,0.251908
2505.0,120.0,0.0
2505.0,121.0,1.0
2505.0,122.0,1.0
2505.0,123.0,0.00029
2505.0,124.0,0.0
2505.0,125.0,0.0
2505.0,126.0,0.0
2506.0,0.0,0.475414
2506.0,1.0,0.387458
2506.0,2.0,0.981422
2506.0,3.0,0.081162
2506.0,4.0,0.414699
2506.0,5.0,0.0
2506.0,6.0,0.0
2506.0,7.0,1.0
2506.0,8.0,0.03497
2506.0,9.0,0.294648
2506.0,10.0,0.0
2506.0,11.0,0.0
2506.0,12.0,0.724226
2506.0,13.0,0.436865
2506.0,14.0,0.444634
2506.0,15.0,0.167629
2506.0,16.0,0.657295
2506.0,17.0,0.41016
2506.0,18.0,1.0
2506.0,19.0,0.834959
2506.0,20.0,0.746217
2506.0,21.0,0.058382
2506.0,22.0,0.127659
2506.0,23.0,0.10277
2506.0,24.0,0.624119
2506.0,25.0,0.988183
2506.0,26.0,0.652784
2506.0,27.0,0.551218
2506.0,28.0,0.965567
2506.0,29.0,0.688765
2506.0,30.0,0.455791
2506.0,31.0,1.0
2506.0,32.0,0.337356
2506.0,33.0,0.893369
2506.0,34.0,1.0
2506.0,35.0,0.482064
2506.0,36.0,0.5116
2506.0,37.0,0.199732
2506.0,38.0,0.0
2506.0,39.0,0.350733
2506.0,40.0,0.094214
2506.0,41.0,0.067235
2506.0,42.0,0.516066
2506.0,43.0,0.849505
2506.0,44.0,0.590216
2506.0,45.0,0.049176
2506.0,46.0,0.0
2506.0,47.0,0.113824
2506.0,48.0,0.0
2506.0,49.0,0.691603
2506.0,50.0,0.930539
2506.0,51.0,0.154608
2506.0,52.0,0.326652
2506.0,53.0,0.960972
2506.0,54.0,0.595147
2506.0,55.0,0.636371
2506.0,56.0,0.522978
2506.0,57.0,0.999146
2506.0,58.0,0.125855
2506.0,59.0,0.408597
2506.0,60.0,1.0
2506.0,61.0,0.554036
2506.0,62.0,0.6852
2506.0,63.0,0.641211
2506.0,64.0,1.0
2506.0,65.0,0.434347
2506.0,66.0,0.215019
2506.0,67.0,1.0
2506.0,68.0,0.466115
2506.0,69.0,0.0
2506.0,70.0,0.0
2506.0,71.0,0.875739
2506.0,72.0,0.42962
2506.0,73.0,0.870489
2506.0,74.0,0.443789
2506.0,75.0,0.0
2506.0,76.0,0.0
2506.0,77.0,0.0
2506.0,78.0,0.756045
2506.0,79.0,0.347276
2506.0,80.0,0.650446
2506.0,81.0,0.515763
2506.0,82.0,0.640185
2506.0,83.0,0.0
2506.0,84.0,0.254201
2506.0,85.0,0.482579
2506.0,86.0,0.520781
2506.0,87.0,0.490305
2506.0,88.0,0.015349
2506.0,89.0,0.305051
2506.0,90.0,0.32116
2506.0,91.0,0.0
2506.0,92.0,0.778152
2506.0,93.0,0.415949
2506.0,94.0,0.0
2506.0,95.0,0.144534
2506.0,96.0,0.28511
2506.0,97.0,0.487613
2506.0,98.0,0.552606
2506.0,99.0,0.0
2506.0,100.0,0.514286
2506.0,101.0,0.685659
2506.0,102.0,1.0
2506.0,103.0,0.0
2506.0,104.0,0.212706
2506.0,105.0,0.626268
2506.0,106.0,0.459843
2506.0,107.0,0.535892
2506.0,108.0,1.0
2506.0,109.0,0.0
2506.0,110.0,0.642951
2506.0,111.0,0.0
2506.0,112.0,0.892387
2506.0,113.0,0.611787
2506.0,114.0,1.0
2506.0,115.0,0.404466
2506.0,116.0,1.0
2506.0,117.0,0.612389
2506.0,118.0,0.377055
2506.0,119.0,0.237208
2506.0,120.0,0.0
2506.0,121.0,1.0
2506.0,122.0,1.0
2506.0,123.0,0.000293
2506.0,124.0,0.0
2506.0,125.0,0.0
2506.0,126.0,0.0
2507.0,0.0,0.461254
2507.0,1.0,0.382844
2507.0,2.0,0.981535
2507.0,3.0,0.058785
2507.0,4.0,0.409686
2507.0,5.0,0.0
2507.0,6.0,0.0
2507.0,7.0,1.0
2507.0,8.0,0.033557
2507.0,9.0,0.251651
2507.0,10.0,0.0
2507.0,11.0,0.0
2507.0,12.0,0.721362
2507.0,13.0,0.434985
2507.0,14.0,0.401657
2507.0,15.0,0.161039
2507.0,16.0,0.628822
2507.0,17.0,0.399819
2507.0,18.0,1.0
2507.0,19.0,0.826212
2507.0,20.0,0.738139
2507.0,21.0,0.058099
2507.0,22.0,0.122226
2507.0,23.0,0.10263
2507.0,24.0,0.600908
2507.0,25.0,0.987672
2507.0,26.0,0.616305
2507.0,27.0,0.518581
2507.0,28.0,0.96333
2507.0,29.0,0.685814
2507.0,30.0,0.40424
2507.0,31.0,1.0
2507.0,32.0,0.331165
2507.0,33.0,0.889522
2507.0,34.0,1.0
2507.0,35.0,0.478601
2507.0,36.0,0.48605
2507.0,37.0,0.193014
2507.0,38.0,0.0
2507.0,39.0,0.345164
2507.0,40.0,0.089449
2507.0,41.0,0.065246
2507.0,42.0,0.511365
2507.0,43.0,0.844874
2507.0,44.0,0.556497
2507.0,45.0,0.050095
2507.0,46.0,0.0
2507.0,47.0,0.111112
2507.0,48.0,0.0
2507.0,49.0,0.68662
2507.0,50.0,0.928263
2507.0,51.0,0.152322
2507.0,52.0,0.317408
2507.0,53.0,0.958686
2507.0,54.0,0.586595
2507.0,55.0,0.599952
2507.0,56.0,0.513845
2507.0,57.0,0.999138
2507.0,58.0,0.124978
2507.0,59.0,0.410407
2507.0,60.0,1.0
2507.0,61.0,0.547269
2507.0,62.0,0.683255
2507.0,63.0,0.634497
2507.0,64.0,1.0
2507.0,65.0,0.430848
2507.0,66.0,0.191279
2507.0,67.0,1.0
2507.0,68.0,0.416515
2507.0,69.0,0.0
2507.0,70.0,0.0
2507.0,71.0,0.871421
2507.0,72.0,0.415256
2507.0,73.0,0.86784
2507.0,74.0,0.392734
2507.0,75.0,0.0
2507.0,76.0,0.0
2507.0,77.0,0.0
2507.0,78.0,0.747285
2507.0,79.0,0.345194
2507.0,80.0,0.630911
2507.0,81.0,0.501851
2507.0,82.0,0.626144
2507.0,83.0,0.0
2507.0,84.0,0.241075
2507.0,85.0,0.463136
2507.0,86.0,0.512193
2507.0,87.0,0.487545
2507.0,88.0,0.01487
2507.0,89.0,0.301266
2507.0,90.0,0.31918
2507.0,91.0,0.0
2507.0,92.0,0.767379
2507.0,93.0,0.406032
2507.0,94.0,0.0
2507.0,95.0,0.134992
2507.0,96.0,0.263088
2507.0,97.0,0.473821
2507.0,98.0,0.552058
2507.0,99.0,0.0
2507.0,100.0,0.495587
2507.0,101.0,0.682778
2507.0,102.0,1.0
2507.0,103.0,0.0
2507.0,104.0,0.205574
2507.0,105.0,0.57014
2507.0,106.0,0.453555
2507.0,107.0,0.510033
2507.0,108.0,1.0
2507.0,109.0,0.0
2507.0,110.0,0.635881
2507.0,111.0,0.0
2507.0,112.0,0.891489
2507.0,113.0,0.607636
2507.0,114.0,1.0
2507.0,115.0,0.398618
2507.0,116.0,1.0
2507.0,117.0,0.571285
2507.0,118.0,0.371612
2507.0,119.0,0.222369
2507.0,120.0,0.0
2507.0,121.0,1.0
2507.0,122.0,1.0
2507.0,123.0,0.000289
2507.0,124.0,0.0
2507.0,125.0,0.0
2507.0,126.0,0.0
2508.0,0.0,0.446761
2508.0,1.0,0.378986
2508.0,2.0,0.981487
2508.0,3.0,0.042106
2508.0,4.0,0.405297
2508.0,5.0,0.0
2508.0,6.0,0.0
2508.0,7.0,1.0
2508.0,8.0,0.032625
2508.0,9.0,0.219056
2508.0,10.0,0.0
2508.0,11.0,0.0
2508.0,12.0,0.718916
2508.0,13.0,0.432169
2508.0,14.0,0.363691
2508.0,15.0,0.154541
2508.0,16.0,0.601171
2508.0,17.0,0.389179
2508.0,18.0,1.0
2508.0,19.0,0.817674
2508.0,20.0,0.730028
2508.0,21.0,0.057309
2508.0,22.0,0.117344
2508.0,23.0,0.102476
2508.0,24.0,0.57797
2508.0,25.0,0.987426
2508.0,26.0,0.58149
2508.0,27.0,0.486286
2508.0,28.0,0.961187
2508.0,29.0,0.681167
2508.0,30.0,0.359042
2508.0,31.0,1.0
2508.0,32.0,0.325802
2508.0,33.0,0.885564
2508.0,34.0,1.0
2508.0,35.0,0.47547
2508.0,36.0,0.46182
2508.0,37.0,0.18696
2508.0,38.0,0.0
2508.0,39.0,0.339708
2508.0,40.0,0.085166
2508.0,41.0,0.063032
2508.0,42.0,0.506798
2508.0,43.0,0.83998
2508.0,44.0,0.524045
2508.0,45.0,0.050802
2508.0,46.0,0.0
2508.0,47.0,0.108213
2508.0,48.0,0.0
2508.0,49.0,0.682288
2508.0,50.0,0.926305
2508.0,51.0,0.149352
2508.0,52.0,0.307623
2508.0,53.0,0.956228
2508.0,54.0,0.577965
2508.0,55.0,0.563848
2508.0,56.0,0.504708
2508.0,57.0,0.999141
2508.0,58.0,0.124932
2508.0,59.0,0.411984
2508.0,60.0,1.0
2508.0,61.0,0.540683
2508.0,62.0,0.682268
2508.0,63.0,0.628091
2508.0,64.0,1.0
2508.0,65.0,0.426018
2508.0,66.0,0.170287
2508.0,67.0,1.0
2508.0,68.0,0.36929
2508.0,69.0,0.0
2508.0,70.0,0.0
2508.0,71.0,0.867202
2508.0,72.0,0.40084
2508.0,73.0,0.865517
2508.0,74.0,0.346131
2508.0,75.0,0.0
2508.0,76.0,0.0
2508.0,77.0,0.0
2508.0,78.0,0.738579
2508.0,79.0,0.343177
2508.0,80.0,0.611624
2508.0,81.0,0.489516
2508.0,82.0,0.612809
2508.0,83.0,0.0
2508.0,84.0,0.228937
2508.0,85.0,0.444258
2508.0,86.0,0.503679
2508.0,87.0,0.483246
2508.0,88.0,0.014358
2508.0,89.0,0.297348
2508.0,90.0,0.317523
2508.0,91.0,0.0
2508.0,92.0,0.755756
2508.0,93.0,0.397139
2508.0,94.0,0.0
2508.0,95.0,0.12646
2508.0,96.0,0.241208
2508.0,97.0,0.459563
2508.0,98.0,0.55033
2508.0,99.0,0.0
2508.0,100.0,0.476738
2508.0,101.0,0.681684
2508.0,102.0,1.0
2508.0,103.0,0.0
2508.0,104.0,0.19893
2508.0,105.0,0.519407
2508.0,106.0,0.44789
2508.0,107.0,0.484897
2508.0,108.0,1.0
2508.0,109.0,0.0
2508.0,110.0,0.629442
2508.0,111.0,0.0
2508.0,112.0,0.890724
2508.0,113.0,0.602133
2508.0,114.0,1.0
2508.0,115.0,0.391632
2508.0,116.0,1.0
2508.0,117.0,0.53292
2508.0,118.0,0.366591
2508.0,119.0,0.208391
2508.0,120.0,0.0
2508.0,121.0,1.0
2508.0,122.0,1.0
2508.0,123.0,0.000267
2508.0,124.0,0.0
2508.0,125.0,0.0
2508.0,126.0,0.0
2509.0,0.0,0.432757
2509.0,1.0,0.374956
2509.0,2.0,0.981513
2509.0,3.0,0.030868
2509.0,4.0,0.400613
2509.0,5.0,0.0
2509.0,6.0,0.0
2509.0,7.0,1.0
2509.0,8.0,0.03182
2509.0,9.0,0.193798
2509.0,10.0,0.0
2509.0,11.0,0.0
2509.0,12.0,0.716608
2509.0,13.0,0.429943
2509.0,14.0,0.330544
2509.0,15.0,0.148247
2509.0,16.0,0.575126
2509.0,17.0,0.378071
2509.0,18.0,1.0
2509.0,19.0,0.808395
2509.0,20.0,0.721768
2509.0,21.0,0.057031
2509.0,22.0,0.113398
2509.0,23.0,0.101883
2509.0,24.0,0.556783
2509.0,25.0,0.987217
2509.0,26.0,0.54781
2509.0,27.0,0.453864
2509.0,28.0,0.959007
2509.0,29.0,0.678246
2509.0,30.0,0.319353
2509.0,31.0,1.0
2509.0,32.0,0.320202
2509.0,33.0,0.882125
2509.0,34.0,1.0
2509.0,35.0,0.471952
2509.0,36.0,0.438082
2509.0,37.0,0.181624
2509.0,38.0,0.0
2509.0,39.0,0.334775
2509.0,40.0,0.081446
2509.0,41.0,0.060933
2509.0,42.0,0.50202
2509.0,43.0,0.835937
2509.0,44.0,0.492766
2509.0,45.0,0.051367
2509.0,46.0,0.0
2509.0,47.0,0.105206
2509.0,48.0,0.0
2509.0,49.0,0.677585
2509.0,50.0,0.924578
2509.0,51.0,0.147
2509.0,52.0,0.299945
2509.0,53.0,0.953888
2509.0,54.0,0.569115
2509.0,55.0,0.527802
2509.0,56.0,0.495743
2509.0,57.0,0.999023
2509.0,58.0,0.124118
2509.0,59.0,0.412043
2509.0,60.0,1.0
2509.0,61.0,0.534149
2509.0,62.0,0.679508
2509.0,63.0,0.620563
2509.0,64.0,1.0
2509.0,65.0,0.420377
2509.0,66.0,0.152278
2509.0,67.0,1.0
2509.0,68.0,0.325538
2509.0,69.0,0.0
2509.0,70.0,0.0
2509.0,71.0,0.862663
2509.0,72.0,0.386881
2509.0,73.0,0.862816
2509.0,74.0,0.305019
2509.0,75.0,0.0
2509.0,76.0,0.0
2509.0,77.0,0.0
2509.0,78.0,0.729788
2509.0,79.0,0.340975
2509.0,80.0,0.593247
2509.0,81.0,0.476782
2509.0,82.0,0.598896
2509.0,83.0,0.0
2509.0,84.0,0.216549
2509.0,85.0,0.425646
2509.0,86.0,0.495123
2509.0,87.0,0.479925
2509.0,88.0,0.014004
2509.0,89.0,0.292828
2509.0,90.0,0.315634
2509.0,91.0,0.0
2509.0,92.0,0.744038
2509.0,93.0,0.388033
2509.0,94.0,0.0
2509.0,95.0,0.119063
2509.0,96.0,0.220773
2509.0,97.0,0.445535
2509.0,98.0,0.548937
2509.0,99.0,0.0
2509.0,100.0,0.458166
2509.0,101.0,0.679116
2509.0,102.0,1.0
2509.0,103.0,0.0
2509.0,104.0,0.19233
2509.0,105.0,0.474465
2509.0,106.0,0.44167
2509.0,107.0,0.460562
2509.0,108.0,1.0
2509.0,109.0,0.0
2509.0,110.0,0.622608
2509.0,111.0,0.0
2509.0,112.0,0.888658
2509.0,113.0,0.596431
2509.0,114.0,1.0
2509.0,115.0,0.384782
2509.0,116.0,1.0
2509.0,117.0,0.497664
2509.0,118.0,0.362311
2509.0,119.0,0.194809
2509.0,120.0,0.0
2509.0,121.0,1.0
2509.0,122.0,1.0
2509.0,123.0,0.000235
2509.0,124.0,0.0
2509.0,125.0,0.0
2509.0,126.0,0.0
2510.0,0.0,0.420082
2510.0,1.0,0.369893
2510.0,2.0,0.981411
2510.0,3.0,0.022473
2510.0,4.0,0.396792
2510.0,5.0,0.0
2510.0,6.0,0.0
2510.0,7.0,1.0
2510.0,8.0,0.030872
2510.0,9.0,0.173709
2510.0,10.0,0.0
2510.0,11.0,0.0
2510.0,12.0,0.714346
2510.0,13.0,0.426684
2510.0,14.0,0.299605
2510.0,15.0,0.14288
2510.0,16.0,0.550609
2510.0,17.0,0.367864
2510.0,18.0,1.0
2510.0,19.0,0.799422
2510.0,20.0,0.714222
2510.0,21.0,0.056772
2510.0,22.0,0.109462
2510.0,23.0,0.10133
2510.0,24.0,0.535113
2510.0,25.0,0.986937
2510.0,26.0,0.514534
2510.0,27.0,0.422475
2510.0,28.0,0.956732
2510.0,29.0,0.675024
2510.0,30.0,0.285563
2510.0,31.0,1.0
2510.0,32.0,0.314615
2510.0,33.0,0.878218
2510.0,34.0,1.0
2510.0,35.0,0.468493
2510.0,36.0,0.415853
2510.0,37.0,0.175117
2510.0,38.0,0.0
2510.0,39.0,0.328765
2510.0,40.0,0.077279
2510.0,41.0,0.059013
2510.0,42.0,0.496589
2510.0,43.0,0.831212
2510.0,44.0,0.464263
2510.0,45.0,0.051518
2510.0,46.0,0.0
2510.0,47.0,0.102522
2510.0,48.0,0.0
2510.0,49.0,0.673606
2510.0,50.0,0.922372
2510.0,51.0,0.14421
2510.0,52.0,0.291803
2510.0,53.0,0.951304
2510.0,54.0,0.55989
2510.0,55.0,0.492368
2510.0,56.0,0.486518
2510.0,57.0,0.998957
2510.0,58.0,0.123538
2510.0,59.0,0.410994
2510.0,60.0,1.0
2510.0,61.0,0.5256
2510.0,62.0,0.676974
2510.0,63.0,0.61415
2510.0,64.0,1.0
2510.0,65.0,0.415513
2510.0,66.0,0.137366
2510.0,67.0,1.0
2510.0,68.0,0.285013
2510.0,69.0,0.0
2510.0,70.0,0.0
2510.0,71.0,0.858652
2510.0,72.0,0.373268
2510.0,73.0,0.859626
2510.0,74.0,0.268758
2510.0,75.0,0.0
2510.0,76.0,0.0
2510.0,77.0,0.0
2510.0,78.0,0.721128
2510.0,79.0,0.339077
2510.0,80.0,0.574647
2510.0,81.0,0.464443
2510.0,82.0,0.58486
2510.0,83.0,0.0
2510.0,84.0,0.205071
2510.0,85.0,0.407488
2510.0,86.0,0.486193
2510.0,87.0,0.476782
2510.0,88.0,0.013354
2510.0,89.0,0.288473
2510.0,90.0,0.312891
2510.0,91.0,0.0
2510.0,92.0,0.733048
2510.0,93.0,0.378707
2510.0,94.0,0.0
2510.0,95.0,0.11261
2510.0,96.0,0.20182
2510.0,97.0,0.429987
2510.0,98.0,0.547866
2510.0,99.0,0.0
2510.0,100.0,0.440765
2510.0,101.0,0.676617
2510.0,102.0,1.0
2510.0,103.0,0.0
2510.0,104.0,0.185917
2510.0,105.0,0.434219
2510.0,106.0,0.436031
2510.0,107.0,0.436376
2510.0,108.0,1.0
2510.0,109.0,0.0
2510.0,110.0,0.617237
2510.0,111.0,0.0
2510.0,112.0,0.88697
2510.0,113.0,0.590456
2510.0,114.0,1.0
2510.0,115.0,0.378498
2510.0,116.0,1.0
2510.0,117.0,0.464627
2510.0,118.0,0.357694
2510.0,119.0,0.182729
2510.0,120.0,0.0
2510.0,121.0,1.0
2510.0,122.0,1.0
2510.0,123.0,0.000202
2510.0,124.0,0.0
2510.0,125.0,0.0
2510.0,126.0,0.0
