FREQUENCIES 
Gen,mut_id,mut_freq
1.0,0.0,0.5
1.0,1.0,0.5
1.0,2.0,0.5
1.0,3.0,0.5
1.0,4.0,0.5
1.0,5.0,0.5
1.0,6.0,0.5
1.0,7.0,0.5
1.0,8.0,0.5
1.0,9.0,0.5
1.0,10.0,0.5
1.0,11.0,0.5
1.0,12.0,0.5
1.0,13.0,0.5
1.0,14.0,0.5
1.0,15.0,0.5
1.0,16.0,0.5
1.0,17.0,0.5
1.0,18.0,0.5
1.0,19.0,0.5
1.0,20.0,0.5
1.0,21.0,0.5
1.0,22.0,0.5
1.0,23.0,0.5
1.0,24.0,0.5
1.0,25.0,0.5
1.0,26.0,0.5
1.0,27.0,0.5
1.0,28.0,0.5
1.0,29.0,0.5
1.0,30.0,0.5
1.0,31.0,0.5
1.0,32.0,0.5
1.0,33.0,0.5
1.0,34.0,0.5
1.0,35.0,0.5
1.0,36.0,0.5
1.0,37.0,0.5
1.0,38.0,0.5
1.0,39.0,0.5
1.0,40.0,0.5
1.0,41.0,0.5
1.0,42.0,0.5
1.0,43.0,0.5
1.0,44.0,0.5
1.0,45.0,0.5
1.0,46.0,0.5
1.0,47.0,0.5
1.0,48.0,0.5
1.0,49.0,0.5
1.0,50.0,0.5
1.0,51.0,0.5
1.0,52.0,0.5
1.0,53.0,0.5
1.0,54.0,0.5
1.0,55.0,0.5
1.0,56.0,0.5
1.0,57.0,0.5
1.0,58.0,0.5
1.0,59.0,0.5
1.0,60.0,0.5
1.0,61.0,0.5
1.0,62.0,0.5
1.0,63.0,0.5
1.0,64.0,0.5
1.0,65.0,0.5
1.0,66.0,0.5
1.0,67.0,0.5
1.0,68.0,0.5
1.0,69.0,0.5
1.0,70.0,0.5
1.0,71.0,0.5
1.0,72.0,0.5
1.0,73.0,0.5
1.0,74.0,0.5
1.0,75.0,0.5
1.0,76.0,0.5
1.0,77.0,0.5
1.0,78.0,0.5
1.0,79.0,0.5
1.0,80.0,0.5
1.0,81.0,0.5
1.0,82.0,0.5
1.0,83.0,0.5
1.0,84.0,0.5
1.0,85.0,0.5
1.0,86.0,0.5
1.0,87.0,0.5
1.0,88.0,0.5
1.0,89.0,0.5
1.0,90.0,0.5
1.0,91.0,0.5
1.0,92.0,0.5
1.0,93.0,0.5
1.0,94.0,0.5
1.0,95.0,0.5
1.0,96.0,0.5
1.0,97.0,0.5
1.0,98.0,0.5
1.0,99.0,0.5
1.0,100.0,0.5
1.0,101.0,0.5
1.0,102.0,0.5
1.0,103.0,0.5
1.0,104.0,0.5
1.0,105.0,0.5
1.0,106.0,0.5
1.0,107.0,0.5
1.0,108.0,0.5
1.0,109.0,0.5
1.0,110.0,0.5
1.0,111.0,0.5
1.0,112.0,0.5
1.0,113.0,0.5
1.0,114.0,0.5
1.0,115.0,0.5
1.0,116.0,0.5
1.0,117.0,0.5
1.0,118.0,0.5
1.0,119.0,0.5
1.0,120.0,0.5
1.0,121.0,0.5
1.0,122.0,0.5
1.0,123.0,0.5
1.0,124.0,0.5
1.0,125.0,0.5
1.0,126.0,0.5
1.0,127.0,0.5
1.0,128.0,0.5
1.0,129.0,0.5
1.0,130.0,0.5
1.0,131.0,0.5
1.0,132.0,0.5
1.0,133.0,0.5
1.0,134.0,0.5
1.0,135.0,0.5
1.0,136.0,0.5
1.0,137.0,0.5
1.0,138.0,0.5
1.0,139.0,0.5
1.0,140.0,0.5
1.0,141.0,0.5
1.0,142.0,0.5
1.0,143.0,0.5
1.0,144.0,0.5
1.0,145.0,0.5
1.0,146.0,0.5
1.0,147.0,0.5
2500.0,0.0,0.316987
2500.0,1.0,0.58882
2500.0,2.0,0.528704
2500.0,3.0,0.750662
2500.0,4.0,0.205481
2500.0,5.0,0.49145
2500.0,6.0,0.515439
2500.0,7.0,0.624366
2500.0,8.0,0.060416
2500.0,9.0,0.109432
2500.0,10.0,1.0
2500.0,11.0,0.708847
2500.0,12.0,0.665914
2500.0,13.0,0.476417
2500.0,14.0,0.553186
2500.0,15.0,0.326065
2500.0,16.0,0.0
2500.0,17.0,0.680427
2500.0,18.0,0.663134
2500.0,19.0,0.826312
2500.0,20.0,0.587112
2500.0,21.0,0.766924
2500.0,22.0,0.378084
2500.0,23.0,1.0
2500.0,24.0,0.672735
2500.0,25.0,0.29616
2500.0,26.0,0.582609
2500.0,27.0,0.337611
2500.0,28.0,0.461587
2500.0,29.0,1.0
2500.0,30.0,0.263195
2500.0,31.0,0.49195
2500.0,32.0,0.0
2500.0,33.0,0.426045
2500.0,34.0,0.717728
2500.0,35.0,0.997016
2500.0,36.0,0.329245
2500.0,37.0,0.331487
2500.0,38.0,1.0
2500.0,39.0,1.0
2500.0,40.0,0.270794
2500.0,41.0,0.930188
2500.0,42.0,0.568851
2500.0,43.0,0.703401
2500.0,44.0,0.0
2500.0,45.0,0.651234
2500.0,46.0,0.172282
2500.0,47.0,1.0
2500.0,48.0,0.854965
2500.0,49.0,1.0
2500.0,50.0,0.065047
2500.0,51.0,0.643008
2500.0,52.0,1.0
2500.0,53.0,0.21801
2500.0,54.0,0.36069
2500.0,55.0,0.44047
2500.0,56.0,0.578569
2500.0,57.0,0.710772
2500.0,58.0,0.29256
2500.0,59.0,0.407356
2500.0,60.0,1.0
2500.0,61.0,0.334638
2500.0,62.0,0.0
2500.0,63.0,0.001623
2500.0,64.0,0.079832
2500.0,65.0,0.553106
2500.0,66.0,0.003921
2500.0,67.0,0.303737
2500.0,68.0,0.27998
2500.0,69.0,0.460853
2500.0,70.0,0.583427
2500.0,71.0,0.768174
2500.0,72.0,0.045936
2500.0,73.0,0.000401
2500.0,74.0,0.498854
2500.0,75.0,0.455925
2500.0,76.0,0.023712
2500.0,77.0,0.002149
2500.0,78.0,0.061235
2500.0,79.0,0.421748
2500.0,80.0,1.0
2500.0,81.0,0.55187
2500.0,82.0,0.27045
2500.0,83.0,0.811543
2500.0,84.0,0.232599
2500.0,85.0,0.0208
2500.0,86.0,0.22251
2500.0,87.0,0.116954
2500.0,88.0,0.445702
2500.0,89.0,0.407978
2500.0,90.0,0.276364
2500.0,91.0,0.584895
2500.0,92.0,0.623978
2500.0,93.0,0.55292
2500.0,94.0,1.0
2500.0,95.0,0.666976
2500.0,96.0,0.393377
2500.0,97.0,0.712267
2500.0,98.0,0.514143
2500.0,99.0,0.787057
2500.0,100.0,0.999108
2500.0,101.0,0.177462
2500.0,102.0,0.476539
2500.0,103.0,0.197463
2500.0,104.0,0.0
2500.0,105.0,0.079821
2500.0,106.0,0.373043
2500.0,107.0,0.452189
2500.0,108.0,0.757776
2500.0,109.0,1.0
2500.0,110.0,1.0
2500.0,111.0,0.600128
2500.0,112.0,0.410959
2500.0,113.0,0.214242
2500.0,114.0,0.494342
2500.0,115.0,0.225094
2500.0,116.0,0.781094
2500.0,117.0,0.360118
2500.0,118.0,0.021004
2500.0,119.0,0.999591
2500.0,120.0,0.252247
2500.0,121.0,0.581488
2500.0,122.0,0.999635
2500.0,123.0,0.443348
2500.0,124.0,0.003456
2500.0,125.0,0.707164
2500.0,126.0,0.826549
2500.0,127.0,0.384947
2500.0,128.0,0.498925
2500.0,129.0,0.304015
2500.0,130.0,0.568196
2500.0,131.0,0.148992
2500.0,132.0,0.463945
2500.0,133.0,0.338677
2500.0,134.0,0.093915
2500.0,135.0,0.0
2500.0,136.0,0.927855
2500.0,137.0,0.42012
2500.0,138.0,0.259297
2500.0,139.0,0.394113
2500.0,140.0,0.0
2500.0,141.0,0.895301
2500.0,142.0,0.00977
2500.0,143.0,0.0
2500.0,144.0,0.320436
2500.0,145.0,0.758933
2500.0,146.0,0.797676
2500.0,147.0,0.992472
2501.0,0.0,0.323429
2501.0,1.0,0.593082
2501.0,2.0,0.561529
2501.0,3.0,0.752537
2501.0,4.0,0.212517
2501.0,5.0,0.505877
2501.0,6.0,0.517758
2501.0,7.0,0.645961
2501.0,8.0,0.060557
2501.0,9.0,0.122022
2501.0,10.0,1.0
2501.0,11.0,0.713884
2501.0,12.0,0.666536
2501.0,13.0,0.486172
2501.0,14.0,0.566398
2501.0,15.0,0.332703
2501.0,16.0,0.0
2501.0,17.0,0.692812
2501.0,18.0,0.674152
2501.0,19.0,0.829546
2501.0,20.0,0.60158
2501.0,21.0,0.774965
2501.0,22.0,0.389421
2501.0,23.0,1.0
2501.0,24.0,0.675293
2501.0,25.0,0.308587
2501.0,26.0,0.59265
2501.0,27.0,0.358961
2501.0,28.0,0.464431
2501.0,29.0,1.0
2501.0,30.0,0.264193
2501.0,31.0,0.530663
2501.0,32.0,0.0
2501.0,33.0,0.438595
2501.0,34.0,0.720185
2501.0,35.0,0.997544
2501.0,36.0,0.333783
2501.0,37.0,0.332069
2501.0,38.0,1.0
2501.0,39.0,1.0
2501.0,40.0,0.2772
2501.0,41.0,0.938297
2501.0,42.0,0.575338
2501.0,43.0,0.715372
2501.0,44.0,0.0
2501.0,45.0,0.657043
2501.0,46.0,0.179979
2501.0,47.0,1.0
2501.0,48.0,0.857871
2501.0,49.0,1.0
2501.0,50.0,0.069389
2501.0,51.0,0.651326
2501.0,52.0,1.0
2501.0,53.0,0.235285
2501.0,54.0,0.365665
2501.0,55.0,0.458666
2501.0,56.0,0.586102
2501.0,57.0,0.731922
2501.0,58.0,0.30349
2501.0,59.0,0.412798
2501.0,60.0,1.0
2501.0,61.0,0.338727
2501.0,62.0,0.0
2501.0,63.0,0.001636
2501.0,64.0,0.083065
2501.0,65.0,0.556685
2501.0,66.0,0.004069
2501.0,67.0,0.330662
2501.0,68.0,0.292932
2501.0,69.0,0.467421
2501.0,70.0,0.597394
2501.0,71.0,0.772672
2501.0,72.0,0.046882
2501.0,73.0,0.000412
2501.0,74.0,0.505343
2501.0,75.0,0.50946
2501.0,76.0,0.024154
2501.0,77.0,0.00216
2501.0,78.0,0.062486
2501.0,79.0,0.425217
2501.0,80.0,1.0
2501.0,81.0,0.553971
2501.0,82.0,0.274211
2501.0,83.0,0.8131
2501.0,84.0,0.236582
2501.0,85.0,0.021478
2501.0,86.0,0.233883
2501.0,87.0,0.154644
2501.0,88.0,0.448855
2501.0,89.0,0.473658
2501.0,90.0,0.315367
2501.0,91.0,0.590603
2501.0,92.0,0.625987
2501.0,93.0,0.567621
2501.0,94.0,1.0
2501.0,95.0,0.669945
2501.0,96.0,0.407452
2501.0,97.0,0.719908
2501.0,98.0,0.517669
2501.0,99.0,0.789422
2501.0,100.0,0.999137
2501.0,101.0,0.178591
2501.0,102.0,0.491909
2501.0,103.0,0.198163
2501.0,104.0,0.0
2501.0,105.0,0.079858
2501.0,106.0,0.401878
2501.0,107.0,0.468743
2501.0,108.0,0.761322
2501.0,109.0,1.0
2501.0,110.0,1.0
2501.0,111.0,0.607375
2501.0,112.0,0.449046
2501.0,113.0,0.220764
2501.0,114.0,0.503824
2501.0,115.0,0.237402
2501.0,116.0,0.783892
2501.0,117.0,0.36192
2501.0,118.0,0.024037
2501.0,119.0,0.999585
2501.0,120.0,0.267411
2501.0,121.0,0.583565
2501.0,122.0,0.999675
2501.0,123.0,0.448563
2501.0,124.0,0.003515
2501.0,125.0,0.719028
2501.0,126.0,0.828858
2501.0,127.0,0.391416
2501.0,128.0,0.503331
2501.0,129.0,0.328221
2501.0,130.0,0.625477
2501.0,131.0,0.150596
2501.0,132.0,0.485283
2501.0,133.0,0.341465
2501.0,134.0,0.095962
2501.0,135.0,0.0
2501.0,136.0,0.936553
2501.0,137.0,0.423806
2501.0,138.0,0.282964
2501.0,139.0,0.407093
2501.0,140.0,0.0
2501.0,141.0,0.899929
2501.0,142.0,0.009878
2501.0,143.0,0.0
2501.0,144.0,0.347216
2501.0,145.0,0.760923
2501.0,146.0,0.79956
2501.0,147.0,0.992649
2502.0,0.0,0.330842
2502.0,1.0,0.597817
2502.0,2.0,0.591144
2502.0,3.0,0.754409
2502.0,4.0,0.219229
2502.0,5.0,0.52141
2502.0,6.0,0.521017
2502.0,7.0,0.667004
2502.0,8.0,0.060109
2502.0,9.0,0.135096
2502.0,10.0,1.0
2502.0,11.0,0.718266
2502.0,12.0,0.667015
2502.0,13.0,0.494651
2502.0,14.0,0.578787
2502.0,15.0,0.339077
2502.0,16.0,0.0
2502.0,17.0,0.703276
2502.0,18.0,0.683323
2502.0,19.0,0.832612
2502.0,20.0,0.616652
2502.0,21.0,0.783087
2502.0,22.0,0.401052
2502.0,23.0,1.0
2502.0,24.0,0.678049
2502.0,25.0,0.320258
2502.0,26.0,0.601669
2502.0,27.0,0.379629
2502.0,28.0,0.466789
2502.0,29.0,1.0
2502.0,30.0,0.265845
2502.0,31.0,0.567179
2502.0,32.0,0.0
2502.0,33.0,0.451124
2502.0,34.0,0.721009
2502.0,35.0,0.998063
2502.0,36.0,0.338894
2502.0,37.0,0.333322
2502.0,38.0,1.0
2502.0,39.0,1.0
2502.0,40.0,0.283148
2502.0,41.0,0.944795
2502.0,42.0,0.582177
2502.0,43.0,0.726834
2502.0,44.0,0.0
2502.0,45.0,0.661553
2502.0,46.0,0.187366
2502.0,47.0,1.0
2502.0,48.0,0.860362
2502.0,49.0,1.0
2502.0,50.0,0.074838
2502.0,51.0,0.658654
2502.0,52.0,1.0
2502.0,53.0,0.25412
2502.0,54.0,0.370599
2502.0,55.0,0.475534
2502.0,56.0,0.593395
2502.0,57.0,0.749673
2502.0,58.0,0.314342
2502.0,59.0,0.417903
2502.0,60.0,1.0
2502.0,61.0,0.34312
2502.0,62.0,0.0
2502.0,63.0,0.001624
2502.0,64.0,0.085762
2502.0,65.0,0.559306
2502.0,66.0,0.004025
2502.0,67.0,0.357327
2502.0,68.0,0.305432
2502.0,69.0,0.473278
2502.0,70.0,0.609693
2502.0,71.0,0.777333
2502.0,72.0,0.048162
2502.0,73.0,0.000388
2502.0,74.0,0.511708
2502.0,75.0,0.562201
2502.0,76.0,0.024619
2502.0,77.0,0.002195
2502.0,78.0,0.063563
2502.0,79.0,0.428116
2502.0,80.0,1.0
2502.0,81.0,0.555968
2502.0,82.0,0.277588
2502.0,83.0,0.814541
2502.0,84.0,0.240467
2502.0,85.0,0.02192
2502.0,86.0,0.244648
2502.0,87.0,0.198278
2502.0,88.0,0.451347
2502.0,89.0,0.530302
2502.0,90.0,0.356024
2502.0,91.0,0.595951
2502.0,92.0,0.627869
2502.0,93.0,0.582077
2502.0,94.0,1.0
2502.0,95.0,0.671214
2502.0,96.0,0.421182
2502.0,97.0,0.72697
2502.0,98.0,0.520489
2502.0,99.0,0.79124
2502.0,100.0,0.999158
2502.0,101.0,0.179654
2502.0,102.0,0.505011
2502.0,103.0,0.199707
2502.0,104.0,0.0
2502.0,105.0,0.080319
2502.0,106.0,0.429233
2502.0,107.0,0.486051
2502.0,108.0,0.764853
2502.0,109.0,1.0
2502.0,110.0,1.0
2502.0,111.0,0.613665
2502.0,112.0,0.487956
2502.0,113.0,0.226555
2502.0,114.0,0.512719
2502.0,115.0,0.250615
2502.0,116.0,0.786473
2502.0,117.0,0.364532
2502.0,118.0,0.027257
2502.0,119.0,0.999571
2502.0,120.0,0.282691
2502.0,121.0,0.586114
2502.0,122.0,0.999629
2502.0,123.0,0.453613
2502.0,124.0,0.003515
2502.0,125.0,0.728899
2502.0,126.0,0.831199
2502.0,127.0,0.39846
2502.0,128.0,0.507864
2502.0,129.0,0.352152
2502.0,130.0,0.682209
2502.0,131.0,0.151488
2502.0,132.0,0.507188
2502.0,133.0,0.343503
2502.0,134.0,0.098005
2502.0,135.0,0.0
2502.0,136.0,0.943668
2502.0,137.0,0.42656
2502.0,138.0,0.306588
2502.0,139.0,0.42017
2502.0,140.0,0.0
2502.0,141.0,0.904232
2502.0,142.0,0.009963
2502.0,143.0,0.0
2502.0,144.0,0.375164
2502.0,145.0,0.76277
2502.0,146.0,0.801849
2502.0,147.0,0.992757
2503.0,0.0,0.336472
2503.0,1.0,0.601381
2503.0,2.0,0.619299
2503.0,3.0,0.756321
2503.0,4.0,0.225504
2503.0,5.0,0.535346
2503.0,6.0,0.523097
2503.0,7.0,0.687108
2503.0,8.0,0.06007
2503.0,9.0,0.148669
2503.0,10.0,1.0
2503.0,11.0,0.722756
2503.0,12.0,0.667915
2503.0,13.0,0.503121
2503.0,14.0,0.590996
2503.0,15.0,0.345446
2503.0,16.0,0.0
2503.0,17.0,0.713008
2503.0,18.0,0.692277
2503.0,19.0,0.835631
2503.0,20.0,0.629694
2503.0,21.0,0.789588
2503.0,22.0,0.410904
2503.0,23.0,1.0
2503.0,24.0,0.681153
2503.0,25.0,0.333416
2503.0,26.0,0.610178
2503.0,27.0,0.399814
2503.0,28.0,0.468199
2503.0,29.0,1.0
2503.0,30.0,0.267549
2503.0,31.0,0.602033
2503.0,32.0,0.0
2503.0,33.0,0.462919
2503.0,34.0,0.722628
2503.0,35.0,0.998427
2503.0,36.0,0.343514
2503.0,37.0,0.333366
2503.0,38.0,1.0
2503.0,39.0,1.0
2503.0,40.0,0.288946
2503.0,41.0,0.950731
2503.0,42.0,0.589051
2503.0,43.0,0.738127
2503.0,44.0,0.0
2503.0,45.0,0.666578
2503.0,46.0,0.194813
2503.0,47.0,1.0
2503.0,48.0,0.862344
2503.0,49.0,1.0
2503.0,50.0,0.080065
2503.0,51.0,0.666511
2503.0,52.0,1.0
2503.0,53.0,0.272532
2503.0,54.0,0.374979
2503.0,55.0,0.492182
2503.0,56.0,0.601491
2503.0,57.0,0.76505
2503.0,58.0,0.325208
2503.0,59.0,0.423348
2503.0,60.0,1.0
2503.0,61.0,0.347427
2503.0,62.0,0.0
2503.0,63.0,0.001582
2503.0,64.0,0.088854
2503.0,65.0,0.562297
2503.0,66.0,0.004021
2503.0,67.0,0.382625
2503.0,68.0,0.319192
2503.0,69.0,0.47902
2503.0,70.0,0.621518
2503.0,71.0,0.782107
2503.0,72.0,0.048919
2503.0,73.0,0.000362
2503.0,74.0,0.517552
2503.0,75.0,0.614535
2503.0,76.0,0.025168
2503.0,77.0,0.002311
2503.0,78.0,0.064499
2503.0,79.0,0.431241
2503.0,80.0,1.0
2503.0,81.0,0.558332
2503.0,82.0,0.281007
2503.0,83.0,0.815635
2503.0,84.0,0.243778
2503.0,85.0,0.022672
2503.0,86.0,0.255835
2503.0,87.0,0.246144
2503.0,88.0,0.452957
2503.0,89.0,0.579552
2503.0,90.0,0.397078
2503.0,91.0,0.601563
2503.0,92.0,0.629593
2503.0,93.0,0.596044
2503.0,94.0,1.0
2503.0,95.0,0.673087
2503.0,96.0,0.434647
2503.0,97.0,0.733884
2503.0,98.0,0.523845
2503.0,99.0,0.793224
2503.0,100.0,0.999185
2503.0,101.0,0.179822
2503.0,102.0,0.518963
2503.0,103.0,0.201036
2503.0,104.0,0.0
2503.0,105.0,0.080984
2503.0,106.0,0.45477
2503.0,107.0,0.502188
2503.0,108.0,0.768081
2503.0,109.0,1.0
2503.0,110.0,1.0
2503.0,111.0,0.618822
2503.0,112.0,0.526905
2503.0,113.0,0.232237
2503.0,114.0,0.521768
2503.0,115.0,0.262845
2503.0,116.0,0.788409
2503.0,117.0,0.367133
2503.0,118.0,0.030883
2503.0,119.0,0.999545
2503.0,120.0,0.298005
2503.0,121.0,0.589946
2503.0,122.0,0.999621
2503.0,123.0,0.459467
2503.0,124.0,0.003514
2503.0,125.0,0.737677
2503.0,126.0,0.834219
2503.0,127.0,0.404234
2503.0,128.0,0.512018
2503.0,129.0,0.376071
2503.0,130.0,0.733676
2503.0,131.0,0.152601
2503.0,132.0,0.528828
2503.0,133.0,0.345052
2503.0,134.0,0.100085
2503.0,135.0,0.0
2503.0,136.0,0.949537
2503.0,137.0,0.42936
2503.0,138.0,0.329648
2503.0,139.0,0.432858
2503.0,140.0,0.0
2503.0,141.0,0.908548
2503.0,142.0,0.010098
2503.0,143.0,0.0
2503.0,144.0,0.404
2503.0,145.0,0.764351
2503.0,146.0,0.804252
2503.0,147.0,0.992909
2504.0,0.0,0.342682
2504.0,1.0,0.605549
2504.0,2.0,0.644495
2504.0,3.0,0.758259
2504.0,4.0,0.23185
2504.0,5.0,0.548372
2504.0,6.0,0.525879
2504.0,7.0,0.706091
2504.0,8.0,0.060422
2504.0,9.0,0.163421
2504.0,10.0,1.0
2504.0,11.0,0.72674
2504.0,12.0,0.668379
2504.0,13.0,0.511496
2504.0,14.0,0.602625
2504.0,15.0,0.351327
2504.0,16.0,0.0
2504.0,17.0,0.722125
2504.0,18.0,0.700752
2504.0,19.0,0.838829
2504.0,20.0,0.642834
2504.0,21.0,0.795739
2504.0,22.0,0.419827
2504.0,23.0,1.0
2504.0,24.0,0.684584
2504.0,25.0,0.345851
2504.0,26.0,0.618526
2504.0,27.0,0.420708
2504.0,28.0,0.469821
2504.0,29.0,1.0
2504.0,30.0,0.26879
2504.0,31.0,0.633692
2504.0,32.0,0.0
2504.0,33.0,0.474262
2504.0,34.0,0.724046
2504.0,35.0,0.998681
2504.0,36.0,0.347525
2504.0,37.0,0.334472
2504.0,38.0,1.0
2504.0,39.0,1.0
2504.0,40.0,0.29538
2504.0,41.0,0.955733
2504.0,42.0,0.59589
2504.0,43.0,0.74816
2504.0,44.0,0.0
2504.0,45.0,0.670607
2504.0,46.0,0.20195
2504.0,47.0,1.0
2504.0,48.0,0.865584
2504.0,49.0,1.0
2504.0,50.0,0.085231
2504.0,51.0,0.674288
2504.0,52.0,1.0
2504.0,53.0,0.291628
2504.0,54.0,0.378
2504.0,55.0,0.507294
2504.0,56.0,0.60957
2504.0,57.0,0.778787
2504.0,58.0,0.33556
2504.0,59.0,0.429093
2504.0,60.0,1.0
2504.0,61.0,0.351552
2504.0,62.0,0.0
2504.0,63.0,0.001617
2504.0,64.0,0.091399
2504.0,65.0,0.565457
2504.0,66.0,0.003992
2504.0,67.0,0.408141
2504.0,68.0,0.332183
2504.0,69.0,0.484947
2504.0,70.0,0.631995
2504.0,71.0,0.786426
2504.0,72.0,0.050128
2504.0,73.0,0.000363
2504.0,74.0,0.523366
2504.0,75.0,0.66414
2504.0,76.0,0.02569
2504.0,77.0,0.002454
2504.0,78.0,0.065902
2504.0,79.0,0.434005
2504.0,80.0,1.0
2504.0,81.0,0.561465
2504.0,82.0,0.284532
2504.0,83.0,0.817253
2504.0,84.0,0.247681
2504.0,85.0,0.023074
2504.0,86.0,0.266697
2504.0,87.0,0.297552
2504.0,88.0,0.455279
2504.0,89.0,0.621815
2504.0,90.0,0.438319
2504.0,91.0,0.607458
2504.0,92.0,0.630216
2504.0,93.0,0.610782
2504.0,94.0,1.0
2504.0,95.0,0.674175
2504.0,96.0,0.447533
2504.0,97.0,0.740925
2504.0,98.0,0.527804
2504.0,99.0,0.795288
2504.0,100.0,0.999265
2504.0,101.0,0.178939
2504.0,102.0,0.533563
2504.0,103.0,0.202085
2504.0,104.0,0.0
2504.0,105.0,0.081619
2504.0,106.0,0.479412
2504.0,107.0,0.51744
2504.0,108.0,0.770636
2504.0,109.0,1.0
2504.0,110.0,1.0
2504.0,111.0,0.625427
2504.0,112.0,0.564346
2504.0,113.0,0.238373
2504.0,114.0,0.529583
2504.0,115.0,0.275379
2504.0,116.0,0.789882
2504.0,117.0,0.369323
2504.0,118.0,0.035002
2504.0,119.0,0.99954
2504.0,120.0,0.312151
2504.0,121.0,0.592822
2504.0,122.0,0.999629
2504.0,123.0,0.465706
2504.0,124.0,0.00348
2504.0,125.0,0.746367
2504.0,126.0,0.836621
2504.0,127.0,0.410385
2504.0,128.0,0.515213
2504.0,129.0,0.399998
2504.0,130.0,0.780823
2504.0,131.0,0.153824
2504.0,132.0,0.549845
2504.0,133.0,0.34837
2504.0,134.0,0.101602
2504.0,135.0,0.0
2504.0,136.0,0.9554
2504.0,137.0,0.432358
2504.0,138.0,0.352267
2504.0,139.0,0.44469
2504.0,140.0,0.0
2504.0,141.0,0.91226
2504.0,142.0,0.010054
2504.0,143.0,0.0
2504.0,144.0,0.434891
2504.0,145.0,0.766706
2504.0,146.0,0.805645
2504.0,147.0,0.99284
2505.0,0.0,0.349783
2505.0,1.0,0.610464
2505.0,2.0,0.668639
2505.0,3.0,0.760757
2505.0,4.0,0.238149
2505.0,5.0,0.561135
2505.0,6.0,0.527802
2505.0,7.0,0.723793
2505.0,8.0,0.06089
2505.0,9.0,0.178765
2505.0,10.0,1.0
2505.0,11.0,0.731029
2505.0,12.0,0.668138
2505.0,13.0,0.518803
2505.0,14.0,0.614436
2505.0,15.0,0.359155
2505.0,16.0,0.0
2505.0,17.0,0.731701
2505.0,18.0,0.708565
2505.0,19.0,0.841838
2505.0,20.0,0.656526
2505.0,21.0,0.801229
2505.0,22.0,0.427486
2505.0,23.0,1.0
2505.0,24.0,0.687536
2505.0,25.0,0.357819
2505.0,26.0,0.627398
2505.0,27.0,0.440083
2505.0,28.0,0.47156
2505.0,29.0,1.0
2505.0,30.0,0.270176
2505.0,31.0,0.663977
2505.0,32.0,0.0
2505.0,33.0,0.485384
2505.0,34.0,0.725889
2505.0,35.0,0.998875
2505.0,36.0,0.351152
2505.0,37.0,0.335681
2505.0,38.0,1.0
2505.0,39.0,1.0
2505.0,40.0,0.301758
2505.0,41.0,0.96017
2505.0,42.0,0.601318
2505.0,43.0,0.757343
2505.0,44.0,0.0
2505.0,45.0,0.67533
2505.0,46.0,0.209615
2505.0,47.0,1.0
2505.0,48.0,0.8679
2505.0,49.0,1.0
2505.0,50.0,0.090414
2505.0,51.0,0.680956
2505.0,52.0,1.0
2505.0,53.0,0.310975
2505.0,54.0,0.381997
2505.0,55.0,0.521869
2505.0,56.0,0.617023
2505.0,57.0,0.790795
2505.0,58.0,0.345633
2505.0,59.0,0.434381
2505.0,60.0,1.0
2505.0,61.0,0.355063
2505.0,62.0,0.0
2505.0,63.0,0.001542
2505.0,64.0,0.093435
2505.0,65.0,0.568685
2505.0,66.0,0.003778
2505.0,67.0,0.432292
2505.0,68.0,0.344995
2505.0,69.0,0.491106
2505.0,70.0,0.641409
2505.0,71.0,0.790212
2505.0,72.0,0.051286
2505.0,73.0,0.000384
2505.0,74.0,0.529076
2505.0,75.0,0.710873
2505.0,76.0,0.026118
2505.0,77.0,0.002444
2505.0,78.0,0.066871
2505.0,79.0,0.435688
2505.0,80.0,1.0
2505.0,81.0,0.563571
2505.0,82.0,0.28776
2505.0,83.0,0.818264
2505.0,84.0,0.250706
2505.0,85.0,0.023441
2505.0,86.0,0.278081
2505.0,87.0,0.350726
2505.0,88.0,0.457587
2505.0,89.0,0.657197
2505.0,90.0,0.479475
2505.0,91.0,0.614008
2505.0,92.0,0.630894
2505.0,93.0,0.624542
2505.0,94.0,1.0
2505.0,95.0,0.676754
2505.0,96.0,0.460574
2505.0,97.0,0.747009
2505.0,98.0,0.531482
2505.0,99.0,0.797908
2505.0,100.0,0.999268
2505.0,101.0,0.176688
2505.0,102.0,0.547259
2505.0,103.0,0.204045
2505.0,104.0,0.0
2505.0,105.0,0.082625
2505.0,106.0,0.504086
2505.0,107.0,0.533862
2505.0,108.0,0.773128
2505.0,109.0,1.0
2505.0,110.0,1.0
2505.0,111.0,0.630773
2505.0,112.0,0.601741
2505.0,113.0,0.244012
2505.0,114.0,0.537758
2505.0,115.0,0.287091
2505.0,116.0,0.790777
2505.0,117.0,0.371748
2505.0,118.0,0.039005
2505.0,119.0,0.999596
2505.0,120.0,0.32734
2505.0,121.0,0.595322
2505.0,122.0,0.999607
2505.0,123.0,0.47062
2505.0,124.0,0.003532
2505.0,125.0,0.754317
2505.0,126.0,0.839956
2505.0,127.0,0.416617
2505.0,128.0,0.519135
2505.0,129.0,0.423841
2505.0,130.0,0.822055
2505.0,131.0,0.154904
2505.0,132.0,0.571449
2505.0,133.0,0.349182
2505.0,134.0,0.102862
2505.0,135.0,0.0
2505.0,136.0,0.960117
2505.0,137.0,0.435441
2505.0,138.0,0.37408
2505.0,139.0,0.455672
2505.0,140.0,0.0
2505.0,141.0,0.915869
2505.0,142.0,0.01016
2505.0,143.0,0.0
2505.0,144.0,0.467299
2505.0,145.0,0.768607
2505.0,146.0,0.806632
2505.0,147.0,0.992767
2506.0,0.0,0.342299
2506.0,1.0,0.604667
2506.0,2.0,0.636723
2506.0,3.0,0.758796
2506.0,4.0,0.231998
2506.0,5.0,0.546366
2506.0,6.0,0.526024
2506.0,7.0,0.70378
2506.0,8.0,0.061421
2506.0,9.0,0.162995
2506.0,10.0,1.0
2506.0,11.0,0.725953
2506.0,12.0,0.668159
2506.0,13.0,0.509416
2506.0,14.0,0.60093
2506.0,15.0,0.350881
2506.0,16.0,0.0
2506.0,17.0,0.721817
2506.0,18.0,0.698954
2506.0,19.0,0.839234
2506.0,20.0,0.641968
2506.0,21.0,0.794268
2506.0,22.0,0.418564
2506.0,23.0,1.0
2506.0,24.0,0.684854
2506.0,25.0,0.343351
2506.0,26.0,0.617785
2506.0,27.0,0.418155
2506.0,28.0,0.468511
2506.0,29.0,1.0
2506.0,30.0,0.268207
2506.0,31.0,0.628352
2506.0,32.0,0.0
2506.0,33.0,0.471865
2506.0,34.0,0.723937
2506.0,35.0,0.998638
2506.0,36.0,0.346791
2506.0,37.0,0.334016
2506.0,38.0,1.0
2506.0,39.0,1.0
2506.0,40.0,0.294587
2506.0,41.0,0.954881
2506.0,42.0,0.594521
2506.0,43.0,0.74691
2506.0,44.0,0.0
2506.0,45.0,0.670289
2506.0,46.0,0.201219
2506.0,47.0,1.0
2506.0,48.0,0.865673
2506.0,49.0,1.0
2506.0,50.0,0.083718
2506.0,51.0,0.673599
2506.0,52.0,1.0
2506.0,53.0,0.287837
2506.0,54.0,0.378558
2506.0,55.0,0.504139
2506.0,56.0,0.608406
2506.0,57.0,0.776122
2506.0,58.0,0.33365
2506.0,59.0,0.429055
2506.0,60.0,1.0
2506.0,61.0,0.350253
2506.0,62.0,0.0
2506.0,63.0,0.001521
2506.0,64.0,0.090441
2506.0,65.0,0.564505
2506.0,66.0,0.003734
2506.0,67.0,0.40023
2506.0,68.0,0.330841
2506.0,69.0,0.484781
2506.0,70.0,0.630135
2506.0,71.0,0.78668
2506.0,72.0,0.049824
2506.0,73.0,0.000342
2506.0,74.0,0.521453
2506.0,75.0,0.654089
2506.0,76.0,0.025486
2506.0,77.0,0.002369
2506.0,78.0,0.066037
2506.0,79.0,0.432571
2506.0,80.0,1.0
2506.0,81.0,0.560695
2506.0,82.0,0.283066
2506.0,83.0,0.817437
2506.0,84.0,0.245877
2506.0,85.0,0.022929
2506.0,86.0,0.26585
2506.0,87.0,0.27709
2506.0,88.0,0.454498
2506.0,89.0,0.604003
2506.0,90.0,0.423499
2506.0,91.0,0.607341
2506.0,92.0,0.630158
2506.0,93.0,0.608354
2506.0,94.0,1.0
2506.0,95.0,0.674668
2506.0,96.0,0.446807
2506.0,97.0,0.739262
2506.0,98.0,0.527855
2506.0,99.0,0.796191
2506.0,100.0,0.999173
2506.0,101.0,0.180187
2506.0,102.0,0.531176
2506.0,103.0,0.20192
2506.0,104.0,0.0
2506.0,105.0,0.081721
2506.0,106.0,0.471855
2506.0,107.0,0.514842
2506.0,108.0,0.769655
2506.0,109.0,1.0
2506.0,110.0,1.0
2506.0,111.0,0.623691
2506.0,112.0,0.559561
2506.0,113.0,0.238352
2506.0,114.0,0.52869
2506.0,115.0,0.273757
2506.0,116.0,0.788529
2506.0,117.0,0.368177
2506.0,118.0,0.034332
2506.0,119.0,0.999585
2506.0,120.0,0.309567
2506.0,121.0,0.592105
2506.0,122.0,0.999606
2506.0,123.0,0.464083
2506.0,124.0,0.003401
2506.0,125.0,0.745801
2506.0,126.0,0.837109
2506.0,127.0,0.409931
2506.0,128.0,0.515027
2506.0,129.0,0.396418
2506.0,130.0,0.772497
2506.0,131.0,0.154019
2506.0,132.0,0.548589
2506.0,133.0,0.347078
2506.0,134.0,0.101217
2506.0,135.0,0.0
2506.0,136.0,0.954882
2506.0,137.0,0.433398
2506.0,138.0,0.345436
2506.0,139.0,0.442219
2506.0,140.0,0.0
2506.0,141.0,0.911555
2506.0,142.0,0.00991
2506.0,143.0,0.0
2506.0,144.0,0.429822
2506.0,145.0,0.766445
2506.0,146.0,0.804601
2506.0,147.0,0.992655
2507.0,0.0,0.335579
2507.0,1.0,0.59994
2507.0,2.0,0.608549
2507.0,3.0,0.755989
2507.0,4.0,0.224994
2507.0,5.0,0.532803
2507.0,6.0,0.523606
2507.0,7.0,0.683104
2507.0,8.0,0.061817
2507.0,9.0,0.148179
2507.0,10.0,1.0
2507.0,11.0,0.722802
2507.0,12.0,0.668832
2507.0,13.0,0.501514
2507.0,14.0,0.587479
2507.0,15.0,0.343625
2507.0,16.0,0.0
2507.0,17.0,0.712161
2507.0,18.0,0.69007
2507.0,19.0,0.836948
2507.0,20.0,0.628229
2507.0,21.0,0.788645
2507.0,22.0,0.407932
2507.0,23.0,1.0
2507.0,24.0,0.681574
2507.0,25.0,0.330587
2507.0,26.0,0.608324
2507.0,27.0,0.397424
2507.0,28.0,0.466274
2507.0,29.0,1.0
2507.0,30.0,0.266481
2507.0,31.0,0.593139
2507.0,32.0,0.0
2507.0,33.0,0.459922
2507.0,34.0,0.722278
2507.0,35.0,0.998402
2507.0,36.0,0.342285
2507.0,37.0,0.332497
2507.0,38.0,1.0
2507.0,39.0,1.0
2507.0,40.0,0.288181
2507.0,41.0,0.949348
2507.0,42.0,0.587849
2507.0,43.0,0.736218
2507.0,44.0,0.0
2507.0,45.0,0.66539
2507.0,46.0,0.193635
2507.0,47.0,1.0
2507.0,48.0,0.863923
2507.0,49.0,1.0
2507.0,50.0,0.078155
2507.0,51.0,0.66645
2507.0,52.0,1.0
2507.0,53.0,0.267338
2507.0,54.0,0.374925
2507.0,55.0,0.486483
2507.0,56.0,0.600891
2507.0,57.0,0.760475
2507.0,58.0,0.323525
2507.0,59.0,0.424445
2507.0,60.0,1.0
2507.0,61.0,0.345784
2507.0,62.0,0.0
2507.0,63.0,0.001465
2507.0,64.0,0.08773
2507.0,65.0,0.560616
2507.0,66.0,0.003753
2507.0,67.0,0.37225
2507.0,68.0,0.318136
2507.0,69.0,0.479685
2507.0,70.0,0.618181
2507.0,71.0,0.782363
2507.0,72.0,0.048575
2507.0,73.0,0.000306
2507.0,74.0,0.51527
2507.0,75.0,0.599324
2507.0,76.0,0.025015
2507.0,77.0,0.002298
2507.0,78.0,0.065088
2507.0,79.0,0.43099
2507.0,80.0,1.0
2507.0,81.0,0.557702
2507.0,82.0,0.279533
2507.0,83.0,0.815984
2507.0,84.0,0.24204
2507.0,85.0,0.022244
2507.0,86.0,0.253682
2507.0,87.0,0.221817
2507.0,88.0,0.451471
2507.0,89.0,0.5519
2507.0,90.0,0.377569
2507.0,91.0,0.60148
2507.0,92.0,0.6278
2507.0,93.0,0.593112
2507.0,94.0,1.0
2507.0,95.0,0.672462
2507.0,96.0,0.434586
2507.0,97.0,0.732733
2507.0,98.0,0.524565
2507.0,99.0,0.794196
2507.0,100.0,0.999122
2507.0,101.0,0.18094
2507.0,102.0,0.515335
2507.0,103.0,0.201308
2507.0,104.0,0.0
2507.0,105.0,0.080357
2507.0,106.0,0.444007
2507.0,107.0,0.496966
2507.0,108.0,0.766093
2507.0,109.0,1.0
2507.0,110.0,1.0
2507.0,111.0,0.617115
2507.0,112.0,0.518308
2507.0,113.0,0.232717
2507.0,114.0,0.520603
2507.0,115.0,0.260425
2507.0,116.0,0.785648
2507.0,117.0,0.365716
2507.0,118.0,0.030672
2507.0,119.0,0.99957
2507.0,120.0,0.293954
2507.0,121.0,0.589454
2507.0,122.0,0.999582
2507.0,123.0,0.458007
2507.0,124.0,0.003288
2507.0,125.0,0.736892
2507.0,126.0,0.834871
2507.0,127.0,0.40368
2507.0,128.0,0.511582
2507.0,129.0,0.371277
2507.0,130.0,0.720177
2507.0,131.0,0.152735
2507.0,132.0,0.527549
2507.0,133.0,0.343429
2507.0,134.0,0.09954
2507.0,135.0,0.0
2507.0,136.0,0.949514
2507.0,137.0,0.430278
2507.0,138.0,0.319535
2507.0,139.0,0.428576
2507.0,140.0,0.0
2507.0,141.0,0.907698
2507.0,142.0,0.0097
2507.0,143.0,0.0
2507.0,144.0,0.397318
2507.0,145.0,0.764779
2507.0,146.0,0.803147
2507.0,147.0,0.992651
2508.0,0.0,0.328277
2508.0,1.0,0.594566
2508.0,2.0,0.579668
2508.0,3.0,0.754162
2508.0,4.0,0.219149
2508.0,5.0,0.51884
2508.0,6.0,0.521142
2508.0,7.0,0.663394
2508.0,8.0,0.062127
2508.0,9.0,0.134851
2508.0,10.0,1.0
2508.0,11.0,0.718755
2508.0,12.0,0.669327
2508.0,13.0,0.493482
2508.0,14.0,0.574603
2508.0,15.0,0.33659
2508.0,16.0,0.0
2508.0,17.0,0.702325
2508.0,18.0,0.680439
2508.0,19.0,0.833313
2508.0,20.0,0.61502
2508.0,21.0,0.781456
2508.0,22.0,0.397059
2508.0,23.0,1.0
2508.0,24.0,0.678505
2508.0,25.0,0.319325
2508.0,26.0,0.600526
2508.0,27.0,0.376001
2508.0,28.0,0.463333
2508.0,29.0,1.0
2508.0,30.0,0.265672
2508.0,31.0,0.558801
2508.0,32.0,0.0
2508.0,33.0,0.448535
2508.0,34.0,0.72126
2508.0,35.0,0.997982
2508.0,36.0,0.338651
2508.0,37.0,0.331466
2508.0,38.0,1.0
2508.0,39.0,1.0
2508.0,40.0,0.282912
2508.0,41.0,0.943044
2508.0,42.0,0.581063
2508.0,43.0,0.725323
2508.0,44.0,0.0
2508.0,45.0,0.660172
2508.0,46.0,0.186342
2508.0,47.0,1.0
2508.0,48.0,0.86164
2508.0,49.0,1.0
2508.0,50.0,0.072777
2508.0,51.0,0.658726
2508.0,52.0,1.0
2508.0,53.0,0.248273
2508.0,54.0,0.37006
2508.0,55.0,0.471413
2508.0,56.0,0.593182
2508.0,57.0,0.745011
2508.0,58.0,0.312906
2508.0,59.0,0.418504
2508.0,60.0,1.0
2508.0,61.0,0.341679
2508.0,62.0,0.0
2508.0,63.0,0.001438
2508.0,64.0,0.085817
2508.0,65.0,0.557258
2508.0,66.0,0.003688
2508.0,67.0,0.347201
2508.0,68.0,0.305426
2508.0,69.0,0.473415
2508.0,70.0,0.60672
2508.0,71.0,0.778222
2508.0,72.0,0.047806
2508.0,73.0,0.000301
2508.0,74.0,0.509706
2508.0,75.0,0.546559
2508.0,76.0,0.024437
2508.0,77.0,0.002274
2508.0,78.0,0.063882
2508.0,79.0,0.428542
2508.0,80.0,1.0
2508.0,81.0,0.554956
2508.0,82.0,0.275845
2508.0,83.0,0.815137
2508.0,84.0,0.237658
2508.0,85.0,0.021776
2508.0,86.0,0.242674
2508.0,87.0,0.178087
2508.0,88.0,0.448672
2508.0,89.0,0.501105
2508.0,90.0,0.338157
2508.0,91.0,0.595191
2508.0,92.0,0.626707
2508.0,93.0,0.579829
2508.0,94.0,1.0
2508.0,95.0,0.67098
2508.0,96.0,0.421065
2508.0,97.0,0.725857
2508.0,98.0,0.520944
2508.0,99.0,0.792524
2508.0,100.0,0.999059
2508.0,101.0,0.180004
2508.0,102.0,0.500607
2508.0,103.0,0.200943
2508.0,104.0,0.0
2508.0,105.0,0.079857
2508.0,106.0,0.417121
2508.0,107.0,0.479066
2508.0,108.0,0.762671
2508.0,109.0,1.0
2508.0,110.0,1.0
2508.0,111.0,0.610402
2508.0,112.0,0.480439
2508.0,113.0,0.226517
2508.0,114.0,0.511676
2508.0,115.0,0.247544
2508.0,116.0,0.783418
2508.0,117.0,0.363365
2508.0,118.0,0.026994
2508.0,119.0,0.999503
2508.0,120.0,0.278845
2508.0,121.0,0.58725
2508.0,122.0,0.999593
2508.0,123.0,0.452382
2508.0,124.0,0.003261
2508.0,125.0,0.72769
2508.0,126.0,0.832688
2508.0,127.0,0.397489
2508.0,128.0,0.508553
2508.0,129.0,0.347585
2508.0,130.0,0.667998
2508.0,131.0,0.15211
2508.0,132.0,0.506097
2508.0,133.0,0.341255
2508.0,134.0,0.096948
2508.0,135.0,0.0
2508.0,136.0,0.942832
2508.0,137.0,0.427084
2508.0,138.0,0.296762
2508.0,139.0,0.415395
2508.0,140.0,0.0
2508.0,141.0,0.903085
2508.0,142.0,0.009538
2508.0,143.0,0.0
2508.0,144.0,0.36968
2508.0,145.0,0.762786
2508.0,146.0,0.80067
2508.0,147.0,0.992658
2509.0,0.0,0.321725
2509.0,1.0,0.589408
2509.0,2.0,0.553578
2509.0,3.0,0.751708
2509.0,4.0,0.212976
2509.0,5.0,0.504591
2509.0,6.0,0.518998
2509.0,7.0,0.645113
2509.0,8.0,0.062076
2509.0,9.0,0.123378
2509.0,10.0,1.0
2509.0,11.0,0.716156
2509.0,12.0,0.669282
2509.0,13.0,0.485422
2509.0,14.0,0.563434
2509.0,15.0,0.329364
2509.0,16.0,0.0
2509.0,17.0,0.691744
2509.0,18.0,0.671211
2509.0,19.0,0.830929
2509.0,20.0,0.602916
2509.0,21.0,0.774205
2509.0,22.0,0.387295
2509.0,23.0,1.0
2509.0,24.0,0.676173
2509.0,25.0,0.307701
2509.0,26.0,0.592057
2509.0,27.0,0.355733
2509.0,28.0,0.461297
2509.0,29.0,1.0
2509.0,30.0,0.264764
2509.0,31.0,0.525274
2509.0,32.0,0.0
2509.0,33.0,0.437425
2509.0,34.0,0.719899
2509.0,35.0,0.997476
2509.0,36.0,0.334823
2509.0,37.0,0.330621
2509.0,38.0,1.0
2509.0,39.0,1.0
2509.0,40.0,0.276814
2509.0,41.0,0.936558
2509.0,42.0,0.573643
2509.0,43.0,0.714581
2509.0,44.0,0.0
2509.0,45.0,0.654356
2509.0,46.0,0.179577
2509.0,47.0,1.0
2509.0,48.0,0.859191
2509.0,49.0,1.0
2509.0,50.0,0.067633
2509.0,51.0,0.652264
2509.0,52.0,1.0
2509.0,53.0,0.232059
2509.0,54.0,0.364157
2509.0,55.0,0.455865
2509.0,56.0,0.586002
2509.0,57.0,0.728021
2509.0,58.0,0.30264
2509.0,59.0,0.413337
2509.0,60.0,1.0
2509.0,61.0,0.337886
2509.0,62.0,0.0
2509.0,63.0,0.0014
2509.0,64.0,0.083417
2509.0,65.0,0.553056
2509.0,66.0,0.003571
2509.0,67.0,0.322951
2509.0,68.0,0.293318
2509.0,69.0,0.467452
2509.0,70.0,0.595594
2509.0,71.0,0.773936
2509.0,72.0,0.046695
2509.0,73.0,0.000319
2509.0,74.0,0.503731
2509.0,75.0,0.497435
2509.0,76.0,0.02414
2509.0,77.0,0.002201
2509.0,78.0,0.062896
2509.0,79.0,0.426746
2509.0,80.0,1.0
2509.0,81.0,0.551016
2509.0,82.0,0.272824
2509.0,83.0,0.814563
2509.0,84.0,0.234202
2509.0,85.0,0.021506
2509.0,86.0,0.231236
2509.0,87.0,0.144738
2509.0,88.0,0.445606
2509.0,89.0,0.453183
2509.0,90.0,0.305067
2509.0,91.0,0.589292
2509.0,92.0,0.625117
2509.0,93.0,0.565659
2509.0,94.0,1.0
2509.0,95.0,0.668806
2509.0,96.0,0.408406
2509.0,97.0,0.71882
2509.0,98.0,0.516902
2509.0,99.0,0.790697
2509.0,100.0,0.999032
2509.0,101.0,0.178065
2509.0,102.0,0.487085
2509.0,103.0,0.200309
2509.0,104.0,0.0
2509.0,105.0,0.078678
2509.0,106.0,0.393126
2509.0,107.0,0.46293
2509.0,108.0,0.759589
2509.0,109.0,1.0
2509.0,110.0,1.0
2509.0,111.0,0.604367
2509.0,112.0,0.445624
2509.0,113.0,0.221407
2509.0,114.0,0.502754
2509.0,115.0,0.23576
2509.0,116.0,0.781432
2509.0,117.0,0.360928
2509.0,118.0,0.023485
2509.0,119.0,0.999481
2509.0,120.0,0.2655
2509.0,121.0,0.584257
2509.0,122.0,0.999618
2509.0,123.0,0.448572
2509.0,124.0,0.003152
2509.0,125.0,0.719289
2509.0,126.0,0.830936
2509.0,127.0,0.391727
2509.0,128.0,0.504975
2509.0,129.0,0.325607
2509.0,130.0,0.616936
2509.0,131.0,0.150789
2509.0,132.0,0.486844
2509.0,133.0,0.339385
2509.0,134.0,0.094968
2509.0,135.0,0.0
2509.0,136.0,0.935908
2509.0,137.0,0.424495
2509.0,138.0,0.277011
2509.0,139.0,0.403055
2509.0,140.0,0.0
2509.0,141.0,0.898666
2509.0,142.0,0.009478
2509.0,143.0,0.0
2509.0,144.0,0.345431
2509.0,145.0,0.760905
2509.0,146.0,0.799448
2509.0,147.0,0.9927
2510.0,0.0,0.315881
2510.0,1.0,0.584759
2510.0,2.0,0.52859
2510.0,3.0,0.749514
2510.0,4.0,0.206776
2510.0,5.0,0.490751
2510.0,6.0,0.518171
2510.0,7.0,0.625766
2510.0,8.0,0.061975
2510.0,9.0,0.112314
2510.0,10.0,1.0
2510.0,11.0,0.711651
2510.0,12.0,0.668467
2510.0,13.0,0.47848
2510.0,14.0,0.552132
2510.0,15.0,0.322906
2510.0,16.0,0.0
2510.0,17.0,0.681422
2510.0,18.0,0.662119
2510.0,19.0,0.828315
2510.0,20.0,0.589285
2510.0,21.0,0.766738
2510.0,22.0,0.37711
2510.0,23.0,1.0
2510.0,24.0,0.672799
2510.0,25.0,0.297012
2510.0,26.0,0.583987
2510.0,27.0,0.338341
2510.0,28.0,0.45894
2510.0,29.0,1.0
2510.0,30.0,0.262713
2510.0,31.0,0.493087
2510.0,32.0,0.0
2510.0,33.0,0.427843
2510.0,34.0,0.719144
2510.0,35.0,0.99689
2510.0,36.0,0.329735
2510.0,37.0,0.329626
2510.0,38.0,1.0
2510.0,39.0,1.0
2510.0,40.0,0.271051
2510.0,41.0,0.928961
2510.0,42.0,0.567687
2510.0,43.0,0.703996
2510.0,44.0,0.0
2510.0,45.0,0.649314
2510.0,46.0,0.172747
2510.0,47.0,1.0
2510.0,48.0,0.857303
2510.0,49.0,1.0
2510.0,50.0,0.062889
2510.0,51.0,0.646336
2510.0,52.0,1.0
2510.0,53.0,0.216564
2510.0,54.0,0.357642
2510.0,55.0,0.441547
2510.0,56.0,0.578715
2510.0,57.0,0.710586
2510.0,58.0,0.29362
2510.0,59.0,0.407818
2510.0,60.0,1.0
2510.0,61.0,0.335221
2510.0,62.0,0.0
2510.0,63.0,0.001309
2510.0,64.0,0.080949
2510.0,65.0,0.549073
2510.0,66.0,0.003604
2510.0,67.0,0.301611
2510.0,68.0,0.282442
2510.0,69.0,0.461747
2510.0,70.0,0.58409
2510.0,71.0,0.771005
2510.0,72.0,0.045523
2510.0,73.0,0.000286
2510.0,74.0,0.497681
2510.0,75.0,0.453856
2510.0,76.0,0.023531
2510.0,77.0,0.002108
2510.0,78.0,0.061937
2510.0,79.0,0.424264
2510.0,80.0,1.0
2510.0,81.0,0.547074
2510.0,82.0,0.269813
2510.0,83.0,0.813678
2510.0,84.0,0.230422
2510.0,85.0,0.020721
2510.0,86.0,0.22079
2510.0,87.0,0.117368
2510.0,88.0,0.441575
2510.0,89.0,0.408305
2510.0,90.0,0.277126
2510.0,91.0,0.583638
2510.0,92.0,0.623121
2510.0,93.0,0.551838
2510.0,94.0,1.0
2510.0,95.0,0.66612
2510.0,96.0,0.396417
2510.0,97.0,0.712413
2510.0,98.0,0.514203
2510.0,99.0,0.789218
2510.0,100.0,0.998946
2510.0,101.0,0.175697
2510.0,102.0,0.473455
2510.0,103.0,0.199617
2510.0,104.0,0.0
2510.0,105.0,0.077696
2510.0,106.0,0.372565
2510.0,107.0,0.447049
2510.0,108.0,0.755939
2510.0,109.0,1.0
2510.0,110.0,1.0
2510.0,111.0,0.598756
2510.0,112.0,0.412593
2510.0,113.0,0.215987
2510.0,114.0,0.494342
2510.0,115.0,0.224521
2510.0,116.0,0.779476
2510.0,117.0,0.359115
2510.0,118.0,0.020889
2510.0,119.0,0.999441
2510.0,120.0,0.253412
2510.0,121.0,0.581215
2510.0,122.0,0.99958
2510.0,123.0,0.44326
2510.0,124.0,0.003145
2510.0,125.0,0.710364
2510.0,126.0,0.828136
2510.0,127.0,0.385296
2510.0,128.0,0.501186
2510.0,129.0,0.305261
2510.0,130.0,0.567493
2510.0,131.0,0.150085
2510.0,132.0,0.466867
2510.0,133.0,0.336577
2510.0,134.0,0.092645
2510.0,135.0,0.0
2510.0,136.0,0.928513
2510.0,137.0,0.422793
2510.0,138.0,0.260003
2510.0,139.0,0.390738
2510.0,140.0,0.0
2510.0,141.0,0.893821
2510.0,142.0,0.009292
2510.0,143.0,0.0
2510.0,144.0,0.322111
2510.0,145.0,0.758595
2510.0,146.0,0.797662
2510.0,147.0,0.99255
