FREQUENCIES 
Gen,mut_id,mut_freq
1.0,0.0,0.5
1.0,1.0,0.5
1.0,2.0,0.5
1.0,3.0,0.5
1.0,4.0,0.5
1.0,5.0,0.5
1.0,6.0,0.5
1.0,7.0,0.5
1.0,8.0,0.5
1.0,9.0,0.5
1.0,10.0,0.5
1.0,11.0,0.5
1.0,12.0,0.5
1.0,13.0,0.5
1.0,14.0,0.5
1.0,15.0,0.5
1.0,16.0,0.5
1.0,17.0,0.5
1.0,18.0,0.5
1.0,19.0,0.5
1.0,20.0,0.5
1.0,21.0,0.5
1.0,22.0,0.5
1.0,23.0,0.5
1.0,24.0,0.5
1.0,25.0,0.5
1.0,26.0,0.5
1.0,27.0,0.5
1.0,28.0,0.5
1.0,29.0,0.5
1.0,30.0,0.5
1.0,31.0,0.5
1.0,32.0,0.5
1.0,33.0,0.5
1.0,34.0,0.5
1.0,35.0,0.5
1.0,36.0,0.5
1.0,37.0,0.5
1.0,38.0,0.5
1.0,39.0,0.5
1.0,40.0,0.5
1.0,41.0,0.5
1.0,42.0,0.5
1.0,43.0,0.5
1.0,44.0,0.5
1.0,45.0,0.5
1.0,46.0,0.5
1.0,47.0,0.5
1.0,48.0,0.5
1.0,49.0,0.5
1.0,50.0,0.5
1.0,51.0,0.5
1.0,52.0,0.5
1.0,53.0,0.5
1.0,54.0,0.5
1.0,55.0,0.5
1.0,56.0,0.5
1.0,57.0,0.5
1.0,58.0,0.5
1.0,59.0,0.5
1.0,60.0,0.5
1.0,61.0,0.5
1.0,62.0,0.5
1.0,63.0,0.5
1.0,64.0,0.5
1.0,65.0,0.5
1.0,66.0,0.5
1.0,67.0,0.5
1.0,68.0,0.5
1.0,69.0,0.5
1.0,70.0,0.5
1.0,71.0,0.5
1.0,72.0,0.5
1.0,73.0,0.5
1.0,74.0,0.5
1.0,75.0,0.5
1.0,76.0,0.5
1.0,77.0,0.5
1.0,78.0,0.5
1.0,79.0,0.5
1.0,80.0,0.5
1.0,81.0,0.5
1.0,82.0,0.5
1.0,83.0,0.5
1.0,84.0,0.5
1.0,85.0,0.5
1.0,86.0,0.5
1.0,87.0,0.5
1.0,88.0,0.5
1.0,89.0,0.5
1.0,90.0,0.5
1.0,91.0,0.5
1.0,92.0,0.5
1.0,93.0,0.5
1.0,94.0,0.5
1.0,95.0,0.5
1.0,96.0,0.5
1.0,97.0,0.5
1.0,98.0,0.5
1.0,99.0,0.5
1.0,100.0,0.5
1.0,101.0,0.5
1.0,102.0,0.5
1.0,103.0,0.5
1.0,104.0,0.5
1.0,105.0,0.5
1.0,106.0,0.5
1.0,107.0,0.5
1.0,108.0,0.5
1.0,109.0,0.5
1.0,110.0,0.5
1.0,111.0,0.5
1.0,112.0,0.5
1.0,113.0,0.5
1.0,114.0,0.5
1.0,115.0,0.5
1.0,116.0,0.5
1.0,117.0,0.5
1.0,118.0,0.5
1.0,119.0,0.5
1.0,120.0,0.5
1.0,121.0,0.5
1.0,122.0,0.5
1.0,123.0,0.5
1.0,124.0,0.5
1.0,125.0,0.5
1.0,126.0,0.5
1.0,127.0,0.5
1.0,128.0,0.5
1.0,129.0,0.5
1.0,130.0,0.5
1.0,131.0,0.5
1.0,132.0,0.5
1.0,133.0,0.5
1.0,134.0,0.5
1.0,135.0,0.5
1.0,136.0,0.5
1.0,137.0,0.5
1.0,138.0,0.5
1.0,139.0,0.5
1.0,140.0,0.5
1.0,141.0,0.5
1.0,142.0,0.5
1.0,143.0,0.5
1.0,144.0,0.5
1.0,145.0,0.5
1.0,146.0,0.5
1.0,147.0,0.5
2500.0,0.0,0.505246
2500.0,1.0,0.624896
2500.0,2.0,0.298742
2500.0,3.0,0.49539
2500.0,4.0,0.592976
2500.0,5.0,0.214857
2500.0,6.0,0.445032
2500.0,7.0,0.925115
2500.0,8.0,1.0
2500.0,9.0,0.269695
2500.0,10.0,0.24202
2500.0,11.0,0.492941
2500.0,12.0,0.0
2500.0,13.0,0.236206
2500.0,14.0,0.750622
2500.0,15.0,1.0
2500.0,16.0,0.53433
2500.0,17.0,0.030217
2500.0,18.0,1.0
2500.0,19.0,0.414108
2500.0,20.0,0.311365
2500.0,21.0,0.669857
2500.0,22.0,0.0
2500.0,23.0,0.989057
2500.0,24.0,0.85163
2500.0,25.0,0.140258
2500.0,26.0,0.327863
2500.0,27.0,0.0
2500.0,28.0,0.667379
2500.0,29.0,0.145341
2500.0,30.0,0.095854
2500.0,31.0,0.686675
2500.0,32.0,0.028914
2500.0,33.0,0.047532
2500.0,34.0,0.43075
2500.0,35.0,0.282241
2500.0,36.0,0.858232
2500.0,37.0,0.41261
2500.0,38.0,1.0
2500.0,39.0,0.668195
2500.0,40.0,0.559168
2500.0,41.0,0.691365
2500.0,42.0,0.925793
2500.0,43.0,0.080551
2500.0,44.0,1.0
2500.0,45.0,0.552135
2500.0,46.0,0.467136
2500.0,47.0,0.927383
2500.0,48.0,0.339704
2500.0,49.0,0.947071
2500.0,50.0,0.167145
2500.0,51.0,0.357902
2500.0,52.0,0.143698
2500.0,53.0,0.029111
2500.0,54.0,0.621997
2500.0,55.0,0.282434
2500.0,56.0,0.52047
2500.0,57.0,0.703075
2500.0,58.0,0.123685
2500.0,59.0,0.450362
2500.0,60.0,0.573801
2500.0,61.0,1.0
2500.0,62.0,0.386343
2500.0,63.0,0.0
2500.0,64.0,0.07171
2500.0,65.0,0.59483
2500.0,66.0,0.826393
2500.0,67.0,0.069842
2500.0,68.0,0.586225
2500.0,69.0,0.226962
2500.0,70.0,0.009279
2500.0,71.0,0.528681
2500.0,72.0,0.000484
2500.0,73.0,0.0
2500.0,74.0,0.0
2500.0,75.0,0.0
2500.0,76.0,0.519622
2500.0,77.0,0.279868
2500.0,78.0,0.490261
2500.0,79.0,0.999446
2500.0,80.0,0.319711
2500.0,81.0,0.746042
2500.0,82.0,0.036147
2500.0,83.0,0.0
2500.0,84.0,0.951029
2500.0,85.0,0.40496
2500.0,86.0,0.631379
2500.0,87.0,0.318857
2500.0,88.0,0.0
2500.0,89.0,0.0
2500.0,90.0,0.525749
2500.0,91.0,0.065634
2500.0,92.0,0.002694
2500.0,93.0,0.31119
2500.0,94.0,0.409437
2500.0,95.0,0.473323
2500.0,96.0,0.411279
2500.0,97.0,0.475242
2500.0,98.0,1.0
2500.0,99.0,0.415509
2500.0,100.0,0.443664
2500.0,101.0,0.374776
2500.0,102.0,1.0
2500.0,103.0,1.0
2500.0,104.0,0.004118
2500.0,105.0,0.29643
2500.0,106.0,1.0
2500.0,107.0,0.935579
2500.0,108.0,0.074458
2500.0,109.0,0.085069
2500.0,110.0,0.485138
2500.0,111.0,0.487796
2500.0,112.0,0.52648
2500.0,113.0,0.522776
2500.0,114.0,0.450702
2500.0,115.0,0.652844
2500.0,116.0,0.780123
2500.0,117.0,0.111164
2500.0,118.0,0.53431
2500.0,119.0,1.0
2500.0,120.0,0.453528
2500.0,121.0,1.0
2500.0,122.0,0.557049
2500.0,123.0,0.220156
2500.0,124.0,0.0
2500.0,125.0,1.0
2500.0,126.0,0.612219
2500.0,127.0,0.149599
2500.0,128.0,0.511073
2500.0,129.0,0.570261
2500.0,130.0,0.811166
2500.0,131.0,0.450611
2500.0,132.0,0.999547
2500.0,133.0,0.818061
2500.0,134.0,0.706347
2500.0,135.0,0.0
2500.0,136.0,1.0
2500.0,137.0,0.411831
2500.0,138.0,0.689677
2500.0,139.0,0.1288
2500.0,140.0,0.0
2500.0,141.0,0.136525
2500.0,142.0,0.107408
2500.0,143.0,0.410474
2500.0,144.0,0.615183
2500.0,145.0,0.415411
2500.0,146.0,0.877106
2500.0,147.0,0.864161
2501.0,0.0,0.514915
2501.0,1.0,0.633864
2501.0,2.0,0.310844
2501.0,3.0,0.499198
2501.0,4.0,0.600359
2501.0,5.0,0.220084
2501.0,6.0,0.447191
2501.0,7.0,0.936651
2501.0,8.0,1.0
2501.0,9.0,0.271009
2501.0,10.0,0.261992
2501.0,11.0,0.505178
2501.0,12.0,0.0
2501.0,13.0,0.239385
2501.0,14.0,0.754723
2501.0,15.0,1.0
2501.0,16.0,0.555924
2501.0,17.0,0.03142
2501.0,18.0,1.0
2501.0,19.0,0.41515
2501.0,20.0,0.312867
2501.0,21.0,0.677801
2501.0,22.0,0.0
2501.0,23.0,0.989451
2501.0,24.0,0.854687
2501.0,25.0,0.143633
2501.0,26.0,0.333567
2501.0,27.0,0.0
2501.0,28.0,0.668246
2501.0,29.0,0.157671
2501.0,30.0,0.097161
2501.0,31.0,0.687938
2501.0,32.0,0.034714
2501.0,33.0,0.047783
2501.0,34.0,0.434571
2501.0,35.0,0.361005
2501.0,36.0,0.853273
2501.0,37.0,0.429972
2501.0,38.0,1.0
2501.0,39.0,0.691455
2501.0,40.0,0.567865
2501.0,41.0,0.693461
2501.0,42.0,0.928153
2501.0,43.0,0.082953
2501.0,44.0,1.0
2501.0,45.0,0.558202
2501.0,46.0,0.472002
2501.0,47.0,0.927704
2501.0,48.0,0.341483
2501.0,49.0,0.947755
2501.0,50.0,0.168486
2501.0,51.0,0.366397
2501.0,52.0,0.151301
2501.0,53.0,0.029599
2501.0,54.0,0.653009
2501.0,55.0,0.292382
2501.0,56.0,0.529141
2501.0,57.0,0.703543
2501.0,58.0,0.125268
2501.0,59.0,0.454322
2501.0,60.0,0.580185
2501.0,61.0,1.0
2501.0,62.0,0.391077
2501.0,63.0,0.0
2501.0,64.0,0.073589
2501.0,65.0,0.596282
2501.0,66.0,0.825735
2501.0,67.0,0.070627
2501.0,68.0,0.599043
2501.0,69.0,0.23389
2501.0,70.0,0.009545
2501.0,71.0,0.540088
2501.0,72.0,0.000516
2501.0,73.0,0.0
2501.0,74.0,0.0
2501.0,75.0,0.0
2501.0,76.0,0.521553
2501.0,77.0,0.283299
2501.0,78.0,0.500298
2501.0,79.0,0.999457
2501.0,80.0,0.322334
2501.0,81.0,0.7557
2501.0,82.0,0.039414
2501.0,83.0,0.0
2501.0,84.0,0.951474
2501.0,85.0,0.450238
2501.0,86.0,0.651846
2501.0,87.0,0.351303
2501.0,88.0,0.0
2501.0,89.0,0.0
2501.0,90.0,0.55492
2501.0,91.0,0.068224
2501.0,92.0,0.002849
2501.0,93.0,0.385691
2501.0,94.0,0.423334
2501.0,95.0,0.478185
2501.0,96.0,0.417335
2501.0,97.0,0.488363
2501.0,98.0,1.0
2501.0,99.0,0.440817
2501.0,100.0,0.444325
2501.0,101.0,0.381364
2501.0,102.0,1.0
2501.0,103.0,1.0
2501.0,104.0,0.00428
2501.0,105.0,0.297385
2501.0,106.0,1.0
2501.0,107.0,0.935696
2501.0,108.0,0.077963
2501.0,109.0,0.088204
2501.0,110.0,0.553881
2501.0,111.0,0.492454
2501.0,112.0,0.556579
2501.0,113.0,0.555942
2501.0,114.0,0.471417
2501.0,115.0,0.655683
2501.0,116.0,0.78706
2501.0,117.0,0.128577
2501.0,118.0,0.570719
2501.0,119.0,1.0
2501.0,120.0,0.454705
2501.0,121.0,1.0
2501.0,122.0,0.558383
2501.0,123.0,0.224634
2501.0,124.0,0.0
2501.0,125.0,1.0
2501.0,126.0,0.620012
2501.0,127.0,0.15168
2501.0,128.0,0.545153
2501.0,129.0,0.585608
2501.0,130.0,0.814022
2501.0,131.0,0.45287
2501.0,132.0,0.999488
2501.0,133.0,0.823325
2501.0,134.0,0.71233
2501.0,135.0,0.0
2501.0,136.0,1.0
2501.0,137.0,0.436506
2501.0,138.0,0.69418
2501.0,139.0,0.131576
2501.0,140.0,0.0
2501.0,141.0,0.143126
2501.0,142.0,0.112911
2501.0,143.0,0.413374
2501.0,144.0,0.619395
2501.0,145.0,0.448848
2501.0,146.0,0.880447
2501.0,147.0,0.866145
2502.0,0.0,0.524065
2502.0,1.0,0.641296
2502.0,2.0,0.322319
2502.0,3.0,0.503028
2502.0,4.0,0.607123
2502.0,5.0,0.224711
2502.0,6.0,0.449215
2502.0,7.0,0.945868
2502.0,8.0,1.0
2502.0,9.0,0.271451
2502.0,10.0,0.283543
2502.0,11.0,0.517583
2502.0,12.0,0.0
2502.0,13.0,0.242463
2502.0,14.0,0.758625
2502.0,15.0,1.0
2502.0,16.0,0.57471
2502.0,17.0,0.032172
2502.0,18.0,1.0
2502.0,19.0,0.414563
2502.0,20.0,0.314869
2502.0,21.0,0.684665
2502.0,22.0,0.0
2502.0,23.0,0.989858
2502.0,24.0,0.858268
2502.0,25.0,0.147635
2502.0,26.0,0.338009
2502.0,27.0,0.0
2502.0,28.0,0.669507
2502.0,29.0,0.169256
2502.0,30.0,0.097851
2502.0,31.0,0.689334
2502.0,32.0,0.041528
2502.0,33.0,0.048002
2502.0,34.0,0.439458
2502.0,35.0,0.437569
2502.0,36.0,0.849028
2502.0,37.0,0.446226
2502.0,38.0,1.0
2502.0,39.0,0.712977
2502.0,40.0,0.575133
2502.0,41.0,0.695379
2502.0,42.0,0.930381
2502.0,43.0,0.085935
2502.0,44.0,1.0
2502.0,45.0,0.563736
2502.0,46.0,0.476931
2502.0,47.0,0.927794
2502.0,48.0,0.343514
2502.0,49.0,0.948583
2502.0,50.0,0.16978
2502.0,51.0,0.374669
2502.0,52.0,0.158901
2502.0,53.0,0.029756
2502.0,54.0,0.681316
2502.0,55.0,0.302543
2502.0,56.0,0.536838
2502.0,57.0,0.704209
2502.0,58.0,0.127331
2502.0,59.0,0.45775
2502.0,60.0,0.585808
2502.0,61.0,1.0
2502.0,62.0,0.396747
2502.0,63.0,0.0
2502.0,64.0,0.075971
2502.0,65.0,0.597108
2502.0,66.0,0.825887
2502.0,67.0,0.071081
2502.0,68.0,0.611171
2502.0,69.0,0.240434
2502.0,70.0,0.010012
2502.0,71.0,0.551248
2502.0,72.0,0.000517
2502.0,73.0,0.0
2502.0,74.0,0.0
2502.0,75.0,0.0
2502.0,76.0,0.524093
2502.0,77.0,0.287154
2502.0,78.0,0.508761
2502.0,79.0,0.999499
2502.0,80.0,0.32453
2502.0,81.0,0.765483
2502.0,82.0,0.043324
2502.0,83.0,0.0
2502.0,84.0,0.951628
2502.0,85.0,0.492763
2502.0,86.0,0.67035
2502.0,87.0,0.38224
2502.0,88.0,0.0
2502.0,89.0,0.0
2502.0,90.0,0.585072
2502.0,91.0,0.07029
2502.0,92.0,0.002941
2502.0,93.0,0.45669
2502.0,94.0,0.436398
2502.0,95.0,0.48315
2502.0,96.0,0.423656
2502.0,97.0,0.501398
2502.0,98.0,1.0
2502.0,99.0,0.465661
2502.0,100.0,0.445202
2502.0,101.0,0.386432
2502.0,102.0,1.0
2502.0,103.0,1.0
2502.0,104.0,0.004325
2502.0,105.0,0.298884
2502.0,106.0,1.0
2502.0,107.0,0.935723
2502.0,108.0,0.081372
2502.0,109.0,0.091464
2502.0,110.0,0.608807
2502.0,111.0,0.496744
2502.0,112.0,0.583313
2502.0,113.0,0.588794
2502.0,114.0,0.489958
2502.0,115.0,0.659021
2502.0,116.0,0.792285
2502.0,117.0,0.147386
2502.0,118.0,0.602706
2502.0,119.0,1.0
2502.0,120.0,0.455915
2502.0,121.0,1.0
2502.0,122.0,0.560555
2502.0,123.0,0.228832
2502.0,124.0,0.0
2502.0,125.0,1.0
2502.0,126.0,0.626342
2502.0,127.0,0.153416
2502.0,128.0,0.576075
2502.0,129.0,0.59987
2502.0,130.0,0.81633
2502.0,131.0,0.455733
2502.0,132.0,0.999528
2502.0,133.0,0.8283
2502.0,134.0,0.719076
2502.0,135.0,0.0
2502.0,136.0,1.0
2502.0,137.0,0.459317
2502.0,138.0,0.698501
2502.0,139.0,0.134762
2502.0,140.0,0.0
2502.0,141.0,0.15017
2502.0,142.0,0.118578
2502.0,143.0,0.415896
2502.0,144.0,0.623513
2502.0,145.0,0.4796
2502.0,146.0,0.883347
2502.0,147.0,0.867644
2503.0,0.0,0.53217
2503.0,1.0,0.648039
2503.0,2.0,0.333851
2503.0,3.0,0.505502
2503.0,4.0,0.613699
2503.0,5.0,0.229865
2503.0,6.0,0.451006
2503.0,7.0,0.953725
2503.0,8.0,1.0
2503.0,9.0,0.272944
2503.0,10.0,0.304678
2503.0,11.0,0.529054
2503.0,12.0,0.0
2503.0,13.0,0.245895
2503.0,14.0,0.76302
2503.0,15.0,1.0
2503.0,16.0,0.592627
2503.0,17.0,0.033371
2503.0,18.0,1.0
2503.0,19.0,0.414995
2503.0,20.0,0.316445
2503.0,21.0,0.691525
2503.0,22.0,0.0
2503.0,23.0,0.990176
2503.0,24.0,0.861247
2503.0,25.0,0.151394
2503.0,26.0,0.344396
2503.0,27.0,0.0
2503.0,28.0,0.672395
2503.0,29.0,0.181115
2503.0,30.0,0.098624
2503.0,31.0,0.690855
2503.0,32.0,0.04956
2503.0,33.0,0.048043
2503.0,34.0,0.443851
2503.0,35.0,0.508265
2503.0,36.0,0.846219
2503.0,37.0,0.462269
2503.0,38.0,1.0
2503.0,39.0,0.732887
2503.0,40.0,0.582606
2503.0,41.0,0.696792
2503.0,42.0,0.932597
2503.0,43.0,0.088483
2503.0,44.0,1.0
2503.0,45.0,0.569298
2503.0,46.0,0.48132
2503.0,47.0,0.927956
2503.0,48.0,0.346231
2503.0,49.0,0.949069
2503.0,50.0,0.170362
2503.0,51.0,0.383663
2503.0,52.0,0.166727
2503.0,53.0,0.029858
2503.0,54.0,0.708311
2503.0,55.0,0.311614
2503.0,56.0,0.544491
2503.0,57.0,0.705388
2503.0,58.0,0.128895
2503.0,59.0,0.461484
2503.0,60.0,0.590961
2503.0,61.0,1.0
2503.0,62.0,0.402121
2503.0,63.0,0.0
2503.0,64.0,0.078429
2503.0,65.0,0.597846
2503.0,66.0,0.826223
2503.0,67.0,0.072209
2503.0,68.0,0.622386
2503.0,69.0,0.246563
2503.0,70.0,0.010468
2503.0,71.0,0.561191
2503.0,72.0,0.000532
2503.0,73.0,0.0
2503.0,74.0,0.0
2503.0,75.0,0.0
2503.0,76.0,0.526878
2503.0,77.0,0.290969
2503.0,78.0,0.517191
2503.0,79.0,0.99952
2503.0,80.0,0.325311
2503.0,81.0,0.774654
2503.0,82.0,0.047468
2503.0,83.0,0.0
2503.0,84.0,0.95207
2503.0,85.0,0.531025
2503.0,86.0,0.689096
2503.0,87.0,0.412993
2503.0,88.0,0.0
2503.0,89.0,0.0
2503.0,90.0,0.611319
2503.0,91.0,0.072601
2503.0,92.0,0.002938
2503.0,93.0,0.521915
2503.0,94.0,0.449735
2503.0,95.0,0.489574
2503.0,96.0,0.430005
2503.0,97.0,0.513934
2503.0,98.0,1.0
2503.0,99.0,0.489158
2503.0,100.0,0.44646
2503.0,101.0,0.392874
2503.0,102.0,1.0
2503.0,103.0,1.0
2503.0,104.0,0.004471
2503.0,105.0,0.300329
2503.0,106.0,1.0
2503.0,107.0,0.936261
2503.0,108.0,0.084016
2503.0,109.0,0.094856
2503.0,110.0,0.654323
2503.0,111.0,0.499891
2503.0,112.0,0.606797
2503.0,113.0,0.618496
2503.0,114.0,0.509298
2503.0,115.0,0.66339
2503.0,116.0,0.79722
2503.0,117.0,0.167806
2503.0,118.0,0.632172
2503.0,119.0,1.0
2503.0,120.0,0.457908
2503.0,121.0,1.0
2503.0,122.0,0.562508
2503.0,123.0,0.233007
2503.0,124.0,0.0
2503.0,125.0,1.0
2503.0,126.0,0.632812
2503.0,127.0,0.155342
2503.0,128.0,0.60452
2503.0,129.0,0.61421
2503.0,130.0,0.819354
2503.0,131.0,0.45839
2503.0,132.0,0.9995
2503.0,133.0,0.83266
2503.0,134.0,0.724543
2503.0,135.0,0.0
2503.0,136.0,1.0
2503.0,137.0,0.481439
2503.0,138.0,0.702812
2503.0,139.0,0.137217
2503.0,140.0,0.0
2503.0,141.0,0.157749
2503.0,142.0,0.124763
2503.0,143.0,0.41757
2503.0,144.0,0.629323
2503.0,145.0,0.510135
2503.0,146.0,0.88637
2503.0,147.0,0.869402
2504.0,0.0,0.539449
2504.0,1.0,0.654999
2504.0,2.0,0.344499
2504.0,3.0,0.506962
2504.0,4.0,0.619681
2504.0,5.0,0.234889
2504.0,6.0,0.452165
2504.0,7.0,0.960323
2504.0,8.0,1.0
2504.0,9.0,0.273575
2504.0,10.0,0.325764
2504.0,11.0,0.541384
2504.0,12.0,0.0
2504.0,13.0,0.248175
2504.0,14.0,0.767425
2504.0,15.0,1.0
2504.0,16.0,0.609471
2504.0,17.0,0.034691
2504.0,18.0,1.0
2504.0,19.0,0.41422
2504.0,20.0,0.318165
2504.0,21.0,0.698773
2504.0,22.0,0.0
2504.0,23.0,0.990558
2504.0,24.0,0.864735
2504.0,25.0,0.153618
2504.0,26.0,0.350433
2504.0,27.0,0.0
2504.0,28.0,0.675692
2504.0,29.0,0.192801
2504.0,30.0,0.099578
2504.0,31.0,0.692363
2504.0,32.0,0.058588
2504.0,33.0,0.048259
2504.0,34.0,0.446716
2504.0,35.0,0.57035
2504.0,36.0,0.844588
2504.0,37.0,0.477812
2504.0,38.0,1.0
2504.0,39.0,0.751202
2504.0,40.0,0.588754
2504.0,41.0,0.698583
2504.0,42.0,0.935033
2504.0,43.0,0.09142
2504.0,44.0,1.0
2504.0,45.0,0.57407
2504.0,46.0,0.486227
2504.0,47.0,0.928108
2504.0,48.0,0.348442
2504.0,49.0,0.950089
2504.0,50.0,0.170921
2504.0,51.0,0.392087
2504.0,52.0,0.174441
2504.0,53.0,0.029447
2504.0,54.0,0.733531
2504.0,55.0,0.321397
2504.0,56.0,0.550775
2504.0,57.0,0.706308
2504.0,58.0,0.130773
2504.0,59.0,0.465006
2504.0,60.0,0.595922
2504.0,61.0,1.0
2504.0,62.0,0.407844
2504.0,63.0,0.0
2504.0,64.0,0.080287
2504.0,65.0,0.598288
2504.0,66.0,0.826291
2504.0,67.0,0.073363
2504.0,68.0,0.633779
2504.0,69.0,0.252691
2504.0,70.0,0.010682
2504.0,71.0,0.571116
2504.0,72.0,0.000525
2504.0,73.0,0.0
2504.0,74.0,0.0
2504.0,75.0,0.0
2504.0,76.0,0.530021
2504.0,77.0,0.294536
2504.0,78.0,0.526172
2504.0,79.0,0.999559
2504.0,80.0,0.327247
2504.0,81.0,0.783655
2504.0,82.0,0.052133
2504.0,83.0,0.0
2504.0,84.0,0.952404
2504.0,85.0,0.567223
2504.0,86.0,0.705549
2504.0,87.0,0.441635
2504.0,88.0,0.0
2504.0,89.0,0.0
2504.0,90.0,0.635527
2504.0,91.0,0.074575
2504.0,92.0,0.003076
2504.0,93.0,0.581222
2504.0,94.0,0.462608
2504.0,95.0,0.495462
2504.0,96.0,0.434739
2504.0,97.0,0.526008
2504.0,98.0,1.0
2504.0,99.0,0.511231
2504.0,100.0,0.448046
2504.0,101.0,0.398718
2504.0,102.0,1.0
2504.0,103.0,1.0
2504.0,104.0,0.004512
2504.0,105.0,0.301911
2504.0,106.0,1.0
2504.0,107.0,0.93665
2504.0,108.0,0.087029
2504.0,109.0,0.098276
2504.0,110.0,0.690655
2504.0,111.0,0.503989
2504.0,112.0,0.629811
2504.0,113.0,0.647474
2504.0,114.0,0.528785
2504.0,115.0,0.667692
2504.0,116.0,0.801655
2504.0,117.0,0.189177
2504.0,118.0,0.659869
2504.0,119.0,1.0
2504.0,120.0,0.458956
2504.0,121.0,1.0
2504.0,122.0,0.5653
2504.0,123.0,0.237205
2504.0,124.0,0.0
2504.0,125.0,1.0
2504.0,126.0,0.640568
2504.0,127.0,0.157324
2504.0,128.0,0.631536
2504.0,129.0,0.62815
2504.0,130.0,0.821189
2504.0,131.0,0.460756
2504.0,132.0,0.999487
2504.0,133.0,0.837848
2504.0,134.0,0.730609
2504.0,135.0,0.0
2504.0,136.0,1.0
2504.0,137.0,0.503208
2504.0,138.0,0.706642
2504.0,139.0,0.140247
2504.0,140.0,0.0
2504.0,141.0,0.165151
2504.0,142.0,0.130435
2504.0,143.0,0.419798
2504.0,144.0,0.633453
2504.0,145.0,0.539573
2504.0,146.0,0.889386
2504.0,147.0,0.871831
2505.0,0.0,0.546951
2505.0,1.0,0.661258
2505.0,2.0,0.355316
2505.0,3.0,0.509022
2505.0,4.0,0.626344
2505.0,5.0,0.240095
2505.0,6.0,0.454104
2505.0,7.0,0.966274
2505.0,8.0,1.0
2505.0,9.0,0.274088
2505.0,10.0,0.347268
2505.0,11.0,0.552261
2505.0,12.0,0.0
2505.0,13.0,0.250244
2505.0,14.0,0.770995
2505.0,15.0,1.0
2505.0,16.0,0.625613
2505.0,17.0,0.035974
2505.0,18.0,1.0
2505.0,19.0,0.414579
2505.0,20.0,0.319774
2505.0,21.0,0.705256
2505.0,22.0,0.0
2505.0,23.0,0.991
2505.0,24.0,0.866869
2505.0,25.0,0.156793
2505.0,26.0,0.356829
2505.0,27.0,0.0
2505.0,28.0,0.678007
2505.0,29.0,0.205542
2505.0,30.0,0.100859
2505.0,31.0,0.692968
2505.0,32.0,0.069387
2505.0,33.0,0.048915
2505.0,34.0,0.450627
2505.0,35.0,0.625388
2505.0,36.0,0.843495
2505.0,37.0,0.493027
2505.0,38.0,1.0
2505.0,39.0,0.767434
2505.0,40.0,0.595803
2505.0,41.0,0.700675
2505.0,42.0,0.937549
2505.0,43.0,0.094427
2505.0,44.0,1.0
2505.0,45.0,0.578428
2505.0,46.0,0.491525
2505.0,47.0,0.928208
2505.0,48.0,0.350498
2505.0,49.0,0.950702
2505.0,50.0,0.171981
2505.0,51.0,0.400373
2505.0,52.0,0.182742
2505.0,53.0,0.029374
2505.0,54.0,0.757792
2505.0,55.0,0.329793
2505.0,56.0,0.55753
2505.0,57.0,0.707823
2505.0,58.0,0.132094
2505.0,59.0,0.466806
2505.0,60.0,0.600581
2505.0,61.0,1.0
2505.0,62.0,0.414407
2505.0,63.0,0.0
2505.0,64.0,0.082906
2505.0,65.0,0.599477
2505.0,66.0,0.826466
2505.0,67.0,0.074495
2505.0,68.0,0.643927
2505.0,69.0,0.258912
2505.0,70.0,0.010999
2505.0,71.0,0.581215
2505.0,72.0,0.000543
2505.0,73.0,0.0
2505.0,74.0,0.0
2505.0,75.0,0.0
2505.0,76.0,0.533612
2505.0,77.0,0.299012
2505.0,78.0,0.53476
2505.0,79.0,0.999584
2505.0,80.0,0.329082
2505.0,81.0,0.792429
2505.0,82.0,0.056709
2505.0,83.0,0.0
2505.0,84.0,0.952379
2505.0,85.0,0.601596
2505.0,86.0,0.721352
2505.0,87.0,0.469884
2505.0,88.0,0.0
2505.0,89.0,0.0
2505.0,90.0,0.658722
2505.0,91.0,0.076627
2505.0,92.0,0.003198
2505.0,93.0,0.631851
2505.0,94.0,0.474809
2505.0,95.0,0.499385
2505.0,96.0,0.440218
2505.0,97.0,0.538095
2505.0,98.0,1.0
2505.0,99.0,0.532312
2505.0,100.0,0.44851
2505.0,101.0,0.404168
2505.0,102.0,1.0
2505.0,103.0,1.0
2505.0,104.0,0.004706
2505.0,105.0,0.303574
2505.0,106.0,1.0
2505.0,107.0,0.936831
2505.0,108.0,0.089966
2505.0,109.0,0.10203
2505.0,110.0,0.720629
2505.0,111.0,0.507935
2505.0,112.0,0.649829
2505.0,113.0,0.675728
2505.0,114.0,0.546957
2505.0,115.0,0.672134
2505.0,116.0,0.806427
2505.0,117.0,0.212296
2505.0,118.0,0.68497
2505.0,119.0,1.0
2505.0,120.0,0.459645
2505.0,121.0,1.0
2505.0,122.0,0.568228
2505.0,123.0,0.240866
2505.0,124.0,0.0
2505.0,125.0,1.0
2505.0,126.0,0.646576
2505.0,127.0,0.158522
2505.0,128.0,0.655389
2505.0,129.0,0.641615
2505.0,130.0,0.823723
2505.0,131.0,0.463453
2505.0,132.0,0.999512
2505.0,133.0,0.842399
2505.0,134.0,0.736253
2505.0,135.0,0.0
2505.0,136.0,1.0
2505.0,137.0,0.523136
2505.0,138.0,0.710668
2505.0,139.0,0.142492
2505.0,140.0,0.0
2505.0,141.0,0.173203
2505.0,142.0,0.136339
2505.0,143.0,0.422462
2505.0,144.0,0.63895
2505.0,145.0,0.567968
2505.0,146.0,0.892524
2505.0,147.0,0.873739
2506.0,0.0,0.538398
2506.0,1.0,0.654497
2506.0,2.0,0.341571
2506.0,3.0,0.507006
2506.0,4.0,0.618954
2506.0,5.0,0.234687
2506.0,6.0,0.452553
2506.0,7.0,0.959687
2506.0,8.0,1.0
2506.0,9.0,0.273141
2506.0,10.0,0.322565
2506.0,11.0,0.539515
2506.0,12.0,0.0
2506.0,13.0,0.246837
2506.0,14.0,0.767309
2506.0,15.0,1.0
2506.0,16.0,0.60605
2506.0,17.0,0.03454
2506.0,18.0,1.0
2506.0,19.0,0.414587
2506.0,20.0,0.318732
2506.0,21.0,0.697415
2506.0,22.0,0.0
2506.0,23.0,0.990688
2506.0,24.0,0.864547
2506.0,25.0,0.153363
2506.0,26.0,0.350646
2506.0,27.0,0.0
2506.0,28.0,0.676097
2506.0,29.0,0.191984
2506.0,30.0,0.100076
2506.0,31.0,0.692532
2506.0,32.0,0.057951
2506.0,33.0,0.048867
2506.0,34.0,0.447247
2506.0,35.0,0.542049
2506.0,36.0,0.845028
2506.0,37.0,0.474826
2506.0,38.0,1.0
2506.0,39.0,0.748235
2506.0,40.0,0.587646
2506.0,41.0,0.698612
2506.0,42.0,0.935093
2506.0,43.0,0.090937
2506.0,44.0,1.0
2506.0,45.0,0.572318
2506.0,46.0,0.486322
2506.0,47.0,0.927819
2506.0,48.0,0.348651
2506.0,49.0,0.949831
2506.0,50.0,0.171296
2506.0,51.0,0.391344
2506.0,52.0,0.173715
2506.0,53.0,0.029403
2506.0,54.0,0.731016
2506.0,55.0,0.319084
2506.0,56.0,0.550746
2506.0,57.0,0.706384
2506.0,58.0,0.130875
2506.0,59.0,0.464055
2506.0,60.0,0.594297
2506.0,61.0,1.0
2506.0,62.0,0.409252
2506.0,63.0,0.0
2506.0,64.0,0.080159
2506.0,65.0,0.597794
2506.0,66.0,0.826857
2506.0,67.0,0.073777
2506.0,68.0,0.632433
2506.0,69.0,0.251129
2506.0,70.0,0.010723
2506.0,71.0,0.56962
2506.0,72.0,0.000509
2506.0,73.0,0.0
2506.0,74.0,0.0
2506.0,75.0,0.0
2506.0,76.0,0.530305
2506.0,77.0,0.293543
2506.0,78.0,0.524879
2506.0,79.0,0.999551
2506.0,80.0,0.326396
2506.0,81.0,0.783056
2506.0,82.0,0.051631
2506.0,83.0,0.0
2506.0,84.0,0.951805
2506.0,85.0,0.561881
2506.0,86.0,0.702634
2506.0,87.0,0.431464
2506.0,88.0,0.0
2506.0,89.0,0.0
2506.0,90.0,0.631442
2506.0,91.0,0.074456
2506.0,92.0,0.003011
2506.0,93.0,0.550299
2506.0,94.0,0.461525
2506.0,95.0,0.493201
2506.0,96.0,0.433329
2506.0,97.0,0.525805
2506.0,98.0,1.0
2506.0,99.0,0.505384
2506.0,100.0,0.447388
2506.0,101.0,0.398837
2506.0,102.0,1.0
2506.0,103.0,1.0
2506.0,104.0,0.004655
2506.0,105.0,0.302192
2506.0,106.0,1.0
2506.0,107.0,0.936144
2506.0,108.0,0.085846
2506.0,109.0,0.098471
2506.0,110.0,0.673869
2506.0,111.0,0.503517
2506.0,112.0,0.623885
2506.0,113.0,0.643964
2506.0,114.0,0.525875
2506.0,115.0,0.668123
2506.0,116.0,0.801057
2506.0,117.0,0.186498
2506.0,118.0,0.658053
2506.0,119.0,1.0
2506.0,120.0,0.457217
2506.0,121.0,1.0
2506.0,122.0,0.565277
2506.0,123.0,0.235661
2506.0,124.0,0.0
2506.0,125.0,1.0
2506.0,126.0,0.64008
2506.0,127.0,0.156054
2506.0,128.0,0.626268
2506.0,129.0,0.626378
2506.0,130.0,0.821393
2506.0,131.0,0.460379
2506.0,132.0,0.999494
2506.0,133.0,0.838499
2506.0,134.0,0.729855
2506.0,135.0,0.0
2506.0,136.0,1.0
2506.0,137.0,0.497339
2506.0,138.0,0.706654
2506.0,139.0,0.139585
2506.0,140.0,0.0
2506.0,141.0,0.164658
2506.0,142.0,0.128412
2506.0,143.0,0.42015
2506.0,144.0,0.634185
2506.0,145.0,0.531426
2506.0,146.0,0.889064
2506.0,147.0,0.872008
2507.0,0.0,0.530079
2507.0,1.0,0.6473
2507.0,2.0,0.330067
2507.0,3.0,0.503389
2507.0,4.0,0.612611
2507.0,5.0,0.229682
2507.0,6.0,0.451842
2507.0,7.0,0.952109
2507.0,8.0,1.0
2507.0,9.0,0.273122
2507.0,10.0,0.299597
2507.0,11.0,0.526893
2507.0,12.0,0.0
2507.0,13.0,0.244464
2507.0,14.0,0.762378
2507.0,15.0,1.0
2507.0,16.0,0.587757
2507.0,17.0,0.03347
2507.0,18.0,1.0
2507.0,19.0,0.415395
2507.0,20.0,0.317937
2507.0,21.0,0.689853
2507.0,22.0,0.0
2507.0,23.0,0.990455
2507.0,24.0,0.862179
2507.0,25.0,0.150139
2507.0,26.0,0.34474
2507.0,27.0,0.0
2507.0,28.0,0.67468
2507.0,29.0,0.1795
2507.0,30.0,0.098665
2507.0,31.0,0.692409
2507.0,32.0,0.048115
2507.0,33.0,0.048594
2507.0,34.0,0.442115
2507.0,35.0,0.464553
2507.0,36.0,0.847435
2507.0,37.0,0.458204
2507.0,38.0,1.0
2507.0,39.0,0.729853
2507.0,40.0,0.580355
2507.0,41.0,0.696315
2507.0,42.0,0.932942
2507.0,43.0,0.087355
2507.0,44.0,1.0
2507.0,45.0,0.568012
2507.0,46.0,0.48172
2507.0,47.0,0.927547
2507.0,48.0,0.346019
2507.0,49.0,0.948972
2507.0,50.0,0.169628
2507.0,51.0,0.382242
2507.0,52.0,0.166085
2507.0,53.0,0.029288
2507.0,54.0,0.704011
2507.0,55.0,0.309549
2507.0,56.0,0.543638
2507.0,57.0,0.70541
2507.0,58.0,0.128804
2507.0,59.0,0.459892
2507.0,60.0,0.589408
2507.0,61.0,1.0
2507.0,62.0,0.40296
2507.0,63.0,0.0
2507.0,64.0,0.077764
2507.0,65.0,0.596688
2507.0,66.0,0.826378
2507.0,67.0,0.073123
2507.0,68.0,0.620429
2507.0,69.0,0.243811
2507.0,70.0,0.010332
2507.0,71.0,0.558998
2507.0,72.0,0.000502
2507.0,73.0,0.0
2507.0,74.0,0.0
2507.0,75.0,0.0
2507.0,76.0,0.528663
2507.0,77.0,0.288764
2507.0,78.0,0.515235
2507.0,79.0,0.999567
2507.0,80.0,0.324516
2507.0,81.0,0.774363
2507.0,82.0,0.047612
2507.0,83.0,0.0
2507.0,84.0,0.951529
2507.0,85.0,0.522753
2507.0,86.0,0.685347
2507.0,87.0,0.397352
2507.0,88.0,0.0
2507.0,89.0,0.0
2507.0,90.0,0.603509
2507.0,91.0,0.072608
2507.0,92.0,0.002929
2507.0,93.0,0.476395
2507.0,94.0,0.448871
2507.0,95.0,0.488256
2507.0,96.0,0.427154
2507.0,97.0,0.513151
2507.0,98.0,1.0
2507.0,99.0,0.480219
2507.0,100.0,0.446354
2507.0,101.0,0.393572
2507.0,102.0,1.0
2507.0,103.0,1.0
2507.0,104.0,0.004386
2507.0,105.0,0.300959
2507.0,106.0,1.0
2507.0,107.0,0.935792
2507.0,108.0,0.08229
2507.0,109.0,0.095141
2507.0,110.0,0.626048
2507.0,111.0,0.499193
2507.0,112.0,0.598456
2507.0,113.0,0.612795
2507.0,114.0,0.505902
2507.0,115.0,0.664516
2507.0,116.0,0.796021
2507.0,117.0,0.164276
2507.0,118.0,0.630794
2507.0,119.0,1.0
2507.0,120.0,0.455144
2507.0,121.0,1.0
2507.0,122.0,0.561897
2507.0,123.0,0.230965
2507.0,124.0,0.0
2507.0,125.0,1.0
2507.0,126.0,0.631683
2507.0,127.0,0.153394
2507.0,128.0,0.597713
2507.0,129.0,0.611574
2507.0,130.0,0.819192
2507.0,131.0,0.458711
2507.0,132.0,0.99943
2507.0,133.0,0.834099
2507.0,134.0,0.724008
2507.0,135.0,0.0
2507.0,136.0,1.0
2507.0,137.0,0.474206
2507.0,138.0,0.702531
2507.0,139.0,0.13635
2507.0,140.0,0.0
2507.0,141.0,0.15652
2507.0,142.0,0.122306
2507.0,143.0,0.417854
2507.0,144.0,0.629237
2507.0,145.0,0.498281
2507.0,146.0,0.885032
2507.0,147.0,0.870088
2508.0,0.0,0.522111
2508.0,1.0,0.640359
2508.0,2.0,0.318263
2508.0,3.0,0.50006
2508.0,4.0,0.60537
2508.0,5.0,0.224757
2508.0,6.0,0.44889
2508.0,7.0,0.943223
2508.0,8.0,1.0
2508.0,9.0,0.272052
2508.0,10.0,0.278546
2508.0,11.0,0.515373
2508.0,12.0,0.0
2508.0,13.0,0.242936
2508.0,14.0,0.757511
2508.0,15.0,1.0
2508.0,16.0,0.569666
2508.0,17.0,0.032227
2508.0,18.0,1.0
2508.0,19.0,0.4154
2508.0,20.0,0.316409
2508.0,21.0,0.682334
2508.0,22.0,0.0
2508.0,23.0,0.990192
2508.0,24.0,0.860326
2508.0,25.0,0.146888
2508.0,26.0,0.339434
2508.0,27.0,0.0
2508.0,28.0,0.673116
2508.0,29.0,0.167735
2508.0,30.0,0.097345
2508.0,31.0,0.690443
2508.0,32.0,0.040121
2508.0,33.0,0.048296
2508.0,34.0,0.438995
2508.0,35.0,0.396386
2508.0,36.0,0.849452
2508.0,37.0,0.442593
2508.0,38.0,1.0
2508.0,39.0,0.710532
2508.0,40.0,0.572941
2508.0,41.0,0.693766
2508.0,42.0,0.931061
2508.0,43.0,0.084059
2508.0,44.0,1.0
2508.0,45.0,0.56319
2508.0,46.0,0.47699
2508.0,47.0,0.927185
2508.0,48.0,0.344229
2508.0,49.0,0.948437
2508.0,50.0,0.16831
2508.0,51.0,0.374118
2508.0,52.0,0.158369
2508.0,53.0,0.029511
2508.0,54.0,0.677704
2508.0,55.0,0.30036
2508.0,56.0,0.536235
2508.0,57.0,0.703658
2508.0,58.0,0.128117
2508.0,59.0,0.457035
2508.0,60.0,0.584667
2508.0,61.0,1.0
2508.0,62.0,0.397472
2508.0,63.0,0.0
2508.0,64.0,0.075496
2508.0,65.0,0.594351
2508.0,66.0,0.826087
2508.0,67.0,0.0728
2508.0,68.0,0.608621
2508.0,69.0,0.236881
2508.0,70.0,0.009936
2508.0,71.0,0.549632
2508.0,72.0,0.000527
2508.0,73.0,0.0
2508.0,74.0,0.0
2508.0,75.0,0.0
2508.0,76.0,0.525504
2508.0,77.0,0.284974
2508.0,78.0,0.506377
2508.0,79.0,0.999567
2508.0,80.0,0.322288
2508.0,81.0,0.765367
2508.0,82.0,0.043557
2508.0,83.0,0.0
2508.0,84.0,0.951052
2508.0,85.0,0.482787
2508.0,86.0,0.667017
2508.0,87.0,0.367765
2508.0,88.0,0.0
2508.0,89.0,0.0
2508.0,90.0,0.576892
2508.0,91.0,0.070317
2508.0,92.0,0.002913
2508.0,93.0,0.412
2508.0,94.0,0.435479
2508.0,95.0,0.484275
2508.0,96.0,0.421843
2508.0,97.0,0.500863
2508.0,98.0,1.0
2508.0,99.0,0.456719
2508.0,100.0,0.444932
2508.0,101.0,0.387653
2508.0,102.0,1.0
2508.0,103.0,1.0
2508.0,104.0,0.00417
2508.0,105.0,0.299042
2508.0,106.0,1.0
2508.0,107.0,0.935448
2508.0,108.0,0.07943
2508.0,109.0,0.092341
2508.0,110.0,0.577891
2508.0,111.0,0.49589
2508.0,112.0,0.572651
2508.0,113.0,0.580513
2508.0,114.0,0.486535
2508.0,115.0,0.660042
2508.0,116.0,0.791024
2508.0,117.0,0.145143
2508.0,118.0,0.600121
2508.0,119.0,1.0
2508.0,120.0,0.452896
2508.0,121.0,1.0
2508.0,122.0,0.559168
2508.0,123.0,0.226804
2508.0,124.0,0.0
2508.0,125.0,1.0
2508.0,126.0,0.624965
2508.0,127.0,0.151171
2508.0,128.0,0.569016
2508.0,129.0,0.596938
2508.0,130.0,0.816433
2508.0,131.0,0.456285
2508.0,132.0,0.999403
2508.0,133.0,0.830026
2508.0,134.0,0.718104
2508.0,135.0,0.0
2508.0,136.0,1.0
2508.0,137.0,0.452598
2508.0,138.0,0.699059
2508.0,139.0,0.133469
2508.0,140.0,0.0
2508.0,141.0,0.150215
2508.0,142.0,0.116326
2508.0,143.0,0.414849
2508.0,144.0,0.624195
2508.0,145.0,0.467495
2508.0,146.0,0.881275
2508.0,147.0,0.868377
2509.0,0.0,0.514888
2509.0,1.0,0.633611
2509.0,2.0,0.307148
2509.0,3.0,0.496997
2509.0,4.0,0.59903
2509.0,5.0,0.219476
2509.0,6.0,0.447693
2509.0,7.0,0.93331
2509.0,8.0,1.0
2509.0,9.0,0.27177
2509.0,10.0,0.258945
2509.0,11.0,0.503608
2509.0,12.0,0.0
2509.0,13.0,0.241414
2509.0,14.0,0.753157
2509.0,15.0,1.0
2509.0,16.0,0.551729
2509.0,17.0,0.031275
2509.0,18.0,1.0
2509.0,19.0,0.414933
2509.0,20.0,0.315821
2509.0,21.0,0.674301
2509.0,22.0,0.0
2509.0,23.0,0.989828
2509.0,24.0,0.857678
2509.0,25.0,0.143703
2509.0,26.0,0.334246
2509.0,27.0,0.0
2509.0,28.0,0.671599
2509.0,29.0,0.156195
2509.0,30.0,0.095918
2509.0,31.0,0.688958
2509.0,32.0,0.0339
2509.0,33.0,0.047532
2509.0,34.0,0.436386
2509.0,35.0,0.33618
2509.0,36.0,0.852822
2509.0,37.0,0.428057
2509.0,38.0,1.0
2509.0,39.0,0.691119
2509.0,40.0,0.565405
2509.0,41.0,0.691531
2509.0,42.0,0.92828
2509.0,43.0,0.081526
2509.0,44.0,1.0
2509.0,45.0,0.559256
2509.0,46.0,0.471581
2509.0,47.0,0.927169
2509.0,48.0,0.342559
2509.0,49.0,0.947464
2509.0,50.0,0.16765
2509.0,51.0,0.365606
2509.0,52.0,0.151319
2509.0,53.0,0.02925
2509.0,54.0,0.651326
2509.0,55.0,0.290555
2509.0,56.0,0.529431
2509.0,57.0,0.703575
2509.0,58.0,0.126972
2509.0,59.0,0.454018
2509.0,60.0,0.580466
2509.0,61.0,1.0
2509.0,62.0,0.391516
2509.0,63.0,0.0
2509.0,64.0,0.072805
2509.0,65.0,0.594132
2509.0,66.0,0.825929
2509.0,67.0,0.072548
2509.0,68.0,0.597258
2509.0,69.0,0.230577
2509.0,70.0,0.009781
2509.0,71.0,0.5406
2509.0,72.0,0.000518
2509.0,73.0,0.0
2509.0,74.0,0.0
2509.0,75.0,0.0
2509.0,76.0,0.522616
2509.0,77.0,0.281452
2509.0,78.0,0.497778
2509.0,79.0,0.999557
2509.0,80.0,0.320154
2509.0,81.0,0.756518
2509.0,82.0,0.039875
2509.0,83.0,0.0
2509.0,84.0,0.951048
2509.0,85.0,0.443042
2509.0,86.0,0.647845
2509.0,87.0,0.341517
2509.0,88.0,0.0
2509.0,89.0,0.0
2509.0,90.0,0.550905
2509.0,91.0,0.068391
2509.0,92.0,0.002798
2509.0,93.0,0.357719
2509.0,94.0,0.422531
2509.0,95.0,0.480018
2509.0,96.0,0.415603
2509.0,97.0,0.488033
2509.0,98.0,1.0
2509.0,99.0,0.434796
2509.0,100.0,0.443646
2509.0,101.0,0.381397
2509.0,102.0,1.0
2509.0,103.0,1.0
2509.0,104.0,0.004131
2509.0,105.0,0.298212
2509.0,106.0,1.0
2509.0,107.0,0.935114
2509.0,108.0,0.076381
2509.0,109.0,0.089574
2509.0,110.0,0.531086
2509.0,111.0,0.491881
2509.0,112.0,0.54828
2509.0,113.0,0.548763
2509.0,114.0,0.468568
2509.0,115.0,0.655248
2509.0,116.0,0.78551
2509.0,117.0,0.128065
2509.0,118.0,0.568236
2509.0,119.0,1.0
2509.0,120.0,0.452225
2509.0,121.0,1.0
2509.0,122.0,0.556656
2509.0,123.0,0.223013
2509.0,124.0,0.0
2509.0,125.0,1.0
2509.0,126.0,0.618174
2509.0,127.0,0.147771
2509.0,128.0,0.539959
2509.0,129.0,0.582981
2509.0,130.0,0.814598
2509.0,131.0,0.453506
2509.0,132.0,0.999369
2509.0,133.0,0.826234
2509.0,134.0,0.712079
2509.0,135.0,0.0
2509.0,136.0,1.0
2509.0,137.0,0.431178
2509.0,138.0,0.694908
2509.0,139.0,0.131232
2509.0,140.0,0.0
2509.0,141.0,0.144064
2509.0,142.0,0.111075
2509.0,143.0,0.412042
2509.0,144.0,0.619048
2509.0,145.0,0.439351
2509.0,146.0,0.878401
2509.0,147.0,0.866765
2510.0,0.0,0.508104
2510.0,1.0,0.626715
2510.0,2.0,0.296475
2510.0,3.0,0.495025
2510.0,4.0,0.593105
2510.0,5.0,0.214876
2510.0,6.0,0.446845
2510.0,7.0,0.922262
2510.0,8.0,1.0
2510.0,9.0,0.270723
2510.0,10.0,0.240787
2510.0,11.0,0.491365
2510.0,12.0,0.0
2510.0,13.0,0.238925
2510.0,14.0,0.748606
2510.0,15.0,1.0
2510.0,16.0,0.534257
2510.0,17.0,0.030462
2510.0,18.0,1.0
2510.0,19.0,0.413995
2510.0,20.0,0.31512
2510.0,21.0,0.666042
2510.0,22.0,0.0
2510.0,23.0,0.989301
2510.0,24.0,0.855297
2510.0,25.0,0.140669
2510.0,26.0,0.329713
2510.0,27.0,0.0
2510.0,28.0,0.66947
2510.0,29.0,0.146201
2510.0,30.0,0.094495
2510.0,31.0,0.68639
2510.0,32.0,0.028291
2510.0,33.0,0.047248
2510.0,34.0,0.432374
2510.0,35.0,0.284564
2510.0,36.0,0.856011
2510.0,37.0,0.413738
2510.0,38.0,1.0
2510.0,39.0,0.67144
2510.0,40.0,0.558287
2510.0,41.0,0.689518
2510.0,42.0,0.925764
2510.0,43.0,0.079716
2510.0,44.0,1.0
2510.0,45.0,0.554
2510.0,46.0,0.466874
2510.0,47.0,0.927092
2510.0,48.0,0.339212
2510.0,49.0,0.946882
2510.0,50.0,0.166762
2510.0,51.0,0.356961
2510.0,52.0,0.144339
2510.0,53.0,0.028857
2510.0,54.0,0.624931
2510.0,55.0,0.281487
2510.0,56.0,0.522169
2510.0,57.0,0.701267
2510.0,58.0,0.125652
2510.0,59.0,0.451404
2510.0,60.0,0.575881
2510.0,61.0,1.0
2510.0,62.0,0.386804
2510.0,63.0,0.0
2510.0,64.0,0.070787
2510.0,65.0,0.592406
2510.0,66.0,0.824991
2510.0,67.0,0.072263
2510.0,68.0,0.585855
2510.0,69.0,0.224643
2510.0,70.0,0.009389
2510.0,71.0,0.530548
2510.0,72.0,0.000498
2510.0,73.0,0.0
2510.0,74.0,0.0
2510.0,75.0,0.0
2510.0,76.0,0.519569
2510.0,77.0,0.278747
2510.0,78.0,0.489583
2510.0,79.0,0.999571
2510.0,80.0,0.319078
2510.0,81.0,0.746945
2510.0,82.0,0.036744
2510.0,83.0,0.0
2510.0,84.0,0.951006
2510.0,85.0,0.404385
2510.0,86.0,0.629343
2510.0,87.0,0.319164
2510.0,88.0,0.0
2510.0,89.0,0.0
2510.0,90.0,0.526055
2510.0,91.0,0.066676
2510.0,92.0,0.002696
2510.0,93.0,0.3111
2510.0,94.0,0.409622
2510.0,95.0,0.475754
2510.0,96.0,0.409738
2510.0,97.0,0.475959
2510.0,98.0,1.0
2510.0,99.0,0.413369
2510.0,100.0,0.441768
2510.0,101.0,0.375513
2510.0,102.0,1.0
2510.0,103.0,1.0
2510.0,104.0,0.003986
2510.0,105.0,0.297905
2510.0,106.0,1.0
2510.0,107.0,0.934707
2510.0,108.0,0.073565
2510.0,109.0,0.087283
2510.0,110.0,0.484618
2510.0,111.0,0.487578
2510.0,112.0,0.524809
2510.0,113.0,0.517837
2510.0,114.0,0.45132
2510.0,115.0,0.652338
2510.0,116.0,0.779448
2510.0,117.0,0.112845
2510.0,118.0,0.53446
2510.0,119.0,1.0
2510.0,120.0,0.450397
2510.0,121.0,1.0
2510.0,122.0,0.553991
2510.0,123.0,0.219425
2510.0,124.0,0.0
2510.0,125.0,1.0
2510.0,126.0,0.612237
2510.0,127.0,0.145575
2510.0,128.0,0.510881
2510.0,129.0,0.569555
2510.0,130.0,0.811693
2510.0,131.0,0.451701
2510.0,132.0,0.999311
2510.0,133.0,0.822481
2510.0,134.0,0.706533
2510.0,135.0,0.0
2510.0,136.0,1.0
2510.0,137.0,0.411561
2510.0,138.0,0.691497
2510.0,139.0,0.12796
2510.0,140.0,0.0
2510.0,141.0,0.138227
2510.0,142.0,0.106256
2510.0,143.0,0.409978
2510.0,144.0,0.615356
2510.0,145.0,0.413575
2510.0,146.0,0.875782
2510.0,147.0,0.865113
