FREQUENCIES 
Gen,mut_id,mut_freq
1.0,0.0,0.5
1.0,1.0,0.5
1.0,2.0,0.5
1.0,3.0,0.5
1.0,4.0,0.5
1.0,5.0,0.5
1.0,6.0,0.5
1.0,7.0,0.5
1.0,8.0,0.5
1.0,9.0,0.5
1.0,10.0,0.5
1.0,11.0,0.5
1.0,12.0,0.5
1.0,13.0,0.5
1.0,14.0,0.5
1.0,15.0,0.5
1.0,16.0,0.5
1.0,17.0,0.5
1.0,18.0,0.5
1.0,19.0,0.5
1.0,20.0,0.5
1.0,21.0,0.5
1.0,22.0,0.5
1.0,23.0,0.5
1.0,24.0,0.5
1.0,25.0,0.5
1.0,26.0,0.5
1.0,27.0,0.5
1.0,28.0,0.5
1.0,29.0,0.5
1.0,30.0,0.5
1.0,31.0,0.5
1.0,32.0,0.5
1.0,33.0,0.5
1.0,34.0,0.5
1.0,35.0,0.5
1.0,36.0,0.5
1.0,37.0,0.5
1.0,38.0,0.5
1.0,39.0,0.5
1.0,40.0,0.5
1.0,41.0,0.5
1.0,42.0,0.5
1.0,43.0,0.5
1.0,44.0,0.5
1.0,45.0,0.5
1.0,46.0,0.5
1.0,47.0,0.5
1.0,48.0,0.5
1.0,49.0,0.5
1.0,50.0,0.5
1.0,51.0,0.5
1.0,52.0,0.5
1.0,53.0,0.5
1.0,54.0,0.5
1.0,55.0,0.5
1.0,56.0,0.5
1.0,57.0,0.5
1.0,58.0,0.5
1.0,59.0,0.5
1.0,60.0,0.5
1.0,61.0,0.5
1.0,62.0,0.5
1.0,63.0,0.5
1.0,64.0,0.5
1.0,65.0,0.5
1.0,66.0,0.5
1.0,67.0,0.5
1.0,68.0,0.5
1.0,69.0,0.5
1.0,70.0,0.5
1.0,71.0,0.5
1.0,72.0,0.5
1.0,73.0,0.5
1.0,74.0,0.5
1.0,75.0,0.5
1.0,76.0,0.5
1.0,77.0,0.5
1.0,78.0,0.5
1.0,79.0,0.5
1.0,80.0,0.5
1.0,81.0,0.5
1.0,82.0,0.5
1.0,83.0,0.5
1.0,84.0,0.5
1.0,85.0,0.5
1.0,86.0,0.5
1.0,87.0,0.5
1.0,88.0,0.5
1.0,89.0,0.5
1.0,90.0,0.5
1.0,91.0,0.5
1.0,92.0,0.5
1.0,93.0,0.5
1.0,94.0,0.5
1.0,95.0,0.5
1.0,96.0,0.5
1.0,97.0,0.5
1.0,98.0,0.5
1.0,99.0,0.5
1.0,100.0,0.5
1.0,101.0,0.5
1.0,102.0,0.5
1.0,103.0,0.5
1.0,104.0,0.5
1.0,105.0,0.5
1.0,106.0,0.5
1.0,107.0,0.5
1.0,108.0,0.5
1.0,109.0,0.5
1.0,110.0,0.5
1.0,111.0,0.5
1.0,112.0,0.5
1.0,113.0,0.5
1.0,114.0,0.5
1.0,115.0,0.5
1.0,116.0,0.5
1.0,117.0,0.5
1.0,118.0,0.5
1.0,119.0,0.5
1.0,120.0,0.5
1.0,121.0,0.5
1.0,122.0,0.5
1.0,123.0,0.5
1.0,124.0,0.5
1.0,125.0,0.5
1.0,126.0,0.5
2500.0,0.0,0.32738
2500.0,1.0,0.599493
2500.0,2.0,0.052533
2500.0,3.0,0.681722
2500.0,4.0,0.298843
2500.0,5.0,1.0
2500.0,6.0,0.495477
2500.0,7.0,0.27693
2500.0,8.0,0.559674
2500.0,9.0,0.378597
2500.0,10.0,0.329567
2500.0,11.0,0.255044
2500.0,12.0,0.657921
2500.0,13.0,0.367607
2500.0,14.0,0.413929
2500.0,15.0,0.995055
2500.0,16.0,0.969918
2500.0,17.0,0.365293
2500.0,18.0,0.234466
2500.0,19.0,0.858394
2500.0,20.0,0.221906
2500.0,21.0,0.640711
2500.0,22.0,0.345754
2500.0,23.0,0.519085
2500.0,24.0,0.131603
2500.0,25.0,1.0
2500.0,26.0,0.890073
2500.0,27.0,0.723864
2500.0,28.0,0.255573
2500.0,29.0,0.0
2500.0,30.0,0.31314
2500.0,31.0,0.455442
2500.0,32.0,1.0
2500.0,33.0,0.009864
2500.0,34.0,0.583549
2500.0,35.0,0.457292
2500.0,36.0,0.536488
2500.0,37.0,0.74261
2500.0,38.0,0.166179
2500.0,39.0,0.482697
2500.0,40.0,0.424109
2500.0,41.0,0.0
2500.0,42.0,0.306964
2500.0,43.0,0.186377
2500.0,44.0,0.0
2500.0,45.0,0.996694
2500.0,46.0,0.229739
2500.0,47.0,0.0
2500.0,48.0,0.559654
2500.0,49.0,0.347663
2500.0,50.0,0.536068
2500.0,51.0,0.089087
2500.0,52.0,0.210381
2500.0,53.0,1.0
2500.0,54.0,1.0
2500.0,55.0,0.967738
2500.0,56.0,0.257535
2500.0,57.0,0.534912
2500.0,58.0,0.0
2500.0,59.0,0.336326
2500.0,60.0,0.406238
2500.0,61.0,0.733359
2500.0,62.0,0.283416
2500.0,63.0,0.521622
2500.0,64.0,1.0
2500.0,65.0,0.606885
2500.0,66.0,0.434681
2500.0,67.0,0.0
2500.0,68.0,0.702066
2500.0,69.0,0.0
2500.0,70.0,0.003204
2500.0,71.0,0.280061
2500.0,72.0,0.760153
2500.0,73.0,0.329635
2500.0,74.0,0.226761
2500.0,75.0,0.659713
2500.0,76.0,0.724685
2500.0,77.0,0.12876
2500.0,78.0,1.0
2500.0,79.0,0.956742
2500.0,80.0,0.289669
2500.0,81.0,0.335822
2500.0,82.0,0.0
2500.0,83.0,0.490554
2500.0,84.0,0.780821
2500.0,85.0,0.502946
2500.0,86.0,0.0
2500.0,87.0,1.0
2500.0,88.0,0.808618
2500.0,89.0,0.467071
2500.0,90.0,0.579268
2500.0,91.0,0.181417
2500.0,92.0,0.594267
2500.0,93.0,1.0
2500.0,94.0,0.836761
2500.0,95.0,0.6227
2500.0,96.0,0.332966
2500.0,97.0,0.419945
2500.0,98.0,0.483251
2500.0,99.0,0.377568
2500.0,100.0,0.666913
2500.0,101.0,0.979919
2500.0,102.0,0.729878
2500.0,103.0,0.519213
2500.0,104.0,0.578606
2500.0,105.0,0.185345
2500.0,106.0,0.367145
2500.0,107.0,0.502151
2500.0,108.0,0.721652
2500.0,109.0,0.601014
2500.0,110.0,1.0
2500.0,111.0,0.0
2500.0,112.0,0.197887
2500.0,113.0,0.186205
2500.0,114.0,0.795589
2500.0,115.0,0.518684
2500.0,116.0,0.0
2500.0,117.0,0.292971
2500.0,118.0,0.546468
2500.0,119.0,0.587067
2500.0,120.0,0.789818
2500.0,121.0,0.246297
2500.0,122.0,0.096574
2500.0,123.0,0.039104
2500.0,124.0,0.140301
2500.0,125.0,0.342292
2500.0,126.0,0.498507
2501.0,0.0,0.338096
2501.0,1.0,0.622844
2501.0,2.0,0.056747
2501.0,3.0,0.69295
2501.0,4.0,0.389755
2501.0,5.0,1.0
2501.0,6.0,0.511895
2501.0,7.0,0.319299
2501.0,8.0,0.573201
2501.0,9.0,0.382484
2501.0,10.0,0.363396
2501.0,11.0,0.239173
2501.0,12.0,0.663093
2501.0,13.0,0.38326
2501.0,14.0,0.423936
2501.0,15.0,0.995838
2501.0,16.0,0.97114
2501.0,17.0,0.418606
2501.0,18.0,0.245303
2501.0,19.0,0.859601
2501.0,20.0,0.226769
2501.0,21.0,0.647779
2501.0,22.0,0.361828
2501.0,23.0,0.557359
2501.0,24.0,0.1356
2501.0,25.0,1.0
2501.0,26.0,0.891763
2501.0,27.0,0.744501
2501.0,28.0,0.257356
2501.0,29.0,0.0
2501.0,30.0,0.332217
2501.0,31.0,0.487932
2501.0,32.0,1.0
2501.0,33.0,0.010233
2501.0,34.0,0.626931
2501.0,35.0,0.478752
2501.0,36.0,0.547569
2501.0,37.0,0.770814
2501.0,38.0,0.212314
2501.0,39.0,0.500533
2501.0,40.0,0.457566
2501.0,41.0,0.0
2501.0,42.0,0.332039
2501.0,43.0,0.194883
2501.0,44.0,0.0
2501.0,45.0,0.996878
2501.0,46.0,0.24696
2501.0,47.0,0.0
2501.0,48.0,0.564884
2501.0,49.0,0.373783
2501.0,50.0,0.580213
2501.0,51.0,0.096577
2501.0,52.0,0.219977
2501.0,53.0,1.0
2501.0,54.0,1.0
2501.0,55.0,0.968729
2501.0,56.0,0.25934
2501.0,57.0,0.530659
2501.0,58.0,0.0
2501.0,59.0,0.39372
2501.0,60.0,0.425728
2501.0,61.0,0.733259
2501.0,62.0,0.301909
2501.0,63.0,0.540801
2501.0,64.0,1.0
2501.0,65.0,0.619854
2501.0,66.0,0.447191
2501.0,67.0,0.0
2501.0,68.0,0.715723
2501.0,69.0,0.0
2501.0,70.0,0.003455
2501.0,71.0,0.28502
2501.0,72.0,0.762114
2501.0,73.0,0.344452
2501.0,74.0,0.230234
2501.0,75.0,0.675839
2501.0,76.0,0.731905
2501.0,77.0,0.136638
2501.0,78.0,1.0
2501.0,79.0,0.959873
2501.0,80.0,0.2943
2501.0,81.0,0.383418
2501.0,82.0,0.0
2501.0,83.0,0.500878
2501.0,84.0,0.802051
2501.0,85.0,0.516243
2501.0,86.0,0.0
2501.0,87.0,1.0
2501.0,88.0,0.817105
2501.0,89.0,0.477847
2501.0,90.0,0.593752
2501.0,91.0,0.229464
2501.0,92.0,0.610574
2501.0,93.0,1.0
2501.0,94.0,0.845567
2501.0,95.0,0.626515
2501.0,96.0,0.348287
2501.0,97.0,0.466275
2501.0,98.0,0.501936
2501.0,99.0,0.385157
2501.0,100.0,0.671596
2501.0,101.0,0.981238
2501.0,102.0,0.735846
2501.0,103.0,0.532916
2501.0,104.0,0.589782
2501.0,105.0,0.212876
2501.0,106.0,0.384514
2501.0,107.0,0.529519
2501.0,108.0,0.730685
2501.0,109.0,0.60426
2501.0,110.0,1.0
2501.0,111.0,0.0
2501.0,112.0,0.204152
2501.0,113.0,0.204183
2501.0,114.0,0.80943
2501.0,115.0,0.526386
2501.0,116.0,0.0
2501.0,117.0,0.309905
2501.0,118.0,0.613527
2501.0,119.0,0.603067
2501.0,120.0,0.796652
2501.0,121.0,0.256709
2501.0,122.0,0.121311
2501.0,123.0,0.040612
2501.0,124.0,0.167561
2501.0,125.0,0.350099
2501.0,126.0,0.502332
2502.0,0.0,0.347919
2502.0,1.0,0.643311
2502.0,2.0,0.060242
2502.0,3.0,0.701445
2502.0,4.0,0.475912
2502.0,5.0,1.0
2502.0,6.0,0.527399
2502.0,7.0,0.358165
2502.0,8.0,0.586733
2502.0,9.0,0.385514
2502.0,10.0,0.395373
2502.0,11.0,0.221443
2502.0,12.0,0.667806
2502.0,13.0,0.397899
2502.0,14.0,0.43369
2502.0,15.0,0.996391
2502.0,16.0,0.972056
2502.0,17.0,0.467031
2502.0,18.0,0.256181
2502.0,19.0,0.861615
2502.0,20.0,0.230786
2502.0,21.0,0.654592
2502.0,22.0,0.378787
2502.0,23.0,0.593226
2502.0,24.0,0.140212
2502.0,25.0,1.0
2502.0,26.0,0.899076
2502.0,27.0,0.763182
2502.0,28.0,0.258201
2502.0,29.0,0.0
2502.0,30.0,0.350973
2502.0,31.0,0.516107
2502.0,32.0,1.0
2502.0,33.0,0.010423
2502.0,34.0,0.664623
2502.0,35.0,0.49888
2502.0,36.0,0.557807
2502.0,37.0,0.797354
2502.0,38.0,0.262319
2502.0,39.0,0.517905
2502.0,40.0,0.488035
2502.0,41.0,0.0
2502.0,42.0,0.353956
2502.0,43.0,0.203127
2502.0,44.0,0.0
2502.0,45.0,0.997187
2502.0,46.0,0.263604
2502.0,47.0,0.0
2502.0,48.0,0.571309
2502.0,49.0,0.399948
2502.0,50.0,0.618786
2502.0,51.0,0.104362
2502.0,52.0,0.228975
2502.0,53.0,1.0
2502.0,54.0,1.0
2502.0,55.0,0.968803
2502.0,56.0,0.262028
2502.0,57.0,0.525291
2502.0,58.0,0.0
2502.0,59.0,0.446136
2502.0,60.0,0.44347
2502.0,61.0,0.736796
2502.0,62.0,0.321039
2502.0,63.0,0.56114
2502.0,64.0,1.0
2502.0,65.0,0.631798
2502.0,66.0,0.459687
2502.0,67.0,0.0
2502.0,68.0,0.726372
2502.0,69.0,0.0
2502.0,70.0,0.003627
2502.0,71.0,0.290368
2502.0,72.0,0.763357
2502.0,73.0,0.358737
2502.0,74.0,0.232878
2502.0,75.0,0.690986
2502.0,76.0,0.738621
2502.0,77.0,0.144339
2502.0,78.0,1.0
2502.0,79.0,0.961975
2502.0,80.0,0.300559
2502.0,81.0,0.430936
2502.0,82.0,0.0
2502.0,83.0,0.510405
2502.0,84.0,0.820807
2502.0,85.0,0.529145
2502.0,86.0,0.0
2502.0,87.0,1.0
2502.0,88.0,0.82603
2502.0,89.0,0.488819
2502.0,90.0,0.606355
2502.0,91.0,0.282262
2502.0,92.0,0.624922
2502.0,93.0,1.0
2502.0,94.0,0.853545
2502.0,95.0,0.629802
2502.0,96.0,0.362785
2502.0,97.0,0.51011
2502.0,98.0,0.519861
2502.0,99.0,0.394095
2502.0,100.0,0.677285
2502.0,101.0,0.982229
2502.0,102.0,0.74016
2502.0,103.0,0.544579
2502.0,104.0,0.601594
2502.0,105.0,0.241634
2502.0,106.0,0.402405
2502.0,107.0,0.55438
2502.0,108.0,0.739284
2502.0,109.0,0.606851
2502.0,110.0,1.0
2502.0,111.0,0.0
2502.0,112.0,0.210378
2502.0,113.0,0.222031
2502.0,114.0,0.821675
2502.0,115.0,0.533499
2502.0,116.0,0.0
2502.0,117.0,0.326832
2502.0,118.0,0.668524
2502.0,119.0,0.618704
2502.0,120.0,0.801544
2502.0,121.0,0.266458
2502.0,122.0,0.149455
2502.0,123.0,0.042141
2502.0,124.0,0.196013
2502.0,125.0,0.357822
2502.0,126.0,0.507214
2503.0,0.0,0.358836
2503.0,1.0,0.663405
2503.0,2.0,0.063612
2503.0,3.0,0.709923
2503.0,4.0,0.551556
2503.0,5.0,1.0
2503.0,6.0,0.542276
2503.0,7.0,0.395215
2503.0,8.0,0.599075
2503.0,9.0,0.388332
2503.0,10.0,0.425331
2503.0,11.0,0.205316
2503.0,12.0,0.671922
2503.0,13.0,0.410562
2503.0,14.0,0.443521
2503.0,15.0,0.996706
2503.0,16.0,0.973041
2503.0,17.0,0.512593
2503.0,18.0,0.264731
2503.0,19.0,0.864098
2503.0,20.0,0.23592
2503.0,21.0,0.661116
2503.0,22.0,0.393279
2503.0,23.0,0.626341
2503.0,24.0,0.144256
2503.0,25.0,1.0
2503.0,26.0,0.910261
2503.0,27.0,0.780475
2503.0,28.0,0.258945
2503.0,29.0,0.0
2503.0,30.0,0.368701
2503.0,31.0,0.543339
2503.0,32.0,1.0
2503.0,33.0,0.010222
2503.0,34.0,0.69823
2503.0,35.0,0.51611
2503.0,36.0,0.569122
2503.0,37.0,0.819776
2503.0,38.0,0.313959
2503.0,39.0,0.534516
2503.0,40.0,0.516342
2503.0,41.0,0.0
2503.0,42.0,0.375354
2503.0,43.0,0.211979
2503.0,44.0,0.0
2503.0,45.0,0.997467
2503.0,46.0,0.279128
2503.0,47.0,0.0
2503.0,48.0,0.576972
2503.0,49.0,0.427946
2503.0,50.0,0.65302
2503.0,51.0,0.111967
2503.0,52.0,0.238997
2503.0,53.0,1.0
2503.0,54.0,1.0
2503.0,55.0,0.969362
2503.0,56.0,0.264729
2503.0,57.0,0.521007
2503.0,58.0,0.0
2503.0,59.0,0.493299
2503.0,60.0,0.460735
2503.0,61.0,0.742168
2503.0,62.0,0.339989
2503.0,63.0,0.579147
2503.0,64.0,1.0
2503.0,65.0,0.642056
2503.0,66.0,0.472573
2503.0,67.0,0.0
2503.0,68.0,0.736743
2503.0,69.0,0.0
2503.0,70.0,0.004002
2503.0,71.0,0.2952
2503.0,72.0,0.766105
2503.0,73.0,0.371827
2503.0,74.0,0.234681
2503.0,75.0,0.705314
2503.0,76.0,0.744705
2503.0,77.0,0.15148
2503.0,78.0,1.0
2503.0,79.0,0.964088
2503.0,80.0,0.304761
2503.0,81.0,0.478151
2503.0,82.0,0.0
2503.0,83.0,0.519881
2503.0,84.0,0.837677
2503.0,85.0,0.542024
2503.0,86.0,0.0
2503.0,87.0,1.0
2503.0,88.0,0.833676
2503.0,89.0,0.50114
2503.0,90.0,0.618872
2503.0,91.0,0.335877
2503.0,92.0,0.638016
2503.0,93.0,1.0
2503.0,94.0,0.861748
2503.0,95.0,0.633335
2503.0,96.0,0.376145
2503.0,97.0,0.551211
2503.0,98.0,0.535755
2503.0,99.0,0.402165
2503.0,100.0,0.682626
2503.0,101.0,0.983243
2503.0,102.0,0.743759
2503.0,103.0,0.555402
2503.0,104.0,0.612239
2503.0,105.0,0.272314
2503.0,106.0,0.418573
2503.0,107.0,0.576741
2503.0,108.0,0.746887
2503.0,109.0,0.610004
2503.0,110.0,1.0
2503.0,111.0,0.0
2503.0,112.0,0.215413
2503.0,113.0,0.239955
2503.0,114.0,0.832865
2503.0,115.0,0.540779
2503.0,116.0,0.0
2503.0,117.0,0.343419
2503.0,118.0,0.713061
2503.0,119.0,0.633329
2503.0,120.0,0.806649
2503.0,121.0,0.276156
2503.0,122.0,0.181229
2503.0,123.0,0.044032
2503.0,124.0,0.225603
2503.0,125.0,0.366273
2503.0,126.0,0.511333
2504.0,0.0,0.369998
2504.0,1.0,0.681965
2504.0,2.0,0.067299
2504.0,3.0,0.718105
2504.0,4.0,0.61688
2504.0,5.0,1.0
2504.0,6.0,0.55813
2504.0,7.0,0.431643
2504.0,8.0,0.610071
2504.0,9.0,0.391242
2504.0,10.0,0.453389
2504.0,11.0,0.19214
2504.0,12.0,0.67522
2504.0,13.0,0.422784
2504.0,14.0,0.453768
2504.0,15.0,0.997049
2504.0,16.0,0.974145
2504.0,17.0,0.554324
2504.0,18.0,0.273916
2504.0,19.0,0.866398
2504.0,20.0,0.240437
2504.0,21.0,0.668149
2504.0,22.0,0.407697
2504.0,23.0,0.657782
2504.0,24.0,0.148186
2504.0,25.0,1.0
2504.0,26.0,0.922539
2504.0,27.0,0.795272
2504.0,28.0,0.259657
2504.0,29.0,0.0
2504.0,30.0,0.387085
2504.0,31.0,0.568699
2504.0,32.0,1.0
2504.0,33.0,0.010335
2504.0,34.0,0.72759
2504.0,35.0,0.534448
2504.0,36.0,0.57837
2504.0,37.0,0.839741
2504.0,38.0,0.364688
2504.0,39.0,0.550019
2504.0,40.0,0.542686
2504.0,41.0,0.0
2504.0,42.0,0.396379
2504.0,43.0,0.221203
2504.0,44.0,0.0
2504.0,45.0,0.997659
2504.0,46.0,0.295737
2504.0,47.0,0.0
2504.0,48.0,0.583133
2504.0,49.0,0.456378
2504.0,50.0,0.682546
2504.0,51.0,0.119841
2504.0,52.0,0.248992
2504.0,53.0,1.0
2504.0,54.0,1.0
2504.0,55.0,0.969901
2504.0,56.0,0.268554
2504.0,57.0,0.517012
2504.0,58.0,0.0
2504.0,59.0,0.534181
2504.0,60.0,0.477352
2504.0,61.0,0.748445
2504.0,62.0,0.359428
2504.0,63.0,0.596456
2504.0,64.0,1.0
2504.0,65.0,0.653575
2504.0,66.0,0.48519
2504.0,67.0,0.0
2504.0,68.0,0.745805
2504.0,69.0,0.0
2504.0,70.0,0.004144
2504.0,71.0,0.300373
2504.0,72.0,0.767161
2504.0,73.0,0.38555
2504.0,74.0,0.237435
2504.0,75.0,0.719193
2504.0,76.0,0.749508
2504.0,77.0,0.157575
2504.0,78.0,1.0
2504.0,79.0,0.966275
2504.0,80.0,0.309413
2504.0,81.0,0.523353
2504.0,82.0,0.0
2504.0,83.0,0.529011
2504.0,84.0,0.851166
2504.0,85.0,0.554235
2504.0,86.0,0.0
2504.0,87.0,1.0
2504.0,88.0,0.841012
2504.0,89.0,0.51094
2504.0,90.0,0.631309
2504.0,91.0,0.391426
2504.0,92.0,0.651219
2504.0,93.0,1.0
2504.0,94.0,0.870433
2504.0,95.0,0.636565
2504.0,96.0,0.38892
2504.0,97.0,0.588193
2504.0,98.0,0.552509
2504.0,99.0,0.40967
2504.0,100.0,0.687207
2504.0,101.0,0.984193
2504.0,102.0,0.748091
2504.0,103.0,0.566843
2504.0,104.0,0.622121
2504.0,105.0,0.302899
2504.0,106.0,0.434919
2504.0,107.0,0.597714
2504.0,108.0,0.754528
2504.0,109.0,0.613325
2504.0,110.0,1.0
2504.0,111.0,0.0
2504.0,112.0,0.222028
2504.0,113.0,0.258809
2504.0,114.0,0.843377
2504.0,115.0,0.548747
2504.0,116.0,0.0
2504.0,117.0,0.359429
2504.0,118.0,0.749723
2504.0,119.0,0.64751
2504.0,120.0,0.813042
2504.0,121.0,0.285664
2504.0,122.0,0.214974
2504.0,123.0,0.045964
2504.0,124.0,0.256856
2504.0,125.0,0.374101
2504.0,126.0,0.516366
2505.0,0.0,0.381405
2505.0,1.0,0.701417
2505.0,2.0,0.070446
2505.0,3.0,0.725561
2505.0,4.0,0.672141
2505.0,5.0,1.0
2505.0,6.0,0.571649
2505.0,7.0,0.464386
2505.0,8.0,0.62153
2505.0,9.0,0.392525
2505.0,10.0,0.479766
2505.0,11.0,0.18083
2505.0,12.0,0.679646
2505.0,13.0,0.435237
2505.0,14.0,0.464783
2505.0,15.0,0.99719
2505.0,16.0,0.975059
2505.0,17.0,0.590683
2505.0,18.0,0.282763
2505.0,19.0,0.867804
2505.0,20.0,0.244269
2505.0,21.0,0.673287
2505.0,22.0,0.420964
2505.0,23.0,0.687256
2505.0,24.0,0.15149
2505.0,25.0,1.0
2505.0,26.0,0.934831
2505.0,27.0,0.808357
2505.0,28.0,0.261933
2505.0,29.0,0.0
2505.0,30.0,0.405641
2505.0,31.0,0.590926
2505.0,32.0,1.0
2505.0,33.0,0.010151
2505.0,34.0,0.754834
2505.0,35.0,0.552291
2505.0,36.0,0.587992
2505.0,37.0,0.856779
2505.0,38.0,0.414054
2505.0,39.0,0.566308
2505.0,40.0,0.566531
2505.0,41.0,0.0
2505.0,42.0,0.416877
2505.0,43.0,0.230301
2505.0,44.0,0.0
2505.0,45.0,0.997913
2505.0,46.0,0.313168
2505.0,47.0,0.0
2505.0,48.0,0.588614
2505.0,49.0,0.485446
2505.0,50.0,0.707769
2505.0,51.0,0.128078
2505.0,52.0,0.257688
2505.0,53.0,1.0
2505.0,54.0,1.0
2505.0,55.0,0.970548
2505.0,56.0,0.270998
2505.0,57.0,0.512917
2505.0,58.0,0.0
2505.0,59.0,0.570737
2505.0,60.0,0.49388
2505.0,61.0,0.756999
2505.0,62.0,0.380102
2505.0,63.0,0.613884
2505.0,64.0,1.0
2505.0,65.0,0.663845
2505.0,66.0,0.496556
2505.0,67.0,0.0
2505.0,68.0,0.755215
2505.0,69.0,0.0
2505.0,70.0,0.004372
2505.0,71.0,0.304288
2505.0,72.0,0.769486
2505.0,73.0,0.398226
2505.0,74.0,0.240052
2505.0,75.0,0.732464
2505.0,76.0,0.753573
2505.0,77.0,0.164425
2505.0,78.0,1.0
2505.0,79.0,0.968564
2505.0,80.0,0.313636
2505.0,81.0,0.568144
2505.0,82.0,0.0
2505.0,83.0,0.536279
2505.0,84.0,0.864612
2505.0,85.0,0.566453
2505.0,86.0,0.0
2505.0,87.0,1.0
2505.0,88.0,0.846586
2505.0,89.0,0.521778
2505.0,90.0,0.643682
2505.0,91.0,0.445655
2505.0,92.0,0.663649
2505.0,93.0,1.0
2505.0,94.0,0.878217
2505.0,95.0,0.639457
2505.0,96.0,0.401673
2505.0,97.0,0.621186
2505.0,98.0,0.567934
2505.0,99.0,0.417805
2505.0,100.0,0.69239
2505.0,101.0,0.984534
2505.0,102.0,0.750504
2505.0,103.0,0.576977
2505.0,104.0,0.631944
2505.0,105.0,0.334171
2505.0,106.0,0.450343
2505.0,107.0,0.617148
2505.0,108.0,0.762384
2505.0,109.0,0.615665
2505.0,110.0,1.0
2505.0,111.0,0.0
2505.0,112.0,0.228267
2505.0,113.0,0.276683
2505.0,114.0,0.852425
2505.0,115.0,0.556229
2505.0,116.0,0.0
2505.0,117.0,0.374876
2505.0,118.0,0.780928
2505.0,119.0,0.660919
2505.0,120.0,0.819044
2505.0,121.0,0.294481
2505.0,122.0,0.250381
2505.0,123.0,0.048294
2505.0,124.0,0.288339
2505.0,125.0,0.381358
2505.0,126.0,0.5206
2506.0,0.0,0.369475
2506.0,1.0,0.679846
2506.0,2.0,0.066846
2506.0,3.0,0.717136
2506.0,4.0,0.556399
2506.0,5.0,1.0
2506.0,6.0,0.554283
2506.0,7.0,0.413491
2506.0,8.0,0.607881
2506.0,9.0,0.391221
2506.0,10.0,0.450503
2506.0,11.0,0.211254
2506.0,12.0,0.673492
2506.0,13.0,0.420443
2506.0,14.0,0.453511
2506.0,15.0,0.997009
2506.0,16.0,0.973998
2506.0,17.0,0.531557
2506.0,18.0,0.273381
2506.0,19.0,0.865827
2506.0,20.0,0.239648
2506.0,21.0,0.667002
2506.0,22.0,0.405454
2506.0,23.0,0.646626
2506.0,24.0,0.147569
2506.0,25.0,1.0
2506.0,26.0,0.927666
2506.0,27.0,0.792278
2506.0,28.0,0.259598
2506.0,29.0,0.0
2506.0,30.0,0.382625
2506.0,31.0,0.564077
2506.0,32.0,1.0
2506.0,33.0,0.010096
2506.0,34.0,0.720773
2506.0,35.0,0.530198
2506.0,36.0,0.575956
2506.0,37.0,0.836819
2506.0,38.0,0.354723
2506.0,39.0,0.547097
2506.0,40.0,0.534405
2506.0,41.0,0.0
2506.0,42.0,0.394808
2506.0,43.0,0.220355
2506.0,44.0,0.0
2506.0,45.0,0.997745
2506.0,46.0,0.293316
2506.0,47.0,0.0
2506.0,48.0,0.581962
2506.0,49.0,0.451804
2506.0,50.0,0.67155
2506.0,51.0,0.118542
2506.0,52.0,0.247692
2506.0,53.0,1.0
2506.0,54.0,1.0
2506.0,55.0,0.970152
2506.0,56.0,0.268102
2506.0,57.0,0.521
2506.0,58.0,0.0
2506.0,59.0,0.509066
2506.0,60.0,0.474764
2506.0,61.0,0.750165
2506.0,62.0,0.358538
2506.0,63.0,0.595237
2506.0,64.0,1.0
2506.0,65.0,0.651635
2506.0,66.0,0.484762
2506.0,67.0,0.0
2506.0,68.0,0.74571
2506.0,69.0,0.0
2506.0,70.0,0.003926
2506.0,71.0,0.29768
2506.0,72.0,0.76577
2506.0,73.0,0.3812
2506.0,74.0,0.237542
2506.0,75.0,0.717763
2506.0,76.0,0.747629
2506.0,77.0,0.15659
2506.0,78.0,1.0
2506.0,79.0,0.966227
2506.0,80.0,0.310806
2506.0,81.0,0.514842
2506.0,82.0,0.0
2506.0,83.0,0.526763
2506.0,84.0,0.848199
2506.0,85.0,0.552726
2506.0,86.0,0.0
2506.0,87.0,1.0
2506.0,88.0,0.839247
2506.0,89.0,0.510798
2506.0,90.0,0.629936
2506.0,91.0,0.3812
2506.0,92.0,0.649428
2506.0,93.0,1.0
2506.0,94.0,0.869785
2506.0,95.0,0.636419
2506.0,96.0,0.387762
2506.0,97.0,0.574015
2506.0,98.0,0.549579
2506.0,99.0,0.407656
2506.0,100.0,0.687507
2506.0,101.0,0.983904
2506.0,102.0,0.748863
2506.0,103.0,0.564098
2506.0,104.0,0.620527
2506.0,105.0,0.294116
2506.0,106.0,0.432092
2506.0,107.0,0.593311
2506.0,108.0,0.753249
2506.0,109.0,0.614074
2506.0,110.0,1.0
2506.0,111.0,0.0
2506.0,112.0,0.221147
2506.0,113.0,0.255663
2506.0,114.0,0.841257
2506.0,115.0,0.547916
2506.0,116.0,0.0
2506.0,117.0,0.354884
2506.0,118.0,0.732317
2506.0,119.0,0.646049
2506.0,120.0,0.813589
2506.0,121.0,0.282544
2506.0,122.0,0.20969
2506.0,123.0,0.046061
2506.0,124.0,0.248849
2506.0,125.0,0.373919
2506.0,126.0,0.516634
2507.0,0.0,0.358995
2507.0,1.0,0.658415
2507.0,2.0,0.063463
2507.0,3.0,0.708919
2507.0,4.0,0.462972
2507.0,5.0,1.0
2507.0,6.0,0.539425
2507.0,7.0,0.370455
2507.0,8.0,0.595722
2507.0,9.0,0.386966
2507.0,10.0,0.421666
2507.0,11.0,0.231739
2507.0,12.0,0.668805
2507.0,13.0,0.406422
2507.0,14.0,0.442662
2507.0,15.0,0.996607
2507.0,16.0,0.972587
2507.0,17.0,0.480306
2507.0,18.0,0.26389
2507.0,19.0,0.863262
2507.0,20.0,0.234957
2507.0,21.0,0.661438
2507.0,22.0,0.389438
2507.0,23.0,0.607692
2507.0,24.0,0.143598
2507.0,25.0,1.0
2507.0,26.0,0.91989
2507.0,27.0,0.776783
2507.0,28.0,0.259019
2507.0,29.0,0.0
2507.0,30.0,0.361695
2507.0,31.0,0.537462
2507.0,32.0,1.0
2507.0,33.0,0.009733
2507.0,34.0,0.686037
2507.0,35.0,0.50921
2507.0,36.0,0.565133
2507.0,37.0,0.815249
2507.0,38.0,0.298817
2507.0,39.0,0.529141
2507.0,40.0,0.505101
2507.0,41.0,0.0
2507.0,42.0,0.372384
2507.0,43.0,0.210255
2507.0,44.0,0.0
2507.0,45.0,0.997646
2507.0,46.0,0.275952
2507.0,47.0,0.0
2507.0,48.0,0.575318
2507.0,49.0,0.420398
2507.0,50.0,0.636142
2507.0,51.0,0.110278
2507.0,52.0,0.238588
2507.0,53.0,1.0
2507.0,54.0,1.0
2507.0,55.0,0.969296
2507.0,56.0,0.265094
2507.0,57.0,0.525956
2507.0,58.0,0.0
2507.0,59.0,0.455648
2507.0,60.0,0.456502
2507.0,61.0,0.745742
2507.0,62.0,0.338245
2507.0,63.0,0.577607
2507.0,64.0,1.0
2507.0,65.0,0.640425
2507.0,66.0,0.472316
2507.0,67.0,0.0
2507.0,68.0,0.734657
2507.0,69.0,0.0
2507.0,70.0,0.003463
2507.0,71.0,0.29194
2507.0,72.0,0.763384
2507.0,73.0,0.366087
2507.0,74.0,0.234952
2507.0,75.0,0.703003
2507.0,76.0,0.741953
2507.0,77.0,0.149487
2507.0,78.0,1.0
2507.0,79.0,0.964079
2507.0,80.0,0.307242
2507.0,81.0,0.466391
2507.0,82.0,0.0
2507.0,83.0,0.516233
2507.0,84.0,0.831953
2507.0,85.0,0.539125
2507.0,86.0,0.0
2507.0,87.0,1.0
2507.0,88.0,0.831909
2507.0,89.0,0.499151
2507.0,90.0,0.616898
2507.0,91.0,0.323152
2507.0,92.0,0.635184
2507.0,93.0,1.0
2507.0,94.0,0.86287
2507.0,95.0,0.633086
2507.0,96.0,0.374247
2507.0,97.0,0.530068
2507.0,98.0,0.531749
2507.0,99.0,0.40035
2507.0,100.0,0.683603
2507.0,101.0,0.982957
2507.0,102.0,0.745404
2507.0,103.0,0.552005
2507.0,104.0,0.609907
2507.0,105.0,0.260152
2507.0,106.0,0.415228
2507.0,107.0,0.569855
2507.0,108.0,0.744548
2507.0,109.0,0.611903
2507.0,110.0,1.0
2507.0,111.0,0.0
2507.0,112.0,0.213252
2507.0,113.0,0.236313
2507.0,114.0,0.829896
2507.0,115.0,0.539976
2507.0,116.0,0.0
2507.0,117.0,0.337706
2507.0,118.0,0.682683
2507.0,119.0,0.630651
2507.0,120.0,0.807373
2507.0,121.0,0.272544
2507.0,122.0,0.174174
2507.0,123.0,0.043672
2507.0,124.0,0.215333
2507.0,125.0,0.366945
2507.0,126.0,0.512293
2508.0,0.0,0.349334
2508.0,1.0,0.638157
2508.0,2.0,0.059796
2508.0,3.0,0.700851
2508.0,4.0,0.390205
2508.0,5.0,1.0
2508.0,6.0,0.525875
2508.0,7.0,0.335111
2508.0,8.0,0.584024
2508.0,9.0,0.384376
2508.0,10.0,0.393021
2508.0,11.0,0.244111
2508.0,12.0,0.663114
2508.0,13.0,0.392566
2508.0,14.0,0.433241
2508.0,15.0,0.99616
2508.0,16.0,0.971566
2508.0,17.0,0.435859
2508.0,18.0,0.254213
2508.0,19.0,0.860631
2508.0,20.0,0.230058
2508.0,21.0,0.655778
2508.0,22.0,0.374173
2508.0,23.0,0.575227
2508.0,24.0,0.13997
2508.0,25.0,1.0
2508.0,26.0,0.911763
2508.0,27.0,0.76124
2508.0,28.0,0.258255
2508.0,29.0,0.0
2508.0,30.0,0.342819
2508.0,31.0,0.51048
2508.0,32.0,1.0
2508.0,33.0,0.009313
2508.0,34.0,0.651362
2508.0,35.0,0.489595
2508.0,36.0,0.55381
2508.0,37.0,0.792168
2508.0,38.0,0.249083
2508.0,39.0,0.511929
2508.0,40.0,0.47728
2508.0,41.0,0.0
2508.0,42.0,0.351654
2508.0,43.0,0.201621
2508.0,44.0,0.0
2508.0,45.0,0.997444
2508.0,46.0,0.259408
2508.0,47.0,0.0
2508.0,48.0,0.568992
2508.0,49.0,0.392888
2508.0,50.0,0.602766
2508.0,51.0,0.102356
2508.0,52.0,0.231003
2508.0,53.0,1.0
2508.0,54.0,1.0
2508.0,55.0,0.968522
2508.0,56.0,0.263501
2508.0,57.0,0.530018
2508.0,58.0,0.0
2508.0,59.0,0.410103
2508.0,60.0,0.438055
2508.0,61.0,0.73997
2508.0,62.0,0.318209
2508.0,63.0,0.559163
2508.0,64.0,1.0
2508.0,65.0,0.629911
2508.0,66.0,0.460839
2508.0,67.0,0.0
2508.0,68.0,0.722603
2508.0,69.0,0.0
2508.0,70.0,0.00325
2508.0,71.0,0.285835
2508.0,72.0,0.760738
2508.0,73.0,0.351785
2508.0,74.0,0.232749
2508.0,75.0,0.688519
2508.0,76.0,0.73543
2508.0,77.0,0.142832
2508.0,78.0,1.0
2508.0,79.0,0.962201
2508.0,80.0,0.303747
2508.0,81.0,0.420021
2508.0,82.0,0.0
2508.0,83.0,0.505456
2508.0,84.0,0.815989
2508.0,85.0,0.527295
2508.0,86.0,0.0
2508.0,87.0,1.0
2508.0,88.0,0.823017
2508.0,89.0,0.487715
2508.0,90.0,0.604674
2508.0,91.0,0.271584
2508.0,92.0,0.621255
2508.0,93.0,1.0
2508.0,94.0,0.855381
2508.0,95.0,0.629517
2508.0,96.0,0.362333
2508.0,97.0,0.488632
2508.0,98.0,0.514606
2508.0,99.0,0.392609
2508.0,100.0,0.678946
2508.0,101.0,0.981872
2508.0,102.0,0.74118
2508.0,103.0,0.540718
2508.0,104.0,0.600502
2508.0,105.0,0.232094
2508.0,106.0,0.398979
2508.0,107.0,0.547811
2508.0,108.0,0.736032
2508.0,109.0,0.608776
2508.0,110.0,1.0
2508.0,111.0,0.0
2508.0,112.0,0.205875
2508.0,113.0,0.219354
2508.0,114.0,0.81887
2508.0,115.0,0.533214
2508.0,116.0,0.0
2508.0,117.0,0.322355
2508.0,118.0,0.63453
2508.0,119.0,0.616062
2508.0,120.0,0.801279
2508.0,121.0,0.262097
2508.0,122.0,0.143437
2508.0,123.0,0.041207
2508.0,124.0,0.187263
2508.0,125.0,0.360199
2508.0,126.0,0.507771
2509.0,0.0,0.339693
2509.0,1.0,0.618813
2509.0,2.0,0.05729
2509.0,3.0,0.693409
2509.0,4.0,0.337659
2509.0,5.0,1.0
2509.0,6.0,0.512158
2509.0,7.0,0.304172
2509.0,8.0,0.571939
2509.0,9.0,0.381742
2509.0,10.0,0.364998
2509.0,11.0,0.24935
2509.0,12.0,0.658304
2509.0,13.0,0.37942
2509.0,14.0,0.424342
2509.0,15.0,0.995703
2509.0,16.0,0.97001
2509.0,17.0,0.398172
2509.0,18.0,0.245616
2509.0,19.0,0.858111
2509.0,20.0,0.225873
2509.0,21.0,0.649723
2509.0,22.0,0.360582
2509.0,23.0,0.546075
2509.0,24.0,0.135541
2509.0,25.0,1.0
2509.0,26.0,0.902106
2509.0,27.0,0.745627
2509.0,28.0,0.256137
2509.0,29.0,0.0
2509.0,30.0,0.325102
2509.0,31.0,0.483256
2509.0,32.0,1.0
2509.0,33.0,0.009256
2509.0,34.0,0.617659
2509.0,35.0,0.470575
2509.0,36.0,0.543566
2509.0,37.0,0.76709
2509.0,38.0,0.205278
2509.0,39.0,0.49567
2509.0,40.0,0.451198
2509.0,41.0,0.0
2509.0,42.0,0.331622
2509.0,43.0,0.192724
2509.0,44.0,0.0
2509.0,45.0,0.99725
2509.0,46.0,0.244554
2509.0,47.0,0.0
2509.0,48.0,0.563279
2509.0,49.0,0.368266
2509.0,50.0,0.570616
2509.0,51.0,0.095957
2509.0,52.0,0.222926
2509.0,53.0,1.0
2509.0,54.0,1.0
2509.0,55.0,0.967974
2509.0,56.0,0.260458
2509.0,57.0,0.532898
2509.0,58.0,0.0
2509.0,59.0,0.37068
2509.0,60.0,0.422044
2509.0,61.0,0.735802
2509.0,62.0,0.300501
2509.0,63.0,0.541608
2509.0,64.0,1.0
2509.0,65.0,0.620188
2509.0,66.0,0.450848
2509.0,67.0,0.0
2509.0,68.0,0.711849
2509.0,69.0,0.0
2509.0,70.0,0.003091
2509.0,71.0,0.280279
2509.0,72.0,0.75895
2509.0,73.0,0.33837
2509.0,74.0,0.23057
2509.0,75.0,0.674822
2509.0,76.0,0.729887
2509.0,77.0,0.136815
2509.0,78.0,1.0
2509.0,79.0,0.960237
2509.0,80.0,0.299314
2509.0,81.0,0.377417
2509.0,82.0,0.0
2509.0,83.0,0.495757
2509.0,84.0,0.800013
2509.0,85.0,0.514031
2509.0,86.0,0.0
2509.0,87.0,1.0
2509.0,88.0,0.813578
2509.0,89.0,0.476736
2509.0,90.0,0.591672
2509.0,91.0,0.226545
2509.0,92.0,0.608169
2509.0,93.0,1.0
2509.0,94.0,0.847671
2509.0,95.0,0.625633
2509.0,96.0,0.3512
2509.0,97.0,0.450895
2509.0,98.0,0.497868
2509.0,99.0,0.386561
2509.0,100.0,0.674795
2509.0,101.0,0.980724
2509.0,102.0,0.736467
2509.0,103.0,0.528838
2509.0,104.0,0.590095
2509.0,105.0,0.207947
2509.0,106.0,0.382677
2509.0,107.0,0.526113
2509.0,108.0,0.72758
2509.0,109.0,0.60516
2509.0,110.0,1.0
2509.0,111.0,0.0
2509.0,112.0,0.198932
2509.0,113.0,0.203842
2509.0,114.0,0.806508
2509.0,115.0,0.52613
2509.0,116.0,0.0
2509.0,117.0,0.307256
2509.0,118.0,0.587156
2509.0,119.0,0.601864
2509.0,120.0,0.795229
2509.0,121.0,0.25219
2509.0,122.0,0.117915
2509.0,123.0,0.038973
2509.0,124.0,0.162749
2509.0,125.0,0.354743
2509.0,126.0,0.501203
2510.0,0.0,0.330402
2510.0,1.0,0.599368
2510.0,2.0,0.054522
2510.0,3.0,0.685158
2510.0,4.0,0.29703
2510.0,5.0,1.0
2510.0,6.0,0.497886
2510.0,7.0,0.278289
2510.0,8.0,0.560936
2510.0,9.0,0.378574
2510.0,10.0,0.335291
2510.0,11.0,0.250225
2510.0,12.0,0.654087
2510.0,13.0,0.365023
2510.0,14.0,0.41431
2510.0,15.0,0.995226
2510.0,16.0,0.968746
2510.0,17.0,0.366364
2510.0,18.0,0.23755
2510.0,19.0,0.856405
2510.0,20.0,0.222537
2510.0,21.0,0.64235
2510.0,22.0,0.346454
2510.0,23.0,0.520816
2510.0,24.0,0.130657
2510.0,25.0,1.0
2510.0,26.0,0.891159
2510.0,27.0,0.729007
2510.0,28.0,0.254579
2510.0,29.0,0.0
2510.0,30.0,0.308591
2510.0,31.0,0.455798
2510.0,32.0,1.0
2510.0,33.0,0.009098
2510.0,34.0,0.585181
2510.0,35.0,0.452334
2510.0,36.0,0.534187
2510.0,37.0,0.740947
2510.0,38.0,0.167531
2510.0,39.0,0.481744
2510.0,40.0,0.427772
2510.0,41.0,0.0
2510.0,42.0,0.310526
2510.0,43.0,0.18522
2510.0,44.0,0.0
2510.0,45.0,0.997192
2510.0,46.0,0.230691
2510.0,47.0,0.0
2510.0,48.0,0.556927
2510.0,49.0,0.346826
2510.0,50.0,0.540601
2510.0,51.0,0.088622
2510.0,52.0,0.215036
2510.0,53.0,1.0
2510.0,54.0,1.0
2510.0,55.0,0.967394
2510.0,56.0,0.257738
2510.0,57.0,0.534621
2510.0,58.0,0.0
2510.0,59.0,0.336758
2510.0,60.0,0.405604
2510.0,61.0,0.731611
2510.0,62.0,0.283001
2510.0,63.0,0.523559
2510.0,64.0,1.0
2510.0,65.0,0.609624
2510.0,66.0,0.440005
2510.0,67.0,0.0
2510.0,68.0,0.700929
2510.0,69.0,0.0
2510.0,70.0,0.002821
2510.0,71.0,0.275833
2510.0,72.0,0.756483
2510.0,73.0,0.325688
2510.0,74.0,0.227705
2510.0,75.0,0.661914
2510.0,76.0,0.724014
2510.0,77.0,0.130866
2510.0,78.0,1.0
2510.0,79.0,0.957941
2510.0,80.0,0.295698
2510.0,81.0,0.338229
2510.0,82.0,0.0
2510.0,83.0,0.485974
2510.0,84.0,0.784159
2510.0,85.0,0.50264
2510.0,86.0,0.0
2510.0,87.0,1.0
2510.0,88.0,0.80501
2510.0,89.0,0.464019
2510.0,90.0,0.578439
2510.0,91.0,0.186878
2510.0,92.0,0.595587
2510.0,93.0,1.0
2510.0,94.0,0.840443
2510.0,95.0,0.622589
2510.0,96.0,0.339803
2510.0,97.0,0.416913
2510.0,98.0,0.482501
2510.0,99.0,0.380531
2510.0,100.0,0.668721
2510.0,101.0,0.979641
2510.0,102.0,0.731846
2510.0,103.0,0.518087
2510.0,104.0,0.580783
2510.0,105.0,0.185973
2510.0,106.0,0.366243
2510.0,107.0,0.504935
2510.0,108.0,0.718783
2510.0,109.0,0.602183
2510.0,110.0,1.0
2510.0,111.0,0.0
2510.0,112.0,0.193841
2510.0,113.0,0.189231
2510.0,114.0,0.794397
2510.0,115.0,0.519502
2510.0,116.0,0.0
2510.0,117.0,0.29388
2510.0,118.0,0.543894
2510.0,119.0,0.587998
2510.0,120.0,0.789858
2510.0,121.0,0.243327
2510.0,122.0,0.096224
2510.0,123.0,0.037447
2510.0,124.0,0.14289
2510.0,125.0,0.349827
2510.0,126.0,0.496555
