FREQUENCIES 
Gen,mut_id,mut_freq
1.0,0.0,0.5
1.0,1.0,0.5
1.0,2.0,0.5
1.0,3.0,0.5
1.0,4.0,0.5
1.0,5.0,0.5
1.0,6.0,0.5
1.0,7.0,0.5
1.0,8.0,0.5
1.0,9.0,0.5
1.0,10.0,0.5
1.0,11.0,0.5
1.0,12.0,0.5
1.0,13.0,0.5
1.0,14.0,0.5
1.0,15.0,0.5
1.0,16.0,0.5
1.0,17.0,0.5
1.0,18.0,0.5
1.0,19.0,0.5
1.0,20.0,0.5
1.0,21.0,0.5
1.0,22.0,0.5
1.0,23.0,0.5
1.0,24.0,0.5
1.0,25.0,0.5
1.0,26.0,0.5
1.0,27.0,0.5
1.0,28.0,0.5
1.0,29.0,0.5
1.0,30.0,0.5
1.0,31.0,0.5
1.0,32.0,0.5
1.0,33.0,0.5
1.0,34.0,0.5
1.0,35.0,0.5
1.0,36.0,0.5
2500.0,0.0,0.987328
2500.0,1.0,0.845273
2500.0,2.0,0.078074
2500.0,3.0,0.598541
2500.0,4.0,0.0
2500.0,5.0,0.54923
2500.0,6.0,1.0
2500.0,7.0,0.492304
2500.0,8.0,0.000733
2500.0,9.0,1.0
2500.0,10.0,0.99708
2500.0,11.0,0.118989
2500.0,12.0,0.377167
2500.0,13.0,0.047244
2500.0,14.0,0.702462
2500.0,15.0,0.999622
2500.0,16.0,0.999936
2500.0,17.0,0.379608
2500.0,18.0,0.492449
2500.0,19.0,0.26114
2500.0,20.0,1.0
2500.0,21.0,0.352051
2500.0,22.0,1.0
2500.0,23.0,0.792118
2500.0,24.0,0.590975
2500.0,25.0,0.0
2500.0,26.0,0.66986
2500.0,27.0,0.02818
2500.0,28.0,0.559108
2500.0,29.0,0.27807
2500.0,30.0,0.97013
2500.0,31.0,0.546998
2500.0,32.0,0.307581
2500.0,33.0,0.462483
2500.0,34.0,0.000596
2500.0,35.0,0.299227
2500.0,36.0,0.341532
2501.0,0.0,0.987388
2501.0,1.0,0.847467
2501.0,2.0,0.081093
2501.0,3.0,0.605219
2501.0,4.0,0.0
2501.0,5.0,0.550666
2501.0,6.0,1.0
2501.0,7.0,0.501619
2501.0,8.0,0.000773
2501.0,9.0,1.0
2501.0,10.0,0.997164
2501.0,11.0,0.124927
2501.0,12.0,0.397851
2501.0,13.0,0.047748
2501.0,14.0,0.70589
2501.0,15.0,0.999642
2501.0,16.0,0.999936
2501.0,17.0,0.382852
2501.0,18.0,0.495413
2501.0,19.0,0.274339
2501.0,20.0,1.0
2501.0,21.0,0.360191
2501.0,22.0,1.0
2501.0,23.0,0.800166
2501.0,24.0,0.61197
2501.0,25.0,0.0
2501.0,26.0,0.676279
2501.0,27.0,0.028046
2501.0,28.0,0.567018
2501.0,29.0,0.27819
2501.0,30.0,0.973446
2501.0,31.0,0.550749
2501.0,32.0,0.309097
2501.0,33.0,0.462484
2501.0,34.0,0.000643
2501.0,35.0,0.335871
2501.0,36.0,0.349631
2502.0,0.0,0.987648
2502.0,1.0,0.849099
2502.0,2.0,0.085142
2502.0,3.0,0.611955
2502.0,4.0,0.0
2502.0,5.0,0.551293
2502.0,6.0,1.0
2502.0,7.0,0.511592
2502.0,8.0,0.00086
2502.0,9.0,1.0
2502.0,10.0,0.997189
2502.0,11.0,0.131113
2502.0,12.0,0.418107
2502.0,13.0,0.048408
2502.0,14.0,0.709647
2502.0,15.0,0.999669
2502.0,16.0,0.999938
2502.0,17.0,0.386685
2502.0,18.0,0.498072
2502.0,19.0,0.288926
2502.0,20.0,1.0
2502.0,21.0,0.368614
2502.0,22.0,1.0
2502.0,23.0,0.808051
2502.0,24.0,0.632003
2502.0,25.0,0.0
2502.0,26.0,0.68257
2502.0,27.0,0.028113
2502.0,28.0,0.574241
2502.0,29.0,0.278038
2502.0,30.0,0.976361
2502.0,31.0,0.555464
2502.0,32.0,0.311457
2502.0,33.0,0.463014
2502.0,34.0,0.000713
2502.0,35.0,0.370343
2502.0,36.0,0.357276
2503.0,0.0,0.987882
2503.0,1.0,0.851501
2503.0,2.0,0.088572
2503.0,3.0,0.617971
2503.0,4.0,0.0
2503.0,5.0,0.553346
2503.0,6.0,1.0
2503.0,7.0,0.520934
2503.0,8.0,0.000928
2503.0,9.0,1.0
2503.0,10.0,0.997268
2503.0,11.0,0.137661
2503.0,12.0,0.438194
2503.0,13.0,0.04962
2503.0,14.0,0.712644
2503.0,15.0,0.999685
2503.0,16.0,0.999942
2503.0,17.0,0.390351
2503.0,18.0,0.500301
2503.0,19.0,0.303733
2503.0,20.0,1.0
2503.0,21.0,0.376564
2503.0,22.0,1.0
2503.0,23.0,0.815692
2503.0,24.0,0.649848
2503.0,25.0,0.0
2503.0,26.0,0.689392
2503.0,27.0,0.028313
2503.0,28.0,0.581098
2503.0,29.0,0.278155
2503.0,30.0,0.97912
2503.0,31.0,0.559479
2503.0,32.0,0.31358
2503.0,33.0,0.463108
2503.0,34.0,0.000715
2503.0,35.0,0.403683
2503.0,36.0,0.365565
2504.0,0.0,0.988093
2504.0,1.0,0.853845
2504.0,2.0,0.09179
2504.0,3.0,0.62528
2504.0,4.0,0.0
2504.0,5.0,0.554732
2504.0,6.0,1.0
2504.0,7.0,0.530019
2504.0,8.0,0.000944
2504.0,9.0,1.0
2504.0,10.0,0.997361
2504.0,11.0,0.143227
2504.0,12.0,0.458011
2504.0,13.0,0.050573
2504.0,14.0,0.71625
2504.0,15.0,0.999711
2504.0,16.0,0.999929
2504.0,17.0,0.394663
2504.0,18.0,0.502772
2504.0,19.0,0.318491
2504.0,20.0,1.0
2504.0,21.0,0.384419
2504.0,22.0,1.0
2504.0,23.0,0.822745
2504.0,24.0,0.666981
2504.0,25.0,0.0
2504.0,26.0,0.695686
2504.0,27.0,0.028223
2504.0,28.0,0.58813
2504.0,29.0,0.278201
2504.0,30.0,0.981267
2504.0,31.0,0.562398
2504.0,32.0,0.31557
2504.0,33.0,0.463084
2504.0,34.0,0.000754
2504.0,35.0,0.433539
2504.0,36.0,0.372251
2505.0,0.0,0.988406
2505.0,1.0,0.855758
2505.0,2.0,0.095275
2505.0,3.0,0.631497
2505.0,4.0,0.0
2505.0,5.0,0.557052
2505.0,6.0,1.0
2505.0,7.0,0.53874
2505.0,8.0,0.001009
2505.0,9.0,1.0
2505.0,10.0,0.997457
2505.0,11.0,0.149235
2505.0,12.0,0.477249
2505.0,13.0,0.051235
2505.0,14.0,0.71966
2505.0,15.0,0.999717
2505.0,16.0,0.999939
2505.0,17.0,0.398061
2505.0,18.0,0.505419
2505.0,19.0,0.334464
2505.0,20.0,1.0
2505.0,21.0,0.391669
2505.0,22.0,1.0
2505.0,23.0,0.829422
2505.0,24.0,0.682373
2505.0,25.0,0.0
2505.0,26.0,0.701783
2505.0,27.0,0.028352
2505.0,28.0,0.594929
2505.0,29.0,0.2791
2505.0,30.0,0.983339
2505.0,31.0,0.566906
2505.0,32.0,0.317392
2505.0,33.0,0.463657
2505.0,34.0,0.0008
2505.0,35.0,0.461897
2505.0,36.0,0.379174
2506.0,0.0,0.988416
2506.0,1.0,0.853406
2506.0,2.0,0.091572
2506.0,3.0,0.624214
2506.0,4.0,0.0
2506.0,5.0,0.555841
2506.0,6.0,1.0
2506.0,7.0,0.528854
2506.0,8.0,0.000983
2506.0,9.0,1.0
2506.0,10.0,0.997329
2506.0,11.0,0.142526
2506.0,12.0,0.455564
2506.0,13.0,0.050426
2506.0,14.0,0.716427
2506.0,15.0,0.999713
2506.0,16.0,0.999947
2506.0,17.0,0.394926
2506.0,18.0,0.502985
2506.0,19.0,0.317391
2506.0,20.0,1.0
2506.0,21.0,0.383559
2506.0,22.0,1.0
2506.0,23.0,0.822371
2506.0,24.0,0.663862
2506.0,25.0,0.0
2506.0,26.0,0.694884
2506.0,27.0,0.028207
2506.0,28.0,0.588246
2506.0,29.0,0.27795
2506.0,30.0,0.981343
2506.0,31.0,0.562804
2506.0,32.0,0.316077
2506.0,33.0,0.465095
2506.0,34.0,0.000757
2506.0,35.0,0.431172
2506.0,36.0,0.371498
2507.0,0.0,0.988367
2507.0,1.0,0.851307
2507.0,2.0,0.087393
2507.0,3.0,0.617769
2507.0,4.0,0.0
2507.0,5.0,0.554579
2507.0,6.0,1.0
2507.0,7.0,0.51902
2507.0,8.0,0.000934
2507.0,9.0,1.0
2507.0,10.0,0.997308
2507.0,11.0,0.135706
2507.0,12.0,0.434597
2507.0,13.0,0.049327
2507.0,14.0,0.713471
2507.0,15.0,0.999707
2507.0,16.0,0.999944
2507.0,17.0,0.391183
2507.0,18.0,0.499725
2507.0,19.0,0.300764
2507.0,20.0,1.0
2507.0,21.0,0.375273
2507.0,22.0,1.0
2507.0,23.0,0.814544
2507.0,24.0,0.645001
2507.0,25.0,0.0
2507.0,26.0,0.689067
2507.0,27.0,0.02819
2507.0,28.0,0.579227
2507.0,29.0,0.277357
2507.0,30.0,0.978768
2507.0,31.0,0.559839
2507.0,32.0,0.314169
2507.0,33.0,0.465322
2507.0,34.0,0.000721
2507.0,35.0,0.399082
2507.0,36.0,0.364049
2508.0,0.0,0.988085
2508.0,1.0,0.848638
2508.0,2.0,0.08468
2508.0,3.0,0.610852
2508.0,4.0,0.0
2508.0,5.0,0.553187
2508.0,6.0,1.0
2508.0,7.0,0.509213
2508.0,8.0,0.000875
2508.0,9.0,1.0
2508.0,10.0,0.997184
2508.0,11.0,0.129311
2508.0,12.0,0.41508
2508.0,13.0,0.048258
2508.0,14.0,0.711037
2508.0,15.0,0.999694
2508.0,16.0,0.999938
2508.0,17.0,0.387616
2508.0,18.0,0.497347
2508.0,19.0,0.285931
2508.0,20.0,1.0
2508.0,21.0,0.368563
2508.0,22.0,1.0
2508.0,23.0,0.80649
2508.0,24.0,0.626798
2508.0,25.0,0.0
2508.0,26.0,0.682397
2508.0,27.0,0.028188
2508.0,28.0,0.572846
2508.0,29.0,0.277971
2508.0,30.0,0.976224
2508.0,31.0,0.555644
2508.0,32.0,0.311545
2508.0,33.0,0.465719
2508.0,34.0,0.000699
2508.0,35.0,0.365764
2508.0,36.0,0.357118
2509.0,0.0,0.988022
2509.0,1.0,0.846673
2509.0,2.0,0.081943
2509.0,3.0,0.604344
2509.0,4.0,0.0
2509.0,5.0,0.551465
2509.0,6.0,1.0
2509.0,7.0,0.49927
2509.0,8.0,0.000786
2509.0,9.0,1.0
2509.0,10.0,0.996999
2509.0,11.0,0.123419
2509.0,12.0,0.396092
2509.0,13.0,0.04765
2509.0,14.0,0.707963
2509.0,15.0,0.999647
2509.0,16.0,0.999923
2509.0,17.0,0.383698
2509.0,18.0,0.4944
2509.0,19.0,0.271895
2509.0,20.0,1.0
2509.0,21.0,0.361402
2509.0,22.0,1.0
2509.0,23.0,0.799593
2509.0,24.0,0.608271
2509.0,25.0,0.0
2509.0,26.0,0.676304
2509.0,27.0,0.028098
2509.0,28.0,0.566501
2509.0,29.0,0.277653
2509.0,30.0,0.973366
2509.0,31.0,0.552464
2509.0,32.0,0.309487
2509.0,33.0,0.465353
2509.0,34.0,0.000664
2509.0,35.0,0.332727
2509.0,36.0,0.350119
2510.0,0.0,0.987935
2510.0,1.0,0.844309
2510.0,2.0,0.078916
2510.0,3.0,0.598894
2510.0,4.0,0.0
2510.0,5.0,0.549976
2510.0,6.0,1.0
2510.0,7.0,0.489989
2510.0,8.0,0.000753
2510.0,9.0,1.0
2510.0,10.0,0.996929
2510.0,11.0,0.117775
2510.0,12.0,0.377178
2510.0,13.0,0.046794
2510.0,14.0,0.704861
2510.0,15.0,0.999619
2510.0,16.0,0.999916
2510.0,17.0,0.379832
2510.0,18.0,0.491821
2510.0,19.0,0.259494
2510.0,20.0,1.0
2510.0,21.0,0.35437
2510.0,22.0,1.0
2510.0,23.0,0.79228
2510.0,24.0,0.589804
2510.0,25.0,0.0
2510.0,26.0,0.670046
2510.0,27.0,0.027854
2510.0,28.0,0.559792
2510.0,29.0,0.277086
2510.0,30.0,0.970196
2510.0,31.0,0.548887
2510.0,32.0,0.307598
2510.0,33.0,0.466503
2510.0,34.0,0.000631
2510.0,35.0,0.299805
2510.0,36.0,0.343339
