FREQUENCIES 
Gen,mut_id,mut_freq
1.0,0.0,0.5
1.0,1.0,0.5
1.0,2.0,0.5
1.0,3.0,0.5
1.0,4.0,0.5
1.0,5.0,0.5
1.0,6.0,0.5
1.0,7.0,0.5
1.0,8.0,0.5
1.0,9.0,0.5
1.0,10.0,0.5
1.0,11.0,0.5
1.0,12.0,0.5
1.0,13.0,0.5
1.0,14.0,0.5
1.0,15.0,0.5
1.0,16.0,0.5
1.0,17.0,0.5
1.0,18.0,0.5
1.0,19.0,0.5
1.0,20.0,0.5
1.0,21.0,0.5
1.0,22.0,0.5
1.0,23.0,0.5
1.0,24.0,0.5
1.0,25.0,0.5
1.0,26.0,0.5
1.0,27.0,0.5
1.0,28.0,0.5
1.0,29.0,0.5
1.0,30.0,0.5
1.0,31.0,0.5
1.0,32.0,0.5
1.0,33.0,0.5
1.0,34.0,0.5
1.0,35.0,0.5
1.0,36.0,0.5
1.0,37.0,0.5
1.0,38.0,0.5
1.0,39.0,0.5
1.0,40.0,0.5
1.0,41.0,0.5
1.0,42.0,0.5
1.0,43.0,0.5
1.0,44.0,0.5
1.0,45.0,0.5
1.0,46.0,0.5
1.0,47.0,0.5
1.0,48.0,0.5
1.0,49.0,0.5
1.0,50.0,0.5
1.0,51.0,0.5
1.0,52.0,0.5
1.0,53.0,0.5
1.0,54.0,0.5
1.0,55.0,0.5
1.0,56.0,0.5
1.0,57.0,0.5
1.0,58.0,0.5
1.0,59.0,0.5
1.0,60.0,0.5
1.0,61.0,0.5
1.0,62.0,0.5
1.0,63.0,0.5
1.0,64.0,0.5
1.0,65.0,0.5
1.0,66.0,0.5
1.0,67.0,0.5
1.0,68.0,0.5
1.0,69.0,0.5
1.0,70.0,0.5
1.0,71.0,0.5
1.0,72.0,0.5
1.0,73.0,0.5
1.0,74.0,0.5
1.0,75.0,0.5
1.0,76.0,0.5
1.0,77.0,0.5
1.0,78.0,0.5
1.0,79.0,0.5
1.0,80.0,0.5
1.0,81.0,0.5
1.0,82.0,0.5
1.0,83.0,0.5
1.0,84.0,0.5
1.0,85.0,0.5
1.0,86.0,0.5
1.0,87.0,0.5
1.0,88.0,0.5
1.0,89.0,0.5
1.0,90.0,0.5
1.0,91.0,0.5
1.0,92.0,0.5
1.0,93.0,0.5
1.0,94.0,0.5
1.0,95.0,0.5
1.0,96.0,0.5
1.0,97.0,0.5
1.0,98.0,0.5
1.0,99.0,0.5
1.0,100.0,0.5
1.0,101.0,0.5
1.0,102.0,0.5
1.0,103.0,0.5
1.0,104.0,0.5
1.0,105.0,0.5
1.0,106.0,0.5
1.0,107.0,0.5
1.0,108.0,0.5
1.0,109.0,0.5
1.0,110.0,0.5
1.0,111.0,0.5
1.0,112.0,0.5
1.0,113.0,0.5
1.0,114.0,0.5
1.0,115.0,0.5
1.0,116.0,0.5
1.0,117.0,0.5
1.0,118.0,0.5
1.0,119.0,0.5
1.0,120.0,0.5
1.0,121.0,0.5
1.0,122.0,0.5
1.0,123.0,0.5
1.0,124.0,0.5
1.0,125.0,0.5
1.0,126.0,0.5
1.0,127.0,0.5
1.0,128.0,0.5
1.0,129.0,0.5
1.0,130.0,0.5
1.0,131.0,0.5
1.0,132.0,0.5
1.0,133.0,0.5
1.0,134.0,0.5
1.0,135.0,0.5
1.0,136.0,0.5
1.0,137.0,0.5
1.0,138.0,0.5
1.0,139.0,0.5
1.0,140.0,0.5
1.0,141.0,0.5
1.0,142.0,0.5
1.0,143.0,0.5
1.0,144.0,0.5
1.0,145.0,0.5
1.0,146.0,0.5
1.0,147.0,0.5
2500.0,0.0,0.519363
2500.0,1.0,0.6563
2500.0,2.0,0.037471
2500.0,3.0,0.028725
2500.0,4.0,0.576233
2500.0,5.0,0.716756
2500.0,6.0,0.42752
2500.0,7.0,0.284359
2500.0,8.0,0.999854
2500.0,9.0,1.0
2500.0,10.0,0.365151
2500.0,11.0,0.532136
2500.0,12.0,0.618481
2500.0,13.0,0.0
2500.0,14.0,0.41839
2500.0,15.0,0.460046
2500.0,16.0,0.26783
2500.0,17.0,0.001218
2500.0,18.0,0.723479
2500.0,19.0,0.467928
2500.0,20.0,0.545284
2500.0,21.0,0.551024
2500.0,22.0,1.0
2500.0,23.0,0.540629
2500.0,24.0,0.388239
2500.0,25.0,0.74461
2500.0,26.0,0.168948
2500.0,27.0,0.430363
2500.0,28.0,0.315734
2500.0,29.0,0.0
2500.0,30.0,0.666542
2500.0,31.0,0.624751
2500.0,32.0,0.0
2500.0,33.0,0.47305
2500.0,34.0,0.595841
2500.0,35.0,0.543876
2500.0,36.0,0.006865
2500.0,37.0,0.626594
2500.0,38.0,0.880939
2500.0,39.0,0.177423
2500.0,40.0,0.599237
2500.0,41.0,0.148025
2500.0,42.0,0.327022
2500.0,43.0,0.606361
2500.0,44.0,1.0
2500.0,45.0,0.331203
2500.0,46.0,0.424159
2500.0,47.0,0.831718
2500.0,48.0,0.277021
2500.0,49.0,0.074128
2500.0,50.0,0.0
2500.0,51.0,0.255252
2500.0,52.0,1.0
2500.0,53.0,0.815074
2500.0,54.0,0.037273
2500.0,55.0,0.999763
2500.0,56.0,0.498667
2500.0,57.0,0.350191
2500.0,58.0,0.284288
2500.0,59.0,0.184039
2500.0,60.0,0.430941
2500.0,61.0,0.287308
2500.0,62.0,0.939829
2500.0,63.0,0.383402
2500.0,64.0,0.464457
2500.0,65.0,0.997988
2500.0,66.0,0.986131
2500.0,67.0,0.268642
2500.0,68.0,0.254653
2500.0,69.0,0.082313
2500.0,70.0,0.0
2500.0,71.0,0.998216
2500.0,72.0,0.273681
2500.0,73.0,0.604045
2500.0,74.0,0.263362
2500.0,75.0,0.415972
2500.0,76.0,0.315146
2500.0,77.0,0.852274
2500.0,78.0,1.0
2500.0,79.0,0.310243
2500.0,80.0,0.0
2500.0,81.0,0.539837
2500.0,82.0,0.0
2500.0,83.0,0.445764
2500.0,84.0,0.672969
2500.0,85.0,0.902828
2500.0,86.0,0.752616
2500.0,87.0,0.0
2500.0,88.0,0.011072
2500.0,89.0,0.075573
2500.0,90.0,0.171852
2500.0,91.0,0.337496
2500.0,92.0,0.14391
2500.0,93.0,0.638284
2500.0,94.0,0.168733
2500.0,95.0,0.0
2500.0,96.0,0.082314
2500.0,97.0,0.001022
2500.0,98.0,0.483968
2500.0,99.0,0.885107
2500.0,100.0,0.323314
2500.0,101.0,0.476269
2500.0,102.0,0.780999
2500.0,103.0,0.970453
2500.0,104.0,0.365083
2500.0,105.0,0.206375
2500.0,106.0,0.310548
2500.0,107.0,0.185041
2500.0,108.0,0.0
2500.0,109.0,0.640259
2500.0,110.0,1.0
2500.0,111.0,0.308361
2500.0,112.0,0.999364
2500.0,113.0,0.025323
2500.0,114.0,0.428271
2500.0,115.0,0.150767
2500.0,116.0,0.467482
2500.0,117.0,0.463445
2500.0,118.0,0.270333
2500.0,119.0,0.878829
2500.0,120.0,0.572306
2500.0,121.0,0.0
2500.0,122.0,0.283898
2500.0,123.0,0.570732
2500.0,124.0,0.993385
2500.0,125.0,0.27062
2500.0,126.0,0.631809
2500.0,127.0,0.291521
2500.0,128.0,0.43933
2500.0,129.0,0.557452
2500.0,130.0,0.134969
2500.0,131.0,0.083765
2500.0,132.0,0.970144
2500.0,133.0,0.503937
2500.0,134.0,4.9e-05
2500.0,135.0,0.732479
2500.0,136.0,0.270708
2500.0,137.0,0.50491
2500.0,138.0,0.390186
2500.0,139.0,0.232548
2500.0,140.0,0.287586
2500.0,141.0,0.668175
2500.0,142.0,0.49379
2500.0,143.0,0.582637
2500.0,144.0,0.001013
2500.0,145.0,0.345064
2500.0,146.0,0.681937
2500.0,147.0,0.145407
2501.0,0.0,0.539083
2501.0,1.0,0.667688
2501.0,2.0,0.037462
2501.0,3.0,0.028918
2501.0,4.0,0.594489
2501.0,5.0,0.721552
2501.0,6.0,0.437145
2501.0,7.0,0.307116
2501.0,8.0,0.999869
2501.0,9.0,1.0
2501.0,10.0,0.379876
2501.0,11.0,0.541081
2501.0,12.0,0.63638
2501.0,13.0,0.0
2501.0,14.0,0.449618
2501.0,15.0,0.463772
2501.0,16.0,0.280278
2501.0,17.0,0.001321
2501.0,18.0,0.731451
2501.0,19.0,0.485536
2501.0,20.0,0.558123
2501.0,21.0,0.556479
2501.0,22.0,1.0
2501.0,23.0,0.552951
2501.0,24.0,0.395648
2501.0,25.0,0.789482
2501.0,26.0,0.170855
2501.0,27.0,0.44476
2501.0,28.0,0.317398
2501.0,29.0,0.0
2501.0,30.0,0.672804
2501.0,31.0,0.645489
2501.0,32.0,0.0
2501.0,33.0,0.48448
2501.0,34.0,0.607686
2501.0,35.0,0.551526
2501.0,36.0,0.007088
2501.0,37.0,0.630454
2501.0,38.0,0.882327
2501.0,39.0,0.180614
2501.0,40.0,0.650626
2501.0,41.0,0.153843
2501.0,42.0,0.332078
2501.0,43.0,0.609593
2501.0,44.0,1.0
2501.0,45.0,0.341386
2501.0,46.0,0.424169
2501.0,47.0,0.835916
2501.0,48.0,0.292471
2501.0,49.0,0.075527
2501.0,50.0,0.0
2501.0,51.0,0.257238
2501.0,52.0,1.0
2501.0,53.0,0.818529
2501.0,54.0,0.039609
2501.0,55.0,0.999736
2501.0,56.0,0.510839
2501.0,57.0,0.372098
2501.0,58.0,0.291543
2501.0,59.0,0.187222
2501.0,60.0,0.438636
2501.0,61.0,0.29125
2501.0,62.0,0.940036
2501.0,63.0,0.394229
2501.0,64.0,0.478425
2501.0,65.0,0.998045
2501.0,66.0,0.985956
2501.0,67.0,0.280444
2501.0,68.0,0.258246
2501.0,69.0,0.082882
2501.0,70.0,0.0
2501.0,71.0,0.998423
2501.0,72.0,0.323944
2501.0,73.0,0.614425
2501.0,74.0,0.279231
2501.0,75.0,0.423861
2501.0,76.0,0.350368
2501.0,77.0,0.860139
2501.0,78.0,1.0
2501.0,79.0,0.313355
2501.0,80.0,0.0
2501.0,81.0,0.546667
2501.0,82.0,0.0
2501.0,83.0,0.446896
2501.0,84.0,0.675698
2501.0,85.0,0.90403
2501.0,86.0,0.757944
2501.0,87.0,0.0
2501.0,88.0,0.011331
2501.0,89.0,0.11289
2501.0,90.0,0.18194
2501.0,91.0,0.359336
2501.0,92.0,0.143304
2501.0,93.0,0.641905
2501.0,94.0,0.171804
2501.0,95.0,0.0
2501.0,96.0,0.09492
2501.0,97.0,0.001086
2501.0,98.0,0.491663
2501.0,99.0,0.893766
2501.0,100.0,0.445561
2501.0,101.0,0.487537
2501.0,102.0,0.790811
2501.0,103.0,0.97058
2501.0,104.0,0.387103
2501.0,105.0,0.210376
2501.0,106.0,0.314318
2501.0,107.0,0.187327
2501.0,108.0,0.0
2501.0,109.0,0.655489
2501.0,110.0,1.0
2501.0,111.0,0.331118
2501.0,112.0,0.999345
2501.0,113.0,0.026659
2501.0,114.0,0.437481
2501.0,115.0,0.15335
2501.0,116.0,0.476705
2501.0,117.0,0.478469
2501.0,118.0,0.281325
2501.0,119.0,0.879328
2501.0,120.0,0.590108
2501.0,121.0,0.0
2501.0,122.0,0.289803
2501.0,123.0,0.577918
2501.0,124.0,0.99332
2501.0,125.0,0.285465
2501.0,126.0,0.649141
2501.0,127.0,0.29426
2501.0,128.0,0.447525
2501.0,129.0,0.580212
2501.0,130.0,0.137116
2501.0,131.0,0.085605
2501.0,132.0,0.970409
2501.0,133.0,0.510387
2501.0,134.0,5.6e-05
2501.0,135.0,0.737578
2501.0,136.0,0.276553
2501.0,137.0,0.505824
2501.0,138.0,0.396124
2501.0,139.0,0.235942
2501.0,140.0,0.29302
2501.0,141.0,0.695
2501.0,142.0,0.538269
2501.0,143.0,0.607338
2501.0,144.0,0.000964
2501.0,145.0,0.356794
2501.0,146.0,0.686431
2501.0,147.0,0.146693
2502.0,0.0,0.558471
2502.0,1.0,0.677403
2502.0,2.0,0.038008
2502.0,3.0,0.028875
2502.0,4.0,0.611046
2502.0,5.0,0.724846
2502.0,6.0,0.4458
2502.0,7.0,0.330211
2502.0,8.0,0.999872
2502.0,9.0,1.0
2502.0,10.0,0.394983
2502.0,11.0,0.54915
2502.0,12.0,0.65308
2502.0,13.0,0.0
2502.0,14.0,0.47926
2502.0,15.0,0.466814
2502.0,16.0,0.292278
2502.0,17.0,0.001346
2502.0,18.0,0.738753
2502.0,19.0,0.50247
2502.0,20.0,0.571559
2502.0,21.0,0.561128
2502.0,22.0,1.0
2502.0,23.0,0.565169
2502.0,24.0,0.403361
2502.0,25.0,0.826101
2502.0,26.0,0.172597
2502.0,27.0,0.458327
2502.0,28.0,0.318195
2502.0,29.0,0.0
2502.0,30.0,0.679134
2502.0,31.0,0.66486
2502.0,32.0,0.0
2502.0,33.0,0.496014
2502.0,34.0,0.619703
2502.0,35.0,0.558495
2502.0,36.0,0.007453
2502.0,37.0,0.634657
2502.0,38.0,0.884344
2502.0,39.0,0.183352
2502.0,40.0,0.699663
2502.0,41.0,0.160198
2502.0,42.0,0.33653
2502.0,43.0,0.613313
2502.0,44.0,1.0
2502.0,45.0,0.351003
2502.0,46.0,0.423516
2502.0,47.0,0.839583
2502.0,48.0,0.307591
2502.0,49.0,0.076405
2502.0,50.0,0.0
2502.0,51.0,0.259888
2502.0,52.0,1.0
2502.0,53.0,0.821215
2502.0,54.0,0.042072
2502.0,55.0,0.999719
2502.0,56.0,0.521969
2502.0,57.0,0.393431
2502.0,58.0,0.298056
2502.0,59.0,0.190072
2502.0,60.0,0.447441
2502.0,61.0,0.295516
2502.0,62.0,0.940417
2502.0,63.0,0.404316
2502.0,64.0,0.492514
2502.0,65.0,0.99813
2502.0,66.0,0.986009
2502.0,67.0,0.292139
2502.0,68.0,0.260467
2502.0,69.0,0.083806
2502.0,70.0,0.0
2502.0,71.0,0.99857
2502.0,72.0,0.374865
2502.0,73.0,0.623758
2502.0,74.0,0.295652
2502.0,75.0,0.430698
2502.0,76.0,0.383218
2502.0,77.0,0.86692
2502.0,78.0,1.0
2502.0,79.0,0.315838
2502.0,80.0,0.0
2502.0,81.0,0.55357
2502.0,82.0,0.0
2502.0,83.0,0.448199
2502.0,84.0,0.679251
2502.0,85.0,0.904354
2502.0,86.0,0.76293
2502.0,87.0,0.0
2502.0,88.0,0.011663
2502.0,89.0,0.161709
2502.0,90.0,0.19213
2502.0,91.0,0.380153
2502.0,92.0,0.143318
2502.0,93.0,0.644341
2502.0,94.0,0.175414
2502.0,95.0,0.0
2502.0,96.0,0.1085
2502.0,97.0,0.001161
2502.0,98.0,0.499233
2502.0,99.0,0.901583
2502.0,100.0,0.558895
2502.0,101.0,0.497955
2502.0,102.0,0.801472
2502.0,103.0,0.970728
2502.0,104.0,0.408551
2502.0,105.0,0.214775
2502.0,106.0,0.318576
2502.0,107.0,0.189036
2502.0,108.0,0.0
2502.0,109.0,0.669303
2502.0,110.0,1.0
2502.0,111.0,0.350885
2502.0,112.0,0.999319
2502.0,113.0,0.027398
2502.0,114.0,0.446788
2502.0,115.0,0.155797
2502.0,116.0,0.484207
2502.0,117.0,0.494566
2502.0,118.0,0.290658
2502.0,119.0,0.87982
2502.0,120.0,0.605719
2502.0,121.0,0.0
2502.0,122.0,0.296314
2502.0,123.0,0.584525
2502.0,124.0,0.993162
2502.0,125.0,0.299709
2502.0,126.0,0.665195
2502.0,127.0,0.297443
2502.0,128.0,0.455222
2502.0,129.0,0.601114
2502.0,130.0,0.139135
2502.0,131.0,0.087858
2502.0,132.0,0.970812
2502.0,133.0,0.517817
2502.0,134.0,6.8e-05
2502.0,135.0,0.74207
2502.0,136.0,0.282536
2502.0,137.0,0.506452
2502.0,138.0,0.401118
2502.0,139.0,0.239209
2502.0,140.0,0.298498
2502.0,141.0,0.720283
2502.0,142.0,0.57734
2502.0,143.0,0.629736
2502.0,144.0,0.000941
2502.0,145.0,0.369194
2502.0,146.0,0.691293
2502.0,147.0,0.148034
2503.0,0.0,0.575785
2503.0,1.0,0.686696
2503.0,2.0,0.03819
2503.0,3.0,0.028869
2503.0,4.0,0.62747
2503.0,5.0,0.728104
2503.0,6.0,0.455582
2503.0,7.0,0.353092
2503.0,8.0,0.999875
2503.0,9.0,1.0
2503.0,10.0,0.409031
2503.0,11.0,0.556711
2503.0,12.0,0.668911
2503.0,13.0,0.0
2503.0,14.0,0.508185
2503.0,15.0,0.469636
2503.0,16.0,0.306571
2503.0,17.0,0.001363
2503.0,18.0,0.745779
2503.0,19.0,0.52065
2503.0,20.0,0.583477
2503.0,21.0,0.566041
2503.0,22.0,1.0
2503.0,23.0,0.576273
2503.0,24.0,0.41091
2503.0,25.0,0.857456
2503.0,26.0,0.1743
2503.0,27.0,0.473121
2503.0,28.0,0.319885
2503.0,29.0,0.0
2503.0,30.0,0.685754
2503.0,31.0,0.684011
2503.0,32.0,0.0
2503.0,33.0,0.506357
2503.0,34.0,0.631329
2503.0,35.0,0.564886
2503.0,36.0,0.007721
2503.0,37.0,0.638381
2503.0,38.0,0.885108
2503.0,39.0,0.186443
2503.0,40.0,0.744416
2503.0,41.0,0.166366
2503.0,42.0,0.339621
2503.0,43.0,0.617609
2503.0,44.0,1.0
2503.0,45.0,0.360447
2503.0,46.0,0.423363
2503.0,47.0,0.843237
2503.0,48.0,0.322734
2503.0,49.0,0.077559
2503.0,50.0,0.0
2503.0,51.0,0.260993
2503.0,52.0,1.0
2503.0,53.0,0.823491
2503.0,54.0,0.044542
2503.0,55.0,0.999749
2503.0,56.0,0.532741
2503.0,57.0,0.413773
2503.0,58.0,0.303544
2503.0,59.0,0.192964
2503.0,60.0,0.455321
2503.0,61.0,0.298999
2503.0,62.0,0.940321
2503.0,63.0,0.414953
2503.0,64.0,0.506273
2503.0,65.0,0.998189
2503.0,66.0,0.986085
2503.0,67.0,0.302197
2503.0,68.0,0.263968
2503.0,69.0,0.085201
2503.0,70.0,0.0
2503.0,71.0,0.998703
2503.0,72.0,0.425857
2503.0,73.0,0.632928
2503.0,74.0,0.310765
2503.0,75.0,0.437709
2503.0,76.0,0.415672
2503.0,77.0,0.874409
2503.0,78.0,1.0
2503.0,79.0,0.318304
2503.0,80.0,0.0
2503.0,81.0,0.560865
2503.0,82.0,0.0
2503.0,83.0,0.449148
2503.0,84.0,0.681615
2503.0,85.0,0.905013
2503.0,86.0,0.768138
2503.0,87.0,0.0
2503.0,88.0,0.012003
2503.0,89.0,0.220448
2503.0,90.0,0.201923
2503.0,91.0,0.399967
2503.0,92.0,0.143421
2503.0,93.0,0.64703
2503.0,94.0,0.180058
2503.0,95.0,0.0
2503.0,96.0,0.123598
2503.0,97.0,0.001164
2503.0,98.0,0.506937
2503.0,99.0,0.908783
2503.0,100.0,0.65345
2503.0,101.0,0.50837
2503.0,102.0,0.810017
2503.0,103.0,0.971531
2503.0,104.0,0.429569
2503.0,105.0,0.218738
2503.0,106.0,0.322543
2503.0,107.0,0.191079
2503.0,108.0,0.0
2503.0,109.0,0.681785
2503.0,110.0,1.0
2503.0,111.0,0.371314
2503.0,112.0,0.99932
2503.0,113.0,0.028379
2503.0,114.0,0.455065
2503.0,115.0,0.158787
2503.0,116.0,0.491906
2503.0,117.0,0.508781
2503.0,118.0,0.299978
2503.0,119.0,0.880097
2503.0,120.0,0.621968
2503.0,121.0,0.0
2503.0,122.0,0.30141
2503.0,123.0,0.591499
2503.0,124.0,0.993226
2503.0,125.0,0.313801
2503.0,126.0,0.680986
2503.0,127.0,0.30081
2503.0,128.0,0.462087
2503.0,129.0,0.621
2503.0,130.0,0.141185
2503.0,131.0,0.090946
2503.0,132.0,0.971548
2503.0,133.0,0.525375
2503.0,134.0,7.5e-05
2503.0,135.0,0.747103
2503.0,136.0,0.287734
2503.0,137.0,0.508205
2503.0,138.0,0.406138
2503.0,139.0,0.242406
2503.0,140.0,0.30344
2503.0,141.0,0.744469
2503.0,142.0,0.611882
2503.0,143.0,0.650308
2503.0,144.0,0.000959
2503.0,145.0,0.380917
2503.0,146.0,0.695955
2503.0,147.0,0.150134
2504.0,0.0,0.592613
2504.0,1.0,0.694609
2504.0,2.0,0.038829
2504.0,3.0,0.029069
2504.0,4.0,0.642815
2504.0,5.0,0.731002
2504.0,6.0,0.46472
2504.0,7.0,0.374961
2504.0,8.0,0.999897
2504.0,9.0,1.0
2504.0,10.0,0.422274
2504.0,11.0,0.563212
2504.0,12.0,0.683278
2504.0,13.0,0.0
2504.0,14.0,0.534908
2504.0,15.0,0.472033
2504.0,16.0,0.319101
2504.0,17.0,0.001478
2504.0,18.0,0.750557
2504.0,19.0,0.536968
2504.0,20.0,0.594507
2504.0,21.0,0.571055
2504.0,22.0,1.0
2504.0,23.0,0.586778
2504.0,24.0,0.418112
2504.0,25.0,0.882928
2504.0,26.0,0.175791
2504.0,27.0,0.487316
2504.0,28.0,0.322195
2504.0,29.0,0.0
2504.0,30.0,0.691024
2504.0,31.0,0.701626
2504.0,32.0,0.0
2504.0,33.0,0.516959
2504.0,34.0,0.641342
2504.0,35.0,0.571235
2504.0,36.0,0.008048
2504.0,37.0,0.642751
2504.0,38.0,0.885882
2504.0,39.0,0.190026
2504.0,40.0,0.784604
2504.0,41.0,0.173551
2504.0,42.0,0.343762
2504.0,43.0,0.621843
2504.0,44.0,1.0
2504.0,45.0,0.369617
2504.0,46.0,0.423002
2504.0,47.0,0.845893
2504.0,48.0,0.338104
2504.0,49.0,0.078071
2504.0,50.0,0.0
2504.0,51.0,0.261381
2504.0,52.0,1.0
2504.0,53.0,0.8265
2504.0,54.0,0.046735
2504.0,55.0,0.999745
2504.0,56.0,0.542882
2504.0,57.0,0.43386
2504.0,58.0,0.308435
2504.0,59.0,0.196273
2504.0,60.0,0.461592
2504.0,61.0,0.301571
2504.0,62.0,0.940463
2504.0,63.0,0.424418
2504.0,64.0,0.519054
2504.0,65.0,0.998316
2504.0,66.0,0.98599
2504.0,67.0,0.312893
2504.0,68.0,0.267023
2504.0,69.0,0.08598
2504.0,70.0,0.0
2504.0,71.0,0.998744
2504.0,72.0,0.473225
2504.0,73.0,0.643077
2504.0,74.0,0.326857
2504.0,75.0,0.444015
2504.0,76.0,0.447374
2504.0,77.0,0.881386
2504.0,78.0,1.0
2504.0,79.0,0.32177
2504.0,80.0,0.0
2504.0,81.0,0.568044
2504.0,82.0,0.0
2504.0,83.0,0.450475
2504.0,84.0,0.683422
2504.0,85.0,0.905839
2504.0,86.0,0.772443
2504.0,87.0,0.0
2504.0,88.0,0.012447
2504.0,89.0,0.285931
2504.0,90.0,0.212639
2504.0,91.0,0.418621
2504.0,92.0,0.143053
2504.0,93.0,0.649603
2504.0,94.0,0.185429
2504.0,95.0,0.0
2504.0,96.0,0.140415
2504.0,97.0,0.001221
2504.0,98.0,0.514321
2504.0,99.0,0.915007
2504.0,100.0,0.729883
2504.0,101.0,0.517761
2504.0,102.0,0.819206
2504.0,103.0,0.972074
2504.0,104.0,0.44858
2504.0,105.0,0.223008
2504.0,106.0,0.327097
2504.0,107.0,0.192932
2504.0,108.0,0.0
2504.0,109.0,0.693495
2504.0,110.0,1.0
2504.0,111.0,0.391417
2504.0,112.0,0.999395
2504.0,113.0,0.029517
2504.0,114.0,0.463656
2504.0,115.0,0.161167
2504.0,116.0,0.499199
2504.0,117.0,0.522969
2504.0,118.0,0.30964
2504.0,119.0,0.879602
2504.0,120.0,0.63676
2504.0,121.0,0.0
2504.0,122.0,0.306803
2504.0,123.0,0.59839
2504.0,124.0,0.993269
2504.0,125.0,0.328542
2504.0,126.0,0.695949
2504.0,127.0,0.304258
2504.0,128.0,0.469851
2504.0,129.0,0.637864
2504.0,130.0,0.143272
2504.0,131.0,0.09364
2504.0,132.0,0.97224
2504.0,133.0,0.532234
2504.0,134.0,7.3e-05
2504.0,135.0,0.751157
2504.0,136.0,0.293628
2504.0,137.0,0.509902
2504.0,138.0,0.411497
2504.0,139.0,0.245954
2504.0,140.0,0.308586
2504.0,141.0,0.766443
2504.0,142.0,0.641956
2504.0,143.0,0.669754
2504.0,144.0,0.001068
2504.0,145.0,0.392858
2504.0,146.0,0.69951
2504.0,147.0,0.151038
2505.0,0.0,0.6093
2505.0,1.0,0.704757
2505.0,2.0,0.038994
2505.0,3.0,0.029228
2505.0,4.0,0.658207
2505.0,5.0,0.734288
2505.0,6.0,0.473516
2505.0,7.0,0.39659
2505.0,8.0,0.999907
2505.0,9.0,1.0
2505.0,10.0,0.43478
2505.0,11.0,0.57062
2505.0,12.0,0.696038
2505.0,13.0,0.0
2505.0,14.0,0.560421
2505.0,15.0,0.474424
2505.0,16.0,0.332337
2505.0,17.0,0.001501
2505.0,18.0,0.75534
2505.0,19.0,0.552552
2505.0,20.0,0.605069
2505.0,21.0,0.575234
2505.0,22.0,1.0
2505.0,23.0,0.597227
2505.0,24.0,0.424734
2505.0,25.0,0.90416
2505.0,26.0,0.177756
2505.0,27.0,0.501213
2505.0,28.0,0.324073
2505.0,29.0,0.0
2505.0,30.0,0.697111
2505.0,31.0,0.718974
2505.0,32.0,0.0
2505.0,33.0,0.527054
2505.0,34.0,0.651363
2505.0,35.0,0.577095
2505.0,36.0,0.008376
2505.0,37.0,0.646715
2505.0,38.0,0.887439
2505.0,39.0,0.194381
2505.0,40.0,0.818939
2505.0,41.0,0.180886
2505.0,42.0,0.347297
2505.0,43.0,0.626734
2505.0,44.0,1.0
2505.0,45.0,0.377967
2505.0,46.0,0.424475
2505.0,47.0,0.848655
2505.0,48.0,0.354125
2505.0,49.0,0.078982
2505.0,50.0,0.0
2505.0,51.0,0.261979
2505.0,52.0,1.0
2505.0,53.0,0.829521
2505.0,54.0,0.048887
2505.0,55.0,0.999761
2505.0,56.0,0.552803
2505.0,57.0,0.452907
2505.0,58.0,0.313518
2505.0,59.0,0.198573
2505.0,60.0,0.467777
2505.0,61.0,0.305847
2505.0,62.0,0.940594
2505.0,63.0,0.434238
2505.0,64.0,0.53273
2505.0,65.0,0.998364
2505.0,66.0,0.985808
2505.0,67.0,0.322845
2505.0,68.0,0.270111
2505.0,69.0,0.086544
2505.0,70.0,0.0
2505.0,71.0,0.998762
2505.0,72.0,0.518606
2505.0,73.0,0.652537
2505.0,74.0,0.342754
2505.0,75.0,0.450796
2505.0,76.0,0.477588
2505.0,77.0,0.887651
2505.0,78.0,1.0
2505.0,79.0,0.324628
2505.0,80.0,0.0
2505.0,81.0,0.575259
2505.0,82.0,0.0
2505.0,83.0,0.449631
2505.0,84.0,0.684909
2505.0,85.0,0.906747
2505.0,86.0,0.776522
2505.0,87.0,0.0
2505.0,88.0,0.012852
2505.0,89.0,0.354704
2505.0,90.0,0.2228
2505.0,91.0,0.438001
2505.0,92.0,0.142624
2505.0,93.0,0.652384
2505.0,94.0,0.191685
2505.0,95.0,0.0
2505.0,96.0,0.158196
2505.0,97.0,0.001292
2505.0,98.0,0.520955
2505.0,99.0,0.920752
2505.0,100.0,0.790117
2505.0,101.0,0.5275
2505.0,102.0,0.828064
2505.0,103.0,0.97222
2505.0,104.0,0.467886
2505.0,105.0,0.226864
2505.0,106.0,0.330872
2505.0,107.0,0.194743
2505.0,108.0,0.0
2505.0,109.0,0.704602
2505.0,110.0,1.0
2505.0,111.0,0.409404
2505.0,112.0,0.99939
2505.0,113.0,0.03105
2505.0,114.0,0.471049
2505.0,115.0,0.164017
2505.0,116.0,0.507269
2505.0,117.0,0.535363
2505.0,118.0,0.31917
2505.0,119.0,0.87983
2505.0,120.0,0.651393
2505.0,121.0,0.0
2505.0,122.0,0.313047
2505.0,123.0,0.606236
2505.0,124.0,0.993457
2505.0,125.0,0.342138
2505.0,126.0,0.710307
2505.0,127.0,0.306729
2505.0,128.0,0.476658
2505.0,129.0,0.65404
2505.0,130.0,0.145405
2505.0,131.0,0.095978
2505.0,132.0,0.972704
2505.0,133.0,0.539323
2505.0,134.0,5.7e-05
2505.0,135.0,0.755971
2505.0,136.0,0.298524
2505.0,137.0,0.511016
2505.0,138.0,0.417229
2505.0,139.0,0.248547
2505.0,140.0,0.313906
2505.0,141.0,0.786977
2505.0,142.0,0.667873
2505.0,143.0,0.687956
2505.0,144.0,0.001086
2505.0,145.0,0.403981
2505.0,146.0,0.703871
2505.0,147.0,0.151988
2506.0,0.0,0.592178
2506.0,1.0,0.693962
2506.0,2.0,0.038522
2506.0,3.0,0.029752
2506.0,4.0,0.639914
2506.0,5.0,0.730503
2506.0,6.0,0.462059
2506.0,7.0,0.369137
2506.0,8.0,0.999902
2506.0,9.0,1.0
2506.0,10.0,0.419387
2506.0,11.0,0.562858
2506.0,12.0,0.679084
2506.0,13.0,0.0
2506.0,14.0,0.529812
2506.0,15.0,0.470798
2506.0,16.0,0.317173
2506.0,17.0,0.00138
2506.0,18.0,0.748391
2506.0,19.0,0.533197
2506.0,20.0,0.591849
2506.0,21.0,0.571202
2506.0,22.0,1.0
2506.0,23.0,0.585153
2506.0,24.0,0.417601
2506.0,25.0,0.878764
2506.0,26.0,0.176394
2506.0,27.0,0.485964
2506.0,28.0,0.321347
2506.0,29.0,0.0
2506.0,30.0,0.690307
2506.0,31.0,0.698565
2506.0,32.0,0.0
2506.0,33.0,0.515822
2506.0,34.0,0.639838
2506.0,35.0,0.570746
2506.0,36.0,0.007835
2506.0,37.0,0.640917
2506.0,38.0,0.886257
2506.0,39.0,0.190317
2506.0,40.0,0.776071
2506.0,41.0,0.173327
2506.0,42.0,0.343306
2506.0,43.0,0.622421
2506.0,44.0,1.0
2506.0,45.0,0.368006
2506.0,46.0,0.424266
2506.0,47.0,0.844694
2506.0,48.0,0.336503
2506.0,49.0,0.077212
2506.0,50.0,0.0
2506.0,51.0,0.262048
2506.0,52.0,1.0
2506.0,53.0,0.826022
2506.0,54.0,0.045843
2506.0,55.0,0.999768
2506.0,56.0,0.541751
2506.0,57.0,0.429594
2506.0,58.0,0.305992
2506.0,59.0,0.196163
2506.0,60.0,0.460705
2506.0,61.0,0.301983
2506.0,62.0,0.940532
2506.0,63.0,0.423006
2506.0,64.0,0.516934
2506.0,65.0,0.998269
2506.0,66.0,0.986236
2506.0,67.0,0.310349
2506.0,68.0,0.265035
2506.0,69.0,0.085258
2506.0,70.0,0.0
2506.0,71.0,0.998719
2506.0,72.0,0.459088
2506.0,73.0,0.642515
2506.0,74.0,0.324215
2506.0,75.0,0.442618
2506.0,76.0,0.441513
2506.0,77.0,0.880232
2506.0,78.0,1.0
2506.0,79.0,0.320396
2506.0,80.0,0.0
2506.0,81.0,0.566536
2506.0,82.0,0.0
2506.0,83.0,0.449556
2506.0,84.0,0.682341
2506.0,85.0,0.906183
2506.0,86.0,0.772103
2506.0,87.0,0.0
2506.0,88.0,0.012437
2506.0,89.0,0.271849
2506.0,90.0,0.210098
2506.0,91.0,0.414866
2506.0,92.0,0.142098
2506.0,93.0,0.650277
2506.0,94.0,0.189396
2506.0,95.0,0.0
2506.0,96.0,0.138895
2506.0,97.0,0.001175
2506.0,98.0,0.512428
2506.0,99.0,0.9146
2506.0,100.0,0.66357
2506.0,101.0,0.517226
2506.0,102.0,0.818151
2506.0,103.0,0.971781
2506.0,104.0,0.446767
2506.0,105.0,0.222417
2506.0,106.0,0.32673
2506.0,107.0,0.192864
2506.0,108.0,0.0
2506.0,109.0,0.691003
2506.0,110.0,1.0
2506.0,111.0,0.387322
2506.0,112.0,0.99937
2506.0,113.0,0.029677
2506.0,114.0,0.46056
2506.0,115.0,0.161402
2506.0,116.0,0.498651
2506.0,117.0,0.520284
2506.0,118.0,0.307936
2506.0,119.0,0.880369
2506.0,120.0,0.634055
2506.0,121.0,0.0
2506.0,122.0,0.306869
2506.0,123.0,0.597652
2506.0,124.0,0.993546
2506.0,125.0,0.326571
2506.0,126.0,0.695279
2506.0,127.0,0.303774
2506.0,128.0,0.469172
2506.0,129.0,0.635313
2506.0,130.0,0.142489
2506.0,131.0,0.093519
2506.0,132.0,0.97236
2506.0,133.0,0.532215
2506.0,134.0,4.9e-05
2506.0,135.0,0.750851
2506.0,136.0,0.292609
2506.0,137.0,0.509698
2506.0,138.0,0.409448
2506.0,139.0,0.244668
2506.0,140.0,0.308321
2506.0,141.0,0.76386
2506.0,142.0,0.634972
2506.0,143.0,0.666157
2506.0,144.0,0.000992
2506.0,145.0,0.39144
2506.0,146.0,0.699254
2506.0,147.0,0.15097
2507.0,0.0,0.57485
2507.0,1.0,0.684887
2507.0,2.0,0.037843
2507.0,3.0,0.029519
2507.0,4.0,0.623571
2507.0,5.0,0.727075
2507.0,6.0,0.452447
2507.0,7.0,0.344165
2507.0,8.0,0.999873
2507.0,9.0,1.0
2507.0,10.0,0.405245
2507.0,11.0,0.55408
2507.0,12.0,0.66399
2507.0,13.0,0.0
2507.0,14.0,0.50108
2507.0,15.0,0.467756
2507.0,16.0,0.304609
2507.0,17.0,0.001344
2507.0,18.0,0.741521
2507.0,19.0,0.515558
2507.0,20.0,0.579939
2507.0,21.0,0.566449
2507.0,22.0,1.0
2507.0,23.0,0.575778
2507.0,24.0,0.412156
2507.0,25.0,0.849399
2507.0,26.0,0.174295
2507.0,27.0,0.471878
2507.0,28.0,0.319417
2507.0,29.0,0.0
2507.0,30.0,0.684778
2507.0,31.0,0.678768
2507.0,32.0,0.0
2507.0,33.0,0.504083
2507.0,34.0,0.628945
2507.0,35.0,0.562919
2507.0,36.0,0.007669
2507.0,37.0,0.634986
2507.0,38.0,0.88538
2507.0,39.0,0.186702
2507.0,40.0,0.732183
2507.0,41.0,0.165052
2507.0,42.0,0.339866
2507.0,43.0,0.617908
2507.0,44.0,1.0
2507.0,45.0,0.357645
2507.0,46.0,0.424495
2507.0,47.0,0.84191
2507.0,48.0,0.320842
2507.0,49.0,0.075443
2507.0,50.0,0.0
2507.0,51.0,0.260873
2507.0,52.0,1.0
2507.0,53.0,0.821662
2507.0,54.0,0.043559
2507.0,55.0,0.999765
2507.0,56.0,0.530564
2507.0,57.0,0.408708
2507.0,58.0,0.299567
2507.0,59.0,0.193297
2507.0,60.0,0.453508
2507.0,61.0,0.299073
2507.0,62.0,0.94038
2507.0,63.0,0.411188
2507.0,64.0,0.502027
2507.0,65.0,0.998168
2507.0,66.0,0.986227
2507.0,67.0,0.298795
2507.0,68.0,0.261894
2507.0,69.0,0.084279
2507.0,70.0,0.0
2507.0,71.0,0.99862
2507.0,72.0,0.405574
2507.0,73.0,0.633433
2507.0,74.0,0.30642
2507.0,75.0,0.43436
2507.0,76.0,0.407432
2507.0,77.0,0.872989
2507.0,78.0,1.0
2507.0,79.0,0.317459
2507.0,80.0,0.0
2507.0,81.0,0.559473
2507.0,82.0,0.0
2507.0,83.0,0.450409
2507.0,84.0,0.680087
2507.0,85.0,0.905097
2507.0,86.0,0.767547
2507.0,87.0,0.0
2507.0,88.0,0.012272
2507.0,89.0,0.202715
2507.0,90.0,0.198822
2507.0,91.0,0.393042
2507.0,92.0,0.142648
2507.0,93.0,0.6472
2507.0,94.0,0.186173
2507.0,95.0,0.0
2507.0,96.0,0.122636
2507.0,97.0,0.001058
2507.0,98.0,0.504035
2507.0,99.0,0.908065
2507.0,100.0,0.544961
2507.0,101.0,0.507291
2507.0,102.0,0.808856
2507.0,103.0,0.971545
2507.0,104.0,0.425822
2507.0,105.0,0.21784
2507.0,106.0,0.323398
2507.0,107.0,0.191813
2507.0,108.0,0.0
2507.0,109.0,0.679006
2507.0,110.0,1.0
2507.0,111.0,0.365773
2507.0,112.0,0.999357
2507.0,113.0,0.028735
2507.0,114.0,0.450709
2507.0,115.0,0.158539
2507.0,116.0,0.490144
2507.0,117.0,0.505959
2507.0,118.0,0.297673
2507.0,119.0,0.880604
2507.0,120.0,0.618163
2507.0,121.0,0.0
2507.0,122.0,0.30098
2507.0,123.0,0.589748
2507.0,124.0,0.993566
2507.0,125.0,0.311989
2507.0,126.0,0.680146
2507.0,127.0,0.301184
2507.0,128.0,0.462091
2507.0,129.0,0.616607
2507.0,130.0,0.140089
2507.0,131.0,0.090655
2507.0,132.0,0.97196
2507.0,133.0,0.526046
2507.0,134.0,5.1e-05
2507.0,135.0,0.746765
2507.0,136.0,0.287627
2507.0,137.0,0.508946
2507.0,138.0,0.403416
2507.0,139.0,0.242061
2507.0,140.0,0.302927
2507.0,141.0,0.74073
2507.0,142.0,0.600834
2507.0,143.0,0.645224
2507.0,144.0,0.000948
2507.0,145.0,0.379597
2507.0,146.0,0.694851
2507.0,147.0,0.149962
2508.0,0.0,0.55788
2508.0,1.0,0.67481
2508.0,2.0,0.037097
2508.0,3.0,0.029621
2508.0,4.0,0.606181
2508.0,5.0,0.722893
2508.0,6.0,0.443283
2508.0,7.0,0.322141
2508.0,8.0,0.999865
2508.0,9.0,1.0
2508.0,10.0,0.391244
2508.0,11.0,0.547239
2508.0,12.0,0.64819
2508.0,13.0,0.0
2508.0,14.0,0.472268
2508.0,15.0,0.464838
2508.0,16.0,0.291948
2508.0,17.0,0.001256
2508.0,18.0,0.735204
2508.0,19.0,0.498082
2508.0,20.0,0.567784
2508.0,21.0,0.562374
2508.0,22.0,1.0
2508.0,23.0,0.565984
2508.0,24.0,0.404942
2508.0,25.0,0.81569
2508.0,26.0,0.173001
2508.0,27.0,0.458652
2508.0,28.0,0.31775
2508.0,29.0,0.0
2508.0,30.0,0.678697
2508.0,31.0,0.660164
2508.0,32.0,0.0
2508.0,33.0,0.493514
2508.0,34.0,0.617792
2508.0,35.0,0.555631
2508.0,36.0,0.007374
2508.0,37.0,0.629908
2508.0,38.0,0.884893
2508.0,39.0,0.183746
2508.0,40.0,0.686286
2508.0,41.0,0.158658
2508.0,42.0,0.335695
2508.0,43.0,0.614105
2508.0,44.0,1.0
2508.0,45.0,0.347759
2508.0,46.0,0.423654
2508.0,47.0,0.838518
2508.0,48.0,0.306415
2508.0,49.0,0.074151
2508.0,50.0,0.0
2508.0,51.0,0.259847
2508.0,52.0,1.0
2508.0,53.0,0.817524
2508.0,54.0,0.041171
2508.0,55.0,0.999768
2508.0,56.0,0.518894
2508.0,57.0,0.388877
2508.0,58.0,0.293207
2508.0,59.0,0.190912
2508.0,60.0,0.447158
2508.0,61.0,0.295742
2508.0,62.0,0.940333
2508.0,63.0,0.401372
2508.0,64.0,0.487524
2508.0,65.0,0.998118
2508.0,66.0,0.986389
2508.0,67.0,0.288022
2508.0,68.0,0.258984
2508.0,69.0,0.082711
2508.0,70.0,0.0
2508.0,71.0,0.998563
2508.0,72.0,0.357472
2508.0,73.0,0.623238
2508.0,74.0,0.290528
2508.0,75.0,0.42711
2508.0,76.0,0.375493
2508.0,77.0,0.866314
2508.0,78.0,1.0
2508.0,79.0,0.315084
2508.0,80.0,0.0
2508.0,81.0,0.553448
2508.0,82.0,0.0
2508.0,83.0,0.449867
2508.0,84.0,0.677249
2508.0,85.0,0.904424
2508.0,86.0,0.763238
2508.0,87.0,0.0
2508.0,88.0,0.011965
2508.0,89.0,0.147999
2508.0,90.0,0.188317
2508.0,91.0,0.373257
2508.0,92.0,0.141961
2508.0,93.0,0.644848
2508.0,94.0,0.182466
2508.0,95.0,0.0
2508.0,96.0,0.108058
2508.0,97.0,0.000952
2508.0,98.0,0.497027
2508.0,99.0,0.901287
2508.0,100.0,0.450145
2508.0,101.0,0.497452
2508.0,102.0,0.800298
2508.0,103.0,0.971379
2508.0,104.0,0.40639
2508.0,105.0,0.21334
2508.0,106.0,0.319402
2508.0,107.0,0.189289
2508.0,108.0,0.0
2508.0,109.0,0.666602
2508.0,110.0,1.0
2508.0,111.0,0.344856
2508.0,112.0,0.999289
2508.0,113.0,0.027559
2508.0,114.0,0.442966
2508.0,115.0,0.156058
2508.0,116.0,0.481513
2508.0,117.0,0.491918
2508.0,118.0,0.288417
2508.0,119.0,0.880934
2508.0,120.0,0.603121
2508.0,121.0,0.0
2508.0,122.0,0.295087
2508.0,123.0,0.582682
2508.0,124.0,0.993635
2508.0,125.0,0.29849
2508.0,126.0,0.664717
2508.0,127.0,0.297846
2508.0,128.0,0.454919
2508.0,129.0,0.596156
2508.0,130.0,0.138046
2508.0,131.0,0.088273
2508.0,132.0,0.971543
2508.0,133.0,0.519002
2508.0,134.0,4.4e-05
2508.0,135.0,0.742518
2508.0,136.0,0.28357
2508.0,137.0,0.508079
2508.0,138.0,0.398781
2508.0,139.0,0.238173
2508.0,140.0,0.29779
2508.0,141.0,0.717611
2508.0,142.0,0.565892
2508.0,143.0,0.624581
2508.0,144.0,0.000837
2508.0,145.0,0.367802
2508.0,146.0,0.690964
2508.0,147.0,0.148525
2509.0,0.0,0.540511
2509.0,1.0,0.665072
2509.0,2.0,0.036459
2509.0,3.0,0.029368
2509.0,4.0,0.589022
2509.0,5.0,0.720281
2509.0,6.0,0.434234
2509.0,7.0,0.302499
2509.0,8.0,0.999852
2509.0,9.0,1.0
2509.0,10.0,0.378105
2509.0,11.0,0.540781
2509.0,12.0,0.632602
2509.0,13.0,0.0
2509.0,14.0,0.443917
2509.0,15.0,0.461297
2509.0,16.0,0.279387
2509.0,17.0,0.001259
2509.0,18.0,0.728203
2509.0,19.0,0.482173
2509.0,20.0,0.556985
2509.0,21.0,0.558337
2509.0,22.0,1.0
2509.0,23.0,0.556777
2509.0,24.0,0.398772
2509.0,25.0,0.779261
2509.0,26.0,0.171255
2509.0,27.0,0.445216
2509.0,28.0,0.316106
2509.0,29.0,0.0
2509.0,30.0,0.673072
2509.0,31.0,0.641661
2509.0,32.0,0.0
2509.0,33.0,0.483397
2509.0,34.0,0.607276
2509.0,35.0,0.549212
2509.0,36.0,0.007055
2509.0,37.0,0.625133
2509.0,38.0,0.882451
2509.0,39.0,0.18033
2509.0,40.0,0.641876
2509.0,41.0,0.152442
2509.0,42.0,0.33173
2509.0,43.0,0.610087
2509.0,44.0,1.0
2509.0,45.0,0.339266
2509.0,46.0,0.422623
2509.0,47.0,0.835282
2509.0,48.0,0.291771
2509.0,49.0,0.073914
2509.0,50.0,0.0
2509.0,51.0,0.258358
2509.0,52.0,1.0
2509.0,53.0,0.814148
2509.0,54.0,0.0389
2509.0,55.0,0.999772
2509.0,56.0,0.508964
2509.0,57.0,0.369269
2509.0,58.0,0.286752
2509.0,59.0,0.188137
2509.0,60.0,0.439683
2509.0,61.0,0.292351
2509.0,62.0,0.939752
2509.0,63.0,0.391835
2509.0,64.0,0.475846
2509.0,65.0,0.998048
2509.0,66.0,0.986691
2509.0,67.0,0.27761
2509.0,68.0,0.256076
2509.0,69.0,0.081424
2509.0,70.0,0.0
2509.0,71.0,0.998524
2509.0,72.0,0.314363
2509.0,73.0,0.613099
2509.0,74.0,0.277387
2509.0,75.0,0.419833
2509.0,76.0,0.344698
2509.0,77.0,0.859538
2509.0,78.0,1.0
2509.0,79.0,0.313383
2509.0,80.0,0.0
2509.0,81.0,0.547378
2509.0,82.0,0.0
2509.0,83.0,0.450625
2509.0,84.0,0.674824
2509.0,85.0,0.902987
2509.0,86.0,0.758786
2509.0,87.0,0.0
2509.0,88.0,0.011628
2509.0,89.0,0.105759
2509.0,90.0,0.178766
2509.0,91.0,0.353718
2509.0,92.0,0.141619
2509.0,93.0,0.641493
2509.0,94.0,0.177258
2509.0,95.0,0.0
2509.0,96.0,0.095341
2509.0,97.0,0.000839
2509.0,98.0,0.489776
2509.0,99.0,0.89447
2509.0,100.0,0.376417
2509.0,101.0,0.488068
2509.0,102.0,0.790259
2509.0,103.0,0.970602
2509.0,104.0,0.386408
2509.0,105.0,0.209079
2509.0,106.0,0.314867
2509.0,107.0,0.187337
2509.0,108.0,0.0
2509.0,109.0,0.654353
2509.0,110.0,1.0
2509.0,111.0,0.324721
2509.0,112.0,0.999254
2509.0,113.0,0.026462
2509.0,114.0,0.434309
2509.0,115.0,0.15333
2509.0,116.0,0.472943
2509.0,117.0,0.477349
2509.0,118.0,0.278607
2509.0,119.0,0.880868
2509.0,120.0,0.589349
2509.0,121.0,0.0
2509.0,122.0,0.288764
2509.0,123.0,0.575769
2509.0,124.0,0.993686
2509.0,125.0,0.284135
2509.0,126.0,0.649322
2509.0,127.0,0.295505
2509.0,128.0,0.448097
2509.0,129.0,0.575932
2509.0,130.0,0.135702
2509.0,131.0,0.086419
2509.0,132.0,0.97139
2509.0,133.0,0.512171
2509.0,134.0,5.0e-05
2509.0,135.0,0.738525
2509.0,136.0,0.279201
2509.0,137.0,0.507077
2509.0,138.0,0.393253
2509.0,139.0,0.234828
2509.0,140.0,0.293649
2509.0,141.0,0.694552
2509.0,142.0,0.529281
2509.0,143.0,0.604603
2509.0,144.0,0.000823
2509.0,145.0,0.356639
2509.0,146.0,0.686567
2509.0,147.0,0.147712
2510.0,0.0,0.52152
2510.0,1.0,0.656084
2510.0,2.0,0.036043
2510.0,3.0,0.029363
2510.0,4.0,0.572246
2510.0,5.0,0.716602
2510.0,6.0,0.426057
2510.0,7.0,0.284384
2510.0,8.0,0.999832
2510.0,9.0,1.0
2510.0,10.0,0.366458
2510.0,11.0,0.533455
2510.0,12.0,0.617134
2510.0,13.0,0.0
2510.0,14.0,0.415894
2510.0,15.0,0.458391
2510.0,16.0,0.268465
2510.0,17.0,0.001209
2510.0,18.0,0.721405
2510.0,19.0,0.466775
2510.0,20.0,0.54578
2510.0,21.0,0.554902
2510.0,22.0,1.0
2510.0,23.0,0.546833
2510.0,24.0,0.392761
2510.0,25.0,0.739074
2510.0,26.0,0.169631
2510.0,27.0,0.432776
2510.0,28.0,0.31499
2510.0,29.0,0.0
2510.0,30.0,0.668297
2510.0,31.0,0.622794
2510.0,32.0,0.0
2510.0,33.0,0.473905
2510.0,34.0,0.596144
2510.0,35.0,0.54227
2510.0,36.0,0.00679
2510.0,37.0,0.621187
2510.0,38.0,0.881483
2510.0,39.0,0.17803
2510.0,40.0,0.597678
2510.0,41.0,0.146434
2510.0,42.0,0.327115
2510.0,43.0,0.606347
2510.0,44.0,1.0
2510.0,45.0,0.331621
2510.0,46.0,0.421725
2510.0,47.0,0.831468
2510.0,48.0,0.278248
2510.0,49.0,0.072266
2510.0,50.0,0.0
2510.0,51.0,0.256416
2510.0,52.0,1.0
2510.0,53.0,0.811175
2510.0,54.0,0.036664
2510.0,55.0,0.999777
2510.0,56.0,0.498601
2510.0,57.0,0.34944
2510.0,58.0,0.28077
2510.0,59.0,0.185114
2510.0,60.0,0.433044
2510.0,61.0,0.288667
2510.0,62.0,0.940178
2510.0,63.0,0.382718
2510.0,64.0,0.462742
2510.0,65.0,0.998098
2510.0,66.0,0.986765
2510.0,67.0,0.267695
2510.0,68.0,0.253094
2510.0,69.0,0.080594
2510.0,70.0,0.0
2510.0,71.0,0.998446
2510.0,72.0,0.275165
2510.0,73.0,0.603667
2510.0,74.0,0.264296
2510.0,75.0,0.412591
2510.0,76.0,0.316296
2510.0,77.0,0.852313
2510.0,78.0,1.0
2510.0,79.0,0.311432
2510.0,80.0,0.0
2510.0,81.0,0.539839
2510.0,82.0,0.0
2510.0,83.0,0.450777
2510.0,84.0,0.671819
2510.0,85.0,0.901886
2510.0,86.0,0.753477
2510.0,87.0,0.0
2510.0,88.0,0.011481
2510.0,89.0,0.074898
2510.0,90.0,0.16948
2510.0,91.0,0.336949
2510.0,92.0,0.142204
2510.0,93.0,0.639552
2510.0,94.0,0.170976
2510.0,95.0,0.0
2510.0,96.0,0.083859
2510.0,97.0,0.000817
2510.0,98.0,0.482309
2510.0,99.0,0.887326
2510.0,100.0,0.320934
2510.0,101.0,0.479094
2510.0,102.0,0.78075
2510.0,103.0,0.970266
2510.0,104.0,0.367776
2510.0,105.0,0.204883
2510.0,106.0,0.311367
2510.0,107.0,0.185732
2510.0,108.0,0.0
2510.0,109.0,0.642277
2510.0,110.0,1.0
2510.0,111.0,0.306226
2510.0,112.0,0.999186
2510.0,113.0,0.025522
2510.0,114.0,0.425728
2510.0,115.0,0.150946
2510.0,116.0,0.463717
2510.0,117.0,0.463797
2510.0,118.0,0.26837
2510.0,119.0,0.881036
2510.0,120.0,0.574654
2510.0,121.0,0.0
2510.0,122.0,0.284297
2510.0,123.0,0.568354
2510.0,124.0,0.993798
2510.0,125.0,0.271398
2510.0,126.0,0.635024
2510.0,127.0,0.292722
2510.0,128.0,0.441088
2510.0,129.0,0.555837
2510.0,130.0,0.133756
2510.0,131.0,0.084698
2510.0,132.0,0.970533
2510.0,133.0,0.506523
2510.0,134.0,4.2e-05
2510.0,135.0,0.732678
2510.0,136.0,0.275201
2510.0,137.0,0.505908
2510.0,138.0,0.389404
2510.0,139.0,0.230957
2510.0,140.0,0.288559
2510.0,141.0,0.672085
2510.0,142.0,0.493288
2510.0,143.0,0.584901
2510.0,144.0,0.000798
2510.0,145.0,0.34642
2510.0,146.0,0.682406
2510.0,147.0,0.147444
