FREQUENCIES 
Gen,mut_id,mut_freq
1.0,0.0,0.5
1.0,1.0,0.5
1.0,2.0,0.5
1.0,3.0,0.5
1.0,4.0,0.5
1.0,5.0,0.5
1.0,6.0,0.5
1.0,7.0,0.5
1.0,8.0,0.5
1.0,9.0,0.5
1.0,10.0,0.5
1.0,11.0,0.5
1.0,12.0,0.5
1.0,13.0,0.5
1.0,14.0,0.5
1.0,15.0,0.5
1.0,16.0,0.5
1.0,17.0,0.5
1.0,18.0,0.5
1.0,19.0,0.5
1.0,20.0,0.5
1.0,21.0,0.5
1.0,22.0,0.5
1.0,23.0,0.5
1.0,24.0,0.5
1.0,25.0,0.5
1.0,26.0,0.5
1.0,27.0,0.5
1.0,28.0,0.5
1.0,29.0,0.5
1.0,30.0,0.5
1.0,31.0,0.5
1.0,32.0,0.5
1.0,33.0,0.5
1.0,34.0,0.5
1.0,35.0,0.5
1.0,36.0,0.5
1.0,37.0,0.5
1.0,38.0,0.5
1.0,39.0,0.5
1.0,40.0,0.5
1.0,41.0,0.5
1.0,42.0,0.5
1.0,43.0,0.5
1.0,44.0,0.5
1.0,45.0,0.5
1.0,46.0,0.5
1.0,47.0,0.5
1.0,48.0,0.5
1.0,49.0,0.5
1.0,50.0,0.5
1.0,51.0,0.5
1.0,52.0,0.5
1.0,53.0,0.5
1.0,54.0,0.5
1.0,55.0,0.5
1.0,56.0,0.5
1.0,57.0,0.5
1.0,58.0,0.5
1.0,59.0,0.5
1.0,60.0,0.5
1.0,61.0,0.5
1.0,62.0,0.5
1.0,63.0,0.5
1.0,64.0,0.5
1.0,65.0,0.5
1.0,66.0,0.5
1.0,67.0,0.5
1.0,68.0,0.5
1.0,69.0,0.5
1.0,70.0,0.5
1.0,71.0,0.5
1.0,72.0,0.5
1.0,73.0,0.5
1.0,74.0,0.5
1.0,75.0,0.5
1.0,76.0,0.5
1.0,77.0,0.5
1.0,78.0,0.5
1.0,79.0,0.5
1.0,80.0,0.5
1.0,81.0,0.5
1.0,82.0,0.5
1.0,83.0,0.5
1.0,84.0,0.5
1.0,85.0,0.5
1.0,86.0,0.5
1.0,87.0,0.5
1.0,88.0,0.5
1.0,89.0,0.5
1.0,90.0,0.5
1.0,91.0,0.5
1.0,92.0,0.5
1.0,93.0,0.5
1.0,94.0,0.5
1.0,95.0,0.5
1.0,96.0,0.5
1.0,97.0,0.5
1.0,98.0,0.5
1.0,99.0,0.5
1.0,100.0,0.5
1.0,101.0,0.5
1.0,102.0,0.5
1.0,103.0,0.5
1.0,104.0,0.5
1.0,105.0,0.5
1.0,106.0,0.5
1.0,107.0,0.5
1.0,108.0,0.5
1.0,109.0,0.5
1.0,110.0,0.5
1.0,111.0,0.5
1.0,112.0,0.5
1.0,113.0,0.5
1.0,114.0,0.5
1.0,115.0,0.5
1.0,116.0,0.5
1.0,117.0,0.5
1.0,118.0,0.5
1.0,119.0,0.5
1.0,120.0,0.5
1.0,121.0,0.5
1.0,122.0,0.5
1.0,123.0,0.5
1.0,124.0,0.5
1.0,125.0,0.5
1.0,126.0,0.5
1.0,127.0,0.5
1.0,128.0,0.5
1.0,129.0,0.5
1.0,130.0,0.5
1.0,131.0,0.5
1.0,132.0,0.5
1.0,133.0,0.5
1.0,134.0,0.5
1.0,135.0,0.5
1.0,136.0,0.5
1.0,137.0,0.5
1.0,138.0,0.5
1.0,139.0,0.5
1.0,140.0,0.5
1.0,141.0,0.5
1.0,142.0,0.5
1.0,143.0,0.5
1.0,144.0,0.5
1.0,145.0,0.5
1.0,146.0,0.5
1.0,147.0,0.5
1.0,148.0,0.5
1.0,149.0,0.5
1.0,150.0,0.5
1.0,151.0,0.5
1.0,152.0,0.5
1.0,153.0,0.5
1.0,154.0,0.5
1.0,155.0,0.5
1.0,156.0,0.5
1.0,157.0,0.5
1.0,158.0,0.5
1.0,159.0,0.5
1.0,160.0,0.5
1.0,161.0,0.5
1.0,162.0,0.5
1.0,163.0,0.5
1.0,164.0,0.5
1.0,165.0,0.5
1.0,166.0,0.5
1.0,167.0,0.5
1.0,168.0,0.5
1.0,169.0,0.5
1.0,170.0,0.5
1.0,171.0,0.5
1.0,172.0,0.5
1.0,173.0,0.5
1.0,174.0,0.5
1.0,175.0,0.5
1.0,176.0,0.5
1.0,177.0,0.5
1.0,178.0,0.5
1.0,179.0,0.5
1.0,180.0,0.5
1.0,181.0,0.5
1.0,182.0,0.5
1.0,183.0,0.5
1.0,184.0,0.5
1.0,185.0,0.5
1.0,186.0,0.5
1.0,187.0,0.5
1.0,188.0,0.5
1.0,189.0,0.5
1.0,190.0,0.5
1.0,191.0,0.5
1.0,192.0,0.5
1.0,193.0,0.5
1.0,194.0,0.5
1.0,195.0,0.5
1.0,196.0,0.5
1.0,197.0,0.5
1.0,198.0,0.5
1.0,199.0,0.5
1.0,200.0,0.5
1.0,201.0,0.5
1.0,202.0,0.5
1.0,203.0,0.5
1.0,204.0,0.5
1.0,205.0,0.5
1.0,206.0,0.5
1.0,207.0,0.5
1.0,208.0,0.5
1.0,209.0,0.5
1.0,210.0,0.5
1.0,211.0,0.5
1.0,212.0,0.5
1.0,213.0,0.5
1.0,214.0,0.5
1.0,215.0,0.5
1.0,216.0,0.5
1.0,217.0,0.5
1.0,218.0,0.5
1.0,219.0,0.5
1.0,220.0,0.5
1.0,221.0,0.5
1.0,222.0,0.5
1.0,223.0,0.5
1.0,224.0,0.5
1.0,225.0,0.5
1.0,226.0,0.5
1.0,227.0,0.5
1.0,228.0,0.5
1.0,229.0,0.5
1.0,230.0,0.5
1.0,231.0,0.5
1.0,232.0,0.5
1.0,233.0,0.5
1.0,234.0,0.5
1.0,235.0,0.5
1.0,236.0,0.5
1.0,237.0,0.5
1.0,238.0,0.5
1.0,239.0,0.5
1.0,240.0,0.5
1.0,241.0,0.5
1.0,242.0,0.5
1.0,243.0,0.5
1.0,244.0,0.5
1.0,245.0,0.5
1.0,246.0,0.5
1.0,247.0,0.5
1.0,248.0,0.5
1.0,249.0,0.5
1.0,250.0,0.5
1.0,251.0,0.5
1.0,252.0,0.5
1.0,253.0,0.5
1.0,254.0,0.5
1.0,255.0,0.5
1.0,256.0,0.5
1.0,257.0,0.5
1.0,258.0,0.5
1.0,259.0,0.5
1.0,260.0,0.5
1.0,261.0,0.5
1.0,262.0,0.5
1.0,263.0,0.5
1.0,264.0,0.5
1.0,265.0,0.5
1.0,266.0,0.5
1.0,267.0,0.5
1.0,268.0,0.5
1.0,269.0,0.5
1.0,270.0,0.5
1.0,271.0,0.5
1.0,272.0,0.5
1.0,273.0,0.5
1.0,274.0,0.5
1.0,275.0,0.5
1.0,276.0,0.5
1.0,277.0,0.5
1.0,278.0,0.5
1.0,279.0,0.5
1.0,280.0,0.5
1.0,281.0,0.5
1.0,282.0,0.5
1.0,283.0,0.5
1.0,284.0,0.5
1.0,285.0,0.5
1.0,286.0,0.5
1.0,287.0,0.5
1.0,288.0,0.5
1.0,289.0,0.5
1.0,290.0,0.5
1.0,291.0,0.5
1.0,292.0,0.5
1.0,293.0,0.5
1.0,294.0,0.5
1.0,295.0,0.5
1.0,296.0,0.5
1.0,297.0,0.5
1.0,298.0,0.5
1.0,299.0,0.5
1.0,300.0,0.5
1.0,301.0,0.5
1.0,302.0,0.5
1.0,303.0,0.5
1.0,304.0,0.5
1.0,305.0,0.5
1.0,306.0,0.5
1.0,307.0,0.5
1.0,308.0,0.5
1.0,309.0,0.5
1.0,310.0,0.5
1.0,311.0,0.5
1.0,312.0,0.5
1.0,313.0,0.5
1.0,314.0,0.5
1.0,315.0,0.5
1.0,316.0,0.5
1.0,317.0,0.5
1.0,318.0,0.5
1.0,319.0,0.5
1.0,320.0,0.5
1.0,321.0,0.5
1.0,322.0,0.5
1.0,323.0,0.5
1.0,324.0,0.5
1.0,325.0,0.5
1.0,326.0,0.5
1.0,327.0,0.5
1.0,328.0,0.5
1.0,329.0,0.5
1.0,330.0,0.5
1.0,331.0,0.5
1.0,332.0,0.5
1.0,333.0,0.5
1.0,334.0,0.5
2500.0,0.0,0.889491
2500.0,1.0,0.475621
2500.0,2.0,0.882271
2500.0,3.0,0.67738
2500.0,4.0,0.336078
2500.0,5.0,0.674659
2500.0,6.0,0.0
2500.0,7.0,0.303105
2500.0,8.0,1.0
2500.0,9.0,0.010601
2500.0,10.0,0.276562
2500.0,11.0,0.143953
2500.0,12.0,0.300626
2500.0,13.0,0.455211
2500.0,14.0,0.573294
2500.0,15.0,0.658749
2500.0,16.0,0.567971
2500.0,17.0,0.799948
2500.0,18.0,0.45322
2500.0,19.0,0.0
2500.0,20.0,0.59569
2500.0,21.0,0.417329
2500.0,22.0,0.537424
2500.0,23.0,0.448465
2500.0,24.0,0.997264
2500.0,25.0,0.060403
2500.0,26.0,0.827085
2500.0,27.0,0.809016
2500.0,28.0,0.234881
2500.0,29.0,1.0
2500.0,30.0,0.394154
2500.0,31.0,0.412265
2500.0,32.0,0.893245
2500.0,33.0,0.619198
2500.0,34.0,0.582402
2500.0,35.0,0.388373
2500.0,36.0,0.358292
2500.0,37.0,0.527188
2500.0,38.0,0.360747
2500.0,39.0,0.191683
2500.0,40.0,0.607896
2500.0,41.0,0.821435
2500.0,42.0,1.0
2500.0,43.0,0.299493
2500.0,44.0,0.542061
2500.0,45.0,0.004638
2500.0,46.0,0.042089
2500.0,47.0,0.022136
2500.0,48.0,0.271063
2500.0,49.0,0.437596
2500.0,50.0,0.46702
2500.0,51.0,0.414728
2500.0,52.0,0.88561
2500.0,53.0,0.307871
2500.0,54.0,0.808448
2500.0,55.0,0.720739
2500.0,56.0,0.141793
2500.0,57.0,1.0
2500.0,58.0,0.0
2500.0,59.0,0.834311
2500.0,60.0,0.820035
2500.0,61.0,6.3e-05
2500.0,62.0,0.487544
2500.0,63.0,0.999992
2500.0,64.0,0.822605
2500.0,65.0,0.494174
2500.0,66.0,0.757133
2500.0,67.0,0.446429
2500.0,68.0,0.330333
2500.0,69.0,0.188283
2500.0,70.0,0.0
2500.0,71.0,0.0
2500.0,72.0,1.0
2500.0,73.0,0.0
2500.0,74.0,0.927207
2500.0,75.0,0.719749
2500.0,76.0,0.503741
2500.0,77.0,0.31562
2500.0,78.0,0.820621
2500.0,79.0,0.118319
2500.0,80.0,0.506691
2500.0,81.0,0.002848
2500.0,82.0,0.469336
2500.0,83.0,0.750937
2500.0,84.0,1.0
2500.0,85.0,0.993261
2500.0,86.0,0.9171
2500.0,87.0,0.615503
2500.0,88.0,0.913974
2500.0,89.0,0.67645
2500.0,90.0,0.633209
2500.0,91.0,0.489427
2500.0,92.0,0.925633
2500.0,93.0,0.453484
2500.0,94.0,0.613416
2500.0,95.0,0.672272
2500.0,96.0,0.774729
2500.0,97.0,0.632525
2500.0,98.0,0.033281
2500.0,99.0,0.435034
2500.0,100.0,0.970978
2500.0,101.0,0.298015
2500.0,102.0,0.001013
2500.0,103.0,0.505342
2500.0,104.0,0.495986
2500.0,105.0,0.03335
2500.0,106.0,0.476926
2500.0,107.0,0.031394
2500.0,108.0,0.683702
2500.0,109.0,0.631266
2500.0,110.0,0.503492
2500.0,111.0,0.603599
2500.0,112.0,0.613972
2500.0,113.0,0.193241
2500.0,114.0,0.52355
2500.0,115.0,1.0
2500.0,116.0,0.322016
2500.0,117.0,0.000425
2500.0,118.0,0.110408
2500.0,119.0,0.488567
2500.0,120.0,0.497811
2500.0,121.0,0.392398
2500.0,122.0,0.036447
2500.0,123.0,0.821221
2500.0,124.0,0.390285
2500.0,125.0,0.140155
2500.0,126.0,0.542092
2500.0,127.0,0.376455
2500.0,128.0,0.518732
2500.0,129.0,0.232538
2500.0,130.0,0.434887
2500.0,131.0,0.333246
2500.0,132.0,1.0
2500.0,133.0,0.374391
2500.0,134.0,0.98683
2500.0,135.0,0.980297
2500.0,136.0,0.18016
2500.0,137.0,0.001399
2500.0,138.0,0.090413
2500.0,139.0,0.76843
2500.0,140.0,0.000713
2500.0,141.0,0.942698
2500.0,142.0,0.755875
2500.0,143.0,0.974039
2500.0,144.0,0.619189
2500.0,145.0,0.527843
2500.0,146.0,0.457384
2500.0,147.0,0.32945
2500.0,148.0,0.038373
2500.0,149.0,0.154612
2500.0,150.0,0.805507
2500.0,151.0,0.433635
2500.0,152.0,0.936106
2500.0,153.0,0.456184
2500.0,154.0,0.999991
2500.0,155.0,0.408935
2500.0,156.0,0.96856
2500.0,157.0,0.880892
2500.0,158.0,0.241667
2500.0,159.0,0.965238
2500.0,160.0,0.702595
2500.0,161.0,0.583641
2500.0,162.0,0.478368
2500.0,163.0,0.00725
2500.0,164.0,0.342389
2500.0,165.0,0.374267
2500.0,166.0,0.490711
2500.0,167.0,0.705107
2500.0,168.0,0.952001
2500.0,169.0,0.0
2500.0,170.0,0.236446
2500.0,171.0,0.697549
2500.0,172.0,0.572556
2500.0,173.0,0.40791
2500.0,174.0,0.562305
2500.0,175.0,0.776224
2500.0,176.0,0.743043
2500.0,177.0,0.368137
2500.0,178.0,0.0
2500.0,179.0,0.429894
2500.0,180.0,0.661816
2500.0,181.0,0.299537
2500.0,182.0,1.0
2500.0,183.0,0.325794
2500.0,184.0,0.476091
2500.0,185.0,0.265947
2500.0,186.0,0.452171
2500.0,187.0,0.320595
2500.0,188.0,0.268365
2500.0,189.0,0.516318
2500.0,190.0,0.653674
2500.0,191.0,0.643355
2500.0,192.0,0.980795
2500.0,193.0,0.544971
2500.0,194.0,0.524846
2500.0,195.0,0.534609
2500.0,196.0,0.693933
2500.0,197.0,1.0
2500.0,198.0,0.026
2500.0,199.0,0.221327
2500.0,200.0,0.735121
2500.0,201.0,1.0
2500.0,202.0,1.0
2500.0,203.0,0.0
2500.0,204.0,0.493598
2500.0,205.0,1.0
2500.0,206.0,0.063321
2500.0,207.0,0.198455
2500.0,208.0,0.805991
2500.0,209.0,0.517249
2500.0,210.0,0.516033
2500.0,211.0,0.535692
2500.0,212.0,0.000454
2500.0,213.0,0.547746
2500.0,214.0,0.290173
2500.0,215.0,0.98537
2500.0,216.0,0.544673
2500.0,217.0,0.607843
2500.0,218.0,0.703704
2500.0,219.0,0.788553
2500.0,220.0,0.714807
2500.0,221.0,0.928668
2500.0,222.0,0.428783
2500.0,223.0,0.2879
2500.0,224.0,0.0
2500.0,225.0,1.0
2500.0,226.0,0.990979
2500.0,227.0,0.535334
2500.0,228.0,0.0
2500.0,229.0,0.999935
2500.0,230.0,0.222627
2500.0,231.0,0.804085
2500.0,232.0,0.085398
2500.0,233.0,0.500646
2500.0,234.0,0.473875
2500.0,235.0,0.294275
2500.0,236.0,0.284989
2500.0,237.0,0.0
2500.0,238.0,0.322466
2500.0,239.0,0.753431
2500.0,240.0,0.981211
2500.0,241.0,0.460894
2500.0,242.0,0.623075
2500.0,243.0,0.519832
2500.0,244.0,0.57445
2500.0,245.0,0.346117
2500.0,246.0,0.419461
2500.0,247.0,0.102882
2500.0,248.0,0.329657
2500.0,249.0,0.960692
2500.0,250.0,0.016529
2500.0,251.0,0.444052
2500.0,252.0,0.078782
2500.0,253.0,0.827815
2500.0,254.0,0.456694
2500.0,255.0,0.329394
2500.0,256.0,0.556336
2500.0,257.0,0.47498
2500.0,258.0,0.648775
2500.0,259.0,0.000167
2500.0,260.0,0.600222
2500.0,261.0,0.057312
2500.0,262.0,0.625859
2500.0,263.0,0.997184
2500.0,264.0,0.710835
2500.0,265.0,0.524175
2500.0,266.0,0.742697
2500.0,267.0,0.116369
2500.0,268.0,0.532701
2500.0,269.0,0.403686
2500.0,270.0,0.522705
2500.0,271.0,0.756536
2500.0,272.0,0.679832
2500.0,273.0,0.810017
2500.0,274.0,0.657392
2500.0,275.0,0.305916
2500.0,276.0,0.156356
2500.0,277.0,0.0
2500.0,278.0,0.914555
2500.0,279.0,0.552298
2500.0,280.0,0.082436
2500.0,281.0,0.634811
2500.0,282.0,0.217859
2500.0,283.0,0.377229
2500.0,284.0,0.638793
2500.0,285.0,0.592686
2500.0,286.0,0.462189
2500.0,287.0,0.307365
2500.0,288.0,0.773247
2500.0,289.0,0.549204
2500.0,290.0,0.163384
2500.0,291.0,0.899543
2500.0,292.0,0.217344
2500.0,293.0,0.926111
2500.0,294.0,0.536383
2500.0,295.0,0.637906
2500.0,296.0,0.631809
2500.0,297.0,1.0
2500.0,298.0,1.0
2500.0,299.0,0.375199
2500.0,300.0,0.739495
2500.0,301.0,0.889818
2500.0,302.0,0.817868
2500.0,303.0,0.096062
2500.0,304.0,1.0
2500.0,305.0,1.0
2500.0,306.0,0.530514
2500.0,307.0,0.000871
2500.0,308.0,0.0
2500.0,309.0,0.462576
2500.0,310.0,0.349409
2500.0,311.0,0.249698
2500.0,312.0,0.278331
2500.0,313.0,0.380277
2500.0,314.0,0.001487
2500.0,315.0,0.432723
2500.0,316.0,0.62984
2500.0,317.0,0.995099
2500.0,318.0,0.385473
2500.0,319.0,0.998217
2500.0,320.0,0.669141
2500.0,321.0,1.0
2500.0,322.0,0.187409
2500.0,323.0,0.692173
2500.0,324.0,0.000431
2500.0,325.0,0.0
2500.0,326.0,0.183769
2500.0,327.0,0.078535
2500.0,328.0,0.207266
2500.0,329.0,0.452391
2500.0,330.0,0.288643
2500.0,331.0,0.698324
2500.0,332.0,0.80302
2500.0,333.0,0.573646
2500.0,334.0,0.995495
2501.0,0.0,0.892083
2501.0,1.0,0.478128
2501.0,2.0,0.882657
2501.0,3.0,0.679118
2501.0,4.0,0.33725
2501.0,5.0,0.678635
2501.0,6.0,0.0
2501.0,7.0,0.304683
2501.0,8.0,1.0
2501.0,9.0,0.011157
2501.0,10.0,0.278022
2501.0,11.0,0.143616
2501.0,12.0,0.304418
2501.0,13.0,0.462867
2501.0,14.0,0.574934
2501.0,15.0,0.662371
2501.0,16.0,0.572285
2501.0,17.0,0.803613
2501.0,18.0,0.455473
2501.0,19.0,0.0
2501.0,20.0,0.603043
2501.0,21.0,0.418259
2501.0,22.0,0.539209
2501.0,23.0,0.457429
2501.0,24.0,0.997293
2501.0,25.0,0.06066
2501.0,26.0,0.829094
2501.0,27.0,0.810315
2501.0,28.0,0.238552
2501.0,29.0,1.0
2501.0,30.0,0.396085
2501.0,31.0,0.415535
2501.0,32.0,0.894563
2501.0,33.0,0.619888
2501.0,34.0,0.590072
2501.0,35.0,0.390141
2501.0,36.0,0.364586
2501.0,37.0,0.538644
2501.0,38.0,0.361324
2501.0,39.0,0.194283
2501.0,40.0,0.610085
2501.0,41.0,0.823254
2501.0,42.0,1.0
2501.0,43.0,0.304152
2501.0,44.0,0.552656
2501.0,45.0,0.004694
2501.0,46.0,0.042291
2501.0,47.0,0.022129
2501.0,48.0,0.274864
2501.0,49.0,0.45764
2501.0,50.0,0.468888
2501.0,51.0,0.41727
2501.0,52.0,0.886761
2501.0,53.0,0.311604
2501.0,54.0,0.811414
2501.0,55.0,0.722422
2501.0,56.0,0.152314
2501.0,57.0,1.0
2501.0,58.0,0.0
2501.0,59.0,0.834232
2501.0,60.0,0.820555
2501.0,61.0,7.5e-05
2501.0,62.0,0.488425
2501.0,63.0,0.999998
2501.0,64.0,0.823672
2501.0,65.0,0.50272
2501.0,66.0,0.759998
2501.0,67.0,0.446928
2501.0,68.0,0.345836
2501.0,69.0,0.191046
2501.0,70.0,0.0
2501.0,71.0,0.0
2501.0,72.0,1.0
2501.0,73.0,0.0
2501.0,74.0,0.927246
2501.0,75.0,0.721556
2501.0,76.0,0.506314
2501.0,77.0,0.319017
2501.0,78.0,0.820045
2501.0,79.0,0.118965
2501.0,80.0,0.519073
2501.0,81.0,0.002824
2501.0,82.0,0.474397
2501.0,83.0,0.755206
2501.0,84.0,1.0
2501.0,85.0,0.993372
2501.0,86.0,0.916844
2501.0,87.0,0.617079
2501.0,88.0,0.916461
2501.0,89.0,0.683123
2501.0,90.0,0.633555
2501.0,91.0,0.494456
2501.0,92.0,0.925712
2501.0,93.0,0.453773
2501.0,94.0,0.626165
2501.0,95.0,0.67625
2501.0,96.0,0.775501
2501.0,97.0,0.637134
2501.0,98.0,0.033601
2501.0,99.0,0.441282
2501.0,100.0,0.971485
2501.0,101.0,0.300354
2501.0,102.0,0.001025
2501.0,103.0,0.509068
2501.0,104.0,0.498763
2501.0,105.0,0.035772
2501.0,106.0,0.484013
2501.0,107.0,0.032516
2501.0,108.0,0.684532
2501.0,109.0,0.636301
2501.0,110.0,0.51788
2501.0,111.0,0.603652
2501.0,112.0,0.618991
2501.0,113.0,0.194734
2501.0,114.0,0.525432
2501.0,115.0,1.0
2501.0,116.0,0.323571
2501.0,117.0,0.000487
2501.0,118.0,0.110625
2501.0,119.0,0.499404
2501.0,120.0,0.499405
2501.0,121.0,0.395014
2501.0,122.0,0.036817
2501.0,123.0,0.823342
2501.0,124.0,0.394984
2501.0,125.0,0.141748
2501.0,126.0,0.542943
2501.0,127.0,0.378561
2501.0,128.0,0.525264
2501.0,129.0,0.249907
2501.0,130.0,0.450279
2501.0,131.0,0.334993
2501.0,132.0,1.0
2501.0,133.0,0.38205
2501.0,134.0,0.987051
2501.0,135.0,0.980585
2501.0,136.0,0.17988
2501.0,137.0,0.001401
2501.0,138.0,0.091051
2501.0,139.0,0.77373
2501.0,140.0,0.000781
2501.0,141.0,0.943445
2501.0,142.0,0.757932
2501.0,143.0,0.975188
2501.0,144.0,0.620981
2501.0,145.0,0.532886
2501.0,146.0,0.502728
2501.0,147.0,0.329637
2501.0,148.0,0.038655
2501.0,149.0,0.156836
2501.0,150.0,0.810768
2501.0,151.0,0.446577
2501.0,152.0,0.936475
2501.0,153.0,0.457771
2501.0,154.0,0.999996
2501.0,155.0,0.41034
2501.0,156.0,0.968691
2501.0,157.0,0.881601
2501.0,158.0,0.244683
2501.0,159.0,0.965821
2501.0,160.0,0.705218
2501.0,161.0,0.585345
2501.0,162.0,0.48862
2501.0,163.0,0.007328
2501.0,164.0,0.349502
2501.0,165.0,0.39753
2501.0,166.0,0.4947
2501.0,167.0,0.708427
2501.0,168.0,0.952591
2501.0,169.0,0.0
2501.0,170.0,0.236886
2501.0,171.0,0.699788
2501.0,172.0,0.57454
2501.0,173.0,0.412139
2501.0,174.0,0.563122
2501.0,175.0,0.77979
2501.0,176.0,0.74651
2501.0,177.0,0.384211
2501.0,178.0,0.0
2501.0,179.0,0.433959
2501.0,180.0,0.663645
2501.0,181.0,0.303841
2501.0,182.0,1.0
2501.0,183.0,0.334357
2501.0,184.0,0.485006
2501.0,185.0,0.266204
2501.0,186.0,0.452419
2501.0,187.0,0.321886
2501.0,188.0,0.274002
2501.0,189.0,0.52106
2501.0,190.0,0.65662
2501.0,191.0,0.64623
2501.0,192.0,0.981767
2501.0,193.0,0.54959
2501.0,194.0,0.527902
2501.0,195.0,0.540506
2501.0,196.0,0.696275
2501.0,197.0,1.0
2501.0,198.0,0.026304
2501.0,199.0,0.236934
2501.0,200.0,0.738795
2501.0,201.0,1.0
2501.0,202.0,1.0
2501.0,203.0,0.0
2501.0,204.0,0.497926
2501.0,205.0,1.0
2501.0,206.0,0.064235
2501.0,207.0,0.201822
2501.0,208.0,0.810724
2501.0,209.0,0.520638
2501.0,210.0,0.525165
2501.0,211.0,0.538137
2501.0,212.0,0.000471
2501.0,213.0,0.549079
2501.0,214.0,0.293923
2501.0,215.0,0.98575
2501.0,216.0,0.545176
2501.0,217.0,0.61148
2501.0,218.0,0.70485
2501.0,219.0,0.792495
2501.0,220.0,0.715838
2501.0,221.0,0.929128
2501.0,222.0,0.433501
2501.0,223.0,0.289552
2501.0,224.0,0.0
2501.0,225.0,1.0
2501.0,226.0,0.991384
2501.0,227.0,0.540224
2501.0,228.0,0.0
2501.0,229.0,0.99995
2501.0,230.0,0.227236
2501.0,231.0,0.804879
2501.0,232.0,0.086271
2501.0,233.0,0.520808
2501.0,234.0,0.476686
2501.0,235.0,0.297704
2501.0,236.0,0.290935
2501.0,237.0,0.0
2501.0,238.0,0.325949
2501.0,239.0,0.754554
2501.0,240.0,0.981687
2501.0,241.0,0.473228
2501.0,242.0,0.635832
2501.0,243.0,0.522378
2501.0,244.0,0.576032
2501.0,245.0,0.346715
2501.0,246.0,0.42299
2501.0,247.0,0.103567
2501.0,248.0,0.334939
2501.0,249.0,0.961569
2501.0,250.0,0.01671
2501.0,251.0,0.448535
2501.0,252.0,0.078932
2501.0,253.0,0.829503
2501.0,254.0,0.462587
2501.0,255.0,0.333225
2501.0,256.0,0.559706
2501.0,257.0,0.486833
2501.0,258.0,0.650995
2501.0,259.0,0.000163
2501.0,260.0,0.60327
2501.0,261.0,0.061264
2501.0,262.0,0.634651
2501.0,263.0,0.997275
2501.0,264.0,0.715307
2501.0,265.0,0.527553
2501.0,266.0,0.743819
2501.0,267.0,0.117183
2501.0,268.0,0.533713
2501.0,269.0,0.412334
2501.0,270.0,0.525944
2501.0,271.0,0.757918
2501.0,272.0,0.684137
2501.0,273.0,0.811547
2501.0,274.0,0.657981
2501.0,275.0,0.306408
2501.0,276.0,0.158166
2501.0,277.0,0.0
2501.0,278.0,0.915593
2501.0,279.0,0.552646
2501.0,280.0,0.083542
2501.0,281.0,0.639696
2501.0,282.0,0.234264
2501.0,283.0,0.377901
2501.0,284.0,0.63921
2501.0,285.0,0.592645
2501.0,286.0,0.466306
2501.0,287.0,0.313251
2501.0,288.0,0.774323
2501.0,289.0,0.551767
2501.0,290.0,0.163811
2501.0,291.0,0.900039
2501.0,292.0,0.220628
2501.0,293.0,0.928068
2501.0,294.0,0.545075
2501.0,295.0,0.641997
2501.0,296.0,0.639206
2501.0,297.0,1.0
2501.0,298.0,1.0
2501.0,299.0,0.378035
2501.0,300.0,0.740084
2501.0,301.0,0.890396
2501.0,302.0,0.819449
2501.0,303.0,0.09655
2501.0,304.0,1.0
2501.0,305.0,1.0
2501.0,306.0,0.535805
2501.0,307.0,0.00088
2501.0,308.0,0.0
2501.0,309.0,0.478689
2501.0,310.0,0.350256
2501.0,311.0,0.257899
2501.0,312.0,0.28335
2501.0,313.0,0.382836
2501.0,314.0,0.001519
2501.0,315.0,0.433981
2501.0,316.0,0.629913
2501.0,317.0,0.995249
2501.0,318.0,0.387601
2501.0,319.0,0.998262
2501.0,320.0,0.671691
2501.0,321.0,1.0
2501.0,322.0,0.190033
2501.0,323.0,0.694789
2501.0,324.0,0.00044
2501.0,325.0,0.0
2501.0,326.0,0.18878
2501.0,327.0,0.07845
2501.0,328.0,0.209101
2501.0,329.0,0.457136
2501.0,330.0,0.289028
2501.0,331.0,0.699508
2501.0,332.0,0.806178
2501.0,333.0,0.57459
2501.0,334.0,0.995583
2502.0,0.0,0.894115
2502.0,1.0,0.480787
2502.0,2.0,0.882531
2502.0,3.0,0.680202
2502.0,4.0,0.33835
2502.0,5.0,0.682536
2502.0,6.0,0.0
2502.0,7.0,0.305781
2502.0,8.0,1.0
2502.0,9.0,0.011793
2502.0,10.0,0.28029
2502.0,11.0,0.144916
2502.0,12.0,0.30731
2502.0,13.0,0.470702
2502.0,14.0,0.576121
2502.0,15.0,0.665522
2502.0,16.0,0.576099
2502.0,17.0,0.806154
2502.0,18.0,0.456693
2502.0,19.0,0.0
2502.0,20.0,0.610079
2502.0,21.0,0.420584
2502.0,22.0,0.540988
2502.0,23.0,0.465214
2502.0,24.0,0.997426
2502.0,25.0,0.060361
2502.0,26.0,0.830174
2502.0,27.0,0.811829
2502.0,28.0,0.242169
2502.0,29.0,1.0
2502.0,30.0,0.397747
2502.0,31.0,0.418013
2502.0,32.0,0.895791
2502.0,33.0,0.620714
2502.0,34.0,0.598019
2502.0,35.0,0.392439
2502.0,36.0,0.371858
2502.0,37.0,0.548738
2502.0,38.0,0.361387
2502.0,39.0,0.197121
2502.0,40.0,0.611971
2502.0,41.0,0.825441
2502.0,42.0,1.0
2502.0,43.0,0.309338
2502.0,44.0,0.563236
2502.0,45.0,0.004859
2502.0,46.0,0.042554
2502.0,47.0,0.022213
2502.0,48.0,0.278651
2502.0,49.0,0.476589
2502.0,50.0,0.470665
2502.0,51.0,0.42019
2502.0,52.0,0.886975
2502.0,53.0,0.313834
2502.0,54.0,0.813167
2502.0,55.0,0.724413
2502.0,56.0,0.163212
2502.0,57.0,1.0
2502.0,58.0,0.0
2502.0,59.0,0.834812
2502.0,60.0,0.821036
2502.0,61.0,6.5e-05
2502.0,62.0,0.489442
2502.0,63.0,0.999998
2502.0,64.0,0.824875
2502.0,65.0,0.511742
2502.0,66.0,0.762906
2502.0,67.0,0.446539
2502.0,68.0,0.360998
2502.0,69.0,0.19327
2502.0,70.0,0.0
2502.0,71.0,0.0
2502.0,72.0,1.0
2502.0,73.0,0.0
2502.0,74.0,0.927907
2502.0,75.0,0.723748
2502.0,76.0,0.510101
2502.0,77.0,0.32198
2502.0,78.0,0.819736
2502.0,79.0,0.120096
2502.0,80.0,0.531506
2502.0,81.0,0.002928
2502.0,82.0,0.479114
2502.0,83.0,0.759653
2502.0,84.0,1.0
2502.0,85.0,0.993573
2502.0,86.0,0.916914
2502.0,87.0,0.617887
2502.0,88.0,0.91869
2502.0,89.0,0.688639
2502.0,90.0,0.634599
2502.0,91.0,0.498329
2502.0,92.0,0.925982
2502.0,93.0,0.45391
2502.0,94.0,0.63951
2502.0,95.0,0.680256
2502.0,96.0,0.776425
2502.0,97.0,0.642138
2502.0,98.0,0.034206
2502.0,99.0,0.447453
2502.0,100.0,0.971713
2502.0,101.0,0.302821
2502.0,102.0,0.00104
2502.0,103.0,0.512279
2502.0,104.0,0.499846
2502.0,105.0,0.038559
2502.0,106.0,0.49135
2502.0,107.0,0.033388
2502.0,108.0,0.685429
2502.0,109.0,0.642218
2502.0,110.0,0.531283
2502.0,111.0,0.603862
2502.0,112.0,0.62337
2502.0,113.0,0.197222
2502.0,114.0,0.5277
2502.0,115.0,1.0
2502.0,116.0,0.324594
2502.0,117.0,0.000497
2502.0,118.0,0.110686
2502.0,119.0,0.508129
2502.0,120.0,0.500233
2502.0,121.0,0.397448
2502.0,122.0,0.036822
2502.0,123.0,0.82391
2502.0,124.0,0.400088
2502.0,125.0,0.142897
2502.0,126.0,0.543854
2502.0,127.0,0.37986
2502.0,128.0,0.531795
2502.0,129.0,0.265641
2502.0,130.0,0.464483
2502.0,131.0,0.336345
2502.0,132.0,1.0
2502.0,133.0,0.389646
2502.0,134.0,0.987436
2502.0,135.0,0.980579
2502.0,136.0,0.180524
2502.0,137.0,0.001369
2502.0,138.0,0.092352
2502.0,139.0,0.779463
2502.0,140.0,0.000812
2502.0,141.0,0.944476
2502.0,142.0,0.759159
2502.0,143.0,0.975968
2502.0,144.0,0.623302
2502.0,145.0,0.536804
2502.0,146.0,0.546603
2502.0,147.0,0.329724
2502.0,148.0,0.039094
2502.0,149.0,0.158997
2502.0,150.0,0.815762
2502.0,151.0,0.458833
2502.0,152.0,0.93687
2502.0,153.0,0.459779
2502.0,154.0,0.999999
2502.0,155.0,0.4121
2502.0,156.0,0.96894
2502.0,157.0,0.882104
2502.0,158.0,0.247833
2502.0,159.0,0.966293
2502.0,160.0,0.70676
2502.0,161.0,0.586702
2502.0,162.0,0.497648
2502.0,163.0,0.00727
2502.0,164.0,0.355906
2502.0,165.0,0.420082
2502.0,166.0,0.497893
2502.0,167.0,0.711671
2502.0,168.0,0.9535
2502.0,169.0,0.0
2502.0,170.0,0.237671
2502.0,171.0,0.701835
2502.0,172.0,0.577037
2502.0,173.0,0.417011
2502.0,174.0,0.563662
2502.0,175.0,0.78336
2502.0,176.0,0.749658
2502.0,177.0,0.400932
2502.0,178.0,0.0
2502.0,179.0,0.437552
2502.0,180.0,0.665861
2502.0,181.0,0.308389
2502.0,182.0,1.0
2502.0,183.0,0.342342
2502.0,184.0,0.493387
2502.0,185.0,0.267206
2502.0,186.0,0.454285
2502.0,187.0,0.323676
2502.0,188.0,0.27962
2502.0,189.0,0.525479
2502.0,190.0,0.657566
2502.0,191.0,0.648853
2502.0,192.0,0.982804
2502.0,193.0,0.553672
2502.0,194.0,0.530642
2502.0,195.0,0.545791
2502.0,196.0,0.699577
2502.0,197.0,1.0
2502.0,198.0,0.02648
2502.0,199.0,0.252944
2502.0,200.0,0.742701
2502.0,201.0,1.0
2502.0,202.0,1.0
2502.0,203.0,0.0
2502.0,204.0,0.501773
2502.0,205.0,1.0
2502.0,206.0,0.065069
2502.0,207.0,0.205626
2502.0,208.0,0.815674
2502.0,209.0,0.52406
2502.0,210.0,0.535205
2502.0,211.0,0.5403
2502.0,212.0,0.000537
2502.0,213.0,0.551092
2502.0,214.0,0.297114
2502.0,215.0,0.985912
2502.0,216.0,0.545471
2502.0,217.0,0.6135
2502.0,218.0,0.706247
2502.0,219.0,0.795964
2502.0,220.0,0.716535
2502.0,221.0,0.929802
2502.0,222.0,0.437246
2502.0,223.0,0.290708
2502.0,224.0,0.0
2502.0,225.0,1.0
2502.0,226.0,0.991454
2502.0,227.0,0.54448
2502.0,228.0,0.0
2502.0,229.0,0.999957
2502.0,230.0,0.231919
2502.0,231.0,0.806338
2502.0,232.0,0.086577
2502.0,233.0,0.540779
2502.0,234.0,0.478355
2502.0,235.0,0.301348
2502.0,236.0,0.296627
2502.0,237.0,0.0
2502.0,238.0,0.32922
2502.0,239.0,0.755163
2502.0,240.0,0.98215
2502.0,241.0,0.4846
2502.0,242.0,0.648293
2502.0,243.0,0.525559
2502.0,244.0,0.57777
2502.0,245.0,0.347609
2502.0,246.0,0.426787
2502.0,247.0,0.104687
2502.0,248.0,0.339722
2502.0,249.0,0.962634
2502.0,250.0,0.016981
2502.0,251.0,0.453079
2502.0,252.0,0.078998
2502.0,253.0,0.830778
2502.0,254.0,0.467955
2502.0,255.0,0.336471
2502.0,256.0,0.562488
2502.0,257.0,0.49862
2502.0,258.0,0.65218
2502.0,259.0,0.000145
2502.0,260.0,0.605659
2502.0,261.0,0.065986
2502.0,262.0,0.642897
2502.0,263.0,0.997335
2502.0,264.0,0.719382
2502.0,265.0,0.531405
2502.0,266.0,0.744701
2502.0,267.0,0.117942
2502.0,268.0,0.535369
2502.0,269.0,0.42009
2502.0,270.0,0.528929
2502.0,271.0,0.759163
2502.0,272.0,0.688574
2502.0,273.0,0.81325
2502.0,274.0,0.658364
2502.0,275.0,0.307796
2502.0,276.0,0.160135
2502.0,277.0,0.0
2502.0,278.0,0.916372
2502.0,279.0,0.55303
2502.0,280.0,0.084613
2502.0,281.0,0.643833
2502.0,282.0,0.251745
2502.0,283.0,0.379094
2502.0,284.0,0.639356
2502.0,285.0,0.593072
2502.0,286.0,0.471022
2502.0,287.0,0.318229
2502.0,288.0,0.77536
2502.0,289.0,0.553085
2502.0,290.0,0.164752
2502.0,291.0,0.900697
2502.0,292.0,0.224397
2502.0,293.0,0.929624
2502.0,294.0,0.551974
2502.0,295.0,0.645286
2502.0,296.0,0.647899
2502.0,297.0,1.0
2502.0,298.0,1.0
2502.0,299.0,0.38153
2502.0,300.0,0.740094
2502.0,301.0,0.891299
2502.0,302.0,0.82073
2502.0,303.0,0.096906
2502.0,304.0,1.0
2502.0,305.0,1.0
2502.0,306.0,0.541513
2502.0,307.0,0.000939
2502.0,308.0,0.0
2502.0,309.0,0.495125
2502.0,310.0,0.352656
2502.0,311.0,0.265393
2502.0,312.0,0.288513
2502.0,313.0,0.384562
2502.0,314.0,0.001495
2502.0,315.0,0.435522
2502.0,316.0,0.630881
2502.0,317.0,0.995339
2502.0,318.0,0.38894
2502.0,319.0,0.998285
2502.0,320.0,0.67372
2502.0,321.0,1.0
2502.0,322.0,0.192589
2502.0,323.0,0.696382
2502.0,324.0,0.000439
2502.0,325.0,0.0
2502.0,326.0,0.194271
2502.0,327.0,0.078633
2502.0,328.0,0.210561
2502.0,329.0,0.462206
2502.0,330.0,0.289234
2502.0,331.0,0.701271
2502.0,332.0,0.809218
2502.0,333.0,0.57639
2502.0,334.0,0.995591
2503.0,0.0,0.896618
2503.0,1.0,0.483388
2503.0,2.0,0.883887
2503.0,3.0,0.681474
2503.0,4.0,0.340146
2503.0,5.0,0.68511
2503.0,6.0,0.0
2503.0,7.0,0.307499
2503.0,8.0,1.0
2503.0,9.0,0.012322
2503.0,10.0,0.282227
2503.0,11.0,0.144498
2503.0,12.0,0.312405
2503.0,13.0,0.4793
2503.0,14.0,0.577073
2503.0,15.0,0.66893
2503.0,16.0,0.579747
2503.0,17.0,0.809376
2503.0,18.0,0.457166
2503.0,19.0,0.0
2503.0,20.0,0.617058
2503.0,21.0,0.421371
2503.0,22.0,0.542182
2503.0,23.0,0.473479
2503.0,24.0,0.99749
2503.0,25.0,0.060739
2503.0,26.0,0.831364
2503.0,27.0,0.813184
2503.0,28.0,0.245971
2503.0,29.0,1.0
2503.0,30.0,0.399658
2503.0,31.0,0.420805
2503.0,32.0,0.896896
2503.0,33.0,0.621572
2503.0,34.0,0.605823
2503.0,35.0,0.393631
2503.0,36.0,0.378067
2503.0,37.0,0.558376
2503.0,38.0,0.360568
2503.0,39.0,0.199731
2503.0,40.0,0.613475
2503.0,41.0,0.827624
2503.0,42.0,1.0
2503.0,43.0,0.31424
2503.0,44.0,0.572975
2503.0,45.0,0.004947
2503.0,46.0,0.042908
2503.0,47.0,0.02255
2503.0,48.0,0.282509
2503.0,49.0,0.495246
2503.0,50.0,0.471762
2503.0,51.0,0.423323
2503.0,52.0,0.88805
2503.0,53.0,0.316813
2503.0,54.0,0.815307
2503.0,55.0,0.725938
2503.0,56.0,0.17463
2503.0,57.0,1.0
2503.0,58.0,0.0
2503.0,59.0,0.835794
2503.0,60.0,0.821949
2503.0,61.0,5.5e-05
2503.0,62.0,0.490385
2503.0,63.0,1.0
2503.0,64.0,0.826065
2503.0,65.0,0.519565
2503.0,66.0,0.765381
2503.0,67.0,0.445462
2503.0,68.0,0.375501
2503.0,69.0,0.196169
2503.0,70.0,0.0
2503.0,71.0,0.0
2503.0,72.0,1.0
2503.0,73.0,0.0
2503.0,74.0,0.929067
2503.0,75.0,0.725511
2503.0,76.0,0.512997
2503.0,77.0,0.324929
2503.0,78.0,0.819788
2503.0,79.0,0.121061
2503.0,80.0,0.543824
2503.0,81.0,0.00302
2503.0,82.0,0.48388
2503.0,83.0,0.763973
2503.0,84.0,1.0
2503.0,85.0,0.993802
2503.0,86.0,0.916717
2503.0,87.0,0.618661
2503.0,88.0,0.920627
2503.0,89.0,0.695173
2503.0,90.0,0.636342
2503.0,91.0,0.50107
2503.0,92.0,0.926623
2503.0,93.0,0.45474
2503.0,94.0,0.652825
2503.0,95.0,0.684456
2503.0,96.0,0.777226
2503.0,97.0,0.647863
2503.0,98.0,0.034423
2503.0,99.0,0.453381
2503.0,100.0,0.97204
2503.0,101.0,0.304457
2503.0,102.0,0.000973
2503.0,103.0,0.515684
2503.0,104.0,0.501279
2503.0,105.0,0.041264
2503.0,106.0,0.498163
2503.0,107.0,0.034012
2503.0,108.0,0.686241
2503.0,109.0,0.648019
2503.0,110.0,0.545189
2503.0,111.0,0.60368
2503.0,112.0,0.626764
2503.0,113.0,0.198549
2503.0,114.0,0.529047
2503.0,115.0,1.0
2503.0,116.0,0.325818
2503.0,117.0,0.000523
2503.0,118.0,0.110394
2503.0,119.0,0.517552
2503.0,120.0,0.502417
2503.0,121.0,0.399814
2503.0,122.0,0.036952
2503.0,123.0,0.82544
2503.0,124.0,0.404332
2503.0,125.0,0.144888
2503.0,126.0,0.545031
2503.0,127.0,0.3819
2503.0,128.0,0.538461
2503.0,129.0,0.282708
2503.0,130.0,0.477881
2503.0,131.0,0.338257
2503.0,132.0,1.0
2503.0,133.0,0.396273
2503.0,134.0,0.987526
2503.0,135.0,0.9805
2503.0,136.0,0.180989
2503.0,137.0,0.001362
2503.0,138.0,0.092984
2503.0,139.0,0.785006
2503.0,140.0,0.000841
2503.0,141.0,0.945436
2503.0,142.0,0.760986
2503.0,143.0,0.976998
2503.0,144.0,0.62506
2503.0,145.0,0.540458
2503.0,146.0,0.587082
2503.0,147.0,0.328715
2503.0,148.0,0.039547
2503.0,149.0,0.160659
2503.0,150.0,0.820666
2503.0,151.0,0.47013
2503.0,152.0,0.937021
2503.0,153.0,0.461211
2503.0,154.0,0.999999
2503.0,155.0,0.413274
2503.0,156.0,0.969224
2503.0,157.0,0.882724
2503.0,158.0,0.251117
2503.0,159.0,0.966769
2503.0,160.0,0.708511
2503.0,161.0,0.58768
2503.0,162.0,0.506328
2503.0,163.0,0.007438
2503.0,164.0,0.362171
2503.0,165.0,0.441698
2503.0,166.0,0.501415
2503.0,167.0,0.71428
2503.0,168.0,0.953839
2503.0,169.0,0.0
2503.0,170.0,0.23875
2503.0,171.0,0.703538
2503.0,172.0,0.578454
2503.0,173.0,0.421838
2503.0,174.0,0.565107
2503.0,175.0,0.786934
2503.0,176.0,0.753337
2503.0,177.0,0.417943
2503.0,178.0,0.0
2503.0,179.0,0.441159
2503.0,180.0,0.667725
2503.0,181.0,0.312762
2503.0,182.0,1.0
2503.0,183.0,0.351014
2503.0,184.0,0.501471
2503.0,185.0,0.268186
2503.0,186.0,0.45538
2503.0,187.0,0.324313
2503.0,188.0,0.285265
2503.0,189.0,0.530635
2503.0,190.0,0.659076
2503.0,191.0,0.651249
2503.0,192.0,0.983529
2503.0,193.0,0.558309
2503.0,194.0,0.533145
2503.0,195.0,0.55169
2503.0,196.0,0.702413
2503.0,197.0,1.0
2503.0,198.0,0.026608
2503.0,199.0,0.269345
2503.0,200.0,0.746423
2503.0,201.0,1.0
2503.0,202.0,1.0
2503.0,203.0,0.0
2503.0,204.0,0.505902
2503.0,205.0,1.0
2503.0,206.0,0.065902
2503.0,207.0,0.209888
2503.0,208.0,0.820698
2503.0,209.0,0.527144
2503.0,210.0,0.544243
2503.0,211.0,0.542316
2503.0,212.0,0.00051
2503.0,213.0,0.552582
2503.0,214.0,0.300255
2503.0,215.0,0.986086
2503.0,216.0,0.546504
2503.0,217.0,0.617946
2503.0,218.0,0.708301
2503.0,219.0,0.799601
2503.0,220.0,0.717025
2503.0,221.0,0.930518
2503.0,222.0,0.441362
2503.0,223.0,0.290543
2503.0,224.0,0.0
2503.0,225.0,1.0
2503.0,226.0,0.991531
2503.0,227.0,0.549311
2503.0,228.0,0.0
2503.0,229.0,0.999955
2503.0,230.0,0.235153
2503.0,231.0,0.80767
2503.0,232.0,0.086992
2503.0,233.0,0.560655
2503.0,234.0,0.480172
2503.0,235.0,0.304657
2503.0,236.0,0.303014
2503.0,237.0,0.0
2503.0,238.0,0.332034
2503.0,239.0,0.756773
2503.0,240.0,0.982439
2503.0,241.0,0.495457
2503.0,242.0,0.660635
2503.0,243.0,0.528215
2503.0,244.0,0.57828
2503.0,245.0,0.348211
2503.0,246.0,0.429848
2503.0,247.0,0.10548
2503.0,248.0,0.343074
2503.0,249.0,0.963604
2503.0,250.0,0.017213
2503.0,251.0,0.456947
2503.0,252.0,0.078544
2503.0,253.0,0.832292
2503.0,254.0,0.474172
2503.0,255.0,0.340817
2503.0,256.0,0.56569
2503.0,257.0,0.509889
2503.0,258.0,0.653212
2503.0,259.0,0.000158
2503.0,260.0,0.608449
2503.0,261.0,0.071097
2503.0,262.0,0.651118
2503.0,263.0,0.997539
2503.0,264.0,0.724259
2503.0,265.0,0.535094
2503.0,266.0,0.744663
2503.0,267.0,0.118994
2503.0,268.0,0.536058
2503.0,269.0,0.428039
2503.0,270.0,0.532196
2503.0,271.0,0.761019
2503.0,272.0,0.693867
2503.0,273.0,0.815241
2503.0,274.0,0.660504
2503.0,275.0,0.309077
2503.0,276.0,0.162184
2503.0,277.0,0.0
2503.0,278.0,0.917688
2503.0,279.0,0.553463
2503.0,280.0,0.086273
2503.0,281.0,0.648779
2503.0,282.0,0.270091
2503.0,283.0,0.380176
2503.0,284.0,0.640034
2503.0,285.0,0.59247
2503.0,286.0,0.475922
2503.0,287.0,0.322683
2503.0,288.0,0.776485
2503.0,289.0,0.554674
2503.0,290.0,0.165189
2503.0,291.0,0.901623
2503.0,292.0,0.22732
2503.0,293.0,0.931125
2503.0,294.0,0.559425
2503.0,295.0,0.648762
2503.0,296.0,0.655781
2503.0,297.0,1.0
2503.0,298.0,1.0
2503.0,299.0,0.384148
2503.0,300.0,0.740656
2503.0,301.0,0.892047
2503.0,302.0,0.822719
2503.0,303.0,0.09797
2503.0,304.0,1.0
2503.0,305.0,1.0
2503.0,306.0,0.54713
2503.0,307.0,0.000947
2503.0,308.0,0.0
2503.0,309.0,0.510281
2503.0,310.0,0.354354
2503.0,311.0,0.273626
2503.0,312.0,0.293513
2503.0,313.0,0.385771
2503.0,314.0,0.001436
2503.0,315.0,0.437103
2503.0,316.0,0.631719
2503.0,317.0,0.995504
2503.0,318.0,0.391311
2503.0,319.0,0.998417
2503.0,320.0,0.67628
2503.0,321.0,1.0
2503.0,322.0,0.195247
2503.0,323.0,0.69872
2503.0,324.0,0.00048
2503.0,325.0,0.0
2503.0,326.0,0.199446
2503.0,327.0,0.07883
2503.0,328.0,0.212177
2503.0,329.0,0.468129
2503.0,330.0,0.28938
2503.0,331.0,0.702717
2503.0,332.0,0.811443
2503.0,333.0,0.577518
2503.0,334.0,0.995633
2504.0,0.0,0.898893
2504.0,1.0,0.485401
2504.0,2.0,0.883994
2504.0,3.0,0.682658
2504.0,4.0,0.342019
2504.0,5.0,0.689185
2504.0,6.0,0.0
2504.0,7.0,0.308904
2504.0,8.0,1.0
2504.0,9.0,0.012857
2504.0,10.0,0.285105
2504.0,11.0,0.144613
2504.0,12.0,0.316525
2504.0,13.0,0.487657
2504.0,14.0,0.579136
2504.0,15.0,0.672083
2504.0,16.0,0.583784
2504.0,17.0,0.81205
2504.0,18.0,0.458133
2504.0,19.0,0.0
2504.0,20.0,0.624511
2504.0,21.0,0.421783
2504.0,22.0,0.542821
2504.0,23.0,0.481905
2504.0,24.0,0.997624
2504.0,25.0,0.060976
2504.0,26.0,0.832704
2504.0,27.0,0.814702
2504.0,28.0,0.249013
2504.0,29.0,1.0
2504.0,30.0,0.401903
2504.0,31.0,0.422841
2504.0,32.0,0.897831
2504.0,33.0,0.622334
2504.0,34.0,0.612813
2504.0,35.0,0.394464
2504.0,36.0,0.383175
2504.0,37.0,0.568115
2504.0,38.0,0.360845
2504.0,39.0,0.201707
2504.0,40.0,0.615727
2504.0,41.0,0.829446
2504.0,42.0,1.0
2504.0,43.0,0.317795
2504.0,44.0,0.583728
2504.0,45.0,0.005068
2504.0,46.0,0.042835
2504.0,47.0,0.022585
2504.0,48.0,0.286561
2504.0,49.0,0.513014
2504.0,50.0,0.474191
2504.0,51.0,0.425908
2504.0,52.0,0.888309
2504.0,53.0,0.319509
2504.0,54.0,0.817753
2504.0,55.0,0.727343
2504.0,56.0,0.185857
2504.0,57.0,1.0
2504.0,58.0,0.0
2504.0,59.0,0.83622
2504.0,60.0,0.822135
2504.0,61.0,6.4e-05
2504.0,62.0,0.491525
2504.0,63.0,1.0
2504.0,64.0,0.827056
2504.0,65.0,0.527423
2504.0,66.0,0.76888
2504.0,67.0,0.445347
2504.0,68.0,0.390445
2504.0,69.0,0.199054
2504.0,70.0,0.0
2504.0,71.0,0.0
2504.0,72.0,1.0
2504.0,73.0,0.0
2504.0,74.0,0.929746
2504.0,75.0,0.727807
2504.0,76.0,0.516881
2504.0,77.0,0.328444
2504.0,78.0,0.819572
2504.0,79.0,0.122845
2504.0,80.0,0.555117
2504.0,81.0,0.00305
2504.0,82.0,0.489132
2504.0,83.0,0.768717
2504.0,84.0,1.0
2504.0,85.0,0.993874
2504.0,86.0,0.916238
2504.0,87.0,0.619777
2504.0,88.0,0.922467
2504.0,89.0,0.70166
2504.0,90.0,0.637667
2504.0,91.0,0.505388
2504.0,92.0,0.926958
2504.0,93.0,0.456101
2504.0,94.0,0.666328
2504.0,95.0,0.688622
2504.0,96.0,0.778363
2504.0,97.0,0.652796
2504.0,98.0,0.034309
2504.0,99.0,0.459732
2504.0,100.0,0.972399
2504.0,101.0,0.307148
2504.0,102.0,0.001033
2504.0,103.0,0.518489
2504.0,104.0,0.503294
2504.0,105.0,0.044063
2504.0,106.0,0.505663
2504.0,107.0,0.035096
2504.0,108.0,0.688103
2504.0,109.0,0.654431
2504.0,110.0,0.557421
2504.0,111.0,0.604134
2504.0,112.0,0.631058
2504.0,113.0,0.200552
2504.0,114.0,0.530482
2504.0,115.0,1.0
2504.0,116.0,0.326521
2504.0,117.0,0.000516
2504.0,118.0,0.110362
2504.0,119.0,0.526074
2504.0,120.0,0.504311
2504.0,121.0,0.401993
2504.0,122.0,0.037099
2504.0,123.0,0.826479
2504.0,124.0,0.409129
2504.0,125.0,0.146004
2504.0,126.0,0.545502
2504.0,127.0,0.383836
2504.0,128.0,0.544893
2504.0,129.0,0.301306
2504.0,130.0,0.49114
2504.0,131.0,0.33971
2504.0,132.0,1.0
2504.0,133.0,0.402593
2504.0,134.0,0.987828
2504.0,135.0,0.980605
2504.0,136.0,0.181358
2504.0,137.0,0.001374
2504.0,138.0,0.093888
2504.0,139.0,0.79029
2504.0,140.0,0.000934
2504.0,141.0,0.946125
2504.0,142.0,0.761743
2504.0,143.0,0.977828
2504.0,144.0,0.626477
2504.0,145.0,0.54385
2504.0,146.0,0.626727
2504.0,147.0,0.328899
2504.0,148.0,0.039676
2504.0,149.0,0.162737
2504.0,150.0,0.825077
2504.0,151.0,0.481753
2504.0,152.0,0.937029
2504.0,153.0,0.462639
2504.0,154.0,0.999997
2504.0,155.0,0.415006
2504.0,156.0,0.969171
2504.0,157.0,0.883813
2504.0,158.0,0.254285
2504.0,159.0,0.967101
2504.0,160.0,0.7106
2504.0,161.0,0.589595
2504.0,162.0,0.515248
2504.0,163.0,0.00764
2504.0,164.0,0.368184
2504.0,165.0,0.462552
2504.0,166.0,0.504827
2504.0,167.0,0.717662
2504.0,168.0,0.954562
2504.0,169.0,0.0
2504.0,170.0,0.239582
2504.0,171.0,0.70559
2504.0,172.0,0.579562
2504.0,173.0,0.427558
2504.0,174.0,0.565711
2504.0,175.0,0.78998
2504.0,176.0,0.756266
2504.0,177.0,0.435149
2504.0,178.0,0.0
2504.0,179.0,0.444771
2504.0,180.0,0.671178
2504.0,181.0,0.316649
2504.0,182.0,1.0
2504.0,183.0,0.358972
2504.0,184.0,0.510787
2504.0,185.0,0.270166
2504.0,186.0,0.456848
2504.0,187.0,0.324545
2504.0,188.0,0.291583
2504.0,189.0,0.535089
2504.0,190.0,0.660412
2504.0,191.0,0.654006
2504.0,192.0,0.984371
2504.0,193.0,0.562386
2504.0,194.0,0.536085
2504.0,195.0,0.556617
2504.0,196.0,0.704238
2504.0,197.0,1.0
2504.0,198.0,0.026852
2504.0,199.0,0.285222
2504.0,200.0,0.750114
2504.0,201.0,1.0
2504.0,202.0,1.0
2504.0,203.0,0.0
2504.0,204.0,0.510115
2504.0,205.0,1.0
2504.0,206.0,0.066499
2504.0,207.0,0.214565
2504.0,208.0,0.825607
2504.0,209.0,0.530007
2504.0,210.0,0.554481
2504.0,211.0,0.544251
2504.0,212.0,0.00052
2504.0,213.0,0.55479
2504.0,214.0,0.303091
2504.0,215.0,0.986113
2504.0,216.0,0.546574
2504.0,217.0,0.620325
2504.0,218.0,0.710329
2504.0,219.0,0.803407
2504.0,220.0,0.717057
2504.0,221.0,0.930717
2504.0,222.0,0.445556
2504.0,223.0,0.291442
2504.0,224.0,0.0
2504.0,225.0,1.0
2504.0,226.0,0.991585
2504.0,227.0,0.553836
2504.0,228.0,0.0
2504.0,229.0,0.999939
2504.0,230.0,0.238688
2504.0,231.0,0.809046
2504.0,232.0,0.087127
2504.0,233.0,0.581047
2504.0,234.0,0.482272
2504.0,235.0,0.307651
2504.0,236.0,0.308782
2504.0,237.0,0.0
2504.0,238.0,0.335443
2504.0,239.0,0.757613
2504.0,240.0,0.98269
2504.0,241.0,0.50665
2504.0,242.0,0.673049
2504.0,243.0,0.531466
2504.0,244.0,0.580552
2504.0,245.0,0.349104
2504.0,246.0,0.432314
2504.0,247.0,0.106629
2504.0,248.0,0.347822
2504.0,249.0,0.96462
2504.0,250.0,0.017561
2504.0,251.0,0.460112
2504.0,252.0,0.07908
2504.0,253.0,0.834357
2504.0,254.0,0.479947
2504.0,255.0,0.344388
2504.0,256.0,0.568116
2504.0,257.0,0.520104
2504.0,258.0,0.654692
2504.0,259.0,0.000152
2504.0,260.0,0.61173
2504.0,261.0,0.076166
2504.0,262.0,0.65841
2504.0,263.0,0.997603
2504.0,264.0,0.727856
2504.0,265.0,0.53827
2504.0,266.0,0.746015
2504.0,267.0,0.119856
2504.0,268.0,0.53695
2504.0,269.0,0.436295
2504.0,270.0,0.535185
2504.0,271.0,0.762928
2504.0,272.0,0.69815
2504.0,273.0,0.816292
2504.0,274.0,0.661554
2504.0,275.0,0.310514
2504.0,276.0,0.164009
2504.0,277.0,0.0
2504.0,278.0,0.919197
2504.0,279.0,0.554338
2504.0,280.0,0.087731
2504.0,281.0,0.653391
2504.0,282.0,0.289443
2504.0,283.0,0.381375
2504.0,284.0,0.64111
2504.0,285.0,0.592231
2504.0,286.0,0.481139
2504.0,287.0,0.327701
2504.0,288.0,0.777352
2504.0,289.0,0.555965
2504.0,290.0,0.1658
2504.0,291.0,0.902045
2504.0,292.0,0.230425
2504.0,293.0,0.932754
2504.0,294.0,0.566315
2504.0,295.0,0.65166
2504.0,296.0,0.663047
2504.0,297.0,1.0
2504.0,298.0,1.0
2504.0,299.0,0.388238
2504.0,300.0,0.741535
2504.0,301.0,0.89235
2504.0,302.0,0.823142
2504.0,303.0,0.098641
2504.0,304.0,1.0
2504.0,305.0,1.0
2504.0,306.0,0.55113
2504.0,307.0,0.000924
2504.0,308.0,0.0
2504.0,309.0,0.525936
2504.0,310.0,0.355592
2504.0,311.0,0.282157
2504.0,312.0,0.298642
2504.0,313.0,0.387693
2504.0,314.0,0.001419
2504.0,315.0,0.439023
2504.0,316.0,0.632579
2504.0,317.0,0.995725
2504.0,318.0,0.392395
2504.0,319.0,0.998473
2504.0,320.0,0.678475
2504.0,321.0,1.0
2504.0,322.0,0.198072
2504.0,323.0,0.701948
2504.0,324.0,0.00051
2504.0,325.0,0.0
2504.0,326.0,0.204494
2504.0,327.0,0.078866
2504.0,328.0,0.214388
2504.0,329.0,0.472374
2504.0,330.0,0.289061
2504.0,331.0,0.70576
2504.0,332.0,0.813819
2504.0,333.0,0.577741
2504.0,334.0,0.995697
2505.0,0.0,0.90135
2505.0,1.0,0.488299
2505.0,2.0,0.883991
2505.0,3.0,0.682301
2505.0,4.0,0.343056
2505.0,5.0,0.692611
2505.0,6.0,0.0
2505.0,7.0,0.311054
2505.0,8.0,1.0
2505.0,9.0,0.013492
2505.0,10.0,0.286247
2505.0,11.0,0.144709
2505.0,12.0,0.320465
2505.0,13.0,0.495126
2505.0,14.0,0.580532
2505.0,15.0,0.675272
2505.0,16.0,0.587674
2505.0,17.0,0.814919
2505.0,18.0,0.459061
2505.0,19.0,0.0
2505.0,20.0,0.632372
2505.0,21.0,0.422452
2505.0,22.0,0.542841
2505.0,23.0,0.489778
2505.0,24.0,0.997636
2505.0,25.0,0.061335
2505.0,26.0,0.834163
2505.0,27.0,0.815824
2505.0,28.0,0.251824
2505.0,29.0,1.0
2505.0,30.0,0.40266
2505.0,31.0,0.425394
2505.0,32.0,0.898931
2505.0,33.0,0.622851
2505.0,34.0,0.61946
2505.0,35.0,0.395399
2505.0,36.0,0.390233
2505.0,37.0,0.578036
2505.0,38.0,0.360842
2505.0,39.0,0.20347
2505.0,40.0,0.61733
2505.0,41.0,0.830442
2505.0,42.0,1.0
2505.0,43.0,0.321685
2505.0,44.0,0.594182
2505.0,45.0,0.005358
2505.0,46.0,0.043216
2505.0,47.0,0.02259
2505.0,48.0,0.289651
2505.0,49.0,0.529169
2505.0,50.0,0.476697
2505.0,51.0,0.429056
2505.0,52.0,0.889566
2505.0,53.0,0.321353
2505.0,54.0,0.819956
2505.0,55.0,0.728707
2505.0,56.0,0.197687
2505.0,57.0,1.0
2505.0,58.0,0.0
2505.0,59.0,0.836932
2505.0,60.0,0.822238
2505.0,61.0,5.7e-05
2505.0,62.0,0.492405
2505.0,63.0,1.0
2505.0,64.0,0.828445
2505.0,65.0,0.535389
2505.0,66.0,0.772325
2505.0,67.0,0.444835
2505.0,68.0,0.405256
2505.0,69.0,0.201555
2505.0,70.0,0.0
2505.0,71.0,0.0
2505.0,72.0,1.0
2505.0,73.0,0.0
2505.0,74.0,0.929876
2505.0,75.0,0.729004
2505.0,76.0,0.520074
2505.0,77.0,0.332119
2505.0,78.0,0.819834
2505.0,79.0,0.124282
2505.0,80.0,0.56577
2505.0,81.0,0.003104
2505.0,82.0,0.495026
2505.0,83.0,0.772772
2505.0,84.0,1.0
2505.0,85.0,0.994029
2505.0,86.0,0.916946
2505.0,87.0,0.62151
2505.0,88.0,0.924295
2505.0,89.0,0.707174
2505.0,90.0,0.639277
2505.0,91.0,0.509319
2505.0,92.0,0.927127
2505.0,93.0,0.457129
2505.0,94.0,0.679583
2505.0,95.0,0.692147
2505.0,96.0,0.780166
2505.0,97.0,0.658228
2505.0,98.0,0.034594
2505.0,99.0,0.466097
2505.0,100.0,0.972647
2505.0,101.0,0.309776
2505.0,102.0,0.001053
2505.0,103.0,0.520952
2505.0,104.0,0.505988
2505.0,105.0,0.04727
2505.0,106.0,0.512994
2505.0,107.0,0.036126
2505.0,108.0,0.689322
2505.0,109.0,0.659878
2505.0,110.0,0.569902
2505.0,111.0,0.60442
2505.0,112.0,0.635798
2505.0,113.0,0.203279
2505.0,114.0,0.531239
2505.0,115.0,1.0
2505.0,116.0,0.328441
2505.0,117.0,0.000527
2505.0,118.0,0.11045
2505.0,119.0,0.535006
2505.0,120.0,0.506039
2505.0,121.0,0.40421
2505.0,122.0,0.036973
2505.0,123.0,0.827217
2505.0,124.0,0.413846
2505.0,125.0,0.147293
2505.0,126.0,0.545344
2505.0,127.0,0.386896
2505.0,128.0,0.552133
2505.0,129.0,0.319908
2505.0,130.0,0.503746
2505.0,131.0,0.342266
2505.0,132.0,1.0
2505.0,133.0,0.409368
2505.0,134.0,0.988053
2505.0,135.0,0.980677
2505.0,136.0,0.181628
2505.0,137.0,0.00146
2505.0,138.0,0.094906
2505.0,139.0,0.79517
2505.0,140.0,0.000959
2505.0,141.0,0.94708
2505.0,142.0,0.76305
2505.0,143.0,0.978982
2505.0,144.0,0.628087
2505.0,145.0,0.547535
2505.0,146.0,0.662776
2505.0,147.0,0.329407
2505.0,148.0,0.039771
2505.0,149.0,0.164739
2505.0,150.0,0.829895
2505.0,151.0,0.493496
2505.0,152.0,0.936924
2505.0,153.0,0.464081
2505.0,154.0,0.999998
2505.0,155.0,0.417051
2505.0,156.0,0.969386
2505.0,157.0,0.884825
2505.0,158.0,0.258358
2505.0,159.0,0.967467
2505.0,160.0,0.713361
2505.0,161.0,0.590895
2505.0,162.0,0.523491
2505.0,163.0,0.007849
2505.0,164.0,0.374395
2505.0,165.0,0.483572
2505.0,166.0,0.508331
2505.0,167.0,0.719588
2505.0,168.0,0.955259
2505.0,169.0,0.0
2505.0,170.0,0.2413
2505.0,171.0,0.706773
2505.0,172.0,0.581404
2505.0,173.0,0.432281
2505.0,174.0,0.566248
2505.0,175.0,0.793806
2505.0,176.0,0.759652
2505.0,177.0,0.452073
2505.0,178.0,0.0
2505.0,179.0,0.447938
2505.0,180.0,0.674313
2505.0,181.0,0.320674
2505.0,182.0,1.0
2505.0,183.0,0.367163
2505.0,184.0,0.519427
2505.0,185.0,0.270613
2505.0,186.0,0.457607
2505.0,187.0,0.32492
2505.0,188.0,0.297581
2505.0,189.0,0.53937
2505.0,190.0,0.66214
2505.0,191.0,0.65639
2505.0,192.0,0.98514
2505.0,193.0,0.567645
2505.0,194.0,0.538708
2505.0,195.0,0.563163
2505.0,196.0,0.70696
2505.0,197.0,1.0
2505.0,198.0,0.027241
2505.0,199.0,0.302346
2505.0,200.0,0.754361
2505.0,201.0,1.0
2505.0,202.0,1.0
2505.0,203.0,0.0
2505.0,204.0,0.514004
2505.0,205.0,1.0
2505.0,206.0,0.067285
2505.0,207.0,0.218279
2505.0,208.0,0.830141
2505.0,209.0,0.533534
2505.0,210.0,0.56389
2505.0,211.0,0.546453
2505.0,212.0,0.000544
2505.0,213.0,0.556079
2505.0,214.0,0.306285
2505.0,215.0,0.986302
2505.0,216.0,0.546729
2505.0,217.0,0.622073
2505.0,218.0,0.712919
2505.0,219.0,0.806253
2505.0,220.0,0.718915
2505.0,221.0,0.931079
2505.0,222.0,0.449812
2505.0,223.0,0.292781
2505.0,224.0,0.0
2505.0,225.0,1.0
2505.0,226.0,0.991658
2505.0,227.0,0.557905
2505.0,228.0,0.0
2505.0,229.0,0.999939
2505.0,230.0,0.243137
2505.0,231.0,0.810553
2505.0,232.0,0.087324
2505.0,233.0,0.599218
2505.0,234.0,0.484638
2505.0,235.0,0.311916
2505.0,236.0,0.31534
2505.0,237.0,0.0
2505.0,238.0,0.338768
2505.0,239.0,0.758542
2505.0,240.0,0.983052
2505.0,241.0,0.518094
2505.0,242.0,0.684767
2505.0,243.0,0.533258
2505.0,244.0,0.580663
2505.0,245.0,0.349359
2505.0,246.0,0.435575
2505.0,247.0,0.107196
2505.0,248.0,0.351999
2505.0,249.0,0.96546
2505.0,250.0,0.01766
2505.0,251.0,0.465346
2505.0,252.0,0.079297
2505.0,253.0,0.836613
2505.0,254.0,0.486187
2505.0,255.0,0.347809
2505.0,256.0,0.570897
2505.0,257.0,0.53164
2505.0,258.0,0.655824
2505.0,259.0,0.000163
2505.0,260.0,0.615008
2505.0,261.0,0.08248
2505.0,262.0,0.666273
2505.0,263.0,0.997755
2505.0,264.0,0.731692
2505.0,265.0,0.541875
2505.0,266.0,0.745842
2505.0,267.0,0.120074
2505.0,268.0,0.538193
2505.0,269.0,0.443519
2505.0,270.0,0.539153
2505.0,271.0,0.764062
2505.0,272.0,0.70348
2505.0,273.0,0.817811
2505.0,274.0,0.662859
2505.0,275.0,0.311943
2505.0,276.0,0.165834
2505.0,277.0,0.0
2505.0,278.0,0.92035
2505.0,279.0,0.555397
2505.0,280.0,0.08891
2505.0,281.0,0.657159
2505.0,282.0,0.310406
2505.0,283.0,0.381999
2505.0,284.0,0.641942
2505.0,285.0,0.592667
2505.0,286.0,0.48539
2505.0,287.0,0.331911
2505.0,288.0,0.778383
2505.0,289.0,0.558071
2505.0,290.0,0.165973
2505.0,291.0,0.902139
2505.0,292.0,0.233496
2505.0,293.0,0.933835
2505.0,294.0,0.572206
2505.0,295.0,0.654899
2505.0,296.0,0.670773
2505.0,297.0,1.0
2505.0,298.0,1.0
2505.0,299.0,0.391584
2505.0,300.0,0.742064
2505.0,301.0,0.893035
2505.0,302.0,0.824474
2505.0,303.0,0.099669
2505.0,304.0,1.0
2505.0,305.0,1.0
2505.0,306.0,0.557791
2505.0,307.0,0.001001
2505.0,308.0,0.0
2505.0,309.0,0.542469
2505.0,310.0,0.357404
2505.0,311.0,0.290413
2505.0,312.0,0.303348
2505.0,313.0,0.389109
2505.0,314.0,0.001478
2505.0,315.0,0.441596
2505.0,316.0,0.633586
2505.0,317.0,0.995909
2505.0,318.0,0.393697
2505.0,319.0,0.998461
2505.0,320.0,0.680446
2505.0,321.0,1.0
2505.0,322.0,0.200155
2505.0,323.0,0.704034
2505.0,324.0,0.000514
2505.0,325.0,0.0
2505.0,326.0,0.209683
2505.0,327.0,0.078896
2505.0,328.0,0.216423
2505.0,329.0,0.477395
2505.0,330.0,0.288812
2505.0,331.0,0.70803
2505.0,332.0,0.815801
2505.0,333.0,0.578106
2505.0,334.0,0.995733
2506.0,0.0,0.898591
2506.0,1.0,0.486154
2506.0,2.0,0.883316
2506.0,3.0,0.680814
2506.0,4.0,0.341944
2506.0,5.0,0.688737
2506.0,6.0,0.0
2506.0,7.0,0.309155
2506.0,8.0,1.0
2506.0,9.0,0.012708
2506.0,10.0,0.284909
2506.0,11.0,0.144269
2506.0,12.0,0.3163
2506.0,13.0,0.486743
2506.0,14.0,0.579586
2506.0,15.0,0.671891
2506.0,16.0,0.583794
2506.0,17.0,0.812099
2506.0,18.0,0.457592
2506.0,19.0,0.0
2506.0,20.0,0.626311
2506.0,21.0,0.421718
2506.0,22.0,0.541828
2506.0,23.0,0.48128
2506.0,24.0,0.997662
2506.0,25.0,0.060788
2506.0,26.0,0.833096
2506.0,27.0,0.815159
2506.0,28.0,0.248779
2506.0,29.0,1.0
2506.0,30.0,0.400923
2506.0,31.0,0.422077
2506.0,32.0,0.898014
2506.0,33.0,0.62236
2506.0,34.0,0.612343
2506.0,35.0,0.393478
2506.0,36.0,0.383719
2506.0,37.0,0.567996
2506.0,38.0,0.359947
2506.0,39.0,0.201045
2506.0,40.0,0.616275
2506.0,41.0,0.828218
2506.0,42.0,1.0
2506.0,43.0,0.317602
2506.0,44.0,0.582357
2506.0,45.0,0.005126
2506.0,46.0,0.042865
2506.0,47.0,0.022792
2506.0,48.0,0.286038
2506.0,49.0,0.507835
2506.0,50.0,0.476239
2506.0,51.0,0.426372
2506.0,52.0,0.888786
2506.0,53.0,0.318539
2506.0,54.0,0.817702
2506.0,55.0,0.726752
2506.0,56.0,0.184933
2506.0,57.0,1.0
2506.0,58.0,0.0
2506.0,59.0,0.836365
2506.0,60.0,0.822123
2506.0,61.0,4.7e-05
2506.0,62.0,0.490536
2506.0,63.0,1.0
2506.0,64.0,0.827158
2506.0,65.0,0.527134
2506.0,66.0,0.769906
2506.0,67.0,0.444534
2506.0,68.0,0.390052
2506.0,69.0,0.198943
2506.0,70.0,0.0
2506.0,71.0,0.0
2506.0,72.0,1.0
2506.0,73.0,0.0
2506.0,74.0,0.929175
2506.0,75.0,0.727102
2506.0,76.0,0.516025
2506.0,77.0,0.328518
2506.0,78.0,0.819436
2506.0,79.0,0.123548
2506.0,80.0,0.552595
2506.0,81.0,0.003115
2506.0,82.0,0.489057
2506.0,83.0,0.768746
2506.0,84.0,1.0
2506.0,85.0,0.994024
2506.0,86.0,0.917008
2506.0,87.0,0.620134
2506.0,88.0,0.922482
2506.0,89.0,0.701048
2506.0,90.0,0.63731
2506.0,91.0,0.504594
2506.0,92.0,0.927389
2506.0,93.0,0.456429
2506.0,94.0,0.665449
2506.0,95.0,0.688214
2506.0,96.0,0.778055
2506.0,97.0,0.653217
2506.0,98.0,0.034091
2506.0,99.0,0.458252
2506.0,100.0,0.972386
2506.0,101.0,0.306316
2506.0,102.0,0.000967
2506.0,103.0,0.518295
2506.0,104.0,0.50323
2506.0,105.0,0.044042
2506.0,106.0,0.505674
2506.0,107.0,0.034486
2506.0,108.0,0.68824
2506.0,109.0,0.653686
2506.0,110.0,0.555585
2506.0,111.0,0.604356
2506.0,112.0,0.632514
2506.0,113.0,0.200825
2506.0,114.0,0.531066
2506.0,115.0,1.0
2506.0,116.0,0.32617
2506.0,117.0,0.00049
2506.0,118.0,0.110986
2506.0,119.0,0.525935
2506.0,120.0,0.502523
2506.0,121.0,0.402773
2506.0,122.0,0.036899
2506.0,123.0,0.825977
2506.0,124.0,0.409184
2506.0,125.0,0.146518
2506.0,126.0,0.544504
2506.0,127.0,0.385071
2506.0,128.0,0.544991
2506.0,129.0,0.301108
2506.0,130.0,0.489407
2506.0,131.0,0.339936
2506.0,132.0,1.0
2506.0,133.0,0.401917
2506.0,134.0,0.987865
2506.0,135.0,0.980457
2506.0,136.0,0.181562
2506.0,137.0,0.001487
2506.0,138.0,0.093932
2506.0,139.0,0.790551
2506.0,140.0,0.000889
2506.0,141.0,0.946329
2506.0,142.0,0.761167
2506.0,143.0,0.977962
2506.0,144.0,0.6265
2506.0,145.0,0.544138
2506.0,146.0,0.617962
2506.0,147.0,0.329169
2506.0,148.0,0.039383
2506.0,149.0,0.162118
2506.0,150.0,0.825734
2506.0,151.0,0.480505
2506.0,152.0,0.936395
2506.0,153.0,0.46288
2506.0,154.0,0.999997
2506.0,155.0,0.416067
2506.0,156.0,0.969341
2506.0,157.0,0.884312
2506.0,158.0,0.255055
2506.0,159.0,0.967245
2506.0,160.0,0.710718
2506.0,161.0,0.589665
2506.0,162.0,0.515348
2506.0,163.0,0.007638
2506.0,164.0,0.367611
2506.0,165.0,0.458567
2506.0,166.0,0.504831
2506.0,167.0,0.716066
2506.0,168.0,0.954748
2506.0,169.0,0.0
2506.0,170.0,0.239499
2506.0,171.0,0.705242
2506.0,172.0,0.580921
2506.0,173.0,0.427492
2506.0,174.0,0.565443
2506.0,175.0,0.789001
2506.0,176.0,0.755614
2506.0,177.0,0.43281
2506.0,178.0,0.0
2506.0,179.0,0.444786
2506.0,180.0,0.672245
2506.0,181.0,0.316595
2506.0,182.0,1.0
2506.0,183.0,0.358232
2506.0,184.0,0.511524
2506.0,185.0,0.269563
2506.0,186.0,0.457011
2506.0,187.0,0.325198
2506.0,188.0,0.291627
2506.0,189.0,0.533531
2506.0,190.0,0.660416
2506.0,191.0,0.653511
2506.0,192.0,0.984511
2506.0,193.0,0.561828
2506.0,194.0,0.535797
2506.0,195.0,0.557892
2506.0,196.0,0.705093
2506.0,197.0,1.0
2506.0,198.0,0.027032
2506.0,199.0,0.284293
2506.0,200.0,0.750731
2506.0,201.0,1.0
2506.0,202.0,1.0
2506.0,203.0,0.0
2506.0,204.0,0.510434
2506.0,205.0,1.0
2506.0,206.0,0.066402
2506.0,207.0,0.213762
2506.0,208.0,0.82587
2506.0,209.0,0.530199
2506.0,210.0,0.55396
2506.0,211.0,0.543112
2506.0,212.0,0.000527
2506.0,213.0,0.554402
2506.0,214.0,0.302094
2506.0,215.0,0.986206
2506.0,216.0,0.545689
2506.0,217.0,0.619169
2506.0,218.0,0.711315
2506.0,219.0,0.8031
2506.0,220.0,0.718156
2506.0,221.0,0.931153
2506.0,222.0,0.445387
2506.0,223.0,0.291833
2506.0,224.0,0.0
2506.0,225.0,1.0
2506.0,226.0,0.991615
2506.0,227.0,0.553471
2506.0,228.0,0.0
2506.0,229.0,0.999935
2506.0,230.0,0.238981
2506.0,231.0,0.809833
2506.0,232.0,0.086934
2506.0,233.0,0.578055
2506.0,234.0,0.483045
2506.0,235.0,0.308027
2506.0,236.0,0.309673
2506.0,237.0,0.0
2506.0,238.0,0.335527
2506.0,239.0,0.757995
2506.0,240.0,0.983201
2506.0,241.0,0.505681
2506.0,242.0,0.672622
2506.0,243.0,0.530725
2506.0,244.0,0.579177
2506.0,245.0,0.348107
2506.0,246.0,0.432198
2506.0,247.0,0.106
2506.0,248.0,0.347009
2506.0,249.0,0.964226
2506.0,250.0,0.017537
2506.0,251.0,0.461434
2506.0,252.0,0.07887
2506.0,253.0,0.834502
2506.0,254.0,0.479903
2506.0,255.0,0.344312
2506.0,256.0,0.568069
2506.0,257.0,0.519614
2506.0,258.0,0.65431
2506.0,259.0,0.00014
2506.0,260.0,0.611446
2506.0,261.0,0.07644
2506.0,262.0,0.657771
2506.0,263.0,0.997694
2506.0,264.0,0.727809
2506.0,265.0,0.537916
2506.0,266.0,0.745146
2506.0,267.0,0.119488
2506.0,268.0,0.536738
2506.0,269.0,0.434452
2506.0,270.0,0.536254
2506.0,271.0,0.763188
2506.0,272.0,0.698962
2506.0,273.0,0.816615
2506.0,274.0,0.660722
2506.0,275.0,0.310665
2506.0,276.0,0.163612
2506.0,277.0,0.0
2506.0,278.0,0.919269
2506.0,279.0,0.55531
2506.0,280.0,0.087822
2506.0,281.0,0.652085
2506.0,282.0,0.287408
2506.0,283.0,0.380578
2506.0,284.0,0.641347
2506.0,285.0,0.592057
2506.0,286.0,0.480422
2506.0,287.0,0.327465
2506.0,288.0,0.776767
2506.0,289.0,0.555924
2506.0,290.0,0.164652
2506.0,291.0,0.901168
2506.0,292.0,0.230165
2506.0,293.0,0.931978
2506.0,294.0,0.565217
2506.0,295.0,0.650727
2506.0,296.0,0.662574
2506.0,297.0,1.0
2506.0,298.0,1.0
2506.0,299.0,0.38925
2506.0,300.0,0.742693
2506.0,301.0,0.892471
2506.0,302.0,0.823592
2506.0,303.0,0.098588
2506.0,304.0,1.0
2506.0,305.0,1.0
2506.0,306.0,0.552895
2506.0,307.0,0.000955
2506.0,308.0,0.0
2506.0,309.0,0.524808
2506.0,310.0,0.355961
2506.0,311.0,0.281192
2506.0,312.0,0.298076
2506.0,313.0,0.387544
2506.0,314.0,0.00142
2506.0,315.0,0.439155
2506.0,316.0,0.631771
2506.0,317.0,0.995781
2506.0,318.0,0.391904
2506.0,319.0,0.998384
2506.0,320.0,0.678123
2506.0,321.0,1.0
2506.0,322.0,0.198643
2506.0,323.0,0.70109
2506.0,324.0,0.000514
2506.0,325.0,0.0
2506.0,326.0,0.204175
2506.0,327.0,0.078575
2506.0,328.0,0.21495
2506.0,329.0,0.472053
2506.0,330.0,0.287736
2506.0,331.0,0.706022
2506.0,332.0,0.812969
2506.0,333.0,0.577523
2506.0,334.0,0.995653
2507.0,0.0,0.896104
2507.0,1.0,0.48395
2507.0,2.0,0.882939
2507.0,3.0,0.679998
2507.0,4.0,0.341128
2507.0,5.0,0.685074
2507.0,6.0,0.0
2507.0,7.0,0.306605
2507.0,8.0,1.0
2507.0,9.0,0.01203
2507.0,10.0,0.283716
2507.0,11.0,0.143803
2507.0,12.0,0.312782
2507.0,13.0,0.478387
2507.0,14.0,0.576938
2507.0,15.0,0.668475
2507.0,16.0,0.578946
2507.0,17.0,0.808874
2507.0,18.0,0.456569
2507.0,19.0,0.0
2507.0,20.0,0.620495
2507.0,21.0,0.42071
2507.0,22.0,0.540008
2507.0,23.0,0.472143
2507.0,24.0,0.997633
2507.0,25.0,0.060544
2507.0,26.0,0.832264
2507.0,27.0,0.814267
2507.0,28.0,0.245701
2507.0,29.0,1.0
2507.0,30.0,0.399207
2507.0,31.0,0.418623
2507.0,32.0,0.896477
2507.0,33.0,0.62086
2507.0,34.0,0.604352
2507.0,35.0,0.392148
2507.0,36.0,0.376926
2507.0,37.0,0.557977
2507.0,38.0,0.360003
2507.0,39.0,0.198608
2507.0,40.0,0.615485
2507.0,41.0,0.826564
2507.0,42.0,1.0
2507.0,43.0,0.313222
2507.0,44.0,0.571327
2507.0,45.0,0.004965
2507.0,46.0,0.042913
2507.0,47.0,0.022544
2507.0,48.0,0.281669
2507.0,49.0,0.488065
2507.0,50.0,0.474102
2507.0,51.0,0.422965
2507.0,52.0,0.88808
2507.0,53.0,0.316161
2507.0,54.0,0.814824
2507.0,55.0,0.724966
2507.0,56.0,0.17287
2507.0,57.0,1.0
2507.0,58.0,0.0
2507.0,59.0,0.836139
2507.0,60.0,0.821538
2507.0,61.0,3.4e-05
2507.0,62.0,0.489946
2507.0,63.0,1.0
2507.0,64.0,0.826248
2507.0,65.0,0.518741
2507.0,66.0,0.76661
2507.0,67.0,0.444748
2507.0,68.0,0.374631
2507.0,69.0,0.196138
2507.0,70.0,0.0
2507.0,71.0,0.0
2507.0,72.0,1.0
2507.0,73.0,0.0
2507.0,74.0,0.928183
2507.0,75.0,0.725518
2507.0,76.0,0.512698
2507.0,77.0,0.325823
2507.0,78.0,0.82029
2507.0,79.0,0.121879
2507.0,80.0,0.541204
2507.0,81.0,0.003064
2507.0,82.0,0.483257
2507.0,83.0,0.765195
2507.0,84.0,1.0
2507.0,85.0,0.993907
2507.0,86.0,0.917158
2507.0,87.0,0.618057
2507.0,88.0,0.920103
2507.0,89.0,0.694886
2507.0,90.0,0.636984
2507.0,91.0,0.499287
2507.0,92.0,0.927249
2507.0,93.0,0.456242
2507.0,94.0,0.652394
2507.0,95.0,0.682901
2507.0,96.0,0.776504
2507.0,97.0,0.648215
2507.0,98.0,0.033688
2507.0,99.0,0.452474
2507.0,100.0,0.972296
2507.0,101.0,0.304441
2507.0,102.0,0.000942
2507.0,103.0,0.515142
2507.0,104.0,0.501137
2507.0,105.0,0.041458
2507.0,106.0,0.498749
2507.0,107.0,0.033381
2507.0,108.0,0.687505
2507.0,109.0,0.648089
2507.0,110.0,0.542282
2507.0,111.0,0.604837
2507.0,112.0,0.627886
2507.0,113.0,0.198642
2507.0,114.0,0.530249
2507.0,115.0,1.0
2507.0,116.0,0.323875
2507.0,117.0,0.000468
2507.0,118.0,0.110857
2507.0,119.0,0.517135
2507.0,120.0,0.50005
2507.0,121.0,0.401562
2507.0,122.0,0.036612
2507.0,123.0,0.825172
2507.0,124.0,0.404496
2507.0,125.0,0.145354
2507.0,126.0,0.543445
2507.0,127.0,0.383091
2507.0,128.0,0.538214
2507.0,129.0,0.282333
2507.0,130.0,0.475011
2507.0,131.0,0.337764
2507.0,132.0,1.0
2507.0,133.0,0.394613
2507.0,134.0,0.987576
2507.0,135.0,0.980306
2507.0,136.0,0.181671
2507.0,137.0,0.00141
2507.0,138.0,0.092983
2507.0,139.0,0.78525
2507.0,140.0,0.000867
2507.0,141.0,0.945183
2507.0,142.0,0.759047
2507.0,143.0,0.97721
2507.0,144.0,0.624791
2507.0,145.0,0.540135
2507.0,146.0,0.573938
2507.0,147.0,0.329376
2507.0,148.0,0.03921
2507.0,149.0,0.159831
2507.0,150.0,0.821415
2507.0,151.0,0.467765
2507.0,152.0,0.935923
2507.0,153.0,0.461455
2507.0,154.0,0.999997
2507.0,155.0,0.414393
2507.0,156.0,0.969183
2507.0,157.0,0.883374
2507.0,158.0,0.250839
2507.0,159.0,0.967276
2507.0,160.0,0.709313
2507.0,161.0,0.589141
2507.0,162.0,0.507017
2507.0,163.0,0.007457
2507.0,164.0,0.361496
2507.0,165.0,0.435163
2507.0,166.0,0.501747
2507.0,167.0,0.712137
2507.0,168.0,0.953834
2507.0,169.0,0.0
2507.0,170.0,0.238387
2507.0,171.0,0.703043
2507.0,172.0,0.580467
2507.0,173.0,0.422971
2507.0,174.0,0.563897
2507.0,175.0,0.784547
2507.0,176.0,0.751761
2507.0,177.0,0.415454
2507.0,178.0,0.0
2507.0,179.0,0.440572
2507.0,180.0,0.669314
2507.0,181.0,0.311699
2507.0,182.0,1.0
2507.0,183.0,0.350186
2507.0,184.0,0.503717
2507.0,185.0,0.268642
2507.0,186.0,0.455931
2507.0,187.0,0.324352
2507.0,188.0,0.2859
2507.0,189.0,0.528749
2507.0,190.0,0.658797
2507.0,191.0,0.649569
2507.0,192.0,0.983883
2507.0,193.0,0.55759
2507.0,194.0,0.532896
2507.0,195.0,0.552089
2507.0,196.0,0.702594
2507.0,197.0,1.0
2507.0,198.0,0.026533
2507.0,199.0,0.268054
2507.0,200.0,0.746981
2507.0,201.0,1.0
2507.0,202.0,1.0
2507.0,203.0,0.0
2507.0,204.0,0.505658
2507.0,205.0,1.0
2507.0,206.0,0.065592
2507.0,207.0,0.209361
2507.0,208.0,0.821563
2507.0,209.0,0.526235
2507.0,210.0,0.543712
2507.0,211.0,0.540239
2507.0,212.0,0.000482
2507.0,213.0,0.552946
2507.0,214.0,0.29839
2507.0,215.0,0.985872
2507.0,216.0,0.545024
2507.0,217.0,0.617091
2507.0,218.0,0.709519
2507.0,219.0,0.799768
2507.0,220.0,0.716847
2507.0,221.0,0.931123
2507.0,222.0,0.441536
2507.0,223.0,0.290861
2507.0,224.0,0.0
2507.0,225.0,1.0
2507.0,226.0,0.991666
2507.0,227.0,0.549156
2507.0,228.0,0.0
2507.0,229.0,0.999935
2507.0,230.0,0.234427
2507.0,231.0,0.808658
2507.0,232.0,0.086346
2507.0,233.0,0.556765
2507.0,234.0,0.481248
2507.0,235.0,0.305115
2507.0,236.0,0.3039
2507.0,237.0,0.0
2507.0,238.0,0.332118
2507.0,239.0,0.756948
2507.0,240.0,0.982786
2507.0,241.0,0.493903
2507.0,242.0,0.66011
2507.0,243.0,0.527706
2507.0,244.0,0.577399
2507.0,245.0,0.347163
2507.0,246.0,0.427757
2507.0,247.0,0.104246
2507.0,248.0,0.342786
2507.0,249.0,0.962996
2507.0,250.0,0.017471
2507.0,251.0,0.456956
2507.0,252.0,0.078335
2507.0,253.0,0.832253
2507.0,254.0,0.472999
2507.0,255.0,0.340579
2507.0,256.0,0.564865
2507.0,257.0,0.508186
2507.0,258.0,0.652854
2507.0,259.0,0.000131
2507.0,260.0,0.607719
2507.0,261.0,0.070754
2507.0,262.0,0.647878
2507.0,263.0,0.997618
2507.0,264.0,0.7229
2507.0,265.0,0.533204
2507.0,266.0,0.744418
2507.0,267.0,0.118544
2507.0,268.0,0.534499
2507.0,269.0,0.425063
2507.0,270.0,0.533357
2507.0,271.0,0.761184
2507.0,272.0,0.695168
2507.0,273.0,0.814257
2507.0,274.0,0.659003
2507.0,275.0,0.309687
2507.0,276.0,0.16209
2507.0,277.0,0.0
2507.0,278.0,0.918157
2507.0,279.0,0.555471
2507.0,280.0,0.086075
2507.0,281.0,0.647405
2507.0,282.0,0.267499
2507.0,283.0,0.379739
2507.0,284.0,0.640861
2507.0,285.0,0.591733
2507.0,286.0,0.474642
2507.0,287.0,0.32263
2507.0,288.0,0.775856
2507.0,289.0,0.553789
2507.0,290.0,0.164092
2507.0,291.0,0.900754
2507.0,292.0,0.227304
2507.0,293.0,0.930467
2507.0,294.0,0.557225
2507.0,295.0,0.647545
2507.0,296.0,0.654419
2507.0,297.0,1.0
2507.0,298.0,1.0
2507.0,299.0,0.386008
2507.0,300.0,0.742705
2507.0,301.0,0.891701
2507.0,302.0,0.823318
2507.0,303.0,0.097535
2507.0,304.0,1.0
2507.0,305.0,1.0
2507.0,306.0,0.54756
2507.0,307.0,0.000967
2507.0,308.0,0.0
2507.0,309.0,0.508697
2507.0,310.0,0.355584
2507.0,311.0,0.272876
2507.0,312.0,0.292939
2507.0,313.0,0.386013
2507.0,314.0,0.001471
2507.0,315.0,0.436905
2507.0,316.0,0.631441
2507.0,317.0,0.995656
2507.0,318.0,0.390846
2507.0,319.0,0.99829
2507.0,320.0,0.676176
2507.0,321.0,1.0
2507.0,322.0,0.196427
2507.0,323.0,0.697758
2507.0,324.0,0.000486
2507.0,325.0,0.0
2507.0,326.0,0.198841
2507.0,327.0,0.078622
2507.0,328.0,0.212974
2507.0,329.0,0.466943
2507.0,330.0,0.28691
2507.0,331.0,0.704593
2507.0,332.0,0.810891
2507.0,333.0,0.576303
2507.0,334.0,0.995496
2508.0,0.0,0.893397
2508.0,1.0,0.481328
2508.0,2.0,0.882435
2508.0,3.0,0.679082
2508.0,4.0,0.34059
2508.0,5.0,0.681406
2508.0,6.0,0.0
2508.0,7.0,0.305234
2508.0,8.0,1.0
2508.0,9.0,0.011176
2508.0,10.0,0.282493
2508.0,11.0,0.143771
2508.0,12.0,0.30896
2508.0,13.0,0.470257
2508.0,14.0,0.575756
2508.0,15.0,0.663759
2508.0,16.0,0.575403
2508.0,17.0,0.805416
2508.0,18.0,0.455313
2508.0,19.0,0.0
2508.0,20.0,0.613853
2508.0,21.0,0.419821
2508.0,22.0,0.539333
2508.0,23.0,0.463727
2508.0,24.0,0.997571
2508.0,25.0,0.060754
2508.0,26.0,0.830525
2508.0,27.0,0.812448
2508.0,28.0,0.241638
2508.0,29.0,1.0
2508.0,30.0,0.397989
2508.0,31.0,0.416531
2508.0,32.0,0.896026
2508.0,33.0,0.62005
2508.0,34.0,0.596572
2508.0,35.0,0.390496
2508.0,36.0,0.369796
2508.0,37.0,0.548034
2508.0,38.0,0.35966
2508.0,39.0,0.19548
2508.0,40.0,0.614624
2508.0,41.0,0.824692
2508.0,42.0,1.0
2508.0,43.0,0.308799
2508.0,44.0,0.560126
2508.0,45.0,0.00463
2508.0,46.0,0.042637
2508.0,47.0,0.022313
2508.0,48.0,0.278222
2508.0,49.0,0.470361
2508.0,50.0,0.472197
2508.0,51.0,0.41966
2508.0,52.0,0.887504
2508.0,53.0,0.312213
2508.0,54.0,0.811891
2508.0,55.0,0.7239
2508.0,56.0,0.162373
2508.0,57.0,1.0
2508.0,58.0,0.0
2508.0,59.0,0.835863
2508.0,60.0,0.820453
2508.0,61.0,3.0e-05
2508.0,62.0,0.48831
2508.0,63.0,1.0
2508.0,64.0,0.82554
2508.0,65.0,0.510295
2508.0,66.0,0.763855
2508.0,67.0,0.443475
2508.0,68.0,0.359787
2508.0,69.0,0.19335
2508.0,70.0,0.0
2508.0,71.0,0.0
2508.0,72.0,1.0
2508.0,73.0,0.0
2508.0,74.0,0.927589
2508.0,75.0,0.724133
2508.0,76.0,0.509737
2508.0,77.0,0.322722
2508.0,78.0,0.820431
2508.0,79.0,0.121067
2508.0,80.0,0.529061
2508.0,81.0,0.002997
2508.0,82.0,0.47765
2508.0,83.0,0.761367
2508.0,84.0,1.0
2508.0,85.0,0.993844
2508.0,86.0,0.917519
2508.0,87.0,0.616602
2508.0,88.0,0.917353
2508.0,89.0,0.688505
2508.0,90.0,0.635873
2508.0,91.0,0.495373
2508.0,92.0,0.927333
2508.0,93.0,0.455971
2508.0,94.0,0.638983
2508.0,95.0,0.678602
2508.0,96.0,0.774899
2508.0,97.0,0.643857
2508.0,98.0,0.033169
2508.0,99.0,0.447332
2508.0,100.0,0.972124
2508.0,101.0,0.302647
2508.0,102.0,0.000954
2508.0,103.0,0.512708
2508.0,104.0,0.499119
2508.0,105.0,0.038975
2508.0,106.0,0.491287
2508.0,107.0,0.032618
2508.0,108.0,0.686865
2508.0,109.0,0.642095
2508.0,110.0,0.529358
2508.0,111.0,0.604474
2508.0,112.0,0.623565
2508.0,113.0,0.1963
2508.0,114.0,0.528509
2508.0,115.0,1.0
2508.0,116.0,0.322655
2508.0,117.0,0.00046
2508.0,118.0,0.110578
2508.0,119.0,0.507227
2508.0,120.0,0.49815
2508.0,121.0,0.398797
2508.0,122.0,0.036398
2508.0,123.0,0.823885
2508.0,124.0,0.39914
2508.0,125.0,0.144571
2508.0,126.0,0.542696
2508.0,127.0,0.381371
2508.0,128.0,0.530766
2508.0,129.0,0.26456
2508.0,130.0,0.462105
2508.0,131.0,0.335431
2508.0,132.0,1.0
2508.0,133.0,0.386888
2508.0,134.0,0.987191
2508.0,135.0,0.980226
2508.0,136.0,0.180919
2508.0,137.0,0.001441
2508.0,138.0,0.09206
2508.0,139.0,0.780175
2508.0,140.0,0.00081
2508.0,141.0,0.944587
2508.0,142.0,0.758254
2508.0,143.0,0.976397
2508.0,144.0,0.622845
2508.0,145.0,0.536796
2508.0,146.0,0.532512
2508.0,147.0,0.328837
2508.0,148.0,0.038628
2508.0,149.0,0.158023
2508.0,150.0,0.816935
2508.0,151.0,0.456175
2508.0,152.0,0.935794
2508.0,153.0,0.460769
2508.0,154.0,0.999998
2508.0,155.0,0.412538
2508.0,156.0,0.969216
2508.0,157.0,0.882788
2508.0,158.0,0.247386
2508.0,159.0,0.967132
2508.0,160.0,0.707744
2508.0,161.0,0.588551
2508.0,162.0,0.498362
2508.0,163.0,0.007354
2508.0,164.0,0.355306
2508.0,165.0,0.41237
2508.0,166.0,0.498621
2508.0,167.0,0.709299
2508.0,168.0,0.952738
2508.0,169.0,0.0
2508.0,170.0,0.236516
2508.0,171.0,0.70061
2508.0,172.0,0.579243
2508.0,173.0,0.417385
2508.0,174.0,0.563594
2508.0,175.0,0.780918
2508.0,176.0,0.747858
2508.0,177.0,0.399192
2508.0,178.0,0.0
2508.0,179.0,0.436076
2508.0,180.0,0.666724
2508.0,181.0,0.306617
2508.0,182.0,1.0
2508.0,183.0,0.342702
2508.0,184.0,0.496795
2508.0,185.0,0.267513
2508.0,186.0,0.453724
2508.0,187.0,0.323604
2508.0,188.0,0.280512
2508.0,189.0,0.52372
2508.0,190.0,0.656719
2508.0,191.0,0.646862
2508.0,192.0,0.98316
2508.0,193.0,0.552366
2508.0,194.0,0.530726
2508.0,195.0,0.546358
2508.0,196.0,0.699684
2508.0,197.0,1.0
2508.0,198.0,0.026144
2508.0,199.0,0.252993
2508.0,200.0,0.742856
2508.0,201.0,1.0
2508.0,202.0,1.0
2508.0,203.0,0.0
2508.0,204.0,0.501478
2508.0,205.0,1.0
2508.0,206.0,0.06452
2508.0,207.0,0.205352
2508.0,208.0,0.81785
2508.0,209.0,0.52269
2508.0,210.0,0.533663
2508.0,211.0,0.537376
2508.0,212.0,0.000468
2508.0,213.0,0.55053
2508.0,214.0,0.29509
2508.0,215.0,0.985548
2508.0,216.0,0.544702
2508.0,217.0,0.61466
2508.0,218.0,0.708209
2508.0,219.0,0.796079
2508.0,220.0,0.716056
2508.0,221.0,0.931224
2508.0,222.0,0.437151
2508.0,223.0,0.29084
2508.0,224.0,0.0
2508.0,225.0,1.0
2508.0,226.0,0.991554
2508.0,227.0,0.545294
2508.0,228.0,0.0
2508.0,229.0,0.999939
2508.0,230.0,0.230895
2508.0,231.0,0.807676
2508.0,232.0,0.086
2508.0,233.0,0.537276
2508.0,234.0,0.480068
2508.0,235.0,0.301384
2508.0,236.0,0.297781
2508.0,237.0,0.0
2508.0,238.0,0.32893
2508.0,239.0,0.756172
2508.0,240.0,0.982458
2508.0,241.0,0.482755
2508.0,242.0,0.647258
2508.0,243.0,0.524683
2508.0,244.0,0.57631
2508.0,245.0,0.347154
2508.0,246.0,0.424585
2508.0,247.0,0.10346
2508.0,248.0,0.338548
2508.0,249.0,0.961847
2508.0,250.0,0.017336
2508.0,251.0,0.452897
2508.0,252.0,0.078035
2508.0,253.0,0.83009
2508.0,254.0,0.467568
2508.0,255.0,0.336401
2508.0,256.0,0.561707
2508.0,257.0,0.496218
2508.0,258.0,0.651278
2508.0,259.0,0.000142
2508.0,260.0,0.604818
2508.0,261.0,0.065554
2508.0,262.0,0.63888
2508.0,263.0,0.997517
2508.0,264.0,0.718466
2508.0,265.0,0.528078
2508.0,266.0,0.744442
2508.0,267.0,0.11765
2508.0,268.0,0.533605
2508.0,269.0,0.416946
2508.0,270.0,0.528857
2508.0,271.0,0.759751
2508.0,272.0,0.690575
2508.0,273.0,0.813039
2508.0,274.0,0.658116
2508.0,275.0,0.308714
2508.0,276.0,0.160456
2508.0,277.0,0.0
2508.0,278.0,0.917087
2508.0,279.0,0.554377
2508.0,280.0,0.084893
2508.0,281.0,0.642838
2508.0,282.0,0.249466
2508.0,283.0,0.378633
2508.0,284.0,0.639965
2508.0,285.0,0.591336
2508.0,286.0,0.469474
2508.0,287.0,0.318111
2508.0,288.0,0.77559
2508.0,289.0,0.551072
2508.0,290.0,0.163257
2508.0,291.0,0.900817
2508.0,292.0,0.22372
2508.0,293.0,0.929178
2508.0,294.0,0.549212
2508.0,295.0,0.643117
2508.0,296.0,0.64655
2508.0,297.0,1.0
2508.0,298.0,1.0
2508.0,299.0,0.382136
2508.0,300.0,0.742831
2508.0,301.0,0.891298
2508.0,302.0,0.822584
2508.0,303.0,0.096803
2508.0,304.0,1.0
2508.0,305.0,1.0
2508.0,306.0,0.542911
2508.0,307.0,0.000905
2508.0,308.0,0.0
2508.0,309.0,0.492636
2508.0,310.0,0.354174
2508.0,311.0,0.264321
2508.0,312.0,0.287741
2508.0,313.0,0.384977
2508.0,314.0,0.001434
2508.0,315.0,0.434475
2508.0,316.0,0.630135
2508.0,317.0,0.995435
2508.0,318.0,0.388593
2508.0,319.0,0.998241
2508.0,320.0,0.673732
2508.0,321.0,1.0
2508.0,322.0,0.193984
2508.0,323.0,0.694473
2508.0,324.0,0.000441
2508.0,325.0,0.0
2508.0,326.0,0.194136
2508.0,327.0,0.07804
2508.0,328.0,0.211995
2508.0,329.0,0.462408
2508.0,330.0,0.286541
2508.0,331.0,0.702487
2508.0,332.0,0.808173
2508.0,333.0,0.575314
2508.0,334.0,0.995435
2509.0,0.0,0.890677
2509.0,1.0,0.479454
2509.0,2.0,0.882066
2509.0,3.0,0.679154
2509.0,4.0,0.339618
2509.0,5.0,0.678411
2509.0,6.0,0.0
2509.0,7.0,0.303474
2509.0,8.0,1.0
2509.0,9.0,0.010641
2509.0,10.0,0.280266
2509.0,11.0,0.143293
2509.0,12.0,0.306717
2509.0,13.0,0.462371
2509.0,14.0,0.574236
2509.0,15.0,0.660391
2509.0,16.0,0.572468
2509.0,17.0,0.801912
2509.0,18.0,0.454439
2509.0,19.0,0.0
2509.0,20.0,0.607599
2509.0,21.0,0.418173
2509.0,22.0,0.537562
2509.0,23.0,0.456628
2509.0,24.0,0.997515
2509.0,25.0,0.060745
2509.0,26.0,0.829328
2509.0,27.0,0.810855
2509.0,28.0,0.238225
2509.0,29.0,1.0
2509.0,30.0,0.395489
2509.0,31.0,0.415062
2509.0,32.0,0.895269
2509.0,33.0,0.618679
2509.0,34.0,0.589133
2509.0,35.0,0.389939
2509.0,36.0,0.362783
2509.0,37.0,0.537018
2509.0,38.0,0.359383
2509.0,39.0,0.193196
2509.0,40.0,0.612516
2509.0,41.0,0.823116
2509.0,42.0,1.0
2509.0,43.0,0.305245
2509.0,44.0,0.549839
2509.0,45.0,0.004343
2509.0,46.0,0.042429
2509.0,47.0,0.022232
2509.0,48.0,0.275068
2509.0,49.0,0.452971
2509.0,50.0,0.470265
2509.0,51.0,0.416105
2509.0,52.0,0.886527
2509.0,53.0,0.309246
2509.0,54.0,0.809281
2509.0,55.0,0.722582
2509.0,56.0,0.152115
2509.0,57.0,1.0
2509.0,58.0,0.0
2509.0,59.0,0.835718
2509.0,60.0,0.820223
2509.0,61.0,3.9e-05
2509.0,62.0,0.48771
2509.0,63.0,1.0
2509.0,64.0,0.824864
2509.0,65.0,0.502494
2509.0,66.0,0.76101
2509.0,67.0,0.442691
2509.0,68.0,0.345185
2509.0,69.0,0.190734
2509.0,70.0,0.0
2509.0,71.0,0.0
2509.0,72.0,1.0
2509.0,73.0,0.0
2509.0,74.0,0.927093
2509.0,75.0,0.72193
2509.0,76.0,0.506691
2509.0,77.0,0.318618
2509.0,78.0,0.821268
2509.0,79.0,0.119715
2509.0,80.0,0.517264
2509.0,81.0,0.00289
2509.0,82.0,0.472591
2509.0,83.0,0.757851
2509.0,84.0,1.0
2509.0,85.0,0.993834
2509.0,86.0,0.91816
2509.0,87.0,0.61458
2509.0,88.0,0.915364
2509.0,89.0,0.682114
2509.0,90.0,0.635785
2509.0,91.0,0.490734
2509.0,92.0,0.927389
2509.0,93.0,0.455172
2509.0,94.0,0.624718
2509.0,95.0,0.674361
2509.0,96.0,0.773299
2509.0,97.0,0.638886
2509.0,98.0,0.032662
2509.0,99.0,0.442023
2509.0,100.0,0.971974
2509.0,101.0,0.300239
2509.0,102.0,0.000943
2509.0,103.0,0.509981
2509.0,104.0,0.497013
2509.0,105.0,0.036612
2509.0,106.0,0.484409
2509.0,107.0,0.031795
2509.0,108.0,0.686537
2509.0,109.0,0.636421
2509.0,110.0,0.516067
2509.0,111.0,0.604546
2509.0,112.0,0.61912
2509.0,113.0,0.19411
2509.0,114.0,0.52709
2509.0,115.0,1.0
2509.0,116.0,0.321233
2509.0,117.0,0.000415
2509.0,118.0,0.110543
2509.0,119.0,0.498362
2509.0,120.0,0.495998
2509.0,121.0,0.395514
2509.0,122.0,0.036036
2509.0,123.0,0.822351
2509.0,124.0,0.394466
2509.0,125.0,0.144042
2509.0,126.0,0.540827
2509.0,127.0,0.379795
2509.0,128.0,0.523817
2509.0,129.0,0.248128
2509.0,130.0,0.448815
2509.0,131.0,0.33386
2509.0,132.0,1.0
2509.0,133.0,0.379892
2509.0,134.0,0.986804
2509.0,135.0,0.980048
2509.0,136.0,0.180484
2509.0,137.0,0.001492
2509.0,138.0,0.091472
2509.0,139.0,0.774783
2509.0,140.0,0.000793
2509.0,141.0,0.944189
2509.0,142.0,0.757603
2509.0,143.0,0.975553
2509.0,144.0,0.622145
2509.0,145.0,0.53304
2509.0,146.0,0.49304
2509.0,147.0,0.329139
2509.0,148.0,0.038417
2509.0,149.0,0.155562
2509.0,150.0,0.812242
2509.0,151.0,0.445499
2509.0,152.0,0.935359
2509.0,153.0,0.458556
2509.0,154.0,1.0
2509.0,155.0,0.411571
2509.0,156.0,0.969226
2509.0,157.0,0.882302
2509.0,158.0,0.244404
2509.0,159.0,0.967133
2509.0,160.0,0.705202
2509.0,161.0,0.588614
2509.0,162.0,0.490147
2509.0,163.0,0.007166
2509.0,164.0,0.348694
2509.0,165.0,0.391399
2509.0,166.0,0.495271
2509.0,167.0,0.705499
2509.0,168.0,0.951962
2509.0,169.0,0.0
2509.0,170.0,0.235078
2509.0,171.0,0.698972
2509.0,172.0,0.578361
2509.0,173.0,0.412712
2509.0,174.0,0.563263
2509.0,175.0,0.77791
2509.0,176.0,0.744633
2509.0,177.0,0.381678
2509.0,178.0,0.0
2509.0,179.0,0.432249
2509.0,180.0,0.66388
2509.0,181.0,0.302856
2509.0,182.0,1.0
2509.0,183.0,0.33574
2509.0,184.0,0.489811
2509.0,185.0,0.26614
2509.0,186.0,0.452054
2509.0,187.0,0.322192
2509.0,188.0,0.275199
2509.0,189.0,0.518958
2509.0,190.0,0.654242
2509.0,191.0,0.643908
2509.0,192.0,0.982269
2509.0,193.0,0.546866
2509.0,194.0,0.528466
2509.0,195.0,0.540592
2509.0,196.0,0.696616
2509.0,197.0,1.0
2509.0,198.0,0.026089
2509.0,199.0,0.23687
2509.0,200.0,0.738409
2509.0,201.0,1.0
2509.0,202.0,1.0
2509.0,203.0,0.0
2509.0,204.0,0.497543
2509.0,205.0,1.0
2509.0,206.0,0.06377
2509.0,207.0,0.200626
2509.0,208.0,0.813401
2509.0,209.0,0.519368
2509.0,210.0,0.523234
2509.0,211.0,0.534691
2509.0,212.0,0.000434
2509.0,213.0,0.54911
2509.0,214.0,0.291798
2509.0,215.0,0.985364
2509.0,216.0,0.544626
2509.0,217.0,0.612234
2509.0,218.0,0.706764
2509.0,219.0,0.793282
2509.0,220.0,0.7146
2509.0,221.0,0.93097
2509.0,222.0,0.433871
2509.0,223.0,0.289629
2509.0,224.0,0.0
2509.0,225.0,1.0
2509.0,226.0,0.991614
2509.0,227.0,0.541499
2509.0,228.0,0.0
2509.0,229.0,0.999937
2509.0,230.0,0.226314
2509.0,231.0,0.805923
2509.0,232.0,0.084986
2509.0,233.0,0.516955
2509.0,234.0,0.477876
2509.0,235.0,0.298574
2509.0,236.0,0.292916
2509.0,237.0,0.0
2509.0,238.0,0.325823
2509.0,239.0,0.755383
2509.0,240.0,0.982177
2509.0,241.0,0.472026
2509.0,242.0,0.634241
2509.0,243.0,0.521125
2509.0,244.0,0.574429
2509.0,245.0,0.346262
2509.0,246.0,0.421005
2509.0,247.0,0.102749
2509.0,248.0,0.334375
2509.0,249.0,0.96051
2509.0,250.0,0.017399
2509.0,251.0,0.449202
2509.0,252.0,0.077831
2509.0,253.0,0.828081
2509.0,254.0,0.461853
2509.0,255.0,0.333826
2509.0,256.0,0.559703
2509.0,257.0,0.485087
2509.0,258.0,0.649282
2509.0,259.0,0.000128
2509.0,260.0,0.601824
2509.0,261.0,0.060921
2509.0,262.0,0.631354
2509.0,263.0,0.997288
2509.0,264.0,0.714676
2509.0,265.0,0.524432
2509.0,266.0,0.743588
2509.0,267.0,0.116405
2509.0,268.0,0.532195
2509.0,269.0,0.408476
2509.0,270.0,0.525364
2509.0,271.0,0.759014
2509.0,272.0,0.685671
2509.0,273.0,0.81152
2509.0,274.0,0.657304
2509.0,275.0,0.307228
2509.0,276.0,0.158577
2509.0,277.0,0.0
2509.0,278.0,0.916026
2509.0,279.0,0.554019
2509.0,280.0,0.08337
2509.0,281.0,0.637946
2509.0,282.0,0.232753
2509.0,283.0,0.379105
2509.0,284.0,0.639841
2509.0,285.0,0.589879
2509.0,286.0,0.464574
2509.0,287.0,0.31332
2509.0,288.0,0.77489
2509.0,289.0,0.549127
2509.0,290.0,0.162691
2509.0,291.0,0.900651
2509.0,292.0,0.221068
2509.0,293.0,0.927952
2509.0,294.0,0.542339
2509.0,295.0,0.63976
2509.0,296.0,0.637747
2509.0,297.0,1.0
2509.0,298.0,1.0
2509.0,299.0,0.379702
2509.0,300.0,0.742442
2509.0,301.0,0.890925
2509.0,302.0,0.822012
2509.0,303.0,0.096275
2509.0,304.0,1.0
2509.0,305.0,1.0
2509.0,306.0,0.537901
2509.0,307.0,0.000902
2509.0,308.0,0.0
2509.0,309.0,0.476605
2509.0,310.0,0.352884
2509.0,311.0,0.256469
2509.0,312.0,0.282231
2509.0,313.0,0.38303
2509.0,314.0,0.001416
2509.0,315.0,0.43234
2509.0,316.0,0.627811
2509.0,317.0,0.99532
2509.0,318.0,0.386547
2509.0,319.0,0.99821
2509.0,320.0,0.671024
2509.0,321.0,1.0
2509.0,322.0,0.191745
2509.0,323.0,0.691828
2509.0,324.0,0.000455
2509.0,325.0,0.0
2509.0,326.0,0.189024
2509.0,327.0,0.077531
2509.0,328.0,0.210094
2509.0,329.0,0.457799
2509.0,330.0,0.286557
2509.0,331.0,0.699919
2509.0,332.0,0.80612
2509.0,333.0,0.574243
2509.0,334.0,0.995387
2510.0,0.0,0.888058
2510.0,1.0,0.476747
2510.0,2.0,0.881609
2510.0,3.0,0.678869
2510.0,4.0,0.338802
2510.0,5.0,0.674389
2510.0,6.0,0.0
2510.0,7.0,0.301378
2510.0,8.0,1.0
2510.0,9.0,0.010155
2510.0,10.0,0.279214
2510.0,11.0,0.142859
2510.0,12.0,0.302584
2510.0,13.0,0.454293
2510.0,14.0,0.572075
2510.0,15.0,0.657342
2510.0,16.0,0.568738
2510.0,17.0,0.798974
2510.0,18.0,0.453638
2510.0,19.0,0.0
2510.0,20.0,0.600677
2510.0,21.0,0.417494
2510.0,22.0,0.536386
2510.0,23.0,0.449928
2510.0,24.0,0.997403
2510.0,25.0,0.0602
2510.0,26.0,0.828008
2510.0,27.0,0.808901
2510.0,28.0,0.235413
2510.0,29.0,1.0
2510.0,30.0,0.393259
2510.0,31.0,0.412505
2510.0,32.0,0.894356
2510.0,33.0,0.617716
2510.0,34.0,0.58255
2510.0,35.0,0.387555
2510.0,36.0,0.356442
2510.0,37.0,0.527528
2510.0,38.0,0.358663
2510.0,39.0,0.190064
2510.0,40.0,0.611209
2510.0,41.0,0.821138
2510.0,42.0,1.0
2510.0,43.0,0.301318
2510.0,44.0,0.539561
2510.0,45.0,0.004166
2510.0,46.0,0.042385
2510.0,47.0,0.022061
2510.0,48.0,0.270379
2510.0,49.0,0.435346
2510.0,50.0,0.469306
2510.0,51.0,0.412823
2510.0,52.0,0.885956
2510.0,53.0,0.30647
2510.0,54.0,0.80719
2510.0,55.0,0.720812
2510.0,56.0,0.142475
2510.0,57.0,1.0
2510.0,58.0,0.0
2510.0,59.0,0.835793
2510.0,60.0,0.820487
2510.0,61.0,3.5e-05
2510.0,62.0,0.487429
2510.0,63.0,1.0
2510.0,64.0,0.824551
2510.0,65.0,0.494802
2510.0,66.0,0.758832
2510.0,67.0,0.442217
2510.0,68.0,0.331458
2510.0,69.0,0.187927
2510.0,70.0,0.0
2510.0,71.0,0.0
2510.0,72.0,1.0
2510.0,73.0,0.0
2510.0,74.0,0.927064
2510.0,75.0,0.71935
2510.0,76.0,0.502941
2510.0,77.0,0.315298
2510.0,78.0,0.82169
2510.0,79.0,0.11855
2510.0,80.0,0.506428
2510.0,81.0,0.00289
2510.0,82.0,0.4681
2510.0,83.0,0.753739
2510.0,84.0,1.0
2510.0,85.0,0.993658
2510.0,86.0,0.918154
2510.0,87.0,0.613006
2510.0,88.0,0.912619
2510.0,89.0,0.675927
2510.0,90.0,0.635587
2510.0,91.0,0.487134
2510.0,92.0,0.927243
2510.0,93.0,0.45546
2510.0,94.0,0.610827
2510.0,95.0,0.670161
2510.0,96.0,0.772015
2510.0,97.0,0.633647
2510.0,98.0,0.03263
2510.0,99.0,0.436833
2510.0,100.0,0.971632
2510.0,101.0,0.298475
2510.0,102.0,0.000912
2510.0,103.0,0.507397
2510.0,104.0,0.4961
2510.0,105.0,0.034073
2510.0,106.0,0.478422
2510.0,107.0,0.0305
2510.0,108.0,0.685262
2510.0,109.0,0.63082
2510.0,110.0,0.503368
2510.0,111.0,0.60418
2510.0,112.0,0.615599
2510.0,113.0,0.191972
2510.0,114.0,0.52569
2510.0,115.0,1.0
2510.0,116.0,0.319049
2510.0,117.0,0.000377
2510.0,118.0,0.110735
2510.0,119.0,0.489833
2510.0,120.0,0.494138
2510.0,121.0,0.392779
2510.0,122.0,0.035507
2510.0,123.0,0.820906
2510.0,124.0,0.389831
2510.0,125.0,0.142974
2510.0,126.0,0.539726
2510.0,127.0,0.378072
2510.0,128.0,0.517248
2510.0,129.0,0.231332
2510.0,130.0,0.436034
2510.0,131.0,0.332031
2510.0,132.0,1.0
2510.0,133.0,0.373199
2510.0,134.0,0.986598
2510.0,135.0,0.979843
2510.0,136.0,0.180957
2510.0,137.0,0.001389
2510.0,138.0,0.089857
2510.0,139.0,0.769264
2510.0,140.0,0.000782
2510.0,141.0,0.943628
2510.0,142.0,0.757266
2510.0,143.0,0.97435
2510.0,144.0,0.621054
2510.0,145.0,0.529574
2510.0,146.0,0.456128
2510.0,147.0,0.328622
2510.0,148.0,0.038311
2510.0,149.0,0.153205
2510.0,150.0,0.808168
2510.0,151.0,0.433866
2510.0,152.0,0.935209
2510.0,153.0,0.457751
2510.0,154.0,1.0
2510.0,155.0,0.41112
2510.0,156.0,0.969288
2510.0,157.0,0.881917
2510.0,158.0,0.240963
2510.0,159.0,0.967052
2510.0,160.0,0.703526
2510.0,161.0,0.587588
2510.0,162.0,0.480833
2510.0,163.0,0.006843
2510.0,164.0,0.342681
2510.0,165.0,0.37309
2510.0,166.0,0.492615
2510.0,167.0,0.701382
2510.0,168.0,0.951014
2510.0,169.0,0.0
2510.0,170.0,0.233662
2510.0,171.0,0.697186
2510.0,172.0,0.578119
2510.0,173.0,0.40711
2510.0,174.0,0.562698
2510.0,175.0,0.77491
2510.0,176.0,0.741382
2510.0,177.0,0.366921
2510.0,178.0,0.0
2510.0,179.0,0.427769
2510.0,180.0,0.66051
2510.0,181.0,0.299235
2510.0,182.0,1.0
2510.0,183.0,0.328153
2510.0,184.0,0.481425
2510.0,185.0,0.265011
2510.0,186.0,0.450352
2510.0,187.0,0.321239
2510.0,188.0,0.269324
2510.0,189.0,0.51436
2510.0,190.0,0.652732
2510.0,191.0,0.641288
2510.0,192.0,0.981512
2510.0,193.0,0.541763
2510.0,194.0,0.52628
2510.0,195.0,0.534547
2510.0,196.0,0.693631
2510.0,197.0,1.0
2510.0,198.0,0.025835
2510.0,199.0,0.222402
2510.0,200.0,0.73421
2510.0,201.0,1.0
2510.0,202.0,1.0
2510.0,203.0,0.0
2510.0,204.0,0.493803
2510.0,205.0,1.0
2510.0,206.0,0.063109
2510.0,207.0,0.196968
2510.0,208.0,0.808667
2510.0,209.0,0.516019
2510.0,210.0,0.513603
2510.0,211.0,0.5313
2510.0,212.0,0.000432
2510.0,213.0,0.547921
2510.0,214.0,0.288919
2510.0,215.0,0.98539
2510.0,216.0,0.544614
2510.0,217.0,0.608684
2510.0,218.0,0.705052
2510.0,219.0,0.78935
2510.0,220.0,0.713767
2510.0,221.0,0.931132
2510.0,222.0,0.42957
2510.0,223.0,0.288746
2510.0,224.0,0.0
2510.0,225.0,1.0
2510.0,226.0,0.991596
2510.0,227.0,0.536976
2510.0,228.0,0.0
2510.0,229.0,0.999947
2510.0,230.0,0.221514
2510.0,231.0,0.805218
2510.0,232.0,0.084241
2510.0,233.0,0.497879
2510.0,234.0,0.475872
2510.0,235.0,0.295148
2510.0,236.0,0.287698
2510.0,237.0,0.0
2510.0,238.0,0.323386
2510.0,239.0,0.754871
2510.0,240.0,0.981896
2510.0,241.0,0.460652
2510.0,242.0,0.621479
2510.0,243.0,0.519342
2510.0,244.0,0.573306
2510.0,245.0,0.345588
2510.0,246.0,0.416941
2510.0,247.0,0.101674
2510.0,248.0,0.330004
2510.0,249.0,0.958811
2510.0,250.0,0.017301
2510.0,251.0,0.444926
2510.0,252.0,0.077439
2510.0,253.0,0.826189
2510.0,254.0,0.456196
2510.0,255.0,0.330904
2510.0,256.0,0.558038
2510.0,257.0,0.473076
2510.0,258.0,0.647845
2510.0,259.0,0.000126
2510.0,260.0,0.598852
2510.0,261.0,0.056772
2510.0,262.0,0.623222
2510.0,263.0,0.997171
2510.0,264.0,0.709616
2510.0,265.0,0.519537
2510.0,266.0,0.743434
2510.0,267.0,0.1158
2510.0,268.0,0.530851
2510.0,269.0,0.40056
2510.0,270.0,0.521784
2510.0,271.0,0.758212
2510.0,272.0,0.681936
2510.0,273.0,0.809678
2510.0,274.0,0.656542
2510.0,275.0,0.306086
2510.0,276.0,0.156955
2510.0,277.0,0.0
2510.0,278.0,0.914608
2510.0,279.0,0.552998
2510.0,280.0,0.082271
2510.0,281.0,0.633819
2510.0,282.0,0.218508
2510.0,283.0,0.378093
2510.0,284.0,0.639522
2510.0,285.0,0.588294
2510.0,286.0,0.458696
2510.0,287.0,0.309591
2510.0,288.0,0.773999
2510.0,289.0,0.547566
2510.0,290.0,0.162119
2510.0,291.0,0.900537
2510.0,292.0,0.217856
2510.0,293.0,0.926791
2510.0,294.0,0.534594
2510.0,295.0,0.636223
2510.0,296.0,0.629621
2510.0,297.0,1.0
2510.0,298.0,1.0
2510.0,299.0,0.376864
2510.0,300.0,0.742081
2510.0,301.0,0.890091
2510.0,302.0,0.821511
2510.0,303.0,0.095236
2510.0,304.0,1.0
2510.0,305.0,1.0
2510.0,306.0,0.532267
2510.0,307.0,0.000886
2510.0,308.0,0.0
2510.0,309.0,0.460513
2510.0,310.0,0.351308
2510.0,311.0,0.248824
2510.0,312.0,0.27849
2510.0,313.0,0.382264
2510.0,314.0,0.001396
2510.0,315.0,0.430325
2510.0,316.0,0.626518
2510.0,317.0,0.995102
2510.0,318.0,0.38371
2510.0,319.0,0.998203
2510.0,320.0,0.668032
2510.0,321.0,1.0
2510.0,322.0,0.189638
2510.0,323.0,0.688971
2510.0,324.0,0.000461
2510.0,325.0,0.0
2510.0,326.0,0.185053
2510.0,327.0,0.077085
2510.0,328.0,0.208778
2510.0,329.0,0.453392
2510.0,330.0,0.286042
2510.0,331.0,0.69789
2510.0,332.0,0.803155
2510.0,333.0,0.574104
2510.0,334.0,0.995374
