FREQUENCIES 
Gen,mut_id,mut_freq
1.0,0.0,0.5
1.0,1.0,0.5
1.0,2.0,0.5
1.0,3.0,0.5
1.0,4.0,0.5
1.0,5.0,0.5
1.0,6.0,0.5
1.0,7.0,0.5
1.0,8.0,0.5
1.0,9.0,0.5
1.0,10.0,0.5
1.0,11.0,0.5
1.0,12.0,0.5
1.0,13.0,0.5
1.0,14.0,0.5
1.0,15.0,0.5
1.0,16.0,0.5
1.0,17.0,0.5
1.0,18.0,0.5
1.0,19.0,0.5
1.0,20.0,0.5
1.0,21.0,0.5
1.0,22.0,0.5
1.0,23.0,0.5
1.0,24.0,0.5
1.0,25.0,0.5
1.0,26.0,0.5
1.0,27.0,0.5
1.0,28.0,0.5
1.0,29.0,0.5
1.0,30.0,0.5
1.0,31.0,0.5
1.0,32.0,0.5
1.0,33.0,0.5
1.0,34.0,0.5
1.0,35.0,0.5
1.0,36.0,0.5
2500.0,0.0,0.334118
2500.0,1.0,0.317061
2500.0,2.0,0.333291
2500.0,3.0,0.027196
2500.0,4.0,0.70984
2500.0,5.0,0.43045
2500.0,6.0,0.0
2500.0,7.0,0.538168
2500.0,8.0,0.753502
2500.0,9.0,0.0
2500.0,10.0,1.0
2500.0,11.0,0.451031
2500.0,12.0,0.923367
2500.0,13.0,0.552166
2500.0,14.0,0.08375
2500.0,15.0,1.0
2500.0,16.0,0.402953
2500.0,17.0,0.0
2500.0,18.0,0.0
2500.0,19.0,0.57548
2500.0,20.0,0.308746
2500.0,21.0,0.474164
2500.0,22.0,0.861917
2500.0,23.0,1.0
2500.0,24.0,0.98651
2500.0,25.0,0.541597
2500.0,26.0,0.507191
2500.0,27.0,0.856534
2500.0,28.0,0.510265
2500.0,29.0,0.000523
2500.0,30.0,0.399889
2500.0,31.0,0.416802
2500.0,32.0,0.996655
2500.0,33.0,0.871027
2500.0,34.0,0.585509
2500.0,35.0,0.66937
2500.0,36.0,0.259766
2501.0,0.0,0.337832
2501.0,1.0,0.318684
2501.0,2.0,0.335778
2501.0,3.0,0.027267
2501.0,4.0,0.717081
2501.0,5.0,0.438157
2501.0,6.0,0.0
2501.0,7.0,0.5462
2501.0,8.0,0.754651
2501.0,9.0,0.0
2501.0,10.0,1.0
2501.0,11.0,0.475671
2501.0,12.0,0.928477
2501.0,13.0,0.575051
2501.0,14.0,0.096955
2501.0,15.0,1.0
2501.0,16.0,0.4058
2501.0,17.0,0.0
2501.0,18.0,0.0
2501.0,19.0,0.587864
2501.0,20.0,0.313652
2501.0,21.0,0.475092
2501.0,22.0,0.863831
2501.0,23.0,1.0
2501.0,24.0,0.986588
2501.0,25.0,0.546485
2501.0,26.0,0.548376
2501.0,27.0,0.858016
2501.0,28.0,0.530112
2501.0,29.0,0.000534
2501.0,30.0,0.416679
2501.0,31.0,0.417196
2501.0,32.0,0.996678
2501.0,33.0,0.872022
2501.0,34.0,0.586902
2501.0,35.0,0.6701
2501.0,36.0,0.261799
2502.0,0.0,0.341316
2502.0,1.0,0.321182
2502.0,2.0,0.33898
2502.0,3.0,0.027559
2502.0,4.0,0.723632
2502.0,5.0,0.446475
2502.0,6.0,0.0
2502.0,7.0,0.554003
2502.0,8.0,0.755319
2502.0,9.0,0.0
2502.0,10.0,1.0
2502.0,11.0,0.500224
2502.0,12.0,0.933322
2502.0,13.0,0.596533
2502.0,14.0,0.112257
2502.0,15.0,1.0
2502.0,16.0,0.408231
2502.0,17.0,0.0
2502.0,18.0,0.0
2502.0,19.0,0.600197
2502.0,20.0,0.317771
2502.0,21.0,0.475126
2502.0,22.0,0.866174
2502.0,23.0,1.0
2502.0,24.0,0.986777
2502.0,25.0,0.552365
2502.0,26.0,0.589426
2502.0,27.0,0.859623
2502.0,28.0,0.547959
2502.0,29.0,0.00055
2502.0,30.0,0.433352
2502.0,31.0,0.418402
2502.0,32.0,0.996717
2502.0,33.0,0.873272
2502.0,34.0,0.587219
2502.0,35.0,0.671638
2502.0,36.0,0.262843
2503.0,0.0,0.34496
2503.0,1.0,0.32384
2503.0,2.0,0.342137
2503.0,3.0,0.027976
2503.0,4.0,0.730759
2503.0,5.0,0.454576
2503.0,6.0,0.0
2503.0,7.0,0.560956
2503.0,8.0,0.755872
2503.0,9.0,0.0
2503.0,10.0,1.0
2503.0,11.0,0.523047
2503.0,12.0,0.937931
2503.0,13.0,0.615556
2503.0,14.0,0.128384
2503.0,15.0,1.0
2503.0,16.0,0.410998
2503.0,17.0,0.0
2503.0,18.0,0.0
2503.0,19.0,0.610916
2503.0,20.0,0.321935
2503.0,21.0,0.474798
2503.0,22.0,0.868041
2503.0,23.0,1.0
2503.0,24.0,0.986757
2503.0,25.0,0.556883
2503.0,26.0,0.627932
2503.0,27.0,0.86158
2503.0,28.0,0.565012
2503.0,29.0,0.000557
2503.0,30.0,0.449242
2503.0,31.0,0.418696
2503.0,32.0,0.996755
2503.0,33.0,0.873824
2503.0,34.0,0.587378
2503.0,35.0,0.672284
2503.0,36.0,0.264464
2504.0,0.0,0.348959
2504.0,1.0,0.325158
2504.0,2.0,0.345212
2504.0,3.0,0.028326
2504.0,4.0,0.737968
2504.0,5.0,0.461817
2504.0,6.0,0.0
2504.0,7.0,0.56758
2504.0,8.0,0.756702
2504.0,9.0,0.0
2504.0,10.0,1.0
2504.0,11.0,0.545204
2504.0,12.0,0.942435
2504.0,13.0,0.634332
2504.0,14.0,0.145668
2504.0,15.0,1.0
2504.0,16.0,0.413761
2504.0,17.0,0.0
2504.0,18.0,0.0
2504.0,19.0,0.622732
2504.0,20.0,0.325988
2504.0,21.0,0.475876
2504.0,22.0,0.869814
2504.0,23.0,1.0
2504.0,24.0,0.987018
2504.0,25.0,0.562578
2504.0,26.0,0.664197
2504.0,27.0,0.863505
2504.0,28.0,0.581935
2504.0,29.0,0.00058
2504.0,30.0,0.465905
2504.0,31.0,0.419506
2504.0,32.0,0.996804
2504.0,33.0,0.874444
2504.0,34.0,0.588926
2504.0,35.0,0.673314
2504.0,36.0,0.26616
2505.0,0.0,0.353146
2505.0,1.0,0.327451
2505.0,2.0,0.348546
2505.0,3.0,0.028649
2505.0,4.0,0.74444
2505.0,5.0,0.468903
2505.0,6.0,0.0
2505.0,7.0,0.573372
2505.0,8.0,0.757129
2505.0,9.0,0.0
2505.0,10.0,1.0
2505.0,11.0,0.565562
2505.0,12.0,0.945914
2505.0,13.0,0.651806
2505.0,14.0,0.165092
2505.0,15.0,1.0
2505.0,16.0,0.416994
2505.0,17.0,0.0
2505.0,18.0,0.0
2505.0,19.0,0.63386
2505.0,20.0,0.330011
2505.0,21.0,0.476154
2505.0,22.0,0.871751
2505.0,23.0,1.0
2505.0,24.0,0.987286
2505.0,25.0,0.566938
2505.0,26.0,0.698435
2505.0,27.0,0.864327
2505.0,28.0,0.596756
2505.0,29.0,0.00056
2505.0,30.0,0.483455
2505.0,31.0,0.421386
2505.0,32.0,0.996971
2505.0,33.0,0.875221
2505.0,34.0,0.589494
2505.0,35.0,0.674412
2505.0,36.0,0.267694
2506.0,0.0,0.348738
2506.0,1.0,0.324494
2506.0,2.0,0.3448
2506.0,3.0,0.027971
2506.0,4.0,0.737168
2506.0,5.0,0.460905
2506.0,6.0,0.0
2506.0,7.0,0.566598
2506.0,8.0,0.756211
2506.0,9.0,0.0
2506.0,10.0,1.0
2506.0,11.0,0.54199
2506.0,12.0,0.94212
2506.0,13.0,0.631507
2506.0,14.0,0.144097
2506.0,15.0,1.0
2506.0,16.0,0.414295
2506.0,17.0,0.0
2506.0,18.0,0.0
2506.0,19.0,0.621251
2506.0,20.0,0.325968
2506.0,21.0,0.475787
2506.0,22.0,0.869541
2506.0,23.0,1.0
2506.0,24.0,0.987116
2506.0,25.0,0.562083
2506.0,26.0,0.658715
2506.0,27.0,0.863299
2506.0,28.0,0.580025
2506.0,29.0,0.000515
2506.0,30.0,0.465131
2506.0,31.0,0.420901
2506.0,32.0,0.996852
2506.0,33.0,0.874306
2506.0,34.0,0.588401
2506.0,35.0,0.672485
2506.0,36.0,0.265394
2507.0,0.0,0.345569
2507.0,1.0,0.322233
2507.0,2.0,0.341562
2507.0,3.0,0.027211
2507.0,4.0,0.729843
2507.0,5.0,0.452214
2507.0,6.0,0.0
2507.0,7.0,0.559415
2507.0,8.0,0.756235
2507.0,9.0,0.0
2507.0,10.0,1.0
2507.0,11.0,0.51855
2507.0,12.0,0.938139
2507.0,13.0,0.610965
2507.0,14.0,0.125848
2507.0,15.0,1.0
2507.0,16.0,0.411269
2507.0,17.0,0.0
2507.0,18.0,0.0
2507.0,19.0,0.609321
2507.0,20.0,0.321492
2507.0,21.0,0.475142
2507.0,22.0,0.866927
2507.0,23.0,1.0
2507.0,24.0,0.987009
2507.0,25.0,0.556511
2507.0,26.0,0.61813
2507.0,27.0,0.863095
2507.0,28.0,0.56262
2507.0,29.0,0.000524
2507.0,30.0,0.448105
2507.0,31.0,0.419646
2507.0,32.0,0.996754
2507.0,33.0,0.873661
2507.0,34.0,0.586482
2507.0,35.0,0.670834
2507.0,36.0,0.263724
2508.0,0.0,0.341706
2508.0,1.0,0.320413
2508.0,2.0,0.338149
2508.0,3.0,0.026421
2508.0,4.0,0.722941
2508.0,5.0,0.444249
2508.0,6.0,0.0
2508.0,7.0,0.552505
2508.0,8.0,0.755302
2508.0,9.0,0.0
2508.0,10.0,1.0
2508.0,11.0,0.495618
2508.0,12.0,0.933978
2508.0,13.0,0.590542
2508.0,14.0,0.109668
2508.0,15.0,1.0
2508.0,16.0,0.408763
2508.0,17.0,0.0
2508.0,18.0,0.0
2508.0,19.0,0.598287
2508.0,20.0,0.316472
2508.0,21.0,0.474121
2508.0,22.0,0.865763
2508.0,23.0,1.0
2508.0,24.0,0.986885
2508.0,25.0,0.551062
2508.0,26.0,0.578055
2508.0,27.0,0.861524
2508.0,28.0,0.5446
2508.0,29.0,0.000511
2508.0,30.0,0.432512
2508.0,31.0,0.419295
2508.0,32.0,0.996697
2508.0,33.0,0.873154
2508.0,34.0,0.584908
2508.0,35.0,0.669367
2508.0,36.0,0.261681
2509.0,0.0,0.337705
2509.0,1.0,0.318451
2509.0,2.0,0.334529
2509.0,3.0,0.025794
2509.0,4.0,0.715705
2509.0,5.0,0.436789
2509.0,6.0,0.0
2509.0,7.0,0.544498
2509.0,8.0,0.754919
2509.0,9.0,0.0
2509.0,10.0,1.0
2509.0,11.0,0.472243
2509.0,12.0,0.929637
2509.0,13.0,0.570493
2509.0,14.0,0.095741
2509.0,15.0,1.0
2509.0,16.0,0.406499
2509.0,17.0,0.0
2509.0,18.0,0.0
2509.0,19.0,0.586706
2509.0,20.0,0.311715
2509.0,21.0,0.473178
2509.0,22.0,0.86386
2509.0,23.0,1.0
2509.0,24.0,0.986615
2509.0,25.0,0.545682
2509.0,26.0,0.540297
2509.0,27.0,0.859706
2509.0,28.0,0.527476
2509.0,29.0,0.000463
2509.0,30.0,0.417353
2509.0,31.0,0.41801
2509.0,32.0,0.996608
2509.0,33.0,0.872913
2509.0,34.0,0.583292
2509.0,35.0,0.668184
2509.0,36.0,0.259504
2510.0,0.0,0.33348
2510.0,1.0,0.316466
2510.0,2.0,0.330821
2510.0,3.0,0.025243
2510.0,4.0,0.709545
2510.0,5.0,0.429067
2510.0,6.0,0.0
2510.0,7.0,0.537024
2510.0,8.0,0.755298
2510.0,9.0,0.0
2510.0,10.0,1.0
2510.0,11.0,0.449555
2510.0,12.0,0.92461
2510.0,13.0,0.550889
2510.0,14.0,0.083698
2510.0,15.0,1.0
2510.0,16.0,0.403698
2510.0,17.0,0.0
2510.0,18.0,0.0
2510.0,19.0,0.576227
2510.0,20.0,0.306887
2510.0,21.0,0.473368
2510.0,22.0,0.86206
2510.0,23.0,1.0
2510.0,24.0,0.986508
2510.0,25.0,0.541127
2510.0,26.0,0.50441
2510.0,27.0,0.857761
2510.0,28.0,0.510364
2510.0,29.0,0.000436
2510.0,30.0,0.402923
2510.0,31.0,0.417444
2510.0,32.0,0.996522
2510.0,33.0,0.872391
2510.0,34.0,0.582986
2510.0,35.0,0.667657
2510.0,36.0,0.257484
