FREQUENCIES 
Gen,mut_id,mut_freq
1.0,0.0,0.5
1.0,1.0,0.5
1.0,2.0,0.5
1.0,3.0,0.5
1.0,4.0,0.5
1.0,5.0,0.5
1.0,6.0,0.5
1.0,7.0,0.5
1.0,8.0,0.5
1.0,9.0,0.5
1.0,10.0,0.5
1.0,11.0,0.5
1.0,12.0,0.5
1.0,13.0,0.5
1.0,14.0,0.5
1.0,15.0,0.5
1.0,16.0,0.5
1.0,17.0,0.5
1.0,18.0,0.5
1.0,19.0,0.5
1.0,20.0,0.5
1.0,21.0,0.5
1.0,22.0,0.5
1.0,23.0,0.5
1.0,24.0,0.5
1.0,25.0,0.5
1.0,26.0,0.5
1.0,27.0,0.5
1.0,28.0,0.5
1.0,29.0,0.5
1.0,30.0,0.5
1.0,31.0,0.5
1.0,32.0,0.5
1.0,33.0,0.5
1.0,34.0,0.5
1.0,35.0,0.5
1.0,36.0,0.5
1.0,37.0,0.5
1.0,38.0,0.5
1.0,39.0,0.5
1.0,40.0,0.5
1.0,41.0,0.5
1.0,42.0,0.5
1.0,43.0,0.5
1.0,44.0,0.5
1.0,45.0,0.5
1.0,46.0,0.5
1.0,47.0,0.5
1.0,48.0,0.5
1.0,49.0,0.5
1.0,50.0,0.5
1.0,51.0,0.5
1.0,52.0,0.5
1.0,53.0,0.5
1.0,54.0,0.5
1.0,55.0,0.5
1.0,56.0,0.5
1.0,57.0,0.5
1.0,58.0,0.5
1.0,59.0,0.5
1.0,60.0,0.5
1.0,61.0,0.5
1.0,62.0,0.5
1.0,63.0,0.5
1.0,64.0,0.5
1.0,65.0,0.5
1.0,66.0,0.5
1.0,67.0,0.5
1.0,68.0,0.5
1.0,69.0,0.5
1.0,70.0,0.5
1.0,71.0,0.5
1.0,72.0,0.5
1.0,73.0,0.5
1.0,74.0,0.5
1.0,75.0,0.5
1.0,76.0,0.5
1.0,77.0,0.5
1.0,78.0,0.5
1.0,79.0,0.5
1.0,80.0,0.5
1.0,81.0,0.5
1.0,82.0,0.5
1.0,83.0,0.5
1.0,84.0,0.5
1.0,85.0,0.5
1.0,86.0,0.5
1.0,87.0,0.5
1.0,88.0,0.5
1.0,89.0,0.5
1.0,90.0,0.5
1.0,91.0,0.5
1.0,92.0,0.5
1.0,93.0,0.5
1.0,94.0,0.5
1.0,95.0,0.5
1.0,96.0,0.5
1.0,97.0,0.5
1.0,98.0,0.5
1.0,99.0,0.5
1.0,100.0,0.5
1.0,101.0,0.5
1.0,102.0,0.5
1.0,103.0,0.5
1.0,104.0,0.5
1.0,105.0,0.5
1.0,106.0,0.5
1.0,107.0,0.5
1.0,108.0,0.5
1.0,109.0,0.5
1.0,110.0,0.5
1.0,111.0,0.5
1.0,112.0,0.5
1.0,113.0,0.5
1.0,114.0,0.5
1.0,115.0,0.5
1.0,116.0,0.5
1.0,117.0,0.5
1.0,118.0,0.5
1.0,119.0,0.5
1.0,120.0,0.5
1.0,121.0,0.5
1.0,122.0,0.5
1.0,123.0,0.5
1.0,124.0,0.5
1.0,125.0,0.5
1.0,126.0,0.5
1.0,127.0,0.5
1.0,128.0,0.5
1.0,129.0,0.5
1.0,130.0,0.5
1.0,131.0,0.5
1.0,132.0,0.5
1.0,133.0,0.5
1.0,134.0,0.5
1.0,135.0,0.5
1.0,136.0,0.5
1.0,137.0,0.5
1.0,138.0,0.5
1.0,139.0,0.5
1.0,140.0,0.5
1.0,141.0,0.5
1.0,142.0,0.5
1.0,143.0,0.5
1.0,144.0,0.5
1.0,145.0,0.5
1.0,146.0,0.5
1.0,147.0,0.5
1.0,148.0,0.5
1.0,149.0,0.5
1.0,150.0,0.5
1.0,151.0,0.5
1.0,152.0,0.5
1.0,153.0,0.5
1.0,154.0,0.5
1.0,155.0,0.5
1.0,156.0,0.5
1.0,157.0,0.5
1.0,158.0,0.5
1.0,159.0,0.5
1.0,160.0,0.5
1.0,161.0,0.5
1.0,162.0,0.5
1.0,163.0,0.5
1.0,164.0,0.5
1.0,165.0,0.5
1.0,166.0,0.5
1.0,167.0,0.5
1.0,168.0,0.5
1.0,169.0,0.5
1.0,170.0,0.5
1.0,171.0,0.5
1.0,172.0,0.5
1.0,173.0,0.5
1.0,174.0,0.5
1.0,175.0,0.5
1.0,176.0,0.5
1.0,177.0,0.5
1.0,178.0,0.5
1.0,179.0,0.5
1.0,180.0,0.5
1.0,181.0,0.5
1.0,182.0,0.5
1.0,183.0,0.5
1.0,184.0,0.5
1.0,185.0,0.5
1.0,186.0,0.5
1.0,187.0,0.5
1.0,188.0,0.5
1.0,189.0,0.5
1.0,190.0,0.5
1.0,191.0,0.5
1.0,192.0,0.5
1.0,193.0,0.5
1.0,194.0,0.5
1.0,195.0,0.5
1.0,196.0,0.5
1.0,197.0,0.5
1.0,198.0,0.5
1.0,199.0,0.5
1.0,200.0,0.5
1.0,201.0,0.5
1.0,202.0,0.5
1.0,203.0,0.5
1.0,204.0,0.5
1.0,205.0,0.5
1.0,206.0,0.5
1.0,207.0,0.5
1.0,208.0,0.5
1.0,209.0,0.5
1.0,210.0,0.5
1.0,211.0,0.5
1.0,212.0,0.5
1.0,213.0,0.5
1.0,214.0,0.5
1.0,215.0,0.5
1.0,216.0,0.5
1.0,217.0,0.5
1.0,218.0,0.5
1.0,219.0,0.5
1.0,220.0,0.5
1.0,221.0,0.5
1.0,222.0,0.5
1.0,223.0,0.5
1.0,224.0,0.5
1.0,225.0,0.5
1.0,226.0,0.5
1.0,227.0,0.5
1.0,228.0,0.5
1.0,229.0,0.5
1.0,230.0,0.5
1.0,231.0,0.5
1.0,232.0,0.5
1.0,233.0,0.5
1.0,234.0,0.5
1.0,235.0,0.5
1.0,236.0,0.5
1.0,237.0,0.5
1.0,238.0,0.5
1.0,239.0,0.5
1.0,240.0,0.5
1.0,241.0,0.5
1.0,242.0,0.5
1.0,243.0,0.5
1.0,244.0,0.5
1.0,245.0,0.5
1.0,246.0,0.5
1.0,247.0,0.5
1.0,248.0,0.5
1.0,249.0,0.5
1.0,250.0,0.5
1.0,251.0,0.5
1.0,252.0,0.5
1.0,253.0,0.5
1.0,254.0,0.5
1.0,255.0,0.5
1.0,256.0,0.5
1.0,257.0,0.5
1.0,258.0,0.5
1.0,259.0,0.5
1.0,260.0,0.5
1.0,261.0,0.5
1.0,262.0,0.5
1.0,263.0,0.5
1.0,264.0,0.5
1.0,265.0,0.5
1.0,266.0,0.5
1.0,267.0,0.5
1.0,268.0,0.5
1.0,269.0,0.5
1.0,270.0,0.5
1.0,271.0,0.5
1.0,272.0,0.5
1.0,273.0,0.5
1.0,274.0,0.5
1.0,275.0,0.5
1.0,276.0,0.5
1.0,277.0,0.5
1.0,278.0,0.5
1.0,279.0,0.5
1.0,280.0,0.5
1.0,281.0,0.5
1.0,282.0,0.5
1.0,283.0,0.5
1.0,284.0,0.5
1.0,285.0,0.5
1.0,286.0,0.5
1.0,287.0,0.5
1.0,288.0,0.5
1.0,289.0,0.5
1.0,290.0,0.5
1.0,291.0,0.5
1.0,292.0,0.5
1.0,293.0,0.5
1.0,294.0,0.5
1.0,295.0,0.5
1.0,296.0,0.5
1.0,297.0,0.5
1.0,298.0,0.5
1.0,299.0,0.5
1.0,300.0,0.5
1.0,301.0,0.5
1.0,302.0,0.5
1.0,303.0,0.5
1.0,304.0,0.5
1.0,305.0,0.5
1.0,306.0,0.5
1.0,307.0,0.5
1.0,308.0,0.5
1.0,309.0,0.5
1.0,310.0,0.5
1.0,311.0,0.5
1.0,312.0,0.5
1.0,313.0,0.5
1.0,314.0,0.5
1.0,315.0,0.5
1.0,316.0,0.5
1.0,317.0,0.5
1.0,318.0,0.5
1.0,319.0,0.5
1.0,320.0,0.5
1.0,321.0,0.5
1.0,322.0,0.5
1.0,323.0,0.5
1.0,324.0,0.5
1.0,325.0,0.5
1.0,326.0,0.5
1.0,327.0,0.5
1.0,328.0,0.5
1.0,329.0,0.5
1.0,330.0,0.5
1.0,331.0,0.5
1.0,332.0,0.5
1.0,333.0,0.5
1.0,334.0,0.5
2500.0,0.0,0.409492
2500.0,1.0,0.013276
2500.0,2.0,0.637546
2500.0,3.0,0.527719
2500.0,4.0,0.029879
2500.0,5.0,0.629076
2500.0,6.0,0.748299
2500.0,7.0,0.751757
2500.0,8.0,0.498492
2500.0,9.0,0.407671
2500.0,10.0,0.313642
2500.0,11.0,0.038395
2500.0,12.0,0.81233
2500.0,13.0,0.378793
2500.0,14.0,0.1312
2500.0,15.0,1.0
2500.0,16.0,0.503759
2500.0,17.0,0.855517
2500.0,18.0,0.201365
2500.0,19.0,0.0
2500.0,20.0,0.391856
2500.0,21.0,0.786119
2500.0,22.0,0.453498
2500.0,23.0,0.411411
2500.0,24.0,0.302705
2500.0,25.0,0.547335
2500.0,26.0,0.932051
2500.0,27.0,0.902787
2500.0,28.0,0.816877
2500.0,29.0,0.905628
2500.0,30.0,0.731258
2500.0,31.0,0.153395
2500.0,32.0,0.000886
2500.0,33.0,0.501884
2500.0,34.0,0.68812
2500.0,35.0,1.0
2500.0,36.0,0.379162
2500.0,37.0,1.0
2500.0,38.0,0.698687
2500.0,39.0,0.247277
2500.0,40.0,0.252354
2500.0,41.0,0.827155
2500.0,42.0,0.377511
2500.0,43.0,0.251997
2500.0,44.0,0.540188
2500.0,45.0,0.036024
2500.0,46.0,0.354431
2500.0,47.0,0.098514
2500.0,48.0,0.0
2500.0,49.0,0.000372
2500.0,50.0,0.235722
2500.0,51.0,0.527698
2500.0,52.0,0.791098
2500.0,53.0,0.711926
2500.0,54.0,0.585684
2500.0,55.0,0.096954
2500.0,56.0,0.022813
2500.0,57.0,0.352734
2500.0,58.0,0.994867
2500.0,59.0,0.510927
2500.0,60.0,0.712766
2500.0,61.0,0.632209
2500.0,62.0,0.361894
2500.0,63.0,0.552554
2500.0,64.0,0.49598
2500.0,65.0,0.49134
2500.0,66.0,0.68948
2500.0,67.0,0.763983
2500.0,68.0,0.502603
2500.0,69.0,0.000531
2500.0,70.0,0.297587
2500.0,71.0,0.621903
2500.0,72.0,0.390097
2500.0,73.0,0.817226
2500.0,74.0,0.003503
2500.0,75.0,0.943959
2500.0,76.0,0.372458
2500.0,77.0,0.276581
2500.0,78.0,0.442637
2500.0,79.0,0.240949
2500.0,80.0,0.386097
2500.0,81.0,0.674168
2500.0,82.0,0.664174
2500.0,83.0,0.541877
2500.0,84.0,0.481756
2500.0,85.0,0.442115
2500.0,86.0,0.358006
2500.0,87.0,0.49563
2500.0,88.0,0.551972
2500.0,89.0,0.598105
2500.0,90.0,0.541714
2500.0,91.0,0.498714
2500.0,92.0,0.462475
2500.0,93.0,1.0
2500.0,94.0,0.59586
2500.0,95.0,1.0
2500.0,96.0,0.611922
2500.0,97.0,0.000639
2500.0,98.0,0.144018
2500.0,99.0,0.423994
2500.0,100.0,0.319211
2500.0,101.0,0.72199
2500.0,102.0,0.946561
2500.0,103.0,0.401296
2500.0,104.0,0.479248
2500.0,105.0,0.154673
2500.0,106.0,0.481476
2500.0,107.0,0.996853
2500.0,108.0,0.016263
2500.0,109.0,0.186447
2500.0,110.0,0.642913
2500.0,111.0,0.387437
2500.0,112.0,0.261393
2500.0,113.0,0.436683
2500.0,114.0,0.265323
2500.0,115.0,0.0
2500.0,116.0,0.961773
2500.0,117.0,0.0
2500.0,118.0,0.455995
2500.0,119.0,0.655182
2500.0,120.0,0.0
2500.0,121.0,0.418754
2500.0,122.0,0.790037
2500.0,123.0,0.555522
2500.0,124.0,0.999667
2500.0,125.0,0.352159
2500.0,126.0,0.325808
2500.0,127.0,0.47247
2500.0,128.0,0.801106
2500.0,129.0,0.61186
2500.0,130.0,0.159738
2500.0,131.0,0.70413
2500.0,132.0,0.424772
2500.0,133.0,0.477374
2500.0,134.0,0.258583
2500.0,135.0,0.002681
2500.0,136.0,0.845732
2500.0,137.0,0.424019
2500.0,138.0,0.605306
2500.0,139.0,0.0
2500.0,140.0,0.705797
2500.0,141.0,0.947825
2500.0,142.0,0.624778
2500.0,143.0,0.409738
2500.0,144.0,0.427515
2500.0,145.0,0.842525
2500.0,146.0,0.384929
2500.0,147.0,0.498382
2500.0,148.0,0.449696
2500.0,149.0,0.03144
2500.0,150.0,0.998405
2500.0,151.0,0.632213
2500.0,152.0,0.57099
2500.0,153.0,0.900167
2500.0,154.0,0.28656
2500.0,155.0,0.015462
2500.0,156.0,0.471423
2500.0,157.0,0.673281
2500.0,158.0,0.656169
2500.0,159.0,0.812652
2500.0,160.0,0.641186
2500.0,161.0,0.999718
2500.0,162.0,0.00934
2500.0,163.0,0.996243
2500.0,164.0,0.275462
2500.0,165.0,0.065806
2500.0,166.0,0.462274
2500.0,167.0,0.465459
2500.0,168.0,0.263027
2500.0,169.0,0.612996
2500.0,170.0,0.651827
2500.0,171.0,0.481965
2500.0,172.0,0.241085
2500.0,173.0,0.115426
2500.0,174.0,0.910974
2500.0,175.0,0.620024
2500.0,176.0,0.680518
2500.0,177.0,0.353928
2500.0,178.0,0.452011
2500.0,179.0,0.8562
2500.0,180.0,1.0
2500.0,181.0,0.267527
2500.0,182.0,0.43998
2500.0,183.0,0.424006
2500.0,184.0,0.749424
2500.0,185.0,0.318052
2500.0,186.0,0.244374
2500.0,187.0,0.214987
2500.0,188.0,0.031306
2500.0,189.0,1.0
2500.0,190.0,0.563002
2500.0,191.0,0.924775
2500.0,192.0,0.088439
2500.0,193.0,0.501962
2500.0,194.0,0.158864
2500.0,195.0,1.0
2500.0,196.0,0.003204
2500.0,197.0,1.0
2500.0,198.0,0.597611
2500.0,199.0,0.547515
2500.0,200.0,0.000648
2500.0,201.0,0.164754
2500.0,202.0,0.453182
2500.0,203.0,0.41399
2500.0,204.0,0.789987
2500.0,205.0,0.339654
2500.0,206.0,0.80129
2500.0,207.0,0.155684
2500.0,208.0,0.480153
2500.0,209.0,0.997558
2500.0,210.0,0.238061
2500.0,211.0,0.993394
2500.0,212.0,0.977932
2500.0,213.0,0.064514
2500.0,214.0,0.192401
2500.0,215.0,0.250409
2500.0,216.0,0.000953
2500.0,217.0,0.713356
2500.0,218.0,0.538891
2500.0,219.0,0.000125
2500.0,220.0,0.256271
2500.0,221.0,0.411539
2500.0,222.0,0.527963
2500.0,223.0,0.942195
2500.0,224.0,0.343524
2500.0,225.0,0.50307
2500.0,226.0,0.085889
2500.0,227.0,0.570828
2500.0,228.0,0.647398
2500.0,229.0,0.869334
2500.0,230.0,0.189314
2500.0,231.0,0.0
2500.0,232.0,0.690059
2500.0,233.0,0.301561
2500.0,234.0,0.260411
2500.0,235.0,0.760637
2500.0,236.0,1.0
2500.0,237.0,0.64009
2500.0,238.0,0.202279
2500.0,239.0,0.210029
2500.0,240.0,0.000236
2500.0,241.0,0.357827
2500.0,242.0,0.174436
2500.0,243.0,0.98176
2500.0,244.0,0.320794
2500.0,245.0,0.407309
2500.0,246.0,0.59438
2500.0,247.0,0.102104
2500.0,248.0,0.326994
2500.0,249.0,0.204491
2500.0,250.0,0.669453
2500.0,251.0,0.475509
2500.0,252.0,0.012094
2500.0,253.0,0.585897
2500.0,254.0,0.66514
2500.0,255.0,0.39379
2500.0,256.0,0.993285
2500.0,257.0,0.62608
2500.0,258.0,0.525594
2500.0,259.0,0.76483
2500.0,260.0,0.023995
2500.0,261.0,0.521981
2500.0,262.0,0.295587
2500.0,263.0,0.134738
2500.0,264.0,0.066739
2500.0,265.0,0.972605
2500.0,266.0,0.529474
2500.0,267.0,0.270386
2500.0,268.0,0.064939
2500.0,269.0,0.543254
2500.0,270.0,0.165485
2500.0,271.0,0.289889
2500.0,272.0,0.471878
2500.0,273.0,9.5e-05
2500.0,274.0,0.720262
2500.0,275.0,0.921728
2500.0,276.0,0.561404
2500.0,277.0,0.441414
2500.0,278.0,0.386753
2500.0,279.0,0.929859
2500.0,280.0,0.377812
2500.0,281.0,0.427852
2500.0,282.0,0.1005
2500.0,283.0,0.0
2500.0,284.0,0.306937
2500.0,285.0,0.075394
2500.0,286.0,0.401999
2500.0,287.0,0.313954
2500.0,288.0,0.036323
2500.0,289.0,0.213617
2500.0,290.0,0.0
2500.0,291.0,0.987063
2500.0,292.0,0.535678
2500.0,293.0,0.715018
2500.0,294.0,0.62294
2500.0,295.0,0.034867
2500.0,296.0,0.689998
2500.0,297.0,0.120383
2500.0,298.0,1.0
2500.0,299.0,0.442296
2500.0,300.0,1.0
2500.0,301.0,0.890744
2500.0,302.0,0.682762
2500.0,303.0,0.447215
2500.0,304.0,0.544955
2500.0,305.0,0.677249
2500.0,306.0,0.566267
2500.0,307.0,0.543107
2500.0,308.0,0.775852
2500.0,309.0,0.355243
2500.0,310.0,0.543463
2500.0,311.0,0.586186
2500.0,312.0,0.547779
2500.0,313.0,0.776718
2500.0,314.0,0.442175
2500.0,315.0,0.004347
2500.0,316.0,0.314734
2500.0,317.0,0.545336
2500.0,318.0,0.43188
2500.0,319.0,0.799704
2500.0,320.0,0.217723
2500.0,321.0,0.608978
2500.0,322.0,0.446416
2500.0,323.0,0.012188
2500.0,324.0,0.590524
2500.0,325.0,0.532645
2500.0,326.0,0.649104
2500.0,327.0,0.522543
2500.0,328.0,0.479747
2500.0,329.0,0.634002
2500.0,330.0,0.528875
2500.0,331.0,0.419803
2500.0,332.0,0.226875
2500.0,333.0,0.269934
2500.0,334.0,0.22563
2501.0,0.0,0.410458
2501.0,1.0,0.01352
2501.0,2.0,0.641493
2501.0,3.0,0.537892
2501.0,4.0,0.030325
2501.0,5.0,0.627817
2501.0,6.0,0.74972
2501.0,7.0,0.753316
2501.0,8.0,0.504627
2501.0,9.0,0.408668
2501.0,10.0,0.314222
2501.0,11.0,0.04038
2501.0,12.0,0.818208
2501.0,13.0,0.380795
2501.0,14.0,0.131455
2501.0,15.0,1.0
2501.0,16.0,0.508509
2501.0,17.0,0.856549
2501.0,18.0,0.207363
2501.0,19.0,0.0
2501.0,20.0,0.392769
2501.0,21.0,0.787404
2501.0,22.0,0.456992
2501.0,23.0,0.417164
2501.0,24.0,0.305067
2501.0,25.0,0.551555
2501.0,26.0,0.93191
2501.0,27.0,0.903988
2501.0,28.0,0.817904
2501.0,29.0,0.907007
2501.0,30.0,0.733671
2501.0,31.0,0.156367
2501.0,32.0,0.000909
2501.0,33.0,0.502904
2501.0,34.0,0.689659
2501.0,35.0,1.0
2501.0,36.0,0.383335
2501.0,37.0,1.0
2501.0,38.0,0.706679
2501.0,39.0,0.25166
2501.0,40.0,0.254806
2501.0,41.0,0.82866
2501.0,42.0,0.379441
2501.0,43.0,0.254657
2501.0,44.0,0.546416
2501.0,45.0,0.035894
2501.0,46.0,0.354765
2501.0,47.0,0.104092
2501.0,48.0,0.0
2501.0,49.0,0.000414
2501.0,50.0,0.2362
2501.0,51.0,0.528539
2501.0,52.0,0.792612
2501.0,53.0,0.716325
2501.0,54.0,0.588894
2501.0,55.0,0.097755
2501.0,56.0,0.023019
2501.0,57.0,0.354093
2501.0,58.0,0.994934
2501.0,59.0,0.511154
2501.0,60.0,0.716749
2501.0,61.0,0.635806
2501.0,62.0,0.366232
2501.0,63.0,0.554251
2501.0,64.0,0.497861
2501.0,65.0,0.494165
2501.0,66.0,0.690628
2501.0,67.0,0.766717
2501.0,68.0,0.507242
2501.0,69.0,0.000509
2501.0,70.0,0.310762
2501.0,71.0,0.624609
2501.0,72.0,0.391935
2501.0,73.0,0.821
2501.0,74.0,0.003719
2501.0,75.0,0.943902
2501.0,76.0,0.377078
2501.0,77.0,0.27935
2501.0,78.0,0.464635
2501.0,79.0,0.243828
2501.0,80.0,0.393138
2501.0,81.0,0.684193
2501.0,82.0,0.667718
2501.0,83.0,0.546313
2501.0,84.0,0.485274
2501.0,85.0,0.460244
2501.0,86.0,0.359733
2501.0,87.0,0.496382
2501.0,88.0,0.557884
2501.0,89.0,0.597392
2501.0,90.0,0.546578
2501.0,91.0,0.501287
2501.0,92.0,0.464462
2501.0,93.0,1.0
2501.0,94.0,0.598632
2501.0,95.0,1.0
2501.0,96.0,0.614724
2501.0,97.0,0.000675
2501.0,98.0,0.145324
2501.0,99.0,0.427644
2501.0,100.0,0.319813
2501.0,101.0,0.724507
2501.0,102.0,0.9471
2501.0,103.0,0.401943
2501.0,104.0,0.481169
2501.0,105.0,0.154829
2501.0,106.0,0.484153
2501.0,107.0,0.996938
2501.0,108.0,0.016384
2501.0,109.0,0.187914
2501.0,110.0,0.653726
2501.0,111.0,0.391675
2501.0,112.0,0.263119
2501.0,113.0,0.438008
2501.0,114.0,0.268736
2501.0,115.0,0.0
2501.0,116.0,0.961734
2501.0,117.0,0.0
2501.0,118.0,0.456858
2501.0,119.0,0.663185
2501.0,120.0,0.0
2501.0,121.0,0.42025
2501.0,122.0,0.792024
2501.0,123.0,0.557781
2501.0,124.0,0.999667
2501.0,125.0,0.354037
2501.0,126.0,0.327946
2501.0,127.0,0.476688
2501.0,128.0,0.801912
2501.0,129.0,0.61422
2501.0,130.0,0.167011
2501.0,131.0,0.707787
2501.0,132.0,0.428697
2501.0,133.0,0.477858
2501.0,134.0,0.260368
2501.0,135.0,0.002702
2501.0,136.0,0.847075
2501.0,137.0,0.432496
2501.0,138.0,0.609401
2501.0,139.0,0.0
2501.0,140.0,0.707937
2501.0,141.0,0.948284
2501.0,142.0,0.625819
2501.0,143.0,0.426493
2501.0,144.0,0.446493
2501.0,145.0,0.847638
2501.0,146.0,0.386615
2501.0,147.0,0.500855
2501.0,148.0,0.452714
2501.0,149.0,0.03176
2501.0,150.0,0.998505
2501.0,151.0,0.659513
2501.0,152.0,0.572727
2501.0,153.0,0.903738
2501.0,154.0,0.298354
2501.0,155.0,0.015746
2501.0,156.0,0.472643
2501.0,157.0,0.673262
2501.0,158.0,0.661181
2501.0,159.0,0.81606
2501.0,160.0,0.645197
2501.0,161.0,0.999757
2501.0,162.0,0.009509
2501.0,163.0,0.996224
2501.0,164.0,0.277696
2501.0,165.0,0.066446
2501.0,166.0,0.463224
2501.0,167.0,0.466303
2501.0,168.0,0.26668
2501.0,169.0,0.614333
2501.0,170.0,0.654682
2501.0,171.0,0.486016
2501.0,172.0,0.245374
2501.0,173.0,0.118255
2501.0,174.0,0.911086
2501.0,175.0,0.628455
2501.0,176.0,0.681811
2501.0,177.0,0.363037
2501.0,178.0,0.454895
2501.0,179.0,0.857438
2501.0,180.0,1.0
2501.0,181.0,0.269057
2501.0,182.0,0.44363
2501.0,183.0,0.424922
2501.0,184.0,0.757068
2501.0,185.0,0.318267
2501.0,186.0,0.250624
2501.0,187.0,0.224882
2501.0,188.0,0.031564
2501.0,189.0,1.0
2501.0,190.0,0.568066
2501.0,191.0,0.926026
2501.0,192.0,0.095185
2501.0,193.0,0.5085
2501.0,194.0,0.161609
2501.0,195.0,1.0
2501.0,196.0,0.003236
2501.0,197.0,1.0
2501.0,198.0,0.602649
2501.0,199.0,0.552009
2501.0,200.0,0.000656
2501.0,201.0,0.172699
2501.0,202.0,0.469957
2501.0,203.0,0.41437
2501.0,204.0,0.797509
2501.0,205.0,0.348743
2501.0,206.0,0.802514
2501.0,207.0,0.16101
2501.0,208.0,0.481721
2501.0,209.0,0.997716
2501.0,210.0,0.247122
2501.0,211.0,0.993426
2501.0,212.0,0.978351
2501.0,213.0,0.06598
2501.0,214.0,0.192935
2501.0,215.0,0.255628
2501.0,216.0,0.000917
2501.0,217.0,0.713307
2501.0,218.0,0.539908
2501.0,219.0,0.000127
2501.0,220.0,0.257495
2501.0,221.0,0.412565
2501.0,222.0,0.551526
2501.0,223.0,0.944642
2501.0,224.0,0.345896
2501.0,225.0,0.508448
2501.0,226.0,0.086742
2501.0,227.0,0.573459
2501.0,228.0,0.649288
2501.0,229.0,0.872986
2501.0,230.0,0.191077
2501.0,231.0,0.0
2501.0,232.0,0.692165
2501.0,233.0,0.30146
2501.0,234.0,0.26179
2501.0,235.0,0.7629
2501.0,236.0,1.0
2501.0,237.0,0.644228
2501.0,238.0,0.211696
2501.0,239.0,0.211608
2501.0,240.0,0.000269
2501.0,241.0,0.365285
2501.0,242.0,0.180048
2501.0,243.0,0.981936
2501.0,244.0,0.322842
2501.0,245.0,0.434269
2501.0,246.0,0.596701
2501.0,247.0,0.101951
2501.0,248.0,0.331575
2501.0,249.0,0.208865
2501.0,250.0,0.674013
2501.0,251.0,0.483809
2501.0,252.0,0.012262
2501.0,253.0,0.588051
2501.0,254.0,0.667994
2501.0,255.0,0.39857
2501.0,256.0,0.993598
2501.0,257.0,0.628567
2501.0,258.0,0.538202
2501.0,259.0,0.765348
2501.0,260.0,0.0244
2501.0,261.0,0.523305
2501.0,262.0,0.299217
2501.0,263.0,0.138111
2501.0,264.0,0.066853
2501.0,265.0,0.972645
2501.0,266.0,0.530944
2501.0,267.0,0.272306
2501.0,268.0,0.065021
2501.0,269.0,0.544417
2501.0,270.0,0.167872
2501.0,271.0,0.294863
2501.0,272.0,0.473793
2501.0,273.0,9.8e-05
2501.0,274.0,0.723354
2501.0,275.0,0.929382
2501.0,276.0,0.568759
2501.0,277.0,0.443587
2501.0,278.0,0.389328
2501.0,279.0,0.930683
2501.0,280.0,0.388957
2501.0,281.0,0.430793
2501.0,282.0,0.102254
2501.0,283.0,0.0
2501.0,284.0,0.313538
2501.0,285.0,0.075708
2501.0,286.0,0.407663
2501.0,287.0,0.314633
2501.0,288.0,0.036371
2501.0,289.0,0.216986
2501.0,290.0,0.0
2501.0,291.0,0.987103
2501.0,292.0,0.551867
2501.0,293.0,0.716272
2501.0,294.0,0.62466
2501.0,295.0,0.035647
2501.0,296.0,0.712452
2501.0,297.0,0.120579
2501.0,298.0,1.0
2501.0,299.0,0.447754
2501.0,300.0,1.0
2501.0,301.0,0.892312
2501.0,302.0,0.690897
2501.0,303.0,0.45622
2501.0,304.0,0.566808
2501.0,305.0,0.680737
2501.0,306.0,0.567927
2501.0,307.0,0.553002
2501.0,308.0,0.777314
2501.0,309.0,0.380216
2501.0,310.0,0.546817
2501.0,311.0,0.592332
2501.0,312.0,0.550078
2501.0,313.0,0.778582
2501.0,314.0,0.44483
2501.0,315.0,0.004409
2501.0,316.0,0.318413
2501.0,317.0,0.547224
2501.0,318.0,0.442929
2501.0,319.0,0.800856
2501.0,320.0,0.218897
2501.0,321.0,0.612179
2501.0,322.0,0.4663
2501.0,323.0,0.012347
2501.0,324.0,0.600598
2501.0,325.0,0.53494
2501.0,326.0,0.649998
2501.0,327.0,0.524096
2501.0,328.0,0.481973
2501.0,329.0,0.634939
2501.0,330.0,0.534789
2501.0,331.0,0.421723
2501.0,332.0,0.228284
2501.0,333.0,0.273453
2501.0,334.0,0.226287
2502.0,0.0,0.411681
2502.0,1.0,0.013862
2502.0,2.0,0.645505
2502.0,3.0,0.54793
2502.0,4.0,0.030056
2502.0,5.0,0.627289
2502.0,6.0,0.751736
2502.0,7.0,0.754162
2502.0,8.0,0.511156
2502.0,9.0,0.408722
2502.0,10.0,0.31484
2502.0,11.0,0.042463
2502.0,12.0,0.824067
2502.0,13.0,0.382695
2502.0,14.0,0.131899
2502.0,15.0,1.0
2502.0,16.0,0.512854
2502.0,17.0,0.857387
2502.0,18.0,0.213363
2502.0,19.0,0.0
2502.0,20.0,0.393477
2502.0,21.0,0.789078
2502.0,22.0,0.461289
2502.0,23.0,0.423888
2502.0,24.0,0.306928
2502.0,25.0,0.556634
2502.0,26.0,0.93215
2502.0,27.0,0.905408
2502.0,28.0,0.818214
2502.0,29.0,0.90814
2502.0,30.0,0.735332
2502.0,31.0,0.158967
2502.0,32.0,0.000977
2502.0,33.0,0.504403
2502.0,34.0,0.69125
2502.0,35.0,1.0
2502.0,36.0,0.385913
2502.0,37.0,1.0
2502.0,38.0,0.714284
2502.0,39.0,0.255868
2502.0,40.0,0.257683
2502.0,41.0,0.829488
2502.0,42.0,0.381682
2502.0,43.0,0.256918
2502.0,44.0,0.552056
2502.0,45.0,0.035795
2502.0,46.0,0.354775
2502.0,47.0,0.110459
2502.0,48.0,0.0
2502.0,49.0,0.000427
2502.0,50.0,0.236633
2502.0,51.0,0.529441
2502.0,52.0,0.79371
2502.0,53.0,0.720136
2502.0,54.0,0.592856
2502.0,55.0,0.098881
2502.0,56.0,0.023167
2502.0,57.0,0.354116
2502.0,58.0,0.995091
2502.0,59.0,0.512453
2502.0,60.0,0.720276
2502.0,61.0,0.640666
2502.0,62.0,0.370631
2502.0,63.0,0.556377
2502.0,64.0,0.499125
2502.0,65.0,0.496001
2502.0,66.0,0.691867
2502.0,67.0,0.767833
2502.0,68.0,0.51169
2502.0,69.0,0.000538
2502.0,70.0,0.325057
2502.0,71.0,0.62812
2502.0,72.0,0.393662
2502.0,73.0,0.825712
2502.0,74.0,0.003694
2502.0,75.0,0.944192
2502.0,76.0,0.380939
2502.0,77.0,0.281425
2502.0,78.0,0.485553
2502.0,79.0,0.247134
2502.0,80.0,0.399705
2502.0,81.0,0.695137
2502.0,82.0,0.670873
2502.0,83.0,0.549524
2502.0,84.0,0.487424
2502.0,85.0,0.478303
2502.0,86.0,0.36116
2502.0,87.0,0.497905
2502.0,88.0,0.563348
2502.0,89.0,0.597856
2502.0,90.0,0.551191
2502.0,91.0,0.50459
2502.0,92.0,0.465247
2502.0,93.0,1.0
2502.0,94.0,0.601729
2502.0,95.0,1.0
2502.0,96.0,0.617394
2502.0,97.0,0.000696
2502.0,98.0,0.147057
2502.0,99.0,0.43158
2502.0,100.0,0.320707
2502.0,101.0,0.727816
2502.0,102.0,0.947785
2502.0,103.0,0.402838
2502.0,104.0,0.482507
2502.0,105.0,0.154639
2502.0,106.0,0.486939
2502.0,107.0,0.997023
2502.0,108.0,0.016511
2502.0,109.0,0.188781
2502.0,110.0,0.665329
2502.0,111.0,0.395316
2502.0,112.0,0.264564
2502.0,113.0,0.439219
2502.0,114.0,0.271996
2502.0,115.0,0.0
2502.0,116.0,0.961623
2502.0,117.0,0.0
2502.0,118.0,0.457839
2502.0,119.0,0.671704
2502.0,120.0,0.0
2502.0,121.0,0.421471
2502.0,122.0,0.794381
2502.0,123.0,0.560699
2502.0,124.0,0.999657
2502.0,125.0,0.355512
2502.0,126.0,0.330174
2502.0,127.0,0.481339
2502.0,128.0,0.802835
2502.0,129.0,0.617208
2502.0,130.0,0.175036
2502.0,131.0,0.712116
2502.0,132.0,0.433368
2502.0,133.0,0.4795
2502.0,134.0,0.261846
2502.0,135.0,0.002794
2502.0,136.0,0.848606
2502.0,137.0,0.441841
2502.0,138.0,0.613717
2502.0,139.0,0.0
2502.0,140.0,0.709679
2502.0,141.0,0.948543
2502.0,142.0,0.625835
2502.0,143.0,0.442715
2502.0,144.0,0.466141
2502.0,145.0,0.852444
2502.0,146.0,0.38796
2502.0,147.0,0.503459
2502.0,148.0,0.455927
2502.0,149.0,0.031924
2502.0,150.0,0.998581
2502.0,151.0,0.684381
2502.0,152.0,0.574984
2502.0,153.0,0.907163
2502.0,154.0,0.309366
2502.0,155.0,0.015821
2502.0,156.0,0.474767
2502.0,157.0,0.674211
2502.0,158.0,0.666059
2502.0,159.0,0.819364
2502.0,160.0,0.647834
2502.0,161.0,0.999801
2502.0,162.0,0.00956
2502.0,163.0,0.996254
2502.0,164.0,0.278963
2502.0,165.0,0.067024
2502.0,166.0,0.463575
2502.0,167.0,0.468161
2502.0,168.0,0.270223
2502.0,169.0,0.616496
2502.0,170.0,0.657617
2502.0,171.0,0.489756
2502.0,172.0,0.250209
2502.0,173.0,0.120835
2502.0,174.0,0.911757
2502.0,175.0,0.636225
2502.0,176.0,0.683836
2502.0,177.0,0.371596
2502.0,178.0,0.457517
2502.0,179.0,0.858656
2502.0,180.0,1.0
2502.0,181.0,0.26899
2502.0,182.0,0.44699
2502.0,183.0,0.426148
2502.0,184.0,0.763679
2502.0,185.0,0.318617
2502.0,186.0,0.257354
2502.0,187.0,0.234054
2502.0,188.0,0.032226
2502.0,189.0,1.0
2502.0,190.0,0.574046
2502.0,191.0,0.927754
2502.0,192.0,0.101571
2502.0,193.0,0.515492
2502.0,194.0,0.164348
2502.0,195.0,1.0
2502.0,196.0,0.003221
2502.0,197.0,1.0
2502.0,198.0,0.608426
2502.0,199.0,0.556733
2502.0,200.0,0.000677
2502.0,201.0,0.180834
2502.0,202.0,0.485892
2502.0,203.0,0.416187
2502.0,204.0,0.803637
2502.0,205.0,0.357584
2502.0,206.0,0.803795
2502.0,207.0,0.16611
2502.0,208.0,0.4837
2502.0,209.0,0.997789
2502.0,210.0,0.255876
2502.0,211.0,0.993616
2502.0,212.0,0.978829
2502.0,213.0,0.067998
2502.0,214.0,0.194239
2502.0,215.0,0.260598
2502.0,216.0,0.000922
2502.0,217.0,0.714076
2502.0,218.0,0.540193
2502.0,219.0,0.000116
2502.0,220.0,0.258652
2502.0,221.0,0.413408
2502.0,222.0,0.573899
2502.0,223.0,0.946919
2502.0,224.0,0.34789
2502.0,225.0,0.512186
2502.0,226.0,0.088067
2502.0,227.0,0.57652
2502.0,228.0,0.651536
2502.0,229.0,0.877042
2502.0,230.0,0.192337
2502.0,231.0,0.0
2502.0,232.0,0.694241
2502.0,233.0,0.30169
2502.0,234.0,0.262242
2502.0,235.0,0.764288
2502.0,236.0,1.0
2502.0,237.0,0.648233
2502.0,238.0,0.222194
2502.0,239.0,0.213909
2502.0,240.0,0.000269
2502.0,241.0,0.371592
2502.0,242.0,0.1848
2502.0,243.0,0.982313
2502.0,244.0,0.324616
2502.0,245.0,0.461243
2502.0,246.0,0.597558
2502.0,247.0,0.102372
2502.0,248.0,0.337284
2502.0,249.0,0.213967
2502.0,250.0,0.678831
2502.0,251.0,0.49111
2502.0,252.0,0.012615
2502.0,253.0,0.589282
2502.0,254.0,0.671352
2502.0,255.0,0.40327
2502.0,256.0,0.993783
2502.0,257.0,0.630864
2502.0,258.0,0.552272
2502.0,259.0,0.765592
2502.0,260.0,0.025047
2502.0,261.0,0.524383
2502.0,262.0,0.302393
2502.0,263.0,0.141716
2502.0,264.0,0.06737
2502.0,265.0,0.973066
2502.0,266.0,0.53195
2502.0,267.0,0.273751
2502.0,268.0,0.064514
2502.0,269.0,0.544152
2502.0,270.0,0.170459
2502.0,271.0,0.300026
2502.0,272.0,0.47627
2502.0,273.0,0.000104
2502.0,274.0,0.725474
2502.0,275.0,0.936602
2502.0,276.0,0.575402
2502.0,277.0,0.444617
2502.0,278.0,0.391223
2502.0,279.0,0.931389
2502.0,280.0,0.400083
2502.0,281.0,0.433416
2502.0,282.0,0.103436
2502.0,283.0,0.0
2502.0,284.0,0.319746
2502.0,285.0,0.075837
2502.0,286.0,0.415313
2502.0,287.0,0.315512
2502.0,288.0,0.036539
2502.0,289.0,0.220041
2502.0,290.0,0.0
2502.0,291.0,0.987244
2502.0,292.0,0.567555
2502.0,293.0,0.718603
2502.0,294.0,0.626723
2502.0,295.0,0.036215
2502.0,296.0,0.732644
2502.0,297.0,0.12139
2502.0,298.0,1.0
2502.0,299.0,0.452146
2502.0,300.0,1.0
2502.0,301.0,0.893723
2502.0,302.0,0.699027
2502.0,303.0,0.464777
2502.0,304.0,0.58861
2502.0,305.0,0.683999
2502.0,306.0,0.570148
2502.0,307.0,0.562504
2502.0,308.0,0.778923
2502.0,309.0,0.405103
2502.0,310.0,0.549859
2502.0,311.0,0.598656
2502.0,312.0,0.552795
2502.0,313.0,0.780197
2502.0,314.0,0.446101
2502.0,315.0,0.004551
2502.0,316.0,0.322356
2502.0,317.0,0.548624
2502.0,318.0,0.454438
2502.0,319.0,0.801511
2502.0,320.0,0.219362
2502.0,321.0,0.614576
2502.0,322.0,0.485952
2502.0,323.0,0.012616
2502.0,324.0,0.611679
2502.0,325.0,0.537097
2502.0,326.0,0.651244
2502.0,327.0,0.526139
2502.0,328.0,0.484568
2502.0,329.0,0.636419
2502.0,330.0,0.539181
2502.0,331.0,0.423882
2502.0,332.0,0.22909
2502.0,333.0,0.276945
2502.0,334.0,0.227615
2503.0,0.0,0.412461
2503.0,1.0,0.013991
2503.0,2.0,0.648876
2503.0,3.0,0.556851
2503.0,4.0,0.030163
2503.0,5.0,0.626786
2503.0,6.0,0.753309
2503.0,7.0,0.755112
2503.0,8.0,0.518095
2503.0,9.0,0.409706
2503.0,10.0,0.314916
2503.0,11.0,0.044639
2503.0,12.0,0.83094
2503.0,13.0,0.385621
2503.0,14.0,0.131474
2503.0,15.0,1.0
2503.0,16.0,0.517452
2503.0,17.0,0.857979
2503.0,18.0,0.219183
2503.0,19.0,0.0
2503.0,20.0,0.394437
2503.0,21.0,0.78948
2503.0,22.0,0.464045
2503.0,23.0,0.430476
2503.0,24.0,0.309182
2503.0,25.0,0.56225
2503.0,26.0,0.932081
2503.0,27.0,0.906186
2503.0,28.0,0.819786
2503.0,29.0,0.909394
2503.0,30.0,0.738018
2503.0,31.0,0.161289
2503.0,32.0,0.000969
2503.0,33.0,0.505528
2503.0,34.0,0.692425
2503.0,35.0,1.0
2503.0,36.0,0.388884
2503.0,37.0,1.0
2503.0,38.0,0.720992
2503.0,39.0,0.259452
2503.0,40.0,0.260903
2503.0,41.0,0.83108
2503.0,42.0,0.383268
2503.0,43.0,0.259609
2503.0,44.0,0.557719
2503.0,45.0,0.03563
2503.0,46.0,0.355362
2503.0,47.0,0.116784
2503.0,48.0,0.0
2503.0,49.0,0.000426
2503.0,50.0,0.236866
2503.0,51.0,0.530752
2503.0,52.0,0.79521
2503.0,53.0,0.724027
2503.0,54.0,0.59721
2503.0,55.0,0.099668
2503.0,56.0,0.023568
2503.0,57.0,0.353699
2503.0,58.0,0.995134
2503.0,59.0,0.512891
2503.0,60.0,0.724167
2503.0,61.0,0.644439
2503.0,62.0,0.375993
2503.0,63.0,0.557983
2503.0,64.0,0.500341
2503.0,65.0,0.498281
2503.0,66.0,0.692958
2503.0,67.0,0.769955
2503.0,68.0,0.516868
2503.0,69.0,0.000512
2503.0,70.0,0.339208
2503.0,71.0,0.630713
2503.0,72.0,0.394792
2503.0,73.0,0.829486
2503.0,74.0,0.003734
2503.0,75.0,0.944559
2503.0,76.0,0.385634
2503.0,77.0,0.284049
2503.0,78.0,0.505233
2503.0,79.0,0.250952
2503.0,80.0,0.406448
2503.0,81.0,0.705687
2503.0,82.0,0.672987
2503.0,83.0,0.552438
2503.0,84.0,0.489825
2503.0,85.0,0.496487
2503.0,86.0,0.362707
2503.0,87.0,0.498929
2503.0,88.0,0.568547
2503.0,89.0,0.597996
2503.0,90.0,0.556633
2503.0,91.0,0.508048
2503.0,92.0,0.466489
2503.0,93.0,1.0
2503.0,94.0,0.603951
2503.0,95.0,1.0
2503.0,96.0,0.621203
2503.0,97.0,0.000738
2503.0,98.0,0.148738
2503.0,99.0,0.436025
2503.0,100.0,0.321627
2503.0,101.0,0.731988
2503.0,102.0,0.948207
2503.0,103.0,0.403949
2503.0,104.0,0.483603
2503.0,105.0,0.154182
2503.0,106.0,0.490136
2503.0,107.0,0.997031
2503.0,108.0,0.016688
2503.0,109.0,0.189203
2503.0,110.0,0.675902
2503.0,111.0,0.399289
2503.0,112.0,0.265272
2503.0,113.0,0.440517
2503.0,114.0,0.275474
2503.0,115.0,0.0
2503.0,116.0,0.961609
2503.0,117.0,0.0
2503.0,118.0,0.459275
2503.0,119.0,0.679247
2503.0,120.0,0.0
2503.0,121.0,0.423448
2503.0,122.0,0.796323
2503.0,123.0,0.562968
2503.0,124.0,0.999635
2503.0,125.0,0.358001
2503.0,126.0,0.331766
2503.0,127.0,0.483716
2503.0,128.0,0.803647
2503.0,129.0,0.620528
2503.0,130.0,0.183026
2503.0,131.0,0.716988
2503.0,132.0,0.437052
2503.0,133.0,0.480541
2503.0,134.0,0.263607
2503.0,135.0,0.002786
2503.0,136.0,0.849314
2503.0,137.0,0.451082
2503.0,138.0,0.617113
2503.0,139.0,0.0
2503.0,140.0,0.71104
2503.0,141.0,0.94912
2503.0,142.0,0.626783
2503.0,143.0,0.458163
2503.0,144.0,0.485076
2503.0,145.0,0.857467
2503.0,146.0,0.389479
2503.0,147.0,0.505507
2503.0,148.0,0.459249
2503.0,149.0,0.032163
2503.0,150.0,0.99862
2503.0,151.0,0.708549
2503.0,152.0,0.576847
2503.0,153.0,0.910347
2503.0,154.0,0.321939
2503.0,155.0,0.015877
2503.0,156.0,0.476932
2503.0,157.0,0.674362
2503.0,158.0,0.670045
2503.0,159.0,0.822205
2503.0,160.0,0.650092
2503.0,161.0,0.99983
2503.0,162.0,0.00976
2503.0,163.0,0.996244
2503.0,164.0,0.282179
2503.0,165.0,0.067186
2503.0,166.0,0.464305
2503.0,167.0,0.470989
2503.0,168.0,0.273626
2503.0,169.0,0.618854
2503.0,170.0,0.659358
2503.0,171.0,0.49173
2503.0,172.0,0.254531
2503.0,173.0,0.123541
2503.0,174.0,0.912305
2503.0,175.0,0.643505
2503.0,176.0,0.685455
2503.0,177.0,0.380919
2503.0,178.0,0.459849
2503.0,179.0,0.859533
2503.0,180.0,1.0
2503.0,181.0,0.269539
2503.0,182.0,0.450008
2503.0,183.0,0.427107
2503.0,184.0,0.770629
2503.0,185.0,0.318784
2503.0,186.0,0.26446
2503.0,187.0,0.242828
2503.0,188.0,0.03259
2503.0,189.0,1.0
2503.0,190.0,0.578274
2503.0,191.0,0.928883
2503.0,192.0,0.108107
2503.0,193.0,0.521137
2503.0,194.0,0.167135
2503.0,195.0,1.0
2503.0,196.0,0.003127
2503.0,197.0,1.0
2503.0,198.0,0.613754
2503.0,199.0,0.559543
2503.0,200.0,0.000737
2503.0,201.0,0.188339
2503.0,202.0,0.501703
2503.0,203.0,0.418245
2503.0,204.0,0.809615
2503.0,205.0,0.366082
2503.0,206.0,0.804407
2503.0,207.0,0.171403
2503.0,208.0,0.48495
2503.0,209.0,0.997907
2503.0,210.0,0.265019
2503.0,211.0,0.993762
2503.0,212.0,0.97934
2503.0,213.0,0.069382
2503.0,214.0,0.195367
2503.0,215.0,0.26546
2503.0,216.0,0.000915
2503.0,217.0,0.715235
2503.0,218.0,0.539711
2503.0,219.0,0.000137
2503.0,220.0,0.260242
2503.0,221.0,0.415487
2503.0,222.0,0.595021
2503.0,223.0,0.949232
2503.0,224.0,0.349095
2503.0,225.0,0.516278
2503.0,226.0,0.088724
2503.0,227.0,0.578835
2503.0,228.0,0.653493
2503.0,229.0,0.881067
2503.0,230.0,0.193876
2503.0,231.0,0.0
2503.0,232.0,0.696996
2503.0,233.0,0.302815
2503.0,234.0,0.262163
2503.0,235.0,0.765922
2503.0,236.0,1.0
2503.0,237.0,0.65216
2503.0,238.0,0.232483
2503.0,239.0,0.216219
2503.0,240.0,0.000262
2503.0,241.0,0.377264
2503.0,242.0,0.190511
2503.0,243.0,0.982415
2503.0,244.0,0.326391
2503.0,245.0,0.486395
2503.0,246.0,0.598281
2503.0,247.0,0.102081
2503.0,248.0,0.342107
2503.0,249.0,0.218806
2503.0,250.0,0.68216
2503.0,251.0,0.499184
2503.0,252.0,0.012857
2503.0,253.0,0.589697
2503.0,254.0,0.674347
2503.0,255.0,0.40795
2503.0,256.0,0.993914
2503.0,257.0,0.633007
2503.0,258.0,0.564918
2503.0,259.0,0.766238
2503.0,260.0,0.025055
2503.0,261.0,0.525864
2503.0,262.0,0.306711
2503.0,263.0,0.145574
2503.0,264.0,0.067422
2503.0,265.0,0.973338
2503.0,266.0,0.532287
2503.0,267.0,0.275429
2503.0,268.0,0.064754
2503.0,269.0,0.544703
2503.0,270.0,0.172961
2503.0,271.0,0.304577
2503.0,272.0,0.478599
2503.0,273.0,0.00011
2503.0,274.0,0.7275
2503.0,275.0,0.942419
2503.0,276.0,0.582738
2503.0,277.0,0.446331
2503.0,278.0,0.392846
2503.0,279.0,0.932049
2503.0,280.0,0.411324
2503.0,281.0,0.435696
2503.0,282.0,0.104665
2503.0,283.0,0.0
2503.0,284.0,0.324939
2503.0,285.0,0.076573
2503.0,286.0,0.420896
2503.0,287.0,0.316073
2503.0,288.0,0.036585
2503.0,289.0,0.223124
2503.0,290.0,0.0
2503.0,291.0,0.987363
2503.0,292.0,0.582274
2503.0,293.0,0.720511
2503.0,294.0,0.628988
2503.0,295.0,0.03647
2503.0,296.0,0.751398
2503.0,297.0,0.122336
2503.0,298.0,1.0
2503.0,299.0,0.457734
2503.0,300.0,1.0
2503.0,301.0,0.895021
2503.0,302.0,0.706355
2503.0,303.0,0.473252
2503.0,304.0,0.609916
2503.0,305.0,0.688199
2503.0,306.0,0.571165
2503.0,307.0,0.571247
2503.0,308.0,0.780055
2503.0,309.0,0.429499
2503.0,310.0,0.553294
2503.0,311.0,0.605722
2503.0,312.0,0.55446
2503.0,313.0,0.781188
2503.0,314.0,0.447149
2503.0,315.0,0.004656
2503.0,316.0,0.326236
2503.0,317.0,0.548784
2503.0,318.0,0.465726
2503.0,319.0,0.802915
2503.0,320.0,0.2196
2503.0,321.0,0.617687
2503.0,322.0,0.50543
2503.0,323.0,0.013261
2503.0,324.0,0.622254
2503.0,325.0,0.539274
2503.0,326.0,0.651599
2503.0,327.0,0.52827
2503.0,328.0,0.486489
2503.0,329.0,0.636524
2503.0,330.0,0.545627
2503.0,331.0,0.425442
2503.0,332.0,0.230918
2503.0,333.0,0.281921
2503.0,334.0,0.229067
2504.0,0.0,0.414545
2504.0,1.0,0.014036
2504.0,2.0,0.652235
2504.0,3.0,0.567144
2504.0,4.0,0.030496
2504.0,5.0,0.626206
2504.0,6.0,0.754278
2504.0,7.0,0.756146
2504.0,8.0,0.524683
2504.0,9.0,0.41059
2504.0,10.0,0.316112
2504.0,11.0,0.047029
2504.0,12.0,0.836648
2504.0,13.0,0.387138
2504.0,14.0,0.13215
2504.0,15.0,1.0
2504.0,16.0,0.522088
2504.0,17.0,0.858379
2504.0,18.0,0.224697
2504.0,19.0,0.0
2504.0,20.0,0.395491
2504.0,21.0,0.790544
2504.0,22.0,0.467458
2504.0,23.0,0.437068
2504.0,24.0,0.311878
2504.0,25.0,0.566395
2504.0,26.0,0.932155
2504.0,27.0,0.908003
2504.0,28.0,0.821214
2504.0,29.0,0.910448
2504.0,30.0,0.740286
2504.0,31.0,0.163555
2504.0,32.0,0.000984
2504.0,33.0,0.507607
2504.0,34.0,0.692735
2504.0,35.0,1.0
2504.0,36.0,0.392096
2504.0,37.0,1.0
2504.0,38.0,0.72856
2504.0,39.0,0.263122
2504.0,40.0,0.262608
2504.0,41.0,0.83191
2504.0,42.0,0.385522
2504.0,43.0,0.263408
2504.0,44.0,0.562441
2504.0,45.0,0.035945
2504.0,46.0,0.355198
2504.0,47.0,0.123237
2504.0,48.0,0.0
2504.0,49.0,0.000454
2504.0,50.0,0.236967
2504.0,51.0,0.532217
2504.0,52.0,0.796783
2504.0,53.0,0.72723
2504.0,54.0,0.6013
2504.0,55.0,0.099862
2504.0,56.0,0.023926
2504.0,57.0,0.354156
2504.0,58.0,0.995289
2504.0,59.0,0.513386
2504.0,60.0,0.727097
2504.0,61.0,0.648438
2504.0,62.0,0.38046
2504.0,63.0,0.559581
2504.0,64.0,0.502772
2504.0,65.0,0.500324
2504.0,66.0,0.693497
2504.0,67.0,0.771977
2504.0,68.0,0.521386
2504.0,69.0,0.000538
2504.0,70.0,0.35283
2504.0,71.0,0.634299
2504.0,72.0,0.396583
2504.0,73.0,0.833572
2504.0,74.0,0.003735
2504.0,75.0,0.944858
2504.0,76.0,0.39025
2504.0,77.0,0.287596
2504.0,78.0,0.524677
2504.0,79.0,0.253293
2504.0,80.0,0.412442
2504.0,81.0,0.715632
2504.0,82.0,0.676133
2504.0,83.0,0.555767
2504.0,84.0,0.493193
2504.0,85.0,0.513641
2504.0,86.0,0.364564
2504.0,87.0,0.500911
2504.0,88.0,0.574321
2504.0,89.0,0.598585
2504.0,90.0,0.561686
2504.0,91.0,0.511178
2504.0,92.0,0.468606
2504.0,93.0,1.0
2504.0,94.0,0.6072
2504.0,95.0,1.0
2504.0,96.0,0.623795
2504.0,97.0,0.000749
2504.0,98.0,0.150457
2504.0,99.0,0.439739
2504.0,100.0,0.322518
2504.0,101.0,0.735338
2504.0,102.0,0.94871
2504.0,103.0,0.405278
2504.0,104.0,0.485708
2504.0,105.0,0.154079
2504.0,106.0,0.493873
2504.0,107.0,0.997147
2504.0,108.0,0.016986
2504.0,109.0,0.190436
2504.0,110.0,0.685294
2504.0,111.0,0.402394
2504.0,112.0,0.266534
2504.0,113.0,0.442002
2504.0,114.0,0.27795
2504.0,115.0,0.0
2504.0,116.0,0.961743
2504.0,117.0,0.0
2504.0,118.0,0.461094
2504.0,119.0,0.686459
2504.0,120.0,0.0
2504.0,121.0,0.424107
2504.0,122.0,0.798351
2504.0,123.0,0.565822
2504.0,124.0,0.999654
2504.0,125.0,0.360018
2504.0,126.0,0.334143
2504.0,127.0,0.487933
2504.0,128.0,0.80539
2504.0,129.0,0.622252
2504.0,130.0,0.191357
2504.0,131.0,0.721096
2504.0,132.0,0.440533
2504.0,133.0,0.480352
2504.0,134.0,0.265662
2504.0,135.0,0.002804
2504.0,136.0,0.850623
2504.0,137.0,0.460941
2504.0,138.0,0.620873
2504.0,139.0,0.0
2504.0,140.0,0.713304
2504.0,141.0,0.949189
2504.0,142.0,0.626904
2504.0,143.0,0.472591
2504.0,144.0,0.504569
2504.0,145.0,0.861605
2504.0,146.0,0.390121
2504.0,147.0,0.507178
2504.0,148.0,0.462334
2504.0,149.0,0.032476
2504.0,150.0,0.998693
2504.0,151.0,0.730991
2504.0,152.0,0.579547
2504.0,153.0,0.913433
2504.0,154.0,0.333678
2504.0,155.0,0.015965
2504.0,156.0,0.478333
2504.0,157.0,0.674285
2504.0,158.0,0.673781
2504.0,159.0,0.825909
2504.0,160.0,0.653006
2504.0,161.0,0.999828
2504.0,162.0,0.009819
2504.0,163.0,0.996324
2504.0,164.0,0.283408
2504.0,165.0,0.067892
2504.0,166.0,0.465752
2504.0,167.0,0.472148
2504.0,168.0,0.277525
2504.0,169.0,0.620844
2504.0,170.0,0.660733
2504.0,171.0,0.49501
2504.0,172.0,0.258608
2504.0,173.0,0.12591
2504.0,174.0,0.912085
2504.0,175.0,0.651714
2504.0,176.0,0.687726
2504.0,177.0,0.389724
2504.0,178.0,0.462043
2504.0,179.0,0.861457
2504.0,180.0,1.0
2504.0,181.0,0.270103
2504.0,182.0,0.452656
2504.0,183.0,0.428666
2504.0,184.0,0.777366
2504.0,185.0,0.318862
2504.0,186.0,0.272001
2504.0,187.0,0.252036
2504.0,188.0,0.032933
2504.0,189.0,1.0
2504.0,190.0,0.582928
2504.0,191.0,0.930189
2504.0,192.0,0.115261
2504.0,193.0,0.528111
2504.0,194.0,0.170034
2504.0,195.0,1.0
2504.0,196.0,0.003054
2504.0,197.0,1.0
2504.0,198.0,0.619793
2504.0,199.0,0.563123
2504.0,200.0,0.000812
2504.0,201.0,0.19642
2504.0,202.0,0.516011
2504.0,203.0,0.41964
2504.0,204.0,0.81573
2504.0,205.0,0.37545
2504.0,206.0,0.80566
2504.0,207.0,0.177083
2504.0,208.0,0.487667
2504.0,209.0,0.997937
2504.0,210.0,0.274442
2504.0,211.0,0.993959
2504.0,212.0,0.979471
2504.0,213.0,0.071185
2504.0,214.0,0.196357
2504.0,215.0,0.270748
2504.0,216.0,0.000907
2504.0,217.0,0.71658
2504.0,218.0,0.53971
2504.0,219.0,0.000161
2504.0,220.0,0.260883
2504.0,221.0,0.417418
2504.0,222.0,0.615319
2504.0,223.0,0.950984
2504.0,224.0,0.350735
2504.0,225.0,0.521285
2504.0,226.0,0.089105
2504.0,227.0,0.581549
2504.0,228.0,0.656263
2504.0,229.0,0.885038
2504.0,230.0,0.195304
2504.0,231.0,0.0
2504.0,232.0,0.69894
2504.0,233.0,0.302699
2504.0,234.0,0.263339
2504.0,235.0,0.766769
2504.0,236.0,1.0
2504.0,237.0,0.656113
2504.0,238.0,0.243455
2504.0,239.0,0.218729
2504.0,240.0,0.000275
2504.0,241.0,0.383785
2504.0,242.0,0.19538
2504.0,243.0,0.982073
2504.0,244.0,0.327644
2504.0,245.0,0.51213
2504.0,246.0,0.599238
2504.0,247.0,0.101731
2504.0,248.0,0.346921
2504.0,249.0,0.223974
2504.0,250.0,0.685498
2504.0,251.0,0.507801
2504.0,252.0,0.012951
2504.0,253.0,0.590057
2504.0,254.0,0.677979
2504.0,255.0,0.413334
2504.0,256.0,0.994141
2504.0,257.0,0.63457
2504.0,258.0,0.577697
2504.0,259.0,0.766951
2504.0,260.0,0.025378
2504.0,261.0,0.526472
2504.0,262.0,0.309955
2504.0,263.0,0.148675
2504.0,264.0,0.068232
2504.0,265.0,0.973731
2504.0,266.0,0.533368
2504.0,267.0,0.276667
2504.0,268.0,0.064791
2504.0,269.0,0.54529
2504.0,270.0,0.175808
2504.0,271.0,0.30876
2504.0,272.0,0.480844
2504.0,273.0,0.00011
2504.0,274.0,0.729107
2504.0,275.0,0.947534
2504.0,276.0,0.589333
2504.0,277.0,0.447547
2504.0,278.0,0.39468
2504.0,279.0,0.933056
2504.0,280.0,0.422863
2504.0,281.0,0.437726
2504.0,282.0,0.10613
2504.0,283.0,0.0
2504.0,284.0,0.331273
2504.0,285.0,0.076416
2504.0,286.0,0.427231
2504.0,287.0,0.316131
2504.0,288.0,0.036555
2504.0,289.0,0.225876
2504.0,290.0,0.0
2504.0,291.0,0.98755
2504.0,292.0,0.597006
2504.0,293.0,0.721679
2504.0,294.0,0.631316
2504.0,295.0,0.036497
2504.0,296.0,0.769976
2504.0,297.0,0.123357
2504.0,298.0,1.0
2504.0,299.0,0.463162
2504.0,300.0,1.0
2504.0,301.0,0.896135
2504.0,302.0,0.713678
2504.0,303.0,0.480725
2504.0,304.0,0.629352
2504.0,305.0,0.691224
2504.0,306.0,0.572182
2504.0,307.0,0.580401
2504.0,308.0,0.781264
2504.0,309.0,0.453905
2504.0,310.0,0.556368
2504.0,311.0,0.612562
2504.0,312.0,0.558104
2504.0,313.0,0.782926
2504.0,314.0,0.448528
2504.0,315.0,0.004822
2504.0,316.0,0.330356
2504.0,317.0,0.549974
2504.0,318.0,0.476005
2504.0,319.0,0.80314
2504.0,320.0,0.220293
2504.0,321.0,0.620544
2504.0,322.0,0.524887
2504.0,323.0,0.013835
2504.0,324.0,0.633204
2504.0,325.0,0.542474
2504.0,326.0,0.652308
2504.0,327.0,0.530131
2504.0,328.0,0.488545
2504.0,329.0,0.63708
2504.0,330.0,0.549955
2504.0,331.0,0.426574
2504.0,332.0,0.232385
2504.0,333.0,0.285464
2504.0,334.0,0.230163
2505.0,0.0,0.415537
2505.0,1.0,0.014153
2505.0,2.0,0.655864
2505.0,3.0,0.576748
2505.0,4.0,0.030787
2505.0,5.0,0.625798
2505.0,6.0,0.755635
2505.0,7.0,0.757039
2505.0,8.0,0.531526
2505.0,9.0,0.412154
2505.0,10.0,0.317391
2505.0,11.0,0.049249
2505.0,12.0,0.842765
2505.0,13.0,0.390577
2505.0,14.0,0.132267
2505.0,15.0,1.0
2505.0,16.0,0.526246
2505.0,17.0,0.859216
2505.0,18.0,0.23014
2505.0,19.0,0.0
2505.0,20.0,0.395293
2505.0,21.0,0.79161
2505.0,22.0,0.470996
2505.0,23.0,0.443925
2505.0,24.0,0.313992
2505.0,25.0,0.570959
2505.0,26.0,0.933153
2505.0,27.0,0.909174
2505.0,28.0,0.821806
2505.0,29.0,0.911077
2505.0,30.0,0.742587
2505.0,31.0,0.166015
2505.0,32.0,0.00095
2505.0,33.0,0.508647
2505.0,34.0,0.693415
2505.0,35.0,1.0
2505.0,36.0,0.394833
2505.0,37.0,1.0
2505.0,38.0,0.736597
2505.0,39.0,0.266741
2505.0,40.0,0.264181
2505.0,41.0,0.833425
2505.0,42.0,0.386583
2505.0,43.0,0.26552
2505.0,44.0,0.567923
2505.0,45.0,0.036346
2505.0,46.0,0.355822
2505.0,47.0,0.129972
2505.0,48.0,0.0
2505.0,49.0,0.000425
2505.0,50.0,0.236694
2505.0,51.0,0.534775
2505.0,52.0,0.797805
2505.0,53.0,0.731586
2505.0,54.0,0.604672
2505.0,55.0,0.100525
2505.0,56.0,0.024092
2505.0,57.0,0.354799
2505.0,58.0,0.995412
2505.0,59.0,0.514087
2505.0,60.0,0.73066
2505.0,61.0,0.652817
2505.0,62.0,0.384842
2505.0,63.0,0.562106
2505.0,64.0,0.50423
2505.0,65.0,0.502828
2505.0,66.0,0.694659
2505.0,67.0,0.773601
2505.0,68.0,0.526414
2505.0,69.0,0.000524
2505.0,70.0,0.365399
2505.0,71.0,0.638008
2505.0,72.0,0.398796
2505.0,73.0,0.837128
2505.0,74.0,0.003825
2505.0,75.0,0.945389
2505.0,76.0,0.395878
2505.0,77.0,0.290617
2505.0,78.0,0.544612
2505.0,79.0,0.25566
2505.0,80.0,0.417642
2505.0,81.0,0.724756
2505.0,82.0,0.678116
2505.0,83.0,0.559574
2505.0,84.0,0.496717
2505.0,85.0,0.531238
2505.0,86.0,0.366344
2505.0,87.0,0.503061
2505.0,88.0,0.580513
2505.0,89.0,0.598774
2505.0,90.0,0.566518
2505.0,91.0,0.513734
2505.0,92.0,0.470556
2505.0,93.0,1.0
2505.0,94.0,0.609284
2505.0,95.0,1.0
2505.0,96.0,0.628078
2505.0,97.0,0.000713
2505.0,98.0,0.151806
2505.0,99.0,0.44332
2505.0,100.0,0.323294
2505.0,101.0,0.739241
2505.0,102.0,0.949061
2505.0,103.0,0.405953
2505.0,104.0,0.488287
2505.0,105.0,0.153489
2505.0,106.0,0.495905
2505.0,107.0,0.997242
2505.0,108.0,0.017201
2505.0,109.0,0.190716
2505.0,110.0,0.694733
2505.0,111.0,0.40593
2505.0,112.0,0.26896
2505.0,113.0,0.443979
2505.0,114.0,0.281211
2505.0,115.0,0.0
2505.0,116.0,0.962209
2505.0,117.0,0.0
2505.0,118.0,0.462687
2505.0,119.0,0.693416
2505.0,120.0,0.0
2505.0,121.0,0.424355
2505.0,122.0,0.800008
2505.0,123.0,0.56785
2505.0,124.0,0.99966
2505.0,125.0,0.361815
2505.0,126.0,0.33558
2505.0,127.0,0.491668
2505.0,128.0,0.806415
2505.0,129.0,0.624317
2505.0,130.0,0.19941
2505.0,131.0,0.724106
2505.0,132.0,0.444748
2505.0,133.0,0.481671
2505.0,134.0,0.267192
2505.0,135.0,0.0028
2505.0,136.0,0.852064
2505.0,137.0,0.469889
2505.0,138.0,0.623726
2505.0,139.0,0.0
2505.0,140.0,0.715296
2505.0,141.0,0.949193
2505.0,142.0,0.628015
2505.0,143.0,0.487624
2505.0,144.0,0.522861
2505.0,145.0,0.866014
2505.0,146.0,0.39036
2505.0,147.0,0.50932
2505.0,148.0,0.465393
2505.0,149.0,0.032953
2505.0,150.0,0.9987
2505.0,151.0,0.750307
2505.0,152.0,0.581574
2505.0,153.0,0.916647
2505.0,154.0,0.345633
2505.0,155.0,0.016344
2505.0,156.0,0.480392
2505.0,157.0,0.675184
2505.0,158.0,0.678571
2505.0,159.0,0.829292
2505.0,160.0,0.655788
2505.0,161.0,0.999868
2505.0,162.0,0.009864
2505.0,163.0,0.996303
2505.0,164.0,0.285454
2505.0,165.0,0.068589
2505.0,166.0,0.466045
2505.0,167.0,0.473591
2505.0,168.0,0.281215
2505.0,169.0,0.622714
2505.0,170.0,0.662241
2505.0,171.0,0.498084
2505.0,172.0,0.263594
2505.0,173.0,0.128685
2505.0,174.0,0.91242
2505.0,175.0,0.661074
2505.0,176.0,0.69014
2505.0,177.0,0.399217
2505.0,178.0,0.463777
2505.0,179.0,0.863378
2505.0,180.0,1.0
2505.0,181.0,0.270805
2505.0,182.0,0.456613
2505.0,183.0,0.429128
2505.0,184.0,0.784111
2505.0,185.0,0.318701
2505.0,186.0,0.279481
2505.0,187.0,0.261588
2505.0,188.0,0.033205
2505.0,189.0,1.0
2505.0,190.0,0.587133
2505.0,191.0,0.93171
2505.0,192.0,0.122878
2505.0,193.0,0.534571
2505.0,194.0,0.172566
2505.0,195.0,1.0
2505.0,196.0,0.00313
2505.0,197.0,1.0
2505.0,198.0,0.62541
2505.0,199.0,0.566838
2505.0,200.0,0.000865
2505.0,201.0,0.205505
2505.0,202.0,0.530255
2505.0,203.0,0.421698
2505.0,204.0,0.821818
2505.0,205.0,0.383896
2505.0,206.0,0.807048
2505.0,207.0,0.182741
2505.0,208.0,0.488596
2505.0,209.0,0.99804
2505.0,210.0,0.283469
2505.0,211.0,0.994055
2505.0,212.0,0.979922
2505.0,213.0,0.073287
2505.0,214.0,0.196394
2505.0,215.0,0.274815
2505.0,216.0,0.000858
2505.0,217.0,0.71608
2505.0,218.0,0.540692
2505.0,219.0,0.000143
2505.0,220.0,0.262329
2505.0,221.0,0.418461
2505.0,222.0,0.635677
2505.0,223.0,0.952925
2505.0,224.0,0.352836
2505.0,225.0,0.525453
2505.0,226.0,0.089842
2505.0,227.0,0.583384
2505.0,228.0,0.658136
2505.0,229.0,0.888963
2505.0,230.0,0.196597
2505.0,231.0,0.0
2505.0,232.0,0.701651
2505.0,233.0,0.302886
2505.0,234.0,0.26454
2505.0,235.0,0.767766
2505.0,236.0,1.0
2505.0,237.0,0.659776
2505.0,238.0,0.254046
2505.0,239.0,0.221638
2505.0,240.0,0.000266
2505.0,241.0,0.390326
2505.0,242.0,0.200481
2505.0,243.0,0.98215
2505.0,244.0,0.330593
2505.0,245.0,0.537743
2505.0,246.0,0.600114
2505.0,247.0,0.10224
2505.0,248.0,0.35234
2505.0,249.0,0.229213
2505.0,250.0,0.689013
2505.0,251.0,0.51557
2505.0,252.0,0.013173
2505.0,253.0,0.591111
2505.0,254.0,0.68185
2505.0,255.0,0.417151
2505.0,256.0,0.994348
2505.0,257.0,0.637391
2505.0,258.0,0.589945
2505.0,259.0,0.766888
2505.0,260.0,0.025788
2505.0,261.0,0.52714
2505.0,262.0,0.312899
2505.0,263.0,0.152966
2505.0,264.0,0.068785
2505.0,265.0,0.97388
2505.0,266.0,0.534166
2505.0,267.0,0.278478
2505.0,268.0,0.065194
2505.0,269.0,0.545723
2505.0,270.0,0.178412
2505.0,271.0,0.314242
2505.0,272.0,0.48292
2505.0,273.0,0.000111
2505.0,274.0,0.730579
2505.0,275.0,0.952546
2505.0,276.0,0.595445
2505.0,277.0,0.448443
2505.0,278.0,0.396467
2505.0,279.0,0.934103
2505.0,280.0,0.434622
2505.0,281.0,0.440133
2505.0,282.0,0.107934
2505.0,283.0,0.0
2505.0,284.0,0.336456
2505.0,285.0,0.076899
2505.0,286.0,0.434895
2505.0,287.0,0.316827
2505.0,288.0,0.036558
2505.0,289.0,0.229865
2505.0,290.0,0.0
2505.0,291.0,0.987579
2505.0,292.0,0.610625
2505.0,293.0,0.722889
2505.0,294.0,0.633021
2505.0,295.0,0.036504
2505.0,296.0,0.787335
2505.0,297.0,0.12402
2505.0,298.0,1.0
2505.0,299.0,0.468321
2505.0,300.0,1.0
2505.0,301.0,0.897255
2505.0,302.0,0.720082
2505.0,303.0,0.489615
2505.0,304.0,0.649377
2505.0,305.0,0.69443
2505.0,306.0,0.573648
2505.0,307.0,0.589302
2505.0,308.0,0.783465
2505.0,309.0,0.478916
2505.0,310.0,0.55805
2505.0,311.0,0.619391
2505.0,312.0,0.561798
2505.0,313.0,0.784432
2505.0,314.0,0.449762
2505.0,315.0,0.004954
2505.0,316.0,0.33441
2505.0,317.0,0.551789
2505.0,318.0,0.487467
2505.0,319.0,0.803804
2505.0,320.0,0.221223
2505.0,321.0,0.622618
2505.0,322.0,0.542978
2505.0,323.0,0.014289
2505.0,324.0,0.643649
2505.0,325.0,0.545057
2505.0,326.0,0.652711
2505.0,327.0,0.531477
2505.0,328.0,0.489304
2505.0,329.0,0.637649
2505.0,330.0,0.553955
2505.0,331.0,0.42847
2505.0,332.0,0.234047
2505.0,333.0,0.289082
2505.0,334.0,0.231698
2506.0,0.0,0.414386
2506.0,1.0,0.013544
2506.0,2.0,0.651277
2506.0,3.0,0.566274
2506.0,4.0,0.03031
2506.0,5.0,0.626369
2506.0,6.0,0.754034
2506.0,7.0,0.754951
2506.0,8.0,0.524994
2506.0,9.0,0.411347
2506.0,10.0,0.315726
2506.0,11.0,0.046365
2506.0,12.0,0.836493
2506.0,13.0,0.388589
2506.0,14.0,0.131978
2506.0,15.0,1.0
2506.0,16.0,0.52221
2506.0,17.0,0.858679
2506.0,18.0,0.224346
2506.0,19.0,0.0
2506.0,20.0,0.395415
2506.0,21.0,0.790495
2506.0,22.0,0.46672
2506.0,23.0,0.437461
2506.0,24.0,0.312294
2506.0,25.0,0.565713
2506.0,26.0,0.932566
2506.0,27.0,0.908176
2506.0,28.0,0.820908
2506.0,29.0,0.910163
2506.0,30.0,0.740456
2506.0,31.0,0.163309
2506.0,32.0,0.000963
2506.0,33.0,0.506915
2506.0,34.0,0.692689
2506.0,35.0,1.0
2506.0,36.0,0.391759
2506.0,37.0,1.0
2506.0,38.0,0.728905
2506.0,39.0,0.261714
2506.0,40.0,0.261342
2506.0,41.0,0.832367
2506.0,42.0,0.384248
2506.0,43.0,0.26222
2506.0,44.0,0.56297
2506.0,45.0,0.036023
2506.0,46.0,0.355551
2506.0,47.0,0.122827
2506.0,48.0,0.0
2506.0,49.0,0.000375
2506.0,50.0,0.236175
2506.0,51.0,0.533308
2506.0,52.0,0.796928
2506.0,53.0,0.725966
2506.0,54.0,0.600463
2506.0,55.0,0.099851
2506.0,56.0,0.023725
2506.0,57.0,0.354723
2506.0,58.0,0.995264
2506.0,59.0,0.512499
2506.0,60.0,0.727098
2506.0,61.0,0.649569
2506.0,62.0,0.380334
2506.0,63.0,0.560318
2506.0,64.0,0.50294
2506.0,65.0,0.501235
2506.0,66.0,0.69407
2506.0,67.0,0.772415
2506.0,68.0,0.52164
2506.0,69.0,0.000523
2506.0,70.0,0.34926
2506.0,71.0,0.634811
2506.0,72.0,0.39706
2506.0,73.0,0.833053
2506.0,74.0,0.003891
2506.0,75.0,0.945336
2506.0,76.0,0.389837
2506.0,77.0,0.288418
2506.0,78.0,0.521726
2506.0,79.0,0.253574
2506.0,80.0,0.411737
2506.0,81.0,0.714704
2506.0,82.0,0.675567
2506.0,83.0,0.554824
2506.0,84.0,0.493646
2506.0,85.0,0.512882
2506.0,86.0,0.365024
2506.0,87.0,0.500734
2506.0,88.0,0.574956
2506.0,89.0,0.597249
2506.0,90.0,0.561949
2506.0,91.0,0.510011
2506.0,92.0,0.469194
2506.0,93.0,1.0
2506.0,94.0,0.605901
2506.0,95.0,1.0
2506.0,96.0,0.624564
2506.0,97.0,0.000734
2506.0,98.0,0.149972
2506.0,99.0,0.439493
2506.0,100.0,0.323164
2506.0,101.0,0.736207
2506.0,102.0,0.948597
2506.0,103.0,0.405339
2506.0,104.0,0.485856
2506.0,105.0,0.153342
2506.0,106.0,0.492153
2506.0,107.0,0.997156
2506.0,108.0,0.017008
2506.0,109.0,0.18886
2506.0,110.0,0.684657
2506.0,111.0,0.402752
2506.0,112.0,0.267344
2506.0,113.0,0.442337
2506.0,114.0,0.278318
2506.0,115.0,0.0
2506.0,116.0,0.961659
2506.0,117.0,0.0
2506.0,118.0,0.461138
2506.0,119.0,0.686034
2506.0,120.0,0.0
2506.0,121.0,0.422562
2506.0,122.0,0.797748
2506.0,123.0,0.565212
2506.0,124.0,0.999662
2506.0,125.0,0.359459
2506.0,126.0,0.333278
2506.0,127.0,0.488416
2506.0,128.0,0.805296
2506.0,129.0,0.621739
2506.0,130.0,0.191371
2506.0,131.0,0.720789
2506.0,132.0,0.441383
2506.0,133.0,0.480694
2506.0,134.0,0.264953
2506.0,135.0,0.002784
2506.0,136.0,0.850398
2506.0,137.0,0.460338
2506.0,138.0,0.620152
2506.0,139.0,0.0
2506.0,140.0,0.712781
2506.0,141.0,0.949144
2506.0,142.0,0.627377
2506.0,143.0,0.470337
2506.0,144.0,0.501616
2506.0,145.0,0.861862
2506.0,146.0,0.388966
2506.0,147.0,0.506927
2506.0,148.0,0.463064
2506.0,149.0,0.032917
2506.0,150.0,0.998627
2506.0,151.0,0.727978
2506.0,152.0,0.578944
2506.0,153.0,0.9134
2506.0,154.0,0.334316
2506.0,155.0,0.016072
2506.0,156.0,0.479362
2506.0,157.0,0.674354
2506.0,158.0,0.674671
2506.0,159.0,0.82611
2506.0,160.0,0.652533
2506.0,161.0,0.999845
2506.0,162.0,0.009911
2506.0,163.0,0.996267
2506.0,164.0,0.282966
2506.0,165.0,0.068144
2506.0,166.0,0.465526
2506.0,167.0,0.471797
2506.0,168.0,0.277974
2506.0,169.0,0.621505
2506.0,170.0,0.659538
2506.0,171.0,0.494909
2506.0,172.0,0.258168
2506.0,173.0,0.126126
2506.0,174.0,0.911564
2506.0,175.0,0.65226
2506.0,176.0,0.688117
2506.0,177.0,0.390046
2506.0,178.0,0.461809
2506.0,179.0,0.862209
2506.0,180.0,1.0
2506.0,181.0,0.271087
2506.0,182.0,0.453658
2506.0,183.0,0.427995
2506.0,184.0,0.778019
2506.0,185.0,0.318993
2506.0,186.0,0.271996
2506.0,187.0,0.251267
2506.0,188.0,0.032493
2506.0,189.0,1.0
2506.0,190.0,0.582009
2506.0,191.0,0.930103
2506.0,192.0,0.115311
2506.0,193.0,0.527611
2506.0,194.0,0.16954
2506.0,195.0,1.0
2506.0,196.0,0.003165
2506.0,197.0,1.0
2506.0,198.0,0.619907
2506.0,199.0,0.562154
2506.0,200.0,0.000825
2506.0,201.0,0.196539
2506.0,202.0,0.513862
2506.0,203.0,0.420131
2506.0,204.0,0.815655
2506.0,205.0,0.373908
2506.0,206.0,0.806114
2506.0,207.0,0.176492
2506.0,208.0,0.48649
2506.0,209.0,0.997991
2506.0,210.0,0.274144
2506.0,211.0,0.993936
2506.0,212.0,0.97953
2506.0,213.0,0.071294
2506.0,214.0,0.194707
2506.0,215.0,0.270451
2506.0,216.0,0.000854
2506.0,217.0,0.714481
2506.0,218.0,0.541099
2506.0,219.0,0.000128
2506.0,220.0,0.261159
2506.0,221.0,0.416105
2506.0,222.0,0.613015
2506.0,223.0,0.951122
2506.0,224.0,0.350733
2506.0,225.0,0.52038
2506.0,226.0,0.088823
2506.0,227.0,0.580445
2506.0,228.0,0.656333
2506.0,229.0,0.884629
2506.0,230.0,0.194412
2506.0,231.0,0.0
2506.0,232.0,0.698642
2506.0,233.0,0.3023
2506.0,234.0,0.263481
2506.0,235.0,0.766882
2506.0,236.0,1.0
2506.0,237.0,0.654676
2506.0,238.0,0.243367
2506.0,239.0,0.219455
2506.0,240.0,0.000248
2506.0,241.0,0.382443
2506.0,242.0,0.194962
2506.0,243.0,0.982072
2506.0,244.0,0.328955
2506.0,245.0,0.509395
2506.0,246.0,0.600126
2506.0,247.0,0.101922
2506.0,248.0,0.346453
2506.0,249.0,0.22365
2506.0,250.0,0.685729
2506.0,251.0,0.507194
2506.0,252.0,0.012947
2506.0,253.0,0.589549
2506.0,254.0,0.67854
2506.0,255.0,0.412071
2506.0,256.0,0.994208
2506.0,257.0,0.63409
2506.0,258.0,0.577425
2506.0,259.0,0.766077
2506.0,260.0,0.025434
2506.0,261.0,0.525705
2506.0,262.0,0.309469
2506.0,263.0,0.14927
2506.0,264.0,0.067539
2506.0,265.0,0.973651
2506.0,266.0,0.533828
2506.0,267.0,0.276484
2506.0,268.0,0.065429
2506.0,269.0,0.545322
2506.0,270.0,0.175895
2506.0,271.0,0.309839
2506.0,272.0,0.481152
2506.0,273.0,0.000106
2506.0,274.0,0.728749
2506.0,275.0,0.947529
2506.0,276.0,0.589615
2506.0,277.0,0.446488
2506.0,278.0,0.393876
2506.0,279.0,0.932905
2506.0,280.0,0.422384
2506.0,281.0,0.438149
2506.0,282.0,0.105912
2506.0,283.0,0.0
2506.0,284.0,0.331123
2506.0,285.0,0.076161
2506.0,286.0,0.428257
2506.0,287.0,0.317873
2506.0,288.0,0.036237
2506.0,289.0,0.226607
2506.0,290.0,0.0
2506.0,291.0,0.987596
2506.0,292.0,0.594773
2506.0,293.0,0.721466
2506.0,294.0,0.63094
2506.0,295.0,0.036026
2506.0,296.0,0.76887
2506.0,297.0,0.123387
2506.0,298.0,1.0
2506.0,299.0,0.464071
2506.0,300.0,1.0
2506.0,301.0,0.896163
2506.0,302.0,0.712219
2506.0,303.0,0.48094
2506.0,304.0,0.627799
2506.0,305.0,0.690403
2506.0,306.0,0.572494
2506.0,307.0,0.579846
2506.0,308.0,0.781357
2506.0,309.0,0.44987
2506.0,310.0,0.554232
2506.0,311.0,0.612741
2506.0,312.0,0.558526
2506.0,313.0,0.783123
2506.0,314.0,0.448951
2506.0,315.0,0.004875
2506.0,316.0,0.32991
2506.0,317.0,0.550367
2506.0,318.0,0.475049
2506.0,319.0,0.803032
2506.0,320.0,0.21942
2506.0,321.0,0.619614
2506.0,322.0,0.521619
2506.0,323.0,0.013548
2506.0,324.0,0.632634
2506.0,325.0,0.543071
2506.0,326.0,0.651844
2506.0,327.0,0.528561
2506.0,328.0,0.487819
2506.0,329.0,0.636812
2506.0,330.0,0.548623
2506.0,331.0,0.427401
2506.0,332.0,0.233502
2506.0,333.0,0.284968
2506.0,334.0,0.230273
2507.0,0.0,0.412246
2507.0,1.0,0.013332
2507.0,2.0,0.648247
2507.0,3.0,0.555924
2507.0,4.0,0.029953
2507.0,5.0,0.626203
2507.0,6.0,0.752098
2507.0,7.0,0.753534
2507.0,8.0,0.518464
2507.0,9.0,0.410325
2507.0,10.0,0.31389
2507.0,11.0,0.043936
2507.0,12.0,0.830402
2507.0,13.0,0.386591
2507.0,14.0,0.130844
2507.0,15.0,1.0
2507.0,16.0,0.519091
2507.0,17.0,0.858783
2507.0,18.0,0.219377
2507.0,19.0,0.0
2507.0,20.0,0.395755
2507.0,21.0,0.789805
2507.0,22.0,0.462962
2507.0,23.0,0.431446
2507.0,24.0,0.310591
2507.0,25.0,0.561121
2507.0,26.0,0.932303
2507.0,27.0,0.906885
2507.0,28.0,0.819936
2507.0,29.0,0.909073
2507.0,30.0,0.737835
2507.0,31.0,0.15998
2507.0,32.0,0.000876
2507.0,33.0,0.506504
2507.0,34.0,0.692126
2507.0,35.0,1.0
2507.0,36.0,0.388332
2507.0,37.0,1.0
2507.0,38.0,0.721131
2507.0,39.0,0.257246
2507.0,40.0,0.258672
2507.0,41.0,0.831453
2507.0,42.0,0.381772
2507.0,43.0,0.259455
2507.0,44.0,0.557381
2507.0,45.0,0.035781
2507.0,46.0,0.354487
2507.0,47.0,0.116623
2507.0,48.0,0.0
2507.0,49.0,0.000354
2507.0,50.0,0.236036
2507.0,51.0,0.531768
2507.0,52.0,0.796502
2507.0,53.0,0.722101
2507.0,54.0,0.597028
2507.0,55.0,0.099578
2507.0,56.0,0.023708
2507.0,57.0,0.354505
2507.0,58.0,0.995241
2507.0,59.0,0.511273
2507.0,60.0,0.722625
2507.0,61.0,0.646023
2507.0,62.0,0.37529
2507.0,63.0,0.559388
2507.0,64.0,0.501719
2507.0,65.0,0.499715
2507.0,66.0,0.69251
2507.0,67.0,0.770169
2507.0,68.0,0.516056
2507.0,69.0,0.000543
2507.0,70.0,0.335038
2507.0,71.0,0.633029
2507.0,72.0,0.395681
2507.0,73.0,0.82937
2507.0,74.0,0.003866
2507.0,75.0,0.944986
2507.0,76.0,0.383631
2507.0,77.0,0.286214
2507.0,78.0,0.500707
2507.0,79.0,0.251125
2507.0,80.0,0.405932
2507.0,81.0,0.704366
2507.0,82.0,0.673252
2507.0,83.0,0.551691
2507.0,84.0,0.490569
2507.0,85.0,0.494658
2507.0,86.0,0.363524
2507.0,87.0,0.498975
2507.0,88.0,0.569151
2507.0,89.0,0.597241
2507.0,90.0,0.557869
2507.0,91.0,0.507293
2507.0,92.0,0.468105
2507.0,93.0,1.0
2507.0,94.0,0.602227
2507.0,95.0,1.0
2507.0,96.0,0.621134
2507.0,97.0,0.000693
2507.0,98.0,0.148999
2507.0,99.0,0.435134
2507.0,100.0,0.323087
2507.0,101.0,0.733466
2507.0,102.0,0.948293
2507.0,103.0,0.40498
2507.0,104.0,0.48426
2507.0,105.0,0.153633
2507.0,106.0,0.488901
2507.0,107.0,0.99704
2507.0,108.0,0.017094
2507.0,109.0,0.187868
2507.0,110.0,0.675015
2507.0,111.0,0.399369
2507.0,112.0,0.265968
2507.0,113.0,0.441176
2507.0,114.0,0.274668
2507.0,115.0,0.0
2507.0,116.0,0.961632
2507.0,117.0,0.0
2507.0,118.0,0.459721
2507.0,119.0,0.678844
2507.0,120.0,0.0
2507.0,121.0,0.421827
2507.0,122.0,0.795377
2507.0,123.0,0.561743
2507.0,124.0,0.999641
2507.0,125.0,0.357434
2507.0,126.0,0.330462
2507.0,127.0,0.484512
2507.0,128.0,0.804488
2507.0,129.0,0.618698
2507.0,130.0,0.183901
2507.0,131.0,0.717665
2507.0,132.0,0.436509
2507.0,133.0,0.479613
2507.0,134.0,0.263252
2507.0,135.0,0.002768
2507.0,136.0,0.848428
2507.0,137.0,0.45173
2507.0,138.0,0.6162
2507.0,139.0,0.0
2507.0,140.0,0.710571
2507.0,141.0,0.949262
2507.0,142.0,0.626937
2507.0,143.0,0.454965
2507.0,144.0,0.482139
2507.0,145.0,0.857165
2507.0,146.0,0.388735
2507.0,147.0,0.504498
2507.0,148.0,0.459446
2507.0,149.0,0.032775
2507.0,150.0,0.998593
2507.0,151.0,0.704227
2507.0,152.0,0.578063
2507.0,153.0,0.91071
2507.0,154.0,0.322086
2507.0,155.0,0.015927
2507.0,156.0,0.476846
2507.0,157.0,0.674778
2507.0,158.0,0.669345
2507.0,159.0,0.823054
2507.0,160.0,0.649866
2507.0,161.0,0.999838
2507.0,162.0,0.009799
2507.0,163.0,0.996255
2507.0,164.0,0.28101
2507.0,165.0,0.067841
2507.0,166.0,0.464564
2507.0,167.0,0.469659
2507.0,168.0,0.274143
2507.0,169.0,0.62038
2507.0,170.0,0.657045
2507.0,171.0,0.491438
2507.0,172.0,0.253238
2507.0,173.0,0.123648
2507.0,174.0,0.911341
2507.0,175.0,0.643269
2507.0,176.0,0.685917
2507.0,177.0,0.382109
2507.0,178.0,0.459082
2507.0,179.0,0.860073
2507.0,180.0,1.0
2507.0,181.0,0.268785
2507.0,182.0,0.449744
2507.0,183.0,0.427186
2507.0,184.0,0.771798
2507.0,185.0,0.319966
2507.0,186.0,0.264325
2507.0,187.0,0.24181
2507.0,188.0,0.031988
2507.0,189.0,1.0
2507.0,190.0,0.577364
2507.0,191.0,0.929394
2507.0,192.0,0.108131
2507.0,193.0,0.520808
2507.0,194.0,0.167158
2507.0,195.0,1.0
2507.0,196.0,0.003087
2507.0,197.0,1.0
2507.0,198.0,0.613618
2507.0,199.0,0.557992
2507.0,200.0,0.0008
2507.0,201.0,0.188269
2507.0,202.0,0.49736
2507.0,203.0,0.418754
2507.0,204.0,0.809323
2507.0,205.0,0.364364
2507.0,206.0,0.804397
2507.0,207.0,0.170988
2507.0,208.0,0.484712
2507.0,209.0,0.997955
2507.0,210.0,0.265241
2507.0,211.0,0.993907
2507.0,212.0,0.979274
2507.0,213.0,0.069554
2507.0,214.0,0.194149
2507.0,215.0,0.265345
2507.0,216.0,0.000865
2507.0,217.0,0.713929
2507.0,218.0,0.541162
2507.0,219.0,0.000113
2507.0,220.0,0.260266
2507.0,221.0,0.413575
2507.0,222.0,0.590814
2507.0,223.0,0.949352
2507.0,224.0,0.349066
2507.0,225.0,0.516118
2507.0,226.0,0.088325
2507.0,227.0,0.57805
2507.0,228.0,0.655138
2507.0,229.0,0.881201
2507.0,230.0,0.192525
2507.0,231.0,0.0
2507.0,232.0,0.696023
2507.0,233.0,0.301986
2507.0,234.0,0.263644
2507.0,235.0,0.766072
2507.0,236.0,1.0
2507.0,237.0,0.650835
2507.0,238.0,0.232702
2507.0,239.0,0.217323
2507.0,240.0,0.000282
2507.0,241.0,0.375376
2507.0,242.0,0.189397
2507.0,243.0,0.98206
2507.0,244.0,0.32752
2507.0,245.0,0.481719
2507.0,246.0,0.599938
2507.0,247.0,0.101565
2507.0,248.0,0.340139
2507.0,249.0,0.217713
2507.0,250.0,0.682437
2507.0,251.0,0.499544
2507.0,252.0,0.012585
2507.0,253.0,0.588765
2507.0,254.0,0.675257
2507.0,255.0,0.407126
2507.0,256.0,0.993985
2507.0,257.0,0.630886
2507.0,258.0,0.564846
2507.0,259.0,0.765516
2507.0,260.0,0.024979
2507.0,261.0,0.524199
2507.0,262.0,0.305609
2507.0,263.0,0.145878
2507.0,264.0,0.066928
2507.0,265.0,0.973444
2507.0,266.0,0.533446
2507.0,267.0,0.275111
2507.0,268.0,0.065295
2507.0,269.0,0.543569
2507.0,270.0,0.174142
2507.0,271.0,0.304942
2507.0,272.0,0.479077
2507.0,273.0,0.000112
2507.0,274.0,0.727424
2507.0,275.0,0.942079
2507.0,276.0,0.582468
2507.0,277.0,0.443712
2507.0,278.0,0.39248
2507.0,279.0,0.931927
2507.0,280.0,0.410015
2507.0,281.0,0.435683
2507.0,282.0,0.10428
2507.0,283.0,0.0
2507.0,284.0,0.324913
2507.0,285.0,0.07536
2507.0,286.0,0.422222
2507.0,287.0,0.318463
2507.0,288.0,0.035991
2507.0,289.0,0.22372
2507.0,290.0,0.0
2507.0,291.0,0.987523
2507.0,292.0,0.579538
2507.0,293.0,0.71985
2507.0,294.0,0.62909
2507.0,295.0,0.035731
2507.0,296.0,0.750071
2507.0,297.0,0.122971
2507.0,298.0,1.0
2507.0,299.0,0.459502
2507.0,300.0,1.0
2507.0,301.0,0.895398
2507.0,302.0,0.704029
2507.0,303.0,0.472668
2507.0,304.0,0.606029
2507.0,305.0,0.687725
2507.0,306.0,0.571084
2507.0,307.0,0.570929
2507.0,308.0,0.778975
2507.0,309.0,0.423106
2507.0,310.0,0.550369
2507.0,311.0,0.605775
2507.0,312.0,0.5564
2507.0,313.0,0.781319
2507.0,314.0,0.447887
2507.0,315.0,0.004786
2507.0,316.0,0.325824
2507.0,317.0,0.548856
2507.0,318.0,0.464294
2507.0,319.0,0.802752
2507.0,320.0,0.218148
2507.0,321.0,0.617497
2507.0,322.0,0.501572
2507.0,323.0,0.013215
2507.0,324.0,0.622085
2507.0,325.0,0.539767
2507.0,326.0,0.651342
2507.0,327.0,0.52584
2507.0,328.0,0.486604
2507.0,329.0,0.635709
2507.0,330.0,0.544324
2507.0,331.0,0.426482
2507.0,332.0,0.232755
2507.0,333.0,0.280554
2507.0,334.0,0.229147
2508.0,0.0,0.410177
2508.0,1.0,0.01321
2508.0,2.0,0.644451
2508.0,3.0,0.546044
2508.0,4.0,0.029858
2508.0,5.0,0.626519
2508.0,6.0,0.74997
2508.0,7.0,0.752712
2508.0,8.0,0.512759
2508.0,9.0,0.410297
2508.0,10.0,0.31268
2508.0,11.0,0.041817
2508.0,12.0,0.824184
2508.0,13.0,0.383601
2508.0,14.0,0.13019
2508.0,15.0,1.0
2508.0,16.0,0.514789
2508.0,17.0,0.858067
2508.0,18.0,0.213314
2508.0,19.0,0.0
2508.0,20.0,0.395735
2508.0,21.0,0.78905
2508.0,22.0,0.46029
2508.0,23.0,0.424824
2508.0,24.0,0.30957
2508.0,25.0,0.55627
2508.0,26.0,0.932294
2508.0,27.0,0.905038
2508.0,28.0,0.819422
2508.0,29.0,0.908234
2508.0,30.0,0.734941
2508.0,31.0,0.157493
2508.0,32.0,0.000835
2508.0,33.0,0.506368
2508.0,34.0,0.691571
2508.0,35.0,1.0
2508.0,36.0,0.385247
2508.0,37.0,1.0
2508.0,38.0,0.713156
2508.0,39.0,0.253377
2508.0,40.0,0.256271
2508.0,41.0,0.830799
2508.0,42.0,0.380253
2508.0,43.0,0.25577
2508.0,44.0,0.551269
2508.0,45.0,0.035575
2508.0,46.0,0.352704
2508.0,47.0,0.110193
2508.0,48.0,0.0
2508.0,49.0,0.000333
2508.0,50.0,0.235987
2508.0,51.0,0.53075
2508.0,52.0,0.795942
2508.0,53.0,0.717635
2508.0,54.0,0.594005
2508.0,55.0,0.09915
2508.0,56.0,0.023483
2508.0,57.0,0.353812
2508.0,58.0,0.995163
2508.0,59.0,0.511258
2508.0,60.0,0.718079
2508.0,61.0,0.641747
2508.0,62.0,0.371059
2508.0,63.0,0.558656
2508.0,64.0,0.500083
2508.0,65.0,0.49779
2508.0,66.0,0.690297
2508.0,67.0,0.768448
2508.0,68.0,0.51158
2508.0,69.0,0.000575
2508.0,70.0,0.321249
2508.0,71.0,0.629613
2508.0,72.0,0.39489
2508.0,73.0,0.825438
2508.0,74.0,0.003823
2508.0,75.0,0.944593
2508.0,76.0,0.378287
2508.0,77.0,0.28273
2508.0,78.0,0.480556
2508.0,79.0,0.247831
2508.0,80.0,0.399275
2508.0,81.0,0.69437
2508.0,82.0,0.670935
2508.0,83.0,0.548625
2508.0,84.0,0.488009
2508.0,85.0,0.476429
2508.0,86.0,0.362743
2508.0,87.0,0.496314
2508.0,88.0,0.563268
2508.0,89.0,0.597175
2508.0,90.0,0.553516
2508.0,91.0,0.504292
2508.0,92.0,0.466683
2508.0,93.0,1.0
2508.0,94.0,0.59832
2508.0,95.0,1.0
2508.0,96.0,0.618045
2508.0,97.0,0.000741
2508.0,98.0,0.147425
2508.0,99.0,0.431149
2508.0,100.0,0.322483
2508.0,101.0,0.730221
2508.0,102.0,0.947999
2508.0,103.0,0.404745
2508.0,104.0,0.481829
2508.0,105.0,0.153977
2508.0,106.0,0.486042
2508.0,107.0,0.997017
2508.0,108.0,0.016737
2508.0,109.0,0.186512
2508.0,110.0,0.664439
2508.0,111.0,0.395748
2508.0,112.0,0.264939
2508.0,113.0,0.439477
2508.0,114.0,0.27114
2508.0,115.0,0.0
2508.0,116.0,0.961567
2508.0,117.0,0.0
2508.0,118.0,0.458055
2508.0,119.0,0.671731
2508.0,120.0,0.0
2508.0,121.0,0.420978
2508.0,122.0,0.793489
2508.0,123.0,0.558033
2508.0,124.0,0.99966
2508.0,125.0,0.355826
2508.0,126.0,0.327915
2508.0,127.0,0.480801
2508.0,128.0,0.803618
2508.0,129.0,0.615295
2508.0,130.0,0.176722
2508.0,131.0,0.713349
2508.0,132.0,0.433211
2508.0,133.0,0.478031
2508.0,134.0,0.26167
2508.0,135.0,0.002665
2508.0,136.0,0.847401
2508.0,137.0,0.442955
2508.0,138.0,0.61309
2508.0,139.0,0.0
2508.0,140.0,0.70978
2508.0,141.0,0.949145
2508.0,142.0,0.626518
2508.0,143.0,0.439778
2508.0,144.0,0.463048
2508.0,145.0,0.851811
2508.0,146.0,0.388292
2508.0,147.0,0.501598
2508.0,148.0,0.456986
2508.0,149.0,0.032738
2508.0,150.0,0.99857
2508.0,151.0,0.680384
2508.0,152.0,0.576775
2508.0,153.0,0.906787
2508.0,154.0,0.310505
2508.0,155.0,0.015731
2508.0,156.0,0.47412
2508.0,157.0,0.674763
2508.0,158.0,0.664624
2508.0,159.0,0.820042
2508.0,160.0,0.646816
2508.0,161.0,0.999818
2508.0,162.0,0.00969
2508.0,163.0,0.996253
2508.0,164.0,0.279391
2508.0,165.0,0.067038
2508.0,166.0,0.463401
2508.0,167.0,0.46887
2508.0,168.0,0.269883
2508.0,169.0,0.618563
2508.0,170.0,0.654336
2508.0,171.0,0.488335
2508.0,172.0,0.248864
2508.0,173.0,0.120581
2508.0,174.0,0.910978
2508.0,175.0,0.635273
2508.0,176.0,0.683542
2508.0,177.0,0.372998
2508.0,178.0,0.456697
2508.0,179.0,0.858443
2508.0,180.0,1.0
2508.0,181.0,0.267635
2508.0,182.0,0.446594
2508.0,183.0,0.426809
2508.0,184.0,0.764679
2508.0,185.0,0.32028
2508.0,186.0,0.258278
2508.0,187.0,0.232734
2508.0,188.0,0.031289
2508.0,189.0,1.0
2508.0,190.0,0.572004
2508.0,191.0,0.928805
2508.0,192.0,0.101
2508.0,193.0,0.514447
2508.0,194.0,0.164404
2508.0,195.0,1.0
2508.0,196.0,0.003117
2508.0,197.0,1.0
2508.0,198.0,0.609023
2508.0,199.0,0.554824
2508.0,200.0,0.000735
2508.0,201.0,0.180082
2508.0,202.0,0.481434
2508.0,203.0,0.416844
2508.0,204.0,0.803267
2508.0,205.0,0.354807
2508.0,206.0,0.802995
2508.0,207.0,0.166086
2508.0,208.0,0.483024
2508.0,209.0,0.997857
2508.0,210.0,0.255624
2508.0,211.0,0.99377
2508.0,212.0,0.978815
2508.0,213.0,0.067856
2508.0,214.0,0.193934
2508.0,215.0,0.260104
2508.0,216.0,0.000898
2508.0,217.0,0.713998
2508.0,218.0,0.540158
2508.0,219.0,0.000115
2508.0,220.0,0.259899
2508.0,221.0,0.412117
2508.0,222.0,0.569266
2508.0,223.0,0.947505
2508.0,224.0,0.347834
2508.0,225.0,0.511623
2508.0,226.0,0.087398
2508.0,227.0,0.575755
2508.0,228.0,0.653016
2508.0,229.0,0.877361
2508.0,230.0,0.191222
2508.0,231.0,0.0
2508.0,232.0,0.694641
2508.0,233.0,0.302058
2508.0,234.0,0.263206
2508.0,235.0,0.765219
2508.0,236.0,1.0
2508.0,237.0,0.646883
2508.0,238.0,0.222619
2508.0,239.0,0.214421
2508.0,240.0,0.000297
2508.0,241.0,0.369149
2508.0,242.0,0.184071
2508.0,243.0,0.981994
2508.0,244.0,0.325685
2508.0,245.0,0.455028
2508.0,246.0,0.59814
2508.0,247.0,0.101304
2508.0,248.0,0.334604
2508.0,249.0,0.211186
2508.0,250.0,0.678071
2508.0,251.0,0.49215
2508.0,252.0,0.012357
2508.0,253.0,0.587543
2508.0,254.0,0.671484
2508.0,255.0,0.402314
2508.0,256.0,0.993811
2508.0,257.0,0.62815
2508.0,258.0,0.552761
2508.0,259.0,0.764961
2508.0,260.0,0.024394
2508.0,261.0,0.523182
2508.0,262.0,0.301256
2508.0,263.0,0.142051
2508.0,264.0,0.066226
2508.0,265.0,0.97321
2508.0,266.0,0.533295
2508.0,267.0,0.273696
2508.0,268.0,0.06498
2508.0,269.0,0.542972
2508.0,270.0,0.172052
2508.0,271.0,0.300807
2508.0,272.0,0.477377
2508.0,273.0,0.00013
2508.0,274.0,0.726426
2508.0,275.0,0.935653
2508.0,276.0,0.575997
2508.0,277.0,0.441649
2508.0,278.0,0.390801
2508.0,279.0,0.931107
2508.0,280.0,0.399068
2508.0,281.0,0.433501
2508.0,282.0,0.10315
2508.0,283.0,0.0
2508.0,284.0,0.319115
2508.0,285.0,0.075352
2508.0,286.0,0.416462
2508.0,287.0,0.31873
2508.0,288.0,0.036204
2508.0,289.0,0.219141
2508.0,290.0,0.0
2508.0,291.0,0.987343
2508.0,292.0,0.563875
2508.0,293.0,0.718379
2508.0,294.0,0.627046
2508.0,295.0,0.035558
2508.0,296.0,0.730742
2508.0,297.0,0.122295
2508.0,298.0,1.0
2508.0,299.0,0.454447
2508.0,300.0,1.0
2508.0,301.0,0.894717
2508.0,302.0,0.697033
2508.0,303.0,0.464581
2508.0,304.0,0.584539
2508.0,305.0,0.684297
2508.0,306.0,0.569751
2508.0,307.0,0.562201
2508.0,308.0,0.776765
2508.0,309.0,0.397873
2508.0,310.0,0.547812
2508.0,311.0,0.598299
2508.0,312.0,0.554385
2508.0,313.0,0.779895
2508.0,314.0,0.445807
2508.0,315.0,0.004648
2508.0,316.0,0.321699
2508.0,317.0,0.546983
2508.0,318.0,0.452402
2508.0,319.0,0.802181
2508.0,320.0,0.217281
2508.0,321.0,0.615605
2508.0,322.0,0.482262
2508.0,323.0,0.012809
2508.0,324.0,0.611449
2508.0,325.0,0.53726
2508.0,326.0,0.650515
2508.0,327.0,0.524282
2508.0,328.0,0.485517
2508.0,329.0,0.635119
2508.0,330.0,0.540007
2508.0,331.0,0.425181
2508.0,332.0,0.231276
2508.0,333.0,0.277023
2508.0,334.0,0.229313
2509.0,0.0,0.409035
2509.0,1.0,0.013104
2509.0,2.0,0.640349
2509.0,3.0,0.536059
2509.0,4.0,0.029325
2509.0,5.0,0.627198
2509.0,6.0,0.748837
2509.0,7.0,0.75102
2509.0,8.0,0.506745
2509.0,9.0,0.40956
2509.0,10.0,0.311343
2509.0,11.0,0.039757
2509.0,12.0,0.818383
2509.0,13.0,0.380615
2509.0,14.0,0.129285
2509.0,15.0,1.0
2509.0,16.0,0.510451
2509.0,17.0,0.857317
2509.0,18.0,0.207202
2509.0,19.0,0.0
2509.0,20.0,0.394877
2509.0,21.0,0.788701
2509.0,22.0,0.457167
2509.0,23.0,0.418875
2509.0,24.0,0.307242
2509.0,25.0,0.551688
2509.0,26.0,0.931972
2509.0,27.0,0.904171
2509.0,28.0,0.818716
2509.0,29.0,0.907493
2509.0,30.0,0.732506
2509.0,31.0,0.154764
2509.0,32.0,0.000775
2509.0,33.0,0.506436
2509.0,34.0,0.69028
2509.0,35.0,1.0
2509.0,36.0,0.381799
2509.0,37.0,1.0
2509.0,38.0,0.70508
2509.0,39.0,0.249313
2509.0,40.0,0.253151
2509.0,41.0,0.829486
2509.0,42.0,0.378326
2509.0,43.0,0.252157
2509.0,44.0,0.544626
2509.0,45.0,0.035493
2509.0,46.0,0.352066
2509.0,47.0,0.104363
2509.0,48.0,0.0
2509.0,49.0,0.000313
2509.0,50.0,0.235675
2509.0,51.0,0.528569
2509.0,52.0,0.795552
2509.0,53.0,0.712654
2509.0,54.0,0.590498
2509.0,55.0,0.098385
2509.0,56.0,0.023357
2509.0,57.0,0.353301
2509.0,58.0,0.995147
2509.0,59.0,0.510279
2509.0,60.0,0.714156
2509.0,61.0,0.638144
2509.0,62.0,0.366842
2509.0,63.0,0.557283
2509.0,64.0,0.499111
2509.0,65.0,0.496379
2509.0,66.0,0.689419
2509.0,67.0,0.76693
2509.0,68.0,0.506445
2509.0,69.0,0.000626
2509.0,70.0,0.308432
2509.0,71.0,0.627603
2509.0,72.0,0.393173
2509.0,73.0,0.821251
2509.0,74.0,0.003726
2509.0,75.0,0.944224
2509.0,76.0,0.373036
2509.0,77.0,0.280697
2509.0,78.0,0.460335
2509.0,79.0,0.24554
2509.0,80.0,0.392353
2509.0,81.0,0.684381
2509.0,82.0,0.668137
2509.0,83.0,0.545569
2509.0,84.0,0.485817
2509.0,85.0,0.457966
2509.0,86.0,0.360833
2509.0,87.0,0.494502
2509.0,88.0,0.556453
2509.0,89.0,0.595859
2509.0,90.0,0.548772
2509.0,91.0,0.500675
2509.0,92.0,0.465597
2509.0,93.0,1.0
2509.0,94.0,0.594187
2509.0,95.0,1.0
2509.0,96.0,0.615186
2509.0,97.0,0.000775
2509.0,98.0,0.145864
2509.0,99.0,0.426366
2509.0,100.0,0.321176
2509.0,101.0,0.727258
2509.0,102.0,0.94762
2509.0,103.0,0.40426
2509.0,104.0,0.479807
2509.0,105.0,0.154302
2509.0,106.0,0.483103
2509.0,107.0,0.996956
2509.0,108.0,0.016688
2509.0,109.0,0.186595
2509.0,110.0,0.654982
2509.0,111.0,0.392146
2509.0,112.0,0.263962
2509.0,113.0,0.43757
2509.0,114.0,0.267484
2509.0,115.0,0.0
2509.0,116.0,0.961563
2509.0,117.0,0.0
2509.0,118.0,0.456787
2509.0,119.0,0.663616
2509.0,120.0,0.0
2509.0,121.0,0.41955
2509.0,122.0,0.791787
2509.0,123.0,0.554593
2509.0,124.0,0.99967
2509.0,125.0,0.354136
2509.0,126.0,0.326029
2509.0,127.0,0.476977
2509.0,128.0,0.802768
2509.0,129.0,0.612895
2509.0,130.0,0.169656
2509.0,131.0,0.709126
2509.0,132.0,0.429183
2509.0,133.0,0.476877
2509.0,134.0,0.259333
2509.0,135.0,0.002664
2509.0,136.0,0.846184
2509.0,137.0,0.433299
2509.0,138.0,0.609385
2509.0,139.0,0.0
2509.0,140.0,0.708049
2509.0,141.0,0.949121
2509.0,142.0,0.6261
2509.0,143.0,0.424067
2509.0,144.0,0.444699
2509.0,145.0,0.846767
2509.0,146.0,0.387445
2509.0,147.0,0.499425
2509.0,148.0,0.454301
2509.0,149.0,0.032788
2509.0,150.0,0.998572
2509.0,151.0,0.657166
2509.0,152.0,0.574085
2509.0,153.0,0.903368
2509.0,154.0,0.299386
2509.0,155.0,0.015332
2509.0,156.0,0.472502
2509.0,157.0,0.675393
2509.0,158.0,0.660353
2509.0,159.0,0.816245
2509.0,160.0,0.643525
2509.0,161.0,0.999774
2509.0,162.0,0.009538
2509.0,163.0,0.996294
2509.0,164.0,0.276856
2509.0,165.0,0.066477
2509.0,166.0,0.463116
2509.0,167.0,0.466529
2509.0,168.0,0.265988
2509.0,169.0,0.6166
2509.0,170.0,0.651805
2509.0,171.0,0.485063
2509.0,172.0,0.244789
2509.0,173.0,0.117622
2509.0,174.0,0.910517
2509.0,175.0,0.627118
2509.0,176.0,0.681894
2509.0,177.0,0.364356
2509.0,178.0,0.454356
2509.0,179.0,0.856978
2509.0,180.0,1.0
2509.0,181.0,0.266491
2509.0,182.0,0.443724
2509.0,183.0,0.425959
2509.0,184.0,0.758406
2509.0,185.0,0.319358
2509.0,186.0,0.251763
2509.0,187.0,0.224375
2509.0,188.0,0.030909
2509.0,189.0,1.0
2509.0,190.0,0.566844
2509.0,191.0,0.927547
2509.0,192.0,0.094383
2509.0,193.0,0.508722
2509.0,194.0,0.161863
2509.0,195.0,1.0
2509.0,196.0,0.003122
2509.0,197.0,1.0
2509.0,198.0,0.602624
2509.0,199.0,0.550575
2509.0,200.0,0.00064
2509.0,201.0,0.172211
2509.0,202.0,0.466937
2509.0,203.0,0.415382
2509.0,204.0,0.796143
2509.0,205.0,0.345133
2509.0,206.0,0.801543
2509.0,207.0,0.161196
2509.0,208.0,0.481076
2509.0,209.0,0.997776
2509.0,210.0,0.246729
2509.0,211.0,0.993541
2509.0,212.0,0.978298
2509.0,213.0,0.065649
2509.0,214.0,0.193564
2509.0,215.0,0.255946
2509.0,216.0,0.000892
2509.0,217.0,0.713926
2509.0,218.0,0.540047
2509.0,219.0,0.000113
2509.0,220.0,0.25934
2509.0,221.0,0.410537
2509.0,222.0,0.548171
2509.0,223.0,0.945003
2509.0,224.0,0.346616
2509.0,225.0,0.506944
2509.0,226.0,0.086274
2509.0,227.0,0.573125
2509.0,228.0,0.649971
2509.0,229.0,0.873353
2509.0,230.0,0.189355
2509.0,231.0,0.0
2509.0,232.0,0.692633
2509.0,233.0,0.300849
2509.0,234.0,0.262223
2509.0,235.0,0.763422
2509.0,236.0,1.0
2509.0,237.0,0.64293
2509.0,238.0,0.213509
2509.0,239.0,0.212397
2509.0,240.0,0.000299
2509.0,241.0,0.36206
2509.0,242.0,0.179162
2509.0,243.0,0.98189
2509.0,244.0,0.324395
2509.0,245.0,0.428073
2509.0,246.0,0.598193
2509.0,247.0,0.100438
2509.0,248.0,0.329311
2509.0,249.0,0.206602
2509.0,250.0,0.674429
2509.0,251.0,0.484808
2509.0,252.0,0.012151
2509.0,253.0,0.585874
2509.0,254.0,0.669005
2509.0,255.0,0.397247
2509.0,256.0,0.993519
2509.0,257.0,0.625929
2509.0,258.0,0.540345
2509.0,259.0,0.764665
2509.0,260.0,0.024035
2509.0,261.0,0.521988
2509.0,262.0,0.297828
2509.0,263.0,0.138609
2509.0,264.0,0.065337
2509.0,265.0,0.972867
2509.0,266.0,0.53358
2509.0,267.0,0.271754
2509.0,268.0,0.06495
2509.0,269.0,0.542193
2509.0,270.0,0.169879
2509.0,271.0,0.296129
2509.0,272.0,0.476839
2509.0,273.0,0.000142
2509.0,274.0,0.725139
2509.0,275.0,0.929312
2509.0,276.0,0.568924
2509.0,277.0,0.440223
2509.0,278.0,0.388761
2509.0,279.0,0.930113
2509.0,280.0,0.387903
2509.0,281.0,0.431866
2509.0,282.0,0.101881
2509.0,283.0,0.0
2509.0,284.0,0.313443
2509.0,285.0,0.075399
2509.0,286.0,0.410042
2509.0,287.0,0.318249
2509.0,288.0,0.036027
2509.0,289.0,0.21539
2509.0,290.0,0.0
2509.0,291.0,0.987349
2509.0,292.0,0.54847
2509.0,293.0,0.715805
2509.0,294.0,0.624714
2509.0,295.0,0.035404
2509.0,296.0,0.711524
2509.0,297.0,0.121429
2509.0,298.0,1.0
2509.0,299.0,0.44892
2509.0,300.0,1.0
2509.0,301.0,0.893449
2509.0,302.0,0.690843
2509.0,303.0,0.456968
2509.0,304.0,0.562808
2509.0,305.0,0.680563
2509.0,306.0,0.56944
2509.0,307.0,0.553092
2509.0,308.0,0.77556
2509.0,309.0,0.375599
2509.0,310.0,0.545378
2509.0,311.0,0.591479
2509.0,312.0,0.552977
2509.0,313.0,0.778163
2509.0,314.0,0.444673
2509.0,315.0,0.004574
2509.0,316.0,0.317292
2509.0,317.0,0.54475
2509.0,318.0,0.441374
2509.0,319.0,0.802014
2509.0,320.0,0.215469
2509.0,321.0,0.614322
2509.0,322.0,0.464434
2509.0,323.0,0.012524
2509.0,324.0,0.599863
2509.0,325.0,0.535213
2509.0,326.0,0.650276
2509.0,327.0,0.523001
2509.0,328.0,0.484626
2509.0,329.0,0.634952
2509.0,330.0,0.535734
2509.0,331.0,0.423719
2509.0,332.0,0.230252
2509.0,333.0,0.273313
2509.0,334.0,0.227553
2510.0,0.0,0.408139
2510.0,1.0,0.012786
2510.0,2.0,0.636599
2510.0,3.0,0.525916
2510.0,4.0,0.028933
2510.0,5.0,0.627738
2510.0,6.0,0.746373
2510.0,7.0,0.749328
2510.0,8.0,0.500809
2510.0,9.0,0.408577
2510.0,10.0,0.30982
2510.0,11.0,0.038001
2510.0,12.0,0.811606
2510.0,13.0,0.378125
2510.0,14.0,0.128255
2510.0,15.0,1.0
2510.0,16.0,0.50631
2510.0,17.0,0.856309
2510.0,18.0,0.201498
2510.0,19.0,0.0
2510.0,20.0,0.394702
2510.0,21.0,0.786899
2510.0,22.0,0.453702
2510.0,23.0,0.412655
2510.0,24.0,0.305514
2510.0,25.0,0.547027
2510.0,26.0,0.931494
2510.0,27.0,0.902641
2510.0,28.0,0.818194
2510.0,29.0,0.906394
2510.0,30.0,0.73107
2510.0,31.0,0.152814
2510.0,32.0,0.000694
2510.0,33.0,0.506143
2510.0,34.0,0.688621
2510.0,35.0,1.0
2510.0,36.0,0.378812
2510.0,37.0,1.0
2510.0,38.0,0.697324
2510.0,39.0,0.24546
2510.0,40.0,0.250292
2510.0,41.0,0.829042
2510.0,42.0,0.376421
2510.0,43.0,0.249173
2510.0,44.0,0.539024
2510.0,45.0,0.034795
2510.0,46.0,0.35162
2510.0,47.0,0.098672
2510.0,48.0,0.0
2510.0,49.0,0.00028
2510.0,50.0,0.235892
2510.0,51.0,0.527136
2510.0,52.0,0.794806
2510.0,53.0,0.708275
2510.0,54.0,0.586293
2510.0,55.0,0.097437
2510.0,56.0,0.023011
2510.0,57.0,0.352914
2510.0,58.0,0.99493
2510.0,59.0,0.509202
2510.0,60.0,0.710243
2510.0,61.0,0.633857
2510.0,62.0,0.362534
2510.0,63.0,0.554861
2510.0,64.0,0.497422
2510.0,65.0,0.4958
2510.0,66.0,0.688348
2510.0,67.0,0.765438
2510.0,68.0,0.501833
2510.0,69.0,0.000653
2510.0,70.0,0.297534
2510.0,71.0,0.623771
2510.0,72.0,0.391744
2510.0,73.0,0.817273
2510.0,74.0,0.003672
2510.0,75.0,0.943861
2510.0,76.0,0.36757
2510.0,77.0,0.277963
2510.0,78.0,0.441961
2510.0,79.0,0.242915
2510.0,80.0,0.386571
2510.0,81.0,0.674107
2510.0,82.0,0.665753
2510.0,83.0,0.540847
2510.0,84.0,0.483058
2510.0,85.0,0.439563
2510.0,86.0,0.360009
2510.0,87.0,0.492021
2510.0,88.0,0.551304
2510.0,89.0,0.596269
2510.0,90.0,0.544682
2510.0,91.0,0.497114
2510.0,92.0,0.463872
2510.0,93.0,1.0
2510.0,94.0,0.590563
2510.0,95.0,1.0
2510.0,96.0,0.612352
2510.0,97.0,0.000823
2510.0,98.0,0.14484
2510.0,99.0,0.423168
2510.0,100.0,0.321342
2510.0,101.0,0.724686
2510.0,102.0,0.9473
2510.0,103.0,0.403329
2510.0,104.0,0.478284
2510.0,105.0,0.154132
2510.0,106.0,0.480502
2510.0,107.0,0.996861
2510.0,108.0,0.016443
2510.0,109.0,0.184964
2510.0,110.0,0.644815
2510.0,111.0,0.38792
2510.0,112.0,0.262368
2510.0,113.0,0.436782
2510.0,114.0,0.264328
2510.0,115.0,0.0
2510.0,116.0,0.96151
2510.0,117.0,0.0
2510.0,118.0,0.456236
2510.0,119.0,0.655116
2510.0,120.0,0.0
2510.0,121.0,0.418744
2510.0,122.0,0.789462
2510.0,123.0,0.551763
2510.0,124.0,0.999685
2510.0,125.0,0.352716
2510.0,126.0,0.323543
2510.0,127.0,0.473972
2510.0,128.0,0.802236
2510.0,129.0,0.609767
2510.0,130.0,0.162774
2510.0,131.0,0.704759
2510.0,132.0,0.425247
2510.0,133.0,0.474446
2510.0,134.0,0.257587
2510.0,135.0,0.002611
2510.0,136.0,0.845014
2510.0,137.0,0.42376
2510.0,138.0,0.60584
2510.0,139.0,0.0
2510.0,140.0,0.70608
2510.0,141.0,0.949253
2510.0,142.0,0.625975
2510.0,143.0,0.409209
2510.0,144.0,0.427097
2510.0,145.0,0.842178
2510.0,146.0,0.38634
2510.0,147.0,0.497304
2510.0,148.0,0.452032
2510.0,149.0,0.032429
2510.0,150.0,0.998481
2510.0,151.0,0.632784
2510.0,152.0,0.572085
2510.0,153.0,0.899808
2510.0,154.0,0.288376
2510.0,155.0,0.015252
2510.0,156.0,0.470704
2510.0,157.0,0.674275
2510.0,158.0,0.655302
2510.0,159.0,0.813202
2510.0,160.0,0.640004
2510.0,161.0,0.999746
2510.0,162.0,0.009277
2510.0,163.0,0.996291
2510.0,164.0,0.274652
2510.0,165.0,0.065718
2510.0,166.0,0.462147
2510.0,167.0,0.465344
2510.0,168.0,0.261797
2510.0,169.0,0.615968
2510.0,170.0,0.649639
2510.0,171.0,0.481962
2510.0,172.0,0.240717
2510.0,173.0,0.11493
2510.0,174.0,0.910206
2510.0,175.0,0.618421
2510.0,176.0,0.679903
2510.0,177.0,0.356193
2510.0,178.0,0.451325
2510.0,179.0,0.855493
2510.0,180.0,1.0
2510.0,181.0,0.265919
2510.0,182.0,0.440991
2510.0,183.0,0.42494
2510.0,184.0,0.751999
2510.0,185.0,0.318943
2510.0,186.0,0.246192
2510.0,187.0,0.216503
2510.0,188.0,0.030182
2510.0,189.0,1.0
2510.0,190.0,0.563114
2510.0,191.0,0.926643
2510.0,192.0,0.088426
2510.0,193.0,0.503015
2510.0,194.0,0.159675
2510.0,195.0,1.0
2510.0,196.0,0.003134
2510.0,197.0,1.0
2510.0,198.0,0.596361
2510.0,199.0,0.547391
2510.0,200.0,0.000631
2510.0,201.0,0.165087
2510.0,202.0,0.452719
2510.0,203.0,0.413933
2510.0,204.0,0.789205
2510.0,205.0,0.336735
2510.0,206.0,0.80009
2510.0,207.0,0.155943
2510.0,208.0,0.479195
2510.0,209.0,0.997719
2510.0,210.0,0.237784
2510.0,211.0,0.993426
2510.0,212.0,0.977916
2510.0,213.0,0.064137
2510.0,214.0,0.19328
2510.0,215.0,0.251538
2510.0,216.0,0.000814
2510.0,217.0,0.713756
2510.0,218.0,0.539799
2510.0,219.0,0.000107
2510.0,220.0,0.259398
2510.0,221.0,0.408694
2510.0,222.0,0.527888
2510.0,223.0,0.942309
2510.0,224.0,0.345219
2510.0,225.0,0.50362
2510.0,226.0,0.086005
2510.0,227.0,0.570338
2510.0,228.0,0.647792
2510.0,229.0,0.869901
2510.0,230.0,0.187617
2510.0,231.0,0.0
2510.0,232.0,0.690151
2510.0,233.0,0.300425
2510.0,234.0,0.261829
2510.0,235.0,0.761175
2510.0,236.0,1.0
2510.0,237.0,0.639804
2510.0,238.0,0.203862
2510.0,239.0,0.210008
2510.0,240.0,0.000333
2510.0,241.0,0.355646
2510.0,242.0,0.174013
2510.0,243.0,0.981746
2510.0,244.0,0.323715
2510.0,245.0,0.402803
2510.0,246.0,0.597656
2510.0,247.0,0.100025
2510.0,248.0,0.323381
2510.0,249.0,0.202096
2510.0,250.0,0.671388
2510.0,251.0,0.477722
2510.0,252.0,0.011831
2510.0,253.0,0.58485
2510.0,254.0,0.66562
2510.0,255.0,0.392558
2510.0,256.0,0.99341
2510.0,257.0,0.62441
2510.0,258.0,0.528176
2510.0,259.0,0.764521
2510.0,260.0,0.023725
2510.0,261.0,0.520627
2510.0,262.0,0.29469
2510.0,263.0,0.135407
2510.0,264.0,0.06458
2510.0,265.0,0.972964
2510.0,266.0,0.533236
2510.0,267.0,0.270509
2510.0,268.0,0.064671
2510.0,269.0,0.542262
2510.0,270.0,0.167926
2510.0,271.0,0.29142
2510.0,272.0,0.475217
2510.0,273.0,0.000144
2510.0,274.0,0.723001
2510.0,275.0,0.922495
2510.0,276.0,0.56224
2510.0,277.0,0.438381
2510.0,278.0,0.386189
2510.0,279.0,0.929435
2510.0,280.0,0.377627
2510.0,281.0,0.428931
2510.0,282.0,0.100311
2510.0,283.0,0.0
2510.0,284.0,0.30797
2510.0,285.0,0.075331
2510.0,286.0,0.404334
2510.0,287.0,0.317504
2510.0,288.0,0.035815
2510.0,289.0,0.21225
2510.0,290.0,0.0
2510.0,291.0,0.987217
2510.0,292.0,0.533674
2510.0,293.0,0.713933
2510.0,294.0,0.623486
2510.0,295.0,0.035008
2510.0,296.0,0.692479
2510.0,297.0,0.120864
2510.0,298.0,1.0
2510.0,299.0,0.444271
2510.0,300.0,1.0
2510.0,301.0,0.892232
2510.0,302.0,0.683434
2510.0,303.0,0.448538
2510.0,304.0,0.542232
2510.0,305.0,0.676987
2510.0,306.0,0.567437
2510.0,307.0,0.543467
2510.0,308.0,0.773568
2510.0,309.0,0.354832
2510.0,310.0,0.542911
2510.0,311.0,0.583995
2510.0,312.0,0.551091
2510.0,313.0,0.776592
2510.0,314.0,0.443092
2510.0,315.0,0.004512
2510.0,316.0,0.313701
2510.0,317.0,0.542942
2510.0,318.0,0.431235
2510.0,319.0,0.801171
2510.0,320.0,0.214512
2510.0,321.0,0.612155
2510.0,322.0,0.445919
2510.0,323.0,0.011998
2510.0,324.0,0.58885
2510.0,325.0,0.53283
2510.0,326.0,0.650403
2510.0,327.0,0.521498
2510.0,328.0,0.483306
2510.0,329.0,0.634399
2510.0,330.0,0.530623
2510.0,331.0,0.421914
2510.0,332.0,0.228529
2510.0,333.0,0.269548
2510.0,334.0,0.226805
