FREQUENCIES 
Gen,mut_id,mut_freq
1.0,0.0,0.5
1.0,1.0,0.5
1.0,2.0,0.5
1.0,3.0,0.5
1.0,4.0,0.5
1.0,5.0,0.5
1.0,6.0,0.5
1.0,7.0,0.5
1.0,8.0,0.5
1.0,9.0,0.5
1.0,10.0,0.5
1.0,11.0,0.5
1.0,12.0,0.5
1.0,13.0,0.5
1.0,14.0,0.5
1.0,15.0,0.5
1.0,16.0,0.5
1.0,17.0,0.5
1.0,18.0,0.5
1.0,19.0,0.5
1.0,20.0,0.5
1.0,21.0,0.5
1.0,22.0,0.5
1.0,23.0,0.5
1.0,24.0,0.5
1.0,25.0,0.5
1.0,26.0,0.5
1.0,27.0,0.5
1.0,28.0,0.5
1.0,29.0,0.5
1.0,30.0,0.5
1.0,31.0,0.5
1.0,32.0,0.5
1.0,33.0,0.5
1.0,34.0,0.5
1.0,35.0,0.5
1.0,36.0,0.5
1.0,37.0,0.5
1.0,38.0,0.5
1.0,39.0,0.5
1.0,40.0,0.5
1.0,41.0,0.5
1.0,42.0,0.5
1.0,43.0,0.5
1.0,44.0,0.5
1.0,45.0,0.5
1.0,46.0,0.5
1.0,47.0,0.5
1.0,48.0,0.5
1.0,49.0,0.5
1.0,50.0,0.5
1.0,51.0,0.5
1.0,52.0,0.5
1.0,53.0,0.5
1.0,54.0,0.5
1.0,55.0,0.5
1.0,56.0,0.5
1.0,57.0,0.5
1.0,58.0,0.5
1.0,59.0,0.5
1.0,60.0,0.5
1.0,61.0,0.5
1.0,62.0,0.5
1.0,63.0,0.5
1.0,64.0,0.5
1.0,65.0,0.5
1.0,66.0,0.5
1.0,67.0,0.5
1.0,68.0,0.5
1.0,69.0,0.5
1.0,70.0,0.5
1.0,71.0,0.5
1.0,72.0,0.5
1.0,73.0,0.5
1.0,74.0,0.5
1.0,75.0,0.5
1.0,76.0,0.5
1.0,77.0,0.5
1.0,78.0,0.5
1.0,79.0,0.5
1.0,80.0,0.5
1.0,81.0,0.5
1.0,82.0,0.5
1.0,83.0,0.5
1.0,84.0,0.5
1.0,85.0,0.5
1.0,86.0,0.5
1.0,87.0,0.5
1.0,88.0,0.5
1.0,89.0,0.5
1.0,90.0,0.5
1.0,91.0,0.5
1.0,92.0,0.5
1.0,93.0,0.5
1.0,94.0,0.5
1.0,95.0,0.5
1.0,96.0,0.5
1.0,97.0,0.5
1.0,98.0,0.5
1.0,99.0,0.5
1.0,100.0,0.5
1.0,101.0,0.5
1.0,102.0,0.5
1.0,103.0,0.5
1.0,104.0,0.5
1.0,105.0,0.5
1.0,106.0,0.5
1.0,107.0,0.5
1.0,108.0,0.5
1.0,109.0,0.5
1.0,110.0,0.5
1.0,111.0,0.5
1.0,112.0,0.5
1.0,113.0,0.5
1.0,114.0,0.5
1.0,115.0,0.5
1.0,116.0,0.5
1.0,117.0,0.5
1.0,118.0,0.5
1.0,119.0,0.5
1.0,120.0,0.5
1.0,121.0,0.5
1.0,122.0,0.5
1.0,123.0,0.5
1.0,124.0,0.5
1.0,125.0,0.5
1.0,126.0,0.5
1.0,127.0,0.5
1.0,128.0,0.5
1.0,129.0,0.5
1.0,130.0,0.5
1.0,131.0,0.5
1.0,132.0,0.5
1.0,133.0,0.5
1.0,134.0,0.5
1.0,135.0,0.5
1.0,136.0,0.5
1.0,137.0,0.5
1.0,138.0,0.5
1.0,139.0,0.5
1.0,140.0,0.5
1.0,141.0,0.5
1.0,142.0,0.5
1.0,143.0,0.5
1.0,144.0,0.5
1.0,145.0,0.5
1.0,146.0,0.5
1.0,147.0,0.5
1.0,148.0,0.5
1.0,149.0,0.5
1.0,150.0,0.5
1.0,151.0,0.5
1.0,152.0,0.5
1.0,153.0,0.5
1.0,154.0,0.5
1.0,155.0,0.5
1.0,156.0,0.5
1.0,157.0,0.5
1.0,158.0,0.5
1.0,159.0,0.5
1.0,160.0,0.5
1.0,161.0,0.5
1.0,162.0,0.5
1.0,163.0,0.5
1.0,164.0,0.5
1.0,165.0,0.5
1.0,166.0,0.5
1.0,167.0,0.5
1.0,168.0,0.5
1.0,169.0,0.5
1.0,170.0,0.5
1.0,171.0,0.5
1.0,172.0,0.5
1.0,173.0,0.5
1.0,174.0,0.5
1.0,175.0,0.5
1.0,176.0,0.5
1.0,177.0,0.5
1.0,178.0,0.5
1.0,179.0,0.5
1.0,180.0,0.5
1.0,181.0,0.5
1.0,182.0,0.5
1.0,183.0,0.5
1.0,184.0,0.5
1.0,185.0,0.5
1.0,186.0,0.5
1.0,187.0,0.5
1.0,188.0,0.5
1.0,189.0,0.5
1.0,190.0,0.5
1.0,191.0,0.5
1.0,192.0,0.5
1.0,193.0,0.5
1.0,194.0,0.5
1.0,195.0,0.5
1.0,196.0,0.5
1.0,197.0,0.5
1.0,198.0,0.5
1.0,199.0,0.5
1.0,200.0,0.5
1.0,201.0,0.5
1.0,202.0,0.5
1.0,203.0,0.5
1.0,204.0,0.5
1.0,205.0,0.5
1.0,206.0,0.5
1.0,207.0,0.5
1.0,208.0,0.5
1.0,209.0,0.5
1.0,210.0,0.5
1.0,211.0,0.5
1.0,212.0,0.5
1.0,213.0,0.5
1.0,214.0,0.5
1.0,215.0,0.5
1.0,216.0,0.5
1.0,217.0,0.5
1.0,218.0,0.5
1.0,219.0,0.5
1.0,220.0,0.5
1.0,221.0,0.5
1.0,222.0,0.5
1.0,223.0,0.5
1.0,224.0,0.5
1.0,225.0,0.5
1.0,226.0,0.5
1.0,227.0,0.5
1.0,228.0,0.5
1.0,229.0,0.5
1.0,230.0,0.5
1.0,231.0,0.5
1.0,232.0,0.5
1.0,233.0,0.5
1.0,234.0,0.5
1.0,235.0,0.5
1.0,236.0,0.5
1.0,237.0,0.5
1.0,238.0,0.5
1.0,239.0,0.5
1.0,240.0,0.5
1.0,241.0,0.5
1.0,242.0,0.5
1.0,243.0,0.5
1.0,244.0,0.5
1.0,245.0,0.5
1.0,246.0,0.5
1.0,247.0,0.5
1.0,248.0,0.5
1.0,249.0,0.5
1.0,250.0,0.5
1.0,251.0,0.5
1.0,252.0,0.5
1.0,253.0,0.5
1.0,254.0,0.5
1.0,255.0,0.5
1.0,256.0,0.5
1.0,257.0,0.5
1.0,258.0,0.5
1.0,259.0,0.5
1.0,260.0,0.5
1.0,261.0,0.5
1.0,262.0,0.5
1.0,263.0,0.5
1.0,264.0,0.5
1.0,265.0,0.5
1.0,266.0,0.5
1.0,267.0,0.5
1.0,268.0,0.5
1.0,269.0,0.5
1.0,270.0,0.5
1.0,271.0,0.5
1.0,272.0,0.5
1.0,273.0,0.5
1.0,274.0,0.5
1.0,275.0,0.5
1.0,276.0,0.5
1.0,277.0,0.5
1.0,278.0,0.5
1.0,279.0,0.5
1.0,280.0,0.5
1.0,281.0,0.5
1.0,282.0,0.5
1.0,283.0,0.5
1.0,284.0,0.5
1.0,285.0,0.5
1.0,286.0,0.5
1.0,287.0,0.5
1.0,288.0,0.5
1.0,289.0,0.5
1.0,290.0,0.5
1.0,291.0,0.5
1.0,292.0,0.5
1.0,293.0,0.5
1.0,294.0,0.5
1.0,295.0,0.5
1.0,296.0,0.5
1.0,297.0,0.5
1.0,298.0,0.5
1.0,299.0,0.5
1.0,300.0,0.5
1.0,301.0,0.5
1.0,302.0,0.5
1.0,303.0,0.5
1.0,304.0,0.5
1.0,305.0,0.5
1.0,306.0,0.5
1.0,307.0,0.5
1.0,308.0,0.5
1.0,309.0,0.5
1.0,310.0,0.5
1.0,311.0,0.5
1.0,312.0,0.5
1.0,313.0,0.5
1.0,314.0,0.5
1.0,315.0,0.5
1.0,316.0,0.5
1.0,317.0,0.5
1.0,318.0,0.5
1.0,319.0,0.5
1.0,320.0,0.5
1.0,321.0,0.5
1.0,322.0,0.5
1.0,323.0,0.5
1.0,324.0,0.5
1.0,325.0,0.5
1.0,326.0,0.5
1.0,327.0,0.5
1.0,328.0,0.5
1.0,329.0,0.5
1.0,330.0,0.5
1.0,331.0,0.5
1.0,332.0,0.5
1.0,333.0,0.5
1.0,334.0,0.5
2500.0,0.0,0.475615
2500.0,1.0,0.792828
2500.0,2.0,0.0
2500.0,3.0,0.212703
2500.0,4.0,0.0
2500.0,5.0,0.398362
2500.0,6.0,1.0
2500.0,7.0,0.613813
2500.0,8.0,0.556317
2500.0,9.0,0.481618
2500.0,10.0,0.616094
2500.0,11.0,0.982002
2500.0,12.0,1.0
2500.0,13.0,0.417515
2500.0,14.0,0.76155
2500.0,15.0,0.526052
2500.0,16.0,0.139395
2500.0,17.0,0.173809
2500.0,18.0,0.352799
2500.0,19.0,0.014147
2500.0,20.0,0.311911
2500.0,21.0,0.876418
2500.0,22.0,0.135755
2500.0,23.0,0.976935
2500.0,24.0,0.999632
2500.0,25.0,1.0
2500.0,26.0,0.644689
2500.0,27.0,0.030031
2500.0,28.0,0.467806
2500.0,29.0,0.418379
2500.0,30.0,0.360017
2500.0,31.0,0.986759
2500.0,32.0,0.991424
2500.0,33.0,0.529498
2500.0,34.0,0.130961
2500.0,35.0,0.178346
2500.0,36.0,0.672484
2500.0,37.0,0.545523
2500.0,38.0,0.020932
2500.0,39.0,0.518721
2500.0,40.0,0.007999
2500.0,41.0,0.001755
2500.0,42.0,0.308354
2500.0,43.0,0.800183
2500.0,44.0,0.30953
2500.0,45.0,0.764605
2500.0,46.0,0.18865
2500.0,47.0,0.314103
2500.0,48.0,0.201666
2500.0,49.0,0.831948
2500.0,50.0,0.451685
2500.0,51.0,0.657556
2500.0,52.0,0.54864
2500.0,53.0,0.666065
2500.0,54.0,0.095618
2500.0,55.0,1.0
2500.0,56.0,0.71773
2500.0,57.0,0.004345
2500.0,58.0,0.275302
2500.0,59.0,0.611252
2500.0,60.0,0.616654
2500.0,61.0,0.664622
2500.0,62.0,0.791621
2500.0,63.0,0.422171
2500.0,64.0,0.616863
2500.0,65.0,0.403271
2500.0,66.0,0.568859
2500.0,67.0,0.159426
2500.0,68.0,0.845875
2500.0,69.0,0.560366
2500.0,70.0,0.435445
2500.0,71.0,0.489681
2500.0,72.0,0.48811
2500.0,73.0,0.568434
2500.0,74.0,0.300026
2500.0,75.0,0.426939
2500.0,76.0,0.688305
2500.0,77.0,0.69064
2500.0,78.0,0.657787
2500.0,79.0,0.684604
2500.0,80.0,0.570577
2500.0,81.0,0.497903
2500.0,82.0,0.481909
2500.0,83.0,0.770538
2500.0,84.0,0.625725
2500.0,85.0,0.651084
2500.0,86.0,0.301929
2500.0,87.0,0.505216
2500.0,88.0,0.16122
2500.0,89.0,0.373537
2500.0,90.0,0.673071
2500.0,91.0,0.440033
2500.0,92.0,0.77099
2500.0,93.0,0.621995
2500.0,94.0,0.035856
2500.0,95.0,1.0
2500.0,96.0,0.126275
2500.0,97.0,0.712987
2500.0,98.0,0.388084
2500.0,99.0,0.655912
2500.0,100.0,0.395052
2500.0,101.0,0.424912
2500.0,102.0,0.419678
2500.0,103.0,0.0
2500.0,104.0,0.504901
2500.0,105.0,0.663137
2500.0,106.0,0.204077
2500.0,107.0,0.864531
2500.0,108.0,0.79901
2500.0,109.0,0.840069
2500.0,110.0,0.743141
2500.0,111.0,0.384603
2500.0,112.0,0.85805
2500.0,113.0,0.988814
2500.0,114.0,0.082338
2500.0,115.0,0.003755
2500.0,116.0,0.89893
2500.0,117.0,0.000468
2500.0,118.0,0.368599
2500.0,119.0,0.0
2500.0,120.0,0.000763
2500.0,121.0,0.354699
2500.0,122.0,0.183714
2500.0,123.0,0.442149
2500.0,124.0,0.533631
2500.0,125.0,0.609413
2500.0,126.0,0.542918
2500.0,127.0,0.672807
2500.0,128.0,0.163637
2500.0,129.0,0.754562
2500.0,130.0,0.884026
2500.0,131.0,0.003174
2500.0,132.0,0.241954
2500.0,133.0,0.54092
2500.0,134.0,0.0
2500.0,135.0,0.426142
2500.0,136.0,0.468597
2500.0,137.0,0.681139
2500.0,138.0,0.005505
2500.0,139.0,0.0
2500.0,140.0,0.597259
2500.0,141.0,0.003575
2500.0,142.0,0.0
2500.0,143.0,0.0
2500.0,144.0,0.45336
2500.0,145.0,0.854979
2500.0,146.0,0.849696
2500.0,147.0,0.002543
2500.0,148.0,0.233711
2500.0,149.0,0.976629
2500.0,150.0,0.567487
2500.0,151.0,0.48386
2500.0,152.0,0.484979
2500.0,153.0,0.71592
2500.0,154.0,0.640443
2500.0,155.0,0.999992
2500.0,156.0,0.234888
2500.0,157.0,0.591574
2500.0,158.0,0.483527
2500.0,159.0,0.476477
2500.0,160.0,0.537717
2500.0,161.0,0.251916
2500.0,162.0,1.0
2500.0,163.0,0.485852
2500.0,164.0,0.394007
2500.0,165.0,0.633176
2500.0,166.0,0.037067
2500.0,167.0,0.739379
2500.0,168.0,0.594434
2500.0,169.0,0.514445
2500.0,170.0,0.465553
2500.0,171.0,0.267562
2500.0,172.0,0.0
2500.0,173.0,0.78846
2500.0,174.0,0.495086
2500.0,175.0,0.00673
2500.0,176.0,0.518675
2500.0,177.0,0.0
2500.0,178.0,0.689043
2500.0,179.0,0.098188
2500.0,180.0,0.466578
2500.0,181.0,0.664173
2500.0,182.0,0.855722
2500.0,183.0,0.801648
2500.0,184.0,0.000233
2500.0,185.0,0.915003
2500.0,186.0,0.450796
2500.0,187.0,0.526576
2500.0,188.0,0.425429
2500.0,189.0,0.087496
2500.0,190.0,0.555262
2500.0,191.0,0.687197
2500.0,192.0,0.912375
2500.0,193.0,0.046893
2500.0,194.0,0.259817
2500.0,195.0,0.563936
2500.0,196.0,0.394044
2500.0,197.0,1.0
2500.0,198.0,0.028004
2500.0,199.0,0.0
2500.0,200.0,0.407521
2500.0,201.0,0.317424
2500.0,202.0,0.371356
2500.0,203.0,1.0
2500.0,204.0,0.007099
2500.0,205.0,0.029436
2500.0,206.0,0.706981
2500.0,207.0,0.057121
2500.0,208.0,0.416352
2500.0,209.0,0.201085
2500.0,210.0,0.364973
2500.0,211.0,0.561352
2500.0,212.0,0.127324
2500.0,213.0,0.0
2500.0,214.0,0.45748
2500.0,215.0,0.572197
2500.0,216.0,0.10848
2500.0,217.0,0.645759
2500.0,218.0,0.017795
2500.0,219.0,0.624395
2500.0,220.0,0.028059
2500.0,221.0,0.575018
2500.0,222.0,0.523034
2500.0,223.0,0.954394
2500.0,224.0,0.0
2500.0,225.0,0.45205
2500.0,226.0,0.527069
2500.0,227.0,0.403609
2500.0,228.0,0.224029
2500.0,229.0,0.200016
2500.0,230.0,0.065528
2500.0,231.0,0.436794
2500.0,232.0,0.928557
2500.0,233.0,0.803357
2500.0,234.0,0.969719
2500.0,235.0,0.319623
2500.0,236.0,0.286067
2500.0,237.0,0.655648
2500.0,238.0,0.371331
2500.0,239.0,0.349885
2500.0,240.0,0.303501
2500.0,241.0,0.999851
2500.0,242.0,0.406064
2500.0,243.0,0.442226
2500.0,244.0,0.24053
2500.0,245.0,0.0
2500.0,246.0,0.771606
2500.0,247.0,0.714962
2500.0,248.0,0.222206
2500.0,249.0,0.255981
2500.0,250.0,0.999901
2500.0,251.0,0.232607
2500.0,252.0,0.451553
2500.0,253.0,0.826134
2500.0,254.0,0.599496
2500.0,255.0,0.204682
2500.0,256.0,0.997805
2500.0,257.0,0.38447
2500.0,258.0,0.358087
2500.0,259.0,0.601053
2500.0,260.0,0.257037
2500.0,261.0,0.000212
2500.0,262.0,0.419978
2500.0,263.0,0.737845
2500.0,264.0,0.122695
2500.0,265.0,0.072884
2500.0,266.0,1.0
2500.0,267.0,0.185412
2500.0,268.0,0.650805
2500.0,269.0,0.994488
2500.0,270.0,0.617819
2500.0,271.0,0.422406
2500.0,272.0,0.141801
2500.0,273.0,0.092762
2500.0,274.0,0.613398
2500.0,275.0,0.120928
2500.0,276.0,0.995214
2500.0,277.0,0.928113
2500.0,278.0,0.463076
2500.0,279.0,0.425086
2500.0,280.0,0.772873
2500.0,281.0,0.553841
2500.0,282.0,0.403868
2500.0,283.0,0.788107
2500.0,284.0,0.290365
2500.0,285.0,0.951061
2500.0,286.0,0.502174
2500.0,287.0,0.659179
2500.0,288.0,0.361755
2500.0,289.0,0.09561
2500.0,290.0,0.011721
2500.0,291.0,0.219435
2500.0,292.0,1.0
2500.0,293.0,0.877198
2500.0,294.0,1.0
2500.0,295.0,0.854219
2500.0,296.0,0.754321
2500.0,297.0,0.400269
2500.0,298.0,0.964037
2500.0,299.0,0.852304
2500.0,300.0,0.346544
2500.0,301.0,0.490331
2500.0,302.0,0.417528
2500.0,303.0,0.063916
2500.0,304.0,0.471524
2500.0,305.0,0.326732
2500.0,306.0,0.571892
2500.0,307.0,0.026501
2500.0,308.0,0.340748
2500.0,309.0,0.626013
2500.0,310.0,0.0
2500.0,311.0,0.831864
2500.0,312.0,0.928301
2500.0,313.0,0.459968
2500.0,314.0,0.241664
2500.0,315.0,0.472133
2500.0,316.0,0.912224
2500.0,317.0,0.0
2500.0,318.0,0.259873
2500.0,319.0,0.660967
2500.0,320.0,0.684496
2500.0,321.0,0.999758
2500.0,322.0,1.0
2500.0,323.0,1.0
2500.0,324.0,0.760146
2500.0,325.0,0.44982
2500.0,326.0,0.501022
2500.0,327.0,0.002852
2500.0,328.0,0.593056
2500.0,329.0,0.73453
2500.0,330.0,1.0
2500.0,331.0,0.601382
2500.0,332.0,0.274258
2500.0,333.0,0.572222
2500.0,334.0,0.27605
2501.0,0.0,0.493883
2501.0,1.0,0.793929
2501.0,2.0,0.0
2501.0,3.0,0.212742
2501.0,4.0,0.0
2501.0,5.0,0.420019
2501.0,6.0,1.0
2501.0,7.0,0.615289
2501.0,8.0,0.556335
2501.0,9.0,0.48962
2501.0,10.0,0.619111
2501.0,11.0,0.982143
2501.0,12.0,1.0
2501.0,13.0,0.418305
2501.0,14.0,0.764458
2501.0,15.0,0.527958
2501.0,16.0,0.139772
2501.0,17.0,0.178104
2501.0,18.0,0.3553
2501.0,19.0,0.014323
2501.0,20.0,0.316038
2501.0,21.0,0.878798
2501.0,22.0,0.137345
2501.0,23.0,0.97739
2501.0,24.0,0.999655
2501.0,25.0,1.0
2501.0,26.0,0.645873
2501.0,27.0,0.030286
2501.0,28.0,0.475799
2501.0,29.0,0.420781
2501.0,30.0,0.360449
2501.0,31.0,0.986988
2501.0,32.0,0.991596
2501.0,33.0,0.534115
2501.0,34.0,0.132747
2501.0,35.0,0.179718
2501.0,36.0,0.673004
2501.0,37.0,0.552325
2501.0,38.0,0.021029
2501.0,39.0,0.551755
2501.0,40.0,0.007905
2501.0,41.0,0.001729
2501.0,42.0,0.311624
2501.0,43.0,0.801154
2501.0,44.0,0.311682
2501.0,45.0,0.765853
2501.0,46.0,0.188465
2501.0,47.0,0.317107
2501.0,48.0,0.202285
2501.0,49.0,0.833763
2501.0,50.0,0.454458
2501.0,51.0,0.663252
2501.0,52.0,0.553168
2501.0,53.0,0.669249
2501.0,54.0,0.096954
2501.0,55.0,1.0
2501.0,56.0,0.719769
2501.0,57.0,0.004507
2501.0,58.0,0.275803
2501.0,59.0,0.61207
2501.0,60.0,0.620308
2501.0,61.0,0.667081
2501.0,62.0,0.793812
2501.0,63.0,0.422038
2501.0,64.0,0.619035
2501.0,65.0,0.404573
2501.0,66.0,0.572853
2501.0,67.0,0.160168
2501.0,68.0,0.847851
2501.0,69.0,0.566225
2501.0,70.0,0.447837
2501.0,71.0,0.494276
2501.0,72.0,0.496976
2501.0,73.0,0.569688
2501.0,74.0,0.304239
2501.0,75.0,0.428629
2501.0,76.0,0.694443
2501.0,77.0,0.692921
2501.0,78.0,0.668048
2501.0,79.0,0.687542
2501.0,80.0,0.571932
2501.0,81.0,0.50307
2501.0,82.0,0.483448
2501.0,83.0,0.77506
2501.0,84.0,0.636318
2501.0,85.0,0.657735
2501.0,86.0,0.305344
2501.0,87.0,0.507394
2501.0,88.0,0.162994
2501.0,89.0,0.374002
2501.0,90.0,0.673298
2501.0,91.0,0.441456
2501.0,92.0,0.772525
2501.0,93.0,0.620958
2501.0,94.0,0.036508
2501.0,95.0,1.0
2501.0,96.0,0.127626
2501.0,97.0,0.714885
2501.0,98.0,0.388949
2501.0,99.0,0.658511
2501.0,100.0,0.399515
2501.0,101.0,0.427643
2501.0,102.0,0.427899
2501.0,103.0,0.0
2501.0,104.0,0.540521
2501.0,105.0,0.666057
2501.0,106.0,0.205623
2501.0,107.0,0.865509
2501.0,108.0,0.799168
2501.0,109.0,0.841687
2501.0,110.0,0.745725
2501.0,111.0,0.386897
2501.0,112.0,0.863412
2501.0,113.0,0.989086
2501.0,114.0,0.082769
2501.0,115.0,0.003695
2501.0,116.0,0.898926
2501.0,117.0,0.000499
2501.0,118.0,0.370416
2501.0,119.0,0.0
2501.0,120.0,0.000746
2501.0,121.0,0.369642
2501.0,122.0,0.186213
2501.0,123.0,0.4432
2501.0,124.0,0.534453
2501.0,125.0,0.610224
2501.0,126.0,0.550309
2501.0,127.0,0.673343
2501.0,128.0,0.16533
2501.0,129.0,0.754854
2501.0,130.0,0.884513
2501.0,131.0,0.003215
2501.0,132.0,0.249005
2501.0,133.0,0.543556
2501.0,134.0,0.0
2501.0,135.0,0.429984
2501.0,136.0,0.477508
2501.0,137.0,0.686389
2501.0,138.0,0.005949
2501.0,139.0,0.0
2501.0,140.0,0.599927
2501.0,141.0,0.00374
2501.0,142.0,0.0
2501.0,143.0,0.0
2501.0,144.0,0.463431
2501.0,145.0,0.856528
2501.0,146.0,0.850409
2501.0,147.0,0.002515
2501.0,148.0,0.23531
2501.0,149.0,0.976876
2501.0,150.0,0.570138
2501.0,151.0,0.484858
2501.0,152.0,0.488136
2501.0,153.0,0.725584
2501.0,154.0,0.643546
2501.0,155.0,0.999993
2501.0,156.0,0.236566
2501.0,157.0,0.593875
2501.0,158.0,0.484538
2501.0,159.0,0.486266
2501.0,160.0,0.542133
2501.0,161.0,0.254522
2501.0,162.0,1.0
2501.0,163.0,0.489379
2501.0,164.0,0.400182
2501.0,165.0,0.637025
2501.0,166.0,0.037718
2501.0,167.0,0.741948
2501.0,168.0,0.601234
2501.0,169.0,0.522775
2501.0,170.0,0.46847
2501.0,171.0,0.269008
2501.0,172.0,0.0
2501.0,173.0,0.793616
2501.0,174.0,0.502827
2501.0,175.0,0.006907
2501.0,176.0,0.520266
2501.0,177.0,0.0
2501.0,178.0,0.68994
2501.0,179.0,0.098872
2501.0,180.0,0.470891
2501.0,181.0,0.665332
2501.0,182.0,0.859773
2501.0,183.0,0.802723
2501.0,184.0,0.000243
2501.0,185.0,0.915463
2501.0,186.0,0.453894
2501.0,187.0,0.526444
2501.0,188.0,0.429945
2501.0,189.0,0.088293
2501.0,190.0,0.556439
2501.0,191.0,0.70046
2501.0,192.0,0.914126
2501.0,193.0,0.047193
2501.0,194.0,0.273594
2501.0,195.0,0.564157
2501.0,196.0,0.395354
2501.0,197.0,1.0
2501.0,198.0,0.028473
2501.0,199.0,0.0
2501.0,200.0,0.409064
2501.0,201.0,0.319542
2501.0,202.0,0.37437
2501.0,203.0,1.0
2501.0,204.0,0.007394
2501.0,205.0,0.030466
2501.0,206.0,0.70736
2501.0,207.0,0.057088
2501.0,208.0,0.416501
2501.0,209.0,0.20206
2501.0,210.0,0.372279
2501.0,211.0,0.562194
2501.0,212.0,0.149488
2501.0,213.0,0.0
2501.0,214.0,0.459792
2501.0,215.0,0.574083
2501.0,216.0,0.109368
2501.0,217.0,0.647798
2501.0,218.0,0.018616
2501.0,219.0,0.624669
2501.0,220.0,0.028558
2501.0,221.0,0.577965
2501.0,222.0,0.52301
2501.0,223.0,0.954946
2501.0,224.0,0.0
2501.0,225.0,0.454304
2501.0,226.0,0.529356
2501.0,227.0,0.409402
2501.0,228.0,0.225973
2501.0,229.0,0.201482
2501.0,230.0,0.065722
2501.0,231.0,0.455129
2501.0,232.0,0.930827
2501.0,233.0,0.805063
2501.0,234.0,0.970342
2501.0,235.0,0.320092
2501.0,236.0,0.292815
2501.0,237.0,0.671973
2501.0,238.0,0.372703
2501.0,239.0,0.353856
2501.0,240.0,0.309233
2501.0,241.0,0.999865
2501.0,242.0,0.407947
2501.0,243.0,0.441852
2501.0,244.0,0.242418
2501.0,245.0,0.0
2501.0,246.0,0.773327
2501.0,247.0,0.715497
2501.0,248.0,0.225857
2501.0,249.0,0.258661
2501.0,250.0,0.999915
2501.0,251.0,0.241859
2501.0,252.0,0.45331
2501.0,253.0,0.828085
2501.0,254.0,0.602718
2501.0,255.0,0.205029
2501.0,256.0,0.997891
2501.0,257.0,0.395365
2501.0,258.0,0.359404
2501.0,259.0,0.605043
2501.0,260.0,0.264609
2501.0,261.0,0.000203
2501.0,262.0,0.422821
2501.0,263.0,0.739542
2501.0,264.0,0.122939
2501.0,265.0,0.073727
2501.0,266.0,1.0
2501.0,267.0,0.187572
2501.0,268.0,0.656685
2501.0,269.0,0.994696
2501.0,270.0,0.622006
2501.0,271.0,0.42653
2501.0,272.0,0.143145
2501.0,273.0,0.09284
2501.0,274.0,0.61333
2501.0,275.0,0.120956
2501.0,276.0,0.995397
2501.0,277.0,0.93088
2501.0,278.0,0.464104
2501.0,279.0,0.425661
2501.0,280.0,0.773627
2501.0,281.0,0.563196
2501.0,282.0,0.405362
2501.0,283.0,0.790709
2501.0,284.0,0.291604
2501.0,285.0,0.951304
2501.0,286.0,0.507685
2501.0,287.0,0.666991
2501.0,288.0,0.361559
2501.0,289.0,0.096844
2501.0,290.0,0.011845
2501.0,291.0,0.221529
2501.0,292.0,1.0
2501.0,293.0,0.878186
2501.0,294.0,1.0
2501.0,295.0,0.853932
2501.0,296.0,0.759253
2501.0,297.0,0.400347
2501.0,298.0,0.964452
2501.0,299.0,0.853952
2501.0,300.0,0.360946
2501.0,301.0,0.491637
2501.0,302.0,0.42849
2501.0,303.0,0.063914
2501.0,304.0,0.477973
2501.0,305.0,0.328099
2501.0,306.0,0.573683
2501.0,307.0,0.026998
2501.0,308.0,0.347839
2501.0,309.0,0.628048
2501.0,310.0,0.0
2501.0,311.0,0.834372
2501.0,312.0,0.928526
2501.0,313.0,0.461703
2501.0,314.0,0.242632
2501.0,315.0,0.472722
2501.0,316.0,0.91274
2501.0,317.0,0.0
2501.0,318.0,0.282438
2501.0,319.0,0.669843
2501.0,320.0,0.686306
2501.0,321.0,0.999767
2501.0,322.0,1.0
2501.0,323.0,1.0
2501.0,324.0,0.762058
2501.0,325.0,0.450612
2501.0,326.0,0.506794
2501.0,327.0,0.002841
2501.0,328.0,0.594223
2501.0,329.0,0.738914
2501.0,330.0,1.0
2501.0,331.0,0.601882
2501.0,332.0,0.278503
2501.0,333.0,0.574552
2501.0,334.0,0.279752
2502.0,0.0,0.511401
2502.0,1.0,0.794645
2502.0,2.0,0.0
2502.0,3.0,0.213481
2502.0,4.0,0.0
2502.0,5.0,0.442674
2502.0,6.0,1.0
2502.0,7.0,0.61695
2502.0,8.0,0.557481
2502.0,9.0,0.497606
2502.0,10.0,0.621857
2502.0,11.0,0.98247
2502.0,12.0,1.0
2502.0,13.0,0.418891
2502.0,14.0,0.767345
2502.0,15.0,0.530584
2502.0,16.0,0.140191
2502.0,17.0,0.181933
2502.0,18.0,0.357786
2502.0,19.0,0.014426
2502.0,20.0,0.320083
2502.0,21.0,0.881057
2502.0,22.0,0.139285
2502.0,23.0,0.97752
2502.0,24.0,0.999674
2502.0,25.0,1.0
2502.0,26.0,0.646656
2502.0,27.0,0.030815
2502.0,28.0,0.483925
2502.0,29.0,0.423401
2502.0,30.0,0.362335
2502.0,31.0,0.987197
2502.0,32.0,0.991394
2502.0,33.0,0.53889
2502.0,34.0,0.133941
2502.0,35.0,0.181228
2502.0,36.0,0.67408
2502.0,37.0,0.55885
2502.0,38.0,0.021306
2502.0,39.0,0.582985
2502.0,40.0,0.007952
2502.0,41.0,0.00166
2502.0,42.0,0.314742
2502.0,43.0,0.80268
2502.0,44.0,0.314126
2502.0,45.0,0.766409
2502.0,46.0,0.188914
2502.0,47.0,0.320008
2502.0,48.0,0.203285
2502.0,49.0,0.835502
2502.0,50.0,0.457207
2502.0,51.0,0.668513
2502.0,52.0,0.55793
2502.0,53.0,0.671294
2502.0,54.0,0.097409
2502.0,55.0,1.0
2502.0,56.0,0.722422
2502.0,57.0,0.004635
2502.0,58.0,0.276736
2502.0,59.0,0.61189
2502.0,60.0,0.62383
2502.0,61.0,0.669271
2502.0,62.0,0.796326
2502.0,63.0,0.423045
2502.0,64.0,0.622572
2502.0,65.0,0.405717
2502.0,66.0,0.576625
2502.0,67.0,0.16059
2502.0,68.0,0.850417
2502.0,69.0,0.571164
2502.0,70.0,0.459839
2502.0,71.0,0.499645
2502.0,72.0,0.506831
2502.0,73.0,0.570831
2502.0,74.0,0.307955
2502.0,75.0,0.430218
2502.0,76.0,0.700684
2502.0,77.0,0.695416
2502.0,78.0,0.678645
2502.0,79.0,0.690117
2502.0,80.0,0.57312
2502.0,81.0,0.507693
2502.0,82.0,0.485743
2502.0,83.0,0.780109
2502.0,84.0,0.646314
2502.0,85.0,0.663239
2502.0,86.0,0.30821
2502.0,87.0,0.510423
2502.0,88.0,0.165005
2502.0,89.0,0.375022
2502.0,90.0,0.673422
2502.0,91.0,0.442835
2502.0,92.0,0.773641
2502.0,93.0,0.620968
2502.0,94.0,0.0371
2502.0,95.0,1.0
2502.0,96.0,0.128619
2502.0,97.0,0.716891
2502.0,98.0,0.390486
2502.0,99.0,0.661942
2502.0,100.0,0.403915
2502.0,101.0,0.430793
2502.0,102.0,0.435622
2502.0,103.0,0.0
2502.0,104.0,0.572495
2502.0,105.0,0.66842
2502.0,106.0,0.206481
2502.0,107.0,0.866747
2502.0,108.0,0.799271
2502.0,109.0,0.842723
2502.0,110.0,0.748419
2502.0,111.0,0.389475
2502.0,112.0,0.869149
2502.0,113.0,0.989261
2502.0,114.0,0.083151
2502.0,115.0,0.003576
2502.0,116.0,0.898912
2502.0,117.0,0.000485
2502.0,118.0,0.37291
2502.0,119.0,0.0
2502.0,120.0,0.00074
2502.0,121.0,0.384917
2502.0,122.0,0.188932
2502.0,123.0,0.444721
2502.0,124.0,0.535775
2502.0,125.0,0.611126
2502.0,126.0,0.556756
2502.0,127.0,0.673366
2502.0,128.0,0.166509
2502.0,129.0,0.755158
2502.0,130.0,0.885078
2502.0,131.0,0.003325
2502.0,132.0,0.256412
2502.0,133.0,0.545653
2502.0,134.0,0.0
2502.0,135.0,0.434387
2502.0,136.0,0.487033
2502.0,137.0,0.692443
2502.0,138.0,0.006274
2502.0,139.0,0.0
2502.0,140.0,0.601975
2502.0,141.0,0.003787
2502.0,142.0,0.0
2502.0,143.0,0.0
2502.0,144.0,0.472699
2502.0,145.0,0.857632
2502.0,146.0,0.851283
2502.0,147.0,0.002573
2502.0,148.0,0.237294
2502.0,149.0,0.977061
2502.0,150.0,0.572145
2502.0,151.0,0.485899
2502.0,152.0,0.490799
2502.0,153.0,0.735302
2502.0,154.0,0.648046
2502.0,155.0,0.999993
2502.0,156.0,0.238838
2502.0,157.0,0.595395
2502.0,158.0,0.486339
2502.0,159.0,0.49596
2502.0,160.0,0.546895
2502.0,161.0,0.256196
2502.0,162.0,1.0
2502.0,163.0,0.493622
2502.0,164.0,0.405809
2502.0,165.0,0.640864
2502.0,166.0,0.0383
2502.0,167.0,0.7442
2502.0,168.0,0.609072
2502.0,169.0,0.532103
2502.0,170.0,0.470686
2502.0,171.0,0.270407
2502.0,172.0,0.0
2502.0,173.0,0.799621
2502.0,174.0,0.510365
2502.0,175.0,0.007098
2502.0,176.0,0.521602
2502.0,177.0,0.0
2502.0,178.0,0.69096
2502.0,179.0,0.100033
2502.0,180.0,0.474654
2502.0,181.0,0.666006
2502.0,182.0,0.864325
2502.0,183.0,0.803288
2502.0,184.0,0.000237
2502.0,185.0,0.915935
2502.0,186.0,0.456006
2502.0,187.0,0.527258
2502.0,188.0,0.434776
2502.0,189.0,0.088497
2502.0,190.0,0.557279
2502.0,191.0,0.711627
2502.0,192.0,0.915603
2502.0,193.0,0.047481
2502.0,194.0,0.287265
2502.0,195.0,0.564754
2502.0,196.0,0.397457
2502.0,197.0,1.0
2502.0,198.0,0.028505
2502.0,199.0,0.0
2502.0,200.0,0.409491
2502.0,201.0,0.322081
2502.0,202.0,0.377988
2502.0,203.0,1.0
2502.0,204.0,0.007586
2502.0,205.0,0.031622
2502.0,206.0,0.707701
2502.0,207.0,0.057456
2502.0,208.0,0.416699
2502.0,209.0,0.202045
2502.0,210.0,0.378794
2502.0,211.0,0.562933
2502.0,212.0,0.174789
2502.0,213.0,0.0
2502.0,214.0,0.462152
2502.0,215.0,0.575368
2502.0,216.0,0.109808
2502.0,217.0,0.64967
2502.0,218.0,0.019322
2502.0,219.0,0.625094
2502.0,220.0,0.028597
2502.0,221.0,0.580766
2502.0,222.0,0.523863
2502.0,223.0,0.955267
2502.0,224.0,0.0
2502.0,225.0,0.457047
2502.0,226.0,0.531469
2502.0,227.0,0.415143
2502.0,228.0,0.22814
2502.0,229.0,0.202321
2502.0,230.0,0.065872
2502.0,231.0,0.474701
2502.0,232.0,0.933327
2502.0,233.0,0.8057
2502.0,234.0,0.970273
2502.0,235.0,0.320352
2502.0,236.0,0.298279
2502.0,237.0,0.686646
2502.0,238.0,0.37451
2502.0,239.0,0.357964
2502.0,240.0,0.315681
2502.0,241.0,0.999854
2502.0,242.0,0.410074
2502.0,243.0,0.44213
2502.0,244.0,0.243747
2502.0,245.0,0.0
2502.0,246.0,0.773937
2502.0,247.0,0.716349
2502.0,248.0,0.229885
2502.0,249.0,0.260968
2502.0,250.0,0.999917
2502.0,251.0,0.250734
2502.0,252.0,0.45413
2502.0,253.0,0.830113
2502.0,254.0,0.605882
2502.0,255.0,0.205577
2502.0,256.0,0.997909
2502.0,257.0,0.406027
2502.0,258.0,0.361855
2502.0,259.0,0.607565
2502.0,260.0,0.271981
2502.0,261.0,0.00019
2502.0,262.0,0.424735
2502.0,263.0,0.741283
2502.0,264.0,0.122883
2502.0,265.0,0.074162
2502.0,266.0,1.0
2502.0,267.0,0.189314
2502.0,268.0,0.662483
2502.0,269.0,0.994891
2502.0,270.0,0.626364
2502.0,271.0,0.430226
2502.0,272.0,0.144884
2502.0,273.0,0.092802
2502.0,274.0,0.61388
2502.0,275.0,0.122104
2502.0,276.0,0.995628
2502.0,277.0,0.933597
2502.0,278.0,0.464514
2502.0,279.0,0.427385
2502.0,280.0,0.773783
2502.0,281.0,0.57159
2502.0,282.0,0.406794
2502.0,283.0,0.793508
2502.0,284.0,0.294104
2502.0,285.0,0.951415
2502.0,286.0,0.512346
2502.0,287.0,0.673293
2502.0,288.0,0.362852
2502.0,289.0,0.098093
2502.0,290.0,0.011949
2502.0,291.0,0.222766
2502.0,292.0,1.0
2502.0,293.0,0.879377
2502.0,294.0,1.0
2502.0,295.0,0.854572
2502.0,296.0,0.764018
2502.0,297.0,0.401625
2502.0,298.0,0.964718
2502.0,299.0,0.855839
2502.0,300.0,0.373296
2502.0,301.0,0.493354
2502.0,302.0,0.438848
2502.0,303.0,0.063927
2502.0,304.0,0.484247
2502.0,305.0,0.328774
2502.0,306.0,0.575246
2502.0,307.0,0.027892
2502.0,308.0,0.35526
2502.0,309.0,0.630252
2502.0,310.0,0.0
2502.0,311.0,0.837772
2502.0,312.0,0.929172
2502.0,313.0,0.462793
2502.0,314.0,0.243681
2502.0,315.0,0.47328
2502.0,316.0,0.913648
2502.0,317.0,0.0
2502.0,318.0,0.304605
2502.0,319.0,0.679712
2502.0,320.0,0.687985
2502.0,321.0,0.999774
2502.0,322.0,1.0
2502.0,323.0,1.0
2502.0,324.0,0.763654
2502.0,325.0,0.451201
2502.0,326.0,0.512781
2502.0,327.0,0.002823
2502.0,328.0,0.594302
2502.0,329.0,0.742944
2502.0,330.0,1.0
2502.0,331.0,0.602639
2502.0,332.0,0.282912
2502.0,333.0,0.57782
2502.0,334.0,0.284154
2503.0,0.0,0.527606
2503.0,1.0,0.795872
2503.0,2.0,0.0
2503.0,3.0,0.213213
2503.0,4.0,0.0
2503.0,5.0,0.465239
2503.0,6.0,1.0
2503.0,7.0,0.618707
2503.0,8.0,0.558753
2503.0,9.0,0.504579
2503.0,10.0,0.625863
2503.0,11.0,0.9828
2503.0,12.0,1.0
2503.0,13.0,0.41973
2503.0,14.0,0.769796
2503.0,15.0,0.532526
2503.0,16.0,0.140746
2503.0,17.0,0.185428
2503.0,18.0,0.3611
2503.0,19.0,0.014367
2503.0,20.0,0.325253
2503.0,21.0,0.88346
2503.0,22.0,0.141829
2503.0,23.0,0.977755
2503.0,24.0,0.999641
2503.0,25.0,1.0
2503.0,26.0,0.64775
2503.0,27.0,0.030979
2503.0,28.0,0.492475
2503.0,29.0,0.424652
2503.0,30.0,0.363025
2503.0,31.0,0.987262
2503.0,32.0,0.991315
2503.0,33.0,0.543451
2503.0,34.0,0.13554
2503.0,35.0,0.183036
2503.0,36.0,0.675889
2503.0,37.0,0.564306
2503.0,38.0,0.021124
2503.0,39.0,0.612724
2503.0,40.0,0.007827
2503.0,41.0,0.001647
2503.0,42.0,0.318088
2503.0,43.0,0.804562
2503.0,44.0,0.316701
2503.0,45.0,0.766322
2503.0,46.0,0.189901
2503.0,47.0,0.322336
2503.0,48.0,0.204278
2503.0,49.0,0.837323
2503.0,50.0,0.459706
2503.0,51.0,0.674175
2503.0,52.0,0.562071
2503.0,53.0,0.674606
2503.0,54.0,0.098263
2503.0,55.0,1.0
2503.0,56.0,0.724383
2503.0,57.0,0.005006
2503.0,58.0,0.276462
2503.0,59.0,0.612533
2503.0,60.0,0.627397
2503.0,61.0,0.672034
2503.0,62.0,0.798874
2503.0,63.0,0.423786
2503.0,64.0,0.624124
2503.0,65.0,0.407035
2503.0,66.0,0.581588
2503.0,67.0,0.161051
2503.0,68.0,0.853417
2503.0,69.0,0.576327
2503.0,70.0,0.471884
2503.0,71.0,0.505917
2503.0,72.0,0.517033
2503.0,73.0,0.571185
2503.0,74.0,0.311864
2503.0,75.0,0.432053
2503.0,76.0,0.707902
2503.0,77.0,0.697098
2503.0,78.0,0.689394
2503.0,79.0,0.693721
2503.0,80.0,0.574531
2503.0,81.0,0.512194
2503.0,82.0,0.487386
2503.0,83.0,0.784579
2503.0,84.0,0.655913
2503.0,85.0,0.668627
2503.0,86.0,0.311057
2503.0,87.0,0.514158
2503.0,88.0,0.167193
2503.0,89.0,0.375157
2503.0,90.0,0.67386
2503.0,91.0,0.443938
2503.0,92.0,0.774359
2503.0,93.0,0.620866
2503.0,94.0,0.037315
2503.0,95.0,1.0
2503.0,96.0,0.129383
2503.0,97.0,0.719082
2503.0,98.0,0.391998
2503.0,99.0,0.665966
2503.0,100.0,0.409506
2503.0,101.0,0.43306
2503.0,102.0,0.443421
2503.0,103.0,0.0
2503.0,104.0,0.601435
2503.0,105.0,0.670784
2503.0,106.0,0.208473
2503.0,107.0,0.867937
2503.0,108.0,0.799413
2503.0,109.0,0.843485
2503.0,110.0,0.750811
2503.0,111.0,0.392386
2503.0,112.0,0.874287
2503.0,113.0,0.989424
2503.0,114.0,0.083456
2503.0,115.0,0.003563
2503.0,116.0,0.899308
2503.0,117.0,0.000489
2503.0,118.0,0.374409
2503.0,119.0,0.0
2503.0,120.0,0.000705
2503.0,121.0,0.40117
2503.0,122.0,0.191935
2503.0,123.0,0.446247
2503.0,124.0,0.537336
2503.0,125.0,0.611118
2503.0,126.0,0.563716
2503.0,127.0,0.672904
2503.0,128.0,0.16799
2503.0,129.0,0.755755
2503.0,130.0,0.885539
2503.0,131.0,0.003289
2503.0,132.0,0.264247
2503.0,133.0,0.54788
2503.0,134.0,0.0
2503.0,135.0,0.438577
2503.0,136.0,0.496124
2503.0,137.0,0.696996
2503.0,138.0,0.006788
2503.0,139.0,0.0
2503.0,140.0,0.603705
2503.0,141.0,0.003942
2503.0,142.0,0.0
2503.0,143.0,0.0
2503.0,144.0,0.482123
2503.0,145.0,0.858406
2503.0,146.0,0.852344
2503.0,147.0,0.002515
2503.0,148.0,0.238712
2503.0,149.0,0.977316
2503.0,150.0,0.574985
2503.0,151.0,0.486368
2503.0,152.0,0.494373
2503.0,153.0,0.745287
2503.0,154.0,0.651348
2503.0,155.0,0.999989
2503.0,156.0,0.241286
2503.0,157.0,0.597734
2503.0,158.0,0.488523
2503.0,159.0,0.506371
2503.0,160.0,0.550542
2503.0,161.0,0.258886
2503.0,162.0,1.0
2503.0,163.0,0.497689
2503.0,164.0,0.411342
2503.0,165.0,0.644716
2503.0,166.0,0.038772
2503.0,167.0,0.746405
2503.0,168.0,0.61547
2503.0,169.0,0.540689
2503.0,170.0,0.473954
2503.0,171.0,0.272036
2503.0,172.0,0.0
2503.0,173.0,0.805237
2503.0,174.0,0.517493
2503.0,175.0,0.007137
2503.0,176.0,0.523451
2503.0,177.0,0.0
2503.0,178.0,0.69221
2503.0,179.0,0.100441
2503.0,180.0,0.477998
2503.0,181.0,0.667102
2503.0,182.0,0.868002
2503.0,183.0,0.803907
2503.0,184.0,0.000239
2503.0,185.0,0.916462
2503.0,186.0,0.459376
2503.0,187.0,0.527052
2503.0,188.0,0.438824
2503.0,189.0,0.089505
2503.0,190.0,0.558322
2503.0,191.0,0.722802
2503.0,192.0,0.916908
2503.0,193.0,0.047178
2503.0,194.0,0.301346
2503.0,195.0,0.565014
2503.0,196.0,0.400525
2503.0,197.0,1.0
2503.0,198.0,0.028758
2503.0,199.0,0.0
2503.0,200.0,0.410753
2503.0,201.0,0.324472
2503.0,202.0,0.380742
2503.0,203.0,1.0
2503.0,204.0,0.007931
2503.0,205.0,0.032535
2503.0,206.0,0.707688
2503.0,207.0,0.057426
2503.0,208.0,0.416425
2503.0,209.0,0.203248
2503.0,210.0,0.385343
2503.0,211.0,0.563137
2503.0,212.0,0.202198
2503.0,213.0,0.0
2503.0,214.0,0.465261
2503.0,215.0,0.576625
2503.0,216.0,0.109965
2503.0,217.0,0.651495
2503.0,218.0,0.020433
2503.0,219.0,0.624965
2503.0,220.0,0.028631
2503.0,221.0,0.582452
2503.0,222.0,0.524114
2503.0,223.0,0.95597
2503.0,224.0,0.0
2503.0,225.0,0.459638
2503.0,226.0,0.53284
2503.0,227.0,0.420832
2503.0,228.0,0.23114
2503.0,229.0,0.203616
2503.0,230.0,0.066482
2503.0,231.0,0.493277
2503.0,232.0,0.935257
2503.0,233.0,0.806677
2503.0,234.0,0.970687
2503.0,235.0,0.320912
2503.0,236.0,0.304569
2503.0,237.0,0.700412
2503.0,238.0,0.375727
2503.0,239.0,0.361902
2503.0,240.0,0.320875
2503.0,241.0,0.999843
2503.0,242.0,0.412546
2503.0,243.0,0.441088
2503.0,244.0,0.245557
2503.0,245.0,0.0
2503.0,246.0,0.774727
2503.0,247.0,0.717799
2503.0,248.0,0.234415
2503.0,249.0,0.263463
2503.0,250.0,0.99993
2503.0,251.0,0.260219
2503.0,252.0,0.455305
2503.0,253.0,0.83184
2503.0,254.0,0.609441
2503.0,255.0,0.206162
2503.0,256.0,0.997988
2503.0,257.0,0.416856
2503.0,258.0,0.363368
2503.0,259.0,0.610691
2503.0,260.0,0.279681
2503.0,261.0,0.000188
2503.0,262.0,0.427428
2503.0,263.0,0.741369
2503.0,264.0,0.12304
2503.0,265.0,0.074753
2503.0,266.0,1.0
2503.0,267.0,0.19103
2503.0,268.0,0.668602
2503.0,269.0,0.995208
2503.0,270.0,0.630068
2503.0,271.0,0.433281
2503.0,272.0,0.146174
2503.0,273.0,0.093153
2503.0,274.0,0.615238
2503.0,275.0,0.122376
2503.0,276.0,0.995794
2503.0,277.0,0.936813
2503.0,278.0,0.465552
2503.0,279.0,0.428945
2503.0,280.0,0.774123
2503.0,281.0,0.581492
2503.0,282.0,0.409373
2503.0,283.0,0.79551
2503.0,284.0,0.296215
2503.0,285.0,0.95201
2503.0,286.0,0.51728
2503.0,287.0,0.680761
2503.0,288.0,0.362898
2503.0,289.0,0.100128
2503.0,290.0,0.012275
2503.0,291.0,0.224052
2503.0,292.0,1.0
2503.0,293.0,0.880496
2503.0,294.0,1.0
2503.0,295.0,0.85476
2503.0,296.0,0.768335
2503.0,297.0,0.402524
2503.0,298.0,0.965195
2503.0,299.0,0.857802
2503.0,300.0,0.386233
2503.0,301.0,0.495043
2503.0,302.0,0.448294
2503.0,303.0,0.064072
2503.0,304.0,0.490539
2503.0,305.0,0.329608
2503.0,306.0,0.576462
2503.0,307.0,0.028289
2503.0,308.0,0.36184
2503.0,309.0,0.633112
2503.0,310.0,0.0
2503.0,311.0,0.840736
2503.0,312.0,0.929726
2503.0,313.0,0.464732
2503.0,314.0,0.244966
2503.0,315.0,0.475002
2503.0,316.0,0.914015
2503.0,317.0,0.0
2503.0,318.0,0.328482
2503.0,319.0,0.68915
2503.0,320.0,0.689724
2503.0,321.0,0.999785
2503.0,322.0,1.0
2503.0,323.0,1.0
2503.0,324.0,0.764905
2503.0,325.0,0.45295
2503.0,326.0,0.518268
2503.0,327.0,0.002827
2503.0,328.0,0.59361
2503.0,329.0,0.747205
2503.0,330.0,1.0
2503.0,331.0,0.603757
2503.0,332.0,0.288033
2503.0,333.0,0.580367
2503.0,334.0,0.288466
2504.0,0.0,0.543982
2504.0,1.0,0.797014
2504.0,2.0,0.0
2504.0,3.0,0.213025
2504.0,4.0,0.0
2504.0,5.0,0.489261
2504.0,6.0,1.0
2504.0,7.0,0.620075
2504.0,8.0,0.559074
2504.0,9.0,0.512045
2504.0,10.0,0.63033
2504.0,11.0,0.982795
2504.0,12.0,1.0
2504.0,13.0,0.4205
2504.0,14.0,0.771572
2504.0,15.0,0.535146
2504.0,16.0,0.14082
2504.0,17.0,0.189108
2504.0,18.0,0.364016
2504.0,19.0,0.014252
2504.0,20.0,0.329994
2504.0,21.0,0.887011
2504.0,22.0,0.143357
2504.0,23.0,0.978214
2504.0,24.0,0.999631
2504.0,25.0,1.0
2504.0,26.0,0.64819
2504.0,27.0,0.031381
2504.0,28.0,0.501206
2504.0,29.0,0.427109
2504.0,30.0,0.363112
2504.0,31.0,0.987368
2504.0,32.0,0.991197
2504.0,33.0,0.547572
2504.0,34.0,0.137652
2504.0,35.0,0.18413
2504.0,36.0,0.676585
2504.0,37.0,0.569833
2504.0,38.0,0.021124
2504.0,39.0,0.639141
2504.0,40.0,0.007782
2504.0,41.0,0.001749
2504.0,42.0,0.32057
2504.0,43.0,0.806709
2504.0,44.0,0.319231
2504.0,45.0,0.766592
2504.0,46.0,0.190376
2504.0,47.0,0.324512
2504.0,48.0,0.205268
2504.0,49.0,0.838586
2504.0,50.0,0.461487
2504.0,51.0,0.679601
2504.0,52.0,0.567249
2504.0,53.0,0.677669
2504.0,54.0,0.098757
2504.0,55.0,1.0
2504.0,56.0,0.726692
2504.0,57.0,0.005194
2504.0,58.0,0.275938
2504.0,59.0,0.613076
2504.0,60.0,0.630098
2504.0,61.0,0.674048
2504.0,62.0,0.801828
2504.0,63.0,0.424863
2504.0,64.0,0.626688
2504.0,65.0,0.409432
2504.0,66.0,0.586608
2504.0,67.0,0.162242
2504.0,68.0,0.856519
2504.0,69.0,0.581909
2504.0,70.0,0.483802
2504.0,71.0,0.511181
2504.0,72.0,0.526335
2504.0,73.0,0.571299
2504.0,74.0,0.316132
2504.0,75.0,0.433432
2504.0,76.0,0.713317
2504.0,77.0,0.699839
2504.0,78.0,0.699684
2504.0,79.0,0.696643
2504.0,80.0,0.57586
2504.0,81.0,0.516932
2504.0,82.0,0.489111
2504.0,83.0,0.788203
2504.0,84.0,0.665323
2504.0,85.0,0.675041
2504.0,86.0,0.313639
2504.0,87.0,0.516582
2504.0,88.0,0.169386
2504.0,89.0,0.375821
2504.0,90.0,0.674381
2504.0,91.0,0.444689
2504.0,92.0,0.775709
2504.0,93.0,0.620619
2504.0,94.0,0.037545
2504.0,95.0,1.0
2504.0,96.0,0.131135
2504.0,97.0,0.720873
2504.0,98.0,0.393179
2504.0,99.0,0.667376
2504.0,100.0,0.413093
2504.0,101.0,0.436685
2504.0,102.0,0.451124
2504.0,103.0,0.0
2504.0,104.0,0.628119
2504.0,105.0,0.672843
2504.0,106.0,0.209912
2504.0,107.0,0.868983
2504.0,108.0,0.799491
2504.0,109.0,0.844019
2504.0,110.0,0.75356
2504.0,111.0,0.394807
2504.0,112.0,0.879419
2504.0,113.0,0.989863
2504.0,114.0,0.084105
2504.0,115.0,0.003584
2504.0,116.0,0.900129
2504.0,117.0,0.000516
2504.0,118.0,0.376358
2504.0,119.0,0.0
2504.0,120.0,0.000688
2504.0,121.0,0.416895
2504.0,122.0,0.194508
2504.0,123.0,0.447795
2504.0,124.0,0.538557
2504.0,125.0,0.611347
2504.0,126.0,0.56863
2504.0,127.0,0.672225
2504.0,128.0,0.16928
2504.0,129.0,0.756859
2504.0,130.0,0.885571
2504.0,131.0,0.003348
2504.0,132.0,0.271422
2504.0,133.0,0.549904
2504.0,134.0,0.0
2504.0,135.0,0.443792
2504.0,136.0,0.504707
2504.0,137.0,0.701626
2504.0,138.0,0.007325
2504.0,139.0,0.0
2504.0,140.0,0.606139
2504.0,141.0,0.004046
2504.0,142.0,0.0
2504.0,143.0,0.0
2504.0,144.0,0.492493
2504.0,145.0,0.859344
2504.0,146.0,0.85338
2504.0,147.0,0.002587
2504.0,148.0,0.240232
2504.0,149.0,0.977567
2504.0,150.0,0.577212
2504.0,151.0,0.488401
2504.0,152.0,0.496396
2504.0,153.0,0.754133
2504.0,154.0,0.654803
2504.0,155.0,0.999993
2504.0,156.0,0.243719
2504.0,157.0,0.600174
2504.0,158.0,0.490513
2504.0,159.0,0.515366
2504.0,160.0,0.554542
2504.0,161.0,0.260857
2504.0,162.0,1.0
2504.0,163.0,0.500895
2504.0,164.0,0.416688
2504.0,165.0,0.647477
2504.0,166.0,0.03939
2504.0,167.0,0.748281
2504.0,168.0,0.624143
2504.0,169.0,0.549207
2504.0,170.0,0.476931
2504.0,171.0,0.273995
2504.0,172.0,0.0
2504.0,173.0,0.810496
2504.0,174.0,0.526088
2504.0,175.0,0.007178
2504.0,176.0,0.525679
2504.0,177.0,0.0
2504.0,178.0,0.693783
2504.0,179.0,0.101674
2504.0,180.0,0.481362
2504.0,181.0,0.667879
2504.0,182.0,0.871567
2504.0,183.0,0.804621
2504.0,184.0,0.000229
2504.0,185.0,0.916752
2504.0,186.0,0.462624
2504.0,187.0,0.528206
2504.0,188.0,0.443886
2504.0,189.0,0.090202
2504.0,190.0,0.56014
2504.0,191.0,0.732382
2504.0,192.0,0.918307
2504.0,193.0,0.047425
2504.0,194.0,0.315694
2504.0,195.0,0.565751
2504.0,196.0,0.403086
2504.0,197.0,1.0
2504.0,198.0,0.02912
2504.0,199.0,0.0
2504.0,200.0,0.412312
2504.0,201.0,0.326559
2504.0,202.0,0.384019
2504.0,203.0,1.0
2504.0,204.0,0.008131
2504.0,205.0,0.03375
2504.0,206.0,0.708357
2504.0,207.0,0.057811
2504.0,208.0,0.416585
2504.0,209.0,0.204147
2504.0,210.0,0.391823
2504.0,211.0,0.563714
2504.0,212.0,0.231562
2504.0,213.0,0.0
2504.0,214.0,0.468315
2504.0,215.0,0.578037
2504.0,216.0,0.110209
2504.0,217.0,0.653358
2504.0,218.0,0.021343
2504.0,219.0,0.625293
2504.0,220.0,0.028778
2504.0,221.0,0.585668
2504.0,222.0,0.524767
2504.0,223.0,0.95616
2504.0,224.0,0.0
2504.0,225.0,0.460932
2504.0,226.0,0.534583
2504.0,227.0,0.426045
2504.0,228.0,0.234305
2504.0,229.0,0.205089
2504.0,230.0,0.066751
2504.0,231.0,0.512178
2504.0,232.0,0.937622
2504.0,233.0,0.807601
2504.0,234.0,0.970864
2504.0,235.0,0.322201
2504.0,236.0,0.310289
2504.0,237.0,0.713912
2504.0,238.0,0.377387
2504.0,239.0,0.364494
2504.0,240.0,0.325905
2504.0,241.0,0.999844
2504.0,242.0,0.414573
2504.0,243.0,0.440938
2504.0,244.0,0.247379
2504.0,245.0,0.0
2504.0,246.0,0.775892
2504.0,247.0,0.718927
2504.0,248.0,0.238496
2504.0,249.0,0.265503
2504.0,250.0,0.999943
2504.0,251.0,0.269757
2504.0,252.0,0.456215
2504.0,253.0,0.833022
2504.0,254.0,0.612637
2504.0,255.0,0.207326
2504.0,256.0,0.998095
2504.0,257.0,0.427991
2504.0,258.0,0.365705
2504.0,259.0,0.612847
2504.0,260.0,0.286549
2504.0,261.0,0.00021
2504.0,262.0,0.430226
2504.0,263.0,0.741534
2504.0,264.0,0.122795
2504.0,265.0,0.075223
2504.0,266.0,1.0
2504.0,267.0,0.193184
2504.0,268.0,0.674754
2504.0,269.0,0.995509
2504.0,270.0,0.63521
2504.0,271.0,0.437136
2504.0,272.0,0.147197
2504.0,273.0,0.093474
2504.0,274.0,0.616188
2504.0,275.0,0.122289
2504.0,276.0,0.995892
2504.0,277.0,0.938971
2504.0,278.0,0.466934
2504.0,279.0,0.429788
2504.0,280.0,0.774518
2504.0,281.0,0.589496
2504.0,282.0,0.410483
2504.0,283.0,0.797626
2504.0,284.0,0.298232
2504.0,285.0,0.952188
2504.0,286.0,0.52261
2504.0,287.0,0.686631
2504.0,288.0,0.363656
2504.0,289.0,0.102043
2504.0,290.0,0.012296
2504.0,291.0,0.225665
2504.0,292.0,1.0
2504.0,293.0,0.881269
2504.0,294.0,1.0
2504.0,295.0,0.854642
2504.0,296.0,0.772641
2504.0,297.0,0.403892
2504.0,298.0,0.965652
2504.0,299.0,0.859038
2504.0,300.0,0.398168
2504.0,301.0,0.496864
2504.0,302.0,0.458723
2504.0,303.0,0.064689
2504.0,304.0,0.496073
2504.0,305.0,0.330775
2504.0,306.0,0.578508
2504.0,307.0,0.028827
2504.0,308.0,0.368112
2504.0,309.0,0.634558
2504.0,310.0,0.0
2504.0,311.0,0.843135
2504.0,312.0,0.93094
2504.0,313.0,0.466516
2504.0,314.0,0.24607
2504.0,315.0,0.476451
2504.0,316.0,0.914612
2504.0,317.0,0.0
2504.0,318.0,0.352807
2504.0,319.0,0.697861
2504.0,320.0,0.690805
2504.0,321.0,0.999788
2504.0,322.0,1.0
2504.0,323.0,1.0
2504.0,324.0,0.766743
2504.0,325.0,0.453499
2504.0,326.0,0.524154
2504.0,327.0,0.002917
2504.0,328.0,0.593357
2504.0,329.0,0.751319
2504.0,330.0,1.0
2504.0,331.0,0.604998
2504.0,332.0,0.292381
2504.0,333.0,0.582299
2504.0,334.0,0.291552
2505.0,0.0,0.558031
2505.0,1.0,0.798497
2505.0,2.0,0.0
2505.0,3.0,0.213988
2505.0,4.0,0.0
2505.0,5.0,0.513697
2505.0,6.0,1.0
2505.0,7.0,0.621511
2505.0,8.0,0.559749
2505.0,9.0,0.519532
2505.0,10.0,0.634115
2505.0,11.0,0.982906
2505.0,12.0,1.0
2505.0,13.0,0.421188
2505.0,14.0,0.773503
2505.0,15.0,0.538499
2505.0,16.0,0.14186
2505.0,17.0,0.192437
2505.0,18.0,0.367189
2505.0,19.0,0.014439
2505.0,20.0,0.334158
2505.0,21.0,0.889701
2505.0,22.0,0.145094
2505.0,23.0,0.978433
2505.0,24.0,0.999634
2505.0,25.0,1.0
2505.0,26.0,0.649167
2505.0,27.0,0.031845
2505.0,28.0,0.509154
2505.0,29.0,0.429963
2505.0,30.0,0.364153
2505.0,31.0,0.987284
2505.0,32.0,0.99137
2505.0,33.0,0.551639
2505.0,34.0,0.139448
2505.0,35.0,0.184902
2505.0,36.0,0.678085
2505.0,37.0,0.575516
2505.0,38.0,0.021193
2505.0,39.0,0.662936
2505.0,40.0,0.007908
2505.0,41.0,0.001767
2505.0,42.0,0.322889
2505.0,43.0,0.809492
2505.0,44.0,0.320957
2505.0,45.0,0.76818
2505.0,46.0,0.190748
2505.0,47.0,0.326973
2505.0,48.0,0.205864
2505.0,49.0,0.840174
2505.0,50.0,0.462988
2505.0,51.0,0.685309
2505.0,52.0,0.572554
2505.0,53.0,0.679903
2505.0,54.0,0.099229
2505.0,55.0,1.0
2505.0,56.0,0.729596
2505.0,57.0,0.005291
2505.0,58.0,0.276039
2505.0,59.0,0.613563
2505.0,60.0,0.633441
2505.0,61.0,0.675765
2505.0,62.0,0.803733
2505.0,63.0,0.425029
2505.0,64.0,0.628675
2505.0,65.0,0.410669
2505.0,66.0,0.592149
2505.0,67.0,0.162726
2505.0,68.0,0.859093
2505.0,69.0,0.586443
2505.0,70.0,0.495212
2505.0,71.0,0.515149
2505.0,72.0,0.535521
2505.0,73.0,0.571842
2505.0,74.0,0.319715
2505.0,75.0,0.434815
2505.0,76.0,0.719399
2505.0,77.0,0.701967
2505.0,78.0,0.709969
2505.0,79.0,0.698777
2505.0,80.0,0.576825
2505.0,81.0,0.521881
2505.0,82.0,0.490837
2505.0,83.0,0.792712
2505.0,84.0,0.674098
2505.0,85.0,0.680678
2505.0,86.0,0.316307
2505.0,87.0,0.519164
2505.0,88.0,0.170615
2505.0,89.0,0.376235
2505.0,90.0,0.673678
2505.0,91.0,0.445408
2505.0,92.0,0.776582
2505.0,93.0,0.621765
2505.0,94.0,0.037961
2505.0,95.0,1.0
2505.0,96.0,0.132226
2505.0,97.0,0.722348
2505.0,98.0,0.394413
2505.0,99.0,0.67063
2505.0,100.0,0.417422
2505.0,101.0,0.438725
2505.0,102.0,0.458592
2505.0,103.0,0.0
2505.0,104.0,0.652706
2505.0,105.0,0.675318
2505.0,106.0,0.211352
2505.0,107.0,0.869592
2505.0,108.0,0.799818
2505.0,109.0,0.844459
2505.0,110.0,0.75607
2505.0,111.0,0.396858
2505.0,112.0,0.884552
2505.0,113.0,0.990235
2505.0,114.0,0.084747
2505.0,115.0,0.003613
2505.0,116.0,0.900589
2505.0,117.0,0.000511
2505.0,118.0,0.378147
2505.0,119.0,0.0
2505.0,120.0,0.00065
2505.0,121.0,0.431848
2505.0,122.0,0.197257
2505.0,123.0,0.449094
2505.0,124.0,0.538627
2505.0,125.0,0.612317
2505.0,126.0,0.573637
2505.0,127.0,0.671391
2505.0,128.0,0.17092
2505.0,129.0,0.757896
2505.0,130.0,0.885545
2505.0,131.0,0.003327
2505.0,132.0,0.279052
2505.0,133.0,0.552227
2505.0,134.0,0.0
2505.0,135.0,0.449525
2505.0,136.0,0.512962
2505.0,137.0,0.706463
2505.0,138.0,0.007746
2505.0,139.0,0.0
2505.0,140.0,0.608661
2505.0,141.0,0.004087
2505.0,142.0,0.0
2505.0,143.0,0.0
2505.0,144.0,0.500457
2505.0,145.0,0.859895
2505.0,146.0,0.854381
2505.0,147.0,0.002641
2505.0,148.0,0.242146
2505.0,149.0,0.977786
2505.0,150.0,0.580867
2505.0,151.0,0.489766
2505.0,152.0,0.498612
2505.0,153.0,0.763031
2505.0,154.0,0.659159
2505.0,155.0,0.999999
2505.0,156.0,0.246537
2505.0,157.0,0.602481
2505.0,158.0,0.491984
2505.0,159.0,0.524035
2505.0,160.0,0.558294
2505.0,161.0,0.262849
2505.0,162.0,1.0
2505.0,163.0,0.504502
2505.0,164.0,0.423069
2505.0,165.0,0.650486
2505.0,166.0,0.039591
2505.0,167.0,0.749626
2505.0,168.0,0.631462
2505.0,169.0,0.556496
2505.0,170.0,0.479664
2505.0,171.0,0.27541
2505.0,172.0,0.0
2505.0,173.0,0.815216
2505.0,174.0,0.533136
2505.0,175.0,0.007388
2505.0,176.0,0.527257
2505.0,177.0,0.0
2505.0,178.0,0.694598
2505.0,179.0,0.102282
2505.0,180.0,0.48585
2505.0,181.0,0.668212
2505.0,182.0,0.874555
2505.0,183.0,0.805264
2505.0,184.0,0.000219
2505.0,185.0,0.917374
2505.0,186.0,0.465678
2505.0,187.0,0.529552
2505.0,188.0,0.448712
2505.0,189.0,0.091249
2505.0,190.0,0.560131
2505.0,191.0,0.741897
2505.0,192.0,0.919585
2505.0,193.0,0.047335
2505.0,194.0,0.328958
2505.0,195.0,0.566963
2505.0,196.0,0.404338
2505.0,197.0,1.0
2505.0,198.0,0.02941
2505.0,199.0,0.0
2505.0,200.0,0.412977
2505.0,201.0,0.329353
2505.0,202.0,0.387378
2505.0,203.0,1.0
2505.0,204.0,0.008286
2505.0,205.0,0.034803
2505.0,206.0,0.709127
2505.0,207.0,0.057973
2505.0,208.0,0.416841
2505.0,209.0,0.20451
2505.0,210.0,0.398297
2505.0,211.0,0.564953
2505.0,212.0,0.261305
2505.0,213.0,0.0
2505.0,214.0,0.469894
2505.0,215.0,0.579202
2505.0,216.0,0.110488
2505.0,217.0,0.655654
2505.0,218.0,0.022475
2505.0,219.0,0.625649
2505.0,220.0,0.028653
2505.0,221.0,0.588862
2505.0,222.0,0.52507
2505.0,223.0,0.95687
2505.0,224.0,0.0
2505.0,225.0,0.463212
2505.0,226.0,0.53682
2505.0,227.0,0.431746
2505.0,228.0,0.237251
2505.0,229.0,0.207089
2505.0,230.0,0.066929
2505.0,231.0,0.529452
2505.0,232.0,0.939814
2505.0,233.0,0.808242
2505.0,234.0,0.971141
2505.0,235.0,0.322482
2505.0,236.0,0.317133
2505.0,237.0,0.726611
2505.0,238.0,0.37933
2505.0,239.0,0.368204
2505.0,240.0,0.331547
2505.0,241.0,0.999829
2505.0,242.0,0.417044
2505.0,243.0,0.441366
2505.0,244.0,0.249084
2505.0,245.0,0.0
2505.0,246.0,0.777053
2505.0,247.0,0.720236
2505.0,248.0,0.243809
2505.0,249.0,0.267378
2505.0,250.0,0.999957
2505.0,251.0,0.278932
2505.0,252.0,0.457527
2505.0,253.0,0.834604
2505.0,254.0,0.615797
2505.0,255.0,0.207332
2505.0,256.0,0.998061
2505.0,257.0,0.438319
2505.0,258.0,0.368606
2505.0,259.0,0.615342
2505.0,260.0,0.293702
2505.0,261.0,0.000179
2505.0,262.0,0.432749
2505.0,263.0,0.741881
2505.0,264.0,0.123135
2505.0,265.0,0.075863
2505.0,266.0,1.0
2505.0,267.0,0.194164
2505.0,268.0,0.680613
2505.0,269.0,0.995719
2505.0,270.0,0.639069
2505.0,271.0,0.440547
2505.0,272.0,0.1488
2505.0,273.0,0.093586
2505.0,274.0,0.61715
2505.0,275.0,0.122699
2505.0,276.0,0.996095
2505.0,277.0,0.941401
2505.0,278.0,0.469413
2505.0,279.0,0.430498
2505.0,280.0,0.774726
2505.0,281.0,0.597076
2505.0,282.0,0.412079
2505.0,283.0,0.799216
2505.0,284.0,0.300341
2505.0,285.0,0.952765
2505.0,286.0,0.528415
2505.0,287.0,0.693654
2505.0,288.0,0.363506
2505.0,289.0,0.103489
2505.0,290.0,0.012248
2505.0,291.0,0.226206
2505.0,292.0,1.0
2505.0,293.0,0.881858
2505.0,294.0,1.0
2505.0,295.0,0.855134
2505.0,296.0,0.777074
2505.0,297.0,0.404437
2505.0,298.0,0.966173
2505.0,299.0,0.859661
2505.0,300.0,0.410676
2505.0,301.0,0.498125
2505.0,302.0,0.469667
2505.0,303.0,0.064637
2505.0,304.0,0.502125
2505.0,305.0,0.33103
2505.0,306.0,0.579293
2505.0,307.0,0.029629
2505.0,308.0,0.374591
2505.0,309.0,0.636863
2505.0,310.0,0.0
2505.0,311.0,0.845465
2505.0,312.0,0.931111
2505.0,313.0,0.467736
2505.0,314.0,0.24675
2505.0,315.0,0.477515
2505.0,316.0,0.915193
2505.0,317.0,0.0
2505.0,318.0,0.376028
2505.0,319.0,0.705908
2505.0,320.0,0.692311
2505.0,321.0,0.99978
2505.0,322.0,1.0
2505.0,323.0,1.0
2505.0,324.0,0.768318
2505.0,325.0,0.454289
2505.0,326.0,0.530063
2505.0,327.0,0.002839
2505.0,328.0,0.592185
2505.0,329.0,0.755624
2505.0,330.0,1.0
2505.0,331.0,0.606137
2505.0,332.0,0.295755
2505.0,333.0,0.583659
2505.0,334.0,0.295299
2506.0,0.0,0.542225
2506.0,1.0,0.797104
2506.0,2.0,0.0
2506.0,3.0,0.213857
2506.0,4.0,0.0
2506.0,5.0,0.488253
2506.0,6.0,1.0
2506.0,7.0,0.620208
2506.0,8.0,0.559733
2506.0,9.0,0.511185
2506.0,10.0,0.629834
2506.0,11.0,0.983057
2506.0,12.0,1.0
2506.0,13.0,0.419786
2506.0,14.0,0.771306
2506.0,15.0,0.535452
2506.0,16.0,0.141902
2506.0,17.0,0.188456
2506.0,18.0,0.363633
2506.0,19.0,0.014266
2506.0,20.0,0.330465
2506.0,21.0,0.887377
2506.0,22.0,0.143433
2506.0,23.0,0.978303
2506.0,24.0,0.999648
2506.0,25.0,1.0
2506.0,26.0,0.649245
2506.0,27.0,0.031774
2506.0,28.0,0.500659
2506.0,29.0,0.427854
2506.0,30.0,0.363886
2506.0,31.0,0.987154
2506.0,32.0,0.99138
2506.0,33.0,0.547198
2506.0,34.0,0.137916
2506.0,35.0,0.184328
2506.0,36.0,0.676753
2506.0,37.0,0.568942
2506.0,38.0,0.02123
2506.0,39.0,0.633552
2506.0,40.0,0.007858
2506.0,41.0,0.001734
2506.0,42.0,0.320352
2506.0,43.0,0.807806
2506.0,44.0,0.318249
2506.0,45.0,0.767598
2506.0,46.0,0.190217
2506.0,47.0,0.324727
2506.0,48.0,0.204848
2506.0,49.0,0.83808
2506.0,50.0,0.459175
2506.0,51.0,0.679518
2506.0,52.0,0.567845
2506.0,53.0,0.67713
2506.0,54.0,0.098494
2506.0,55.0,1.0
2506.0,56.0,0.726884
2506.0,57.0,0.005018
2506.0,58.0,0.275905
2506.0,59.0,0.612619
2506.0,60.0,0.630451
2506.0,61.0,0.673882
2506.0,62.0,0.801444
2506.0,63.0,0.425157
2506.0,64.0,0.627096
2506.0,65.0,0.409669
2506.0,66.0,0.587202
2506.0,67.0,0.162175
2506.0,68.0,0.856942
2506.0,69.0,0.581405
2506.0,70.0,0.482761
2506.0,71.0,0.509463
2506.0,72.0,0.525314
2506.0,73.0,0.571147
2506.0,74.0,0.315798
2506.0,75.0,0.432454
2506.0,76.0,0.713627
2506.0,77.0,0.70018
2506.0,78.0,0.698639
2506.0,79.0,0.695974
2506.0,80.0,0.575954
2506.0,81.0,0.516863
2506.0,82.0,0.488912
2506.0,83.0,0.787829
2506.0,84.0,0.664267
2506.0,85.0,0.674698
2506.0,86.0,0.31395
2506.0,87.0,0.515585
2506.0,88.0,0.168519
2506.0,89.0,0.37566
2506.0,90.0,0.67379
2506.0,91.0,0.443997
2506.0,92.0,0.775581
2506.0,93.0,0.621311
2506.0,94.0,0.037336
2506.0,95.0,1.0
2506.0,96.0,0.13046
2506.0,97.0,0.720295
2506.0,98.0,0.393593
2506.0,99.0,0.668014
2506.0,100.0,0.412881
2506.0,101.0,0.435906
2506.0,102.0,0.451202
2506.0,103.0,0.0
2506.0,104.0,0.622669
2506.0,105.0,0.672504
2506.0,106.0,0.209519
2506.0,107.0,0.868965
2506.0,108.0,0.799542
2506.0,109.0,0.842826
2506.0,110.0,0.753074
2506.0,111.0,0.395196
2506.0,112.0,0.87933
2506.0,113.0,0.989921
2506.0,114.0,0.084292
2506.0,115.0,0.00362
2506.0,116.0,0.900951
2506.0,117.0,0.000482
2506.0,118.0,0.377155
2506.0,119.0,0.0
2506.0,120.0,0.000647
2506.0,121.0,0.41414
2506.0,122.0,0.194458
2506.0,123.0,0.44824
2506.0,124.0,0.536918
2506.0,125.0,0.611771
2506.0,126.0,0.567862
2506.0,127.0,0.672047
2506.0,128.0,0.169356
2506.0,129.0,0.757373
2506.0,130.0,0.885306
2506.0,131.0,0.003305
2506.0,132.0,0.271378
2506.0,133.0,0.549772
2506.0,134.0,0.0
2506.0,135.0,0.443851
2506.0,136.0,0.50372
2506.0,137.0,0.701107
2506.0,138.0,0.007239
2506.0,139.0,0.0
2506.0,140.0,0.606394
2506.0,141.0,0.003991
2506.0,142.0,0.0
2506.0,143.0,0.0
2506.0,144.0,0.491115
2506.0,145.0,0.858938
2506.0,146.0,0.853255
2506.0,147.0,0.002595
2506.0,148.0,0.240412
2506.0,149.0,0.977626
2506.0,150.0,0.578571
2506.0,151.0,0.488715
2506.0,152.0,0.496202
2506.0,153.0,0.753811
2506.0,154.0,0.655673
2506.0,155.0,1.0
2506.0,156.0,0.243736
2506.0,157.0,0.600073
2506.0,158.0,0.489605
2506.0,159.0,0.513712
2506.0,160.0,0.553103
2506.0,161.0,0.260862
2506.0,162.0,1.0
2506.0,163.0,0.501058
2506.0,164.0,0.416843
2506.0,165.0,0.647359
2506.0,166.0,0.03886
2506.0,167.0,0.747933
2506.0,168.0,0.624125
2506.0,169.0,0.549081
2506.0,170.0,0.476934
2506.0,171.0,0.273701
2506.0,172.0,0.0
2506.0,173.0,0.809542
2506.0,174.0,0.524832
2506.0,175.0,0.007193
2506.0,176.0,0.525549
2506.0,177.0,0.0
2506.0,178.0,0.693713
2506.0,179.0,0.100879
2506.0,180.0,0.482029
2506.0,181.0,0.6675
2506.0,182.0,0.870858
2506.0,183.0,0.805677
2506.0,184.0,0.000215
2506.0,185.0,0.916775
2506.0,186.0,0.463479
2506.0,187.0,0.52898
2506.0,188.0,0.443554
2506.0,189.0,0.090476
2506.0,190.0,0.560153
2506.0,191.0,0.731708
2506.0,192.0,0.919045
2506.0,193.0,0.047021
2506.0,194.0,0.313708
2506.0,195.0,0.566903
2506.0,196.0,0.402941
2506.0,197.0,1.0
2506.0,198.0,0.028823
2506.0,199.0,0.0
2506.0,200.0,0.412229
2506.0,201.0,0.327378
2506.0,202.0,0.384645
2506.0,203.0,1.0
2506.0,204.0,0.008071
2506.0,205.0,0.033702
2506.0,206.0,0.708225
2506.0,207.0,0.057588
2506.0,208.0,0.416287
2506.0,209.0,0.204102
2506.0,210.0,0.389918
2506.0,211.0,0.565356
2506.0,212.0,0.230098
2506.0,213.0,0.0
2506.0,214.0,0.46772
2506.0,215.0,0.578386
2506.0,216.0,0.110136
2506.0,217.0,0.653895
2506.0,218.0,0.021354
2506.0,219.0,0.624005
2506.0,220.0,0.028299
2506.0,221.0,0.585958
2506.0,222.0,0.523629
2506.0,223.0,0.956496
2506.0,224.0,0.0
2506.0,225.0,0.46017
2506.0,226.0,0.53465
2506.0,227.0,0.42588
2506.0,228.0,0.234115
2506.0,229.0,0.205721
2506.0,230.0,0.067159
2506.0,231.0,0.510196
2506.0,232.0,0.937504
2506.0,233.0,0.807453
2506.0,234.0,0.970505
2506.0,235.0,0.321791
2506.0,236.0,0.309868
2506.0,237.0,0.712311
2506.0,238.0,0.377549
2506.0,239.0,0.364644
2506.0,240.0,0.324986
2506.0,241.0,0.999798
2506.0,242.0,0.415429
2506.0,243.0,0.441514
2506.0,244.0,0.246984
2506.0,245.0,0.0
2506.0,246.0,0.776014
2506.0,247.0,0.719639
2506.0,248.0,0.239814
2506.0,249.0,0.264453
2506.0,250.0,0.999959
2506.0,251.0,0.268066
2506.0,252.0,0.455389
2506.0,253.0,0.833433
2506.0,254.0,0.611545
2506.0,255.0,0.205772
2506.0,256.0,0.998077
2506.0,257.0,0.4262
2506.0,258.0,0.365861
2506.0,259.0,0.612509
2506.0,260.0,0.28618
2506.0,261.0,0.000191
2506.0,262.0,0.42976
2506.0,263.0,0.741407
2506.0,264.0,0.123122
2506.0,265.0,0.075088
2506.0,266.0,1.0
2506.0,267.0,0.191504
2506.0,268.0,0.675149
2506.0,269.0,0.995457
2506.0,270.0,0.634822
2506.0,271.0,0.43669
2506.0,272.0,0.147221
2506.0,273.0,0.093002
2506.0,274.0,0.617592
2506.0,275.0,0.122529
2506.0,276.0,0.99605
2506.0,277.0,0.938918
2506.0,278.0,0.467513
2506.0,279.0,0.429476
2506.0,280.0,0.77474
2506.0,281.0,0.588421
2506.0,282.0,0.410489
2506.0,283.0,0.796242
2506.0,284.0,0.29844
2506.0,285.0,0.952655
2506.0,286.0,0.523528
2506.0,287.0,0.686345
2506.0,288.0,0.36435
2506.0,289.0,0.10117
2506.0,290.0,0.012103
2506.0,291.0,0.224379
2506.0,292.0,1.0
2506.0,293.0,0.880962
2506.0,294.0,1.0
2506.0,295.0,0.854528
2506.0,296.0,0.773148
2506.0,297.0,0.404057
2506.0,298.0,0.965735
2506.0,299.0,0.858008
2506.0,300.0,0.396693
2506.0,301.0,0.496078
2506.0,302.0,0.458903
2506.0,303.0,0.064607
2506.0,304.0,0.495815
2506.0,305.0,0.330577
2506.0,306.0,0.578004
2506.0,307.0,0.028933
2506.0,308.0,0.3669
2506.0,309.0,0.635334
2506.0,310.0,0.0
2506.0,311.0,0.842892
2506.0,312.0,0.93065
2506.0,313.0,0.466378
2506.0,314.0,0.246207
2506.0,315.0,0.47577
2506.0,316.0,0.914529
2506.0,317.0,0.0
2506.0,318.0,0.348958
2506.0,319.0,0.696619
2506.0,320.0,0.690857
2506.0,321.0,0.999773
2506.0,322.0,1.0
2506.0,323.0,1.0
2506.0,324.0,0.76655
2506.0,325.0,0.45367
2506.0,326.0,0.523961
2506.0,327.0,0.002761
2506.0,328.0,0.593115
2506.0,329.0,0.752259
2506.0,330.0,1.0
2506.0,331.0,0.605771
2506.0,332.0,0.291793
2506.0,333.0,0.58206
2506.0,334.0,0.290348
2507.0,0.0,0.526206
2507.0,1.0,0.796134
2507.0,2.0,0.0
2507.0,3.0,0.213858
2507.0,4.0,0.0
2507.0,5.0,0.463047
2507.0,6.0,1.0
2507.0,7.0,0.618495
2507.0,8.0,0.558754
2507.0,9.0,0.502906
2507.0,10.0,0.627019
2507.0,11.0,0.983101
2507.0,12.0,1.0
2507.0,13.0,0.419236
2507.0,14.0,0.769384
2507.0,15.0,0.533453
2507.0,16.0,0.141522
2507.0,17.0,0.184691
2507.0,18.0,0.359741
2507.0,19.0,0.014028
2507.0,20.0,0.326241
2507.0,21.0,0.885046
2507.0,22.0,0.141222
2507.0,23.0,0.978016
2507.0,24.0,0.999643
2507.0,25.0,1.0
2507.0,26.0,0.648694
2507.0,27.0,0.031694
2507.0,28.0,0.492081
2507.0,29.0,0.425337
2507.0,30.0,0.362732
2507.0,31.0,0.986795
2507.0,32.0,0.991411
2507.0,33.0,0.542576
2507.0,34.0,0.13668
2507.0,35.0,0.183606
2507.0,36.0,0.675899
2507.0,37.0,0.562714
2507.0,38.0,0.021258
2507.0,39.0,0.605143
2507.0,40.0,0.007877
2507.0,41.0,0.001641
2507.0,42.0,0.31776
2507.0,43.0,0.805634
2507.0,44.0,0.317163
2507.0,45.0,0.766531
2507.0,46.0,0.1899
2507.0,47.0,0.32264
2507.0,48.0,0.204025
2507.0,49.0,0.836667
2507.0,50.0,0.457486
2507.0,51.0,0.673676
2507.0,52.0,0.563472
2507.0,53.0,0.674006
2507.0,54.0,0.09771
2507.0,55.0,1.0
2507.0,56.0,0.723846
2507.0,57.0,0.004724
2507.0,58.0,0.275705
2507.0,59.0,0.612351
2507.0,60.0,0.627959
2507.0,61.0,0.672672
2507.0,62.0,0.798593
2507.0,63.0,0.424162
2507.0,64.0,0.62517
2507.0,65.0,0.408825
2507.0,66.0,0.58251
2507.0,67.0,0.161176
2507.0,68.0,0.854523
2507.0,69.0,0.575935
2507.0,70.0,0.470268
2507.0,71.0,0.50494
2507.0,72.0,0.515356
2507.0,73.0,0.571146
2507.0,74.0,0.311362
2507.0,75.0,0.431551
2507.0,76.0,0.707465
2507.0,77.0,0.697847
2507.0,78.0,0.68889
2507.0,79.0,0.693761
2507.0,80.0,0.574989
2507.0,81.0,0.511913
2507.0,82.0,0.48784
2507.0,83.0,0.783425
2507.0,84.0,0.654144
2507.0,85.0,0.667772
2507.0,86.0,0.310225
2507.0,87.0,0.512926
2507.0,88.0,0.167071
2507.0,89.0,0.375429
2507.0,90.0,0.673714
2507.0,91.0,0.442417
2507.0,92.0,0.775605
2507.0,93.0,0.621133
2507.0,94.0,0.036771
2507.0,95.0,1.0
2507.0,96.0,0.129309
2507.0,97.0,0.718645
2507.0,98.0,0.39293
2507.0,99.0,0.664939
2507.0,100.0,0.408451
2507.0,101.0,0.433086
2507.0,102.0,0.444039
2507.0,103.0,0.0
2507.0,104.0,0.593104
2507.0,105.0,0.669505
2507.0,106.0,0.208583
2507.0,107.0,0.868233
2507.0,108.0,0.800288
2507.0,109.0,0.841572
2507.0,110.0,0.750095
2507.0,111.0,0.392022
2507.0,112.0,0.873547
2507.0,113.0,0.989831
2507.0,114.0,0.08413
2507.0,115.0,0.003598
2507.0,116.0,0.900924
2507.0,117.0,0.000482
2507.0,118.0,0.374741
2507.0,119.0,0.0
2507.0,120.0,0.00064
2507.0,121.0,0.397281
2507.0,122.0,0.191797
2507.0,123.0,0.447673
2507.0,124.0,0.534763
2507.0,125.0,0.611933
2507.0,126.0,0.561673
2507.0,127.0,0.671938
2507.0,128.0,0.167796
2507.0,129.0,0.756749
2507.0,130.0,0.885282
2507.0,131.0,0.003314
2507.0,132.0,0.264812
2507.0,133.0,0.547234
2507.0,134.0,0.0
2507.0,135.0,0.440113
2507.0,136.0,0.495553
2507.0,137.0,0.696903
2507.0,138.0,0.0068
2507.0,139.0,0.0
2507.0,140.0,0.605335
2507.0,141.0,0.003909
2507.0,142.0,0.0
2507.0,143.0,0.0
2507.0,144.0,0.481943
2507.0,145.0,0.858145
2507.0,146.0,0.852677
2507.0,147.0,0.002615
2507.0,148.0,0.238571
2507.0,149.0,0.977649
2507.0,150.0,0.576151
2507.0,151.0,0.488405
2507.0,152.0,0.494515
2507.0,153.0,0.743653
2507.0,154.0,0.6529
2507.0,155.0,1.0
2507.0,156.0,0.240953
2507.0,157.0,0.598031
2507.0,158.0,0.487732
2507.0,159.0,0.504799
2507.0,160.0,0.548152
2507.0,161.0,0.258802
2507.0,162.0,1.0
2507.0,163.0,0.497708
2507.0,164.0,0.412365
2507.0,165.0,0.644116
2507.0,166.0,0.038259
2507.0,167.0,0.74633
2507.0,168.0,0.617425
2507.0,169.0,0.540236
2507.0,170.0,0.473935
2507.0,171.0,0.271754
2507.0,172.0,0.0
2507.0,173.0,0.804135
2507.0,174.0,0.516382
2507.0,175.0,0.007069
2507.0,176.0,0.524503
2507.0,177.0,0.0
2507.0,178.0,0.693249
2507.0,179.0,0.09996
2507.0,180.0,0.477895
2507.0,181.0,0.6663
2507.0,182.0,0.866798
2507.0,183.0,0.804563
2507.0,184.0,0.000199
2507.0,185.0,0.915949
2507.0,186.0,0.460408
2507.0,187.0,0.528
2507.0,188.0,0.439378
2507.0,189.0,0.089474
2507.0,190.0,0.558939
2507.0,191.0,0.721708
2507.0,192.0,0.918316
2507.0,193.0,0.046654
2507.0,194.0,0.299826
2507.0,195.0,0.566772
2507.0,196.0,0.400558
2507.0,197.0,1.0
2507.0,198.0,0.028419
2507.0,199.0,0.0
2507.0,200.0,0.411611
2507.0,201.0,0.324974
2507.0,202.0,0.38202
2507.0,203.0,1.0
2507.0,204.0,0.008014
2507.0,205.0,0.032418
2507.0,206.0,0.707568
2507.0,207.0,0.05702
2507.0,208.0,0.415535
2507.0,209.0,0.20326
2507.0,210.0,0.382934
2507.0,211.0,0.564428
2507.0,212.0,0.200645
2507.0,213.0,0.0
2507.0,214.0,0.464704
2507.0,215.0,0.576982
2507.0,216.0,0.10924
2507.0,217.0,0.652028
2507.0,218.0,0.020224
2507.0,219.0,0.624046
2507.0,220.0,0.027696
2507.0,221.0,0.58273
2507.0,222.0,0.523506
2507.0,223.0,0.955901
2507.0,224.0,0.0
2507.0,225.0,0.458577
2507.0,226.0,0.532561
2507.0,227.0,0.420183
2507.0,228.0,0.231133
2507.0,229.0,0.204155
2507.0,230.0,0.06715
2507.0,231.0,0.491467
2507.0,232.0,0.935452
2507.0,233.0,0.806979
2507.0,234.0,0.970183
2507.0,235.0,0.321653
2507.0,236.0,0.303994
2507.0,237.0,0.699041
2507.0,238.0,0.375047
2507.0,239.0,0.360683
2507.0,240.0,0.319235
2507.0,241.0,0.999792
2507.0,242.0,0.412512
2507.0,243.0,0.442248
2507.0,244.0,0.244658
2507.0,245.0,0.0
2507.0,246.0,0.774891
2507.0,247.0,0.718081
2507.0,248.0,0.23563
2507.0,249.0,0.261301
2507.0,250.0,0.999956
2507.0,251.0,0.259326
2507.0,252.0,0.453829
2507.0,253.0,0.832009
2507.0,254.0,0.608773
2507.0,255.0,0.205125
2507.0,256.0,0.997976
2507.0,257.0,0.415461
2507.0,258.0,0.36323
2507.0,259.0,0.609816
2507.0,260.0,0.278732
2507.0,261.0,0.000196
2507.0,262.0,0.427754
2507.0,263.0,0.740691
2507.0,264.0,0.123182
2507.0,265.0,0.074147
2507.0,266.0,1.0
2507.0,267.0,0.189666
2507.0,268.0,0.668804
2507.0,269.0,0.995201
2507.0,270.0,0.629884
2507.0,271.0,0.433287
2507.0,272.0,0.145888
2507.0,273.0,0.092463
2507.0,274.0,0.616801
2507.0,275.0,0.121507
2507.0,276.0,0.995971
2507.0,277.0,0.936096
2507.0,278.0,0.46553
2507.0,279.0,0.427865
2507.0,280.0,0.773999
2507.0,281.0,0.580451
2507.0,282.0,0.40885
2507.0,283.0,0.7931
2507.0,284.0,0.296321
2507.0,285.0,0.951863
2507.0,286.0,0.518936
2507.0,287.0,0.678956
2507.0,288.0,0.363691
2507.0,289.0,0.09974
2507.0,290.0,0.011961
2507.0,291.0,0.223556
2507.0,292.0,1.0
2507.0,293.0,0.88043
2507.0,294.0,1.0
2507.0,295.0,0.854242
2507.0,296.0,0.768858
2507.0,297.0,0.403041
2507.0,298.0,0.965637
2507.0,299.0,0.856335
2507.0,300.0,0.384056
2507.0,301.0,0.494073
2507.0,302.0,0.448343
2507.0,303.0,0.065004
2507.0,304.0,0.489532
2507.0,305.0,0.328905
2507.0,306.0,0.577355
2507.0,307.0,0.028226
2507.0,308.0,0.360234
2507.0,309.0,0.632924
2507.0,310.0,0.0
2507.0,311.0,0.840973
2507.0,312.0,0.930114
2507.0,313.0,0.464539
2507.0,314.0,0.245016
2507.0,315.0,0.47527
2507.0,316.0,0.913435
2507.0,317.0,0.0
2507.0,318.0,0.324166
2507.0,319.0,0.687775
2507.0,320.0,0.6885
2507.0,321.0,0.999786
2507.0,322.0,1.0
2507.0,323.0,1.0
2507.0,324.0,0.764162
2507.0,325.0,0.453214
2507.0,326.0,0.518376
2507.0,327.0,0.002826
2507.0,328.0,0.593099
2507.0,329.0,0.748084
2507.0,330.0,1.0
2507.0,331.0,0.604935
2507.0,332.0,0.288184
2507.0,333.0,0.581094
2507.0,334.0,0.286614
2508.0,0.0,0.510582
2508.0,1.0,0.794284
2508.0,2.0,0.0
2508.0,3.0,0.214353
2508.0,4.0,0.0
2508.0,5.0,0.440289
2508.0,6.0,1.0
2508.0,7.0,0.616318
2508.0,8.0,0.558173
2508.0,9.0,0.4958
2508.0,10.0,0.623377
2508.0,11.0,0.983193
2508.0,12.0,1.0
2508.0,13.0,0.418555
2508.0,14.0,0.767111
2508.0,15.0,0.531542
2508.0,16.0,0.140813
2508.0,17.0,0.180551
2508.0,18.0,0.356804
2508.0,19.0,0.014085
2508.0,20.0,0.322301
2508.0,21.0,0.882559
2508.0,22.0,0.138997
2508.0,23.0,0.977813
2508.0,24.0,0.999643
2508.0,25.0,1.0
2508.0,26.0,0.648001
2508.0,27.0,0.031633
2508.0,28.0,0.484151
2508.0,29.0,0.422672
2508.0,30.0,0.361621
2508.0,31.0,0.986451
2508.0,32.0,0.991359
2508.0,33.0,0.537429
2508.0,34.0,0.135437
2508.0,35.0,0.182949
2508.0,36.0,0.675179
2508.0,37.0,0.556616
2508.0,38.0,0.021182
2508.0,39.0,0.575686
2508.0,40.0,0.007766
2508.0,41.0,0.001566
2508.0,42.0,0.315215
2508.0,43.0,0.804043
2508.0,44.0,0.315402
2508.0,45.0,0.765848
2508.0,46.0,0.189642
2508.0,47.0,0.320506
2508.0,48.0,0.203455
2508.0,49.0,0.835471
2508.0,50.0,0.454651
2508.0,51.0,0.668644
2508.0,52.0,0.558918
2508.0,53.0,0.671746
2508.0,54.0,0.097256
2508.0,55.0,1.0
2508.0,56.0,0.721543
2508.0,57.0,0.004603
2508.0,58.0,0.275612
2508.0,59.0,0.612289
2508.0,60.0,0.625131
2508.0,61.0,0.670594
2508.0,62.0,0.795846
2508.0,63.0,0.423849
2508.0,64.0,0.622362
2508.0,65.0,0.40834
2508.0,66.0,0.57787
2508.0,67.0,0.160117
2508.0,68.0,0.851536
2508.0,69.0,0.570738
2508.0,70.0,0.458294
2508.0,71.0,0.501578
2508.0,72.0,0.505625
2508.0,73.0,0.569783
2508.0,74.0,0.30746
2508.0,75.0,0.431161
2508.0,76.0,0.701606
2508.0,77.0,0.695665
2508.0,78.0,0.679701
2508.0,79.0,0.691725
2508.0,80.0,0.573954
2508.0,81.0,0.506777
2508.0,82.0,0.485043
2508.0,83.0,0.779634
2508.0,84.0,0.644352
2508.0,85.0,0.662665
2508.0,86.0,0.307241
2508.0,87.0,0.510661
2508.0,88.0,0.165659
2508.0,89.0,0.373655
2508.0,90.0,0.67345
2508.0,91.0,0.441804
2508.0,92.0,0.774232
2508.0,93.0,0.621258
2508.0,94.0,0.036378
2508.0,95.0,1.0
2508.0,96.0,0.127911
2508.0,97.0,0.717594
2508.0,98.0,0.392039
2508.0,99.0,0.661543
2508.0,100.0,0.404248
2508.0,101.0,0.430644
2508.0,102.0,0.43695
2508.0,103.0,0.0
2508.0,104.0,0.563066
2508.0,105.0,0.666242
2508.0,106.0,0.207622
2508.0,107.0,0.867638
2508.0,108.0,0.799737
2508.0,109.0,0.840474
2508.0,110.0,0.748052
2508.0,111.0,0.389322
2508.0,112.0,0.868605
2508.0,113.0,0.989575
2508.0,114.0,0.083641
2508.0,115.0,0.003559
2508.0,116.0,0.901287
2508.0,117.0,0.000453
2508.0,118.0,0.372992
2508.0,119.0,0.0
2508.0,120.0,0.000623
2508.0,121.0,0.381531
2508.0,122.0,0.189114
2508.0,123.0,0.446138
2508.0,124.0,0.53306
2508.0,125.0,0.611846
2508.0,126.0,0.555204
2508.0,127.0,0.672826
2508.0,128.0,0.167366
2508.0,129.0,0.756632
2508.0,130.0,0.884889
2508.0,131.0,0.003277
2508.0,132.0,0.257145
2508.0,133.0,0.544799
2508.0,134.0,0.0
2508.0,135.0,0.435726
2508.0,136.0,0.486814
2508.0,137.0,0.691782
2508.0,138.0,0.006501
2508.0,139.0,0.0
2508.0,140.0,0.602457
2508.0,141.0,0.003884
2508.0,142.0,0.0
2508.0,143.0,0.0
2508.0,144.0,0.472646
2508.0,145.0,0.856858
2508.0,146.0,0.852151
2508.0,147.0,0.002574
2508.0,148.0,0.236829
2508.0,149.0,0.97769
2508.0,150.0,0.573983
2508.0,151.0,0.4871
2508.0,152.0,0.492105
2508.0,153.0,0.733653
2508.0,154.0,0.648295
2508.0,155.0,1.0
2508.0,156.0,0.238349
2508.0,157.0,0.59661
2508.0,158.0,0.485957
2508.0,159.0,0.495172
2508.0,160.0,0.543656
2508.0,161.0,0.25649
2508.0,162.0,1.0
2508.0,163.0,0.494073
2508.0,164.0,0.407823
2508.0,165.0,0.641573
2508.0,166.0,0.037507
2508.0,167.0,0.744405
2508.0,168.0,0.609725
2508.0,169.0,0.531946
2508.0,170.0,0.471385
2508.0,171.0,0.270497
2508.0,172.0,0.0
2508.0,173.0,0.798761
2508.0,174.0,0.508409
2508.0,175.0,0.006878
2508.0,176.0,0.523689
2508.0,177.0,0.0
2508.0,178.0,0.692889
2508.0,179.0,0.099208
2508.0,180.0,0.473485
2508.0,181.0,0.664655
2508.0,182.0,0.862507
2508.0,183.0,0.804459
2508.0,184.0,0.000192
2508.0,185.0,0.91569
2508.0,186.0,0.457852
2508.0,187.0,0.527099
2508.0,188.0,0.434638
2508.0,189.0,0.088939
2508.0,190.0,0.558245
2508.0,191.0,0.71043
2508.0,192.0,0.917004
2508.0,193.0,0.046596
2508.0,194.0,0.286537
2508.0,195.0,0.567377
2508.0,196.0,0.399731
2508.0,197.0,1.0
2508.0,198.0,0.02813
2508.0,199.0,0.0
2508.0,200.0,0.412004
2508.0,201.0,0.32265
2508.0,202.0,0.378863
2508.0,203.0,1.0
2508.0,204.0,0.007691
2508.0,205.0,0.031314
2508.0,206.0,0.707693
2508.0,207.0,0.056717
2508.0,208.0,0.414366
2508.0,209.0,0.202549
2508.0,210.0,0.376101
2508.0,211.0,0.563391
2508.0,212.0,0.17386
2508.0,213.0,0.0
2508.0,214.0,0.462279
2508.0,215.0,0.575824
2508.0,216.0,0.109218
2508.0,217.0,0.649579
2508.0,218.0,0.019409
2508.0,219.0,0.624088
2508.0,220.0,0.027625
2508.0,221.0,0.57967
2508.0,222.0,0.521872
2508.0,223.0,0.955763
2508.0,224.0,0.0
2508.0,225.0,0.456314
2508.0,226.0,0.530923
2508.0,227.0,0.41399
2508.0,228.0,0.228832
2508.0,229.0,0.202136
2508.0,230.0,0.066368
2508.0,231.0,0.47349
2508.0,232.0,0.932984
2508.0,233.0,0.806222
2508.0,234.0,0.969943
2508.0,235.0,0.320243
2508.0,236.0,0.296278
2508.0,237.0,0.684334
2508.0,238.0,0.373038
2508.0,239.0,0.357382
2508.0,240.0,0.313211
2508.0,241.0,0.999792
2508.0,242.0,0.410987
2508.0,243.0,0.442419
2508.0,244.0,0.24296
2508.0,245.0,0.0
2508.0,246.0,0.77417
2508.0,247.0,0.717809
2508.0,248.0,0.232406
2508.0,249.0,0.258424
2508.0,250.0,0.999956
2508.0,251.0,0.250931
2508.0,252.0,0.454118
2508.0,253.0,0.830009
2508.0,254.0,0.605888
2508.0,255.0,0.203742
2508.0,256.0,0.997988
2508.0,257.0,0.404057
2508.0,258.0,0.361304
2508.0,259.0,0.606497
2508.0,260.0,0.271382
2508.0,261.0,0.000185
2508.0,262.0,0.425312
2508.0,263.0,0.739573
2508.0,264.0,0.123603
2508.0,265.0,0.073986
2508.0,266.0,1.0
2508.0,267.0,0.187662
2508.0,268.0,0.663177
2508.0,269.0,0.995002
2508.0,270.0,0.625546
2508.0,271.0,0.428721
2508.0,272.0,0.144174
2508.0,273.0,0.09193
2508.0,274.0,0.616756
2508.0,275.0,0.121056
2508.0,276.0,0.995725
2508.0,277.0,0.933581
2508.0,278.0,0.46346
2508.0,279.0,0.427095
2508.0,280.0,0.772621
2508.0,281.0,0.571985
2508.0,282.0,0.406621
2508.0,283.0,0.790292
2508.0,284.0,0.294745
2508.0,285.0,0.951365
2508.0,286.0,0.514197
2508.0,287.0,0.672285
2508.0,288.0,0.363055
2508.0,289.0,0.098383
2508.0,290.0,0.011858
2508.0,291.0,0.222162
2508.0,292.0,1.0
2508.0,293.0,0.879235
2508.0,294.0,1.0
2508.0,295.0,0.853516
2508.0,296.0,0.764361
2508.0,297.0,0.402625
2508.0,298.0,0.965043
2508.0,299.0,0.854386
2508.0,300.0,0.372135
2508.0,301.0,0.491645
2508.0,302.0,0.437988
2508.0,303.0,0.064138
2508.0,304.0,0.48412
2508.0,305.0,0.328447
2508.0,306.0,0.576047
2508.0,307.0,0.027664
2508.0,308.0,0.352923
2508.0,309.0,0.631261
2508.0,310.0,0.0
2508.0,311.0,0.838336
2508.0,312.0,0.929798
2508.0,313.0,0.463518
2508.0,314.0,0.24382
2508.0,315.0,0.474305
2508.0,316.0,0.912581
2508.0,317.0,0.0
2508.0,318.0,0.300272
2508.0,319.0,0.678156
2508.0,320.0,0.687171
2508.0,321.0,0.999771
2508.0,322.0,1.0
2508.0,323.0,1.0
2508.0,324.0,0.761679
2508.0,325.0,0.452616
2508.0,326.0,0.512516
2508.0,327.0,0.002613
2508.0,328.0,0.593726
2508.0,329.0,0.744095
2508.0,330.0,1.0
2508.0,331.0,0.603214
2508.0,332.0,0.284564
2508.0,333.0,0.579302
2508.0,334.0,0.282944
2509.0,0.0,0.494441
2509.0,1.0,0.792752
2509.0,2.0,0.0
2509.0,3.0,0.214038
2509.0,4.0,0.0
2509.0,5.0,0.418538
2509.0,6.0,1.0
2509.0,7.0,0.61496
2509.0,8.0,0.558715
2509.0,9.0,0.487874
2509.0,10.0,0.619703
2509.0,11.0,0.98327
2509.0,12.0,1.0
2509.0,13.0,0.416938
2509.0,14.0,0.765594
2509.0,15.0,0.529455
2509.0,16.0,0.14069
2509.0,17.0,0.176929
2509.0,18.0,0.354719
2509.0,19.0,0.014001
2509.0,20.0,0.318228
2509.0,21.0,0.879914
2509.0,22.0,0.136995
2509.0,23.0,0.977717
2509.0,24.0,0.999622
2509.0,25.0,1.0
2509.0,26.0,0.646775
2509.0,27.0,0.031538
2509.0,28.0,0.475666
2509.0,29.0,0.420288
2509.0,30.0,0.360013
2509.0,31.0,0.986241
2509.0,32.0,0.991339
2509.0,33.0,0.532588
2509.0,34.0,0.13323
2509.0,35.0,0.18151
2509.0,36.0,0.673559
2509.0,37.0,0.550424
2509.0,38.0,0.021312
2509.0,39.0,0.54651
2509.0,40.0,0.007804
2509.0,41.0,0.001519
2509.0,42.0,0.312324
2509.0,43.0,0.802547
2509.0,44.0,0.313198
2509.0,45.0,0.765066
2509.0,46.0,0.189541
2509.0,47.0,0.317444
2509.0,48.0,0.202695
2509.0,49.0,0.834921
2509.0,50.0,0.452329
2509.0,51.0,0.662081
2509.0,52.0,0.553666
2509.0,53.0,0.669044
2509.0,54.0,0.096632
2509.0,55.0,1.0
2509.0,56.0,0.718763
2509.0,57.0,0.004193
2509.0,58.0,0.27526
2509.0,59.0,0.611998
2509.0,60.0,0.623093
2509.0,61.0,0.668707
2509.0,62.0,0.794012
2509.0,63.0,0.423035
2509.0,64.0,0.619487
2509.0,65.0,0.407779
2509.0,66.0,0.573518
2509.0,67.0,0.159023
2509.0,68.0,0.848674
2509.0,69.0,0.564737
2509.0,70.0,0.44609
2509.0,71.0,0.496744
2509.0,72.0,0.495384
2509.0,73.0,0.569232
2509.0,74.0,0.30354
2509.0,75.0,0.430379
2509.0,76.0,0.69629
2509.0,77.0,0.694246
2509.0,78.0,0.670023
2509.0,79.0,0.69056
2509.0,80.0,0.572638
2509.0,81.0,0.501181
2509.0,82.0,0.484378
2509.0,83.0,0.774545
2509.0,84.0,0.634274
2509.0,85.0,0.656567
2509.0,86.0,0.304413
2509.0,87.0,0.507335
2509.0,88.0,0.163084
2509.0,89.0,0.37354
2509.0,90.0,0.672414
2509.0,91.0,0.44215
2509.0,92.0,0.774052
2509.0,93.0,0.621208
2509.0,94.0,0.035998
2509.0,95.0,1.0
2509.0,96.0,0.126302
2509.0,97.0,0.715469
2509.0,98.0,0.391303
2509.0,99.0,0.659246
2509.0,100.0,0.400522
2509.0,101.0,0.429376
2509.0,102.0,0.429495
2509.0,103.0,0.0
2509.0,104.0,0.532703
2509.0,105.0,0.663394
2509.0,106.0,0.205836
2509.0,107.0,0.86642
2509.0,108.0,0.799028
2509.0,109.0,0.839175
2509.0,110.0,0.745213
2509.0,111.0,0.386507
2509.0,112.0,0.863384
2509.0,113.0,0.989645
2509.0,114.0,0.083097
2509.0,115.0,0.003524
2509.0,116.0,0.901341
2509.0,117.0,0.000399
2509.0,118.0,0.372011
2509.0,119.0,0.0
2509.0,120.0,0.000664
2509.0,121.0,0.365754
2509.0,122.0,0.186197
2509.0,123.0,0.445747
2509.0,124.0,0.53129
2509.0,125.0,0.611912
2509.0,126.0,0.549216
2509.0,127.0,0.673673
2509.0,128.0,0.166014
2509.0,129.0,0.75627
2509.0,130.0,0.884688
2509.0,131.0,0.003211
2509.0,132.0,0.24967
2509.0,133.0,0.543019
2509.0,134.0,0.0
2509.0,135.0,0.431529
2509.0,136.0,0.477914
2509.0,137.0,0.687361
2509.0,138.0,0.006214
2509.0,139.0,0.0
2509.0,140.0,0.599338
2509.0,141.0,0.0038
2509.0,142.0,0.0
2509.0,143.0,0.0
2509.0,144.0,0.462868
2509.0,145.0,0.855751
2509.0,146.0,0.851626
2509.0,147.0,0.002578
2509.0,148.0,0.235201
2509.0,149.0,0.977739
2509.0,150.0,0.571712
2509.0,151.0,0.485729
2509.0,152.0,0.489861
2509.0,153.0,0.72395
2509.0,154.0,0.6448
2509.0,155.0,1.0
2509.0,156.0,0.236232
2509.0,157.0,0.595119
2509.0,158.0,0.484617
2509.0,159.0,0.486072
2509.0,160.0,0.540878
2509.0,161.0,0.254119
2509.0,162.0,1.0
2509.0,163.0,0.490847
2509.0,164.0,0.401877
2509.0,165.0,0.637319
2509.0,166.0,0.037033
2509.0,167.0,0.742722
2509.0,168.0,0.602545
2509.0,169.0,0.523675
2509.0,170.0,0.4687
2509.0,171.0,0.268334
2509.0,172.0,0.0
2509.0,173.0,0.793498
2509.0,174.0,0.501471
2509.0,175.0,0.006753
2509.0,176.0,0.521603
2509.0,177.0,0.0
2509.0,178.0,0.692451
2509.0,179.0,0.098598
2509.0,180.0,0.46994
2509.0,181.0,0.662929
2509.0,182.0,0.858738
2509.0,183.0,0.804754
2509.0,184.0,0.000177
2509.0,185.0,0.915148
2509.0,186.0,0.454628
2509.0,187.0,0.525952
2509.0,188.0,0.430948
2509.0,189.0,0.088359
2509.0,190.0,0.556867
2509.0,191.0,0.699215
2509.0,192.0,0.916026
2509.0,193.0,0.046201
2509.0,194.0,0.274338
2509.0,195.0,0.566519
2509.0,196.0,0.398031
2509.0,197.0,1.0
2509.0,198.0,0.027953
2509.0,199.0,0.0
2509.0,200.0,0.411154
2509.0,201.0,0.321151
2509.0,202.0,0.376288
2509.0,203.0,1.0
2509.0,204.0,0.007481
2509.0,205.0,0.030084
2509.0,206.0,0.707609
2509.0,207.0,0.056761
2509.0,208.0,0.413823
2509.0,209.0,0.201918
2509.0,210.0,0.369089
2509.0,211.0,0.562414
2509.0,212.0,0.148746
2509.0,213.0,0.0
2509.0,214.0,0.459556
2509.0,215.0,0.57474
2509.0,216.0,0.108466
2509.0,217.0,0.647461
2509.0,218.0,0.018654
2509.0,219.0,0.624092
2509.0,220.0,0.026972
2509.0,221.0,0.57734
2509.0,222.0,0.52142
2509.0,223.0,0.955789
2509.0,224.0,0.0
2509.0,225.0,0.45418
2509.0,226.0,0.530302
2509.0,227.0,0.409153
2509.0,228.0,0.226358
2509.0,229.0,0.201291
2509.0,230.0,0.065933
2509.0,231.0,0.455154
2509.0,232.0,0.930253
2509.0,233.0,0.805234
2509.0,234.0,0.969875
2509.0,235.0,0.319573
2509.0,236.0,0.289929
2509.0,237.0,0.669332
2509.0,238.0,0.371845
2509.0,239.0,0.35442
2509.0,240.0,0.308275
2509.0,241.0,0.999799
2509.0,242.0,0.408104
2509.0,243.0,0.441599
2509.0,244.0,0.241357
2509.0,245.0,0.0
2509.0,246.0,0.772463
2509.0,247.0,0.716977
2509.0,248.0,0.22886
2509.0,249.0,0.255607
2509.0,250.0,0.999969
2509.0,251.0,0.242052
2509.0,252.0,0.452541
2509.0,253.0,0.828315
2509.0,254.0,0.601815
2509.0,255.0,0.202437
2509.0,256.0,0.997923
2509.0,257.0,0.393349
2509.0,258.0,0.358731
2509.0,259.0,0.60382
2509.0,260.0,0.264671
2509.0,261.0,0.000168
2509.0,262.0,0.4228
2509.0,263.0,0.738548
2509.0,264.0,0.123074
2509.0,265.0,0.073304
2509.0,266.0,1.0
2509.0,267.0,0.18613
2509.0,268.0,0.656862
2509.0,269.0,0.994758
2509.0,270.0,0.620489
2509.0,271.0,0.425009
2509.0,272.0,0.143322
2509.0,273.0,0.091628
2509.0,274.0,0.615559
2509.0,275.0,0.120515
2509.0,276.0,0.995639
2509.0,277.0,0.930686
2509.0,278.0,0.461941
2509.0,279.0,0.425959
2509.0,280.0,0.772886
2509.0,281.0,0.563062
2509.0,282.0,0.403764
2509.0,283.0,0.787594
2509.0,284.0,0.292433
2509.0,285.0,0.950738
2509.0,286.0,0.509803
2509.0,287.0,0.664749
2509.0,288.0,0.363052
2509.0,289.0,0.096956
2509.0,290.0,0.011705
2509.0,291.0,0.220161
2509.0,292.0,1.0
2509.0,293.0,0.878843
2509.0,294.0,1.0
2509.0,295.0,0.853412
2509.0,296.0,0.760502
2509.0,297.0,0.401938
2509.0,298.0,0.964741
2509.0,299.0,0.852267
2509.0,300.0,0.359634
2509.0,301.0,0.48972
2509.0,302.0,0.42733
2509.0,303.0,0.063664
2509.0,304.0,0.47869
2509.0,305.0,0.328252
2509.0,306.0,0.575346
2509.0,307.0,0.027015
2509.0,308.0,0.345854
2509.0,309.0,0.629931
2509.0,310.0,0.0
2509.0,311.0,0.836032
2509.0,312.0,0.929249
2509.0,313.0,0.462407
2509.0,314.0,0.243199
2509.0,315.0,0.472556
2509.0,316.0,0.911739
2509.0,317.0,0.0
2509.0,318.0,0.278883
2509.0,319.0,0.670323
2509.0,320.0,0.685858
2509.0,321.0,0.99974
2509.0,322.0,1.0
2509.0,323.0,1.0
2509.0,324.0,0.76023
2509.0,325.0,0.452208
2509.0,326.0,0.506445
2509.0,327.0,0.002581
2509.0,328.0,0.594638
2509.0,329.0,0.740034
2509.0,330.0,1.0
2509.0,331.0,0.602795
2509.0,332.0,0.281005
2509.0,333.0,0.577319
2509.0,334.0,0.279538
2510.0,0.0,0.478575
2510.0,1.0,0.791645
2510.0,2.0,0.0
2510.0,3.0,0.2136
2510.0,4.0,0.0
2510.0,5.0,0.398384
2510.0,6.0,1.0
2510.0,7.0,0.613719
2510.0,8.0,0.557438
2510.0,9.0,0.480212
2510.0,10.0,0.61589
2510.0,11.0,0.983429
2510.0,12.0,1.0
2510.0,13.0,0.416397
2510.0,14.0,0.763879
2510.0,15.0,0.52697
2510.0,16.0,0.140608
2510.0,17.0,0.173325
2510.0,18.0,0.352097
2510.0,19.0,0.014095
2510.0,20.0,0.313999
2510.0,21.0,0.877775
2510.0,22.0,0.134536
2510.0,23.0,0.977325
2510.0,24.0,0.99962
2510.0,25.0,1.0
2510.0,26.0,0.645988
2510.0,27.0,0.031436
2510.0,28.0,0.467679
2510.0,29.0,0.417445
2510.0,30.0,0.359093
2510.0,31.0,0.986153
2510.0,32.0,0.991417
2510.0,33.0,0.527536
2510.0,34.0,0.131301
2510.0,35.0,0.180826
2510.0,36.0,0.672796
2510.0,37.0,0.545238
2510.0,38.0,0.021219
2510.0,39.0,0.517673
2510.0,40.0,0.007815
2510.0,41.0,0.001466
2510.0,42.0,0.309729
2510.0,43.0,0.801134
2510.0,44.0,0.311839
2510.0,45.0,0.764791
2510.0,46.0,0.1899
2510.0,47.0,0.314176
2510.0,48.0,0.201701
2510.0,49.0,0.833926
2510.0,50.0,0.450242
2510.0,51.0,0.656306
2510.0,52.0,0.549079
2510.0,53.0,0.666704
2510.0,54.0,0.096222
2510.0,55.0,1.0
2510.0,56.0,0.716037
2510.0,57.0,0.004067
2510.0,58.0,0.275394
2510.0,59.0,0.611261
2510.0,60.0,0.620014
2510.0,61.0,0.666398
2510.0,62.0,0.792219
2510.0,63.0,0.422104
2510.0,64.0,0.616425
2510.0,65.0,0.407108
2510.0,66.0,0.569788
2510.0,67.0,0.158379
2510.0,68.0,0.845918
2510.0,69.0,0.558718
2510.0,70.0,0.435365
2510.0,71.0,0.491898
2510.0,72.0,0.486118
2510.0,73.0,0.569236
2510.0,74.0,0.300128
2510.0,75.0,0.429307
2510.0,76.0,0.690166
2510.0,77.0,0.691666
2510.0,78.0,0.659812
2510.0,79.0,0.688216
2510.0,80.0,0.572838
2510.0,81.0,0.49669
2510.0,82.0,0.483217
2510.0,83.0,0.771017
2510.0,84.0,0.623762
2510.0,85.0,0.650899
2510.0,86.0,0.302188
2510.0,87.0,0.504741
2510.0,88.0,0.16096
2510.0,89.0,0.372827
2510.0,90.0,0.672194
2510.0,91.0,0.441397
2510.0,92.0,0.773598
2510.0,93.0,0.62103
2510.0,94.0,0.035399
2510.0,95.0,1.0
2510.0,96.0,0.12521
2510.0,97.0,0.714132
2510.0,98.0,0.39134
2510.0,99.0,0.65728
2510.0,100.0,0.39698
2510.0,101.0,0.426845
2510.0,102.0,0.422383
2510.0,103.0,0.0
2510.0,104.0,0.502827
2510.0,105.0,0.660356
2510.0,106.0,0.204552
2510.0,107.0,0.865821
2510.0,108.0,0.798523
2510.0,109.0,0.837187
2510.0,110.0,0.743134
2510.0,111.0,0.383537
2510.0,112.0,0.858591
2510.0,113.0,0.989653
2510.0,114.0,0.082519
2510.0,115.0,0.003486
2510.0,116.0,0.901399
2510.0,117.0,0.000374
2510.0,118.0,0.370603
2510.0,119.0,0.0
2510.0,120.0,0.000667
2510.0,121.0,0.352008
2510.0,122.0,0.183987
2510.0,123.0,0.444151
2510.0,124.0,0.529415
2510.0,125.0,0.611823
2510.0,126.0,0.543261
2510.0,127.0,0.67303
2510.0,128.0,0.16487
2510.0,129.0,0.75574
2510.0,130.0,0.884221
2510.0,131.0,0.003233
2510.0,132.0,0.242666
2510.0,133.0,0.5404
2510.0,134.0,0.0
2510.0,135.0,0.428618
2510.0,136.0,0.469903
2510.0,137.0,0.681772
2510.0,138.0,0.0059
2510.0,139.0,0.0
2510.0,140.0,0.596493
2510.0,141.0,0.003788
2510.0,142.0,0.0
2510.0,143.0,0.0
2510.0,144.0,0.453476
2510.0,145.0,0.855127
2510.0,146.0,0.850473
2510.0,147.0,0.002568
2510.0,148.0,0.233805
2510.0,149.0,0.977727
2510.0,150.0,0.569018
2510.0,151.0,0.485151
2510.0,152.0,0.486745
2510.0,153.0,0.714474
2510.0,154.0,0.640877
2510.0,155.0,1.0
2510.0,156.0,0.233601
2510.0,157.0,0.592306
2510.0,158.0,0.482655
2510.0,159.0,0.476827
2510.0,160.0,0.536416
2510.0,161.0,0.252018
2510.0,162.0,1.0
2510.0,163.0,0.48741
2510.0,164.0,0.396801
2510.0,165.0,0.633735
2510.0,166.0,0.036397
2510.0,167.0,0.741011
2510.0,168.0,0.596069
2510.0,169.0,0.515775
2510.0,170.0,0.46628
2510.0,171.0,0.266839
2510.0,172.0,0.0
2510.0,173.0,0.787624
2510.0,174.0,0.493403
2510.0,175.0,0.006627
2510.0,176.0,0.519718
2510.0,177.0,0.0
2510.0,178.0,0.691001
2510.0,179.0,0.098146
2510.0,180.0,0.465472
2510.0,181.0,0.661294
2510.0,182.0,0.854481
2510.0,183.0,0.803978
2510.0,184.0,0.00018
2510.0,185.0,0.914594
2510.0,186.0,0.450972
2510.0,187.0,0.525428
2510.0,188.0,0.426599
2510.0,189.0,0.087648
2510.0,190.0,0.556416
2510.0,191.0,0.687287
2510.0,192.0,0.914397
2510.0,193.0,0.045902
2510.0,194.0,0.262146
2510.0,195.0,0.565904
2510.0,196.0,0.396537
2510.0,197.0,1.0
2510.0,198.0,0.027553
2510.0,199.0,0.0
2510.0,200.0,0.410533
2510.0,201.0,0.318876
2510.0,202.0,0.373771
2510.0,203.0,1.0
2510.0,204.0,0.007437
2510.0,205.0,0.029209
2510.0,206.0,0.707725
2510.0,207.0,0.056558
2510.0,208.0,0.413126
2510.0,209.0,0.200963
2510.0,210.0,0.362208
2510.0,211.0,0.561473
2510.0,212.0,0.127525
2510.0,213.0,0.0
2510.0,214.0,0.457174
2510.0,215.0,0.573469
2510.0,216.0,0.108145
2510.0,217.0,0.645736
2510.0,218.0,0.017562
2510.0,219.0,0.624175
2510.0,220.0,0.026441
2510.0,221.0,0.57401
2510.0,222.0,0.519966
2510.0,223.0,0.955326
2510.0,224.0,0.0
2510.0,225.0,0.452446
2510.0,226.0,0.528922
2510.0,227.0,0.404315
2510.0,228.0,0.223796
2510.0,229.0,0.200358
2510.0,230.0,0.065187
2510.0,231.0,0.43754
2510.0,232.0,0.92723
2510.0,233.0,0.804425
2510.0,234.0,0.969415
2510.0,235.0,0.318522
2510.0,236.0,0.283826
2510.0,237.0,0.653868
2510.0,238.0,0.369034
2510.0,239.0,0.3509
2510.0,240.0,0.303377
2510.0,241.0,0.999801
2510.0,242.0,0.406462
2510.0,243.0,0.441164
2510.0,244.0,0.239253
2510.0,245.0,0.0
2510.0,246.0,0.771645
2510.0,247.0,0.716069
2510.0,248.0,0.22461
2510.0,249.0,0.252473
2510.0,250.0,0.999967
2510.0,251.0,0.233923
2510.0,252.0,0.451021
2510.0,253.0,0.82682
2510.0,254.0,0.599304
2510.0,255.0,0.201184
2510.0,256.0,0.997934
2510.0,257.0,0.38338
2510.0,258.0,0.356169
2510.0,259.0,0.59969
2510.0,260.0,0.258067
2510.0,261.0,0.000155
2510.0,262.0,0.420153
2510.0,263.0,0.737449
2510.0,264.0,0.123156
2510.0,265.0,0.072603
2510.0,266.0,1.0
2510.0,267.0,0.184201
2510.0,268.0,0.651241
2510.0,269.0,0.994393
2510.0,270.0,0.616326
2510.0,271.0,0.422009
2510.0,272.0,0.141788
2510.0,273.0,0.090951
2510.0,274.0,0.615157
2510.0,275.0,0.11982
2510.0,276.0,0.995546
2510.0,277.0,0.92824
2510.0,278.0,0.460224
2510.0,279.0,0.424327
2510.0,280.0,0.772664
2510.0,281.0,0.554872
2510.0,282.0,0.401895
2510.0,283.0,0.784948
2510.0,284.0,0.289449
2510.0,285.0,0.950481
2510.0,286.0,0.504463
2510.0,287.0,0.656489
2510.0,288.0,0.362255
2510.0,289.0,0.095546
2510.0,290.0,0.011651
2510.0,291.0,0.218345
2510.0,292.0,1.0
2510.0,293.0,0.877654
2510.0,294.0,1.0
2510.0,295.0,0.852846
2510.0,296.0,0.756338
2510.0,297.0,0.401911
2510.0,298.0,0.964263
2510.0,299.0,0.850662
2510.0,300.0,0.347588
2510.0,301.0,0.487887
2510.0,302.0,0.417504
2510.0,303.0,0.0631
2510.0,304.0,0.472564
2510.0,305.0,0.328031
2510.0,306.0,0.575424
2510.0,307.0,0.026437
2510.0,308.0,0.339296
2510.0,309.0,0.628647
2510.0,310.0,0.0
2510.0,311.0,0.833888
2510.0,312.0,0.928762
2510.0,313.0,0.461464
2510.0,314.0,0.242207
2510.0,315.0,0.471958
2510.0,316.0,0.91114
2510.0,317.0,0.0
2510.0,318.0,0.259545
2510.0,319.0,0.662183
2510.0,320.0,0.683666
2510.0,321.0,0.999755
2510.0,322.0,1.0
2510.0,323.0,1.0
2510.0,324.0,0.758713
2510.0,325.0,0.451657
2510.0,326.0,0.501761
2510.0,327.0,0.00258
2510.0,328.0,0.595425
2510.0,329.0,0.735986
2510.0,330.0,1.0
2510.0,331.0,0.601397
2510.0,332.0,0.27701
2510.0,333.0,0.575076
2510.0,334.0,0.275837
