FREQUENCIES 
Gen,mut_id,mut_freq
1.0,0.0,0.5
1.0,1.0,0.5
1.0,2.0,0.5
1.0,3.0,0.5
1.0,4.0,0.5
1.0,5.0,0.5
1.0,6.0,0.5
1.0,7.0,0.5
1.0,8.0,0.5
1.0,9.0,0.5
1.0,10.0,0.5
1.0,11.0,0.5
1.0,12.0,0.5
1.0,13.0,0.5
1.0,14.0,0.5
1.0,15.0,0.5
1.0,16.0,0.5
1.0,17.0,0.5
1.0,18.0,0.5
1.0,19.0,0.5
1.0,20.0,0.5
1.0,21.0,0.5
1.0,22.0,0.5
1.0,23.0,0.5
1.0,24.0,0.5
1.0,25.0,0.5
1.0,26.0,0.5
1.0,27.0,0.5
1.0,28.0,0.5
1.0,29.0,0.5
1.0,30.0,0.5
1.0,31.0,0.5
1.0,32.0,0.5
1.0,33.0,0.5
1.0,34.0,0.5
1.0,35.0,0.5
1.0,36.0,0.5
2500.0,0.0,0.318099
2500.0,1.0,0.970005
2500.0,2.0,0.496012
2500.0,3.0,0.996094
2500.0,4.0,0.23922
2500.0,5.0,0.023925
2500.0,6.0,0.265118
2500.0,7.0,0.69395
2500.0,8.0,0.567648
2500.0,9.0,0.526397
2500.0,10.0,0.55748
2500.0,11.0,0.680608
2500.0,12.0,0.432583
2500.0,13.0,0.422993
2500.0,14.0,0.313015
2500.0,15.0,0.442683
2500.0,16.0,0.473033
2500.0,17.0,0.12329
2500.0,18.0,0.26618
2500.0,19.0,1.0
2500.0,20.0,0.400412
2500.0,21.0,0.340451
2500.0,22.0,0.205769
2500.0,23.0,0.943902
2500.0,24.0,0.004052
2500.0,25.0,0.719319
2500.0,26.0,0.419077
2500.0,27.0,0.486912
2500.0,28.0,0.189415
2500.0,29.0,0.022831
2500.0,30.0,0.863325
2500.0,31.0,0.485283
2500.0,32.0,0.355947
2500.0,33.0,0.005344
2500.0,34.0,0.118508
2500.0,35.0,0.026221
2500.0,36.0,0.476185
2501.0,0.0,0.32021
2501.0,1.0,0.970674
2501.0,2.0,0.510426
2501.0,3.0,0.996117
2501.0,4.0,0.243968
2501.0,5.0,0.024091
2501.0,6.0,0.270527
2501.0,7.0,0.703417
2501.0,8.0,0.568622
2501.0,9.0,0.529087
2501.0,10.0,0.560898
2501.0,11.0,0.682204
2501.0,12.0,0.476524
2501.0,13.0,0.437833
2501.0,14.0,0.314045
2501.0,15.0,0.455807
2501.0,16.0,0.48476
2501.0,17.0,0.125366
2501.0,18.0,0.271549
2501.0,19.0,1.0
2501.0,20.0,0.40566
2501.0,21.0,0.361878
2501.0,22.0,0.204066
2501.0,23.0,0.944717
2501.0,24.0,0.004154
2501.0,25.0,0.732106
2501.0,26.0,0.476857
2501.0,27.0,0.489718
2501.0,28.0,0.191348
2501.0,29.0,0.022907
2501.0,30.0,0.863776
2501.0,31.0,0.488629
2501.0,32.0,0.357234
2501.0,33.0,0.005432
2501.0,34.0,0.117727
2501.0,35.0,0.026315
2501.0,36.0,0.477445
2502.0,0.0,0.322008
2502.0,1.0,0.971175
2502.0,2.0,0.524009
2502.0,3.0,0.996011
2502.0,4.0,0.247764
2502.0,5.0,0.024292
2502.0,6.0,0.274985
2502.0,7.0,0.712509
2502.0,8.0,0.570088
2502.0,9.0,0.53247
2502.0,10.0,0.562755
2502.0,11.0,0.68387
2502.0,12.0,0.51858
2502.0,13.0,0.451412
2502.0,14.0,0.315536
2502.0,15.0,0.468767
2502.0,16.0,0.495412
2502.0,17.0,0.12846
2502.0,18.0,0.27662
2502.0,19.0,1.0
2502.0,20.0,0.409569
2502.0,21.0,0.383322
2502.0,22.0,0.201822
2502.0,23.0,0.945626
2502.0,24.0,0.004246
2502.0,25.0,0.743643
2502.0,26.0,0.528411
2502.0,27.0,0.492552
2502.0,28.0,0.192972
2502.0,29.0,0.023517
2502.0,30.0,0.86415
2502.0,31.0,0.493484
2502.0,32.0,0.357284
2502.0,33.0,0.005647
2502.0,34.0,0.116323
2502.0,35.0,0.026522
2502.0,36.0,0.478666
2503.0,0.0,0.323641
2503.0,1.0,0.971496
2503.0,2.0,0.537751
2503.0,3.0,0.996011
2503.0,4.0,0.251218
2503.0,5.0,0.024755
2503.0,6.0,0.279834
2503.0,7.0,0.72091
2503.0,8.0,0.571532
2503.0,9.0,0.535096
2503.0,10.0,0.564838
2503.0,11.0,0.685472
2503.0,12.0,0.558373
2503.0,13.0,0.463763
2503.0,14.0,0.317273
2503.0,15.0,0.480354
2503.0,16.0,0.505235
2503.0,17.0,0.131783
2503.0,18.0,0.281823
2503.0,19.0,1.0
2503.0,20.0,0.414834
2503.0,21.0,0.403007
2503.0,22.0,0.200867
2503.0,23.0,0.946759
2503.0,24.0,0.004196
2503.0,25.0,0.753797
2503.0,26.0,0.574714
2503.0,27.0,0.495551
2503.0,28.0,0.195103
2503.0,29.0,0.023984
2503.0,30.0,0.864504
2503.0,31.0,0.496094
2503.0,32.0,0.359091
2503.0,33.0,0.00566
2503.0,34.0,0.115739
2503.0,35.0,0.026947
2503.0,36.0,0.481851
2504.0,0.0,0.326028
2504.0,1.0,0.972268
2504.0,2.0,0.550612
2504.0,3.0,0.996075
2504.0,4.0,0.256208
2504.0,5.0,0.02478
2504.0,6.0,0.284512
2504.0,7.0,0.730136
2504.0,8.0,0.573202
2504.0,9.0,0.538199
2504.0,10.0,0.567055
2504.0,11.0,0.685956
2504.0,12.0,0.596764
2504.0,13.0,0.476639
2504.0,14.0,0.318711
2504.0,15.0,0.491935
2504.0,16.0,0.515326
2504.0,17.0,0.135129
2504.0,18.0,0.287403
2504.0,19.0,1.0
2504.0,20.0,0.419178
2504.0,21.0,0.423189
2504.0,22.0,0.199468
2504.0,23.0,0.9481
2504.0,24.0,0.004081
2504.0,25.0,0.763122
2504.0,26.0,0.616168
2504.0,27.0,0.498658
2504.0,28.0,0.196568
2504.0,29.0,0.024534
2504.0,30.0,0.865117
2504.0,31.0,0.499497
2504.0,32.0,0.360569
2504.0,33.0,0.005737
2504.0,34.0,0.115107
2504.0,35.0,0.027095
2504.0,36.0,0.482895
2505.0,0.0,0.327524
2505.0,1.0,0.972844
2505.0,2.0,0.562437
2505.0,3.0,0.996118
2505.0,4.0,0.259992
2505.0,5.0,0.025133
2505.0,6.0,0.289792
2505.0,7.0,0.738477
2505.0,8.0,0.574711
2505.0,9.0,0.540218
2505.0,10.0,0.569014
2505.0,11.0,0.687101
2505.0,12.0,0.631869
2505.0,13.0,0.488888
2505.0,14.0,0.32061
2505.0,15.0,0.502583
2505.0,16.0,0.525749
2505.0,17.0,0.138208
2505.0,18.0,0.292171
2505.0,19.0,1.0
2505.0,20.0,0.423635
2505.0,21.0,0.442695
2505.0,22.0,0.198525
2505.0,23.0,0.949158
2505.0,24.0,0.004153
2505.0,25.0,0.772191
2505.0,26.0,0.651334
2505.0,27.0,0.501025
2505.0,28.0,0.198715
2505.0,29.0,0.024949
2505.0,30.0,0.865494
2505.0,31.0,0.503326
2505.0,32.0,0.36061
2505.0,33.0,0.005772
2505.0,34.0,0.114913
2505.0,35.0,0.027566
2505.0,36.0,0.484908
2506.0,0.0,0.325177
2506.0,1.0,0.97225
2506.0,2.0,0.547283
2506.0,3.0,0.99611
2506.0,4.0,0.255195
2506.0,5.0,0.024786
2506.0,6.0,0.284339
2506.0,7.0,0.728536
2506.0,8.0,0.574494
2506.0,9.0,0.536827
2506.0,10.0,0.567217
2506.0,11.0,0.685253
2506.0,12.0,0.586541
2506.0,13.0,0.47487
2506.0,14.0,0.318026
2506.0,15.0,0.490104
2506.0,16.0,0.514764
2506.0,17.0,0.134059
2506.0,18.0,0.286242
2506.0,19.0,1.0
2506.0,20.0,0.419666
2506.0,21.0,0.418516
2506.0,22.0,0.200675
2506.0,23.0,0.948388
2506.0,24.0,0.004125
2506.0,25.0,0.762668
2506.0,26.0,0.606422
2506.0,27.0,0.498172
2506.0,28.0,0.196993
2506.0,29.0,0.0247
2506.0,30.0,0.864542
2506.0,31.0,0.499083
2506.0,32.0,0.359161
2506.0,33.0,0.005637
2506.0,34.0,0.116061
2506.0,35.0,0.027337
2506.0,36.0,0.4826
2507.0,0.0,0.322704
2507.0,1.0,0.97179
2507.0,2.0,0.533546
2507.0,3.0,0.996025
2507.0,4.0,0.251104
2507.0,5.0,0.024441
2507.0,6.0,0.279341
2507.0,7.0,0.719406
2507.0,8.0,0.57392
2507.0,9.0,0.534571
2507.0,10.0,0.564133
2507.0,11.0,0.684589
2507.0,12.0,0.54252
2507.0,13.0,0.460835
2507.0,14.0,0.31649
2507.0,15.0,0.477546
2507.0,16.0,0.504299
2507.0,17.0,0.131378
2507.0,18.0,0.280583
2507.0,19.0,1.0
2507.0,20.0,0.414413
2507.0,21.0,0.396281
2507.0,22.0,0.202402
2507.0,23.0,0.947409
2507.0,24.0,0.004099
2507.0,25.0,0.752808
2507.0,26.0,0.559818
2507.0,27.0,0.494409
2507.0,28.0,0.194732
2507.0,29.0,0.024446
2507.0,30.0,0.863818
2507.0,31.0,0.495493
2507.0,32.0,0.357823
2507.0,33.0,0.005483
2507.0,34.0,0.11703
2507.0,35.0,0.02685
2507.0,36.0,0.480912
2508.0,0.0,0.321272
2508.0,1.0,0.971074
2508.0,2.0,0.519845
2508.0,3.0,0.995944
2508.0,4.0,0.246587
2508.0,5.0,0.024174
2508.0,6.0,0.2739
2508.0,7.0,0.711276
2508.0,8.0,0.572859
2508.0,9.0,0.532617
2508.0,10.0,0.561448
2508.0,11.0,0.683368
2508.0,12.0,0.502351
2508.0,13.0,0.447585
2508.0,14.0,0.315468
2508.0,15.0,0.466031
2508.0,16.0,0.494119
2508.0,17.0,0.128152
2508.0,18.0,0.276044
2508.0,19.0,1.0
2508.0,20.0,0.41005
2508.0,21.0,0.375915
2508.0,22.0,0.203546
2508.0,23.0,0.946722
2508.0,24.0,0.004052
2508.0,25.0,0.743017
2508.0,26.0,0.512028
2508.0,27.0,0.491586
2508.0,28.0,0.192757
2508.0,29.0,0.023903
2508.0,30.0,0.862934
2508.0,31.0,0.491662
2508.0,32.0,0.356624
2508.0,33.0,0.005321
2508.0,34.0,0.117776
2508.0,35.0,0.026528
2508.0,36.0,0.478443
2509.0,0.0,0.318799
2509.0,1.0,0.970566
2509.0,2.0,0.507002
2509.0,3.0,0.995954
2509.0,4.0,0.242675
2509.0,5.0,0.023956
2509.0,6.0,0.269091
2509.0,7.0,0.70325
2509.0,8.0,0.572414
2509.0,9.0,0.530899
2509.0,10.0,0.559273
2509.0,11.0,0.680889
2509.0,12.0,0.464761
2509.0,13.0,0.434519
2509.0,14.0,0.313971
2509.0,15.0,0.454115
2509.0,16.0,0.484914
2509.0,17.0,0.125254
2509.0,18.0,0.270851
2509.0,19.0,1.0
2509.0,20.0,0.405805
2509.0,21.0,0.356968
2509.0,22.0,0.205539
2509.0,23.0,0.946077
2509.0,24.0,0.004012
2509.0,25.0,0.732882
2509.0,26.0,0.464448
2509.0,27.0,0.489053
2509.0,28.0,0.191277
2509.0,29.0,0.023618
2509.0,30.0,0.862389
2509.0,31.0,0.488619
2509.0,32.0,0.354895
2509.0,33.0,0.005196
2509.0,34.0,0.118932
2509.0,35.0,0.026392
2509.0,36.0,0.47698
2510.0,0.0,0.315365
2510.0,1.0,0.970009
2510.0,2.0,0.494959
2510.0,3.0,0.995932
2510.0,4.0,0.238785
2510.0,5.0,0.023926
2510.0,6.0,0.265371
2510.0,7.0,0.694912
2510.0,8.0,0.571169
2510.0,9.0,0.528528
2510.0,10.0,0.556642
2510.0,11.0,0.678923
2510.0,12.0,0.431005
2510.0,13.0,0.422622
2510.0,14.0,0.313109
2510.0,15.0,0.444027
2510.0,16.0,0.474988
2510.0,17.0,0.123876
2510.0,18.0,0.266405
2510.0,19.0,1.0
2510.0,20.0,0.401519
2510.0,21.0,0.339575
2510.0,22.0,0.20667
2510.0,23.0,0.945436
2510.0,24.0,0.003918
2510.0,25.0,0.722159
2510.0,26.0,0.417908
2510.0,27.0,0.487199
2510.0,28.0,0.189206
2510.0,29.0,0.023121
2510.0,30.0,0.861931
2510.0,31.0,0.485887
2510.0,32.0,0.353437
2510.0,33.0,0.005152
2510.0,34.0,0.119567
2510.0,35.0,0.025696
2510.0,36.0,0.474974
