FREQUENCIES 
Gen,mut_id,mut_freq
1.0,0.0,0.5
1.0,1.0,0.5
1.0,2.0,0.5
1.0,3.0,0.5
1.0,4.0,0.5
1.0,5.0,0.5
1.0,6.0,0.5
1.0,7.0,0.5
1.0,8.0,0.5
1.0,9.0,0.5
1.0,10.0,0.5
1.0,11.0,0.5
1.0,12.0,0.5
1.0,13.0,0.5
1.0,14.0,0.5
1.0,15.0,0.5
1.0,16.0,0.5
1.0,17.0,0.5
1.0,18.0,0.5
1.0,19.0,0.5
1.0,20.0,0.5
1.0,21.0,0.5
1.0,22.0,0.5
1.0,23.0,0.5
1.0,24.0,0.5
1.0,25.0,0.5
1.0,26.0,0.5
1.0,27.0,0.5
1.0,28.0,0.5
1.0,29.0,0.5
1.0,30.0,0.5
1.0,31.0,0.5
1.0,32.0,0.5
1.0,33.0,0.5
1.0,34.0,0.5
1.0,35.0,0.5
1.0,36.0,0.5
1.0,37.0,0.5
1.0,38.0,0.5
1.0,39.0,0.5
1.0,40.0,0.5
1.0,41.0,0.5
1.0,42.0,0.5
1.0,43.0,0.5
1.0,44.0,0.5
1.0,45.0,0.5
1.0,46.0,0.5
1.0,47.0,0.5
1.0,48.0,0.5
1.0,49.0,0.5
1.0,50.0,0.5
1.0,51.0,0.5
1.0,52.0,0.5
1.0,53.0,0.5
1.0,54.0,0.5
1.0,55.0,0.5
1.0,56.0,0.5
1.0,57.0,0.5
1.0,58.0,0.5
1.0,59.0,0.5
1.0,60.0,0.5
1.0,61.0,0.5
1.0,62.0,0.5
1.0,63.0,0.5
1.0,64.0,0.5
1.0,65.0,0.5
1.0,66.0,0.5
1.0,67.0,0.5
1.0,68.0,0.5
1.0,69.0,0.5
1.0,70.0,0.5
1.0,71.0,0.5
1.0,72.0,0.5
1.0,73.0,0.5
1.0,74.0,0.5
1.0,75.0,0.5
1.0,76.0,0.5
1.0,77.0,0.5
1.0,78.0,0.5
1.0,79.0,0.5
1.0,80.0,0.5
1.0,81.0,0.5
1.0,82.0,0.5
1.0,83.0,0.5
1.0,84.0,0.5
1.0,85.0,0.5
1.0,86.0,0.5
1.0,87.0,0.5
1.0,88.0,0.5
1.0,89.0,0.5
1.0,90.0,0.5
1.0,91.0,0.5
1.0,92.0,0.5
1.0,93.0,0.5
1.0,94.0,0.5
1.0,95.0,0.5
1.0,96.0,0.5
1.0,97.0,0.5
1.0,98.0,0.5
1.0,99.0,0.5
1.0,100.0,0.5
1.0,101.0,0.5
1.0,102.0,0.5
1.0,103.0,0.5
1.0,104.0,0.5
1.0,105.0,0.5
1.0,106.0,0.5
1.0,107.0,0.5
1.0,108.0,0.5
1.0,109.0,0.5
1.0,110.0,0.5
1.0,111.0,0.5
1.0,112.0,0.5
1.0,113.0,0.5
1.0,114.0,0.5
1.0,115.0,0.5
1.0,116.0,0.5
1.0,117.0,0.5
1.0,118.0,0.5
1.0,119.0,0.5
1.0,120.0,0.5
1.0,121.0,0.5
1.0,122.0,0.5
1.0,123.0,0.5
1.0,124.0,0.5
1.0,125.0,0.5
1.0,126.0,0.5
2500.0,0.0,0.146312
2500.0,1.0,0.724809
2500.0,2.0,0.531668
2500.0,3.0,0.559816
2500.0,4.0,0.580026
2500.0,5.0,0.549083
2500.0,6.0,0.325409
2500.0,7.0,0.392756
2500.0,8.0,0.0
2500.0,9.0,0.093305
2500.0,10.0,0.805561
2500.0,11.0,0.528734
2500.0,12.0,0.0
2500.0,13.0,0.391623
2500.0,14.0,0.164176
2500.0,15.0,1.0
2500.0,16.0,1.0
2500.0,17.0,0.620316
2500.0,18.0,0.124811
2500.0,19.0,0.502744
2500.0,20.0,0.483261
2500.0,21.0,0.665196
2500.0,22.0,0.519378
2500.0,23.0,1.0
2500.0,24.0,0.688853
2500.0,25.0,1.0
2500.0,26.0,1.0
2500.0,27.0,0.747686
2500.0,28.0,0.56698
2500.0,29.0,1.0
2500.0,30.0,0.142672
2500.0,31.0,0.569818
2500.0,32.0,0.470305
2500.0,33.0,0.831029
2500.0,34.0,0.532771
2500.0,35.0,0.423225
2500.0,36.0,1.0
2500.0,37.0,0.298189
2500.0,38.0,0.0
2500.0,39.0,0.240563
2500.0,40.0,0.0
2500.0,41.0,0.986052
2500.0,42.0,0.554329
2500.0,43.0,0.095376
2500.0,44.0,0.065018
2500.0,45.0,0.995571
2500.0,46.0,0.514136
2500.0,47.0,0.65608
2500.0,48.0,0.155149
2500.0,49.0,0.0
2500.0,50.0,0.27206
2500.0,51.0,0.540507
2500.0,52.0,0.094924
2500.0,53.0,0.388504
2500.0,54.0,0.52592
2500.0,55.0,0.610775
2500.0,56.0,0.319728
2500.0,57.0,0.186498
2500.0,58.0,0.983858
2500.0,59.0,0.97026
2500.0,60.0,0.003104
2500.0,61.0,0.244662
2500.0,62.0,0.857709
2500.0,63.0,0.267001
2500.0,64.0,0.991339
2500.0,65.0,0.298167
2500.0,66.0,0.63393
2500.0,67.0,0.465075
2500.0,68.0,0.423158
2500.0,69.0,0.424044
2500.0,70.0,0.652994
2500.0,71.0,0.0
2500.0,72.0,0.0
2500.0,73.0,0.631935
2500.0,74.0,0.677508
2500.0,75.0,0.69007
2500.0,76.0,1.0
2500.0,77.0,1.0
2500.0,78.0,0.263777
2500.0,79.0,0.69191
2500.0,80.0,0.62444
2500.0,81.0,0.0
2500.0,82.0,0.910257
2500.0,83.0,0.495679
2500.0,84.0,0.500503
2500.0,85.0,0.060968
2500.0,86.0,0.70334
2500.0,87.0,0.47967
2500.0,88.0,0.400175
2500.0,89.0,0.336174
2500.0,90.0,0.539599
2500.0,91.0,0.984952
2500.0,92.0,0.598004
2500.0,93.0,0.564343
2500.0,94.0,0.048435
2500.0,95.0,0.481848
2500.0,96.0,0.195002
2500.0,97.0,0.319829
2500.0,98.0,0.000712
2500.0,99.0,0.02902
2500.0,100.0,1.0
2500.0,101.0,0.0
2500.0,102.0,0.163517
2500.0,103.0,0.875801
2500.0,104.0,0.503005
2500.0,105.0,0.400175
2500.0,106.0,0.0
2500.0,107.0,0.652879
2500.0,108.0,0.122626
2500.0,109.0,0.999942
2500.0,110.0,0.577802
2500.0,111.0,0.658178
2500.0,112.0,0.74321
2500.0,113.0,0.617498
2500.0,114.0,0.381092
2500.0,115.0,0.268516
2500.0,116.0,0.547271
2500.0,117.0,0.0
2500.0,118.0,0.880876
2500.0,119.0,0.549145
2500.0,120.0,0.0
2500.0,121.0,0.575399
2500.0,122.0,0.437396
2500.0,123.0,0.0
2500.0,124.0,0.475753
2500.0,125.0,0.0
2500.0,126.0,0.752387
2501.0,0.0,0.153234
2501.0,1.0,0.750355
2501.0,2.0,0.537785
2501.0,3.0,0.564972
2501.0,4.0,0.584884
2501.0,5.0,0.571239
2501.0,6.0,0.376175
2501.0,7.0,0.404624
2501.0,8.0,0.0
2501.0,9.0,0.11735
2501.0,10.0,0.815873
2501.0,11.0,0.602913
2501.0,12.0,0.0
2501.0,13.0,0.40742
2501.0,14.0,0.188591
2501.0,15.0,1.0
2501.0,16.0,1.0
2501.0,17.0,0.626015
2501.0,18.0,0.13015
2501.0,19.0,0.557359
2501.0,20.0,0.507949
2501.0,21.0,0.671337
2501.0,22.0,0.533623
2501.0,23.0,1.0
2501.0,24.0,0.694306
2501.0,25.0,1.0
2501.0,26.0,1.0
2501.0,27.0,0.75269
2501.0,28.0,0.585097
2501.0,29.0,1.0
2501.0,30.0,0.15894
2501.0,31.0,0.576332
2501.0,32.0,0.474914
2501.0,33.0,0.833003
2501.0,34.0,0.552764
2501.0,35.0,0.426625
2501.0,36.0,1.0
2501.0,37.0,0.301504
2501.0,38.0,0.0
2501.0,39.0,0.245163
2501.0,40.0,0.0
2501.0,41.0,0.985555
2501.0,42.0,0.563765
2501.0,43.0,0.099275
2501.0,44.0,0.077825
2501.0,45.0,0.995755
2501.0,46.0,0.565452
2501.0,47.0,0.660173
2501.0,48.0,0.180778
2501.0,49.0,0.0
2501.0,50.0,0.30809
2501.0,51.0,0.564373
2501.0,52.0,0.092469
2501.0,53.0,0.397791
2501.0,54.0,0.530093
2501.0,55.0,0.64362
2501.0,56.0,0.344885
2501.0,57.0,0.20467
2501.0,58.0,0.984297
2501.0,59.0,0.976142
2501.0,60.0,0.002922
2501.0,61.0,0.247829
2501.0,62.0,0.862575
2501.0,63.0,0.274444
2501.0,64.0,0.991441
2501.0,65.0,0.351036
2501.0,66.0,0.60848
2501.0,67.0,0.508626
2501.0,68.0,0.438993
2501.0,69.0,0.466166
2501.0,70.0,0.609937
2501.0,71.0,0.0
2501.0,72.0,0.0
2501.0,73.0,0.658974
2501.0,74.0,0.677121
2501.0,75.0,0.699009
2501.0,76.0,1.0
2501.0,77.0,1.0
2501.0,78.0,0.27483
2501.0,79.0,0.788248
2501.0,80.0,0.622483
2501.0,81.0,0.0
2501.0,82.0,0.913417
2501.0,83.0,0.505232
2501.0,84.0,0.556903
2501.0,85.0,0.062203
2501.0,86.0,0.70967
2501.0,87.0,0.497897
2501.0,88.0,0.394393
2501.0,89.0,0.359706
2501.0,90.0,0.551465
2501.0,91.0,0.984829
2501.0,92.0,0.603443
2501.0,93.0,0.584667
2501.0,94.0,0.086147
2501.0,95.0,0.508026
2501.0,96.0,0.201587
2501.0,97.0,0.342986
2501.0,98.0,0.000744
2501.0,99.0,0.029487
2501.0,100.0,1.0
2501.0,101.0,0.0
2501.0,102.0,0.166406
2501.0,103.0,0.876198
2501.0,104.0,0.511357
2501.0,105.0,0.394393
2501.0,106.0,0.0
2501.0,107.0,0.667713
2501.0,108.0,0.133241
2501.0,109.0,0.999959
2501.0,110.0,0.583737
2501.0,111.0,0.660496
2501.0,112.0,0.74992
2501.0,113.0,0.647314
2501.0,114.0,0.384572
2501.0,115.0,0.271462
2501.0,116.0,0.557265
2501.0,117.0,0.0
2501.0,118.0,0.890724
2501.0,119.0,0.643126
2501.0,120.0,0.0
2501.0,121.0,0.595058
2501.0,122.0,0.542875
2501.0,123.0,0.0
2501.0,124.0,0.478177
2501.0,125.0,0.0
2501.0,126.0,0.758899
2502.0,0.0,0.160309
2502.0,1.0,0.770963
2502.0,2.0,0.54343
2502.0,3.0,0.570247
2502.0,4.0,0.588588
2502.0,5.0,0.591241
2502.0,6.0,0.428272
2502.0,7.0,0.418102
2502.0,8.0,0.0
2502.0,9.0,0.145229
2502.0,10.0,0.82547
2502.0,11.0,0.668984
2502.0,12.0,0.0
2502.0,13.0,0.423205
2502.0,14.0,0.214074
2502.0,15.0,1.0
2502.0,16.0,1.0
2502.0,17.0,0.632796
2502.0,18.0,0.135625
2502.0,19.0,0.595411
2502.0,20.0,0.530234
2502.0,21.0,0.678565
2502.0,22.0,0.547427
2502.0,23.0,1.0
2502.0,24.0,0.699514
2502.0,25.0,1.0
2502.0,26.0,1.0
2502.0,27.0,0.756424
2502.0,28.0,0.600352
2502.0,29.0,1.0
2502.0,30.0,0.175696
2502.0,31.0,0.583318
2502.0,32.0,0.479884
2502.0,33.0,0.8347
2502.0,34.0,0.57115
2502.0,35.0,0.428923
2502.0,36.0,1.0
2502.0,37.0,0.304532
2502.0,38.0,0.0
2502.0,39.0,0.250424
2502.0,40.0,0.0
2502.0,41.0,0.985319
2502.0,42.0,0.574001
2502.0,43.0,0.102273
2502.0,44.0,0.091204
2502.0,45.0,0.995833
2502.0,46.0,0.601337
2502.0,47.0,0.663237
2502.0,48.0,0.208934
2502.0,49.0,0.0
2502.0,50.0,0.341578
2502.0,51.0,0.584067
2502.0,52.0,0.089199
2502.0,53.0,0.407684
2502.0,54.0,0.533263
2502.0,55.0,0.672083
2502.0,56.0,0.369175
2502.0,57.0,0.222793
2502.0,58.0,0.984713
2502.0,59.0,0.980691
2502.0,60.0,0.002965
2502.0,61.0,0.249402
2502.0,62.0,0.868567
2502.0,63.0,0.282539
2502.0,64.0,0.991699
2502.0,65.0,0.407394
2502.0,66.0,0.580776
2502.0,67.0,0.54863
2502.0,68.0,0.454515
2502.0,69.0,0.503822
2502.0,70.0,0.573669
2502.0,71.0,0.0
2502.0,72.0,0.0
2502.0,73.0,0.683261
2502.0,74.0,0.678136
2502.0,75.0,0.706906
2502.0,76.0,1.0
2502.0,77.0,1.0
2502.0,78.0,0.278145
2502.0,79.0,0.862529
2502.0,80.0,0.62058
2502.0,81.0,0.0
2502.0,82.0,0.915679
2502.0,83.0,0.514149
2502.0,84.0,0.596799
2502.0,85.0,0.063539
2502.0,86.0,0.716447
2502.0,87.0,0.515923
2502.0,88.0,0.38383
2502.0,89.0,0.362956
2502.0,90.0,0.563309
2502.0,91.0,0.985109
2502.0,92.0,0.610562
2502.0,93.0,0.604315
2502.0,94.0,0.138687
2502.0,95.0,0.531908
2502.0,96.0,0.208541
2502.0,97.0,0.367624
2502.0,98.0,0.00078
2502.0,99.0,0.029735
2502.0,100.0,1.0
2502.0,101.0,0.0
2502.0,102.0,0.169576
2502.0,103.0,0.876229
2502.0,104.0,0.519442
2502.0,105.0,0.38383
2502.0,106.0,0.0
2502.0,107.0,0.679966
2502.0,108.0,0.144326
2502.0,109.0,0.999964
2502.0,110.0,0.590583
2502.0,111.0,0.663143
2502.0,112.0,0.754493
2502.0,113.0,0.672934
2502.0,114.0,0.387692
2502.0,115.0,0.275255
2502.0,116.0,0.566678
2502.0,117.0,0.0
2502.0,118.0,0.899379
2502.0,119.0,0.718405
2502.0,120.0,0.0
2502.0,121.0,0.614824
2502.0,122.0,0.634417
2502.0,123.0,0.0
2502.0,124.0,0.480085
2502.0,125.0,0.0
2502.0,126.0,0.76325
2503.0,0.0,0.167892
2503.0,1.0,0.789221
2503.0,2.0,0.548589
2503.0,3.0,0.57481
2503.0,4.0,0.592403
2503.0,5.0,0.609033
2503.0,6.0,0.48063
2503.0,7.0,0.430191
2503.0,8.0,0.0
2503.0,9.0,0.176
2503.0,10.0,0.832471
2503.0,11.0,0.723999
2503.0,12.0,0.0
2503.0,13.0,0.438776
2503.0,14.0,0.241263
2503.0,15.0,1.0
2503.0,16.0,1.0
2503.0,17.0,0.638788
2503.0,18.0,0.141647
2503.0,19.0,0.627303
2503.0,20.0,0.550886
2503.0,21.0,0.684697
2503.0,22.0,0.561353
2503.0,23.0,1.0
2503.0,24.0,0.704755
2503.0,25.0,1.0
2503.0,26.0,1.0
2503.0,27.0,0.759063
2503.0,28.0,0.614811
2503.0,29.0,1.0
2503.0,30.0,0.193261
2503.0,31.0,0.589768
2503.0,32.0,0.484007
2503.0,33.0,0.836192
2503.0,34.0,0.588647
2503.0,35.0,0.43162
2503.0,36.0,1.0
2503.0,37.0,0.307447
2503.0,38.0,0.0
2503.0,39.0,0.253934
2503.0,40.0,0.0
2503.0,41.0,0.985096
2503.0,42.0,0.583016
2503.0,43.0,0.105129
2503.0,44.0,0.106165
2503.0,45.0,0.996103
2503.0,46.0,0.632209
2503.0,47.0,0.666972
2503.0,48.0,0.238024
2503.0,49.0,0.0
2503.0,50.0,0.373878
2503.0,51.0,0.603495
2503.0,52.0,0.08816
2503.0,53.0,0.421409
2503.0,54.0,0.536215
2503.0,55.0,0.697211
2503.0,56.0,0.392588
2503.0,57.0,0.2421
2503.0,58.0,0.984874
2503.0,59.0,0.984131
2503.0,60.0,0.002948
2503.0,61.0,0.251392
2503.0,62.0,0.874127
2503.0,63.0,0.289946
2503.0,64.0,0.992049
2503.0,65.0,0.462995
2503.0,66.0,0.547176
2503.0,67.0,0.585674
2503.0,68.0,0.468803
2503.0,69.0,0.540306
2503.0,70.0,0.537953
2503.0,71.0,0.0
2503.0,72.0,0.0
2503.0,73.0,0.70454
2503.0,74.0,0.678712
2503.0,75.0,0.713784
2503.0,76.0,1.0
2503.0,77.0,1.0
2503.0,78.0,0.276926
2503.0,79.0,0.913999
2503.0,80.0,0.619284
2503.0,81.0,0.0
2503.0,82.0,0.918057
2503.0,83.0,0.521576
2503.0,84.0,0.630537
2503.0,85.0,0.064735
2503.0,86.0,0.723278
2503.0,87.0,0.533687
2503.0,88.0,0.370704
2503.0,89.0,0.352509
2503.0,90.0,0.573627
2503.0,91.0,0.9856
2503.0,92.0,0.615651
2503.0,93.0,0.622411
2503.0,94.0,0.205826
2503.0,95.0,0.553948
2503.0,96.0,0.215648
2503.0,97.0,0.392607
2503.0,98.0,0.000808
2503.0,99.0,0.030265
2503.0,100.0,1.0
2503.0,101.0,0.0
2503.0,102.0,0.171236
2503.0,103.0,0.876111
2503.0,104.0,0.527531
2503.0,105.0,0.370704
2503.0,106.0,0.0
2503.0,107.0,0.691211
2503.0,108.0,0.155791
2503.0,109.0,0.99997
2503.0,110.0,0.597795
2503.0,111.0,0.665367
2503.0,112.0,0.759468
2503.0,113.0,0.695895
2503.0,114.0,0.389738
2503.0,115.0,0.279341
2503.0,116.0,0.576306
2503.0,117.0,0.0
2503.0,118.0,0.907568
2503.0,119.0,0.776706
2503.0,120.0,0.0
2503.0,121.0,0.632064
2503.0,122.0,0.711016
2503.0,123.0,0.0
2503.0,124.0,0.482214
2503.0,125.0,0.0
2503.0,126.0,0.766654
2504.0,0.0,0.17678
2504.0,1.0,0.805184
2504.0,2.0,0.553754
2504.0,3.0,0.579456
2504.0,4.0,0.595196
2504.0,5.0,0.625288
2504.0,6.0,0.534835
2504.0,7.0,0.441281
2504.0,8.0,0.0
2504.0,9.0,0.208732
2504.0,10.0,0.838097
2504.0,11.0,0.77162
2504.0,12.0,0.0
2504.0,13.0,0.454547
2504.0,14.0,0.269618
2504.0,15.0,1.0
2504.0,16.0,1.0
2504.0,17.0,0.643787
2504.0,18.0,0.147199
2504.0,19.0,0.65799
2504.0,20.0,0.568866
2504.0,21.0,0.691056
2504.0,22.0,0.575639
2504.0,23.0,1.0
2504.0,24.0,0.710241
2504.0,25.0,1.0
2504.0,26.0,1.0
2504.0,27.0,0.760946
2504.0,28.0,0.627833
2504.0,29.0,1.0
2504.0,30.0,0.211334
2504.0,31.0,0.595401
2504.0,32.0,0.48814
2504.0,33.0,0.836977
2504.0,34.0,0.606294
2504.0,35.0,0.433713
2504.0,36.0,1.0
2504.0,37.0,0.31077
2504.0,38.0,0.0
2504.0,39.0,0.258578
2504.0,40.0,0.0
2504.0,41.0,0.984885
2504.0,42.0,0.590594
2504.0,43.0,0.108603
2504.0,44.0,0.122586
2504.0,45.0,0.996248
2504.0,46.0,0.662368
2504.0,47.0,0.670526
2504.0,48.0,0.266944
2504.0,49.0,0.0
2504.0,50.0,0.405235
2504.0,51.0,0.620599
2504.0,52.0,0.086867
2504.0,53.0,0.435603
2504.0,54.0,0.539088
2504.0,55.0,0.721788
2504.0,56.0,0.415486
2504.0,57.0,0.262163
2504.0,58.0,0.985024
2504.0,59.0,0.986699
2504.0,60.0,0.003021
2504.0,61.0,0.253014
2504.0,62.0,0.880551
2504.0,63.0,0.297879
2504.0,64.0,0.992349
2504.0,65.0,0.52047
2504.0,66.0,0.510416
2504.0,67.0,0.619226
2504.0,68.0,0.481638
2504.0,69.0,0.5746
2504.0,70.0,0.501527
2504.0,71.0,0.0
2504.0,72.0,0.0
2504.0,73.0,0.724329
2504.0,74.0,0.679007
2504.0,75.0,0.721389
2504.0,76.0,1.0
2504.0,77.0,1.0
2504.0,78.0,0.272949
2504.0,79.0,0.947394
2504.0,80.0,0.618422
2504.0,81.0,0.0
2504.0,82.0,0.920361
2504.0,83.0,0.529721
2504.0,84.0,0.662627
2504.0,85.0,0.065509
2504.0,86.0,0.728785
2504.0,87.0,0.550197
2504.0,88.0,0.357646
2504.0,89.0,0.33608
2504.0,90.0,0.583527
2504.0,91.0,0.985986
2504.0,92.0,0.62239
2504.0,93.0,0.640042
2504.0,94.0,0.282435
2504.0,95.0,0.573628
2504.0,96.0,0.222834
2504.0,97.0,0.416476
2504.0,98.0,0.000776
2504.0,99.0,0.030883
2504.0,100.0,1.0
2504.0,101.0,0.0
2504.0,102.0,0.173704
2504.0,103.0,0.876168
2504.0,104.0,0.533702
2504.0,105.0,0.357646
2504.0,106.0,0.0
2504.0,107.0,0.70188
2504.0,108.0,0.166505
2504.0,109.0,0.999963
2504.0,110.0,0.603647
2504.0,111.0,0.667465
2504.0,112.0,0.763986
2504.0,113.0,0.715357
2504.0,114.0,0.393104
2504.0,115.0,0.283238
2504.0,116.0,0.584751
2504.0,117.0,0.0
2504.0,118.0,0.914909
2504.0,119.0,0.822053
2504.0,120.0,0.0
2504.0,121.0,0.649097
2504.0,122.0,0.77331
2504.0,123.0,0.0
2504.0,124.0,0.484999
2504.0,125.0,0.0
2504.0,126.0,0.770596
2505.0,0.0,0.18404
2505.0,1.0,0.819345
2505.0,2.0,0.560231
2505.0,3.0,0.584829
2505.0,4.0,0.599335
2505.0,5.0,0.640792
2505.0,6.0,0.586551
2505.0,7.0,0.45161
2505.0,8.0,0.0
2505.0,9.0,0.245127
2505.0,10.0,0.844721
2505.0,11.0,0.812998
2505.0,12.0,0.0
2505.0,13.0,0.470358
2505.0,14.0,0.298299
2505.0,15.0,1.0
2505.0,16.0,1.0
2505.0,17.0,0.649925
2505.0,18.0,0.152863
2505.0,19.0,0.687352
2505.0,20.0,0.586309
2505.0,21.0,0.696555
2505.0,22.0,0.588107
2505.0,23.0,1.0
2505.0,24.0,0.715887
2505.0,25.0,1.0
2505.0,26.0,1.0
2505.0,27.0,0.763809
2505.0,28.0,0.640509
2505.0,29.0,1.0
2505.0,30.0,0.229799
2505.0,31.0,0.601202
2505.0,32.0,0.492582
2505.0,33.0,0.83812
2505.0,34.0,0.622333
2505.0,35.0,0.435936
2505.0,36.0,1.0
2505.0,37.0,0.314464
2505.0,38.0,0.0
2505.0,39.0,0.26309
2505.0,40.0,0.0
2505.0,41.0,0.985112
2505.0,42.0,0.598428
2505.0,43.0,0.111972
2505.0,44.0,0.14028
2505.0,45.0,0.996425
2505.0,46.0,0.691081
2505.0,47.0,0.674556
2505.0,48.0,0.295236
2505.0,49.0,0.0
2505.0,50.0,0.437447
2505.0,51.0,0.634501
2505.0,52.0,0.085367
2505.0,53.0,0.452814
2505.0,54.0,0.541307
2505.0,55.0,0.743462
2505.0,56.0,0.437566
2505.0,57.0,0.284135
2505.0,58.0,0.985043
2505.0,59.0,0.988777
2505.0,60.0,0.003133
2505.0,61.0,0.256826
2505.0,62.0,0.886235
2505.0,63.0,0.306043
2505.0,64.0,0.992723
2505.0,65.0,0.577045
2505.0,66.0,0.475276
2505.0,67.0,0.648584
2505.0,68.0,0.494411
2505.0,69.0,0.606003
2505.0,70.0,0.466352
2505.0,71.0,0.0
2505.0,72.0,0.0
2505.0,73.0,0.742783
2505.0,74.0,0.67933
2505.0,75.0,0.728288
2505.0,76.0,1.0
2505.0,77.0,1.0
2505.0,78.0,0.266932
2505.0,79.0,0.968266
2505.0,80.0,0.617204
2505.0,81.0,0.0
2505.0,82.0,0.922851
2505.0,83.0,0.537149
2505.0,84.0,0.693184
2505.0,85.0,0.0665
2505.0,86.0,0.73298
2505.0,87.0,0.566951
2505.0,88.0,0.349992
2505.0,89.0,0.31536
2505.0,90.0,0.59349
2505.0,91.0,0.986369
2505.0,92.0,0.628291
2505.0,93.0,0.65685
2505.0,94.0,0.361927
2505.0,95.0,0.591245
2505.0,96.0,0.22957
2505.0,97.0,0.440675
2505.0,98.0,0.000766
2505.0,99.0,0.031199
2505.0,100.0,1.0
2505.0,101.0,0.0
2505.0,102.0,0.176421
2505.0,103.0,0.876867
2505.0,104.0,0.540611
2505.0,105.0,0.349992
2505.0,106.0,0.0
2505.0,107.0,0.710937
2505.0,108.0,0.176392
2505.0,109.0,0.99997
2505.0,110.0,0.60965
2505.0,111.0,0.66956
2505.0,112.0,0.768844
2505.0,113.0,0.732589
2505.0,114.0,0.395448
2505.0,115.0,0.286283
2505.0,116.0,0.59389
2505.0,117.0,0.0
2505.0,118.0,0.921356
2505.0,119.0,0.857325
2505.0,120.0,0.0
2505.0,121.0,0.664044
2505.0,122.0,0.823333
2505.0,123.0,0.0
2505.0,124.0,0.487443
2505.0,125.0,0.0
2505.0,126.0,0.773505
2506.0,0.0,0.17495
2506.0,1.0,0.800691
2506.0,2.0,0.553114
2506.0,3.0,0.576855
2506.0,4.0,0.596303
2506.0,5.0,0.619884
2506.0,6.0,0.526063
2506.0,7.0,0.439846
2506.0,8.0,0.0
2506.0,9.0,0.199104
2506.0,10.0,0.837226
2506.0,11.0,0.75789
2506.0,12.0,0.0
2506.0,13.0,0.452767
2506.0,14.0,0.263054
2506.0,15.0,1.0
2506.0,16.0,1.0
2506.0,17.0,0.643863
2506.0,18.0,0.14495
2506.0,19.0,0.605526
2506.0,20.0,0.563925
2506.0,21.0,0.690048
2506.0,22.0,0.572864
2506.0,23.0,1.0
2506.0,24.0,0.70957
2506.0,25.0,1.0
2506.0,26.0,1.0
2506.0,27.0,0.762012
2506.0,28.0,0.625709
2506.0,29.0,1.0
2506.0,30.0,0.205488
2506.0,31.0,0.593444
2506.0,32.0,0.487369
2506.0,33.0,0.837596
2506.0,34.0,0.602521
2506.0,35.0,0.433611
2506.0,36.0,1.0
2506.0,37.0,0.31219
2506.0,38.0,0.0
2506.0,39.0,0.257308
2506.0,40.0,0.0
2506.0,41.0,0.985101
2506.0,42.0,0.59088
2506.0,43.0,0.109007
2506.0,44.0,0.120385
2506.0,45.0,0.996283
2506.0,46.0,0.609781
2506.0,47.0,0.670987
2506.0,48.0,0.260965
2506.0,49.0,0.0
2506.0,50.0,0.399244
2506.0,51.0,0.615808
2506.0,52.0,0.087397
2506.0,53.0,0.434533
2506.0,54.0,0.539699
2506.0,55.0,0.717381
2506.0,56.0,0.409617
2506.0,57.0,0.258098
2506.0,58.0,0.984838
2506.0,59.0,0.986426
2506.0,60.0,0.002995
2506.0,61.0,0.254137
2506.0,62.0,0.879101
2506.0,63.0,0.297573
2506.0,64.0,0.992292
2506.0,65.0,0.497511
2506.0,66.0,0.554602
2506.0,67.0,0.605553
2506.0,68.0,0.478479
2506.0,69.0,0.564482
2506.0,70.0,0.545919
2506.0,71.0,0.0
2506.0,72.0,0.0
2506.0,73.0,0.719076
2506.0,74.0,0.679784
2506.0,75.0,0.721282
2506.0,76.0,1.0
2506.0,77.0,1.0
2506.0,78.0,0.257848
2506.0,79.0,0.942628
2506.0,80.0,0.617838
2506.0,81.0,0.0
2506.0,82.0,0.919526
2506.0,83.0,0.527745
2506.0,84.0,0.609311
2506.0,85.0,0.065255
2506.0,86.0,0.727918
2506.0,87.0,0.547134
2506.0,88.0,0.403088
2506.0,89.0,0.319919
2506.0,90.0,0.583853
2506.0,91.0,0.986145
2506.0,92.0,0.622233
2506.0,93.0,0.637076
2506.0,94.0,0.239825
2506.0,95.0,0.568074
2506.0,96.0,0.221418
2506.0,97.0,0.41115
2506.0,98.0,0.000858
2506.0,99.0,0.030895
2506.0,100.0,1.0
2506.0,101.0,0.0
2506.0,102.0,0.172741
2506.0,103.0,0.877219
2506.0,104.0,0.532399
2506.0,105.0,0.403088
2506.0,106.0,0.0
2506.0,107.0,0.698674
2506.0,108.0,0.164867
2506.0,109.0,0.999938
2506.0,110.0,0.602604
2506.0,111.0,0.668042
2506.0,112.0,0.763069
2506.0,113.0,0.712504
2506.0,114.0,0.393039
2506.0,115.0,0.282165
2506.0,116.0,0.583396
2506.0,117.0,0.0
2506.0,118.0,0.912558
2506.0,119.0,0.807467
2506.0,120.0,0.0
2506.0,121.0,0.644284
2506.0,122.0,0.743577
2506.0,123.0,0.0
2506.0,124.0,0.485257
2506.0,125.0,0.0
2506.0,126.0,0.769239
2507.0,0.0,0.16658
2507.0,1.0,0.782589
2507.0,2.0,0.54783
2507.0,3.0,0.571796
2507.0,4.0,0.592499
2507.0,5.0,0.601856
2507.0,6.0,0.469239
2507.0,7.0,0.428581
2507.0,8.0,0.0
2507.0,9.0,0.163717
2507.0,10.0,0.830521
2507.0,11.0,0.700303
2507.0,12.0,0.0
2507.0,13.0,0.436445
2507.0,14.0,0.232233
2507.0,15.0,1.0
2507.0,16.0,1.0
2507.0,17.0,0.638709
2507.0,18.0,0.13853
2507.0,19.0,0.561586
2507.0,20.0,0.543213
2507.0,21.0,0.683388
2507.0,22.0,0.55802
2507.0,23.0,1.0
2507.0,24.0,0.704142
2507.0,25.0,1.0
2507.0,26.0,1.0
2507.0,27.0,0.75961
2507.0,28.0,0.611855
2507.0,29.0,1.0
2507.0,30.0,0.18503
2507.0,31.0,0.586624
2507.0,32.0,0.481493
2507.0,33.0,0.835362
2507.0,34.0,0.583922
2507.0,35.0,0.430396
2507.0,36.0,1.0
2507.0,37.0,0.308369
2507.0,38.0,0.0
2507.0,39.0,0.252951
2507.0,40.0,0.0
2507.0,41.0,0.98529
2507.0,42.0,0.584019
2507.0,43.0,0.105688
2507.0,44.0,0.103033
2507.0,45.0,0.996163
2507.0,46.0,0.567112
2507.0,47.0,0.666647
2507.0,48.0,0.229853
2507.0,49.0,0.0
2507.0,50.0,0.363557
2507.0,51.0,0.597201
2507.0,52.0,0.090042
2507.0,53.0,0.421249
2507.0,54.0,0.537595
2507.0,55.0,0.693527
2507.0,56.0,0.383801
2507.0,57.0,0.236488
2507.0,58.0,0.984639
2507.0,59.0,0.983479
2507.0,60.0,0.002815
2507.0,61.0,0.250799
2507.0,62.0,0.872582
2507.0,63.0,0.290189
2507.0,64.0,0.992106
2507.0,65.0,0.43279
2507.0,66.0,0.598539
2507.0,67.0,0.566779
2507.0,68.0,0.462906
2507.0,69.0,0.525276
2507.0,70.0,0.591071
2507.0,71.0,0.0
2507.0,72.0,0.0
2507.0,73.0,0.695621
2507.0,74.0,0.67972
2507.0,75.0,0.713877
2507.0,76.0,1.0
2507.0,77.0,1.0
2507.0,78.0,0.257201
2507.0,79.0,0.902091
2507.0,80.0,0.618733
2507.0,81.0,0.0
2507.0,82.0,0.916895
2507.0,83.0,0.519052
2507.0,84.0,0.563687
2507.0,85.0,0.064236
2507.0,86.0,0.722239
2507.0,87.0,0.528188
2507.0,88.0,0.42663
2507.0,89.0,0.328031
2507.0,90.0,0.573559
2507.0,91.0,0.985753
2507.0,92.0,0.616714
2507.0,93.0,0.618461
2507.0,94.0,0.160929
2507.0,95.0,0.545373
2507.0,96.0,0.214931
2507.0,97.0,0.385385
2507.0,98.0,0.000868
2507.0,99.0,0.030293
2507.0,100.0,1.0
2507.0,101.0,0.0
2507.0,102.0,0.170974
2507.0,103.0,0.877799
2507.0,104.0,0.52387
2507.0,105.0,0.42663
2507.0,106.0,0.0
2507.0,107.0,0.686263
2507.0,108.0,0.154197
2507.0,109.0,0.99991
2507.0,110.0,0.595942
2507.0,111.0,0.664832
2507.0,112.0,0.757895
2507.0,113.0,0.690176
2507.0,114.0,0.389917
2507.0,115.0,0.278505
2507.0,116.0,0.572904
2507.0,117.0,0.0
2507.0,118.0,0.904593
2507.0,119.0,0.749354
2507.0,120.0,0.0
2507.0,121.0,0.625963
2507.0,122.0,0.658397
2507.0,123.0,0.0
2507.0,124.0,0.482429
2507.0,125.0,0.0
2507.0,126.0,0.765827
2508.0,0.0,0.158601
2508.0,1.0,0.763661
2508.0,2.0,0.543615
2508.0,3.0,0.56874
2508.0,4.0,0.587287
2508.0,5.0,0.583718
2508.0,6.0,0.417079
2508.0,7.0,0.417195
2508.0,8.0,0.0
2508.0,9.0,0.135492
2508.0,10.0,0.823402
2508.0,11.0,0.640852
2508.0,12.0,0.0
2508.0,13.0,0.421366
2508.0,14.0,0.204937
2508.0,15.0,1.0
2508.0,16.0,1.0
2508.0,17.0,0.633322
2508.0,18.0,0.132828
2508.0,19.0,0.53912
2508.0,20.0,0.521309
2508.0,21.0,0.677403
2508.0,22.0,0.54395
2508.0,23.0,1.0
2508.0,24.0,0.697649
2508.0,25.0,1.0
2508.0,26.0,1.0
2508.0,27.0,0.757478
2508.0,28.0,0.597252
2508.0,29.0,1.0
2508.0,30.0,0.167989
2508.0,31.0,0.579794
2508.0,32.0,0.475111
2508.0,33.0,0.834495
2508.0,34.0,0.567458
2508.0,35.0,0.427734
2508.0,36.0,1.0
2508.0,37.0,0.304506
2508.0,38.0,0.0
2508.0,39.0,0.248031
2508.0,40.0,0.0
2508.0,41.0,0.985335
2508.0,42.0,0.576292
2508.0,43.0,0.102927
2508.0,44.0,0.088341
2508.0,45.0,0.995949
2508.0,46.0,0.546066
2508.0,47.0,0.664245
2508.0,48.0,0.202987
2508.0,49.0,0.0
2508.0,50.0,0.330736
2508.0,51.0,0.579231
2508.0,52.0,0.092322
2508.0,53.0,0.410387
2508.0,54.0,0.53612
2508.0,55.0,0.668442
2508.0,56.0,0.360737
2508.0,57.0,0.219229
2508.0,58.0,0.984564
2508.0,59.0,0.980109
2508.0,60.0,0.002736
2508.0,61.0,0.246936
2508.0,62.0,0.86543
2508.0,63.0,0.282705
2508.0,64.0,0.991851
2508.0,65.0,0.379296
2508.0,66.0,0.619969
2508.0,67.0,0.529488
2508.0,68.0,0.449106
2508.0,69.0,0.488834
2508.0,70.0,0.615622
2508.0,71.0,0.0
2508.0,72.0,0.0
2508.0,73.0,0.672931
2508.0,74.0,0.679577
2508.0,75.0,0.706749
2508.0,76.0,1.0
2508.0,77.0,1.0
2508.0,78.0,0.262198
2508.0,79.0,0.844752
2508.0,80.0,0.620074
2508.0,81.0,0.0
2508.0,82.0,0.913305
2508.0,83.0,0.511846
2508.0,84.0,0.539718
2508.0,85.0,0.063168
2508.0,86.0,0.716663
2508.0,87.0,0.509201
2508.0,88.0,0.428799
2508.0,89.0,0.336307
2508.0,90.0,0.562469
2508.0,91.0,0.985687
2508.0,92.0,0.612108
2508.0,93.0,0.599781
2508.0,94.0,0.108553
2508.0,95.0,0.523797
2508.0,96.0,0.208889
2508.0,97.0,0.362176
2508.0,98.0,0.000864
2508.0,99.0,0.029577
2508.0,100.0,1.0
2508.0,101.0,0.0
2508.0,102.0,0.169761
2508.0,103.0,0.878041
2508.0,104.0,0.516948
2508.0,105.0,0.428799
2508.0,106.0,0.0
2508.0,107.0,0.673085
2508.0,108.0,0.144157
2508.0,109.0,0.999879
2508.0,110.0,0.591078
2508.0,111.0,0.662357
2508.0,112.0,0.752749
2508.0,113.0,0.667167
2508.0,114.0,0.386838
2508.0,115.0,0.274677
2508.0,116.0,0.562832
2508.0,117.0,0.0
2508.0,118.0,0.896081
2508.0,119.0,0.684831
2508.0,120.0,0.0
2508.0,121.0,0.607161
2508.0,122.0,0.576635
2508.0,123.0,0.0
2508.0,124.0,0.480194
2508.0,125.0,0.0
2508.0,126.0,0.761512
2509.0,0.0,0.151722
2509.0,1.0,0.744134
2509.0,2.0,0.538984
2509.0,3.0,0.566416
2509.0,4.0,0.583281
2509.0,5.0,0.565815
2509.0,6.0,0.369836
2509.0,7.0,0.40575
2509.0,8.0,0.0
2509.0,9.0,0.112771
2509.0,10.0,0.815794
2509.0,11.0,0.581751
2509.0,12.0,0.0
2509.0,13.0,0.406856
2509.0,14.0,0.182146
2509.0,15.0,1.0
2509.0,16.0,1.0
2509.0,17.0,0.626359
2509.0,18.0,0.128093
2509.0,19.0,0.522991
2509.0,20.0,0.499533
2509.0,21.0,0.670791
2509.0,22.0,0.530369
2509.0,23.0,1.0
2509.0,24.0,0.692136
2509.0,25.0,1.0
2509.0,26.0,1.0
2509.0,27.0,0.756427
2509.0,28.0,0.583249
2509.0,29.0,1.0
2509.0,30.0,0.152722
2509.0,31.0,0.572466
2509.0,32.0,0.469041
2509.0,33.0,0.83358
2509.0,34.0,0.549738
2509.0,35.0,0.425087
2509.0,36.0,1.0
2509.0,37.0,0.298938
2509.0,38.0,0.0
2509.0,39.0,0.243016
2509.0,40.0,0.0
2509.0,41.0,0.985553
2509.0,42.0,0.568505
2509.0,43.0,0.099422
2509.0,44.0,0.076453
2509.0,45.0,0.995775
2509.0,46.0,0.531998
2509.0,47.0,0.660067
2509.0,48.0,0.177761
2509.0,49.0,0.0
2509.0,50.0,0.300195
2509.0,51.0,0.560198
2509.0,52.0,0.094664
2509.0,53.0,0.398989
2509.0,54.0,0.534962
2509.0,55.0,0.64297
2509.0,56.0,0.339897
2509.0,57.0,0.203671
2509.0,58.0,0.984211
2509.0,59.0,0.975508
2509.0,60.0,0.002582
2509.0,61.0,0.244335
2509.0,62.0,0.860262
2509.0,63.0,0.275247
2509.0,64.0,0.99173
2509.0,65.0,0.335454
2509.0,66.0,0.629069
2509.0,67.0,0.49522
2509.0,68.0,0.435595
2509.0,69.0,0.45561
2509.0,70.0,0.63237
2509.0,71.0,0.0
2509.0,72.0,0.0
2509.0,73.0,0.651072
2509.0,74.0,0.681052
2509.0,75.0,0.70062
2509.0,76.0,1.0
2509.0,77.0,1.0
2509.0,78.0,0.267617
2509.0,79.0,0.771017
2509.0,80.0,0.61952
2509.0,81.0,0.0
2509.0,82.0,0.910716
2509.0,83.0,0.503947
2509.0,84.0,0.522036
2509.0,85.0,0.062059
2509.0,86.0,0.710483
2509.0,87.0,0.490973
2509.0,88.0,0.418311
2509.0,89.0,0.339545
2509.0,90.0,0.551439
2509.0,91.0,0.985438
2509.0,92.0,0.605753
2509.0,93.0,0.581834
2509.0,94.0,0.073555
2509.0,95.0,0.503357
2509.0,96.0,0.202927
2509.0,97.0,0.340436
2509.0,98.0,0.000856
2509.0,99.0,0.028822
2509.0,100.0,1.0
2509.0,101.0,0.0
2509.0,102.0,0.167156
2509.0,103.0,0.877801
2509.0,104.0,0.511221
2509.0,105.0,0.418311
2509.0,106.0,0.0
2509.0,107.0,0.659804
2509.0,108.0,0.134362
2509.0,109.0,0.999874
2509.0,110.0,0.583851
2509.0,111.0,0.658619
2509.0,112.0,0.748331
2509.0,113.0,0.64199
2509.0,114.0,0.384142
2509.0,115.0,0.270262
2509.0,116.0,0.553281
2509.0,117.0,0.0
2509.0,118.0,0.886842
2509.0,119.0,0.617965
2509.0,120.0,0.0
2509.0,121.0,0.588467
2509.0,122.0,0.50196
2509.0,123.0,0.0
2509.0,124.0,0.479581
2509.0,125.0,0.0
2509.0,126.0,0.758826
2510.0,0.0,0.145402
2510.0,1.0,0.722738
2510.0,2.0,0.535229
2510.0,3.0,0.564906
2510.0,4.0,0.577999
2510.0,5.0,0.548666
2510.0,6.0,0.325942
2510.0,7.0,0.395471
2510.0,8.0,0.0
2510.0,9.0,0.094223
2510.0,10.0,0.80917
2510.0,11.0,0.527644
2510.0,12.0,0.0
2510.0,13.0,0.394574
2510.0,14.0,0.16199
2510.0,15.0,1.0
2510.0,16.0,1.0
2510.0,17.0,0.621206
2510.0,18.0,0.124161
2510.0,19.0,0.504684
2510.0,20.0,0.479583
2510.0,21.0,0.664424
2510.0,22.0,0.517539
2510.0,23.0,1.0
2510.0,24.0,0.686822
2510.0,25.0,1.0
2510.0,26.0,1.0
2510.0,27.0,0.755735
2510.0,28.0,0.569171
2510.0,29.0,1.0
2510.0,30.0,0.139675
2510.0,31.0,0.5663
2510.0,32.0,0.465373
2510.0,33.0,0.833303
2510.0,34.0,0.533444
2510.0,35.0,0.422625
2510.0,36.0,1.0
2510.0,37.0,0.294706
2510.0,38.0,0.0
2510.0,39.0,0.238934
2510.0,40.0,0.0
2510.0,41.0,0.985627
2510.0,42.0,0.562431
2510.0,43.0,0.095448
2510.0,44.0,0.065673
2510.0,45.0,0.99566
2510.0,46.0,0.515926
2510.0,47.0,0.656717
2510.0,48.0,0.155956
2510.0,49.0,0.0
2510.0,50.0,0.271593
2510.0,51.0,0.540355
2510.0,52.0,0.096949
2510.0,53.0,0.38736
2510.0,54.0,0.533394
2510.0,55.0,0.618008
2510.0,56.0,0.321769
2510.0,57.0,0.19078
2510.0,58.0,0.983969
2510.0,59.0,0.970117
2510.0,60.0,0.002335
2510.0,61.0,0.241551
2510.0,62.0,0.85514
2510.0,63.0,0.268476
2510.0,64.0,0.991582
2510.0,65.0,0.300344
2510.0,66.0,0.632519
2510.0,67.0,0.463186
2510.0,68.0,0.422357
2510.0,69.0,0.426201
2510.0,70.0,0.64816
2510.0,71.0,0.0
2510.0,72.0,0.0
2510.0,73.0,0.630362
2510.0,74.0,0.681805
2510.0,75.0,0.695643
2510.0,76.0,1.0
2510.0,77.0,1.0
2510.0,78.0,0.270771
2510.0,79.0,0.688731
2510.0,80.0,0.6206
2510.0,81.0,0.0
2510.0,82.0,0.907691
2510.0,83.0,0.497459
2510.0,84.0,0.502397
2510.0,85.0,0.06047
2510.0,86.0,0.706054
2510.0,87.0,0.474262
2510.0,88.0,0.400089
2510.0,89.0,0.335668
2510.0,90.0,0.539695
2510.0,91.0,0.985257
2510.0,92.0,0.600817
2510.0,93.0,0.563992
2510.0,94.0,0.048664
2510.0,95.0,0.484503
2510.0,96.0,0.196614
2510.0,97.0,0.32005
2510.0,98.0,0.00085
2510.0,99.0,0.028337
2510.0,100.0,1.0
2510.0,101.0,0.0
2510.0,102.0,0.164321
2510.0,103.0,0.877423
2510.0,104.0,0.506542
2510.0,105.0,0.400089
2510.0,106.0,0.0
2510.0,107.0,0.64733
2510.0,108.0,0.12535
2510.0,109.0,0.999836
2510.0,110.0,0.577876
2510.0,111.0,0.65539
2510.0,112.0,0.743464
2510.0,113.0,0.617421
2510.0,114.0,0.381034
2510.0,115.0,0.267185
2510.0,116.0,0.543156
2510.0,117.0,0.0
2510.0,118.0,0.87765
2510.0,119.0,0.547601
2510.0,120.0,0.0
2510.0,121.0,0.570738
2510.0,122.0,0.436044
2510.0,123.0,0.0
2510.0,124.0,0.47836
2510.0,125.0,0.0
2510.0,126.0,0.754479
