FREQUENCIES 
Gen,mut_id,mut_freq
1.0,0.0,0.5
1.0,1.0,0.5
1.0,2.0,0.5
1.0,3.0,0.5
1.0,4.0,0.5
1.0,5.0,0.5
1.0,6.0,0.5
1.0,7.0,0.5
1.0,8.0,0.5
1.0,9.0,0.5
1.0,10.0,0.5
1.0,11.0,0.5
1.0,12.0,0.5
1.0,13.0,0.5
1.0,14.0,0.5
1.0,15.0,0.5
1.0,16.0,0.5
1.0,17.0,0.5
1.0,18.0,0.5
1.0,19.0,0.5
1.0,20.0,0.5
1.0,21.0,0.5
1.0,22.0,0.5
1.0,23.0,0.5
1.0,24.0,0.5
1.0,25.0,0.5
1.0,26.0,0.5
1.0,27.0,0.5
1.0,28.0,0.5
1.0,29.0,0.5
1.0,30.0,0.5
1.0,31.0,0.5
1.0,32.0,0.5
1.0,33.0,0.5
1.0,34.0,0.5
1.0,35.0,0.5
1.0,36.0,0.5
1.0,37.0,0.5
1.0,38.0,0.5
1.0,39.0,0.5
1.0,40.0,0.5
1.0,41.0,0.5
1.0,42.0,0.5
1.0,43.0,0.5
1.0,44.0,0.5
1.0,45.0,0.5
1.0,46.0,0.5
1.0,47.0,0.5
1.0,48.0,0.5
1.0,49.0,0.5
1.0,50.0,0.5
1.0,51.0,0.5
1.0,52.0,0.5
1.0,53.0,0.5
1.0,54.0,0.5
1.0,55.0,0.5
1.0,56.0,0.5
1.0,57.0,0.5
1.0,58.0,0.5
1.0,59.0,0.5
1.0,60.0,0.5
1.0,61.0,0.5
1.0,62.0,0.5
1.0,63.0,0.5
1.0,64.0,0.5
1.0,65.0,0.5
1.0,66.0,0.5
1.0,67.0,0.5
1.0,68.0,0.5
1.0,69.0,0.5
1.0,70.0,0.5
1.0,71.0,0.5
1.0,72.0,0.5
1.0,73.0,0.5
1.0,74.0,0.5
1.0,75.0,0.5
1.0,76.0,0.5
1.0,77.0,0.5
1.0,78.0,0.5
1.0,79.0,0.5
1.0,80.0,0.5
1.0,81.0,0.5
1.0,82.0,0.5
1.0,83.0,0.5
1.0,84.0,0.5
1.0,85.0,0.5
1.0,86.0,0.5
1.0,87.0,0.5
1.0,88.0,0.5
1.0,89.0,0.5
1.0,90.0,0.5
1.0,91.0,0.5
1.0,92.0,0.5
1.0,93.0,0.5
1.0,94.0,0.5
1.0,95.0,0.5
1.0,96.0,0.5
1.0,97.0,0.5
1.0,98.0,0.5
1.0,99.0,0.5
1.0,100.0,0.5
1.0,101.0,0.5
1.0,102.0,0.5
1.0,103.0,0.5
1.0,104.0,0.5
1.0,105.0,0.5
1.0,106.0,0.5
1.0,107.0,0.5
1.0,108.0,0.5
1.0,109.0,0.5
1.0,110.0,0.5
1.0,111.0,0.5
1.0,112.0,0.5
1.0,113.0,0.5
1.0,114.0,0.5
1.0,115.0,0.5
1.0,116.0,0.5
1.0,117.0,0.5
1.0,118.0,0.5
1.0,119.0,0.5
1.0,120.0,0.5
1.0,121.0,0.5
1.0,122.0,0.5
1.0,123.0,0.5
1.0,124.0,0.5
1.0,125.0,0.5
1.0,126.0,0.5
1.0,127.0,0.5
1.0,128.0,0.5
1.0,129.0,0.5
1.0,130.0,0.5
1.0,131.0,0.5
1.0,132.0,0.5
1.0,133.0,0.5
1.0,134.0,0.5
1.0,135.0,0.5
1.0,136.0,0.5
1.0,137.0,0.5
1.0,138.0,0.5
1.0,139.0,0.5
1.0,140.0,0.5
1.0,141.0,0.5
1.0,142.0,0.5
1.0,143.0,0.5
1.0,144.0,0.5
1.0,145.0,0.5
1.0,146.0,0.5
1.0,147.0,0.5
1.0,148.0,0.5
1.0,149.0,0.5
1.0,150.0,0.5
1.0,151.0,0.5
1.0,152.0,0.5
1.0,153.0,0.5
1.0,154.0,0.5
1.0,155.0,0.5
1.0,156.0,0.5
1.0,157.0,0.5
1.0,158.0,0.5
1.0,159.0,0.5
1.0,160.0,0.5
1.0,161.0,0.5
1.0,162.0,0.5
1.0,163.0,0.5
1.0,164.0,0.5
1.0,165.0,0.5
1.0,166.0,0.5
1.0,167.0,0.5
1.0,168.0,0.5
1.0,169.0,0.5
1.0,170.0,0.5
1.0,171.0,0.5
1.0,172.0,0.5
1.0,173.0,0.5
1.0,174.0,0.5
1.0,175.0,0.5
1.0,176.0,0.5
1.0,177.0,0.5
1.0,178.0,0.5
1.0,179.0,0.5
1.0,180.0,0.5
1.0,181.0,0.5
1.0,182.0,0.5
1.0,183.0,0.5
1.0,184.0,0.5
1.0,185.0,0.5
1.0,186.0,0.5
1.0,187.0,0.5
1.0,188.0,0.5
1.0,189.0,0.5
1.0,190.0,0.5
1.0,191.0,0.5
1.0,192.0,0.5
1.0,193.0,0.5
1.0,194.0,0.5
1.0,195.0,0.5
1.0,196.0,0.5
1.0,197.0,0.5
1.0,198.0,0.5
1.0,199.0,0.5
1.0,200.0,0.5
1.0,201.0,0.5
1.0,202.0,0.5
1.0,203.0,0.5
1.0,204.0,0.5
1.0,205.0,0.5
1.0,206.0,0.5
1.0,207.0,0.5
1.0,208.0,0.5
1.0,209.0,0.5
1.0,210.0,0.5
1.0,211.0,0.5
1.0,212.0,0.5
1.0,213.0,0.5
1.0,214.0,0.5
1.0,215.0,0.5
1.0,216.0,0.5
1.0,217.0,0.5
1.0,218.0,0.5
1.0,219.0,0.5
1.0,220.0,0.5
1.0,221.0,0.5
1.0,222.0,0.5
1.0,223.0,0.5
1.0,224.0,0.5
1.0,225.0,0.5
1.0,226.0,0.5
1.0,227.0,0.5
1.0,228.0,0.5
1.0,229.0,0.5
1.0,230.0,0.5
1.0,231.0,0.5
1.0,232.0,0.5
1.0,233.0,0.5
1.0,234.0,0.5
1.0,235.0,0.5
1.0,236.0,0.5
1.0,237.0,0.5
1.0,238.0,0.5
1.0,239.0,0.5
1.0,240.0,0.5
1.0,241.0,0.5
1.0,242.0,0.5
1.0,243.0,0.5
1.0,244.0,0.5
1.0,245.0,0.5
1.0,246.0,0.5
1.0,247.0,0.5
1.0,248.0,0.5
1.0,249.0,0.5
1.0,250.0,0.5
1.0,251.0,0.5
1.0,252.0,0.5
1.0,253.0,0.5
1.0,254.0,0.5
1.0,255.0,0.5
1.0,256.0,0.5
1.0,257.0,0.5
1.0,258.0,0.5
1.0,259.0,0.5
1.0,260.0,0.5
1.0,261.0,0.5
1.0,262.0,0.5
1.0,263.0,0.5
1.0,264.0,0.5
1.0,265.0,0.5
1.0,266.0,0.5
1.0,267.0,0.5
1.0,268.0,0.5
1.0,269.0,0.5
1.0,270.0,0.5
1.0,271.0,0.5
1.0,272.0,0.5
1.0,273.0,0.5
1.0,274.0,0.5
1.0,275.0,0.5
1.0,276.0,0.5
1.0,277.0,0.5
1.0,278.0,0.5
1.0,279.0,0.5
1.0,280.0,0.5
1.0,281.0,0.5
1.0,282.0,0.5
1.0,283.0,0.5
1.0,284.0,0.5
1.0,285.0,0.5
1.0,286.0,0.5
1.0,287.0,0.5
1.0,288.0,0.5
1.0,289.0,0.5
1.0,290.0,0.5
1.0,291.0,0.5
1.0,292.0,0.5
1.0,293.0,0.5
1.0,294.0,0.5
1.0,295.0,0.5
1.0,296.0,0.5
1.0,297.0,0.5
1.0,298.0,0.5
1.0,299.0,0.5
1.0,300.0,0.5
1.0,301.0,0.5
1.0,302.0,0.5
1.0,303.0,0.5
1.0,304.0,0.5
1.0,305.0,0.5
1.0,306.0,0.5
1.0,307.0,0.5
1.0,308.0,0.5
1.0,309.0,0.5
1.0,310.0,0.5
1.0,311.0,0.5
1.0,312.0,0.5
1.0,313.0,0.5
1.0,314.0,0.5
1.0,315.0,0.5
1.0,316.0,0.5
1.0,317.0,0.5
1.0,318.0,0.5
1.0,319.0,0.5
1.0,320.0,0.5
1.0,321.0,0.5
1.0,322.0,0.5
1.0,323.0,0.5
1.0,324.0,0.5
1.0,325.0,0.5
1.0,326.0,0.5
1.0,327.0,0.5
1.0,328.0,0.5
1.0,329.0,0.5
1.0,330.0,0.5
1.0,331.0,0.5
1.0,332.0,0.5
1.0,333.0,0.5
1.0,334.0,0.5
2500.0,0.0,0.059649
2500.0,1.0,0.41296
2500.0,2.0,0.223662
2500.0,3.0,0.632394
2500.0,4.0,0.500229
2500.0,5.0,0.624744
2500.0,6.0,1.0
2500.0,7.0,0.45396
2500.0,8.0,0.807294
2500.0,9.0,0.203149
2500.0,10.0,0.371141
2500.0,11.0,0.610706
2500.0,12.0,0.587786
2500.0,13.0,0.801696
2500.0,14.0,0.396335
2500.0,15.0,0.58203
2500.0,16.0,0.005374
2500.0,17.0,0.278693
2500.0,18.0,0.69307
2500.0,19.0,0.670988
2500.0,20.0,0.755772
2500.0,21.0,0.214507
2500.0,22.0,0.984145
2500.0,23.0,0.304639
2500.0,24.0,0.027384
2500.0,25.0,0.997835
2500.0,26.0,0.0
2500.0,27.0,0.495294
2500.0,28.0,0.080915
2500.0,29.0,0.44534
2500.0,30.0,0.062349
2500.0,31.0,0.398103
2500.0,32.0,0.379501
2500.0,33.0,0.221785
2500.0,34.0,0.559951
2500.0,35.0,0.464721
2500.0,36.0,0.827296
2500.0,37.0,0.90585
2500.0,38.0,0.254675
2500.0,39.0,0.533782
2500.0,40.0,0.958629
2500.0,41.0,0.157534
2500.0,42.0,0.500204
2500.0,43.0,0.325114
2500.0,44.0,0.966969
2500.0,45.0,0.784931
2500.0,46.0,0.279001
2500.0,47.0,0.41829
2500.0,48.0,0.09602
2500.0,49.0,0.863124
2500.0,50.0,0.435565
2500.0,51.0,0.475645
2500.0,52.0,0.771709
2500.0,53.0,0.388687
2500.0,54.0,0.559926
2500.0,55.0,0.042051
2500.0,56.0,0.85581
2500.0,57.0,0.520533
2500.0,58.0,0.973634
2500.0,59.0,0.450533
2500.0,60.0,0.270095
2500.0,61.0,0.00352
2500.0,62.0,0.315974
2500.0,63.0,0.292392
2500.0,64.0,0.536446
2500.0,65.0,1.0
2500.0,66.0,0.050292
2500.0,67.0,0.204268
2500.0,68.0,0.271553
2500.0,69.0,0.325477
2500.0,70.0,0.226312
2500.0,71.0,0.009619
2500.0,72.0,0.398742
2500.0,73.0,0.67794
2500.0,74.0,0.12642
2500.0,75.0,0.027437
2500.0,76.0,0.647004
2500.0,77.0,0.643194
2500.0,78.0,0.011247
2500.0,79.0,0.280467
2500.0,80.0,0.500761
2500.0,81.0,0.408961
2500.0,82.0,0.0
2500.0,83.0,0.441664
2500.0,84.0,0.571868
2500.0,85.0,0.172769
2500.0,86.0,0.0
2500.0,87.0,0.099152
2500.0,88.0,1.0
2500.0,89.0,0.062581
2500.0,90.0,0.592411
2500.0,91.0,0.57243
2500.0,92.0,0.947285
2500.0,93.0,0.484413
2500.0,94.0,0.367698
2500.0,95.0,0.0
2500.0,96.0,0.434567
2500.0,97.0,0.368029
2500.0,98.0,0.387912
2500.0,99.0,0.414393
2500.0,100.0,0.109246
2500.0,101.0,0.086854
2500.0,102.0,0.259302
2500.0,103.0,0.321329
2500.0,104.0,0.257233
2500.0,105.0,0.902259
2500.0,106.0,0.554715
2500.0,107.0,0.342881
2500.0,108.0,1.0
2500.0,109.0,0.510931
2500.0,110.0,0.286129
2500.0,111.0,0.225068
2500.0,112.0,0.911988
2500.0,113.0,0.595461
2500.0,114.0,0.578152
2500.0,115.0,0.445974
2500.0,116.0,0.759966
2500.0,117.0,0.549869
2500.0,118.0,0.102904
2500.0,119.0,0.340159
2500.0,120.0,0.73704
2500.0,121.0,0.384191
2500.0,122.0,0.345503
2500.0,123.0,1.0
2500.0,124.0,0.622548
2500.0,125.0,0.100424
2500.0,126.0,0.29311
2500.0,127.0,0.460461
2500.0,128.0,1.0
2500.0,129.0,0.400324
2500.0,130.0,0.268601
2500.0,131.0,0.584647
2500.0,132.0,0.047552
2500.0,133.0,0.241453
2500.0,134.0,0.448119
2500.0,135.0,0.535893
2500.0,136.0,0.128596
2500.0,137.0,0.999658
2500.0,138.0,0.157592
2500.0,139.0,0.221676
2500.0,140.0,0.063809
2500.0,141.0,0.978262
2500.0,142.0,0.301233
2500.0,143.0,0.998811
2500.0,144.0,0.996257
2500.0,145.0,0.489934
2500.0,146.0,0.466058
2500.0,147.0,0.900118
2500.0,148.0,0.000209
2500.0,149.0,0.098861
2500.0,150.0,0.505611
2500.0,151.0,0.00699
2500.0,152.0,0.45617
2500.0,153.0,0.148943
2500.0,154.0,0.328098
2500.0,155.0,0.614429
2500.0,156.0,0.0
2500.0,157.0,0.567028
2500.0,158.0,0.400697
2500.0,159.0,0.332738
2500.0,160.0,0.0
2500.0,161.0,0.597412
2500.0,162.0,0.615472
2500.0,163.0,0.171355
2500.0,164.0,0.7492
2500.0,165.0,0.98372
2500.0,166.0,0.244989
2500.0,167.0,0.402101
2500.0,168.0,0.178639
2500.0,169.0,0.387937
2500.0,170.0,0.683043
2500.0,171.0,0.425732
2500.0,172.0,0.39466
2500.0,173.0,0.657831
2500.0,174.0,0.556533
2500.0,175.0,1.0
2500.0,176.0,1.0
2500.0,177.0,0.28964
2500.0,178.0,0.517445
2500.0,179.0,0.152992
2500.0,180.0,0.655852
2500.0,181.0,0.000226
2500.0,182.0,0.542324
2500.0,183.0,0.257883
2500.0,184.0,0.041701
2500.0,185.0,0.153163
2500.0,186.0,0.545365
2500.0,187.0,0.513333
2500.0,188.0,0.37149
2500.0,189.0,0.420385
2500.0,190.0,0.59942
2500.0,191.0,0.344371
2500.0,192.0,0.987762
2500.0,193.0,0.053146
2500.0,194.0,0.414043
2500.0,195.0,0.534748
2500.0,196.0,1.0
2500.0,197.0,0.0
2500.0,198.0,0.869766
2500.0,199.0,0.633316
2500.0,200.0,0.487978
2500.0,201.0,0.594603
2500.0,202.0,0.525952
2500.0,203.0,0.480134
2500.0,204.0,0.116803
2500.0,205.0,0.911506
2500.0,206.0,0.598156
2500.0,207.0,0.54914
2500.0,208.0,0.451392
2500.0,209.0,0.700259
2500.0,210.0,0.562444
2500.0,211.0,0.683115
2500.0,212.0,0.999286
2500.0,213.0,0.030854
2500.0,214.0,1.0
2500.0,215.0,0.52311
2500.0,216.0,0.606055
2500.0,217.0,0.46536
2500.0,218.0,0.902729
2500.0,219.0,0.710697
2500.0,220.0,0.402555
2500.0,221.0,0.562381
2500.0,222.0,0.258097
2500.0,223.0,0.872241
2500.0,224.0,1.0
2500.0,225.0,0.354665
2500.0,226.0,0.19321
2500.0,227.0,0.007914
2500.0,228.0,0.736286
2500.0,229.0,0.72714
2500.0,230.0,0.311986
2500.0,231.0,0.227991
2500.0,232.0,0.669045
2500.0,233.0,0.807763
2500.0,234.0,0.61455
2500.0,235.0,0.470802
2500.0,236.0,0.289204
2500.0,237.0,0.396485
2500.0,238.0,0.529428
2500.0,239.0,0.036915
2500.0,240.0,0.215823
2500.0,241.0,0.489304
2500.0,242.0,0.13842
2500.0,243.0,0.294016
2500.0,244.0,0.152307
2500.0,245.0,0.998442
2500.0,246.0,0.990283
2500.0,247.0,0.406941
2500.0,248.0,0.238449
2500.0,249.0,0.961959
2500.0,250.0,1.0
2500.0,251.0,0.531446
2500.0,252.0,0.546598
2500.0,253.0,0.986457
2500.0,254.0,0.184413
2500.0,255.0,1.0
2500.0,256.0,0.345696
2500.0,257.0,0.909673
2500.0,258.0,0.984081
2500.0,259.0,0.510716
2500.0,260.0,0.495056
2500.0,261.0,0.638204
2500.0,262.0,0.49572
2500.0,263.0,0.564408
2500.0,264.0,1.0
2500.0,265.0,0.953873
2500.0,266.0,0.682479
2500.0,267.0,0.939855
2500.0,268.0,0.404882
2500.0,269.0,0.38181
2500.0,270.0,1.0
2500.0,271.0,0.440622
2500.0,272.0,0.883739
2500.0,273.0,0.738306
2500.0,274.0,0.260432
2500.0,275.0,0.847294
2500.0,276.0,0.092631
2500.0,277.0,0.989234
2500.0,278.0,0.436319
2500.0,279.0,0.131876
2500.0,280.0,0.778299
2500.0,281.0,0.607725
2500.0,282.0,0.922486
2500.0,283.0,0.978187
2500.0,284.0,0.225207
2500.0,285.0,0.0
2500.0,286.0,0.363902
2500.0,287.0,0.265171
2500.0,288.0,0.031639
2500.0,289.0,0.449864
2500.0,290.0,0.431538
2500.0,291.0,0.896536
2500.0,292.0,0.299855
2500.0,293.0,0.761887
2500.0,294.0,0.996015
2500.0,295.0,0.517804
2500.0,296.0,0.957645
2500.0,297.0,0.548411
2500.0,298.0,0.294982
2500.0,299.0,0.138267
2500.0,300.0,0.701322
2500.0,301.0,0.758107
2500.0,302.0,0.685487
2500.0,303.0,0.273832
2500.0,304.0,0.954034
2500.0,305.0,0.584022
2500.0,306.0,0.375763
2500.0,307.0,0.27383
2500.0,308.0,0.001566
2500.0,309.0,0.326509
2500.0,310.0,0.721442
2500.0,311.0,0.861556
2500.0,312.0,0.044318
2500.0,313.0,1.0
2500.0,314.0,0.440773
2500.0,315.0,0.427461
2500.0,316.0,0.435637
2500.0,317.0,0.8082
2500.0,318.0,0.003385
2500.0,319.0,0.010772
2500.0,320.0,0.51818
2500.0,321.0,0.320986
2500.0,322.0,0.300791
2500.0,323.0,0.186155
2500.0,324.0,0.439702
2500.0,325.0,0.657813
2500.0,326.0,0.736026
2500.0,327.0,0.245031
2500.0,328.0,0.49089
2500.0,329.0,0.217151
2500.0,330.0,0.72813
2500.0,331.0,0.322666
2500.0,332.0,0.954107
2500.0,333.0,0.629987
2500.0,334.0,0.010654
2501.0,0.0,0.060534
2501.0,1.0,0.415958
2501.0,2.0,0.225313
2501.0,3.0,0.636072
2501.0,4.0,0.500812
2501.0,5.0,0.64786
2501.0,6.0,1.0
2501.0,7.0,0.455533
2501.0,8.0,0.808935
2501.0,9.0,0.204373
2501.0,10.0,0.371662
2501.0,11.0,0.622866
2501.0,12.0,0.587315
2501.0,13.0,0.806168
2501.0,14.0,0.400873
2501.0,15.0,0.58468
2501.0,16.0,0.005508
2501.0,17.0,0.280192
2501.0,18.0,0.694356
2501.0,19.0,0.671721
2501.0,20.0,0.767395
2501.0,21.0,0.216272
2501.0,22.0,0.984367
2501.0,23.0,0.318474
2501.0,24.0,0.027755
2501.0,25.0,0.997871
2501.0,26.0,0.0
2501.0,27.0,0.497133
2501.0,28.0,0.081155
2501.0,29.0,0.448045
2501.0,30.0,0.063479
2501.0,31.0,0.401121
2501.0,32.0,0.381947
2501.0,33.0,0.222966
2501.0,34.0,0.561718
2501.0,35.0,0.479031
2501.0,36.0,0.827241
2501.0,37.0,0.906408
2501.0,38.0,0.254997
2501.0,39.0,0.537553
2501.0,40.0,0.959346
2501.0,41.0,0.158424
2501.0,42.0,0.506734
2501.0,43.0,0.327144
2501.0,44.0,0.967613
2501.0,45.0,0.785577
2501.0,46.0,0.28026
2501.0,47.0,0.41912
2501.0,48.0,0.096441
2501.0,49.0,0.864793
2501.0,50.0,0.436447
2501.0,51.0,0.47566
2501.0,52.0,0.775488
2501.0,53.0,0.397395
2501.0,54.0,0.564715
2501.0,55.0,0.045282
2501.0,56.0,0.855832
2501.0,57.0,0.537708
2501.0,58.0,0.973646
2501.0,59.0,0.453878
2501.0,60.0,0.271115
2501.0,61.0,0.003588
2501.0,62.0,0.316913
2501.0,63.0,0.308062
2501.0,64.0,0.538973
2501.0,65.0,1.0
2501.0,66.0,0.050849
2501.0,67.0,0.207608
2501.0,68.0,0.27245
2501.0,69.0,0.327196
2501.0,70.0,0.22951
2501.0,71.0,0.009649
2501.0,72.0,0.398231
2501.0,73.0,0.678734
2501.0,74.0,0.127267
2501.0,75.0,0.027928
2501.0,76.0,0.647809
2501.0,77.0,0.645905
2501.0,78.0,0.011258
2501.0,79.0,0.282982
2501.0,80.0,0.502759
2501.0,81.0,0.40994
2501.0,82.0,0.0
2501.0,83.0,0.443069
2501.0,84.0,0.575759
2501.0,85.0,0.174272
2501.0,86.0,0.0
2501.0,87.0,0.099578
2501.0,88.0,1.0
2501.0,89.0,0.062844
2501.0,90.0,0.594933
2501.0,91.0,0.573316
2501.0,92.0,0.948066
2501.0,93.0,0.485333
2501.0,94.0,0.368441
2501.0,95.0,0.0
2501.0,96.0,0.436891
2501.0,97.0,0.379556
2501.0,98.0,0.393432
2501.0,99.0,0.41944
2501.0,100.0,0.110243
2501.0,101.0,0.090301
2501.0,102.0,0.262765
2501.0,103.0,0.321638
2501.0,104.0,0.259754
2501.0,105.0,0.901996
2501.0,106.0,0.562614
2501.0,107.0,0.353346
2501.0,108.0,1.0
2501.0,109.0,0.514643
2501.0,110.0,0.287636
2501.0,111.0,0.225569
2501.0,112.0,0.916296
2501.0,113.0,0.598143
2501.0,114.0,0.582631
2501.0,115.0,0.45063
2501.0,116.0,0.760016
2501.0,117.0,0.551275
2501.0,118.0,0.104126
2501.0,119.0,0.342011
2501.0,120.0,0.738696
2501.0,121.0,0.385459
2501.0,122.0,0.355589
2501.0,123.0,1.0
2501.0,124.0,0.623439
2501.0,125.0,0.101496
2501.0,126.0,0.294506
2501.0,127.0,0.464919
2501.0,128.0,1.0
2501.0,129.0,0.402885
2501.0,130.0,0.269044
2501.0,131.0,0.585976
2501.0,132.0,0.047582
2501.0,133.0,0.244391
2501.0,134.0,0.452523
2501.0,135.0,0.538452
2501.0,136.0,0.128526
2501.0,137.0,0.999667
2501.0,138.0,0.163038
2501.0,139.0,0.221741
2501.0,140.0,0.064043
2501.0,141.0,0.97836
2501.0,142.0,0.301667
2501.0,143.0,0.998895
2501.0,144.0,0.996278
2501.0,145.0,0.497146
2501.0,146.0,0.466574
2501.0,147.0,0.9008
2501.0,148.0,0.000205
2501.0,149.0,0.099803
2501.0,150.0,0.508699
2501.0,151.0,0.00705
2501.0,152.0,0.459456
2501.0,153.0,0.149912
2501.0,154.0,0.327692
2501.0,155.0,0.614778
2501.0,156.0,0.0
2501.0,157.0,0.56885
2501.0,158.0,0.402048
2501.0,159.0,0.338656
2501.0,160.0,0.0
2501.0,161.0,0.598355
2501.0,162.0,0.61568
2501.0,163.0,0.174333
2501.0,164.0,0.752196
2501.0,165.0,0.984055
2501.0,166.0,0.250404
2501.0,167.0,0.406609
2501.0,168.0,0.214831
2501.0,169.0,0.393103
2501.0,170.0,0.683937
2501.0,171.0,0.426904
2501.0,172.0,0.396125
2501.0,173.0,0.65904
2501.0,174.0,0.563846
2501.0,175.0,1.0
2501.0,176.0,1.0
2501.0,177.0,0.290649
2501.0,178.0,0.533715
2501.0,179.0,0.154562
2501.0,180.0,0.662971
2501.0,181.0,0.000225
2501.0,182.0,0.542464
2501.0,183.0,0.260166
2501.0,184.0,0.041959
2501.0,185.0,0.157501
2501.0,186.0,0.545988
2501.0,187.0,0.529828
2501.0,188.0,0.380711
2501.0,189.0,0.477346
2501.0,190.0,0.609857
2501.0,191.0,0.352405
2501.0,192.0,0.988347
2501.0,193.0,0.053237
2501.0,194.0,0.420971
2501.0,195.0,0.535818
2501.0,196.0,1.0
2501.0,197.0,0.0
2501.0,198.0,0.871257
2501.0,199.0,0.635825
2501.0,200.0,0.488729
2501.0,201.0,0.594179
2501.0,202.0,0.526784
2501.0,203.0,0.481033
2501.0,204.0,0.116462
2501.0,205.0,0.912141
2501.0,206.0,0.60761
2501.0,207.0,0.559133
2501.0,208.0,0.457242
2501.0,209.0,0.700675
2501.0,210.0,0.568449
2501.0,211.0,0.684549
2501.0,212.0,0.999295
2501.0,213.0,0.030896
2501.0,214.0,1.0
2501.0,215.0,0.525116
2501.0,216.0,0.607487
2501.0,217.0,0.469165
2501.0,218.0,0.903152
2501.0,219.0,0.709766
2501.0,220.0,0.407714
2501.0,221.0,0.566356
2501.0,222.0,0.260862
2501.0,223.0,0.874107
2501.0,224.0,1.0
2501.0,225.0,0.354456
2501.0,226.0,0.195158
2501.0,227.0,0.008116
2501.0,228.0,0.740524
2501.0,229.0,0.732389
2501.0,230.0,0.335501
2501.0,231.0,0.231957
2501.0,232.0,0.673582
2501.0,233.0,0.8088
2501.0,234.0,0.615427
2501.0,235.0,0.472625
2501.0,236.0,0.293382
2501.0,237.0,0.397752
2501.0,238.0,0.531779
2501.0,239.0,0.037728
2501.0,240.0,0.221355
2501.0,241.0,0.491588
2501.0,242.0,0.138894
2501.0,243.0,0.294702
2501.0,244.0,0.152233
2501.0,245.0,0.998557
2501.0,246.0,0.990308
2501.0,247.0,0.419
2501.0,248.0,0.242109
2501.0,249.0,0.962188
2501.0,250.0,1.0
2501.0,251.0,0.534259
2501.0,252.0,0.549978
2501.0,253.0,0.986622
2501.0,254.0,0.18587
2501.0,255.0,1.0
2501.0,256.0,0.347114
2501.0,257.0,0.910108
2501.0,258.0,0.983985
2501.0,259.0,0.517585
2501.0,260.0,0.515297
2501.0,261.0,0.642454
2501.0,262.0,0.498214
2501.0,263.0,0.570433
2501.0,264.0,1.0
2501.0,265.0,0.955434
2501.0,266.0,0.691067
2501.0,267.0,0.944152
2501.0,268.0,0.40537
2501.0,269.0,0.385149
2501.0,270.0,1.0
2501.0,271.0,0.444667
2501.0,272.0,0.884745
2501.0,273.0,0.744781
2501.0,274.0,0.26309
2501.0,275.0,0.850528
2501.0,276.0,0.098317
2501.0,277.0,0.990098
2501.0,278.0,0.442451
2501.0,279.0,0.132313
2501.0,280.0,0.779743
2501.0,281.0,0.608349
2501.0,282.0,0.929752
2501.0,283.0,0.978473
2501.0,284.0,0.230158
2501.0,285.0,0.0
2501.0,286.0,0.366571
2501.0,287.0,0.266015
2501.0,288.0,0.03214
2501.0,289.0,0.450059
2501.0,290.0,0.432743
2501.0,291.0,0.897464
2501.0,292.0,0.301341
2501.0,293.0,0.766854
2501.0,294.0,0.996128
2501.0,295.0,0.519049
2501.0,296.0,0.958306
2501.0,297.0,0.551895
2501.0,298.0,0.300009
2501.0,299.0,0.139518
2501.0,300.0,0.703022
2501.0,301.0,0.763146
2501.0,302.0,0.691546
2501.0,303.0,0.275704
2501.0,304.0,0.958621
2501.0,305.0,0.585661
2501.0,306.0,0.389368
2501.0,307.0,0.277312
2501.0,308.0,0.001604
2501.0,309.0,0.327958
2501.0,310.0,0.728907
2501.0,311.0,0.862658
2501.0,312.0,0.044729
2501.0,313.0,1.0
2501.0,314.0,0.444681
2501.0,315.0,0.447512
2501.0,316.0,0.449846
2501.0,317.0,0.809492
2501.0,318.0,0.003407
2501.0,319.0,0.010958
2501.0,320.0,0.519629
2501.0,321.0,0.324259
2501.0,322.0,0.314658
2501.0,323.0,0.186281
2501.0,324.0,0.439882
2501.0,325.0,0.659846
2501.0,326.0,0.735705
2501.0,327.0,0.246527
2501.0,328.0,0.492675
2501.0,329.0,0.218748
2501.0,330.0,0.730188
2501.0,331.0,0.324342
2501.0,332.0,0.95423
2501.0,333.0,0.636784
2501.0,334.0,0.010677
2502.0,0.0,0.061255
2502.0,1.0,0.419821
2502.0,2.0,0.226322
2502.0,3.0,0.639615
2502.0,4.0,0.502128
2502.0,5.0,0.671282
2502.0,6.0,1.0
2502.0,7.0,0.458161
2502.0,8.0,0.810215
2502.0,9.0,0.205803
2502.0,10.0,0.372712
2502.0,11.0,0.635503
2502.0,12.0,0.588109
2502.0,13.0,0.811189
2502.0,14.0,0.406069
2502.0,15.0,0.587263
2502.0,16.0,0.005621
2502.0,17.0,0.281089
2502.0,18.0,0.696968
2502.0,19.0,0.672516
2502.0,20.0,0.778705
2502.0,21.0,0.217737
2502.0,22.0,0.984452
2502.0,23.0,0.332865
2502.0,24.0,0.027644
2502.0,25.0,0.997936
2502.0,26.0,0.0
2502.0,27.0,0.498378
2502.0,28.0,0.082148
2502.0,29.0,0.451223
2502.0,30.0,0.06492
2502.0,31.0,0.403447
2502.0,32.0,0.385198
2502.0,33.0,0.22422
2502.0,34.0,0.563935
2502.0,35.0,0.49278
2502.0,36.0,0.828413
2502.0,37.0,0.907235
2502.0,38.0,0.254075
2502.0,39.0,0.54201
2502.0,40.0,0.959895
2502.0,41.0,0.159262
2502.0,42.0,0.513651
2502.0,43.0,0.329249
2502.0,44.0,0.968709
2502.0,45.0,0.785323
2502.0,46.0,0.281391
2502.0,47.0,0.420651
2502.0,48.0,0.095876
2502.0,49.0,0.866186
2502.0,50.0,0.436938
2502.0,51.0,0.476115
2502.0,52.0,0.779344
2502.0,53.0,0.40566
2502.0,54.0,0.568717
2502.0,55.0,0.048689
2502.0,56.0,0.855629
2502.0,57.0,0.553982
2502.0,58.0,0.973939
2502.0,59.0,0.458663
2502.0,60.0,0.271802
2502.0,61.0,0.003618
2502.0,62.0,0.317302
2502.0,63.0,0.323939
2502.0,64.0,0.541702
2502.0,65.0,1.0
2502.0,66.0,0.051126
2502.0,67.0,0.210392
2502.0,68.0,0.273562
2502.0,69.0,0.32994
2502.0,70.0,0.233393
2502.0,71.0,0.009951
2502.0,72.0,0.398435
2502.0,73.0,0.678476
2502.0,74.0,0.128347
2502.0,75.0,0.028376
2502.0,76.0,0.64812
2502.0,77.0,0.648267
2502.0,78.0,0.011439
2502.0,79.0,0.285484
2502.0,80.0,0.504233
2502.0,81.0,0.410488
2502.0,82.0,0.0
2502.0,83.0,0.444599
2502.0,84.0,0.57818
2502.0,85.0,0.175458
2502.0,86.0,0.0
2502.0,87.0,0.100683
2502.0,88.0,1.0
2502.0,89.0,0.063258
2502.0,90.0,0.598722
2502.0,91.0,0.574725
2502.0,92.0,0.948405
2502.0,93.0,0.486335
2502.0,94.0,0.369294
2502.0,95.0,0.0
2502.0,96.0,0.438819
2502.0,97.0,0.391933
2502.0,98.0,0.399173
2502.0,99.0,0.42475
2502.0,100.0,0.111248
2502.0,101.0,0.093671
2502.0,102.0,0.266492
2502.0,103.0,0.32209
2502.0,104.0,0.262551
2502.0,105.0,0.902469
2502.0,106.0,0.568901
2502.0,107.0,0.363638
2502.0,108.0,1.0
2502.0,109.0,0.517612
2502.0,110.0,0.287738
2502.0,111.0,0.225553
2502.0,112.0,0.920254
2502.0,113.0,0.600385
2502.0,114.0,0.586922
2502.0,115.0,0.455564
2502.0,116.0,0.760221
2502.0,117.0,0.551578
2502.0,118.0,0.104982
2502.0,119.0,0.342835
2502.0,120.0,0.740964
2502.0,121.0,0.386692
2502.0,122.0,0.365922
2502.0,123.0,1.0
2502.0,124.0,0.625306
2502.0,125.0,0.10257
2502.0,126.0,0.295785
2502.0,127.0,0.469608
2502.0,128.0,1.0
2502.0,129.0,0.404435
2502.0,130.0,0.270694
2502.0,131.0,0.587885
2502.0,132.0,0.047854
2502.0,133.0,0.248134
2502.0,134.0,0.458014
2502.0,135.0,0.539726
2502.0,136.0,0.129311
2502.0,137.0,0.999683
2502.0,138.0,0.1688
2502.0,139.0,0.221867
2502.0,140.0,0.064734
2502.0,141.0,0.978409
2502.0,142.0,0.301426
2502.0,143.0,0.998866
2502.0,144.0,0.996269
2502.0,145.0,0.503471
2502.0,146.0,0.465509
2502.0,147.0,0.901509
2502.0,148.0,0.000242
2502.0,149.0,0.100523
2502.0,150.0,0.51252
2502.0,151.0,0.007214
2502.0,152.0,0.463082
2502.0,153.0,0.151014
2502.0,154.0,0.329057
2502.0,155.0,0.615165
2502.0,156.0,0.0
2502.0,157.0,0.570792
2502.0,158.0,0.402513
2502.0,159.0,0.343739
2502.0,160.0,0.0
2502.0,161.0,0.599418
2502.0,162.0,0.615258
2502.0,163.0,0.177854
2502.0,164.0,0.754806
2502.0,165.0,0.984175
2502.0,166.0,0.25544
2502.0,167.0,0.41167
2502.0,168.0,0.254639
2502.0,169.0,0.396126
2502.0,170.0,0.684773
2502.0,171.0,0.427741
2502.0,172.0,0.396678
2502.0,173.0,0.660708
2502.0,174.0,0.570724
2502.0,175.0,1.0
2502.0,176.0,1.0
2502.0,177.0,0.291825
2502.0,178.0,0.550232
2502.0,179.0,0.156129
2502.0,180.0,0.669921
2502.0,181.0,0.000233
2502.0,182.0,0.542251
2502.0,183.0,0.261196
2502.0,184.0,0.042101
2502.0,185.0,0.16157
2502.0,186.0,0.546702
2502.0,187.0,0.544789
2502.0,188.0,0.388486
2502.0,189.0,0.527908
2502.0,190.0,0.619112
2502.0,191.0,0.361694
2502.0,192.0,0.98863
2502.0,193.0,0.053816
2502.0,194.0,0.428157
2502.0,195.0,0.535104
2502.0,196.0,1.0
2502.0,197.0,0.0
2502.0,198.0,0.872396
2502.0,199.0,0.639136
2502.0,200.0,0.489587
2502.0,201.0,0.594012
2502.0,202.0,0.527084
2502.0,203.0,0.483667
2502.0,204.0,0.116443
2502.0,205.0,0.913125
2502.0,206.0,0.617564
2502.0,207.0,0.568779
2502.0,208.0,0.46359
2502.0,209.0,0.702496
2502.0,210.0,0.575035
2502.0,211.0,0.686299
2502.0,212.0,0.999336
2502.0,213.0,0.031245
2502.0,214.0,1.0
2502.0,215.0,0.527309
2502.0,216.0,0.609414
2502.0,217.0,0.472977
2502.0,218.0,0.903969
2502.0,219.0,0.708649
2502.0,220.0,0.413861
2502.0,221.0,0.569328
2502.0,222.0,0.263851
2502.0,223.0,0.876036
2502.0,224.0,1.0
2502.0,225.0,0.354475
2502.0,226.0,0.197863
2502.0,227.0,0.008313
2502.0,228.0,0.744645
2502.0,229.0,0.73784
2502.0,230.0,0.359232
2502.0,231.0,0.235948
2502.0,232.0,0.677661
2502.0,233.0,0.809775
2502.0,234.0,0.616548
2502.0,235.0,0.47451
2502.0,236.0,0.29729
2502.0,237.0,0.398443
2502.0,238.0,0.533046
2502.0,239.0,0.038219
2502.0,240.0,0.226961
2502.0,241.0,0.493237
2502.0,242.0,0.139809
2502.0,243.0,0.296306
2502.0,244.0,0.153041
2502.0,245.0,0.998623
2502.0,246.0,0.99033
2502.0,247.0,0.430082
2502.0,248.0,0.245448
2502.0,249.0,0.962693
2502.0,250.0,1.0
2502.0,251.0,0.536589
2502.0,252.0,0.553964
2502.0,253.0,0.98682
2502.0,254.0,0.186638
2502.0,255.0,1.0
2502.0,256.0,0.349259
2502.0,257.0,0.910837
2502.0,258.0,0.984068
2502.0,259.0,0.523872
2502.0,260.0,0.534949
2502.0,261.0,0.646178
2502.0,262.0,0.500173
2502.0,263.0,0.576501
2502.0,264.0,1.0
2502.0,265.0,0.956472
2502.0,266.0,0.698502
2502.0,267.0,0.948385
2502.0,268.0,0.407146
2502.0,269.0,0.388856
2502.0,270.0,1.0
2502.0,271.0,0.448148
2502.0,272.0,0.88493
2502.0,273.0,0.751275
2502.0,274.0,0.266588
2502.0,275.0,0.852665
2502.0,276.0,0.104998
2502.0,277.0,0.990745
2502.0,278.0,0.447692
2502.0,279.0,0.133829
2502.0,280.0,0.781086
2502.0,281.0,0.60904
2502.0,282.0,0.936605
2502.0,283.0,0.978961
2502.0,284.0,0.235692
2502.0,285.0,0.0
2502.0,286.0,0.369292
2502.0,287.0,0.265503
2502.0,288.0,0.032761
2502.0,289.0,0.45129
2502.0,290.0,0.43332
2502.0,291.0,0.898173
2502.0,292.0,0.302775
2502.0,293.0,0.772583
2502.0,294.0,0.996263
2502.0,295.0,0.518956
2502.0,296.0,0.958784
2502.0,297.0,0.555695
2502.0,298.0,0.304284
2502.0,299.0,0.140636
2502.0,300.0,0.703844
2502.0,301.0,0.767751
2502.0,302.0,0.6977
2502.0,303.0,0.277239
2502.0,304.0,0.962668
2502.0,305.0,0.586714
2502.0,306.0,0.402042
2502.0,307.0,0.281998
2502.0,308.0,0.00157
2502.0,309.0,0.330003
2502.0,310.0,0.736474
2502.0,311.0,0.863445
2502.0,312.0,0.045499
2502.0,313.0,1.0
2502.0,314.0,0.448252
2502.0,315.0,0.465893
2502.0,316.0,0.464141
2502.0,317.0,0.811207
2502.0,318.0,0.003429
2502.0,319.0,0.010695
2502.0,320.0,0.519933
2502.0,321.0,0.328094
2502.0,322.0,0.32856
2502.0,323.0,0.18612
2502.0,324.0,0.440909
2502.0,325.0,0.662247
2502.0,326.0,0.73652
2502.0,327.0,0.247386
2502.0,328.0,0.494015
2502.0,329.0,0.221091
2502.0,330.0,0.731719
2502.0,331.0,0.324716
2502.0,332.0,0.954731
2502.0,333.0,0.643221
2502.0,334.0,0.010748
2503.0,0.0,0.061544
2503.0,1.0,0.422839
2503.0,2.0,0.228384
2503.0,3.0,0.643482
2503.0,4.0,0.504634
2503.0,5.0,0.692902
2503.0,6.0,1.0
2503.0,7.0,0.459279
2503.0,8.0,0.811159
2503.0,9.0,0.206792
2503.0,10.0,0.37374
2503.0,11.0,0.647414
2503.0,12.0,0.58882
2503.0,13.0,0.815617
2503.0,14.0,0.412142
2503.0,15.0,0.588777
2503.0,16.0,0.005817
2503.0,17.0,0.282771
2503.0,18.0,0.697388
2503.0,19.0,0.673399
2503.0,20.0,0.788254
2503.0,21.0,0.219435
2503.0,22.0,0.984516
2503.0,23.0,0.34796
2503.0,24.0,0.027621
2503.0,25.0,0.997998
2503.0,26.0,0.0
2503.0,27.0,0.499921
2503.0,28.0,0.082686
2503.0,29.0,0.454489
2503.0,30.0,0.066024
2503.0,31.0,0.406394
2503.0,32.0,0.387968
2503.0,33.0,0.22534
2503.0,34.0,0.565442
2503.0,35.0,0.50646
2503.0,36.0,0.829383
2503.0,37.0,0.908548
2503.0,38.0,0.253839
2503.0,39.0,0.545868
2503.0,40.0,0.960578
2503.0,41.0,0.160116
2503.0,42.0,0.520822
2503.0,43.0,0.331174
2503.0,44.0,0.969294
2503.0,45.0,0.785458
2503.0,46.0,0.283089
2503.0,47.0,0.422763
2503.0,48.0,0.095623
2503.0,49.0,0.867242
2503.0,50.0,0.43791
2503.0,51.0,0.475624
2503.0,52.0,0.783298
2503.0,53.0,0.413856
2503.0,54.0,0.572797
2503.0,55.0,0.0522
2503.0,56.0,0.855212
2503.0,57.0,0.568938
2503.0,58.0,0.974302
2503.0,59.0,0.462972
2503.0,60.0,0.272329
2503.0,61.0,0.00368
2503.0,62.0,0.317271
2503.0,63.0,0.339175
2503.0,64.0,0.544699
2503.0,65.0,1.0
2503.0,66.0,0.051325
2503.0,67.0,0.212722
2503.0,68.0,0.275065
2503.0,69.0,0.333112
2503.0,70.0,0.237528
2503.0,71.0,0.01007
2503.0,72.0,0.398684
2503.0,73.0,0.679373
2503.0,74.0,0.129515
2503.0,75.0,0.028732
2503.0,76.0,0.648906
2503.0,77.0,0.650505
2503.0,78.0,0.011407
2503.0,79.0,0.288449
2503.0,80.0,0.506406
2503.0,81.0,0.411036
2503.0,82.0,0.0
2503.0,83.0,0.446222
2503.0,84.0,0.580128
2503.0,85.0,0.176877
2503.0,86.0,0.0
2503.0,87.0,0.101513
2503.0,88.0,1.0
2503.0,89.0,0.063455
2503.0,90.0,0.60101
2503.0,91.0,0.576179
2503.0,92.0,0.949375
2503.0,93.0,0.4873
2503.0,94.0,0.369677
2503.0,95.0,0.0
2503.0,96.0,0.44069
2503.0,97.0,0.403336
2503.0,98.0,0.405286
2503.0,99.0,0.429364
2503.0,100.0,0.111488
2503.0,101.0,0.097369
2503.0,102.0,0.271036
2503.0,103.0,0.323016
2503.0,104.0,0.266378
2503.0,105.0,0.902803
2503.0,106.0,0.575904
2503.0,107.0,0.374695
2503.0,108.0,1.0
2503.0,109.0,0.52052
2503.0,110.0,0.28813
2503.0,111.0,0.225264
2503.0,112.0,0.924064
2503.0,113.0,0.60236
2503.0,114.0,0.591344
2503.0,115.0,0.460218
2503.0,116.0,0.761294
2503.0,117.0,0.552092
2503.0,118.0,0.106316
2503.0,119.0,0.343999
2503.0,120.0,0.742087
2503.0,121.0,0.389
2503.0,122.0,0.376738
2503.0,123.0,1.0
2503.0,124.0,0.626362
2503.0,125.0,0.104095
2503.0,126.0,0.297425
2503.0,127.0,0.474628
2503.0,128.0,1.0
2503.0,129.0,0.406113
2503.0,130.0,0.272161
2503.0,131.0,0.589147
2503.0,132.0,0.048447
2503.0,133.0,0.25236
2503.0,134.0,0.461786
2503.0,135.0,0.54114
2503.0,136.0,0.130073
2503.0,137.0,0.999719
2503.0,138.0,0.174774
2503.0,139.0,0.22183
2503.0,140.0,0.064962
2503.0,141.0,0.978665
2503.0,142.0,0.302089
2503.0,143.0,0.998937
2503.0,144.0,0.996304
2503.0,145.0,0.510309
2503.0,146.0,0.465083
2503.0,147.0,0.902007
2503.0,148.0,0.000288
2503.0,149.0,0.101457
2503.0,150.0,0.516123
2503.0,151.0,0.007424
2503.0,152.0,0.466588
2503.0,153.0,0.152269
2503.0,154.0,0.329869
2503.0,155.0,0.615296
2503.0,156.0,0.0
2503.0,157.0,0.572645
2503.0,158.0,0.403206
2503.0,159.0,0.349566
2503.0,160.0,0.0
2503.0,161.0,0.600465
2503.0,162.0,0.615387
2503.0,163.0,0.181669
2503.0,164.0,0.756786
2503.0,165.0,0.984504
2503.0,166.0,0.260756
2503.0,167.0,0.415951
2503.0,168.0,0.297054
2503.0,169.0,0.400275
2503.0,170.0,0.684618
2503.0,171.0,0.427761
2503.0,172.0,0.398919
2503.0,173.0,0.661858
2503.0,174.0,0.577586
2503.0,175.0,1.0
2503.0,176.0,1.0
2503.0,177.0,0.293117
2503.0,178.0,0.566501
2503.0,179.0,0.157252
2503.0,180.0,0.677328
2503.0,181.0,0.000212
2503.0,182.0,0.541556
2503.0,183.0,0.263045
2503.0,184.0,0.042325
2503.0,185.0,0.16596
2503.0,186.0,0.546291
2503.0,187.0,0.559564
2503.0,188.0,0.396873
2503.0,189.0,0.572266
2503.0,190.0,0.628124
2503.0,191.0,0.371301
2503.0,192.0,0.989085
2503.0,193.0,0.054245
2503.0,194.0,0.434742
2503.0,195.0,0.535467
2503.0,196.0,1.0
2503.0,197.0,0.0
2503.0,198.0,0.872695
2503.0,199.0,0.642032
2503.0,200.0,0.490446
2503.0,201.0,0.593684
2503.0,202.0,0.527033
2503.0,203.0,0.485204
2503.0,204.0,0.116847
2503.0,205.0,0.913658
2503.0,206.0,0.626634
2503.0,207.0,0.578877
2503.0,208.0,0.470078
2503.0,209.0,0.703723
2503.0,210.0,0.580954
2503.0,211.0,0.687503
2503.0,212.0,0.99937
2503.0,213.0,0.031541
2503.0,214.0,1.0
2503.0,215.0,0.52936
2503.0,216.0,0.610666
2503.0,217.0,0.476563
2503.0,218.0,0.904229
2503.0,219.0,0.706572
2503.0,220.0,0.419797
2503.0,221.0,0.5728
2503.0,222.0,0.2666
2503.0,223.0,0.877707
2503.0,224.0,1.0
2503.0,225.0,0.355575
2503.0,226.0,0.200434
2503.0,227.0,0.00862
2503.0,228.0,0.74879
2503.0,229.0,0.741868
2503.0,230.0,0.382936
2503.0,231.0,0.239701
2503.0,232.0,0.681303
2503.0,233.0,0.809934
2503.0,234.0,0.617102
2503.0,235.0,0.477334
2503.0,236.0,0.300856
2503.0,237.0,0.401306
2503.0,238.0,0.534268
2503.0,239.0,0.03919
2503.0,240.0,0.232368
2503.0,241.0,0.496154
2503.0,242.0,0.141132
2503.0,243.0,0.297625
2503.0,244.0,0.153265
2503.0,245.0,0.99866
2503.0,246.0,0.990511
2503.0,247.0,0.440966
2503.0,248.0,0.248906
2503.0,249.0,0.962718
2503.0,250.0,1.0
2503.0,251.0,0.539171
2503.0,252.0,0.557636
2503.0,253.0,0.986759
2503.0,254.0,0.187114
2503.0,255.0,1.0
2503.0,256.0,0.349933
2503.0,257.0,0.911583
2503.0,258.0,0.984342
2503.0,259.0,0.531416
2503.0,260.0,0.554338
2503.0,261.0,0.65006
2503.0,262.0,0.502784
2503.0,263.0,0.582714
2503.0,264.0,1.0
2503.0,265.0,0.958056
2503.0,266.0,0.706024
2503.0,267.0,0.952267
2503.0,268.0,0.408636
2503.0,269.0,0.391226
2503.0,270.0,1.0
2503.0,271.0,0.451862
2503.0,272.0,0.886007
2503.0,273.0,0.757064
2503.0,274.0,0.269712
2503.0,275.0,0.855558
2503.0,276.0,0.1107
2503.0,277.0,0.991426
2503.0,278.0,0.45279
2503.0,279.0,0.135008
2503.0,280.0,0.782338
2503.0,281.0,0.609993
2503.0,282.0,0.9427
2503.0,283.0,0.979244
2503.0,284.0,0.241002
2503.0,285.0,0.0
2503.0,286.0,0.371204
2503.0,287.0,0.264978
2503.0,288.0,0.033479
2503.0,289.0,0.452171
2503.0,290.0,0.43425
2503.0,291.0,0.898684
2503.0,292.0,0.304443
2503.0,293.0,0.777783
2503.0,294.0,0.996321
2503.0,295.0,0.520234
2503.0,296.0,0.95945
2503.0,297.0,0.558576
2503.0,298.0,0.307961
2503.0,299.0,0.142052
2503.0,300.0,0.705511
2503.0,301.0,0.772261
2503.0,302.0,0.704114
2503.0,303.0,0.278599
2503.0,304.0,0.966327
2503.0,305.0,0.587303
2503.0,306.0,0.41501
2503.0,307.0,0.286147
2503.0,308.0,0.001503
2503.0,309.0,0.331749
2503.0,310.0,0.743956
2503.0,311.0,0.864032
2503.0,312.0,0.046456
2503.0,313.0,1.0
2503.0,314.0,0.451631
2503.0,315.0,0.481639
2503.0,316.0,0.478349
2503.0,317.0,0.813357
2503.0,318.0,0.003433
2503.0,319.0,0.010373
2503.0,320.0,0.521311
2503.0,321.0,0.331971
2503.0,322.0,0.343049
2503.0,323.0,0.185875
2503.0,324.0,0.440928
2503.0,325.0,0.664542
2503.0,326.0,0.73704
2503.0,327.0,0.24835
2503.0,328.0,0.494155
2503.0,329.0,0.223223
2503.0,330.0,0.733245
2503.0,331.0,0.326102
2503.0,332.0,0.955139
2503.0,333.0,0.649603
2503.0,334.0,0.010988
2504.0,0.0,0.062404
2504.0,1.0,0.425929
2504.0,2.0,0.230262
2504.0,3.0,0.646858
2504.0,4.0,0.506649
2504.0,5.0,0.714705
2504.0,6.0,1.0
2504.0,7.0,0.460101
2504.0,8.0,0.811831
2504.0,9.0,0.207758
2504.0,10.0,0.37511
2504.0,11.0,0.659645
2504.0,12.0,0.588623
2504.0,13.0,0.820361
2504.0,14.0,0.417437
2504.0,15.0,0.591318
2504.0,16.0,0.006237
2504.0,17.0,0.283961
2504.0,18.0,0.698521
2504.0,19.0,0.674023
2504.0,20.0,0.797319
2504.0,21.0,0.221821
2504.0,22.0,0.984653
2504.0,23.0,0.363009
2504.0,24.0,0.027795
2504.0,25.0,0.998048
2504.0,26.0,0.0
2504.0,27.0,0.502039
2504.0,28.0,0.084557
2504.0,29.0,0.457435
2504.0,30.0,0.067426
2504.0,31.0,0.408486
2504.0,32.0,0.389291
2504.0,33.0,0.226868
2504.0,34.0,0.567962
2504.0,35.0,0.519561
2504.0,36.0,0.830508
2504.0,37.0,0.910143
2504.0,38.0,0.254509
2504.0,39.0,0.549401
2504.0,40.0,0.961364
2504.0,41.0,0.16106
2504.0,42.0,0.526942
2504.0,43.0,0.333242
2504.0,44.0,0.969854
2504.0,45.0,0.786441
2504.0,46.0,0.284608
2504.0,47.0,0.424395
2504.0,48.0,0.094967
2504.0,49.0,0.868762
2504.0,50.0,0.438835
2504.0,51.0,0.475453
2504.0,52.0,0.786327
2504.0,53.0,0.422158
2504.0,54.0,0.576393
2504.0,55.0,0.055839
2504.0,56.0,0.855689
2504.0,57.0,0.583456
2504.0,58.0,0.974723
2504.0,59.0,0.468037
2504.0,60.0,0.273472
2504.0,61.0,0.0038
2504.0,62.0,0.317993
2504.0,63.0,0.356295
2504.0,64.0,0.545831
2504.0,65.0,1.0
2504.0,66.0,0.05183
2504.0,67.0,0.215053
2504.0,68.0,0.276399
2504.0,69.0,0.33618
2504.0,70.0,0.241416
2504.0,71.0,0.010301
2504.0,72.0,0.399207
2504.0,73.0,0.679831
2504.0,74.0,0.129919
2504.0,75.0,0.029025
2504.0,76.0,0.650579
2504.0,77.0,0.652858
2504.0,78.0,0.011366
2504.0,79.0,0.291552
2504.0,80.0,0.509579
2504.0,81.0,0.411319
2504.0,82.0,0.0
2504.0,83.0,0.447162
2504.0,84.0,0.583425
2504.0,85.0,0.179646
2504.0,86.0,0.0
2504.0,87.0,0.101953
2504.0,88.0,1.0
2504.0,89.0,0.063843
2504.0,90.0,0.603565
2504.0,91.0,0.578859
2504.0,92.0,0.950506
2504.0,93.0,0.487748
2504.0,94.0,0.370317
2504.0,95.0,0.0
2504.0,96.0,0.442849
2504.0,97.0,0.415175
2504.0,98.0,0.4105
2504.0,99.0,0.434367
2504.0,100.0,0.11172
2504.0,101.0,0.101266
2504.0,102.0,0.274551
2504.0,103.0,0.323699
2504.0,104.0,0.269
2504.0,105.0,0.903155
2504.0,106.0,0.582397
2504.0,107.0,0.385168
2504.0,108.0,1.0
2504.0,109.0,0.52327
2504.0,110.0,0.288871
2504.0,111.0,0.225485
2504.0,112.0,0.927359
2504.0,113.0,0.604072
2504.0,114.0,0.595819
2504.0,115.0,0.46497
2504.0,116.0,0.76165
2504.0,117.0,0.552957
2504.0,118.0,0.106822
2504.0,119.0,0.345789
2504.0,120.0,0.743283
2504.0,121.0,0.391404
2504.0,122.0,0.387623
2504.0,123.0,1.0
2504.0,124.0,0.627723
2504.0,125.0,0.105584
2504.0,126.0,0.298558
2504.0,127.0,0.479351
2504.0,128.0,1.0
2504.0,129.0,0.408203
2504.0,130.0,0.273939
2504.0,131.0,0.590613
2504.0,132.0,0.048961
2504.0,133.0,0.256434
2504.0,134.0,0.466421
2504.0,135.0,0.542541
2504.0,136.0,0.130678
2504.0,137.0,0.999755
2504.0,138.0,0.18054
2504.0,139.0,0.221729
2504.0,140.0,0.065486
2504.0,141.0,0.978999
2504.0,142.0,0.303274
2504.0,143.0,0.99896
2504.0,144.0,0.996263
2504.0,145.0,0.516624
2504.0,146.0,0.465422
2504.0,147.0,0.903036
2504.0,148.0,0.000271
2504.0,149.0,0.102868
2504.0,150.0,0.520489
2504.0,151.0,0.007635
2504.0,152.0,0.471691
2504.0,153.0,0.153778
2504.0,154.0,0.331115
2504.0,155.0,0.614974
2504.0,156.0,0.0
2504.0,157.0,0.574012
2504.0,158.0,0.40408
2504.0,159.0,0.354786
2504.0,160.0,0.0
2504.0,161.0,0.6015
2504.0,162.0,0.615306
2504.0,163.0,0.185564
2504.0,164.0,0.759292
2504.0,165.0,0.984768
2504.0,166.0,0.265955
2504.0,167.0,0.420521
2504.0,168.0,0.341868
2504.0,169.0,0.404108
2504.0,170.0,0.68481
2504.0,171.0,0.427718
2504.0,172.0,0.40048
2504.0,173.0,0.663345
2504.0,174.0,0.583799
2504.0,175.0,1.0
2504.0,176.0,1.0
2504.0,177.0,0.294568
2504.0,178.0,0.58114
2504.0,179.0,0.158841
2504.0,180.0,0.68364
2504.0,181.0,0.000209
2504.0,182.0,0.54152
2504.0,183.0,0.264691
2504.0,184.0,0.042788
2504.0,185.0,0.171151
2504.0,186.0,0.545829
2504.0,187.0,0.572282
2504.0,188.0,0.404495
2504.0,189.0,0.611544
2504.0,190.0,0.636195
2504.0,191.0,0.380715
2504.0,192.0,0.989469
2504.0,193.0,0.054554
2504.0,194.0,0.44161
2504.0,195.0,0.536664
2504.0,196.0,1.0
2504.0,197.0,0.0
2504.0,198.0,0.873647
2504.0,199.0,0.644428
2504.0,200.0,0.49269
2504.0,201.0,0.593972
2504.0,202.0,0.52756
2504.0,203.0,0.488041
2504.0,204.0,0.117309
2504.0,205.0,0.91427
2504.0,206.0,0.634831
2504.0,207.0,0.588648
2504.0,208.0,0.47626
2504.0,209.0,0.704408
2504.0,210.0,0.586587
2504.0,211.0,0.689202
2504.0,212.0,0.999396
2504.0,213.0,0.031822
2504.0,214.0,1.0
2504.0,215.0,0.531004
2504.0,216.0,0.61211
2504.0,217.0,0.479893
2504.0,218.0,0.905163
2504.0,219.0,0.703916
2504.0,220.0,0.425938
2504.0,221.0,0.5764
2504.0,222.0,0.269363
2504.0,223.0,0.879959
2504.0,224.0,1.0
2504.0,225.0,0.355873
2504.0,226.0,0.202856
2504.0,227.0,0.008643
2504.0,228.0,0.753151
2504.0,229.0,0.746823
2504.0,230.0,0.405668
2504.0,231.0,0.24276
2504.0,232.0,0.685208
2504.0,233.0,0.810018
2504.0,234.0,0.618343
2504.0,235.0,0.478715
2504.0,236.0,0.304761
2504.0,237.0,0.402865
2504.0,238.0,0.536627
2504.0,239.0,0.039718
2504.0,240.0,0.238397
2504.0,241.0,0.498142
2504.0,242.0,0.14252
2504.0,243.0,0.29859
2504.0,244.0,0.153355
2504.0,245.0,0.998694
2504.0,246.0,0.990635
2504.0,247.0,0.450872
2504.0,248.0,0.251986
2504.0,249.0,0.963072
2504.0,250.0,1.0
2504.0,251.0,0.541732
2504.0,252.0,0.560667
2504.0,253.0,0.986774
2504.0,254.0,0.188415
2504.0,255.0,1.0
2504.0,256.0,0.350982
2504.0,257.0,0.912135
2504.0,258.0,0.984548
2504.0,259.0,0.538122
2504.0,260.0,0.572741
2504.0,261.0,0.654522
2504.0,262.0,0.506037
2504.0,263.0,0.588162
2504.0,264.0,1.0
2504.0,265.0,0.959203
2504.0,266.0,0.713335
2504.0,267.0,0.956049
2504.0,268.0,0.40909
2504.0,269.0,0.394011
2504.0,270.0,1.0
2504.0,271.0,0.456439
2504.0,272.0,0.886761
2504.0,273.0,0.762899
2504.0,274.0,0.272321
2504.0,275.0,0.857954
2504.0,276.0,0.117108
2504.0,277.0,0.992082
2504.0,278.0,0.45814
2504.0,279.0,0.135771
2504.0,280.0,0.784182
2504.0,281.0,0.610775
2504.0,282.0,0.947959
2504.0,283.0,0.979749
2504.0,284.0,0.245763
2504.0,285.0,0.0
2504.0,286.0,0.373439
2504.0,287.0,0.265183
2504.0,288.0,0.033621
2504.0,289.0,0.452678
2504.0,290.0,0.435083
2504.0,291.0,0.898684
2504.0,292.0,0.305929
2504.0,293.0,0.783132
2504.0,294.0,0.996472
2504.0,295.0,0.521923
2504.0,296.0,0.960031
2504.0,297.0,0.563179
2504.0,298.0,0.312746
2504.0,299.0,0.14314
2504.0,300.0,0.707217
2504.0,301.0,0.776386
2504.0,302.0,0.709741
2504.0,303.0,0.279562
2504.0,304.0,0.969645
2504.0,305.0,0.588578
2504.0,306.0,0.426834
2504.0,307.0,0.289663
2504.0,308.0,0.001529
2504.0,309.0,0.333901
2504.0,310.0,0.750841
2504.0,311.0,0.864871
2504.0,312.0,0.046653
2504.0,313.0,1.0
2504.0,314.0,0.454842
2504.0,315.0,0.498263
2504.0,316.0,0.492825
2504.0,317.0,0.814482
2504.0,318.0,0.003394
2504.0,319.0,0.010455
2504.0,320.0,0.522549
2504.0,321.0,0.336516
2504.0,322.0,0.35834
2504.0,323.0,0.185969
2504.0,324.0,0.44172
2504.0,325.0,0.667006
2504.0,326.0,0.7375
2504.0,327.0,0.249514
2504.0,328.0,0.495228
2504.0,329.0,0.225002
2504.0,330.0,0.734633
2504.0,331.0,0.327832
2504.0,332.0,0.955565
2504.0,333.0,0.655551
2504.0,334.0,0.011051
2505.0,0.0,0.062841
2505.0,1.0,0.429705
2505.0,2.0,0.231745
2505.0,3.0,0.650078
2505.0,4.0,0.506501
2505.0,5.0,0.734735
2505.0,6.0,1.0
2505.0,7.0,0.460587
2505.0,8.0,0.812628
2505.0,9.0,0.209524
2505.0,10.0,0.376402
2505.0,11.0,0.67198
2505.0,12.0,0.588783
2505.0,13.0,0.824482
2505.0,14.0,0.421672
2505.0,15.0,0.593339
2505.0,16.0,0.00644
2505.0,17.0,0.285054
2505.0,18.0,0.700451
2505.0,19.0,0.674579
2505.0,20.0,0.805682
2505.0,21.0,0.224401
2505.0,22.0,0.984941
2505.0,23.0,0.37847
2505.0,24.0,0.027757
2505.0,25.0,0.998113
2505.0,26.0,0.0
2505.0,27.0,0.504011
2505.0,28.0,0.0856
2505.0,29.0,0.461336
2505.0,30.0,0.069073
2505.0,31.0,0.411136
2505.0,32.0,0.391447
2505.0,33.0,0.227311
2505.0,34.0,0.569735
2505.0,35.0,0.532015
2505.0,36.0,0.831607
2505.0,37.0,0.911972
2505.0,38.0,0.254881
2505.0,39.0,0.553186
2505.0,40.0,0.962141
2505.0,41.0,0.16225
2505.0,42.0,0.533574
2505.0,43.0,0.33449
2505.0,44.0,0.970069
2505.0,45.0,0.786848
2505.0,46.0,0.287372
2505.0,47.0,0.426441
2505.0,48.0,0.094608
2505.0,49.0,0.870181
2505.0,50.0,0.439249
2505.0,51.0,0.476454
2505.0,52.0,0.789211
2505.0,53.0,0.430831
2505.0,54.0,0.581453
2505.0,55.0,0.0603
2505.0,56.0,0.856644
2505.0,57.0,0.596929
2505.0,58.0,0.974979
2505.0,59.0,0.472677
2505.0,60.0,0.274537
2505.0,61.0,0.003889
2505.0,62.0,0.318302
2505.0,63.0,0.372745
2505.0,64.0,0.547723
2505.0,65.0,1.0
2505.0,66.0,0.052241
2505.0,67.0,0.217742
2505.0,68.0,0.278504
2505.0,69.0,0.33961
2505.0,70.0,0.245422
2505.0,71.0,0.010363
2505.0,72.0,0.400487
2505.0,73.0,0.680263
2505.0,74.0,0.13097
2505.0,75.0,0.029661
2505.0,76.0,0.650895
2505.0,77.0,0.655285
2505.0,78.0,0.011388
2505.0,79.0,0.293888
2505.0,80.0,0.511568
2505.0,81.0,0.411307
2505.0,82.0,0.0
2505.0,83.0,0.447709
2505.0,84.0,0.585862
2505.0,85.0,0.181643
2505.0,86.0,0.0
2505.0,87.0,0.102534
2505.0,88.0,1.0
2505.0,89.0,0.064251
2505.0,90.0,0.606862
2505.0,91.0,0.580514
2505.0,92.0,0.951273
2505.0,93.0,0.488638
2505.0,94.0,0.370896
2505.0,95.0,0.0
2505.0,96.0,0.445555
2505.0,97.0,0.427524
2505.0,98.0,0.415683
2505.0,99.0,0.439739
2505.0,100.0,0.112244
2505.0,101.0,0.105534
2505.0,102.0,0.278693
2505.0,103.0,0.324515
2505.0,104.0,0.270958
2505.0,105.0,0.90347
2505.0,106.0,0.589351
2505.0,107.0,0.39626
2505.0,108.0,1.0
2505.0,109.0,0.527122
2505.0,110.0,0.289131
2505.0,111.0,0.226425
2505.0,112.0,0.93067
2505.0,113.0,0.606289
2505.0,114.0,0.599605
2505.0,115.0,0.469461
2505.0,116.0,0.762379
2505.0,117.0,0.55264
2505.0,118.0,0.10748
2505.0,119.0,0.345397
2505.0,120.0,0.744177
2505.0,121.0,0.393575
2505.0,122.0,0.398411
2505.0,123.0,1.0
2505.0,124.0,0.628627
2505.0,125.0,0.106686
2505.0,126.0,0.300638
2505.0,127.0,0.483555
2505.0,128.0,1.0
2505.0,129.0,0.411089
2505.0,130.0,0.2745
2505.0,131.0,0.591316
2505.0,132.0,0.048864
2505.0,133.0,0.259273
2505.0,134.0,0.47098
2505.0,135.0,0.543551
2505.0,136.0,0.130937
2505.0,137.0,0.999761
2505.0,138.0,0.18689
2505.0,139.0,0.223037
2505.0,140.0,0.065782
2505.0,141.0,0.978935
2505.0,142.0,0.303843
2505.0,143.0,0.998991
2505.0,144.0,0.996272
2505.0,145.0,0.52293
2505.0,146.0,0.465805
2505.0,147.0,0.90369
2505.0,148.0,0.000292
2505.0,149.0,0.104031
2505.0,150.0,0.523398
2505.0,151.0,0.007608
2505.0,152.0,0.475326
2505.0,153.0,0.154208
2505.0,154.0,0.331683
2505.0,155.0,0.615976
2505.0,156.0,0.0
2505.0,157.0,0.575327
2505.0,158.0,0.404378
2505.0,159.0,0.360197
2505.0,160.0,0.0
2505.0,161.0,0.602098
2505.0,162.0,0.615402
2505.0,163.0,0.189381
2505.0,164.0,0.761983
2505.0,165.0,0.985027
2505.0,166.0,0.270584
2505.0,167.0,0.423286
2505.0,168.0,0.388635
2505.0,169.0,0.407359
2505.0,170.0,0.685372
2505.0,171.0,0.428073
2505.0,172.0,0.402355
2505.0,173.0,0.664366
2505.0,174.0,0.590561
2505.0,175.0,1.0
2505.0,176.0,1.0
2505.0,177.0,0.296611
2505.0,178.0,0.5968
2505.0,179.0,0.160172
2505.0,180.0,0.690076
2505.0,181.0,0.000202
2505.0,182.0,0.540277
2505.0,183.0,0.265974
2505.0,184.0,0.042821
2505.0,185.0,0.175901
2505.0,186.0,0.546206
2505.0,187.0,0.585156
2505.0,188.0,0.411628
2505.0,189.0,0.645534
2505.0,190.0,0.643585
2505.0,191.0,0.390278
2505.0,192.0,0.989678
2505.0,193.0,0.055065
2505.0,194.0,0.448064
2505.0,195.0,0.536671
2505.0,196.0,1.0
2505.0,197.0,0.0
2505.0,198.0,0.874341
2505.0,199.0,0.646346
2505.0,200.0,0.493569
2505.0,201.0,0.593838
2505.0,202.0,0.528025
2505.0,203.0,0.4903
2505.0,204.0,0.117798
2505.0,205.0,0.915197
2505.0,206.0,0.642872
2505.0,207.0,0.597081
2505.0,208.0,0.482056
2505.0,209.0,0.705465
2505.0,210.0,0.593403
2505.0,211.0,0.691517
2505.0,212.0,0.99941
2505.0,213.0,0.031899
2505.0,214.0,1.0
2505.0,215.0,0.533173
2505.0,216.0,0.613677
2505.0,217.0,0.484165
2505.0,218.0,0.905777
2505.0,219.0,0.702321
2505.0,220.0,0.430677
2505.0,221.0,0.579798
2505.0,222.0,0.273167
2505.0,223.0,0.882435
2505.0,224.0,1.0
2505.0,225.0,0.356349
2505.0,226.0,0.205866
2505.0,227.0,0.008854
2505.0,228.0,0.757523
2505.0,229.0,0.751857
2505.0,230.0,0.427252
2505.0,231.0,0.246546
2505.0,232.0,0.689877
2505.0,233.0,0.811564
2505.0,234.0,0.618967
2505.0,235.0,0.479834
2505.0,236.0,0.309257
2505.0,237.0,0.403633
2505.0,238.0,0.537948
2505.0,239.0,0.040202
2505.0,240.0,0.243538
2505.0,241.0,0.50129
2505.0,242.0,0.143249
2505.0,243.0,0.300042
2505.0,244.0,0.153629
2505.0,245.0,0.998715
2505.0,246.0,0.99067
2505.0,247.0,0.462529
2505.0,248.0,0.254909
2505.0,249.0,0.963372
2505.0,250.0,1.0
2505.0,251.0,0.543447
2505.0,252.0,0.562675
2505.0,253.0,0.986979
2505.0,254.0,0.190024
2505.0,255.0,1.0
2505.0,256.0,0.351234
2505.0,257.0,0.912068
2505.0,258.0,0.984874
2505.0,259.0,0.544806
2505.0,260.0,0.590214
2505.0,261.0,0.657431
2505.0,262.0,0.509197
2505.0,263.0,0.59382
2505.0,264.0,1.0
2505.0,265.0,0.959934
2505.0,266.0,0.720836
2505.0,267.0,0.959175
2505.0,268.0,0.410099
2505.0,269.0,0.396433
2505.0,270.0,1.0
2505.0,271.0,0.459901
2505.0,272.0,0.88788
2505.0,273.0,0.768921
2505.0,274.0,0.275594
2505.0,275.0,0.860139
2505.0,276.0,0.123868
2505.0,277.0,0.992906
2505.0,278.0,0.464106
2505.0,279.0,0.137196
2505.0,280.0,0.785737
2505.0,281.0,0.611744
2505.0,282.0,0.952649
2505.0,283.0,0.979962
2505.0,284.0,0.25078
2505.0,285.0,0.0
2505.0,286.0,0.376056
2505.0,287.0,0.264973
2505.0,288.0,0.034161
2505.0,289.0,0.454283
2505.0,290.0,0.436369
2505.0,291.0,0.899257
2505.0,292.0,0.30807
2505.0,293.0,0.787987
2505.0,294.0,0.99658
2505.0,295.0,0.523229
2505.0,296.0,0.960186
2505.0,297.0,0.566638
2505.0,298.0,0.317992
2505.0,299.0,0.143932
2505.0,300.0,0.708519
2505.0,301.0,0.780271
2505.0,302.0,0.715118
2505.0,303.0,0.28106
2505.0,304.0,0.972843
2505.0,305.0,0.589908
2505.0,306.0,0.438338
2505.0,307.0,0.294777
2505.0,308.0,0.0015
2505.0,309.0,0.335591
2505.0,310.0,0.758178
2505.0,311.0,0.865731
2505.0,312.0,0.047184
2505.0,313.0,1.0
2505.0,314.0,0.459193
2505.0,315.0,0.513961
2505.0,316.0,0.505731
2505.0,317.0,0.81614
2505.0,318.0,0.003423
2505.0,319.0,0.010579
2505.0,320.0,0.522762
2505.0,321.0,0.340394
2505.0,322.0,0.372906
2505.0,323.0,0.187177
2505.0,324.0,0.442142
2505.0,325.0,0.669274
2505.0,326.0,0.738671
2505.0,327.0,0.250619
2505.0,328.0,0.496343
2505.0,329.0,0.226944
2505.0,330.0,0.737514
2505.0,331.0,0.328813
2505.0,332.0,0.955597
2505.0,333.0,0.661237
2505.0,334.0,0.011083
2506.0,0.0,0.061926
2506.0,1.0,0.425939
2506.0,2.0,0.230535
2506.0,3.0,0.645599
2506.0,4.0,0.504871
2506.0,5.0,0.712977
2506.0,6.0,1.0
2506.0,7.0,0.458967
2506.0,8.0,0.811469
2506.0,9.0,0.206592
2506.0,10.0,0.375259
2506.0,11.0,0.659912
2506.0,12.0,0.587595
2506.0,13.0,0.820055
2506.0,14.0,0.416427
2506.0,15.0,0.591909
2506.0,16.0,0.006186
2506.0,17.0,0.285025
2506.0,18.0,0.699445
2506.0,19.0,0.672955
2506.0,20.0,0.796587
2506.0,21.0,0.221199
2506.0,22.0,0.984718
2506.0,23.0,0.362034
2506.0,24.0,0.027596
2506.0,25.0,0.99818
2506.0,26.0,0.0
2506.0,27.0,0.501862
2506.0,28.0,0.084968
2506.0,29.0,0.458774
2506.0,30.0,0.067185
2506.0,31.0,0.408188
2506.0,32.0,0.389145
2506.0,33.0,0.226552
2506.0,34.0,0.567807
2506.0,35.0,0.518343
2506.0,36.0,0.83135
2506.0,37.0,0.910827
2506.0,38.0,0.254277
2506.0,39.0,0.549534
2506.0,40.0,0.961487
2506.0,41.0,0.160908
2506.0,42.0,0.526715
2506.0,43.0,0.333226
2506.0,44.0,0.969619
2506.0,45.0,0.786264
2506.0,46.0,0.285244
2506.0,47.0,0.42486
2506.0,48.0,0.094848
2506.0,49.0,0.868076
2506.0,50.0,0.43732
2506.0,51.0,0.475876
2506.0,52.0,0.786465
2506.0,53.0,0.421926
2506.0,54.0,0.577578
2506.0,55.0,0.055965
2506.0,56.0,0.856813
2506.0,57.0,0.581246
2506.0,58.0,0.974778
2506.0,59.0,0.468731
2506.0,60.0,0.273823
2506.0,61.0,0.003844
2506.0,62.0,0.317411
2506.0,63.0,0.354517
2506.0,64.0,0.547696
2506.0,65.0,1.0
2506.0,66.0,0.052179
2506.0,67.0,0.215467
2506.0,68.0,0.277936
2506.0,69.0,0.335047
2506.0,70.0,0.240753
2506.0,71.0,0.010273
2506.0,72.0,0.399784
2506.0,73.0,0.679829
2506.0,74.0,0.129087
2506.0,75.0,0.029054
2506.0,76.0,0.650975
2506.0,77.0,0.652763
2506.0,78.0,0.011397
2506.0,79.0,0.291877
2506.0,80.0,0.509088
2506.0,81.0,0.410837
2506.0,82.0,0.0
2506.0,83.0,0.446425
2506.0,84.0,0.583234
2506.0,85.0,0.179537
2506.0,86.0,0.0
2506.0,87.0,0.101556
2506.0,88.0,1.0
2506.0,89.0,0.063925
2506.0,90.0,0.604245
2506.0,91.0,0.578657
2506.0,92.0,0.950451
2506.0,93.0,0.488375
2506.0,94.0,0.370773
2506.0,95.0,0.0
2506.0,96.0,0.444119
2506.0,97.0,0.414802
2506.0,98.0,0.410759
2506.0,99.0,0.433953
2506.0,100.0,0.111815
2506.0,101.0,0.101872
2506.0,102.0,0.27438
2506.0,103.0,0.323762
2506.0,104.0,0.267743
2506.0,105.0,0.903475
2506.0,106.0,0.583038
2506.0,107.0,0.384637
2506.0,108.0,1.0
2506.0,109.0,0.523746
2506.0,110.0,0.288226
2506.0,111.0,0.225609
2506.0,112.0,0.927012
2506.0,113.0,0.604391
2506.0,114.0,0.595553
2506.0,115.0,0.465102
2506.0,116.0,0.761452
2506.0,117.0,0.551155
2506.0,118.0,0.107312
2506.0,119.0,0.344764
2506.0,120.0,0.74294
2506.0,121.0,0.391928
2506.0,122.0,0.387392
2506.0,123.0,1.0
2506.0,124.0,0.628862
2506.0,125.0,0.105597
2506.0,126.0,0.299201
2506.0,127.0,0.478216
2506.0,128.0,1.0
2506.0,129.0,0.408815
2506.0,130.0,0.272694
2506.0,131.0,0.589188
2506.0,132.0,0.048938
2506.0,133.0,0.255537
2506.0,134.0,0.466672
2506.0,135.0,0.540304
2506.0,136.0,0.131133
2506.0,137.0,0.999748
2506.0,138.0,0.180134
2506.0,139.0,0.223172
2506.0,140.0,0.065475
2506.0,141.0,0.978874
2506.0,142.0,0.303652
2506.0,143.0,0.998957
2506.0,144.0,0.996235
2506.0,145.0,0.515979
2506.0,146.0,0.465635
2506.0,147.0,0.90332
2506.0,148.0,0.000281
2506.0,149.0,0.102838
2506.0,150.0,0.521564
2506.0,151.0,0.007577
2506.0,152.0,0.47046
2506.0,153.0,0.153188
2506.0,154.0,0.331
2506.0,155.0,0.614402
2506.0,156.0,0.0
2506.0,157.0,0.572946
2506.0,158.0,0.404762
2506.0,159.0,0.35444
2506.0,160.0,0.0
2506.0,161.0,0.600662
2506.0,162.0,0.614315
2506.0,163.0,0.184992
2506.0,164.0,0.759995
2506.0,165.0,0.984818
2506.0,166.0,0.265578
2506.0,167.0,0.417376
2506.0,168.0,0.323218
2506.0,169.0,0.402374
2506.0,170.0,0.684606
2506.0,171.0,0.427693
2506.0,172.0,0.400233
2506.0,173.0,0.664123
2506.0,174.0,0.58451
2506.0,175.0,1.0
2506.0,176.0,1.0
2506.0,177.0,0.295218
2506.0,178.0,0.5811
2506.0,179.0,0.158744
2506.0,180.0,0.683872
2506.0,181.0,0.000208
2506.0,182.0,0.539848
2506.0,183.0,0.264539
2506.0,184.0,0.042562
2506.0,185.0,0.171674
2506.0,186.0,0.547169
2506.0,187.0,0.57085
2506.0,188.0,0.403662
2506.0,189.0,0.596641
2506.0,190.0,0.634755
2506.0,191.0,0.379711
2506.0,192.0,0.989257
2506.0,193.0,0.054574
2506.0,194.0,0.441034
2506.0,195.0,0.536358
2506.0,196.0,1.0
2506.0,197.0,0.0
2506.0,198.0,0.873596
2506.0,199.0,0.643723
2506.0,200.0,0.493192
2506.0,201.0,0.593604
2506.0,202.0,0.527208
2506.0,203.0,0.488443
2506.0,204.0,0.117486
2506.0,205.0,0.914418
2506.0,206.0,0.634223
2506.0,207.0,0.586461
2506.0,208.0,0.475685
2506.0,209.0,0.703465
2506.0,210.0,0.587328
2506.0,211.0,0.690294
2506.0,212.0,0.999419
2506.0,213.0,0.03145
2506.0,214.0,1.0
2506.0,215.0,0.531589
2506.0,216.0,0.612754
2506.0,217.0,0.480584
2506.0,218.0,0.905485
2506.0,219.0,0.704368
2506.0,220.0,0.425955
2506.0,221.0,0.57708
2506.0,222.0,0.269214
2506.0,223.0,0.880724
2506.0,224.0,1.0
2506.0,225.0,0.356114
2506.0,226.0,0.203405
2506.0,227.0,0.008397
2506.0,228.0,0.753603
2506.0,229.0,0.746937
2506.0,230.0,0.400169
2506.0,231.0,0.242384
2506.0,232.0,0.685405
2506.0,233.0,0.80948
2506.0,234.0,0.619059
2506.0,235.0,0.478627
2506.0,236.0,0.304757
2506.0,237.0,0.4021
2506.0,238.0,0.536564
2506.0,239.0,0.039379
2506.0,240.0,0.237733
2506.0,241.0,0.498623
2506.0,242.0,0.141685
2506.0,243.0,0.299204
2506.0,244.0,0.153172
2506.0,245.0,0.998602
2506.0,246.0,0.9907
2506.0,247.0,0.451696
2506.0,248.0,0.251579
2506.0,249.0,0.963083
2506.0,250.0,1.0
2506.0,251.0,0.540852
2506.0,252.0,0.560071
2506.0,253.0,0.986934
2506.0,254.0,0.188358
2506.0,255.0,1.0
2506.0,256.0,0.350365
2506.0,257.0,0.911915
2506.0,258.0,0.984448
2506.0,259.0,0.538321
2506.0,260.0,0.570522
2506.0,261.0,0.653803
2506.0,262.0,0.507426
2506.0,263.0,0.588884
2506.0,264.0,1.0
2506.0,265.0,0.958687
2506.0,266.0,0.712887
2506.0,267.0,0.955506
2506.0,268.0,0.408757
2506.0,269.0,0.392642
2506.0,270.0,1.0
2506.0,271.0,0.455682
2506.0,272.0,0.886664
2506.0,273.0,0.763256
2506.0,274.0,0.272285
2506.0,275.0,0.857187
2506.0,276.0,0.117578
2506.0,277.0,0.992294
2506.0,278.0,0.45782
2506.0,279.0,0.136442
2506.0,280.0,0.78368
2506.0,281.0,0.609501
2506.0,282.0,0.947329
2506.0,283.0,0.979769
2506.0,284.0,0.245196
2506.0,285.0,0.0
2506.0,286.0,0.374337
2506.0,287.0,0.264209
2506.0,288.0,0.033666
2506.0,289.0,0.454089
2506.0,290.0,0.435356
2506.0,291.0,0.898384
2506.0,292.0,0.306081
2506.0,293.0,0.782602
2506.0,294.0,0.996412
2506.0,295.0,0.521369
2506.0,296.0,0.959607
2506.0,297.0,0.562605
2506.0,298.0,0.312901
2506.0,299.0,0.142768
2506.0,300.0,0.706288
2506.0,301.0,0.775247
2506.0,302.0,0.709966
2506.0,303.0,0.279518
2506.0,304.0,0.969612
2506.0,305.0,0.58874
2506.0,306.0,0.425029
2506.0,307.0,0.291519
2506.0,308.0,0.001443
2506.0,309.0,0.333793
2506.0,310.0,0.75085
2506.0,311.0,0.865201
2506.0,312.0,0.046333
2506.0,313.0,1.0
2506.0,314.0,0.454916
2506.0,315.0,0.496096
2506.0,316.0,0.491254
2506.0,317.0,0.81374
2506.0,318.0,0.003326
2506.0,319.0,0.010545
2506.0,320.0,0.520779
2506.0,321.0,0.336013
2506.0,322.0,0.3557
2506.0,323.0,0.186087
2506.0,324.0,0.440777
2506.0,325.0,0.667608
2506.0,326.0,0.73796
2506.0,327.0,0.248662
2506.0,328.0,0.495101
2506.0,329.0,0.225326
2506.0,330.0,0.734262
2506.0,331.0,0.328083
2506.0,332.0,0.955429
2506.0,333.0,0.655062
2506.0,334.0,0.011
2507.0,0.0,0.061287
2507.0,1.0,0.422083
2507.0,2.0,0.229085
2507.0,3.0,0.64165
2507.0,4.0,0.502917
2507.0,5.0,0.691374
2507.0,6.0,1.0
2507.0,7.0,0.456535
2507.0,8.0,0.810331
2507.0,9.0,0.204613
2507.0,10.0,0.37317
2507.0,11.0,0.648257
2507.0,12.0,0.586929
2507.0,13.0,0.815009
2507.0,14.0,0.411178
2507.0,15.0,0.590295
2507.0,16.0,0.006041
2507.0,17.0,0.284461
2507.0,18.0,0.697746
2507.0,19.0,0.671947
2507.0,20.0,0.786798
2507.0,21.0,0.219139
2507.0,22.0,0.984646
2507.0,23.0,0.346029
2507.0,24.0,0.027563
2507.0,25.0,0.998134
2507.0,26.0,0.0
2507.0,27.0,0.500083
2507.0,28.0,0.084365
2507.0,29.0,0.455651
2507.0,30.0,0.06549
2507.0,31.0,0.406705
2507.0,32.0,0.386146
2507.0,33.0,0.224842
2507.0,34.0,0.565959
2507.0,35.0,0.505262
2507.0,36.0,0.83003
2507.0,37.0,0.909215
2507.0,38.0,0.254315
2507.0,39.0,0.545428
2507.0,40.0,0.96067
2507.0,41.0,0.160487
2507.0,42.0,0.518697
2507.0,43.0,0.33165
2507.0,44.0,0.969663
2507.0,45.0,0.786206
2507.0,46.0,0.282629
2507.0,47.0,0.421708
2507.0,48.0,0.09447
2507.0,49.0,0.867424
2507.0,50.0,0.436382
2507.0,51.0,0.47513
2507.0,52.0,0.783625
2507.0,53.0,0.413809
2507.0,54.0,0.57256
2507.0,55.0,0.051688
2507.0,56.0,0.856867
2507.0,57.0,0.56559
2507.0,58.0,0.974773
2507.0,59.0,0.463893
2507.0,60.0,0.273353
2507.0,61.0,0.003688
2507.0,62.0,0.317085
2507.0,63.0,0.336749
2507.0,64.0,0.545606
2507.0,65.0,1.0
2507.0,66.0,0.051838
2507.0,67.0,0.212879
2507.0,68.0,0.276
2507.0,69.0,0.331659
2507.0,70.0,0.23647
2507.0,71.0,0.010071
2507.0,72.0,0.399594
2507.0,73.0,0.679932
2507.0,74.0,0.127564
2507.0,75.0,0.028243
2507.0,76.0,0.650784
2507.0,77.0,0.650441
2507.0,78.0,0.011242
2507.0,79.0,0.289726
2507.0,80.0,0.50711
2507.0,81.0,0.410543
2507.0,82.0,0.0
2507.0,83.0,0.445425
2507.0,84.0,0.580468
2507.0,85.0,0.17821
2507.0,86.0,0.0
2507.0,87.0,0.100847
2507.0,88.0,1.0
2507.0,89.0,0.063334
2507.0,90.0,0.601913
2507.0,91.0,0.577191
2507.0,92.0,0.949694
2507.0,93.0,0.487528
2507.0,94.0,0.370536
2507.0,95.0,0.0
2507.0,96.0,0.443382
2507.0,97.0,0.403095
2507.0,98.0,0.40594
2507.0,99.0,0.428793
2507.0,100.0,0.111366
2507.0,101.0,0.098178
2507.0,102.0,0.270235
2507.0,103.0,0.32274
2507.0,104.0,0.264672
2507.0,105.0,0.902717
2507.0,106.0,0.575389
2507.0,107.0,0.373442
2507.0,108.0,1.0
2507.0,109.0,0.520853
2507.0,110.0,0.288158
2507.0,111.0,0.224985
2507.0,112.0,0.923384
2507.0,113.0,0.601819
2507.0,114.0,0.592525
2507.0,115.0,0.459555
2507.0,116.0,0.760633
2507.0,117.0,0.550102
2507.0,118.0,0.106681
2507.0,119.0,0.343367
2507.0,120.0,0.741264
2507.0,121.0,0.389889
2507.0,122.0,0.375908
2507.0,123.0,1.0
2507.0,124.0,0.628529
2507.0,125.0,0.104601
2507.0,126.0,0.296797
2507.0,127.0,0.4731
2507.0,128.0,1.0
2507.0,129.0,0.405805
2507.0,130.0,0.271193
2507.0,131.0,0.588312
2507.0,132.0,0.048355
2507.0,133.0,0.252906
2507.0,134.0,0.462112
2507.0,135.0,0.538856
2507.0,136.0,0.130551
2507.0,137.0,0.999747
2507.0,138.0,0.173447
2507.0,139.0,0.22258
2507.0,140.0,0.065028
2507.0,141.0,0.978815
2507.0,142.0,0.303926
2507.0,143.0,0.998951
2507.0,144.0,0.996274
2507.0,145.0,0.509427
2507.0,146.0,0.465715
2507.0,147.0,0.903013
2507.0,148.0,0.000283
2507.0,149.0,0.101883
2507.0,150.0,0.517695
2507.0,151.0,0.007468
2507.0,152.0,0.466882
2507.0,153.0,0.151014
2507.0,154.0,0.329792
2507.0,155.0,0.613769
2507.0,156.0,0.0
2507.0,157.0,0.571099
2507.0,158.0,0.404007
2507.0,159.0,0.348938
2507.0,160.0,0.0
2507.0,161.0,0.600101
2507.0,162.0,0.613884
2507.0,163.0,0.181579
2507.0,164.0,0.758499
2507.0,165.0,0.984659
2507.0,166.0,0.260362
2507.0,167.0,0.413576
2507.0,168.0,0.273055
2507.0,169.0,0.398191
2507.0,170.0,0.683407
2507.0,171.0,0.427046
2507.0,172.0,0.399109
2507.0,173.0,0.663627
2507.0,174.0,0.577841
2507.0,175.0,1.0
2507.0,176.0,1.0
2507.0,177.0,0.293992
2507.0,178.0,0.565735
2507.0,179.0,0.157317
2507.0,180.0,0.677739
2507.0,181.0,0.000169
2507.0,182.0,0.538351
2507.0,183.0,0.262694
2507.0,184.0,0.042153
2507.0,185.0,0.167827
2507.0,186.0,0.546861
2507.0,187.0,0.556241
2507.0,188.0,0.395191
2507.0,189.0,0.548515
2507.0,190.0,0.626829
2507.0,191.0,0.36959
2507.0,192.0,0.988941
2507.0,193.0,0.054221
2507.0,194.0,0.435301
2507.0,195.0,0.535804
2507.0,196.0,1.0
2507.0,197.0,0.0
2507.0,198.0,0.873553
2507.0,199.0,0.641431
2507.0,200.0,0.493452
2507.0,201.0,0.594022
2507.0,202.0,0.526798
2507.0,203.0,0.485315
2507.0,204.0,0.116539
2507.0,205.0,0.913553
2507.0,206.0,0.623485
2507.0,207.0,0.577309
2507.0,208.0,0.470557
2507.0,209.0,0.703153
2507.0,210.0,0.580893
2507.0,211.0,0.688897
2507.0,212.0,0.999393
2507.0,213.0,0.031289
2507.0,214.0,1.0
2507.0,215.0,0.530745
2507.0,216.0,0.611738
2507.0,217.0,0.47661
2507.0,218.0,0.90455
2507.0,219.0,0.705523
2507.0,220.0,0.420827
2507.0,221.0,0.572975
2507.0,222.0,0.265695
2507.0,223.0,0.878268
2507.0,224.0,1.0
2507.0,225.0,0.355891
2507.0,226.0,0.200368
2507.0,227.0,0.008199
2507.0,228.0,0.750374
2507.0,229.0,0.741652
2507.0,230.0,0.374637
2507.0,231.0,0.238685
2507.0,232.0,0.681571
2507.0,233.0,0.80878
2507.0,234.0,0.618216
2507.0,235.0,0.477886
2507.0,236.0,0.300339
2507.0,237.0,0.400712
2507.0,238.0,0.534927
2507.0,239.0,0.038595
2507.0,240.0,0.232132
2507.0,241.0,0.496467
2507.0,242.0,0.140908
2507.0,243.0,0.298835
2507.0,244.0,0.152215
2507.0,245.0,0.99858
2507.0,246.0,0.990693
2507.0,247.0,0.440091
2507.0,248.0,0.248281
2507.0,249.0,0.962506
2507.0,250.0,1.0
2507.0,251.0,0.539824
2507.0,252.0,0.557278
2507.0,253.0,0.986888
2507.0,254.0,0.186921
2507.0,255.0,1.0
2507.0,256.0,0.348936
2507.0,257.0,0.911255
2507.0,258.0,0.984394
2507.0,259.0,0.532365
2507.0,260.0,0.551891
2507.0,261.0,0.650276
2507.0,262.0,0.504937
2507.0,263.0,0.584421
2507.0,264.0,1.0
2507.0,265.0,0.95757
2507.0,266.0,0.705359
2507.0,267.0,0.951589
2507.0,268.0,0.407852
2507.0,269.0,0.389522
2507.0,270.0,1.0
2507.0,271.0,0.451036
2507.0,272.0,0.886113
2507.0,273.0,0.757125
2507.0,274.0,0.269814
2507.0,275.0,0.85419
2507.0,276.0,0.111234
2507.0,277.0,0.991565
2507.0,278.0,0.45172
2507.0,279.0,0.13543
2507.0,280.0,0.781738
2507.0,281.0,0.607698
2507.0,282.0,0.941762
2507.0,283.0,0.979446
2507.0,284.0,0.23971
2507.0,285.0,0.0
2507.0,286.0,0.373479
2507.0,287.0,0.26359
2507.0,288.0,0.033126
2507.0,289.0,0.454283
2507.0,290.0,0.434395
2507.0,291.0,0.897734
2507.0,292.0,0.304071
2507.0,293.0,0.776613
2507.0,294.0,0.996194
2507.0,295.0,0.521308
2507.0,296.0,0.959099
2507.0,297.0,0.559076
2507.0,298.0,0.307306
2507.0,299.0,0.141988
2507.0,300.0,0.704961
2507.0,301.0,0.770907
2507.0,302.0,0.704168
2507.0,303.0,0.277793
2507.0,304.0,0.966229
2507.0,305.0,0.587202
2507.0,306.0,0.413345
2507.0,307.0,0.287057
2507.0,308.0,0.001434
2507.0,309.0,0.331599
2507.0,310.0,0.744268
2507.0,311.0,0.865237
2507.0,312.0,0.045771
2507.0,313.0,1.0
2507.0,314.0,0.451752
2507.0,315.0,0.478877
2507.0,316.0,0.477347
2507.0,317.0,0.812351
2507.0,318.0,0.003304
2507.0,319.0,0.01041
2507.0,320.0,0.51984
2507.0,321.0,0.33168
2507.0,322.0,0.339825
2507.0,323.0,0.185417
2507.0,324.0,0.439652
2507.0,325.0,0.6655
2507.0,326.0,0.738437
2507.0,327.0,0.247137
2507.0,328.0,0.493854
2507.0,329.0,0.222774
2507.0,330.0,0.732289
2507.0,331.0,0.326119
2507.0,332.0,0.955493
2507.0,333.0,0.648082
2507.0,334.0,0.010888
2508.0,0.0,0.060624
2508.0,1.0,0.419078
2508.0,2.0,0.227421
2508.0,3.0,0.638819
2508.0,4.0,0.501028
2508.0,5.0,0.669934
2508.0,6.0,1.0
2508.0,7.0,0.455057
2508.0,8.0,0.808927
2508.0,9.0,0.203023
2508.0,10.0,0.370948
2508.0,11.0,0.636213
2508.0,12.0,0.586336
2508.0,13.0,0.810456
2508.0,14.0,0.405872
2508.0,15.0,0.588466
2508.0,16.0,0.005911
2508.0,17.0,0.283359
2508.0,18.0,0.69561
2508.0,19.0,0.671441
2508.0,20.0,0.776423
2508.0,21.0,0.216461
2508.0,22.0,0.984515
2508.0,23.0,0.330641
2508.0,24.0,0.027404
2508.0,25.0,0.998181
2508.0,26.0,0.0
2508.0,27.0,0.499356
2508.0,28.0,0.083651
2508.0,29.0,0.45315
2508.0,30.0,0.063728
2508.0,31.0,0.404028
2508.0,32.0,0.383701
2508.0,33.0,0.223095
2508.0,34.0,0.563177
2508.0,35.0,0.491687
2508.0,36.0,0.828848
2508.0,37.0,0.908303
2508.0,38.0,0.254557
2508.0,39.0,0.542671
2508.0,40.0,0.96002
2508.0,41.0,0.159349
2508.0,42.0,0.512139
2508.0,43.0,0.329877
2508.0,44.0,0.969332
2508.0,45.0,0.78644
2508.0,46.0,0.28106
2508.0,47.0,0.419481
2508.0,48.0,0.094595
2508.0,49.0,0.866464
2508.0,50.0,0.435736
2508.0,51.0,0.474832
2508.0,52.0,0.78036
2508.0,53.0,0.405447
2508.0,54.0,0.567797
2508.0,55.0,0.04823
2508.0,56.0,0.856771
2508.0,57.0,0.550017
2508.0,58.0,0.974487
2508.0,59.0,0.460229
2508.0,60.0,0.272264
2508.0,61.0,0.003635
2508.0,62.0,0.315954
2508.0,63.0,0.32043
2508.0,64.0,0.543413
2508.0,65.0,1.0
2508.0,66.0,0.051342
2508.0,67.0,0.210437
2508.0,68.0,0.275072
2508.0,69.0,0.329077
2508.0,70.0,0.232529
2508.0,71.0,0.009749
2508.0,72.0,0.398641
2508.0,73.0,0.680262
2508.0,74.0,0.126998
2508.0,75.0,0.028072
2508.0,76.0,0.650601
2508.0,77.0,0.647884
2508.0,78.0,0.011342
2508.0,79.0,0.286273
2508.0,80.0,0.504396
2508.0,81.0,0.410142
2508.0,82.0,0.0
2508.0,83.0,0.444584
2508.0,84.0,0.577201
2508.0,85.0,0.176953
2508.0,86.0,0.0
2508.0,87.0,0.100366
2508.0,88.0,1.0
2508.0,89.0,0.062761
2508.0,90.0,0.600269
2508.0,91.0,0.574673
2508.0,92.0,0.949087
2508.0,93.0,0.486065
2508.0,94.0,0.370355
2508.0,95.0,0.0
2508.0,96.0,0.441422
2508.0,97.0,0.390565
2508.0,98.0,0.401166
2508.0,99.0,0.424364
2508.0,100.0,0.111146
2508.0,101.0,0.094698
2508.0,102.0,0.267001
2508.0,103.0,0.322476
2508.0,104.0,0.262664
2508.0,105.0,0.902187
2508.0,106.0,0.568426
2508.0,107.0,0.362981
2508.0,108.0,1.0
2508.0,109.0,0.518316
2508.0,110.0,0.287458
2508.0,111.0,0.224302
2508.0,112.0,0.919559
2508.0,113.0,0.599088
2508.0,114.0,0.588596
2508.0,115.0,0.456066
2508.0,116.0,0.760329
2508.0,117.0,0.54801
2508.0,118.0,0.10575
2508.0,119.0,0.342552
2508.0,120.0,0.739859
2508.0,121.0,0.388839
2508.0,122.0,0.365094
2508.0,123.0,1.0
2508.0,124.0,0.62774
2508.0,125.0,0.103731
2508.0,126.0,0.295061
2508.0,127.0,0.468724
2508.0,128.0,1.0
2508.0,129.0,0.403125
2508.0,130.0,0.270408
2508.0,131.0,0.586519
2508.0,132.0,0.048185
2508.0,133.0,0.249757
2508.0,134.0,0.457343
2508.0,135.0,0.536728
2508.0,136.0,0.130541
2508.0,137.0,0.999738
2508.0,138.0,0.16788
2508.0,139.0,0.222095
2508.0,140.0,0.063929
2508.0,141.0,0.978878
2508.0,142.0,0.304121
2508.0,143.0,0.998929
2508.0,144.0,0.996135
2508.0,145.0,0.502349
2508.0,146.0,0.46582
2508.0,147.0,0.902534
2508.0,148.0,0.000292
2508.0,149.0,0.101154
2508.0,150.0,0.515594
2508.0,151.0,0.007356
2508.0,152.0,0.461753
2508.0,153.0,0.149707
2508.0,154.0,0.328994
2508.0,155.0,0.613796
2508.0,156.0,0.0
2508.0,157.0,0.570101
2508.0,158.0,0.40323
2508.0,159.0,0.344265
2508.0,160.0,0.0
2508.0,161.0,0.599811
2508.0,162.0,0.61439
2508.0,163.0,0.178626
2508.0,164.0,0.756173
2508.0,165.0,0.984372
2508.0,166.0,0.255043
2508.0,167.0,0.409823
2508.0,168.0,0.234207
2508.0,169.0,0.394288
2508.0,170.0,0.682253
2508.0,171.0,0.426349
2508.0,172.0,0.397725
2508.0,173.0,0.662861
2508.0,174.0,0.571263
2508.0,175.0,1.0
2508.0,176.0,1.0
2508.0,177.0,0.293679
2508.0,178.0,0.550096
2508.0,179.0,0.155381
2508.0,180.0,0.672009
2508.0,181.0,0.000152
2508.0,182.0,0.538956
2508.0,183.0,0.26154
2508.0,184.0,0.041667
2508.0,185.0,0.163169
2508.0,186.0,0.546723
2508.0,187.0,0.542295
2508.0,188.0,0.386771
2508.0,189.0,0.504071
2508.0,190.0,0.619082
2508.0,191.0,0.361453
2508.0,192.0,0.98874
2508.0,193.0,0.053687
2508.0,194.0,0.430125
2508.0,195.0,0.535976
2508.0,196.0,1.0
2508.0,197.0,0.0
2508.0,198.0,0.873219
2508.0,199.0,0.638477
2508.0,200.0,0.492624
2508.0,201.0,0.593965
2508.0,202.0,0.527027
2508.0,203.0,0.482994
2508.0,204.0,0.11531
2508.0,205.0,0.912687
2508.0,206.0,0.614726
2508.0,207.0,0.567212
2508.0,208.0,0.463944
2508.0,209.0,0.702048
2508.0,210.0,0.57427
2508.0,211.0,0.687589
2508.0,212.0,0.999387
2508.0,213.0,0.031013
2508.0,214.0,1.0
2508.0,215.0,0.529253
2508.0,216.0,0.610715
2508.0,217.0,0.472499
2508.0,218.0,0.903674
2508.0,219.0,0.70663
2508.0,220.0,0.416096
2508.0,221.0,0.570753
2508.0,222.0,0.262731
2508.0,223.0,0.875758
2508.0,224.0,1.0
2508.0,225.0,0.356197
2508.0,226.0,0.196693
2508.0,227.0,0.007981
2508.0,228.0,0.746525
2508.0,229.0,0.737018
2508.0,230.0,0.350963
2508.0,231.0,0.234925
2508.0,232.0,0.677288
2508.0,233.0,0.808183
2508.0,234.0,0.617756
2508.0,235.0,0.476417
2508.0,236.0,0.296444
2508.0,237.0,0.399308
2508.0,238.0,0.532889
2508.0,239.0,0.037792
2508.0,240.0,0.226729
2508.0,241.0,0.493532
2508.0,242.0,0.139489
2508.0,243.0,0.297445
2508.0,244.0,0.151319
2508.0,245.0,0.998565
2508.0,246.0,0.990844
2508.0,247.0,0.429701
2508.0,248.0,0.245528
2508.0,249.0,0.961824
2508.0,250.0,1.0
2508.0,251.0,0.537633
2508.0,252.0,0.554004
2508.0,253.0,0.986767
2508.0,254.0,0.185957
2508.0,255.0,1.0
2508.0,256.0,0.347585
2508.0,257.0,0.911346
2508.0,258.0,0.984149
2508.0,259.0,0.525611
2508.0,260.0,0.53283
2508.0,261.0,0.646955
2508.0,262.0,0.502897
2508.0,263.0,0.579039
2508.0,264.0,1.0
2508.0,265.0,0.956343
2508.0,266.0,0.697676
2508.0,267.0,0.94752
2508.0,268.0,0.406907
2508.0,269.0,0.387326
2508.0,270.0,1.0
2508.0,271.0,0.447867
2508.0,272.0,0.884754
2508.0,273.0,0.751158
2508.0,274.0,0.266647
2508.0,275.0,0.851163
2508.0,276.0,0.105267
2508.0,277.0,0.990839
2508.0,278.0,0.445652
2508.0,279.0,0.134907
2508.0,280.0,0.780086
2508.0,281.0,0.606023
2508.0,282.0,0.935477
2508.0,283.0,0.979262
2508.0,284.0,0.234419
2508.0,285.0,0.0
2508.0,286.0,0.371764
2508.0,287.0,0.263518
2508.0,288.0,0.032578
2508.0,289.0,0.454093
2508.0,290.0,0.434012
2508.0,291.0,0.897178
2508.0,292.0,0.302289
2508.0,293.0,0.771182
2508.0,294.0,0.996189
2508.0,295.0,0.521211
2508.0,296.0,0.958565
2508.0,297.0,0.55628
2508.0,298.0,0.301898
2508.0,299.0,0.141377
2508.0,300.0,0.703455
2508.0,301.0,0.766615
2508.0,302.0,0.698848
2508.0,303.0,0.276473
2508.0,304.0,0.962399
2508.0,305.0,0.585825
2508.0,306.0,0.401278
2508.0,307.0,0.282454
2508.0,308.0,0.001384
2508.0,309.0,0.329837
2508.0,310.0,0.736358
2508.0,311.0,0.864568
2508.0,312.0,0.045128
2508.0,313.0,1.0
2508.0,314.0,0.448831
2508.0,315.0,0.462081
2508.0,316.0,0.463885
2508.0,317.0,0.811456
2508.0,318.0,0.003187
2508.0,319.0,0.010513
2508.0,320.0,0.518536
2508.0,321.0,0.328457
2508.0,322.0,0.32454
2508.0,323.0,0.184868
2508.0,324.0,0.438624
2508.0,325.0,0.663442
2508.0,326.0,0.73857
2508.0,327.0,0.245457
2508.0,328.0,0.492573
2508.0,329.0,0.220946
2508.0,330.0,0.730262
2508.0,331.0,0.325166
2508.0,332.0,0.955117
2508.0,333.0,0.643038
2508.0,334.0,0.010714
2509.0,0.0,0.05994
2509.0,1.0,0.415364
2509.0,2.0,0.225527
2509.0,3.0,0.635432
2509.0,4.0,0.498468
2509.0,5.0,0.648261
2509.0,6.0,1.0
2509.0,7.0,0.452728
2509.0,8.0,0.807418
2509.0,9.0,0.201132
2509.0,10.0,0.369241
2509.0,11.0,0.624535
2509.0,12.0,0.586455
2509.0,13.0,0.805697
2509.0,14.0,0.401128
2509.0,15.0,0.585801
2509.0,16.0,0.005679
2509.0,17.0,0.281521
2509.0,18.0,0.693644
2509.0,19.0,0.670426
2509.0,20.0,0.7658
2509.0,21.0,0.215117
2509.0,22.0,0.984605
2509.0,23.0,0.317391
2509.0,24.0,0.02718
2509.0,25.0,0.998134
2509.0,26.0,0.0
2509.0,27.0,0.498165
2509.0,28.0,0.082952
2509.0,29.0,0.450703
2509.0,30.0,0.062246
2509.0,31.0,0.401863
2509.0,32.0,0.38098
2509.0,33.0,0.222172
2509.0,34.0,0.559834
2509.0,35.0,0.477936
2509.0,36.0,0.828945
2509.0,37.0,0.907418
2509.0,38.0,0.255528
2509.0,39.0,0.539058
2509.0,40.0,0.9592
2509.0,41.0,0.158184
2509.0,42.0,0.505786
2509.0,43.0,0.328799
2509.0,44.0,0.969043
2509.0,45.0,0.786732
2509.0,46.0,0.279007
2509.0,47.0,0.418807
2509.0,48.0,0.094218
2509.0,49.0,0.865372
2509.0,50.0,0.435258
2509.0,51.0,0.474426
2509.0,52.0,0.776201
2509.0,53.0,0.397426
2509.0,54.0,0.563848
2509.0,55.0,0.045262
2509.0,56.0,0.856843
2509.0,57.0,0.535687
2509.0,58.0,0.974378
2509.0,59.0,0.456031
2509.0,60.0,0.271091
2509.0,61.0,0.003576
2509.0,62.0,0.314046
2509.0,63.0,0.30482
2509.0,64.0,0.541543
2509.0,65.0,1.0
2509.0,66.0,0.050634
2509.0,67.0,0.208113
2509.0,68.0,0.273746
2509.0,69.0,0.325933
2509.0,70.0,0.228917
2509.0,71.0,0.00969
2509.0,72.0,0.398401
2509.0,73.0,0.679668
2509.0,74.0,0.125899
2509.0,75.0,0.027822
2509.0,76.0,0.650398
2509.0,77.0,0.645174
2509.0,78.0,0.011158
2509.0,79.0,0.283905
2509.0,80.0,0.502376
2509.0,81.0,0.408817
2509.0,82.0,0.0
2509.0,83.0,0.442973
2509.0,84.0,0.574063
2509.0,85.0,0.175312
2509.0,86.0,0.0
2509.0,87.0,0.099874
2509.0,88.0,1.0
2509.0,89.0,0.062122
2509.0,90.0,0.59683
2509.0,91.0,0.572632
2509.0,92.0,0.9484
2509.0,93.0,0.48479
2509.0,94.0,0.370172
2509.0,95.0,0.0
2509.0,96.0,0.438821
2509.0,97.0,0.379652
2509.0,98.0,0.396159
2509.0,99.0,0.419337
2509.0,100.0,0.110569
2509.0,101.0,0.091505
2509.0,102.0,0.263676
2509.0,103.0,0.322267
2509.0,104.0,0.258982
2509.0,105.0,0.901733
2509.0,106.0,0.561631
2509.0,107.0,0.352587
2509.0,108.0,1.0
2509.0,109.0,0.515423
2509.0,110.0,0.28829
2509.0,111.0,0.223502
2509.0,112.0,0.916164
2509.0,113.0,0.595796
2509.0,114.0,0.584096
2509.0,115.0,0.452836
2509.0,116.0,0.760418
2509.0,117.0,0.546742
2509.0,118.0,0.10463
2509.0,119.0,0.341498
2509.0,120.0,0.739557
2509.0,121.0,0.386985
2509.0,122.0,0.353838
2509.0,123.0,1.0
2509.0,124.0,0.627206
2509.0,125.0,0.102652
2509.0,126.0,0.293518
2509.0,127.0,0.463397
2509.0,128.0,1.0
2509.0,129.0,0.400506
2509.0,130.0,0.269776
2509.0,131.0,0.585292
2509.0,132.0,0.04817
2509.0,133.0,0.246991
2509.0,134.0,0.452995
2509.0,135.0,0.533658
2509.0,136.0,0.129999
2509.0,137.0,0.999716
2509.0,138.0,0.161255
2509.0,139.0,0.221358
2509.0,140.0,0.063115
2509.0,141.0,0.978598
2509.0,142.0,0.303187
2509.0,143.0,0.998917
2509.0,144.0,0.996119
2509.0,145.0,0.495936
2509.0,146.0,0.466105
2509.0,147.0,0.902024
2509.0,148.0,0.000292
2509.0,149.0,0.100112
2509.0,150.0,0.511418
2509.0,151.0,0.007308
2509.0,152.0,0.457299
2509.0,153.0,0.147387
2509.0,154.0,0.327882
2509.0,155.0,0.614241
2509.0,156.0,0.0
2509.0,157.0,0.567479
2509.0,158.0,0.401466
2509.0,159.0,0.338417
2509.0,160.0,0.0
2509.0,161.0,0.600362
2509.0,162.0,0.61439
2509.0,163.0,0.174799
2509.0,164.0,0.753723
2509.0,165.0,0.984163
2509.0,166.0,0.249555
2509.0,167.0,0.405858
2509.0,168.0,0.202676
2509.0,169.0,0.389604
2509.0,170.0,0.681249
2509.0,171.0,0.425901
2509.0,172.0,0.395777
2509.0,173.0,0.661431
2509.0,174.0,0.564424
2509.0,175.0,1.0
2509.0,176.0,1.0
2509.0,177.0,0.29319
2509.0,178.0,0.533806
2509.0,179.0,0.153527
2509.0,180.0,0.665731
2509.0,181.0,0.000152
2509.0,182.0,0.539844
2509.0,183.0,0.260508
2509.0,184.0,0.041681
2509.0,185.0,0.158768
2509.0,186.0,0.546725
2509.0,187.0,0.52804
2509.0,188.0,0.378983
2509.0,189.0,0.460755
2509.0,190.0,0.610515
2509.0,191.0,0.352636
2509.0,192.0,0.988363
2509.0,193.0,0.053165
2509.0,194.0,0.423981
2509.0,195.0,0.536453
2509.0,196.0,1.0
2509.0,197.0,0.0
2509.0,198.0,0.873513
2509.0,199.0,0.63621
2509.0,200.0,0.492475
2509.0,201.0,0.593924
2509.0,202.0,0.526861
2509.0,203.0,0.481246
2509.0,204.0,0.114666
2509.0,205.0,0.911953
2509.0,206.0,0.606112
2509.0,207.0,0.558548
2509.0,208.0,0.458012
2509.0,209.0,0.701249
2509.0,210.0,0.568009
2509.0,211.0,0.686917
2509.0,212.0,0.999431
2509.0,213.0,0.030608
2509.0,214.0,1.0
2509.0,215.0,0.527239
2509.0,216.0,0.609447
2509.0,217.0,0.468861
2509.0,218.0,0.90337
2509.0,219.0,0.70749
2509.0,220.0,0.410568
2509.0,221.0,0.565943
2509.0,222.0,0.259745
2509.0,223.0,0.873154
2509.0,224.0,1.0
2509.0,225.0,0.357626
2509.0,226.0,0.193012
2509.0,227.0,0.007842
2509.0,228.0,0.741757
2509.0,229.0,0.732392
2509.0,230.0,0.330217
2509.0,231.0,0.231794
2509.0,232.0,0.673413
2509.0,233.0,0.807432
2509.0,234.0,0.617144
2509.0,235.0,0.474734
2509.0,236.0,0.291506
2509.0,237.0,0.398531
2509.0,238.0,0.532202
2509.0,239.0,0.036987
2509.0,240.0,0.222005
2509.0,241.0,0.491141
2509.0,242.0,0.138091
2509.0,243.0,0.295923
2509.0,244.0,0.150683
2509.0,245.0,0.998584
2509.0,246.0,0.990897
2509.0,247.0,0.419974
2509.0,248.0,0.241694
2509.0,249.0,0.961335
2509.0,250.0,1.0
2509.0,251.0,0.535128
2509.0,252.0,0.55186
2509.0,253.0,0.986685
2509.0,254.0,0.184878
2509.0,255.0,1.0
2509.0,256.0,0.346616
2509.0,257.0,0.910817
2509.0,258.0,0.983859
2509.0,259.0,0.518953
2509.0,260.0,0.512888
2509.0,261.0,0.642776
2509.0,262.0,0.500906
2509.0,263.0,0.573535
2509.0,264.0,1.0
2509.0,265.0,0.955375
2509.0,266.0,0.690608
2509.0,267.0,0.943113
2509.0,268.0,0.405641
2509.0,269.0,0.384289
2509.0,270.0,1.0
2509.0,271.0,0.443475
2509.0,272.0,0.884171
2509.0,273.0,0.744256
2509.0,274.0,0.264462
2509.0,275.0,0.848883
2509.0,276.0,0.099974
2509.0,277.0,0.990011
2509.0,278.0,0.439986
2509.0,279.0,0.134101
2509.0,280.0,0.779381
2509.0,281.0,0.605029
2509.0,282.0,0.9291
2509.0,283.0,0.978941
2509.0,284.0,0.229681
2509.0,285.0,0.0
2509.0,286.0,0.369609
2509.0,287.0,0.26345
2509.0,288.0,0.03221
2509.0,289.0,0.454166
2509.0,290.0,0.433627
2509.0,291.0,0.896992
2509.0,292.0,0.300465
2509.0,293.0,0.765411
2509.0,294.0,0.996054
2509.0,295.0,0.519842
2509.0,296.0,0.95835
2509.0,297.0,0.552447
2509.0,298.0,0.295893
2509.0,299.0,0.140847
2509.0,300.0,0.701527
2509.0,301.0,0.76384
2509.0,302.0,0.692793
2509.0,303.0,0.275971
2509.0,304.0,0.958284
2509.0,305.0,0.585614
2509.0,306.0,0.389526
2509.0,307.0,0.279049
2509.0,308.0,0.001328
2509.0,309.0,0.327777
2509.0,310.0,0.728512
2509.0,311.0,0.863755
2509.0,312.0,0.044689
2509.0,313.0,1.0
2509.0,314.0,0.445759
2509.0,315.0,0.446626
2509.0,316.0,0.450924
2509.0,317.0,0.810304
2509.0,318.0,0.003095
2509.0,319.0,0.010277
2509.0,320.0,0.516659
2509.0,321.0,0.324745
2509.0,322.0,0.311144
2509.0,323.0,0.184121
2509.0,324.0,0.438226
2509.0,325.0,0.661547
2509.0,326.0,0.738718
2509.0,327.0,0.244256
2509.0,328.0,0.491748
2509.0,329.0,0.218692
2509.0,330.0,0.728537
2509.0,331.0,0.323662
2509.0,332.0,0.95492
2509.0,333.0,0.636586
2509.0,334.0,0.010645
2510.0,0.0,0.059146
2510.0,1.0,0.412516
2510.0,2.0,0.223279
2510.0,3.0,0.631824
2510.0,4.0,0.497384
2510.0,5.0,0.626984
2510.0,6.0,1.0
2510.0,7.0,0.45069
2510.0,8.0,0.806435
2510.0,9.0,0.199412
2510.0,10.0,0.368441
2510.0,11.0,0.612085
2510.0,12.0,0.586175
2510.0,13.0,0.801023
2510.0,14.0,0.396172
2510.0,15.0,0.583842
2510.0,16.0,0.005689
2510.0,17.0,0.280117
2510.0,18.0,0.69141
2510.0,19.0,0.669679
2510.0,20.0,0.75484
2510.0,21.0,0.212694
2510.0,22.0,0.984475
2510.0,23.0,0.303241
2510.0,24.0,0.026739
2510.0,25.0,0.99807
2510.0,26.0,0.0
2510.0,27.0,0.496988
2510.0,28.0,0.081819
2510.0,29.0,0.448835
2510.0,30.0,0.061171
2510.0,31.0,0.399061
2510.0,32.0,0.378631
2510.0,33.0,0.220627
2510.0,34.0,0.557255
2510.0,35.0,0.465767
2510.0,36.0,0.828116
2510.0,37.0,0.906487
2510.0,38.0,0.255686
2510.0,39.0,0.534772
2510.0,40.0,0.958343
2510.0,41.0,0.157513
2510.0,42.0,0.499109
2510.0,43.0,0.327149
2510.0,44.0,0.968785
2510.0,45.0,0.787185
2510.0,46.0,0.276747
2510.0,47.0,0.416585
2510.0,48.0,0.094365
2510.0,49.0,0.864022
2510.0,50.0,0.434943
2510.0,51.0,0.474355
2510.0,52.0,0.77243
2510.0,53.0,0.389185
2510.0,54.0,0.559938
2510.0,55.0,0.042607
2510.0,56.0,0.856084
2510.0,57.0,0.52097
2510.0,58.0,0.973994
2510.0,59.0,0.451429
2510.0,60.0,0.269878
2510.0,61.0,0.00351
2510.0,62.0,0.312722
2510.0,63.0,0.290539
2510.0,64.0,0.538548
2510.0,65.0,1.0
2510.0,66.0,0.050344
2510.0,67.0,0.205331
2510.0,68.0,0.272627
2510.0,69.0,0.32317
2510.0,70.0,0.225893
2510.0,71.0,0.009566
2510.0,72.0,0.398439
2510.0,73.0,0.679821
2510.0,74.0,0.124469
2510.0,75.0,0.027432
2510.0,76.0,0.650413
2510.0,77.0,0.643072
2510.0,78.0,0.011028
2510.0,79.0,0.28166
2510.0,80.0,0.500146
2510.0,81.0,0.408122
2510.0,82.0,0.0
2510.0,83.0,0.441565
2510.0,84.0,0.571276
2510.0,85.0,0.173491
2510.0,86.0,0.0
2510.0,87.0,0.099349
2510.0,88.0,1.0
2510.0,89.0,0.061427
2510.0,90.0,0.593832
2510.0,91.0,0.571089
2510.0,92.0,0.94758
2510.0,93.0,0.484012
2510.0,94.0,0.369084
2510.0,95.0,0.0
2510.0,96.0,0.437235
2510.0,97.0,0.368828
2510.0,98.0,0.391491
2510.0,99.0,0.414048
2510.0,100.0,0.11044
2510.0,101.0,0.088102
2510.0,102.0,0.259676
2510.0,103.0,0.321161
2510.0,104.0,0.25634
2510.0,105.0,0.901352
2510.0,106.0,0.554965
2510.0,107.0,0.342769
2510.0,108.0,1.0
2510.0,109.0,0.512656
2510.0,110.0,0.287724
2510.0,111.0,0.223263
2510.0,112.0,0.912363
2510.0,113.0,0.593869
2510.0,114.0,0.579942
2510.0,115.0,0.44841
2510.0,116.0,0.75959
2510.0,117.0,0.545574
2510.0,118.0,0.104241
2510.0,119.0,0.340368
2510.0,120.0,0.738626
2510.0,121.0,0.384215
2510.0,122.0,0.344828
2510.0,123.0,1.0
2510.0,124.0,0.626953
2510.0,125.0,0.101111
2510.0,126.0,0.292522
2510.0,127.0,0.458632
2510.0,128.0,1.0
2510.0,129.0,0.398031
2510.0,130.0,0.268894
2510.0,131.0,0.583685
2510.0,132.0,0.048016
2510.0,133.0,0.243717
2510.0,134.0,0.448926
2510.0,135.0,0.531594
2510.0,136.0,0.129886
2510.0,137.0,0.999711
2510.0,138.0,0.15647
2510.0,139.0,0.22056
2510.0,140.0,0.062552
2510.0,141.0,0.978438
2510.0,142.0,0.301951
2510.0,143.0,0.998874
2510.0,144.0,0.996009
2510.0,145.0,0.489784
2510.0,146.0,0.465824
2510.0,147.0,0.901407
2510.0,148.0,0.000274
2510.0,149.0,0.098846
2510.0,150.0,0.509157
2510.0,151.0,0.007194
2510.0,152.0,0.454143
2510.0,153.0,0.14554
2510.0,154.0,0.326735
2510.0,155.0,0.614429
2510.0,156.0,0.0
2510.0,157.0,0.565818
2510.0,158.0,0.399764
2510.0,159.0,0.332836
2510.0,160.0,0.0
2510.0,161.0,0.599211
2510.0,162.0,0.613676
2510.0,163.0,0.171306
2510.0,164.0,0.750876
2510.0,165.0,0.984154
2510.0,166.0,0.244228
2510.0,167.0,0.40145
2510.0,168.0,0.178362
2510.0,169.0,0.385657
2510.0,170.0,0.680063
2510.0,171.0,0.425388
2510.0,172.0,0.39448
2510.0,173.0,0.659777
2510.0,174.0,0.557275
2510.0,175.0,1.0
2510.0,176.0,1.0
2510.0,177.0,0.292869
2510.0,178.0,0.517868
2510.0,179.0,0.152401
2510.0,180.0,0.659366
2510.0,181.0,0.000129
2510.0,182.0,0.540106
2510.0,183.0,0.259008
2510.0,184.0,0.04153
2510.0,185.0,0.154691
2510.0,186.0,0.546502
2510.0,187.0,0.513572
2510.0,188.0,0.37163
2510.0,189.0,0.420947
2510.0,190.0,0.601685
2510.0,191.0,0.343795
2510.0,192.0,0.988123
2510.0,193.0,0.052879
2510.0,194.0,0.417862
2510.0,195.0,0.536304
2510.0,196.0,1.0
2510.0,197.0,0.0
2510.0,198.0,0.872497
2510.0,199.0,0.633782
2510.0,200.0,0.491853
2510.0,201.0,0.593712
2510.0,202.0,0.525756
2510.0,203.0,0.479665
2510.0,204.0,0.114339
2510.0,205.0,0.91078
2510.0,206.0,0.597106
2510.0,207.0,0.549009
2510.0,208.0,0.4518
2510.0,209.0,0.699859
2510.0,210.0,0.56108
2510.0,211.0,0.685568
2510.0,212.0,0.999449
2510.0,213.0,0.030146
2510.0,214.0,1.0
2510.0,215.0,0.525283
2510.0,216.0,0.608518
2510.0,217.0,0.465479
2510.0,218.0,0.902311
2510.0,219.0,0.7082
2510.0,220.0,0.405121
2510.0,221.0,0.562034
2510.0,222.0,0.257321
2510.0,223.0,0.871031
2510.0,224.0,1.0
2510.0,225.0,0.357124
2510.0,226.0,0.19044
2510.0,227.0,0.007668
2510.0,228.0,0.737214
2510.0,229.0,0.726999
2510.0,230.0,0.310782
2510.0,231.0,0.22709
2510.0,232.0,0.669418
2510.0,233.0,0.806259
2510.0,234.0,0.615866
2510.0,235.0,0.472743
2510.0,236.0,0.286368
2510.0,237.0,0.397473
2510.0,238.0,0.530341
2510.0,239.0,0.036354
2510.0,240.0,0.216749
2510.0,241.0,0.489082
2510.0,242.0,0.13727
2510.0,243.0,0.293951
2510.0,244.0,0.150106
2510.0,245.0,0.998508
2510.0,246.0,0.990615
2510.0,247.0,0.408899
2510.0,248.0,0.238083
2510.0,249.0,0.960805
2510.0,250.0,1.0
2510.0,251.0,0.532294
2510.0,252.0,0.549312
2510.0,253.0,0.98636
2510.0,254.0,0.184292
2510.0,255.0,1.0
2510.0,256.0,0.345253
2510.0,257.0,0.910139
2510.0,258.0,0.983642
2510.0,259.0,0.511867
2510.0,260.0,0.49373
2510.0,261.0,0.639433
2510.0,262.0,0.498541
2510.0,263.0,0.5679
2510.0,264.0,1.0
2510.0,265.0,0.953955
2510.0,266.0,0.6824
2510.0,267.0,0.938688
2510.0,268.0,0.404948
2510.0,269.0,0.381034
2510.0,270.0,1.0
2510.0,271.0,0.438378
2510.0,272.0,0.883294
2510.0,273.0,0.738023
2510.0,274.0,0.261503
2510.0,275.0,0.846578
2510.0,276.0,0.094806
2510.0,277.0,0.989031
2510.0,278.0,0.433718
2510.0,279.0,0.133417
2510.0,280.0,0.778259
2510.0,281.0,0.603573
2510.0,282.0,0.922432
2510.0,283.0,0.978899
2510.0,284.0,0.22494
2510.0,285.0,0.0
2510.0,286.0,0.368055
2510.0,287.0,0.263022
2510.0,288.0,0.031645
2510.0,289.0,0.453328
2510.0,290.0,0.432722
2510.0,291.0,0.896836
2510.0,292.0,0.298768
2510.0,293.0,0.760625
2510.0,294.0,0.995958
2510.0,295.0,0.518598
2510.0,296.0,0.958187
2510.0,297.0,0.54998
2510.0,298.0,0.29148
2510.0,299.0,0.140179
2510.0,300.0,0.699509
2510.0,301.0,0.75981
2510.0,302.0,0.687795
2510.0,303.0,0.274859
2510.0,304.0,0.954128
2510.0,305.0,0.58568
2510.0,306.0,0.378794
2510.0,307.0,0.275584
2510.0,308.0,0.00123
2510.0,309.0,0.325994
2510.0,310.0,0.721425
2510.0,311.0,0.863262
2510.0,312.0,0.044004
2510.0,313.0,1.0
2510.0,314.0,0.442719
2510.0,315.0,0.430385
2510.0,316.0,0.437381
2510.0,317.0,0.808728
2510.0,318.0,0.003074
2510.0,319.0,0.01026
2510.0,320.0,0.514766
2510.0,321.0,0.321335
2510.0,322.0,0.298333
2510.0,323.0,0.183688
2510.0,324.0,0.438031
2510.0,325.0,0.65989
2510.0,326.0,0.739474
2510.0,327.0,0.242844
2510.0,328.0,0.490927
2510.0,329.0,0.216445
2510.0,330.0,0.727115
2510.0,331.0,0.322474
2510.0,332.0,0.954815
2510.0,333.0,0.629925
2510.0,334.0,0.010432
