FREQUENCIES 
Gen,mut_id,mut_freq
1.0,0.0,0.5
1.0,1.0,0.5
1.0,2.0,0.5
1.0,3.0,0.5
1.0,4.0,0.5
1.0,5.0,0.5
1.0,6.0,0.5
1.0,7.0,0.5
1.0,8.0,0.5
1.0,9.0,0.5
1.0,10.0,0.5
1.0,11.0,0.5
1.0,12.0,0.5
1.0,13.0,0.5
1.0,14.0,0.5
1.0,15.0,0.5
1.0,16.0,0.5
1.0,17.0,0.5
1.0,18.0,0.5
1.0,19.0,0.5
1.0,20.0,0.5
1.0,21.0,0.5
1.0,22.0,0.5
1.0,23.0,0.5
1.0,24.0,0.5
1.0,25.0,0.5
1.0,26.0,0.5
1.0,27.0,0.5
1.0,28.0,0.5
1.0,29.0,0.5
1.0,30.0,0.5
1.0,31.0,0.5
1.0,32.0,0.5
1.0,33.0,0.5
1.0,34.0,0.5
1.0,35.0,0.5
1.0,36.0,0.5
1.0,37.0,0.5
1.0,38.0,0.5
1.0,39.0,0.5
1.0,40.0,0.5
1.0,41.0,0.5
1.0,42.0,0.5
1.0,43.0,0.5
1.0,44.0,0.5
1.0,45.0,0.5
1.0,46.0,0.5
1.0,47.0,0.5
1.0,48.0,0.5
1.0,49.0,0.5
1.0,50.0,0.5
1.0,51.0,0.5
1.0,52.0,0.5
1.0,53.0,0.5
1.0,54.0,0.5
1.0,55.0,0.5
1.0,56.0,0.5
1.0,57.0,0.5
1.0,58.0,0.5
1.0,59.0,0.5
1.0,60.0,0.5
1.0,61.0,0.5
1.0,62.0,0.5
1.0,63.0,0.5
1.0,64.0,0.5
1.0,65.0,0.5
1.0,66.0,0.5
1.0,67.0,0.5
1.0,68.0,0.5
1.0,69.0,0.5
1.0,70.0,0.5
1.0,71.0,0.5
1.0,72.0,0.5
1.0,73.0,0.5
1.0,74.0,0.5
1.0,75.0,0.5
1.0,76.0,0.5
1.0,77.0,0.5
1.0,78.0,0.5
1.0,79.0,0.5
1.0,80.0,0.5
1.0,81.0,0.5
1.0,82.0,0.5
1.0,83.0,0.5
1.0,84.0,0.5
1.0,85.0,0.5
1.0,86.0,0.5
1.0,87.0,0.5
1.0,88.0,0.5
1.0,89.0,0.5
1.0,90.0,0.5
1.0,91.0,0.5
1.0,92.0,0.5
1.0,93.0,0.5
1.0,94.0,0.5
1.0,95.0,0.5
1.0,96.0,0.5
1.0,97.0,0.5
1.0,98.0,0.5
1.0,99.0,0.5
1.0,100.0,0.5
1.0,101.0,0.5
1.0,102.0,0.5
1.0,103.0,0.5
1.0,104.0,0.5
1.0,105.0,0.5
1.0,106.0,0.5
1.0,107.0,0.5
1.0,108.0,0.5
1.0,109.0,0.5
1.0,110.0,0.5
1.0,111.0,0.5
1.0,112.0,0.5
1.0,113.0,0.5
1.0,114.0,0.5
1.0,115.0,0.5
1.0,116.0,0.5
1.0,117.0,0.5
1.0,118.0,0.5
1.0,119.0,0.5
1.0,120.0,0.5
1.0,121.0,0.5
1.0,122.0,0.5
1.0,123.0,0.5
1.0,124.0,0.5
1.0,125.0,0.5
1.0,126.0,0.5
1.0,127.0,0.5
1.0,128.0,0.5
1.0,129.0,0.5
1.0,130.0,0.5
1.0,131.0,0.5
1.0,132.0,0.5
1.0,133.0,0.5
1.0,134.0,0.5
1.0,135.0,0.5
1.0,136.0,0.5
1.0,137.0,0.5
1.0,138.0,0.5
1.0,139.0,0.5
1.0,140.0,0.5
1.0,141.0,0.5
1.0,142.0,0.5
1.0,143.0,0.5
1.0,144.0,0.5
1.0,145.0,0.5
1.0,146.0,0.5
1.0,147.0,0.5
1.0,148.0,0.5
1.0,149.0,0.5
1.0,150.0,0.5
1.0,151.0,0.5
1.0,152.0,0.5
1.0,153.0,0.5
1.0,154.0,0.5
1.0,155.0,0.5
1.0,156.0,0.5
1.0,157.0,0.5
1.0,158.0,0.5
1.0,159.0,0.5
1.0,160.0,0.5
1.0,161.0,0.5
1.0,162.0,0.5
1.0,163.0,0.5
1.0,164.0,0.5
1.0,165.0,0.5
1.0,166.0,0.5
1.0,167.0,0.5
1.0,168.0,0.5
1.0,169.0,0.5
1.0,170.0,0.5
1.0,171.0,0.5
1.0,172.0,0.5
1.0,173.0,0.5
1.0,174.0,0.5
1.0,175.0,0.5
1.0,176.0,0.5
1.0,177.0,0.5
1.0,178.0,0.5
1.0,179.0,0.5
1.0,180.0,0.5
1.0,181.0,0.5
1.0,182.0,0.5
1.0,183.0,0.5
1.0,184.0,0.5
1.0,185.0,0.5
1.0,186.0,0.5
1.0,187.0,0.5
1.0,188.0,0.5
1.0,189.0,0.5
1.0,190.0,0.5
1.0,191.0,0.5
1.0,192.0,0.5
1.0,193.0,0.5
1.0,194.0,0.5
1.0,195.0,0.5
1.0,196.0,0.5
1.0,197.0,0.5
1.0,198.0,0.5
1.0,199.0,0.5
1.0,200.0,0.5
1.0,201.0,0.5
1.0,202.0,0.5
1.0,203.0,0.5
1.0,204.0,0.5
1.0,205.0,0.5
1.0,206.0,0.5
1.0,207.0,0.5
1.0,208.0,0.5
1.0,209.0,0.5
1.0,210.0,0.5
1.0,211.0,0.5
1.0,212.0,0.5
1.0,213.0,0.5
1.0,214.0,0.5
1.0,215.0,0.5
1.0,216.0,0.5
1.0,217.0,0.5
1.0,218.0,0.5
1.0,219.0,0.5
1.0,220.0,0.5
1.0,221.0,0.5
1.0,222.0,0.5
1.0,223.0,0.5
1.0,224.0,0.5
1.0,225.0,0.5
1.0,226.0,0.5
1.0,227.0,0.5
1.0,228.0,0.5
1.0,229.0,0.5
1.0,230.0,0.5
1.0,231.0,0.5
1.0,232.0,0.5
1.0,233.0,0.5
1.0,234.0,0.5
1.0,235.0,0.5
1.0,236.0,0.5
1.0,237.0,0.5
1.0,238.0,0.5
1.0,239.0,0.5
1.0,240.0,0.5
1.0,241.0,0.5
1.0,242.0,0.5
1.0,243.0,0.5
1.0,244.0,0.5
1.0,245.0,0.5
1.0,246.0,0.5
1.0,247.0,0.5
1.0,248.0,0.5
1.0,249.0,0.5
1.0,250.0,0.5
1.0,251.0,0.5
1.0,252.0,0.5
1.0,253.0,0.5
1.0,254.0,0.5
1.0,255.0,0.5
1.0,256.0,0.5
1.0,257.0,0.5
1.0,258.0,0.5
1.0,259.0,0.5
1.0,260.0,0.5
1.0,261.0,0.5
1.0,262.0,0.5
1.0,263.0,0.5
1.0,264.0,0.5
1.0,265.0,0.5
1.0,266.0,0.5
1.0,267.0,0.5
1.0,268.0,0.5
1.0,269.0,0.5
1.0,270.0,0.5
1.0,271.0,0.5
1.0,272.0,0.5
1.0,273.0,0.5
1.0,274.0,0.5
1.0,275.0,0.5
1.0,276.0,0.5
1.0,277.0,0.5
1.0,278.0,0.5
1.0,279.0,0.5
1.0,280.0,0.5
1.0,281.0,0.5
1.0,282.0,0.5
1.0,283.0,0.5
1.0,284.0,0.5
1.0,285.0,0.5
1.0,286.0,0.5
1.0,287.0,0.5
1.0,288.0,0.5
1.0,289.0,0.5
1.0,290.0,0.5
1.0,291.0,0.5
1.0,292.0,0.5
1.0,293.0,0.5
1.0,294.0,0.5
1.0,295.0,0.5
1.0,296.0,0.5
1.0,297.0,0.5
1.0,298.0,0.5
1.0,299.0,0.5
1.0,300.0,0.5
1.0,301.0,0.5
1.0,302.0,0.5
1.0,303.0,0.5
1.0,304.0,0.5
1.0,305.0,0.5
1.0,306.0,0.5
1.0,307.0,0.5
1.0,308.0,0.5
1.0,309.0,0.5
1.0,310.0,0.5
1.0,311.0,0.5
1.0,312.0,0.5
1.0,313.0,0.5
1.0,314.0,0.5
1.0,315.0,0.5
1.0,316.0,0.5
1.0,317.0,0.5
1.0,318.0,0.5
1.0,319.0,0.5
1.0,320.0,0.5
1.0,321.0,0.5
1.0,322.0,0.5
1.0,323.0,0.5
1.0,324.0,0.5
1.0,325.0,0.5
1.0,326.0,0.5
1.0,327.0,0.5
1.0,328.0,0.5
1.0,329.0,0.5
1.0,330.0,0.5
1.0,331.0,0.5
1.0,332.0,0.5
1.0,333.0,0.5
1.0,334.0,0.5
2500.0,0.0,0.408168
2500.0,1.0,0.480824
2500.0,2.0,0.411799
2500.0,3.0,0.724844
2500.0,4.0,0.562366
2500.0,5.0,0.78984
2500.0,6.0,0.614406
2500.0,7.0,0.287753
2500.0,8.0,0.167516
2500.0,9.0,0.687457
2500.0,10.0,0.37908
2500.0,11.0,0.31804
2500.0,12.0,0.334724
2500.0,13.0,0.817039
2500.0,14.0,0.522726
2500.0,15.0,0.303985
2500.0,16.0,0.755821
2500.0,17.0,0.94834
2500.0,18.0,0.996346
2500.0,19.0,0.973443
2500.0,20.0,0.414166
2500.0,21.0,0.229283
2500.0,22.0,0.303826
2500.0,23.0,0.416753
2500.0,24.0,0.604118
2500.0,25.0,0.424102
2500.0,26.0,0.591195
2500.0,27.0,0.58137
2500.0,28.0,0.61117
2500.0,29.0,0.599583
2500.0,30.0,0.465796
2500.0,31.0,0.322689
2500.0,32.0,0.412705
2500.0,33.0,0.645607
2500.0,34.0,0.995909
2500.0,35.0,0.408925
2500.0,36.0,0.461878
2500.0,37.0,0.964172
2500.0,38.0,0.034613
2500.0,39.0,0.796738
2500.0,40.0,0.409766
2500.0,41.0,0.0
2500.0,42.0,0.692643
2500.0,43.0,0.399927
2500.0,44.0,0.124607
2500.0,45.0,0.473036
2500.0,46.0,0.666157
2500.0,47.0,0.0
2500.0,48.0,0.0
2500.0,49.0,0.517516
2500.0,50.0,1.0
2500.0,51.0,0.453776
2500.0,52.0,0.749273
2500.0,53.0,0.775184
2500.0,54.0,0.0
2500.0,55.0,0.476435
2500.0,56.0,0.600521
2500.0,57.0,0.471188
2500.0,58.0,0.0
2500.0,59.0,0.269542
2500.0,60.0,0.472136
2500.0,61.0,0.523414
2500.0,62.0,0.108945
2500.0,63.0,0.586566
2500.0,64.0,0.0
2500.0,65.0,0.997541
2500.0,66.0,0.076557
2500.0,67.0,0.163368
2500.0,68.0,0.318546
2500.0,69.0,0.0
2500.0,70.0,0.551679
2500.0,71.0,0.271284
2500.0,72.0,0.897682
2500.0,73.0,0.502596
2500.0,74.0,0.054157
2500.0,75.0,0.565632
2500.0,76.0,0.52084
2500.0,77.0,0.0
2500.0,78.0,0.00067
2500.0,79.0,0.490155
2500.0,80.0,0.023379
2500.0,81.0,0.397417
2500.0,82.0,0.091053
2500.0,83.0,0.903444
2500.0,84.0,0.576627
2500.0,85.0,0.2065
2500.0,86.0,0.575445
2500.0,87.0,0.820998
2500.0,88.0,0.862054
2500.0,89.0,0.327224
2500.0,90.0,0.480174
2500.0,91.0,0.398818
2500.0,92.0,0.313301
2500.0,93.0,0.962219
2500.0,94.0,0.020621
2500.0,95.0,0.605308
2500.0,96.0,0.376818
2500.0,97.0,1.0
2500.0,98.0,0.181137
2500.0,99.0,0.655604
2500.0,100.0,0.713067
2500.0,101.0,0.432196
2500.0,102.0,0.517619
2500.0,103.0,0.470802
2500.0,104.0,0.997517
2500.0,105.0,0.001557
2500.0,106.0,0.053812
2500.0,107.0,0.066011
2500.0,108.0,0.803181
2500.0,109.0,0.982616
2500.0,110.0,0.931375
2500.0,111.0,0.381239
2500.0,112.0,0.196921
2500.0,113.0,1.0
2500.0,114.0,0.000308
2500.0,115.0,0.406945
2500.0,116.0,0.127445
2500.0,117.0,0.366483
2500.0,118.0,0.000486
2500.0,119.0,0.291318
2500.0,120.0,0.281014
2500.0,121.0,0.440561
2500.0,122.0,0.02881
2500.0,123.0,0.342339
2500.0,124.0,1.0
2500.0,125.0,0.41485
2500.0,126.0,0.981134
2500.0,127.0,0.000659
2500.0,128.0,1.0
2500.0,129.0,1.4e-05
2500.0,130.0,0.575084
2500.0,131.0,0.440311
2500.0,132.0,1.0
2500.0,133.0,0.593386
2500.0,134.0,0.912275
2500.0,135.0,0.013555
2500.0,136.0,0.572406
2500.0,137.0,0.420171
2500.0,138.0,0.473134
2500.0,139.0,0.488076
2500.0,140.0,0.2815
2500.0,141.0,0.817146
2500.0,142.0,0.298393
2500.0,143.0,0.940924
2500.0,144.0,0.493431
2500.0,145.0,0.369555
2500.0,146.0,0.354809
2500.0,147.0,0.036995
2500.0,148.0,0.97577
2500.0,149.0,0.55172
2500.0,150.0,0.521467
2500.0,151.0,0.106659
2500.0,152.0,0.326453
2500.0,153.0,0.589957
2500.0,154.0,0.825504
2500.0,155.0,0.869824
2500.0,156.0,0.081512
2500.0,157.0,0.0
2500.0,158.0,0.671901
2500.0,159.0,0.635696
2500.0,160.0,0.574581
2500.0,161.0,0.18741
2500.0,162.0,0.300513
2500.0,163.0,0.306486
2500.0,164.0,0.274383
2500.0,165.0,0.814016
2500.0,166.0,0.606845
2500.0,167.0,0.850295
2500.0,168.0,0.917026
2500.0,169.0,0.089788
2500.0,170.0,0.586477
2500.0,171.0,0.652006
2500.0,172.0,0.998592
2500.0,173.0,0.0
2500.0,174.0,0.642189
2500.0,175.0,0.44742
2500.0,176.0,0.883019
2500.0,177.0,0.320719
2500.0,178.0,1.0
2500.0,179.0,0.486684
2500.0,180.0,0.484233
2500.0,181.0,0.842389
2500.0,182.0,0.357186
2500.0,183.0,0.0
2500.0,184.0,0.785489
2500.0,185.0,0.325843
2500.0,186.0,0.461247
2500.0,187.0,0.209243
2500.0,188.0,0.240922
2500.0,189.0,0.971676
2500.0,190.0,0.428101
2500.0,191.0,0.613574
2500.0,192.0,0.566452
2500.0,193.0,0.553021
2500.0,194.0,1.0
2500.0,195.0,0.175948
2500.0,196.0,0.781092
2500.0,197.0,0.731913
2500.0,198.0,0.343466
2500.0,199.0,0.118638
2500.0,200.0,0.398742
2500.0,201.0,0.215502
2500.0,202.0,0.332899
2500.0,203.0,0.539379
2500.0,204.0,0.994678
2500.0,205.0,0.28922
2500.0,206.0,0.64328
2500.0,207.0,0.992951
2500.0,208.0,0.441583
2500.0,209.0,0.283246
2500.0,210.0,0.998873
2500.0,211.0,0.822729
2500.0,212.0,0.050178
2500.0,213.0,0.617299
2500.0,214.0,0.565328
2500.0,215.0,0.527061
2500.0,216.0,1.0
2500.0,217.0,0.667948
2500.0,218.0,0.0
2500.0,219.0,0.374033
2500.0,220.0,0.480452
2500.0,221.0,0.313637
2500.0,222.0,0.017533
2500.0,223.0,0.0
2500.0,224.0,0.548765
2500.0,225.0,0.863165
2500.0,226.0,0.60551
2500.0,227.0,0.670526
2500.0,228.0,0.111523
2500.0,229.0,0.282581
2500.0,230.0,0.999096
2500.0,231.0,0.58873
2500.0,232.0,0.323705
2500.0,233.0,0.24782
2500.0,234.0,0.291299
2500.0,235.0,0.432193
2500.0,236.0,0.79622
2500.0,237.0,0.122656
2500.0,238.0,0.877811
2500.0,239.0,0.266883
2500.0,240.0,0.583123
2500.0,241.0,0.325361
2500.0,242.0,0.243289
2500.0,243.0,0.776978
2500.0,244.0,0.55914
2500.0,245.0,0.002795
2500.0,246.0,0.184473
2500.0,247.0,0.282265
2500.0,248.0,0.160408
2500.0,249.0,0.003354
2500.0,250.0,0.789276
2500.0,251.0,0.646195
2500.0,252.0,0.628705
2500.0,253.0,0.587367
2500.0,254.0,0.976649
2500.0,255.0,0.671966
2500.0,256.0,0.879919
2500.0,257.0,0.291547
2500.0,258.0,1.0
2500.0,259.0,0.164784
2500.0,260.0,0.025603
2500.0,261.0,0.38292
2500.0,262.0,0.731969
2500.0,263.0,0.66594
2500.0,264.0,0.267924
2500.0,265.0,0.100408
2500.0,266.0,0.321483
2500.0,267.0,1.0
2500.0,268.0,0.436517
2500.0,269.0,0.382122
2500.0,270.0,0.335001
2500.0,271.0,0.377787
2500.0,272.0,0.675859
2500.0,273.0,0.617366
2500.0,274.0,0.157166
2500.0,275.0,0.223536
2500.0,276.0,0.897043
2500.0,277.0,0.438257
2500.0,278.0,0.452511
2500.0,279.0,0.22275
2500.0,280.0,0.365937
2500.0,281.0,0.00223
2500.0,282.0,0.976643
2500.0,283.0,0.120869
2500.0,284.0,0.916429
2500.0,285.0,0.205459
2500.0,286.0,0.266732
2500.0,287.0,0.300416
2500.0,288.0,0.647114
2500.0,289.0,0.352424
2500.0,290.0,0.580403
2500.0,291.0,0.833585
2500.0,292.0,0.0
2500.0,293.0,0.570279
2500.0,294.0,0.800205
2500.0,295.0,1.0
2500.0,296.0,0.939372
2500.0,297.0,0.002031
2500.0,298.0,0.438328
2500.0,299.0,0.161749
2500.0,300.0,0.124419
2500.0,301.0,0.086023
2500.0,302.0,0.382446
2500.0,303.0,0.568671
2500.0,304.0,0.646616
2500.0,305.0,0.6027
2500.0,306.0,0.283022
2500.0,307.0,0.400943
2500.0,308.0,0.081377
2500.0,309.0,0.52332
2500.0,310.0,0.161827
2500.0,311.0,0.469451
2500.0,312.0,0.175402
2500.0,313.0,0.748195
2500.0,314.0,0.176691
2500.0,315.0,0.0
2500.0,316.0,0.527857
2500.0,317.0,0.621784
2500.0,318.0,0.379403
2500.0,319.0,0.744073
2500.0,320.0,0.370921
2500.0,321.0,0.597287
2500.0,322.0,0.049232
2500.0,323.0,0.225114
2500.0,324.0,0.546989
2500.0,325.0,0.693015
2500.0,326.0,0.462409
2500.0,327.0,0.920197
2500.0,328.0,0.336931
2500.0,329.0,0.528897
2500.0,330.0,0.854177
2500.0,331.0,0.535324
2500.0,332.0,0.277344
2500.0,333.0,0.557361
2500.0,334.0,0.024558
2501.0,0.0,0.408999
2501.0,1.0,0.481067
2501.0,2.0,0.415769
2501.0,3.0,0.726291
2501.0,4.0,0.566763
2501.0,5.0,0.78988
2501.0,6.0,0.6203
2501.0,7.0,0.291777
2501.0,8.0,0.167925
2501.0,9.0,0.690334
2501.0,10.0,0.381823
2501.0,11.0,0.320975
2501.0,12.0,0.339944
2501.0,13.0,0.817701
2501.0,14.0,0.52264
2501.0,15.0,0.306428
2501.0,16.0,0.757641
2501.0,17.0,0.949232
2501.0,18.0,0.996441
2501.0,19.0,0.974877
2501.0,20.0,0.419377
2501.0,21.0,0.229469
2501.0,22.0,0.318835
2501.0,23.0,0.417199
2501.0,24.0,0.606728
2501.0,25.0,0.424896
2501.0,26.0,0.5957
2501.0,27.0,0.583415
2501.0,28.0,0.612828
2501.0,29.0,0.604866
2501.0,30.0,0.471684
2501.0,31.0,0.323484
2501.0,32.0,0.419318
2501.0,33.0,0.64689
2501.0,34.0,0.996144
2501.0,35.0,0.412793
2501.0,36.0,0.464001
2501.0,37.0,0.96419
2501.0,38.0,0.050478
2501.0,39.0,0.797816
2501.0,40.0,0.414821
2501.0,41.0,0.0
2501.0,42.0,0.692957
2501.0,43.0,0.400861
2501.0,44.0,0.131683
2501.0,45.0,0.475409
2501.0,46.0,0.668125
2501.0,47.0,0.0
2501.0,48.0,0.0
2501.0,49.0,0.517223
2501.0,50.0,1.0
2501.0,51.0,0.463624
2501.0,52.0,0.752548
2501.0,53.0,0.776553
2501.0,54.0,0.0
2501.0,55.0,0.48306
2501.0,56.0,0.602147
2501.0,57.0,0.471196
2501.0,58.0,0.0
2501.0,59.0,0.272529
2501.0,60.0,0.4742
2501.0,61.0,0.52403
2501.0,62.0,0.110673
2501.0,63.0,0.588577
2501.0,64.0,0.0
2501.0,65.0,0.997568
2501.0,66.0,0.077336
2501.0,67.0,0.164048
2501.0,68.0,0.320577
2501.0,69.0,0.0
2501.0,70.0,0.558624
2501.0,71.0,0.274686
2501.0,72.0,0.897882
2501.0,73.0,0.506175
2501.0,74.0,0.054602
2501.0,75.0,0.570108
2501.0,76.0,0.523028
2501.0,77.0,0.0
2501.0,78.0,0.000654
2501.0,79.0,0.491489
2501.0,80.0,0.024292
2501.0,81.0,0.400517
2501.0,82.0,0.092335
2501.0,83.0,0.904464
2501.0,84.0,0.57838
2501.0,85.0,0.208769
2501.0,86.0,0.584404
2501.0,87.0,0.823922
2501.0,88.0,0.863094
2501.0,89.0,0.327603
2501.0,90.0,0.480217
2501.0,91.0,0.400013
2501.0,92.0,0.317571
2501.0,93.0,0.962322
2501.0,94.0,0.021117
2501.0,95.0,0.610239
2501.0,96.0,0.378221
2501.0,97.0,1.0
2501.0,98.0,0.184491
2501.0,99.0,0.658018
2501.0,100.0,0.713096
2501.0,101.0,0.434815
2501.0,102.0,0.519551
2501.0,103.0,0.473856
2501.0,104.0,0.997555
2501.0,105.0,0.001489
2501.0,106.0,0.053803
2501.0,107.0,0.06604
2501.0,108.0,0.805843
2501.0,109.0,0.982933
2501.0,110.0,0.93365
2501.0,111.0,0.385071
2501.0,112.0,0.198847
2501.0,113.0,1.0
2501.0,114.0,0.000325
2501.0,115.0,0.408197
2501.0,116.0,0.128192
2501.0,117.0,0.3694
2501.0,118.0,0.0005
2501.0,119.0,0.292275
2501.0,120.0,0.282846
2501.0,121.0,0.443097
2501.0,122.0,0.029094
2501.0,123.0,0.349568
2501.0,124.0,1.0
2501.0,125.0,0.416058
2501.0,126.0,0.981268
2501.0,127.0,0.00068
2501.0,128.0,1.0
2501.0,129.0,1.2e-05
2501.0,130.0,0.576211
2501.0,131.0,0.442559
2501.0,132.0,1.0
2501.0,133.0,0.594949
2501.0,134.0,0.913513
2501.0,135.0,0.014541
2501.0,136.0,0.587362
2501.0,137.0,0.42365
2501.0,138.0,0.473677
2501.0,139.0,0.490724
2501.0,140.0,0.29454
2501.0,141.0,0.818968
2501.0,142.0,0.300921
2501.0,143.0,0.941243
2501.0,144.0,0.497698
2501.0,145.0,0.372555
2501.0,146.0,0.356506
2501.0,147.0,0.036893
2501.0,148.0,0.976193
2501.0,149.0,0.554013
2501.0,150.0,0.523734
2501.0,151.0,0.108478
2501.0,152.0,0.326781
2501.0,153.0,0.591352
2501.0,154.0,0.827057
2501.0,155.0,0.870705
2501.0,156.0,0.082367
2501.0,157.0,0.0
2501.0,158.0,0.673902
2501.0,159.0,0.640244
2501.0,160.0,0.576505
2501.0,161.0,0.190333
2501.0,162.0,0.303177
2501.0,163.0,0.308313
2501.0,164.0,0.276946
2501.0,165.0,0.814031
2501.0,166.0,0.611414
2501.0,167.0,0.856106
2501.0,168.0,0.918528
2501.0,169.0,0.089657
2501.0,170.0,0.587121
2501.0,171.0,0.658082
2501.0,172.0,0.998647
2501.0,173.0,0.0
2501.0,174.0,0.644312
2501.0,175.0,0.450785
2501.0,176.0,0.884921
2501.0,177.0,0.320696
2501.0,178.0,1.0
2501.0,179.0,0.489348
2501.0,180.0,0.486995
2501.0,181.0,0.843215
2501.0,182.0,0.358136
2501.0,183.0,0.0
2501.0,184.0,0.788972
2501.0,185.0,0.327731
2501.0,186.0,0.482307
2501.0,187.0,0.209426
2501.0,188.0,0.244461
2501.0,189.0,0.972264
2501.0,190.0,0.431177
2501.0,191.0,0.617774
2501.0,192.0,0.568116
2501.0,193.0,0.5552
2501.0,194.0,1.0
2501.0,195.0,0.176432
2501.0,196.0,0.794831
2501.0,197.0,0.735936
2501.0,198.0,0.346296
2501.0,199.0,0.119136
2501.0,200.0,0.402377
2501.0,201.0,0.22049
2501.0,202.0,0.341498
2501.0,203.0,0.542712
2501.0,204.0,0.99479
2501.0,205.0,0.290566
2501.0,206.0,0.643791
2501.0,207.0,0.993099
2501.0,208.0,0.471178
2501.0,209.0,0.283665
2501.0,210.0,0.998869
2501.0,211.0,0.823991
2501.0,212.0,0.049968
2501.0,213.0,0.624169
2501.0,214.0,0.566962
2501.0,215.0,0.527589
2501.0,216.0,1.0
2501.0,217.0,0.673167
2501.0,218.0,0.0
2501.0,219.0,0.379202
2501.0,220.0,0.481914
2501.0,221.0,0.327538
2501.0,222.0,0.01816
2501.0,223.0,0.0
2501.0,224.0,0.551615
2501.0,225.0,0.866213
2501.0,226.0,0.607435
2501.0,227.0,0.673957
2501.0,228.0,0.11293
2501.0,229.0,0.284708
2501.0,230.0,0.999129
2501.0,231.0,0.591067
2501.0,232.0,0.326117
2501.0,233.0,0.250354
2501.0,234.0,0.29579
2501.0,235.0,0.434052
2501.0,236.0,0.800811
2501.0,237.0,0.122364
2501.0,238.0,0.877765
2501.0,239.0,0.267187
2501.0,240.0,0.584412
2501.0,241.0,0.337015
2501.0,242.0,0.247168
2501.0,243.0,0.779676
2501.0,244.0,0.570329
2501.0,245.0,0.002971
2501.0,246.0,0.185579
2501.0,247.0,0.285729
2501.0,248.0,0.161975
2501.0,249.0,0.003401
2501.0,250.0,0.791904
2501.0,251.0,0.65262
2501.0,252.0,0.632607
2501.0,253.0,0.58957
2501.0,254.0,0.978481
2501.0,255.0,0.672468
2501.0,256.0,0.883985
2501.0,257.0,0.298101
2501.0,258.0,1.0
2501.0,259.0,0.166228
2501.0,260.0,0.026027
2501.0,261.0,0.383497
2501.0,262.0,0.738692
2501.0,263.0,0.672382
2501.0,264.0,0.269244
2501.0,265.0,0.101846
2501.0,266.0,0.322487
2501.0,267.0,1.0
2501.0,268.0,0.437175
2501.0,269.0,0.39731
2501.0,270.0,0.336514
2501.0,271.0,0.390656
2501.0,272.0,0.677829
2501.0,273.0,0.620593
2501.0,274.0,0.157964
2501.0,275.0,0.224418
2501.0,276.0,0.897914
2501.0,277.0,0.439773
2501.0,278.0,0.457954
2501.0,279.0,0.224011
2501.0,280.0,0.368351
2501.0,281.0,0.002162
2501.0,282.0,0.977224
2501.0,283.0,0.122044
2501.0,284.0,0.917356
2501.0,285.0,0.208539
2501.0,286.0,0.268636
2501.0,287.0,0.303212
2501.0,288.0,0.650254
2501.0,289.0,0.352834
2501.0,290.0,0.583206
2501.0,291.0,0.834427
2501.0,292.0,0.0
2501.0,293.0,0.573818
2501.0,294.0,0.800629
2501.0,295.0,1.0
2501.0,296.0,0.940732
2501.0,297.0,0.002069
2501.0,298.0,0.457521
2501.0,299.0,0.163108
2501.0,300.0,0.125886
2501.0,301.0,0.086393
2501.0,302.0,0.383057
2501.0,303.0,0.573929
2501.0,304.0,0.656546
2501.0,305.0,0.603351
2501.0,306.0,0.299044
2501.0,307.0,0.403286
2501.0,308.0,0.084536
2501.0,309.0,0.525986
2501.0,310.0,0.16576
2501.0,311.0,0.477274
2501.0,312.0,0.179189
2501.0,313.0,0.751723
2501.0,314.0,0.177679
2501.0,315.0,0.0
2501.0,316.0,0.528281
2501.0,317.0,0.626235
2501.0,318.0,0.379945
2501.0,319.0,0.747333
2501.0,320.0,0.373776
2501.0,321.0,0.600806
2501.0,322.0,0.04953
2501.0,323.0,0.226863
2501.0,324.0,0.554896
2501.0,325.0,0.692713
2501.0,326.0,0.463173
2501.0,327.0,0.921355
2501.0,328.0,0.344557
2501.0,329.0,0.534397
2501.0,330.0,0.856004
2501.0,331.0,0.541302
2501.0,332.0,0.280739
2501.0,333.0,0.5615
2501.0,334.0,0.024679
2502.0,0.0,0.410097
2502.0,1.0,0.481761
2502.0,2.0,0.419321
2502.0,3.0,0.726384
2502.0,4.0,0.572518
2502.0,5.0,0.790465
2502.0,6.0,0.625457
2502.0,7.0,0.296205
2502.0,8.0,0.167759
2502.0,9.0,0.693499
2502.0,10.0,0.385138
2502.0,11.0,0.324147
2502.0,12.0,0.345865
2502.0,13.0,0.818096
2502.0,14.0,0.523709
2502.0,15.0,0.309275
2502.0,16.0,0.758916
2502.0,17.0,0.95055
2502.0,18.0,0.996641
2502.0,19.0,0.976152
2502.0,20.0,0.423054
2502.0,21.0,0.230297
2502.0,22.0,0.33382
2502.0,23.0,0.417743
2502.0,24.0,0.609367
2502.0,25.0,0.425126
2502.0,26.0,0.600215
2502.0,27.0,0.585684
2502.0,28.0,0.616099
2502.0,29.0,0.609442
2502.0,30.0,0.47891
2502.0,31.0,0.32393
2502.0,32.0,0.426316
2502.0,33.0,0.648395
2502.0,34.0,0.996358
2502.0,35.0,0.416143
2502.0,36.0,0.464552
2502.0,37.0,0.964477
2502.0,38.0,0.073205
2502.0,39.0,0.798547
2502.0,40.0,0.420056
2502.0,41.0,0.0
2502.0,42.0,0.693708
2502.0,43.0,0.402188
2502.0,44.0,0.138669
2502.0,45.0,0.476985
2502.0,46.0,0.670078
2502.0,47.0,0.0
2502.0,48.0,0.0
2502.0,49.0,0.518193
2502.0,50.0,1.0
2502.0,51.0,0.472323
2502.0,52.0,0.755137
2502.0,53.0,0.777478
2502.0,54.0,0.0
2502.0,55.0,0.488726
2502.0,56.0,0.604746
2502.0,57.0,0.471537
2502.0,58.0,0.0
2502.0,59.0,0.274855
2502.0,60.0,0.476854
2502.0,61.0,0.525285
2502.0,62.0,0.112321
2502.0,63.0,0.591446
2502.0,64.0,0.0
2502.0,65.0,0.997521
2502.0,66.0,0.078197
2502.0,67.0,0.165071
2502.0,68.0,0.321412
2502.0,69.0,0.0
2502.0,70.0,0.565365
2502.0,71.0,0.277747
2502.0,72.0,0.898593
2502.0,73.0,0.509901
2502.0,74.0,0.055185
2502.0,75.0,0.574657
2502.0,76.0,0.524147
2502.0,77.0,0.0
2502.0,78.0,0.000689
2502.0,79.0,0.492697
2502.0,80.0,0.025459
2502.0,81.0,0.403071
2502.0,82.0,0.093358
2502.0,83.0,0.905569
2502.0,84.0,0.581274
2502.0,85.0,0.209677
2502.0,86.0,0.592423
2502.0,87.0,0.826361
2502.0,88.0,0.863945
2502.0,89.0,0.328313
2502.0,90.0,0.480518
2502.0,91.0,0.402243
2502.0,92.0,0.321937
2502.0,93.0,0.96259
2502.0,94.0,0.021342
2502.0,95.0,0.615429
2502.0,96.0,0.379191
2502.0,97.0,1.0
2502.0,98.0,0.187747
2502.0,99.0,0.659967
2502.0,100.0,0.713454
2502.0,101.0,0.436854
2502.0,102.0,0.522
2502.0,103.0,0.475923
2502.0,104.0,0.997551
2502.0,105.0,0.00156
2502.0,106.0,0.05438
2502.0,107.0,0.065887
2502.0,108.0,0.808435
2502.0,109.0,0.98289
2502.0,110.0,0.935696
2502.0,111.0,0.388629
2502.0,112.0,0.20045
2502.0,113.0,1.0
2502.0,114.0,0.000317
2502.0,115.0,0.410061
2502.0,116.0,0.128923
2502.0,117.0,0.373042
2502.0,118.0,0.000521
2502.0,119.0,0.292015
2502.0,120.0,0.285188
2502.0,121.0,0.445496
2502.0,122.0,0.029464
2502.0,123.0,0.355708
2502.0,124.0,1.0
2502.0,125.0,0.417346
2502.0,126.0,0.981503
2502.0,127.0,0.000677
2502.0,128.0,1.0
2502.0,129.0,4.0e-06
2502.0,130.0,0.57654
2502.0,131.0,0.444246
2502.0,132.0,1.0
2502.0,133.0,0.597406
2502.0,134.0,0.914466
2502.0,135.0,0.015286
2502.0,136.0,0.601048
2502.0,137.0,0.427
2502.0,138.0,0.473932
2502.0,139.0,0.494375
2502.0,140.0,0.307655
2502.0,141.0,0.82034
2502.0,142.0,0.303412
2502.0,143.0,0.941826
2502.0,144.0,0.501725
2502.0,145.0,0.375521
2502.0,146.0,0.358397
2502.0,147.0,0.037107
2502.0,148.0,0.976796
2502.0,149.0,0.555816
2502.0,150.0,0.52568
2502.0,151.0,0.11056
2502.0,152.0,0.329839
2502.0,153.0,0.591736
2502.0,154.0,0.828819
2502.0,155.0,0.871639
2502.0,156.0,0.082975
2502.0,157.0,0.0
2502.0,158.0,0.675615
2502.0,159.0,0.644674
2502.0,160.0,0.578926
2502.0,161.0,0.193354
2502.0,162.0,0.305626
2502.0,163.0,0.309855
2502.0,164.0,0.279196
2502.0,165.0,0.814414
2502.0,166.0,0.615993
2502.0,167.0,0.862684
2502.0,168.0,0.919923
2502.0,169.0,0.089986
2502.0,170.0,0.589514
2502.0,171.0,0.664226
2502.0,172.0,0.998628
2502.0,173.0,0.0
2502.0,174.0,0.646285
2502.0,175.0,0.45487
2502.0,176.0,0.887128
2502.0,177.0,0.321526
2502.0,178.0,1.0
2502.0,179.0,0.492384
2502.0,180.0,0.489948
2502.0,181.0,0.843838
2502.0,182.0,0.357907
2502.0,183.0,0.0
2502.0,184.0,0.792017
2502.0,185.0,0.328737
2502.0,186.0,0.501974
2502.0,187.0,0.209357
2502.0,188.0,0.248164
2502.0,189.0,0.972516
2502.0,190.0,0.433096
2502.0,191.0,0.621277
2502.0,192.0,0.568595
2502.0,193.0,0.55756
2502.0,194.0,1.0
2502.0,195.0,0.177103
2502.0,196.0,0.806565
2502.0,197.0,0.739276
2502.0,198.0,0.348769
2502.0,199.0,0.119242
2502.0,200.0,0.405445
2502.0,201.0,0.225409
2502.0,202.0,0.349866
2502.0,203.0,0.546569
2502.0,204.0,0.995081
2502.0,205.0,0.292662
2502.0,206.0,0.644852
2502.0,207.0,0.993135
2502.0,208.0,0.498662
2502.0,209.0,0.284985
2502.0,210.0,0.998862
2502.0,211.0,0.82516
2502.0,212.0,0.050066
2502.0,213.0,0.631307
2502.0,214.0,0.569417
2502.0,215.0,0.528984
2502.0,216.0,1.0
2502.0,217.0,0.677134
2502.0,218.0,0.0
2502.0,219.0,0.385007
2502.0,220.0,0.483385
2502.0,221.0,0.342145
2502.0,222.0,0.018809
2502.0,223.0,0.0
2502.0,224.0,0.553431
2502.0,225.0,0.868214
2502.0,226.0,0.60889
2502.0,227.0,0.676814
2502.0,228.0,0.114654
2502.0,229.0,0.287511
2502.0,230.0,0.999213
2502.0,231.0,0.593996
2502.0,232.0,0.328133
2502.0,233.0,0.252666
2502.0,234.0,0.30072
2502.0,235.0,0.435601
2502.0,236.0,0.804971
2502.0,237.0,0.121956
2502.0,238.0,0.877834
2502.0,239.0,0.267834
2502.0,240.0,0.586613
2502.0,241.0,0.348277
2502.0,242.0,0.251861
2502.0,243.0,0.782366
2502.0,244.0,0.581257
2502.0,245.0,0.003051
2502.0,246.0,0.187364
2502.0,247.0,0.288804
2502.0,248.0,0.162938
2502.0,249.0,0.003482
2502.0,250.0,0.794961
2502.0,251.0,0.658536
2502.0,252.0,0.636058
2502.0,253.0,0.591577
2502.0,254.0,0.980475
2502.0,255.0,0.672719
2502.0,256.0,0.888479
2502.0,257.0,0.305101
2502.0,258.0,1.0
2502.0,259.0,0.167914
2502.0,260.0,0.026198
2502.0,261.0,0.383911
2502.0,262.0,0.745856
2502.0,263.0,0.679393
2502.0,264.0,0.271655
2502.0,265.0,0.102658
2502.0,266.0,0.323834
2502.0,267.0,1.0
2502.0,268.0,0.439024
2502.0,269.0,0.412669
2502.0,270.0,0.338712
2502.0,271.0,0.403681
2502.0,272.0,0.679964
2502.0,273.0,0.62384
2502.0,274.0,0.158352
2502.0,275.0,0.225358
2502.0,276.0,0.898184
2502.0,277.0,0.442138
2502.0,278.0,0.462389
2502.0,279.0,0.22518
2502.0,280.0,0.369757
2502.0,281.0,0.002102
2502.0,282.0,0.977399
2502.0,283.0,0.123249
2502.0,284.0,0.917637
2502.0,285.0,0.211539
2502.0,286.0,0.271061
2502.0,287.0,0.305188
2502.0,288.0,0.652686
2502.0,289.0,0.353238
2502.0,290.0,0.585837
2502.0,291.0,0.834753
2502.0,292.0,0.0
2502.0,293.0,0.577583
2502.0,294.0,0.801211
2502.0,295.0,1.0
2502.0,296.0,0.94115
2502.0,297.0,0.002071
2502.0,298.0,0.476458
2502.0,299.0,0.164223
2502.0,300.0,0.12775
2502.0,301.0,0.087802
2502.0,302.0,0.383858
2502.0,303.0,0.578711
2502.0,304.0,0.665348
2502.0,305.0,0.604096
2502.0,306.0,0.314092
2502.0,307.0,0.405977
2502.0,308.0,0.087421
2502.0,309.0,0.527332
2502.0,310.0,0.170319
2502.0,311.0,0.485635
2502.0,312.0,0.18256
2502.0,313.0,0.755124
2502.0,314.0,0.178375
2502.0,315.0,0.0
2502.0,316.0,0.528729
2502.0,317.0,0.630601
2502.0,318.0,0.380578
2502.0,319.0,0.749834
2502.0,320.0,0.376866
2502.0,321.0,0.604598
2502.0,322.0,0.049439
2502.0,323.0,0.228723
2502.0,324.0,0.563156
2502.0,325.0,0.693387
2502.0,326.0,0.463213
2502.0,327.0,0.922234
2502.0,328.0,0.352764
2502.0,329.0,0.539029
2502.0,330.0,0.856908
2502.0,331.0,0.547425
2502.0,332.0,0.284283
2502.0,333.0,0.565504
2502.0,334.0,0.024917
2503.0,0.0,0.411738
2503.0,1.0,0.482526
2503.0,2.0,0.424037
2503.0,3.0,0.726742
2503.0,4.0,0.576909
2503.0,5.0,0.790121
2503.0,6.0,0.630024
2503.0,7.0,0.299999
2503.0,8.0,0.167895
2503.0,9.0,0.695677
2503.0,10.0,0.387587
2503.0,11.0,0.326532
2503.0,12.0,0.352255
2503.0,13.0,0.81934
2503.0,14.0,0.525359
2503.0,15.0,0.312232
2503.0,16.0,0.760711
2503.0,17.0,0.951458
2503.0,18.0,0.996733
2503.0,19.0,0.977477
2503.0,20.0,0.427775
2503.0,21.0,0.230026
2503.0,22.0,0.347932
2503.0,23.0,0.418504
2503.0,24.0,0.612162
2503.0,25.0,0.424251
2503.0,26.0,0.604053
2503.0,27.0,0.587432
2503.0,28.0,0.618535
2503.0,29.0,0.613138
2503.0,30.0,0.485456
2503.0,31.0,0.324185
2503.0,32.0,0.432802
2503.0,33.0,0.649454
2503.0,34.0,0.996636
2503.0,35.0,0.422248
2503.0,36.0,0.465115
2503.0,37.0,0.964766
2503.0,38.0,0.103548
2503.0,39.0,0.800262
2503.0,40.0,0.425318
2503.0,41.0,0.0
2503.0,42.0,0.694264
2503.0,43.0,0.40394
2503.0,44.0,0.146655
2503.0,45.0,0.479284
2503.0,46.0,0.672425
2503.0,47.0,0.0
2503.0,48.0,0.0
2503.0,49.0,0.519131
2503.0,50.0,1.0
2503.0,51.0,0.481027
2503.0,52.0,0.757687
2503.0,53.0,0.778836
2503.0,54.0,0.0
2503.0,55.0,0.494856
2503.0,56.0,0.607161
2503.0,57.0,0.471511
2503.0,58.0,0.0
2503.0,59.0,0.276872
2503.0,60.0,0.478408
2503.0,61.0,0.525887
2503.0,62.0,0.114045
2503.0,63.0,0.593935
2503.0,64.0,0.0
2503.0,65.0,0.997568
2503.0,66.0,0.079363
2503.0,67.0,0.166135
2503.0,68.0,0.323098
2503.0,69.0,0.0
2503.0,70.0,0.571841
2503.0,71.0,0.280772
2503.0,72.0,0.898847
2503.0,73.0,0.513
2503.0,74.0,0.055219
2503.0,75.0,0.579372
2503.0,76.0,0.525957
2503.0,77.0,0.0
2503.0,78.0,0.000671
2503.0,79.0,0.494277
2503.0,80.0,0.026532
2503.0,81.0,0.406356
2503.0,82.0,0.09444
2503.0,83.0,0.906816
2503.0,84.0,0.584597
2503.0,85.0,0.211571
2503.0,86.0,0.599522
2503.0,87.0,0.82906
2503.0,88.0,0.864708
2503.0,89.0,0.328385
2503.0,90.0,0.481343
2503.0,91.0,0.404667
2503.0,92.0,0.32684
2503.0,93.0,0.962686
2503.0,94.0,0.0217
2503.0,95.0,0.620508
2503.0,96.0,0.380359
2503.0,97.0,1.0
2503.0,98.0,0.190643
2503.0,99.0,0.661245
2503.0,100.0,0.713752
2503.0,101.0,0.44042
2503.0,102.0,0.524373
2503.0,103.0,0.477967
2503.0,104.0,0.997578
2503.0,105.0,0.001574
2503.0,106.0,0.054303
2503.0,107.0,0.065919
2503.0,108.0,0.810923
2503.0,109.0,0.982928
2503.0,110.0,0.937121
2503.0,111.0,0.392554
2503.0,112.0,0.202254
2503.0,113.0,1.0
2503.0,114.0,0.000335
2503.0,115.0,0.410841
2503.0,116.0,0.129615
2503.0,117.0,0.376572
2503.0,118.0,0.000559
2503.0,119.0,0.29227
2503.0,120.0,0.287146
2503.0,121.0,0.448158
2503.0,122.0,0.029904
2503.0,123.0,0.362055
2503.0,124.0,1.0
2503.0,125.0,0.418622
2503.0,126.0,0.981886
2503.0,127.0,0.000707
2503.0,128.0,1.0
2503.0,129.0,3.0e-06
2503.0,130.0,0.576888
2503.0,131.0,0.445883
2503.0,132.0,1.0
2503.0,133.0,0.599604
2503.0,134.0,0.915762
2503.0,135.0,0.016241
2503.0,136.0,0.61585
2503.0,137.0,0.429944
2503.0,138.0,0.474771
2503.0,139.0,0.497415
2503.0,140.0,0.32107
2503.0,141.0,0.821429
2503.0,142.0,0.305597
2503.0,143.0,0.942072
2503.0,144.0,0.505976
2503.0,145.0,0.378228
2503.0,146.0,0.359988
2503.0,147.0,0.037482
2503.0,148.0,0.977075
2503.0,149.0,0.55814
2503.0,150.0,0.528452
2503.0,151.0,0.112233
2503.0,152.0,0.330959
2503.0,153.0,0.592079
2503.0,154.0,0.830264
2503.0,155.0,0.872142
2503.0,156.0,0.084324
2503.0,157.0,0.0
2503.0,158.0,0.676324
2503.0,159.0,0.650042
2503.0,160.0,0.581083
2503.0,161.0,0.195731
2503.0,162.0,0.309186
2503.0,163.0,0.311699
2503.0,164.0,0.282145
2503.0,165.0,0.813987
2503.0,166.0,0.620408
2503.0,167.0,0.868662
2503.0,168.0,0.92099
2503.0,169.0,0.091033
2503.0,170.0,0.589842
2503.0,171.0,0.669667
2503.0,172.0,0.998682
2503.0,173.0,0.0
2503.0,174.0,0.649051
2503.0,175.0,0.458169
2503.0,176.0,0.888855
2503.0,177.0,0.322077
2503.0,178.0,1.0
2503.0,179.0,0.494727
2503.0,180.0,0.491643
2503.0,181.0,0.844749
2503.0,182.0,0.35862
2503.0,183.0,0.0
2503.0,184.0,0.795058
2503.0,185.0,0.330316
2503.0,186.0,0.521614
2503.0,187.0,0.210191
2503.0,188.0,0.251173
2503.0,189.0,0.972718
2503.0,190.0,0.434818
2503.0,191.0,0.624535
2503.0,192.0,0.570387
2503.0,193.0,0.561007
2503.0,194.0,1.0
2503.0,195.0,0.177599
2503.0,196.0,0.817566
2503.0,197.0,0.742824
2503.0,198.0,0.350835
2503.0,199.0,0.119627
2503.0,200.0,0.408855
2503.0,201.0,0.230245
2503.0,202.0,0.358317
2503.0,203.0,0.550199
2503.0,204.0,0.995369
2503.0,205.0,0.293919
2503.0,206.0,0.645756
2503.0,207.0,0.993194
2503.0,208.0,0.52455
2503.0,209.0,0.286099
2503.0,210.0,0.998943
2503.0,211.0,0.826139
2503.0,212.0,0.050461
2503.0,213.0,0.637458
2503.0,214.0,0.570972
2503.0,215.0,0.5311
2503.0,216.0,1.0
2503.0,217.0,0.682328
2503.0,218.0,0.0
2503.0,219.0,0.390403
2503.0,220.0,0.486249
2503.0,221.0,0.355373
2503.0,222.0,0.019315
2503.0,223.0,0.0
2503.0,224.0,0.555454
2503.0,225.0,0.870175
2503.0,226.0,0.609842
2503.0,227.0,0.680396
2503.0,228.0,0.116433
2503.0,229.0,0.289899
2503.0,230.0,0.999254
2503.0,231.0,0.597031
2503.0,232.0,0.331143
2503.0,233.0,0.254443
2503.0,234.0,0.305617
2503.0,235.0,0.43633
2503.0,236.0,0.80981
2503.0,237.0,0.121368
2503.0,238.0,0.879076
2503.0,239.0,0.268328
2503.0,240.0,0.588339
2503.0,241.0,0.359181
2503.0,242.0,0.256123
2503.0,243.0,0.785789
2503.0,244.0,0.593132
2503.0,245.0,0.00302
2503.0,246.0,0.188673
2503.0,247.0,0.291261
2503.0,248.0,0.164549
2503.0,249.0,0.003498
2503.0,250.0,0.797013
2503.0,251.0,0.663653
2503.0,252.0,0.639336
2503.0,253.0,0.593108
2503.0,254.0,0.982134
2503.0,255.0,0.673071
2503.0,256.0,0.892172
2503.0,257.0,0.313027
2503.0,258.0,1.0
2503.0,259.0,0.16861
2503.0,260.0,0.026685
2503.0,261.0,0.38526
2503.0,262.0,0.751879
2503.0,263.0,0.685482
2503.0,264.0,0.273055
2503.0,265.0,0.104461
2503.0,266.0,0.324732
2503.0,267.0,1.0
2503.0,268.0,0.440839
2503.0,269.0,0.427279
2503.0,270.0,0.339869
2503.0,271.0,0.41728
2503.0,272.0,0.681575
2503.0,273.0,0.626621
2503.0,274.0,0.159167
2503.0,275.0,0.227492
2503.0,276.0,0.898783
2503.0,277.0,0.443344
2503.0,278.0,0.467471
2503.0,279.0,0.226785
2503.0,280.0,0.371174
2503.0,281.0,0.002182
2503.0,282.0,0.977773
2503.0,283.0,0.124507
2503.0,284.0,0.918655
2503.0,285.0,0.214403
2503.0,286.0,0.273616
2503.0,287.0,0.306812
2503.0,288.0,0.655256
2503.0,289.0,0.353765
2503.0,290.0,0.590053
2503.0,291.0,0.835275
2503.0,292.0,0.0
2503.0,293.0,0.580798
2503.0,294.0,0.802174
2503.0,295.0,1.0
2503.0,296.0,0.941838
2503.0,297.0,0.002165
2503.0,298.0,0.494966
2503.0,299.0,0.164914
2503.0,300.0,0.129346
2503.0,301.0,0.088805
2503.0,302.0,0.384959
2503.0,303.0,0.583759
2503.0,304.0,0.674836
2503.0,305.0,0.60378
2503.0,306.0,0.329211
2503.0,307.0,0.409005
2503.0,308.0,0.090513
2503.0,309.0,0.529377
2503.0,310.0,0.175288
2503.0,311.0,0.493785
2503.0,312.0,0.185827
2503.0,313.0,0.758755
2503.0,314.0,0.179089
2503.0,315.0,0.0
2503.0,316.0,0.528905
2503.0,317.0,0.634318
2503.0,318.0,0.381103
2503.0,319.0,0.752556
2503.0,320.0,0.380224
2503.0,321.0,0.608709
2503.0,322.0,0.049749
2503.0,323.0,0.229124
2503.0,324.0,0.570961
2503.0,325.0,0.694224
2503.0,326.0,0.463488
2503.0,327.0,0.923691
2503.0,328.0,0.36034
2503.0,329.0,0.54376
2503.0,330.0,0.858942
2503.0,331.0,0.553372
2503.0,332.0,0.287306
2503.0,333.0,0.569221
2503.0,334.0,0.025128
2504.0,0.0,0.412608
2504.0,1.0,0.483779
2504.0,2.0,0.427211
2504.0,3.0,0.727294
2504.0,4.0,0.58102
2504.0,5.0,0.79034
2504.0,6.0,0.634602
2504.0,7.0,0.303355
2504.0,8.0,0.16774
2504.0,9.0,0.69799
2504.0,10.0,0.390013
2504.0,11.0,0.328602
2504.0,12.0,0.357528
2504.0,13.0,0.819753
2504.0,14.0,0.526376
2504.0,15.0,0.315495
2504.0,16.0,0.761947
2504.0,17.0,0.952299
2504.0,18.0,0.996666
2504.0,19.0,0.978672
2504.0,20.0,0.432521
2504.0,21.0,0.230259
2504.0,22.0,0.361676
2504.0,23.0,0.419389
2504.0,24.0,0.614683
2504.0,25.0,0.423998
2504.0,26.0,0.60759
2504.0,27.0,0.589466
2504.0,28.0,0.622236
2504.0,29.0,0.618138
2504.0,30.0,0.491508
2504.0,31.0,0.32419
2504.0,32.0,0.438517
2504.0,33.0,0.65053
2504.0,34.0,0.996836
2504.0,35.0,0.427701
2504.0,36.0,0.466352
2504.0,37.0,0.965131
2504.0,38.0,0.142679
2504.0,39.0,0.801855
2504.0,40.0,0.429245
2504.0,41.0,0.0
2504.0,42.0,0.694237
2504.0,43.0,0.404202
2504.0,44.0,0.155227
2504.0,45.0,0.48043
2504.0,46.0,0.67351
2504.0,47.0,0.0
2504.0,48.0,0.0
2504.0,49.0,0.520942
2504.0,50.0,1.0
2504.0,51.0,0.488659
2504.0,52.0,0.761228
2504.0,53.0,0.780381
2504.0,54.0,0.0
2504.0,55.0,0.499857
2504.0,56.0,0.609678
2504.0,57.0,0.471247
2504.0,58.0,0.0
2504.0,59.0,0.279845
2504.0,60.0,0.480719
2504.0,61.0,0.525876
2504.0,62.0,0.116172
2504.0,63.0,0.596394
2504.0,64.0,0.0
2504.0,65.0,0.997592
2504.0,66.0,0.08017
2504.0,67.0,0.166813
2504.0,68.0,0.32572
2504.0,69.0,0.0
2504.0,70.0,0.577935
2504.0,71.0,0.282901
2504.0,72.0,0.900043
2504.0,73.0,0.517042
2504.0,74.0,0.055838
2504.0,75.0,0.583018
2504.0,76.0,0.526941
2504.0,77.0,0.0
2504.0,78.0,0.000671
2504.0,79.0,0.494888
2504.0,80.0,0.027811
2504.0,81.0,0.408645
2504.0,82.0,0.095779
2504.0,83.0,0.90773
2504.0,84.0,0.586713
2504.0,85.0,0.213585
2504.0,86.0,0.6078
2504.0,87.0,0.831316
2504.0,88.0,0.86486
2504.0,89.0,0.32869
2504.0,90.0,0.481649
2504.0,91.0,0.407035
2504.0,92.0,0.331235
2504.0,93.0,0.963023
2504.0,94.0,0.022014
2504.0,95.0,0.625633
2504.0,96.0,0.38145
2504.0,97.0,1.0
2504.0,98.0,0.193747
2504.0,99.0,0.663012
2504.0,100.0,0.714936
2504.0,101.0,0.443867
2504.0,102.0,0.526676
2504.0,103.0,0.48067
2504.0,104.0,0.99771
2504.0,105.0,0.001554
2504.0,106.0,0.05419
2504.0,107.0,0.065912
2504.0,108.0,0.813241
2504.0,109.0,0.983067
2504.0,110.0,0.938794
2504.0,111.0,0.396163
2504.0,112.0,0.20386
2504.0,113.0,1.0
2504.0,114.0,0.000333
2504.0,115.0,0.410845
2504.0,116.0,0.130253
2504.0,117.0,0.380917
2504.0,118.0,0.000554
2504.0,119.0,0.292688
2504.0,120.0,0.289414
2504.0,121.0,0.450376
2504.0,122.0,0.030284
2504.0,123.0,0.369326
2504.0,124.0,1.0
2504.0,125.0,0.42016
2504.0,126.0,0.982197
2504.0,127.0,0.000665
2504.0,128.0,1.0
2504.0,129.0,4.0e-06
2504.0,130.0,0.577228
2504.0,131.0,0.44856
2504.0,132.0,1.0
2504.0,133.0,0.601848
2504.0,134.0,0.91698
2504.0,135.0,0.017332
2504.0,136.0,0.628764
2504.0,137.0,0.433032
2504.0,138.0,0.475103
2504.0,139.0,0.500664
2504.0,140.0,0.335471
2504.0,141.0,0.823128
2504.0,142.0,0.307811
2504.0,143.0,0.942272
2504.0,144.0,0.509634
2504.0,145.0,0.381658
2504.0,146.0,0.361985
2504.0,147.0,0.037827
2504.0,148.0,0.977519
2504.0,149.0,0.560754
2504.0,150.0,0.531149
2504.0,151.0,0.114658
2504.0,152.0,0.332414
2504.0,153.0,0.593549
2504.0,154.0,0.832303
2504.0,155.0,0.873073
2504.0,156.0,0.085227
2504.0,157.0,0.0
2504.0,158.0,0.676908
2504.0,159.0,0.654677
2504.0,160.0,0.583099
2504.0,161.0,0.198423
2504.0,162.0,0.312163
2504.0,163.0,0.313253
2504.0,164.0,0.284239
2504.0,165.0,0.814362
2504.0,166.0,0.625631
2504.0,167.0,0.874087
2504.0,168.0,0.922349
2504.0,169.0,0.091496
2504.0,170.0,0.591217
2504.0,171.0,0.674228
2504.0,172.0,0.998639
2504.0,173.0,0.0
2504.0,174.0,0.650278
2504.0,175.0,0.461397
2504.0,176.0,0.890436
2504.0,177.0,0.322546
2504.0,178.0,1.0
2504.0,179.0,0.497603
2504.0,180.0,0.494895
2504.0,181.0,0.845128
2504.0,182.0,0.359146
2504.0,183.0,0.0
2504.0,184.0,0.798374
2504.0,185.0,0.331291
2504.0,186.0,0.540923
2504.0,187.0,0.210827
2504.0,188.0,0.255269
2504.0,189.0,0.973089
2504.0,190.0,0.437697
2504.0,191.0,0.628096
2504.0,192.0,0.571732
2504.0,193.0,0.563153
2504.0,194.0,1.0
2504.0,195.0,0.178466
2504.0,196.0,0.827474
2504.0,197.0,0.7465
2504.0,198.0,0.353658
2504.0,199.0,0.119664
2504.0,200.0,0.411735
2504.0,201.0,0.23486
2504.0,202.0,0.367311
2504.0,203.0,0.55342
2504.0,204.0,0.995531
2504.0,205.0,0.295066
2504.0,206.0,0.645823
2504.0,207.0,0.993279
2504.0,208.0,0.548814
2504.0,209.0,0.286591
2504.0,210.0,0.998924
2504.0,211.0,0.82733
2504.0,212.0,0.051012
2504.0,213.0,0.644485
2504.0,214.0,0.573624
2504.0,215.0,0.532706
2504.0,216.0,1.0
2504.0,217.0,0.686691
2504.0,218.0,0.0
2504.0,219.0,0.397014
2504.0,220.0,0.488066
2504.0,221.0,0.368732
2504.0,222.0,0.020063
2504.0,223.0,0.0
2504.0,224.0,0.556792
2504.0,225.0,0.872411
2504.0,226.0,0.610289
2504.0,227.0,0.683502
2504.0,228.0,0.118309
2504.0,229.0,0.291721
2504.0,230.0,0.999263
2504.0,231.0,0.598867
2504.0,232.0,0.333707
2504.0,233.0,0.256939
2504.0,234.0,0.309464
2504.0,235.0,0.437236
2504.0,236.0,0.812929
2504.0,237.0,0.121621
2504.0,238.0,0.879645
2504.0,239.0,0.269239
2504.0,240.0,0.589271
2504.0,241.0,0.370253
2504.0,242.0,0.261148
2504.0,243.0,0.787998
2504.0,244.0,0.603824
2504.0,245.0,0.00306
2504.0,246.0,0.190536
2504.0,247.0,0.293546
2504.0,248.0,0.165772
2504.0,249.0,0.003587
2504.0,250.0,0.799428
2504.0,251.0,0.669935
2504.0,252.0,0.642512
2504.0,253.0,0.595632
2504.0,254.0,0.983773
2504.0,255.0,0.67376
2504.0,256.0,0.895624
2504.0,257.0,0.319288
2504.0,258.0,1.0
2504.0,259.0,0.169565
2504.0,260.0,0.026781
2504.0,261.0,0.385017
2504.0,262.0,0.758964
2504.0,263.0,0.692061
2504.0,264.0,0.274724
2504.0,265.0,0.105227
2504.0,266.0,0.325389
2504.0,267.0,1.0
2504.0,268.0,0.441571
2504.0,269.0,0.442179
2504.0,270.0,0.341389
2504.0,271.0,0.429932
2504.0,272.0,0.683018
2504.0,273.0,0.628667
2504.0,274.0,0.159021
2504.0,275.0,0.228515
2504.0,276.0,0.89934
2504.0,277.0,0.445298
2504.0,278.0,0.473708
2504.0,279.0,0.22819
2504.0,280.0,0.373254
2504.0,281.0,0.002188
2504.0,282.0,0.978156
2504.0,283.0,0.125743
2504.0,284.0,0.919397
2504.0,285.0,0.21764
2504.0,286.0,0.276324
2504.0,287.0,0.309386
2504.0,288.0,0.658661
2504.0,289.0,0.35469
2504.0,290.0,0.59308
2504.0,291.0,0.835694
2504.0,292.0,0.0
2504.0,293.0,0.583738
2504.0,294.0,0.802704
2504.0,295.0,1.0
2504.0,296.0,0.942701
2504.0,297.0,0.002243
2504.0,298.0,0.513312
2504.0,299.0,0.165965
2504.0,300.0,0.130708
2504.0,301.0,0.089586
2504.0,302.0,0.385023
2504.0,303.0,0.587424
2504.0,304.0,0.683405
2504.0,305.0,0.605578
2504.0,306.0,0.343503
2504.0,307.0,0.411806
2504.0,308.0,0.093849
2504.0,309.0,0.531123
2504.0,310.0,0.180467
2504.0,311.0,0.501998
2504.0,312.0,0.189395
2504.0,313.0,0.762465
2504.0,314.0,0.179635
2504.0,315.0,0.0
2504.0,316.0,0.529337
2504.0,317.0,0.637429
2504.0,318.0,0.380826
2504.0,319.0,0.75498
2504.0,320.0,0.38414
2504.0,321.0,0.611972
2504.0,322.0,0.050119
2504.0,323.0,0.231485
2504.0,324.0,0.578239
2504.0,325.0,0.694571
2504.0,326.0,0.463863
2504.0,327.0,0.924761
2504.0,328.0,0.366668
2504.0,329.0,0.549111
2504.0,330.0,0.861057
2504.0,331.0,0.560732
2504.0,332.0,0.290132
2504.0,333.0,0.573214
2504.0,334.0,0.025534
2505.0,0.0,0.413957
2505.0,1.0,0.483979
2505.0,2.0,0.431398
2505.0,3.0,0.727965
2505.0,4.0,0.586084
2505.0,5.0,0.790775
2505.0,6.0,0.639966
2505.0,7.0,0.307588
2505.0,8.0,0.168802
2505.0,9.0,0.701514
2505.0,10.0,0.392899
2505.0,11.0,0.33069
2505.0,12.0,0.363868
2505.0,13.0,0.819926
2505.0,14.0,0.527079
2505.0,15.0,0.317372
2505.0,16.0,0.76293
2505.0,17.0,0.95346
2505.0,18.0,0.996687
2505.0,19.0,0.979807
2505.0,20.0,0.437616
2505.0,21.0,0.230919
2505.0,22.0,0.376242
2505.0,23.0,0.419844
2505.0,24.0,0.617727
2505.0,25.0,0.424485
2505.0,26.0,0.611559
2505.0,27.0,0.590595
2505.0,28.0,0.62495
2505.0,29.0,0.622476
2505.0,30.0,0.49791
2505.0,31.0,0.324309
2505.0,32.0,0.444784
2505.0,33.0,0.651654
2505.0,34.0,0.997006
2505.0,35.0,0.432174
2505.0,36.0,0.467994
2505.0,37.0,0.965304
2505.0,38.0,0.189525
2505.0,39.0,0.80332
2505.0,40.0,0.435099
2505.0,41.0,0.0
2505.0,42.0,0.694971
2505.0,43.0,0.405697
2505.0,44.0,0.163399
2505.0,45.0,0.481656
2505.0,46.0,0.674088
2505.0,47.0,0.0
2505.0,48.0,0.0
2505.0,49.0,0.522537
2505.0,50.0,1.0
2505.0,51.0,0.497452
2505.0,52.0,0.763321
2505.0,53.0,0.781926
2505.0,54.0,0.0
2505.0,55.0,0.504866
2505.0,56.0,0.611842
2505.0,57.0,0.471444
2505.0,58.0,0.0
2505.0,59.0,0.283438
2505.0,60.0,0.482578
2505.0,61.0,0.526732
2505.0,62.0,0.118435
2505.0,63.0,0.597346
2505.0,64.0,0.0
2505.0,65.0,0.99759
2505.0,66.0,0.080878
2505.0,67.0,0.16796
2505.0,68.0,0.327585
2505.0,69.0,0.0
2505.0,70.0,0.583869
2505.0,71.0,0.285243
2505.0,72.0,0.900793
2505.0,73.0,0.520704
2505.0,74.0,0.056129
2505.0,75.0,0.587266
2505.0,76.0,0.528643
2505.0,77.0,0.0
2505.0,78.0,0.000688
2505.0,79.0,0.495875
2505.0,80.0,0.028895
2505.0,81.0,0.411171
2505.0,82.0,0.096693
2505.0,83.0,0.908155
2505.0,84.0,0.588149
2505.0,85.0,0.214532
2505.0,86.0,0.615329
2505.0,87.0,0.834453
2505.0,88.0,0.865547
2505.0,89.0,0.327802
2505.0,90.0,0.48179
2505.0,91.0,0.409896
2505.0,92.0,0.336484
2505.0,93.0,0.963347
2505.0,94.0,0.022301
2505.0,95.0,0.631082
2505.0,96.0,0.382207
2505.0,97.0,1.0
2505.0,98.0,0.19698
2505.0,99.0,0.664394
2505.0,100.0,0.715831
2505.0,101.0,0.446863
2505.0,102.0,0.52877
2505.0,103.0,0.483239
2505.0,104.0,0.997806
2505.0,105.0,0.001534
2505.0,106.0,0.053784
2505.0,107.0,0.066846
2505.0,108.0,0.816388
2505.0,109.0,0.983256
2505.0,110.0,0.940737
2505.0,111.0,0.398936
2505.0,112.0,0.205662
2505.0,113.0,1.0
2505.0,114.0,0.000317
2505.0,115.0,0.412571
2505.0,116.0,0.130481
2505.0,117.0,0.384209
2505.0,118.0,0.000538
2505.0,119.0,0.292761
2505.0,120.0,0.291483
2505.0,121.0,0.452112
2505.0,122.0,0.030374
2505.0,123.0,0.37662
2505.0,124.0,1.0
2505.0,125.0,0.42145
2505.0,126.0,0.982616
2505.0,127.0,0.000661
2505.0,128.0,1.0
2505.0,129.0,2.0e-06
2505.0,130.0,0.578173
2505.0,131.0,0.450918
2505.0,132.0,1.0
2505.0,133.0,0.604535
2505.0,134.0,0.918376
2505.0,135.0,0.018592
2505.0,136.0,0.641341
2505.0,137.0,0.435309
2505.0,138.0,0.47514
2505.0,139.0,0.503658
2505.0,140.0,0.349903
2505.0,141.0,0.823514
2505.0,142.0,0.309292
2505.0,143.0,0.942808
2505.0,144.0,0.51288
2505.0,145.0,0.385481
2505.0,146.0,0.363897
2505.0,147.0,0.038022
2505.0,148.0,0.978048
2505.0,149.0,0.562957
2505.0,150.0,0.532599
2505.0,151.0,0.116383
2505.0,152.0,0.333163
2505.0,153.0,0.594471
2505.0,154.0,0.833813
2505.0,155.0,0.873854
2505.0,156.0,0.086588
2505.0,157.0,0.0
2505.0,158.0,0.679097
2505.0,159.0,0.658505
2505.0,160.0,0.584678
2505.0,161.0,0.201068
2505.0,162.0,0.314965
2505.0,163.0,0.313888
2505.0,164.0,0.285422
2505.0,165.0,0.813953
2505.0,166.0,0.62944
2505.0,167.0,0.879513
2505.0,168.0,0.923881
2505.0,169.0,0.092094
2505.0,170.0,0.59191
2505.0,171.0,0.678857
2505.0,172.0,0.998617
2505.0,173.0,0.0
2505.0,174.0,0.653037
2505.0,175.0,0.464741
2505.0,176.0,0.892002
2505.0,177.0,0.323233
2505.0,178.0,1.0
2505.0,179.0,0.500546
2505.0,180.0,0.497243
2505.0,181.0,0.845961
2505.0,182.0,0.360682
2505.0,183.0,0.0
2505.0,184.0,0.80122
2505.0,185.0,0.332203
2505.0,186.0,0.558569
2505.0,187.0,0.210575
2505.0,188.0,0.258474
2505.0,189.0,0.973341
2505.0,190.0,0.440314
2505.0,191.0,0.631065
2505.0,192.0,0.572981
2505.0,193.0,0.566283
2505.0,194.0,1.0
2505.0,195.0,0.179166
2505.0,196.0,0.836161
2505.0,197.0,0.7499
2505.0,198.0,0.356396
2505.0,199.0,0.119831
2505.0,200.0,0.415207
2505.0,201.0,0.239814
2505.0,202.0,0.376668
2505.0,203.0,0.557105
2505.0,204.0,0.995642
2505.0,205.0,0.296877
2505.0,206.0,0.646073
2505.0,207.0,0.993379
2505.0,208.0,0.571645
2505.0,209.0,0.287966
2505.0,210.0,0.998936
2505.0,211.0,0.827177
2505.0,212.0,0.051344
2505.0,213.0,0.651303
2505.0,214.0,0.574926
2505.0,215.0,0.53477
2505.0,216.0,1.0
2505.0,217.0,0.691138
2505.0,218.0,0.0
2505.0,219.0,0.402418
2505.0,220.0,0.489426
2505.0,221.0,0.381402
2505.0,222.0,0.020637
2505.0,223.0,0.0
2505.0,224.0,0.558684
2505.0,225.0,0.874632
2505.0,226.0,0.610819
2505.0,227.0,0.685553
2505.0,228.0,0.120331
2505.0,229.0,0.293363
2505.0,230.0,0.99925
2505.0,231.0,0.600984
2505.0,232.0,0.337293
2505.0,233.0,0.258975
2505.0,234.0,0.313845
2505.0,235.0,0.439391
2505.0,236.0,0.81633
2505.0,237.0,0.121877
2505.0,238.0,0.880311
2505.0,239.0,0.27036
2505.0,240.0,0.590699
2505.0,241.0,0.380522
2505.0,242.0,0.265643
2505.0,243.0,0.790985
2505.0,244.0,0.614599
2505.0,245.0,0.00327
2505.0,246.0,0.191398
2505.0,247.0,0.296194
2505.0,248.0,0.166989
2505.0,249.0,0.00356
2505.0,250.0,0.801147
2505.0,251.0,0.675251
2505.0,252.0,0.645657
2505.0,253.0,0.597887
2505.0,254.0,0.985071
2505.0,255.0,0.674361
2505.0,256.0,0.899103
2505.0,257.0,0.326519
2505.0,258.0,1.0
2505.0,259.0,0.169667
2505.0,260.0,0.026992
2505.0,261.0,0.386155
2505.0,262.0,0.765107
2505.0,263.0,0.69745
2505.0,264.0,0.276191
2505.0,265.0,0.106418
2505.0,266.0,0.325729
2505.0,267.0,1.0
2505.0,268.0,0.442126
2505.0,269.0,0.457588
2505.0,270.0,0.34383
2505.0,271.0,0.443355
2505.0,272.0,0.685127
2505.0,273.0,0.63033
2505.0,274.0,0.159016
2505.0,275.0,0.229762
2505.0,276.0,0.900111
2505.0,277.0,0.446471
2505.0,278.0,0.478981
2505.0,279.0,0.22904
2505.0,280.0,0.376353
2505.0,281.0,0.00225
2505.0,282.0,0.978408
2505.0,283.0,0.127035
2505.0,284.0,0.91998
2505.0,285.0,0.220368
2505.0,286.0,0.278966
2505.0,287.0,0.311126
2505.0,288.0,0.661133
2505.0,289.0,0.35491
2505.0,290.0,0.595415
2505.0,291.0,0.83656
2505.0,292.0,0.0
2505.0,293.0,0.586646
2505.0,294.0,0.803601
2505.0,295.0,1.0
2505.0,296.0,0.943943
2505.0,297.0,0.002248
2505.0,298.0,0.530247
2505.0,299.0,0.167186
2505.0,300.0,0.132165
2505.0,301.0,0.090726
2505.0,302.0,0.386389
2505.0,303.0,0.592073
2505.0,304.0,0.690815
2505.0,305.0,0.605709
2505.0,306.0,0.358894
2505.0,307.0,0.415126
2505.0,308.0,0.09712
2505.0,309.0,0.532842
2505.0,310.0,0.185161
2505.0,311.0,0.509748
2505.0,312.0,0.192022
2505.0,313.0,0.76641
2505.0,314.0,0.180322
2505.0,315.0,0.0
2505.0,316.0,0.529711
2505.0,317.0,0.640709
2505.0,318.0,0.380922
2505.0,319.0,0.75753
2505.0,320.0,0.386393
2505.0,321.0,0.615524
2505.0,322.0,0.050646
2505.0,323.0,0.233705
2505.0,324.0,0.585648
2505.0,325.0,0.695407
2505.0,326.0,0.464587
2505.0,327.0,0.925818
2505.0,328.0,0.37407
2505.0,329.0,0.553644
2505.0,330.0,0.862594
2505.0,331.0,0.567065
2505.0,332.0,0.292777
2505.0,333.0,0.577818
2505.0,334.0,0.025477
2506.0,0.0,0.413052
2506.0,1.0,0.483287
2506.0,2.0,0.427794
2506.0,3.0,0.727515
2506.0,4.0,0.582673
2506.0,5.0,0.791368
2506.0,6.0,0.634236
2506.0,7.0,0.30352
2506.0,8.0,0.168331
2506.0,9.0,0.698332
2506.0,10.0,0.389202
2506.0,11.0,0.328914
2506.0,12.0,0.357207
2506.0,13.0,0.819556
2506.0,14.0,0.5264
2506.0,15.0,0.314355
2506.0,16.0,0.761362
2506.0,17.0,0.952758
2506.0,18.0,0.996639
2506.0,19.0,0.978378
2506.0,20.0,0.432945
2506.0,21.0,0.230118
2506.0,22.0,0.361188
2506.0,23.0,0.419783
2506.0,24.0,0.615657
2506.0,25.0,0.423785
2506.0,26.0,0.607772
2506.0,27.0,0.589744
2506.0,28.0,0.621826
2506.0,29.0,0.617928
2506.0,30.0,0.491568
2506.0,31.0,0.323063
2506.0,32.0,0.438662
2506.0,33.0,0.649762
2506.0,34.0,0.99673
2506.0,35.0,0.428362
2506.0,36.0,0.467191
2506.0,37.0,0.965111
2506.0,38.0,0.140153
2506.0,39.0,0.802206
2506.0,40.0,0.42818
2506.0,41.0,0.0
2506.0,42.0,0.695478
2506.0,43.0,0.404261
2506.0,44.0,0.154629
2506.0,45.0,0.480227
2506.0,46.0,0.672082
2506.0,47.0,0.0
2506.0,48.0,0.0
2506.0,49.0,0.522962
2506.0,50.0,1.0
2506.0,51.0,0.487954
2506.0,52.0,0.760364
2506.0,53.0,0.780264
2506.0,54.0,0.0
2506.0,55.0,0.500118
2506.0,56.0,0.609294
2506.0,57.0,0.471496
2506.0,58.0,0.0
2506.0,59.0,0.279601
2506.0,60.0,0.480969
2506.0,61.0,0.527706
2506.0,62.0,0.116348
2506.0,63.0,0.595781
2506.0,64.0,0.0
2506.0,65.0,0.997631
2506.0,66.0,0.079982
2506.0,67.0,0.167373
2506.0,68.0,0.325115
2506.0,69.0,0.0
2506.0,70.0,0.578366
2506.0,71.0,0.281572
2506.0,72.0,0.900021
2506.0,73.0,0.517244
2506.0,74.0,0.05571
2506.0,75.0,0.58335
2506.0,76.0,0.527123
2506.0,77.0,0.0
2506.0,78.0,0.00069
2506.0,79.0,0.494716
2506.0,80.0,0.027381
2506.0,81.0,0.407966
2506.0,82.0,0.095804
2506.0,83.0,0.907285
2506.0,84.0,0.585213
2506.0,85.0,0.213011
2506.0,86.0,0.606361
2506.0,87.0,0.832324
2506.0,88.0,0.864963
2506.0,89.0,0.328732
2506.0,90.0,0.48236
2506.0,91.0,0.407182
2506.0,92.0,0.331411
2506.0,93.0,0.962953
2506.0,94.0,0.022152
2506.0,95.0,0.624888
2506.0,96.0,0.381767
2506.0,97.0,1.0
2506.0,98.0,0.194095
2506.0,99.0,0.662348
2506.0,100.0,0.715838
2506.0,101.0,0.442851
2506.0,102.0,0.5263
2506.0,103.0,0.481636
2506.0,104.0,0.997762
2506.0,105.0,0.001457
2506.0,106.0,0.053181
2506.0,107.0,0.066953
2506.0,108.0,0.814282
2506.0,109.0,0.983167
2506.0,110.0,0.938912
2506.0,111.0,0.396276
2506.0,112.0,0.203713
2506.0,113.0,1.0
2506.0,114.0,0.000322
2506.0,115.0,0.41154
2506.0,116.0,0.130231
2506.0,117.0,0.379733
2506.0,118.0,0.000549
2506.0,119.0,0.292976
2506.0,120.0,0.288561
2506.0,121.0,0.449758
2506.0,122.0,0.030414
2506.0,123.0,0.369275
2506.0,124.0,1.0
2506.0,125.0,0.419563
2506.0,126.0,0.982359
2506.0,127.0,0.000628
2506.0,128.0,1.0
2506.0,129.0,1.0e-06
2506.0,130.0,0.57786
2506.0,131.0,0.449233
2506.0,132.0,1.0
2506.0,133.0,0.601667
2506.0,134.0,0.917939
2506.0,135.0,0.01724
2506.0,136.0,0.627182
2506.0,137.0,0.432498
2506.0,138.0,0.475405
2506.0,139.0,0.501097
2506.0,140.0,0.334563
2506.0,141.0,0.822684
2506.0,142.0,0.306941
2506.0,143.0,0.94233
2506.0,144.0,0.508864
2506.0,145.0,0.382683
2506.0,146.0,0.362521
2506.0,147.0,0.03776
2506.0,148.0,0.977515
2506.0,149.0,0.561214
2506.0,150.0,0.531586
2506.0,151.0,0.11481
2506.0,152.0,0.332266
2506.0,153.0,0.594481
2506.0,154.0,0.832468
2506.0,155.0,0.873057
2506.0,156.0,0.085955
2506.0,157.0,0.0
2506.0,158.0,0.676823
2506.0,159.0,0.653098
2506.0,160.0,0.582126
2506.0,161.0,0.197749
2506.0,162.0,0.311656
2506.0,163.0,0.312467
2506.0,164.0,0.282705
2506.0,165.0,0.814701
2506.0,166.0,0.625813
2506.0,167.0,0.874075
2506.0,168.0,0.92275
2506.0,169.0,0.092156
2506.0,170.0,0.591088
2506.0,171.0,0.674275
2506.0,172.0,0.998654
2506.0,173.0,0.0
2506.0,174.0,0.650343
2506.0,175.0,0.462392
2506.0,176.0,0.890862
2506.0,177.0,0.321787
2506.0,178.0,1.0
2506.0,179.0,0.497992
2506.0,180.0,0.494097
2506.0,181.0,0.845659
2506.0,182.0,0.360419
2506.0,183.0,0.0
2506.0,184.0,0.797939
2506.0,185.0,0.330322
2506.0,186.0,0.539401
2506.0,187.0,0.209688
2506.0,188.0,0.254938
2506.0,189.0,0.973028
2506.0,190.0,0.438435
2506.0,191.0,0.628207
2506.0,192.0,0.572218
2506.0,193.0,0.563697
2506.0,194.0,1.0
2506.0,195.0,0.177984
2506.0,196.0,0.824742
2506.0,197.0,0.745934
2506.0,198.0,0.353328
2506.0,199.0,0.119266
2506.0,200.0,0.411769
2506.0,201.0,0.235255
2506.0,202.0,0.36722
2506.0,203.0,0.552727
2506.0,204.0,0.995578
2506.0,205.0,0.295104
2506.0,206.0,0.645933
2506.0,207.0,0.993351
2506.0,208.0,0.543124
2506.0,209.0,0.286313
2506.0,210.0,0.998916
2506.0,211.0,0.826539
2506.0,212.0,0.050873
2506.0,213.0,0.644841
2506.0,214.0,0.573151
2506.0,215.0,0.533903
2506.0,216.0,1.0
2506.0,217.0,0.686761
2506.0,218.0,0.0
2506.0,219.0,0.39652
2506.0,220.0,0.488446
2506.0,221.0,0.366249
2506.0,222.0,0.020055
2506.0,223.0,0.0
2506.0,224.0,0.557052
2506.0,225.0,0.871978
2506.0,226.0,0.610869
2506.0,227.0,0.682696
2506.0,228.0,0.119188
2506.0,229.0,0.291514
2506.0,230.0,0.999216
2506.0,231.0,0.597814
2506.0,232.0,0.335293
2506.0,233.0,0.256049
2506.0,234.0,0.309432
2506.0,235.0,0.438128
2506.0,236.0,0.813154
2506.0,237.0,0.121934
2506.0,238.0,0.880126
2506.0,239.0,0.270079
2506.0,240.0,0.589072
2506.0,241.0,0.368527
2506.0,242.0,0.261696
2506.0,243.0,0.7879
2506.0,244.0,0.603316
2506.0,245.0,0.003137
2506.0,246.0,0.190393
2506.0,247.0,0.293272
2506.0,248.0,0.164979
2506.0,249.0,0.003425
2506.0,250.0,0.799199
2506.0,251.0,0.669368
2506.0,252.0,0.64206
2506.0,253.0,0.595736
2506.0,254.0,0.983355
2506.0,255.0,0.674486
2506.0,256.0,0.895061
2506.0,257.0,0.319627
2506.0,258.0,1.0
2506.0,259.0,0.169021
2506.0,260.0,0.026671
2506.0,261.0,0.384798
2506.0,262.0,0.757918
2506.0,263.0,0.690464
2506.0,264.0,0.274414
2506.0,265.0,0.105526
2506.0,266.0,0.323741
2506.0,267.0,1.0
2506.0,268.0,0.440835
2506.0,269.0,0.441417
2506.0,270.0,0.342136
2506.0,271.0,0.42819
2506.0,272.0,0.683124
2506.0,273.0,0.627398
2506.0,274.0,0.158339
2506.0,275.0,0.228243
2506.0,276.0,0.899917
2506.0,277.0,0.444398
2506.0,278.0,0.472135
2506.0,279.0,0.228247
2506.0,280.0,0.37345
2506.0,281.0,0.002239
2506.0,282.0,0.978146
2506.0,283.0,0.125326
2506.0,284.0,0.918997
2506.0,285.0,0.216807
2506.0,286.0,0.276837
2506.0,287.0,0.30845
2506.0,288.0,0.657777
2506.0,289.0,0.353971
2506.0,290.0,0.591235
2506.0,291.0,0.835793
2506.0,292.0,0.0
2506.0,293.0,0.583706
2506.0,294.0,0.802822
2506.0,295.0,1.0
2506.0,296.0,0.942949
2506.0,297.0,0.002262
2506.0,298.0,0.510538
2506.0,299.0,0.165678
2506.0,300.0,0.130928
2506.0,301.0,0.089024
2506.0,302.0,0.385851
2506.0,303.0,0.587849
2506.0,304.0,0.682725
2506.0,305.0,0.603998
2506.0,306.0,0.342547
2506.0,307.0,0.412506
2506.0,308.0,0.093313
2506.0,309.0,0.531363
2506.0,310.0,0.179489
2506.0,311.0,0.501173
2506.0,312.0,0.188937
2506.0,313.0,0.76328
2506.0,314.0,0.179519
2506.0,315.0,0.0
2506.0,316.0,0.528595
2506.0,317.0,0.637139
2506.0,318.0,0.380636
2506.0,319.0,0.755731
2506.0,320.0,0.383406
2506.0,321.0,0.611501
2506.0,322.0,0.050677
2506.0,323.0,0.232368
2506.0,324.0,0.576556
2506.0,325.0,0.695128
2506.0,326.0,0.464342
2506.0,327.0,0.925163
2506.0,328.0,0.365616
2506.0,329.0,0.549937
2506.0,330.0,0.861058
2506.0,331.0,0.560689
2506.0,332.0,0.289292
2506.0,333.0,0.574789
2506.0,334.0,0.025187
2507.0,0.0,0.41211
2507.0,1.0,0.482572
2507.0,2.0,0.422628
2507.0,3.0,0.727653
2507.0,4.0,0.577077
2507.0,5.0,0.791416
2507.0,6.0,0.630066
2507.0,7.0,0.299935
2507.0,8.0,0.167501
2507.0,9.0,0.695398
2507.0,10.0,0.38644
2507.0,11.0,0.3268
2507.0,12.0,0.350869
2507.0,13.0,0.819281
2507.0,14.0,0.525101
2507.0,15.0,0.310972
2507.0,16.0,0.759025
2507.0,17.0,0.951676
2507.0,18.0,0.996619
2507.0,19.0,0.977051
2507.0,20.0,0.427802
2507.0,21.0,0.229496
2507.0,22.0,0.345061
2507.0,23.0,0.420307
2507.0,24.0,0.613102
2507.0,25.0,0.4226
2507.0,26.0,0.604047
2507.0,27.0,0.587849
2507.0,28.0,0.619232
2507.0,29.0,0.612803
2507.0,30.0,0.48578
2507.0,31.0,0.322687
2507.0,32.0,0.431888
2507.0,33.0,0.648204
2507.0,34.0,0.996485
2507.0,35.0,0.423036
2507.0,36.0,0.466344
2507.0,37.0,0.965001
2507.0,38.0,0.101187
2507.0,39.0,0.800499
2507.0,40.0,0.422791
2507.0,41.0,0.0
2507.0,42.0,0.695792
2507.0,43.0,0.403428
2507.0,44.0,0.147103
2507.0,45.0,0.477764
2507.0,46.0,0.670438
2507.0,47.0,0.0
2507.0,48.0,0.0
2507.0,49.0,0.522749
2507.0,50.0,1.0
2507.0,51.0,0.47933
2507.0,52.0,0.758188
2507.0,53.0,0.778645
2507.0,54.0,0.0
2507.0,55.0,0.495161
2507.0,56.0,0.607029
2507.0,57.0,0.470915
2507.0,58.0,0.0
2507.0,59.0,0.276508
2507.0,60.0,0.478268
2507.0,61.0,0.527609
2507.0,62.0,0.114537
2507.0,63.0,0.594513
2507.0,64.0,0.0
2507.0,65.0,0.997648
2507.0,66.0,0.079401
2507.0,67.0,0.166251
2507.0,68.0,0.322259
2507.0,69.0,0.0
2507.0,70.0,0.572308
2507.0,71.0,0.27904
2507.0,72.0,0.899084
2507.0,73.0,0.513787
2507.0,74.0,0.055015
2507.0,75.0,0.579768
2507.0,76.0,0.525815
2507.0,77.0,0.0
2507.0,78.0,0.00071
2507.0,79.0,0.493128
2507.0,80.0,0.026207
2507.0,81.0,0.405243
2507.0,82.0,0.094915
2507.0,83.0,0.907093
2507.0,84.0,0.582876
2507.0,85.0,0.21158
2507.0,86.0,0.597069
2507.0,87.0,0.829842
2507.0,88.0,0.864317
2507.0,89.0,0.329264
2507.0,90.0,0.482775
2507.0,91.0,0.40375
2507.0,92.0,0.325911
2507.0,93.0,0.96273
2507.0,94.0,0.021795
2507.0,95.0,0.619778
2507.0,96.0,0.380422
2507.0,97.0,1.0
2507.0,98.0,0.190531
2507.0,99.0,0.661296
2507.0,100.0,0.715515
2507.0,101.0,0.439525
2507.0,102.0,0.524146
2507.0,103.0,0.478446
2507.0,104.0,0.997683
2507.0,105.0,0.00145
2507.0,106.0,0.053032
2507.0,107.0,0.066732
2507.0,108.0,0.812537
2507.0,109.0,0.983059
2507.0,110.0,0.937077
2507.0,111.0,0.39224
2507.0,112.0,0.201761
2507.0,113.0,1.0
2507.0,114.0,0.000314
2507.0,115.0,0.410281
2507.0,116.0,0.12953
2507.0,117.0,0.375147
2507.0,118.0,0.000511
2507.0,119.0,0.292589
2507.0,120.0,0.28683
2507.0,121.0,0.448099
2507.0,122.0,0.030714
2507.0,123.0,0.362827
2507.0,124.0,1.0
2507.0,125.0,0.418514
2507.0,126.0,0.981997
2507.0,127.0,0.000664
2507.0,128.0,1.0
2507.0,129.0,1.0e-06
2507.0,130.0,0.576068
2507.0,131.0,0.447088
2507.0,132.0,1.0
2507.0,133.0,0.599474
2507.0,134.0,0.916876
2507.0,135.0,0.016032
2507.0,136.0,0.613485
2507.0,137.0,0.429007
2507.0,138.0,0.475346
2507.0,139.0,0.497853
2507.0,140.0,0.319882
2507.0,141.0,0.821475
2507.0,142.0,0.304321
2507.0,143.0,0.941956
2507.0,144.0,0.505645
2507.0,145.0,0.378274
2507.0,146.0,0.360792
2507.0,147.0,0.037422
2507.0,148.0,0.977059
2507.0,149.0,0.55916
2507.0,150.0,0.529386
2507.0,151.0,0.113085
2507.0,152.0,0.331894
2507.0,153.0,0.593236
2507.0,154.0,0.830887
2507.0,155.0,0.871877
2507.0,156.0,0.084789
2507.0,157.0,0.0
2507.0,158.0,0.675187
2507.0,159.0,0.648456
2507.0,160.0,0.57908
2507.0,161.0,0.195311
2507.0,162.0,0.309106
2507.0,163.0,0.310114
2507.0,164.0,0.280066
2507.0,165.0,0.814751
2507.0,166.0,0.621785
2507.0,167.0,0.86864
2507.0,168.0,0.92172
2507.0,169.0,0.091277
2507.0,170.0,0.589362
2507.0,171.0,0.669991
2507.0,172.0,0.998669
2507.0,173.0,0.0
2507.0,174.0,0.648775
2507.0,175.0,0.459771
2507.0,176.0,0.888733
2507.0,177.0,0.320439
2507.0,178.0,1.0
2507.0,179.0,0.496067
2507.0,180.0,0.49119
2507.0,181.0,0.844623
2507.0,182.0,0.358844
2507.0,183.0,0.0
2507.0,184.0,0.794449
2507.0,185.0,0.329413
2507.0,186.0,0.520097
2507.0,187.0,0.208973
2507.0,188.0,0.250409
2507.0,189.0,0.972565
2507.0,190.0,0.43701
2507.0,191.0,0.624644
2507.0,192.0,0.570296
2507.0,193.0,0.560889
2507.0,194.0,1.0
2507.0,195.0,0.176847
2507.0,196.0,0.813921
2507.0,197.0,0.742423
2507.0,198.0,0.351391
2507.0,199.0,0.118705
2507.0,200.0,0.409529
2507.0,201.0,0.230795
2507.0,202.0,0.358162
2507.0,203.0,0.548232
2507.0,204.0,0.995529
2507.0,205.0,0.293844
2507.0,206.0,0.644603
2507.0,207.0,0.993412
2507.0,208.0,0.516567
2507.0,209.0,0.285673
2507.0,210.0,0.998851
2507.0,211.0,0.826089
2507.0,212.0,0.050839
2507.0,213.0,0.638141
2507.0,214.0,0.572415
2507.0,215.0,0.532435
2507.0,216.0,1.0
2507.0,217.0,0.681536
2507.0,218.0,0.0
2507.0,219.0,0.391346
2507.0,220.0,0.487026
2507.0,221.0,0.351625
2507.0,222.0,0.019552
2507.0,223.0,0.0
2507.0,224.0,0.554632
2507.0,225.0,0.869771
2507.0,226.0,0.610391
2507.0,227.0,0.678391
2507.0,228.0,0.117207
2507.0,229.0,0.289284
2507.0,230.0,0.99922
2507.0,231.0,0.594492
2507.0,232.0,0.332664
2507.0,233.0,0.254171
2507.0,234.0,0.304889
2507.0,235.0,0.435666
2507.0,236.0,0.809974
2507.0,237.0,0.122617
2507.0,238.0,0.879863
2507.0,239.0,0.270199
2507.0,240.0,0.587556
2507.0,241.0,0.357853
2507.0,242.0,0.257421
2507.0,243.0,0.785443
2507.0,244.0,0.590418
2507.0,245.0,0.003004
2507.0,246.0,0.188863
2507.0,247.0,0.289923
2507.0,248.0,0.163642
2507.0,249.0,0.003448
2507.0,250.0,0.796336
2507.0,251.0,0.664115
2507.0,252.0,0.638206
2507.0,253.0,0.59362
2507.0,254.0,0.9817
2507.0,255.0,0.673822
2507.0,256.0,0.891262
2507.0,257.0,0.312667
2507.0,258.0,1.0
2507.0,259.0,0.168126
2507.0,260.0,0.026407
2507.0,261.0,0.384172
2507.0,262.0,0.750684
2507.0,263.0,0.683665
2507.0,264.0,0.272868
2507.0,265.0,0.104313
2507.0,266.0,0.323304
2507.0,267.0,1.0
2507.0,268.0,0.440841
2507.0,269.0,0.425334
2507.0,270.0,0.340636
2507.0,271.0,0.414036
2507.0,272.0,0.681462
2507.0,273.0,0.624986
2507.0,274.0,0.157871
2507.0,275.0,0.227131
2507.0,276.0,0.899529
2507.0,277.0,0.442624
2507.0,278.0,0.465371
2507.0,279.0,0.227906
2507.0,280.0,0.371991
2507.0,281.0,0.002182
2507.0,282.0,0.978012
2507.0,283.0,0.124087
2507.0,284.0,0.918977
2507.0,285.0,0.214267
2507.0,286.0,0.273754
2507.0,287.0,0.306172
2507.0,288.0,0.653884
2507.0,289.0,0.353691
2507.0,290.0,0.588754
2507.0,291.0,0.835423
2507.0,292.0,0.0
2507.0,293.0,0.58026
2507.0,294.0,0.802391
2507.0,295.0,1.0
2507.0,296.0,0.942094
2507.0,297.0,0.002247
2507.0,298.0,0.492064
2507.0,299.0,0.164414
2507.0,300.0,0.129611
2507.0,301.0,0.088726
2507.0,302.0,0.384723
2507.0,303.0,0.583969
2507.0,304.0,0.673657
2507.0,305.0,0.602458
2507.0,306.0,0.327438
2507.0,307.0,0.408515
2507.0,308.0,0.089864
2507.0,309.0,0.529101
2507.0,310.0,0.174176
2507.0,311.0,0.49333
2507.0,312.0,0.184834
2507.0,313.0,0.760658
2507.0,314.0,0.179463
2507.0,315.0,0.0
2507.0,316.0,0.527998
2507.0,317.0,0.632937
2507.0,318.0,0.38003
2507.0,319.0,0.753029
2507.0,320.0,0.380699
2507.0,321.0,0.607635
2507.0,322.0,0.05012
2507.0,323.0,0.230602
2507.0,324.0,0.568125
2507.0,325.0,0.694128
2507.0,326.0,0.463775
2507.0,327.0,0.923708
2507.0,328.0,0.358256
2507.0,329.0,0.545039
2507.0,330.0,0.860111
2507.0,331.0,0.553465
2507.0,332.0,0.286658
2507.0,333.0,0.572195
2507.0,334.0,0.024759
2508.0,0.0,0.411748
2508.0,1.0,0.482384
2508.0,2.0,0.418888
2508.0,3.0,0.727323
2508.0,4.0,0.573474
2508.0,5.0,0.790694
2508.0,6.0,0.62438
2508.0,7.0,0.295772
2508.0,8.0,0.166889
2508.0,9.0,0.692363
2508.0,10.0,0.384381
2508.0,11.0,0.324751
2508.0,12.0,0.345639
2508.0,13.0,0.818624
2508.0,14.0,0.524475
2508.0,15.0,0.307083
2508.0,16.0,0.75834
2508.0,17.0,0.95084
2508.0,18.0,0.99654
2508.0,19.0,0.975709
2508.0,20.0,0.423741
2508.0,21.0,0.228501
2508.0,22.0,0.330574
2508.0,23.0,0.41986
2508.0,24.0,0.610146
2508.0,25.0,0.422312
2508.0,26.0,0.59919
2508.0,27.0,0.585959
2508.0,28.0,0.616385
2508.0,29.0,0.608332
2508.0,30.0,0.479731
2508.0,31.0,0.322196
2508.0,32.0,0.425703
2508.0,33.0,0.646346
2508.0,34.0,0.996256
2508.0,35.0,0.418584
2508.0,36.0,0.466079
2508.0,37.0,0.964696
2508.0,38.0,0.07135
2508.0,39.0,0.799352
2508.0,40.0,0.418713
2508.0,41.0,0.0
2508.0,42.0,0.69544
2508.0,43.0,0.401826
2508.0,44.0,0.139257
2508.0,45.0,0.476371
2508.0,46.0,0.668672
2508.0,47.0,0.0
2508.0,48.0,0.0
2508.0,49.0,0.522458
2508.0,50.0,1.0
2508.0,51.0,0.47017
2508.0,52.0,0.755229
2508.0,53.0,0.776853
2508.0,54.0,0.0
2508.0,55.0,0.489405
2508.0,56.0,0.60429
2508.0,57.0,0.470792
2508.0,58.0,0.0
2508.0,59.0,0.27378
2508.0,60.0,0.47651
2508.0,61.0,0.527194
2508.0,62.0,0.112553
2508.0,63.0,0.593348
2508.0,64.0,0.0
2508.0,65.0,0.997592
2508.0,66.0,0.078647
2508.0,67.0,0.165177
2508.0,68.0,0.321412
2508.0,69.0,0.0
2508.0,70.0,0.566378
2508.0,71.0,0.276266
2508.0,72.0,0.898099
2508.0,73.0,0.509977
2508.0,74.0,0.05431
2508.0,75.0,0.575808
2508.0,76.0,0.525067
2508.0,77.0,0.0
2508.0,78.0,0.000738
2508.0,79.0,0.491933
2508.0,80.0,0.025159
2508.0,81.0,0.401343
2508.0,82.0,0.094424
2508.0,83.0,0.90656
2508.0,84.0,0.580964
2508.0,85.0,0.209642
2508.0,86.0,0.589245
2508.0,87.0,0.827079
2508.0,88.0,0.863952
2508.0,89.0,0.329108
2508.0,90.0,0.482114
2508.0,91.0,0.401059
2508.0,92.0,0.321281
2508.0,93.0,0.962353
2508.0,94.0,0.021392
2508.0,95.0,0.614689
2508.0,96.0,0.37903
2508.0,97.0,1.0
2508.0,98.0,0.186978
2508.0,99.0,0.659672
2508.0,100.0,0.714802
2508.0,101.0,0.435713
2508.0,102.0,0.521441
2508.0,103.0,0.476934
2508.0,104.0,0.997746
2508.0,105.0,0.00139
2508.0,106.0,0.052554
2508.0,107.0,0.066525
2508.0,108.0,0.810442
2508.0,109.0,0.982904
2508.0,110.0,0.935319
2508.0,111.0,0.389575
2508.0,112.0,0.200217
2508.0,113.0,1.0
2508.0,114.0,0.000304
2508.0,115.0,0.410189
2508.0,116.0,0.128986
2508.0,117.0,0.370734
2508.0,118.0,0.000465
2508.0,119.0,0.292389
2508.0,120.0,0.285292
2508.0,121.0,0.445861
2508.0,122.0,0.030799
2508.0,123.0,0.355896
2508.0,124.0,1.0
2508.0,125.0,0.417121
2508.0,126.0,0.98193
2508.0,127.0,0.000646
2508.0,128.0,1.0
2508.0,129.0,3.0e-06
2508.0,130.0,0.575314
2508.0,131.0,0.444493
2508.0,132.0,1.0
2508.0,133.0,0.596856
2508.0,134.0,0.9165
2508.0,135.0,0.015228
2508.0,136.0,0.599697
2508.0,137.0,0.425741
2508.0,138.0,0.475875
2508.0,139.0,0.494688
2508.0,140.0,0.306003
2508.0,141.0,0.820372
2508.0,142.0,0.302358
2508.0,143.0,0.941964
2508.0,144.0,0.502283
2508.0,145.0,0.375038
2508.0,146.0,0.35868
2508.0,147.0,0.037208
2508.0,148.0,0.976852
2508.0,149.0,0.556359
2508.0,150.0,0.527423
2508.0,151.0,0.110998
2508.0,152.0,0.330801
2508.0,153.0,0.59277
2508.0,154.0,0.829052
2508.0,155.0,0.871032
2508.0,156.0,0.083672
2508.0,157.0,0.0
2508.0,158.0,0.673641
2508.0,159.0,0.643199
2508.0,160.0,0.576907
2508.0,161.0,0.192663
2508.0,162.0,0.30662
2508.0,163.0,0.309751
2508.0,164.0,0.278606
2508.0,165.0,0.814633
2508.0,166.0,0.61728
2508.0,167.0,0.862674
2508.0,168.0,0.920874
2508.0,169.0,0.09047
2508.0,170.0,0.588135
2508.0,171.0,0.664442
2508.0,172.0,0.998693
2508.0,173.0,0.0
2508.0,174.0,0.647741
2508.0,175.0,0.456425
2508.0,176.0,0.886581
2508.0,177.0,0.31931
2508.0,178.0,1.0
2508.0,179.0,0.492618
2508.0,180.0,0.487907
2508.0,181.0,0.844042
2508.0,182.0,0.358842
2508.0,183.0,0.0
2508.0,184.0,0.792011
2508.0,185.0,0.328998
2508.0,186.0,0.501534
2508.0,187.0,0.209085
2508.0,188.0,0.24698
2508.0,189.0,0.972333
2508.0,190.0,0.435322
2508.0,191.0,0.62097
2508.0,192.0,0.568843
2508.0,193.0,0.557915
2508.0,194.0,1.0
2508.0,195.0,0.175947
2508.0,196.0,0.803169
2508.0,197.0,0.739404
2508.0,198.0,0.349585
2508.0,199.0,0.118601
2508.0,200.0,0.406658
2508.0,201.0,0.225593
2508.0,202.0,0.348572
2508.0,203.0,0.544541
2508.0,204.0,0.995457
2508.0,205.0,0.291834
2508.0,206.0,0.643868
2508.0,207.0,0.993197
2508.0,208.0,0.491531
2508.0,209.0,0.284439
2508.0,210.0,0.99886
2508.0,211.0,0.825321
2508.0,212.0,0.05085
2508.0,213.0,0.631507
2508.0,214.0,0.57034
2508.0,215.0,0.53037
2508.0,216.0,1.0
2508.0,217.0,0.675874
2508.0,218.0,0.0
2508.0,219.0,0.386335
2508.0,220.0,0.48564
2508.0,221.0,0.338802
2508.0,222.0,0.019141
2508.0,223.0,0.0
2508.0,224.0,0.552213
2508.0,225.0,0.868488
2508.0,226.0,0.60936
2508.0,227.0,0.673498
2508.0,228.0,0.115963
2508.0,229.0,0.287176
2508.0,230.0,0.999222
2508.0,231.0,0.591626
2508.0,232.0,0.330513
2508.0,233.0,0.252258
2508.0,234.0,0.300061
2508.0,235.0,0.433421
2508.0,236.0,0.806389
2508.0,237.0,0.121975
2508.0,238.0,0.879734
2508.0,239.0,0.267664
2508.0,240.0,0.586055
2508.0,241.0,0.347344
2508.0,242.0,0.252857
2508.0,243.0,0.783344
2508.0,244.0,0.579047
2508.0,245.0,0.002873
2508.0,246.0,0.187033
2508.0,247.0,0.287841
2508.0,248.0,0.16248
2508.0,249.0,0.003338
2508.0,250.0,0.794192
2508.0,251.0,0.657931
2508.0,252.0,0.634664
2508.0,253.0,0.591695
2508.0,254.0,0.97999
2508.0,255.0,0.674096
2508.0,256.0,0.887553
2508.0,257.0,0.305556
2508.0,258.0,1.0
2508.0,259.0,0.167214
2508.0,260.0,0.026156
2508.0,261.0,0.383869
2508.0,262.0,0.744324
2508.0,263.0,0.676914
2508.0,264.0,0.27111
2508.0,265.0,0.103745
2508.0,266.0,0.32155
2508.0,267.0,1.0
2508.0,268.0,0.43982
2508.0,269.0,0.411147
2508.0,270.0,0.339093
2508.0,271.0,0.401005
2508.0,272.0,0.679161
2508.0,273.0,0.622314
2508.0,274.0,0.157427
2508.0,275.0,0.225795
2508.0,276.0,0.898374
2508.0,277.0,0.441619
2508.0,278.0,0.459394
2508.0,279.0,0.22714
2508.0,280.0,0.370603
2508.0,281.0,0.002134
2508.0,282.0,0.977657
2508.0,283.0,0.123215
2508.0,284.0,0.918788
2508.0,285.0,0.211089
2508.0,286.0,0.270355
2508.0,287.0,0.30427
2508.0,288.0,0.650941
2508.0,289.0,0.353586
2508.0,290.0,0.585427
2508.0,291.0,0.834765
2508.0,292.0,0.0
2508.0,293.0,0.57718
2508.0,294.0,0.801185
2508.0,295.0,1.0
2508.0,296.0,0.941414
2508.0,297.0,0.002266
2508.0,298.0,0.472994
2508.0,299.0,0.163036
2508.0,300.0,0.12854
2508.0,301.0,0.087661
2508.0,302.0,0.383295
2508.0,303.0,0.57902
2508.0,304.0,0.665221
2508.0,305.0,0.60188
2508.0,306.0,0.312059
2508.0,307.0,0.404795
2508.0,308.0,0.086985
2508.0,309.0,0.527208
2508.0,310.0,0.168606
2508.0,311.0,0.485658
2508.0,312.0,0.181163
2508.0,313.0,0.756821
2508.0,314.0,0.179367
2508.0,315.0,0.0
2508.0,316.0,0.527489
2508.0,317.0,0.62876
2508.0,318.0,0.379308
2508.0,319.0,0.74984
2508.0,320.0,0.376895
2508.0,321.0,0.603797
2508.0,322.0,0.049818
2508.0,323.0,0.229218
2508.0,324.0,0.560454
2508.0,325.0,0.694005
2508.0,326.0,0.462971
2508.0,327.0,0.922395
2508.0,328.0,0.350214
2508.0,329.0,0.540311
2508.0,330.0,0.858407
2508.0,331.0,0.547081
2508.0,332.0,0.283964
2508.0,333.0,0.56861
2508.0,334.0,0.024424
2509.0,0.0,0.409998
2509.0,1.0,0.482425
2509.0,2.0,0.414876
2509.0,3.0,0.726604
2509.0,4.0,0.568089
2509.0,5.0,0.789757
2509.0,6.0,0.619305
2509.0,7.0,0.292151
2509.0,8.0,0.166806
2509.0,9.0,0.69055
2509.0,10.0,0.381139
2509.0,11.0,0.322158
2509.0,12.0,0.340079
2509.0,13.0,0.81834
2509.0,14.0,0.523673
2509.0,15.0,0.303863
2509.0,16.0,0.756601
2509.0,17.0,0.949595
2509.0,18.0,0.996542
2509.0,19.0,0.974776
2509.0,20.0,0.419491
2509.0,21.0,0.227954
2509.0,22.0,0.317023
2509.0,23.0,0.419158
2509.0,24.0,0.607966
2509.0,25.0,0.422042
2509.0,26.0,0.595252
2509.0,27.0,0.584286
2509.0,28.0,0.614277
2509.0,29.0,0.603035
2509.0,30.0,0.474045
2509.0,31.0,0.321712
2509.0,32.0,0.419837
2509.0,33.0,0.645246
2509.0,34.0,0.99592
2509.0,35.0,0.414415
2509.0,36.0,0.464804
2509.0,37.0,0.964399
2509.0,38.0,0.050092
2509.0,39.0,0.797264
2509.0,40.0,0.413758
2509.0,41.0,0.0
2509.0,42.0,0.694233
2509.0,43.0,0.40166
2509.0,44.0,0.132278
2509.0,45.0,0.474335
2509.0,46.0,0.666226
2509.0,47.0,0.0
2509.0,48.0,0.0
2509.0,49.0,0.522055
2509.0,50.0,1.0
2509.0,51.0,0.461731
2509.0,52.0,0.752596
2509.0,53.0,0.775588
2509.0,54.0,0.0
2509.0,55.0,0.483304
2509.0,56.0,0.601843
2509.0,57.0,0.47137
2509.0,58.0,0.0
2509.0,59.0,0.27054
2509.0,60.0,0.474178
2509.0,61.0,0.52672
2509.0,62.0,0.110447
2509.0,63.0,0.591752
2509.0,64.0,0.0
2509.0,65.0,0.997568
2509.0,66.0,0.077912
2509.0,67.0,0.16466
2509.0,68.0,0.31934
2509.0,69.0,0.0
2509.0,70.0,0.560511
2509.0,71.0,0.272907
2509.0,72.0,0.897171
2509.0,73.0,0.506054
2509.0,74.0,0.053901
2509.0,75.0,0.571675
2509.0,76.0,0.524366
2509.0,77.0,0.0
2509.0,78.0,0.000731
2509.0,79.0,0.491265
2509.0,80.0,0.024102
2509.0,81.0,0.398348
2509.0,82.0,0.093325
2509.0,83.0,0.905831
2509.0,84.0,0.578082
2509.0,85.0,0.208113
2509.0,86.0,0.581074
2509.0,87.0,0.824263
2509.0,88.0,0.863769
2509.0,89.0,0.328927
2509.0,90.0,0.481683
2509.0,91.0,0.397174
2509.0,92.0,0.317081
2509.0,93.0,0.961905
2509.0,94.0,0.021297
2509.0,95.0,0.610549
2509.0,96.0,0.377934
2509.0,97.0,1.0
2509.0,98.0,0.184164
2509.0,99.0,0.658184
2509.0,100.0,0.713487
2509.0,101.0,0.431916
2509.0,102.0,0.519567
2509.0,103.0,0.474977
2509.0,104.0,0.997706
2509.0,105.0,0.001292
2509.0,106.0,0.051988
2509.0,107.0,0.06677
2509.0,108.0,0.80858
2509.0,109.0,0.982718
2509.0,110.0,0.933164
2509.0,111.0,0.386529
2509.0,112.0,0.198182
2509.0,113.0,1.0
2509.0,114.0,0.000265
2509.0,115.0,0.409263
2509.0,116.0,0.128274
2509.0,117.0,0.367133
2509.0,118.0,0.000508
2509.0,119.0,0.29209
2509.0,120.0,0.282759
2509.0,121.0,0.443685
2509.0,122.0,0.030957
2509.0,123.0,0.349286
2509.0,124.0,1.0
2509.0,125.0,0.415712
2509.0,126.0,0.98144
2509.0,127.0,0.000625
2509.0,128.0,1.0
2509.0,129.0,5.0e-06
2509.0,130.0,0.574647
2509.0,131.0,0.443005
2509.0,132.0,1.0
2509.0,133.0,0.593633
2509.0,134.0,0.91521
2509.0,135.0,0.01449
2509.0,136.0,0.585102
2509.0,137.0,0.42247
2509.0,138.0,0.475683
2509.0,139.0,0.491723
2509.0,140.0,0.293807
2509.0,141.0,0.818889
2509.0,142.0,0.299823
2509.0,143.0,0.942037
2509.0,144.0,0.498957
2509.0,145.0,0.371951
2509.0,146.0,0.357496
2509.0,147.0,0.036912
2509.0,148.0,0.976533
2509.0,149.0,0.553601
2509.0,150.0,0.525454
2509.0,151.0,0.108503
2509.0,152.0,0.33026
2509.0,153.0,0.591506
2509.0,154.0,0.827604
2509.0,155.0,0.870491
2509.0,156.0,0.082573
2509.0,157.0,0.0
2509.0,158.0,0.672999
2509.0,159.0,0.637945
2509.0,160.0,0.574047
2509.0,161.0,0.18961
2509.0,162.0,0.303006
2509.0,163.0,0.309489
2509.0,164.0,0.275813
2509.0,165.0,0.81558
2509.0,166.0,0.612037
2509.0,167.0,0.856565
2509.0,168.0,0.919197
2509.0,169.0,0.089803
2509.0,170.0,0.585926
2509.0,171.0,0.658859
2509.0,172.0,0.998685
2509.0,173.0,0.0
2509.0,174.0,0.646358
2509.0,175.0,0.453794
2509.0,176.0,0.884314
2509.0,177.0,0.319238
2509.0,178.0,1.0
2509.0,179.0,0.488945
2509.0,180.0,0.485111
2509.0,181.0,0.843365
2509.0,182.0,0.358074
2509.0,183.0,0.0
2509.0,184.0,0.788953
2509.0,185.0,0.328263
2509.0,186.0,0.482597
2509.0,187.0,0.208694
2509.0,188.0,0.243821
2509.0,189.0,0.971845
2509.0,190.0,0.432646
2509.0,191.0,0.617399
2509.0,192.0,0.566994
2509.0,193.0,0.556611
2509.0,194.0,1.0
2509.0,195.0,0.175062
2509.0,196.0,0.792077
2509.0,197.0,0.735747
2509.0,198.0,0.347117
2509.0,199.0,0.118485
2509.0,200.0,0.403927
2509.0,201.0,0.221263
2509.0,202.0,0.340163
2509.0,203.0,0.540689
2509.0,204.0,0.995341
2509.0,205.0,0.289664
2509.0,206.0,0.64342
2509.0,207.0,0.9931
2509.0,208.0,0.466986
2509.0,209.0,0.283427
2509.0,210.0,0.998874
2509.0,211.0,0.824249
2509.0,212.0,0.050927
2509.0,213.0,0.624448
2509.0,214.0,0.567705
2509.0,215.0,0.5296
2509.0,216.0,1.0
2509.0,217.0,0.671852
2509.0,218.0,0.0
2509.0,219.0,0.380389
2509.0,220.0,0.484356
2509.0,221.0,0.32583
2509.0,222.0,0.01875
2509.0,223.0,0.0
2509.0,224.0,0.55057
2509.0,225.0,0.866937
2509.0,226.0,0.608013
2509.0,227.0,0.669361
2509.0,228.0,0.114099
2509.0,229.0,0.284466
2509.0,230.0,0.999194
2509.0,231.0,0.588356
2509.0,232.0,0.327771
2509.0,233.0,0.250415
2509.0,234.0,0.295135
2509.0,235.0,0.431587
2509.0,236.0,0.802611
2509.0,237.0,0.122117
2509.0,238.0,0.878849
2509.0,239.0,0.266467
2509.0,240.0,0.584577
2509.0,241.0,0.336986
2509.0,242.0,0.248004
2509.0,243.0,0.781032
2509.0,244.0,0.567816
2509.0,245.0,0.002735
2509.0,246.0,0.185113
2509.0,247.0,0.284183
2509.0,248.0,0.161302
2509.0,249.0,0.003339
2509.0,250.0,0.791521
2509.0,251.0,0.652755
2509.0,252.0,0.630473
2509.0,253.0,0.589727
2509.0,254.0,0.977957
2509.0,255.0,0.673252
2509.0,256.0,0.884175
2509.0,257.0,0.298659
2509.0,258.0,1.0
2509.0,259.0,0.165925
2509.0,260.0,0.025902
2509.0,261.0,0.383821
2509.0,262.0,0.737592
2509.0,263.0,0.670787
2509.0,264.0,0.269062
2509.0,265.0,0.103055
2509.0,266.0,0.320359
2509.0,267.0,1.0
2509.0,268.0,0.438884
2509.0,269.0,0.39654
2509.0,270.0,0.337436
2509.0,271.0,0.389743
2509.0,272.0,0.678194
2509.0,273.0,0.619496
2509.0,274.0,0.1567
2509.0,275.0,0.22423
2509.0,276.0,0.897802
2509.0,277.0,0.439758
2509.0,278.0,0.453667
2509.0,279.0,0.225669
2509.0,280.0,0.368077
2509.0,281.0,0.001984
2509.0,282.0,0.977347
2509.0,283.0,0.1219
2509.0,284.0,0.918458
2509.0,285.0,0.208169
2509.0,286.0,0.267469
2509.0,287.0,0.301309
2509.0,288.0,0.646824
2509.0,289.0,0.353847
2509.0,290.0,0.582516
2509.0,291.0,0.83348
2509.0,292.0,0.0
2509.0,293.0,0.574486
2509.0,294.0,0.800222
2509.0,295.0,1.0
2509.0,296.0,0.94068
2509.0,297.0,0.002187
2509.0,298.0,0.455517
2509.0,299.0,0.161467
2509.0,300.0,0.126787
2509.0,301.0,0.08624
2509.0,302.0,0.382394
2509.0,303.0,0.574217
2509.0,304.0,0.657003
2509.0,305.0,0.600789
2509.0,306.0,0.298153
2509.0,307.0,0.401526
2509.0,308.0,0.083958
2509.0,309.0,0.524702
2509.0,310.0,0.16374
2509.0,311.0,0.477123
2509.0,312.0,0.178301
2509.0,313.0,0.753527
2509.0,314.0,0.178788
2509.0,315.0,0.0
2509.0,316.0,0.52647
2509.0,317.0,0.625553
2509.0,318.0,0.37901
2509.0,319.0,0.746587
2509.0,320.0,0.374038
2509.0,321.0,0.599433
2509.0,322.0,0.04972
2509.0,323.0,0.226761
2509.0,324.0,0.552742
2509.0,325.0,0.693747
2509.0,326.0,0.461711
2509.0,327.0,0.921286
2509.0,328.0,0.342439
2509.0,329.0,0.535227
2509.0,330.0,0.857416
2509.0,331.0,0.54063
2509.0,332.0,0.280116
2509.0,333.0,0.564961
2509.0,334.0,0.024116
2510.0,0.0,0.407825
2510.0,1.0,0.481439
2510.0,2.0,0.410358
2510.0,3.0,0.726372
2510.0,4.0,0.56386
2510.0,5.0,0.789266
2510.0,6.0,0.614868
2510.0,7.0,0.288869
2510.0,8.0,0.166704
2510.0,9.0,0.688535
2510.0,10.0,0.378669
2510.0,11.0,0.320515
2510.0,12.0,0.334189
2510.0,13.0,0.817852
2510.0,14.0,0.522776
2510.0,15.0,0.301687
2510.0,16.0,0.756125
2510.0,17.0,0.948021
2510.0,18.0,0.996427
2510.0,19.0,0.973393
2510.0,20.0,0.414679
2510.0,21.0,0.227504
2510.0,22.0,0.302417
2510.0,23.0,0.418641
2510.0,24.0,0.606128
2510.0,25.0,0.421525
2510.0,26.0,0.591405
2510.0,27.0,0.582264
2510.0,28.0,0.611725
2510.0,29.0,0.598525
2510.0,30.0,0.468391
2510.0,31.0,0.320701
2510.0,32.0,0.414407
2510.0,33.0,0.644588
2510.0,34.0,0.995714
2510.0,35.0,0.410013
2510.0,36.0,0.464721
2510.0,37.0,0.964297
2510.0,38.0,0.034896
2510.0,39.0,0.795397
2510.0,40.0,0.408178
2510.0,41.0,0.0
2510.0,42.0,0.694028
2510.0,43.0,0.400093
2510.0,44.0,0.125154
2510.0,45.0,0.473219
2510.0,46.0,0.665432
2510.0,47.0,0.0
2510.0,48.0,0.0
2510.0,49.0,0.522058
2510.0,50.0,1.0
2510.0,51.0,0.453895
2510.0,52.0,0.750652
2510.0,53.0,0.774574
2510.0,54.0,0.0
2510.0,55.0,0.477512
2510.0,56.0,0.600329
2510.0,57.0,0.470646
2510.0,58.0,0.0
2510.0,59.0,0.267879
2510.0,60.0,0.472256
2510.0,61.0,0.526653
2510.0,62.0,0.109067
2510.0,63.0,0.590014
2510.0,64.0,0.0
2510.0,65.0,0.997574
2510.0,66.0,0.076965
2510.0,67.0,0.164272
2510.0,68.0,0.317923
2510.0,69.0,0.0
2510.0,70.0,0.554375
2510.0,71.0,0.269558
2510.0,72.0,0.89674
2510.0,73.0,0.502464
2510.0,74.0,0.05356
2510.0,75.0,0.568487
2510.0,76.0,0.5236
2510.0,77.0,0.0
2510.0,78.0,0.000679
2510.0,79.0,0.489703
2510.0,80.0,0.022973
2510.0,81.0,0.394888
2510.0,82.0,0.092626
2510.0,83.0,0.905108
2510.0,84.0,0.576582
2510.0,85.0,0.206326
2510.0,86.0,0.572674
2510.0,87.0,0.820935
2510.0,88.0,0.863128
2510.0,89.0,0.328465
2510.0,90.0,0.481007
2510.0,91.0,0.39383
2510.0,92.0,0.31167
2510.0,93.0,0.961352
2510.0,94.0,0.02118
2510.0,95.0,0.605867
2510.0,96.0,0.377838
2510.0,97.0,1.0
2510.0,98.0,0.180858
2510.0,99.0,0.656319
2510.0,100.0,0.712683
2510.0,101.0,0.428817
2510.0,102.0,0.517694
2510.0,103.0,0.473388
2510.0,104.0,0.99769
2510.0,105.0,0.001285
2510.0,106.0,0.051694
2510.0,107.0,0.067099
2510.0,108.0,0.805819
2510.0,109.0,0.982447
2510.0,110.0,0.931382
2510.0,111.0,0.382433
2510.0,112.0,0.19674
2510.0,113.0,1.0
2510.0,114.0,0.000266
2510.0,115.0,0.407819
2510.0,116.0,0.127086
2510.0,117.0,0.362864
2510.0,118.0,0.000469
2510.0,119.0,0.291657
2510.0,120.0,0.280867
2510.0,121.0,0.441623
2510.0,122.0,0.030841
2510.0,123.0,0.342216
2510.0,124.0,1.0
2510.0,125.0,0.413759
2510.0,126.0,0.981422
2510.0,127.0,0.00063
2510.0,128.0,1.0
2510.0,129.0,9.0e-06
2510.0,130.0,0.574107
2510.0,131.0,0.441544
2510.0,132.0,1.0
2510.0,133.0,0.591071
2510.0,134.0,0.91461
2510.0,135.0,0.013445
2510.0,136.0,0.571174
2510.0,137.0,0.418755
2510.0,138.0,0.475542
2510.0,139.0,0.488404
2510.0,140.0,0.282399
2510.0,141.0,0.818124
2510.0,142.0,0.298332
2510.0,143.0,0.941781
2510.0,144.0,0.495638
2510.0,145.0,0.369814
2510.0,146.0,0.356394
2510.0,147.0,0.037193
2510.0,148.0,0.976283
2510.0,149.0,0.551526
2510.0,150.0,0.522773
2510.0,151.0,0.106746
2510.0,152.0,0.329749
2510.0,153.0,0.591661
2510.0,154.0,0.825655
2510.0,155.0,0.869612
2510.0,156.0,0.081777
2510.0,157.0,0.0
2510.0,158.0,0.671378
2510.0,159.0,0.633065
2510.0,160.0,0.572304
2510.0,161.0,0.187117
2510.0,162.0,0.299476
2510.0,163.0,0.308393
2510.0,164.0,0.273844
2510.0,165.0,0.816046
2510.0,166.0,0.607771
2510.0,167.0,0.850345
2510.0,168.0,0.917585
2510.0,169.0,0.089622
2510.0,170.0,0.585318
2510.0,171.0,0.653527
2510.0,172.0,0.998642
2510.0,173.0,0.0
2510.0,174.0,0.644451
2510.0,175.0,0.451147
2510.0,176.0,0.882352
2510.0,177.0,0.31919
2510.0,178.0,1.0
2510.0,179.0,0.487282
2510.0,180.0,0.482191
2510.0,181.0,0.842275
2510.0,182.0,0.357958
2510.0,183.0,0.0
2510.0,184.0,0.785915
2510.0,185.0,0.326889
2510.0,186.0,0.464467
2510.0,187.0,0.207922
2510.0,188.0,0.240313
2510.0,189.0,0.971685
2510.0,190.0,0.43082
2510.0,191.0,0.614042
2510.0,192.0,0.566316
2510.0,193.0,0.554149
2510.0,194.0,1.0
2510.0,195.0,0.173964
2510.0,196.0,0.780325
2510.0,197.0,0.731941
2510.0,198.0,0.344664
2510.0,199.0,0.117712
2510.0,200.0,0.399989
2510.0,201.0,0.216712
2510.0,202.0,0.331506
2510.0,203.0,0.536625
2510.0,204.0,0.995103
2510.0,205.0,0.28872
2510.0,206.0,0.642093
2510.0,207.0,0.992902
2510.0,208.0,0.443362
2510.0,209.0,0.283583
2510.0,210.0,0.998857
2510.0,211.0,0.822707
2510.0,212.0,0.050613
2510.0,213.0,0.617981
2510.0,214.0,0.566052
2510.0,215.0,0.528332
2510.0,216.0,1.0
2510.0,217.0,0.667455
2510.0,218.0,0.0
2510.0,219.0,0.375688
2510.0,220.0,0.483536
2510.0,221.0,0.313282
2510.0,222.0,0.018227
2510.0,223.0,0.0
2510.0,224.0,0.548761
2510.0,225.0,0.864566
2510.0,226.0,0.60721
2510.0,227.0,0.664614
2510.0,228.0,0.112642
2510.0,229.0,0.282486
2510.0,230.0,0.999113
2510.0,231.0,0.586387
2510.0,232.0,0.324986
2510.0,233.0,0.247681
2510.0,234.0,0.290456
2510.0,235.0,0.430345
2510.0,236.0,0.7988
2510.0,237.0,0.122231
2510.0,238.0,0.878924
2510.0,239.0,0.265947
2510.0,240.0,0.582827
2510.0,241.0,0.327219
2510.0,242.0,0.243654
2510.0,243.0,0.778492
2510.0,244.0,0.556751
2510.0,245.0,0.002631
2510.0,246.0,0.183766
2510.0,247.0,0.28147
2510.0,248.0,0.160359
2510.0,249.0,0.003244
2510.0,250.0,0.788309
2510.0,251.0,0.647022
2510.0,252.0,0.627567
2510.0,253.0,0.587276
2510.0,254.0,0.975974
2510.0,255.0,0.673361
2510.0,256.0,0.880458
2510.0,257.0,0.291225
2510.0,258.0,1.0
2510.0,259.0,0.164732
2510.0,260.0,0.025679
2510.0,261.0,0.383783
2510.0,262.0,0.730157
2510.0,263.0,0.664231
2510.0,264.0,0.267692
2510.0,265.0,0.101845
2510.0,266.0,0.320111
2510.0,267.0,1.0
2510.0,268.0,0.437449
2510.0,269.0,0.382061
2510.0,270.0,0.336193
2510.0,271.0,0.377134
2510.0,272.0,0.677162
2510.0,273.0,0.617212
2510.0,274.0,0.15604
2510.0,275.0,0.222259
2510.0,276.0,0.896831
2510.0,277.0,0.437706
2510.0,278.0,0.447733
2510.0,279.0,0.225401
2510.0,280.0,0.364788
2510.0,281.0,0.001884
2510.0,282.0,0.977241
2510.0,283.0,0.120685
2510.0,284.0,0.91798
2510.0,285.0,0.205264
2510.0,286.0,0.265517
2510.0,287.0,0.299275
2510.0,288.0,0.643102
2510.0,289.0,0.353076
2510.0,290.0,0.579787
2510.0,291.0,0.832519
2510.0,292.0,0.0
2510.0,293.0,0.572366
2510.0,294.0,0.799672
2510.0,295.0,1.0
2510.0,296.0,0.940148
2510.0,297.0,0.002056
2510.0,298.0,0.437836
2510.0,299.0,0.160214
2510.0,300.0,0.124735
2510.0,301.0,0.08535
2510.0,302.0,0.38136
2510.0,303.0,0.569925
2510.0,304.0,0.647841
2510.0,305.0,0.599639
2510.0,306.0,0.282254
2510.0,307.0,0.399654
2510.0,308.0,0.081489
2510.0,309.0,0.522917
2510.0,310.0,0.158736
2510.0,311.0,0.470146
2510.0,312.0,0.17542
2510.0,313.0,0.749553
2510.0,314.0,0.178248
2510.0,315.0,0.0
2510.0,316.0,0.525459
2510.0,317.0,0.621774
2510.0,318.0,0.379767
2510.0,319.0,0.743711
2510.0,320.0,0.371052
2510.0,321.0,0.595503
2510.0,322.0,0.049449
2510.0,323.0,0.224935
2510.0,324.0,0.544813
2510.0,325.0,0.694479
2510.0,326.0,0.461391
2510.0,327.0,0.920422
2510.0,328.0,0.33622
2510.0,329.0,0.531269
2510.0,330.0,0.856134
2510.0,331.0,0.534897
2510.0,332.0,0.277731
2510.0,333.0,0.561471
2510.0,334.0,0.023547
