FREQUENCIES 
Gen,mut_id,mut_freq
1.0,0.0,0.5
1.0,1.0,0.5
1.0,2.0,0.5
1.0,3.0,0.5
1.0,4.0,0.5
1.0,5.0,0.5
1.0,6.0,0.5
1.0,7.0,0.5
1.0,8.0,0.5
1.0,9.0,0.5
1.0,10.0,0.5
1.0,11.0,0.5
1.0,12.0,0.5
1.0,13.0,0.5
1.0,14.0,0.5
1.0,15.0,0.5
1.0,16.0,0.5
1.0,17.0,0.5
1.0,18.0,0.5
1.0,19.0,0.5
1.0,20.0,0.5
1.0,21.0,0.5
1.0,22.0,0.5
1.0,23.0,0.5
1.0,24.0,0.5
1.0,25.0,0.5
1.0,26.0,0.5
1.0,27.0,0.5
1.0,28.0,0.5
1.0,29.0,0.5
1.0,30.0,0.5
1.0,31.0,0.5
1.0,32.0,0.5
1.0,33.0,0.5
1.0,34.0,0.5
1.0,35.0,0.5
1.0,36.0,0.5
1.0,37.0,0.5
1.0,38.0,0.5
1.0,39.0,0.5
1.0,40.0,0.5
1.0,41.0,0.5
1.0,42.0,0.5
1.0,43.0,0.5
1.0,44.0,0.5
1.0,45.0,0.5
1.0,46.0,0.5
1.0,47.0,0.5
1.0,48.0,0.5
1.0,49.0,0.5
1.0,50.0,0.5
1.0,51.0,0.5
1.0,52.0,0.5
1.0,53.0,0.5
1.0,54.0,0.5
1.0,55.0,0.5
1.0,56.0,0.5
1.0,57.0,0.5
1.0,58.0,0.5
1.0,59.0,0.5
1.0,60.0,0.5
1.0,61.0,0.5
1.0,62.0,0.5
1.0,63.0,0.5
1.0,64.0,0.5
1.0,65.0,0.5
1.0,66.0,0.5
1.0,67.0,0.5
1.0,68.0,0.5
1.0,69.0,0.5
1.0,70.0,0.5
1.0,71.0,0.5
1.0,72.0,0.5
1.0,73.0,0.5
1.0,74.0,0.5
1.0,75.0,0.5
1.0,76.0,0.5
1.0,77.0,0.5
1.0,78.0,0.5
1.0,79.0,0.5
1.0,80.0,0.5
1.0,81.0,0.5
1.0,82.0,0.5
1.0,83.0,0.5
1.0,84.0,0.5
1.0,85.0,0.5
1.0,86.0,0.5
1.0,87.0,0.5
1.0,88.0,0.5
1.0,89.0,0.5
1.0,90.0,0.5
1.0,91.0,0.5
1.0,92.0,0.5
1.0,93.0,0.5
1.0,94.0,0.5
1.0,95.0,0.5
1.0,96.0,0.5
1.0,97.0,0.5
1.0,98.0,0.5
1.0,99.0,0.5
1.0,100.0,0.5
1.0,101.0,0.5
1.0,102.0,0.5
1.0,103.0,0.5
1.0,104.0,0.5
1.0,105.0,0.5
1.0,106.0,0.5
1.0,107.0,0.5
1.0,108.0,0.5
1.0,109.0,0.5
1.0,110.0,0.5
1.0,111.0,0.5
1.0,112.0,0.5
1.0,113.0,0.5
1.0,114.0,0.5
1.0,115.0,0.5
1.0,116.0,0.5
1.0,117.0,0.5
1.0,118.0,0.5
1.0,119.0,0.5
1.0,120.0,0.5
1.0,121.0,0.5
1.0,122.0,0.5
1.0,123.0,0.5
1.0,124.0,0.5
1.0,125.0,0.5
1.0,126.0,0.5
1.0,127.0,0.5
1.0,128.0,0.5
1.0,129.0,0.5
1.0,130.0,0.5
1.0,131.0,0.5
1.0,132.0,0.5
1.0,133.0,0.5
1.0,134.0,0.5
1.0,135.0,0.5
1.0,136.0,0.5
1.0,137.0,0.5
1.0,138.0,0.5
1.0,139.0,0.5
1.0,140.0,0.5
1.0,141.0,0.5
1.0,142.0,0.5
1.0,143.0,0.5
1.0,144.0,0.5
1.0,145.0,0.5
1.0,146.0,0.5
1.0,147.0,0.5
2500.0,0.0,0.36133
2500.0,1.0,1.0
2500.0,2.0,0.0
2500.0,3.0,1.0
2500.0,4.0,0.678879
2500.0,5.0,0.568893
2500.0,6.0,0.358738
2500.0,7.0,0.591172
2500.0,8.0,0.892689
2500.0,9.0,0.729059
2500.0,10.0,0.299997
2500.0,11.0,0.426706
2500.0,12.0,0.381139
2500.0,13.0,0.940787
2500.0,14.0,0.354655
2500.0,15.0,0.265442
2500.0,16.0,0.120148
2500.0,17.0,0.120642
2500.0,18.0,0.0
2500.0,19.0,0.390192
2500.0,20.0,1.0
2500.0,21.0,0.774237
2500.0,22.0,0.061446
2500.0,23.0,0.0
2500.0,24.0,0.229947
2500.0,25.0,0.273941
2500.0,26.0,0.765623
2500.0,27.0,1.0
2500.0,28.0,0.555277
2500.0,29.0,1.0
2500.0,30.0,1.0
2500.0,31.0,0.521779
2500.0,32.0,0.0
2500.0,33.0,0.862602
2500.0,34.0,0.855137
2500.0,35.0,0.53524
2500.0,36.0,0.876517
2500.0,37.0,0.011591
2500.0,38.0,0.588836
2500.0,39.0,0.547384
2500.0,40.0,0.870935
2500.0,41.0,0.593424
2500.0,42.0,0.471211
2500.0,43.0,0.054123
2500.0,44.0,0.984993
2500.0,45.0,0.563218
2500.0,46.0,0.377797
2500.0,47.0,0.626592
2500.0,48.0,1.0
2500.0,49.0,0.544615
2500.0,50.0,0.382651
2500.0,51.0,1.0
2500.0,52.0,0.624052
2500.0,53.0,0.7411
2500.0,54.0,0.022797
2500.0,55.0,0.62026
2500.0,56.0,1.0
2500.0,57.0,0.507141
2500.0,58.0,0.683298
2500.0,59.0,0.705242
2500.0,60.0,0.500552
2500.0,61.0,0.5169
2500.0,62.0,1.0
2500.0,63.0,0.000335
2500.0,64.0,0.62473
2500.0,65.0,0.422348
2500.0,66.0,0.746462
2500.0,67.0,0.4079
2500.0,68.0,0.347717
2500.0,69.0,0.279884
2500.0,70.0,0.899242
2500.0,71.0,0.265342
2500.0,72.0,0.163875
2500.0,73.0,0.662749
2500.0,74.0,0.637337
2500.0,75.0,1.0
2500.0,76.0,1.0
2500.0,77.0,0.109105
2500.0,78.0,0.021428
2500.0,79.0,0.867265
2500.0,80.0,0.940878
2500.0,81.0,0.540371
2500.0,82.0,0.094895
2500.0,83.0,0.123467
2500.0,84.0,0.372822
2500.0,85.0,0.0
2500.0,86.0,0.601031
2500.0,87.0,0.718404
2500.0,88.0,0.015338
2500.0,89.0,0.401519
2500.0,90.0,0.0
2500.0,91.0,0.53278
2500.0,92.0,0.405614
2500.0,93.0,0.636483
2500.0,94.0,0.802779
2500.0,95.0,0.451347
2500.0,96.0,1.0
2500.0,97.0,0.471461
2500.0,98.0,0.55217
2500.0,99.0,0.0014
2500.0,100.0,0.621662
2500.0,101.0,1.0
2500.0,102.0,0.401796
2500.0,103.0,0.26071
2500.0,104.0,0.421059
2500.0,105.0,0.793439
2500.0,106.0,0.940259
2500.0,107.0,0.65102
2500.0,108.0,0.441146
2500.0,109.0,0.47909
2500.0,110.0,1.0
2500.0,111.0,0.465612
2500.0,112.0,0.453578
2500.0,113.0,0.197346
2500.0,114.0,1.0
2500.0,115.0,0.978123
2500.0,116.0,0.994071
2500.0,117.0,0.011842
2500.0,118.0,0.464757
2500.0,119.0,1.0
2500.0,120.0,0.991308
2500.0,121.0,0.404989
2500.0,122.0,0.18786
2500.0,123.0,0.278461
2500.0,124.0,0.264517
2500.0,125.0,0.393772
2500.0,126.0,0.69063
2500.0,127.0,0.123591
2500.0,128.0,0.652646
2500.0,129.0,0.523017
2500.0,130.0,0.403879
2500.0,131.0,0.420633
2500.0,132.0,0.647543
2500.0,133.0,0.638577
2500.0,134.0,0.202597
2500.0,135.0,0.59796
2500.0,136.0,0.509622
2500.0,137.0,0.462816
2500.0,138.0,0.0
2500.0,139.0,0.384766
2500.0,140.0,0.277456
2500.0,141.0,0.307283
2500.0,142.0,1.0
2500.0,143.0,0.422827
2500.0,144.0,0.478204
2500.0,145.0,0.263579
2500.0,146.0,0.0
2500.0,147.0,1.0
2501.0,0.0,0.3649
2501.0,1.0,1.0
2501.0,2.0,0.0
2501.0,3.0,1.0
2501.0,4.0,0.681781
2501.0,5.0,0.569572
2501.0,6.0,0.40117
2501.0,7.0,0.601941
2501.0,8.0,0.892565
2501.0,9.0,0.737044
2501.0,10.0,0.304921
2501.0,11.0,0.433492
2501.0,12.0,0.383053
2501.0,13.0,0.943023
2501.0,14.0,0.365879
2501.0,15.0,0.31342
2501.0,16.0,0.130678
2501.0,17.0,0.123344
2501.0,18.0,0.0
2501.0,19.0,0.390279
2501.0,20.0,1.0
2501.0,21.0,0.777671
2501.0,22.0,0.069633
2501.0,23.0,0.0
2501.0,24.0,0.243598
2501.0,25.0,0.273731
2501.0,26.0,0.771603
2501.0,27.0,1.0
2501.0,28.0,0.557606
2501.0,29.0,1.0
2501.0,30.0,1.0
2501.0,31.0,0.529902
2501.0,32.0,0.0
2501.0,33.0,0.863129
2501.0,34.0,0.865001
2501.0,35.0,0.559562
2501.0,36.0,0.881646
2501.0,37.0,0.011627
2501.0,38.0,0.604467
2501.0,39.0,0.551503
2501.0,40.0,0.871957
2501.0,41.0,0.597301
2501.0,42.0,0.476699
2501.0,43.0,0.054652
2501.0,44.0,0.985226
2501.0,45.0,0.565711
2501.0,46.0,0.387727
2501.0,47.0,0.63915
2501.0,48.0,1.0
2501.0,49.0,0.548869
2501.0,50.0,0.398375
2501.0,51.0,1.0
2501.0,52.0,0.646004
2501.0,53.0,0.743801
2501.0,54.0,0.022829
2501.0,55.0,0.626916
2501.0,56.0,1.0
2501.0,57.0,0.512949
2501.0,58.0,0.68688
2501.0,59.0,0.708936
2501.0,60.0,0.506015
2501.0,61.0,0.523208
2501.0,62.0,1.0
2501.0,63.0,0.000386
2501.0,64.0,0.62617
2501.0,65.0,0.429479
2501.0,66.0,0.755574
2501.0,67.0,0.414265
2501.0,68.0,0.365687
2501.0,69.0,0.305876
2501.0,70.0,0.900233
2501.0,71.0,0.276496
2501.0,72.0,0.180528
2501.0,73.0,0.685118
2501.0,74.0,0.639546
2501.0,75.0,1.0
2501.0,76.0,1.0
2501.0,77.0,0.111144
2501.0,78.0,0.020994
2501.0,79.0,0.868939
2501.0,80.0,0.942177
2501.0,81.0,0.547753
2501.0,82.0,0.09903
2501.0,83.0,0.123324
2501.0,84.0,0.385582
2501.0,85.0,0.0
2501.0,86.0,0.612679
2501.0,87.0,0.728493
2501.0,88.0,0.016252
2501.0,89.0,0.408381
2501.0,90.0,0.0
2501.0,91.0,0.553833
2501.0,92.0,0.412929
2501.0,93.0,0.656203
2501.0,94.0,0.808651
2501.0,95.0,0.462248
2501.0,96.0,1.0
2501.0,97.0,0.479069
2501.0,98.0,0.553615
2501.0,99.0,0.001349
2501.0,100.0,0.628491
2501.0,101.0,1.0
2501.0,102.0,0.416911
2501.0,103.0,0.267426
2501.0,104.0,0.42895
2501.0,105.0,0.801818
2501.0,106.0,0.940778
2501.0,107.0,0.652156
2501.0,108.0,0.454869
2501.0,109.0,0.482099
2501.0,110.0,1.0
2501.0,111.0,0.474919
2501.0,112.0,0.597516
2501.0,113.0,0.203815
2501.0,114.0,1.0
2501.0,115.0,0.978817
2501.0,116.0,0.994455
2501.0,117.0,0.011946
2501.0,118.0,0.488425
2501.0,119.0,1.0
2501.0,120.0,0.991629
2501.0,121.0,0.440168
2501.0,122.0,0.190186
2501.0,123.0,0.282346
2501.0,124.0,0.267694
2501.0,125.0,0.413587
2501.0,126.0,0.695868
2501.0,127.0,0.130647
2501.0,128.0,0.589463
2501.0,129.0,0.538231
2501.0,130.0,0.404652
2501.0,131.0,0.425126
2501.0,132.0,0.658087
2501.0,133.0,0.641991
2501.0,134.0,0.205679
2501.0,135.0,0.610662
2501.0,136.0,0.518457
2501.0,137.0,0.496443
2501.0,138.0,0.0
2501.0,139.0,0.402264
2501.0,140.0,0.284162
2501.0,141.0,0.309336
2501.0,142.0,1.0
2501.0,143.0,0.429456
2501.0,144.0,0.485502
2501.0,145.0,0.274845
2501.0,146.0,0.0
2501.0,147.0,1.0
2502.0,0.0,0.368253
2502.0,1.0,1.0
2502.0,2.0,0.0
2502.0,3.0,1.0
2502.0,4.0,0.685886
2502.0,5.0,0.569878
2502.0,6.0,0.442975
2502.0,7.0,0.614273
2502.0,8.0,0.893494
2502.0,9.0,0.744016
2502.0,10.0,0.309825
2502.0,11.0,0.440326
2502.0,12.0,0.383561
2502.0,13.0,0.94472
2502.0,14.0,0.377632
2502.0,15.0,0.361414
2502.0,16.0,0.142867
2502.0,17.0,0.125765
2502.0,18.0,0.0
2502.0,19.0,0.391093
2502.0,20.0,1.0
2502.0,21.0,0.781266
2502.0,22.0,0.078849
2502.0,23.0,0.0
2502.0,24.0,0.257359
2502.0,25.0,0.275011
2502.0,26.0,0.777165
2502.0,27.0,1.0
2502.0,28.0,0.558518
2502.0,29.0,1.0
2502.0,30.0,1.0
2502.0,31.0,0.536644
2502.0,32.0,0.0
2502.0,33.0,0.86393
2502.0,34.0,0.874277
2502.0,35.0,0.581916
2502.0,36.0,0.885717
2502.0,37.0,0.011687
2502.0,38.0,0.619963
2502.0,39.0,0.555643
2502.0,40.0,0.874132
2502.0,41.0,0.602535
2502.0,42.0,0.481994
2502.0,43.0,0.055788
2502.0,44.0,0.985574
2502.0,45.0,0.568012
2502.0,46.0,0.398661
2502.0,47.0,0.649817
2502.0,48.0,1.0
2502.0,49.0,0.55362
2502.0,50.0,0.414529
2502.0,51.0,1.0
2502.0,52.0,0.666582
2502.0,53.0,0.747546
2502.0,54.0,0.022442
2502.0,55.0,0.633076
2502.0,56.0,1.0
2502.0,57.0,0.51956
2502.0,58.0,0.691176
2502.0,59.0,0.711994
2502.0,60.0,0.511555
2502.0,61.0,0.530092
2502.0,62.0,1.0
2502.0,63.0,0.000357
2502.0,64.0,0.628622
2502.0,65.0,0.43588
2502.0,66.0,0.76352
2502.0,67.0,0.425575
2502.0,68.0,0.382931
2502.0,69.0,0.331536
2502.0,70.0,0.901603
2502.0,71.0,0.287328
2502.0,72.0,0.197397
2502.0,73.0,0.704779
2502.0,74.0,0.642246
2502.0,75.0,1.0
2502.0,76.0,1.0
2502.0,77.0,0.113575
2502.0,78.0,0.021017
2502.0,79.0,0.869452
2502.0,80.0,0.943163
2502.0,81.0,0.554397
2502.0,82.0,0.103597
2502.0,83.0,0.122883
2502.0,84.0,0.398528
2502.0,85.0,0.0
2502.0,86.0,0.623692
2502.0,87.0,0.737477
2502.0,88.0,0.017327
2502.0,89.0,0.414991
2502.0,90.0,0.0
2502.0,91.0,0.573473
2502.0,92.0,0.420575
2502.0,93.0,0.675326
2502.0,94.0,0.814595
2502.0,95.0,0.473111
2502.0,96.0,1.0
2502.0,97.0,0.488127
2502.0,98.0,0.554102
2502.0,99.0,0.001368
2502.0,100.0,0.634678
2502.0,101.0,1.0
2502.0,102.0,0.430882
2502.0,103.0,0.274838
2502.0,104.0,0.436358
2502.0,105.0,0.809872
2502.0,106.0,0.940721
2502.0,107.0,0.652854
2502.0,108.0,0.46719
2502.0,109.0,0.485203
2502.0,110.0,1.0
2502.0,111.0,0.484074
2502.0,112.0,0.689972
2502.0,113.0,0.210785
2502.0,114.0,1.0
2502.0,115.0,0.979574
2502.0,116.0,0.994679
2502.0,117.0,0.012086
2502.0,118.0,0.512269
2502.0,119.0,1.0
2502.0,120.0,0.991848
2502.0,121.0,0.47306
2502.0,122.0,0.191655
2502.0,123.0,0.285835
2502.0,124.0,0.272536
2502.0,125.0,0.433746
2502.0,126.0,0.700931
2502.0,127.0,0.137366
2502.0,128.0,0.555019
2502.0,129.0,0.552981
2502.0,130.0,0.406569
2502.0,131.0,0.428988
2502.0,132.0,0.669584
2502.0,133.0,0.645829
2502.0,134.0,0.209511
2502.0,135.0,0.622324
2502.0,136.0,0.526657
2502.0,137.0,0.527294
2502.0,138.0,0.0
2502.0,139.0,0.418848
2502.0,140.0,0.290414
2502.0,141.0,0.311998
2502.0,142.0,1.0
2502.0,143.0,0.435104
2502.0,144.0,0.492173
2502.0,145.0,0.286094
2502.0,146.0,0.0
2502.0,147.0,1.0
2503.0,0.0,0.372043
2503.0,1.0,1.0
2503.0,2.0,0.0
2503.0,3.0,1.0
2503.0,4.0,0.688955
2503.0,5.0,0.571101
2503.0,6.0,0.485126
2503.0,7.0,0.624421
2503.0,8.0,0.894458
2503.0,9.0,0.751033
2503.0,10.0,0.313701
2503.0,11.0,0.446512
2503.0,12.0,0.383999
2503.0,13.0,0.946349
2503.0,14.0,0.388925
2503.0,15.0,0.409567
2503.0,16.0,0.156403
2503.0,17.0,0.128017
2503.0,18.0,0.0
2503.0,19.0,0.392434
2503.0,20.0,1.0
2503.0,21.0,0.784418
2503.0,22.0,0.089107
2503.0,23.0,0.0
2503.0,24.0,0.271206
2503.0,25.0,0.276346
2503.0,26.0,0.781957
2503.0,27.0,1.0
2503.0,28.0,0.55862
2503.0,29.0,1.0
2503.0,30.0,1.0
2503.0,31.0,0.544095
2503.0,32.0,0.0
2503.0,33.0,0.865548
2503.0,34.0,0.883064
2503.0,35.0,0.603212
2503.0,36.0,0.889816
2503.0,37.0,0.011757
2503.0,38.0,0.634583
2503.0,39.0,0.558969
2503.0,40.0,0.875789
2503.0,41.0,0.605858
2503.0,42.0,0.487681
2503.0,43.0,0.056735
2503.0,44.0,0.985772
2503.0,45.0,0.570554
2503.0,46.0,0.410181
2503.0,47.0,0.660841
2503.0,48.0,1.0
2503.0,49.0,0.55853
2503.0,50.0,0.431091
2503.0,51.0,1.0
2503.0,52.0,0.685244
2503.0,53.0,0.750429
2503.0,54.0,0.022438
2503.0,55.0,0.639442
2503.0,56.0,1.0
2503.0,57.0,0.525559
2503.0,58.0,0.69508
2503.0,59.0,0.714961
2503.0,60.0,0.517288
2503.0,61.0,0.536852
2503.0,62.0,1.0
2503.0,63.0,0.000378
2503.0,64.0,0.628991
2503.0,65.0,0.442328
2503.0,66.0,0.770547
2503.0,67.0,0.439371
2503.0,68.0,0.400009
2503.0,69.0,0.357763
2503.0,70.0,0.902638
2503.0,71.0,0.298881
2503.0,72.0,0.215323
2503.0,73.0,0.722968
2503.0,74.0,0.644027
2503.0,75.0,1.0
2503.0,76.0,1.0
2503.0,77.0,0.116203
2503.0,78.0,0.021067
2503.0,79.0,0.869246
2503.0,80.0,0.944346
2503.0,81.0,0.561585
2503.0,82.0,0.107768
2503.0,83.0,0.122501
2503.0,84.0,0.40959
2503.0,85.0,0.0
2503.0,86.0,0.634074
2503.0,87.0,0.746455
2503.0,88.0,0.018969
2503.0,89.0,0.421656
2503.0,90.0,0.0
2503.0,91.0,0.593502
2503.0,92.0,0.428217
2503.0,93.0,0.692476
2503.0,94.0,0.819762
2503.0,95.0,0.483806
2503.0,96.0,1.0
2503.0,97.0,0.495888
2503.0,98.0,0.55404
2503.0,99.0,0.00147
2503.0,100.0,0.641984
2503.0,101.0,1.0
2503.0,102.0,0.445239
2503.0,103.0,0.281503
2503.0,104.0,0.443606
2503.0,105.0,0.816938
2503.0,106.0,0.940887
2503.0,107.0,0.653863
2503.0,108.0,0.47926
2503.0,109.0,0.488644
2503.0,110.0,1.0
2503.0,111.0,0.493018
2503.0,112.0,0.751545
2503.0,113.0,0.217576
2503.0,114.0,1.0
2503.0,115.0,0.980324
2503.0,116.0,0.995008
2503.0,117.0,0.012353
2503.0,118.0,0.53518
2503.0,119.0,1.0
2503.0,120.0,0.992057
2503.0,121.0,0.503472
2503.0,122.0,0.193227
2503.0,123.0,0.289893
2503.0,124.0,0.277282
2503.0,125.0,0.453137
2503.0,126.0,0.705825
2503.0,127.0,0.144397
2503.0,128.0,0.536705
2503.0,129.0,0.56841
2503.0,130.0,0.408059
2503.0,131.0,0.432911
2503.0,132.0,0.678581
2503.0,133.0,0.649471
2503.0,134.0,0.213516
2503.0,135.0,0.632485
2503.0,136.0,0.533731
2503.0,137.0,0.556819
2503.0,138.0,0.0
2503.0,139.0,0.43456
2503.0,140.0,0.297329
2503.0,141.0,0.314799
2503.0,142.0,1.0
2503.0,143.0,0.440771
2503.0,144.0,0.498935
2503.0,145.0,0.296542
2503.0,146.0,0.0
2503.0,147.0,1.0
2504.0,0.0,0.374966
2504.0,1.0,1.0
2504.0,2.0,0.0
2504.0,3.0,1.0
2504.0,4.0,0.692704
2504.0,5.0,0.571102
2504.0,6.0,0.527607
2504.0,7.0,0.635234
2504.0,8.0,0.895044
2504.0,9.0,0.758421
2504.0,10.0,0.318288
2504.0,11.0,0.451848
2504.0,12.0,0.383794
2504.0,13.0,0.947917
2504.0,14.0,0.400469
2504.0,15.0,0.456588
2504.0,16.0,0.169926
2504.0,17.0,0.130303
2504.0,18.0,0.0
2504.0,19.0,0.392695
2504.0,20.0,1.0
2504.0,21.0,0.788727
2504.0,22.0,0.099755
2504.0,23.0,0.0
2504.0,24.0,0.285188
2504.0,25.0,0.277696
2504.0,26.0,0.786563
2504.0,27.0,1.0
2504.0,28.0,0.559907
2504.0,29.0,1.0
2504.0,30.0,1.0
2504.0,31.0,0.550448
2504.0,32.0,0.0
2504.0,33.0,0.866529
2504.0,34.0,0.890764
2504.0,35.0,0.622067
2504.0,36.0,0.893949
2504.0,37.0,0.011904
2504.0,38.0,0.6482
2504.0,39.0,0.562943
2504.0,40.0,0.877263
2504.0,41.0,0.610556
2504.0,42.0,0.492852
2504.0,43.0,0.05752
2504.0,44.0,0.985897
2504.0,45.0,0.573025
2504.0,46.0,0.419997
2504.0,47.0,0.671395
2504.0,48.0,1.0
2504.0,49.0,0.563354
2504.0,50.0,0.446053
2504.0,51.0,1.0
2504.0,52.0,0.703365
2504.0,53.0,0.753585
2504.0,54.0,0.022235
2504.0,55.0,0.645372
2504.0,56.0,1.0
2504.0,57.0,0.531871
2504.0,58.0,0.700091
2504.0,59.0,0.718014
2504.0,60.0,0.523363
2504.0,61.0,0.544271
2504.0,62.0,1.0
2504.0,63.0,0.000415
2504.0,64.0,0.63032
2504.0,65.0,0.447102
2504.0,66.0,0.776611
2504.0,67.0,0.456568
2504.0,68.0,0.417021
2504.0,69.0,0.384606
2504.0,70.0,0.903466
2504.0,71.0,0.310224
2504.0,72.0,0.233762
2504.0,73.0,0.739333
2504.0,74.0,0.645838
2504.0,75.0,1.0
2504.0,76.0,1.0
2504.0,77.0,0.118641
2504.0,78.0,0.021293
2504.0,79.0,0.869574
2504.0,80.0,0.945775
2504.0,81.0,0.568461
2504.0,82.0,0.111604
2504.0,83.0,0.123026
2504.0,84.0,0.42161
2504.0,85.0,0.0
2504.0,86.0,0.64435
2504.0,87.0,0.754848
2504.0,88.0,0.020548
2504.0,89.0,0.42792
2504.0,90.0,0.0
2504.0,91.0,0.611718
2504.0,92.0,0.434271
2504.0,93.0,0.707497
2504.0,94.0,0.824872
2504.0,95.0,0.493693
2504.0,96.0,1.0
2504.0,97.0,0.503825
2504.0,98.0,0.553526
2504.0,99.0,0.001475
2504.0,100.0,0.648422
2504.0,101.0,1.0
2504.0,102.0,0.459269
2504.0,103.0,0.288704
2504.0,104.0,0.450657
2504.0,105.0,0.823093
2504.0,106.0,0.94156
2504.0,107.0,0.655531
2504.0,108.0,0.490255
2504.0,109.0,0.492713
2504.0,110.0,1.0
2504.0,111.0,0.502435
2504.0,112.0,0.795793
2504.0,113.0,0.222951
2504.0,114.0,1.0
2504.0,115.0,0.981129
2504.0,116.0,0.995197
2504.0,117.0,0.01256
2504.0,118.0,0.5591
2504.0,119.0,1.0
2504.0,120.0,0.992186
2504.0,121.0,0.531017
2504.0,122.0,0.195162
2504.0,123.0,0.293588
2504.0,124.0,0.281743
2504.0,125.0,0.472543
2504.0,126.0,0.710614
2504.0,127.0,0.151784
2504.0,128.0,0.527512
2504.0,129.0,0.584171
2504.0,130.0,0.409022
2504.0,131.0,0.436842
2504.0,132.0,0.687086
2504.0,133.0,0.652766
2504.0,134.0,0.216934
2504.0,135.0,0.641161
2504.0,136.0,0.541156
2504.0,137.0,0.58437
2504.0,138.0,0.0
2504.0,139.0,0.449865
2504.0,140.0,0.304782
2504.0,141.0,0.317782
2504.0,142.0,1.0
2504.0,143.0,0.446742
2504.0,144.0,0.506925
2504.0,145.0,0.307039
2504.0,146.0,0.0
2504.0,147.0,1.0
2505.0,0.0,0.378256
2505.0,1.0,1.0
2505.0,2.0,0.0
2505.0,3.0,1.0
2505.0,4.0,0.695979
2505.0,5.0,0.571278
2505.0,6.0,0.569768
2505.0,7.0,0.646303
2505.0,8.0,0.895495
2505.0,9.0,0.765138
2505.0,10.0,0.322266
2505.0,11.0,0.457825
2505.0,12.0,0.384328
2505.0,13.0,0.950158
2505.0,14.0,0.411968
2505.0,15.0,0.500999
2505.0,16.0,0.184894
2505.0,17.0,0.133848
2505.0,18.0,0.0
2505.0,19.0,0.393529
2505.0,20.0,1.0
2505.0,21.0,0.791895
2505.0,22.0,0.112023
2505.0,23.0,0.0
2505.0,24.0,0.299068
2505.0,25.0,0.278129
2505.0,26.0,0.791355
2505.0,27.0,1.0
2505.0,28.0,0.560292
2505.0,29.0,1.0
2505.0,30.0,1.0
2505.0,31.0,0.55742
2505.0,32.0,0.0
2505.0,33.0,0.866983
2505.0,34.0,0.897763
2505.0,35.0,0.638641
2505.0,36.0,0.898555
2505.0,37.0,0.011794
2505.0,38.0,0.661673
2505.0,39.0,0.567649
2505.0,40.0,0.878951
2505.0,41.0,0.614004
2505.0,42.0,0.498065
2505.0,43.0,0.058095
2505.0,44.0,0.985911
2505.0,45.0,0.57482
2505.0,46.0,0.430692
2505.0,47.0,0.68117
2505.0,48.0,1.0
2505.0,49.0,0.568139
2505.0,50.0,0.461325
2505.0,51.0,1.0
2505.0,52.0,0.71983
2505.0,53.0,0.756355
2505.0,54.0,0.022265
2505.0,55.0,0.651679
2505.0,56.0,1.0
2505.0,57.0,0.537658
2505.0,58.0,0.703767
2505.0,59.0,0.720941
2505.0,60.0,0.529499
2505.0,61.0,0.551775
2505.0,62.0,1.0
2505.0,63.0,0.00041
2505.0,64.0,0.632042
2505.0,65.0,0.45326
2505.0,66.0,0.783085
2505.0,67.0,0.474781
2505.0,68.0,0.432671
2505.0,69.0,0.410996
2505.0,70.0,0.904139
2505.0,71.0,0.321675
2505.0,72.0,0.253043
2505.0,73.0,0.754627
2505.0,74.0,0.648226
2505.0,75.0,1.0
2505.0,76.0,1.0
2505.0,77.0,0.121195
2505.0,78.0,0.021436
2505.0,79.0,0.869964
2505.0,80.0,0.94693
2505.0,81.0,0.575713
2505.0,82.0,0.116242
2505.0,83.0,0.123384
2505.0,84.0,0.434102
2505.0,85.0,0.0
2505.0,86.0,0.65476
2505.0,87.0,0.763058
2505.0,88.0,0.022095
2505.0,89.0,0.43405
2505.0,90.0,0.0
2505.0,91.0,0.630331
2505.0,92.0,0.441737
2505.0,93.0,0.723894
2505.0,94.0,0.829391
2505.0,95.0,0.503965
2505.0,96.0,1.0
2505.0,97.0,0.511597
2505.0,98.0,0.553404
2505.0,99.0,0.001583
2505.0,100.0,0.655206
2505.0,101.0,1.0
2505.0,102.0,0.473251
2505.0,103.0,0.296481
2505.0,104.0,0.45749
2505.0,105.0,0.82953
2505.0,106.0,0.942197
2505.0,107.0,0.657029
2505.0,108.0,0.501238
2505.0,109.0,0.496204
2505.0,110.0,1.0
2505.0,111.0,0.511882
2505.0,112.0,0.828038
2505.0,113.0,0.229247
2505.0,114.0,1.0
2505.0,115.0,0.981594
2505.0,116.0,0.995428
2505.0,117.0,0.01268
2505.0,118.0,0.582964
2505.0,119.0,1.0
2505.0,120.0,0.992371
2505.0,121.0,0.556157
2505.0,122.0,0.197044
2505.0,123.0,0.296921
2505.0,124.0,0.285722
2505.0,125.0,0.492205
2505.0,126.0,0.714536
2505.0,127.0,0.158287
2505.0,128.0,0.525158
2505.0,129.0,0.600214
2505.0,130.0,0.40939
2505.0,131.0,0.440797
2505.0,132.0,0.697414
2505.0,133.0,0.657198
2505.0,134.0,0.220955
2505.0,135.0,0.649825
2505.0,136.0,0.548366
2505.0,137.0,0.608759
2505.0,138.0,0.0
2505.0,139.0,0.464646
2505.0,140.0,0.312404
2505.0,141.0,0.320424
2505.0,142.0,1.0
2505.0,143.0,0.452978
2505.0,144.0,0.514316
2505.0,145.0,0.317142
2505.0,146.0,0.0
2505.0,147.0,1.0
2506.0,0.0,0.375508
2506.0,1.0,1.0
2506.0,2.0,0.0
2506.0,3.0,1.0
2506.0,4.0,0.691738
2506.0,5.0,0.570794
2506.0,6.0,0.519226
2506.0,7.0,0.634821
2506.0,8.0,0.895501
2506.0,9.0,0.757916
2506.0,10.0,0.317985
2506.0,11.0,0.452642
2506.0,12.0,0.384599
2506.0,13.0,0.948014
2506.0,14.0,0.399578
2506.0,15.0,0.445407
2506.0,16.0,0.168051
2506.0,17.0,0.130719
2506.0,18.0,0.0
2506.0,19.0,0.393737
2506.0,20.0,1.0
2506.0,21.0,0.789669
2506.0,22.0,0.098321
2506.0,23.0,0.0
2506.0,24.0,0.283724
2506.0,25.0,0.277545
2506.0,26.0,0.786965
2506.0,27.0,1.0
2506.0,28.0,0.558554
2506.0,29.0,1.0
2506.0,30.0,1.0
2506.0,31.0,0.550024
2506.0,32.0,0.0
2506.0,33.0,0.866147
2506.0,34.0,0.889887
2506.0,35.0,0.616201
2506.0,36.0,0.893975
2506.0,37.0,0.011782
2506.0,38.0,0.646075
2506.0,39.0,0.563094
2506.0,40.0,0.877678
2506.0,41.0,0.609657
2506.0,42.0,0.491884
2506.0,43.0,0.05752
2506.0,44.0,0.985707
2506.0,45.0,0.572712
2506.0,46.0,0.4191
2506.0,47.0,0.67112
2506.0,48.0,1.0
2506.0,49.0,0.562944
2506.0,50.0,0.442134
2506.0,51.0,1.0
2506.0,52.0,0.70077
2506.0,53.0,0.752988
2506.0,54.0,0.022598
2506.0,55.0,0.645634
2506.0,56.0,1.0
2506.0,57.0,0.531465
2506.0,58.0,0.699548
2506.0,59.0,0.716906
2506.0,60.0,0.523749
2506.0,61.0,0.544954
2506.0,62.0,1.0
2506.0,63.0,0.000405
2506.0,64.0,0.629601
2506.0,65.0,0.446834
2506.0,66.0,0.777184
2506.0,67.0,0.459467
2506.0,68.0,0.414599
2506.0,69.0,0.378
2506.0,70.0,0.903246
2506.0,71.0,0.309455
2506.0,72.0,0.232687
2506.0,73.0,0.737036
2506.0,74.0,0.646694
2506.0,75.0,1.0
2506.0,76.0,1.0
2506.0,77.0,0.118782
2506.0,78.0,0.021274
2506.0,79.0,0.869707
2506.0,80.0,0.946161
2506.0,81.0,0.56806
2506.0,82.0,0.111069
2506.0,83.0,0.122979
2506.0,84.0,0.421663
2506.0,85.0,0.0
2506.0,86.0,0.643929
2506.0,87.0,0.753807
2506.0,88.0,0.020527
2506.0,89.0,0.428187
2506.0,90.0,0.0
2506.0,91.0,0.608989
2506.0,92.0,0.433065
2506.0,93.0,0.707248
2506.0,94.0,0.824244
2506.0,95.0,0.492988
2506.0,96.0,1.0
2506.0,97.0,0.502709
2506.0,98.0,0.552666
2506.0,99.0,0.001469
2506.0,100.0,0.648347
2506.0,101.0,1.0
2506.0,102.0,0.456965
2506.0,103.0,0.288672
2506.0,104.0,0.44949
2506.0,105.0,0.822176
2506.0,106.0,0.941627
2506.0,107.0,0.653895
2506.0,108.0,0.488508
2506.0,109.0,0.492222
2506.0,110.0,1.0
2506.0,111.0,0.502313
2506.0,112.0,0.750989
2506.0,113.0,0.222578
2506.0,114.0,1.0
2506.0,115.0,0.98087
2506.0,116.0,0.995271
2506.0,117.0,0.012656
2506.0,118.0,0.557326
2506.0,119.0,1.0
2506.0,120.0,0.992073
2506.0,121.0,0.521655
2506.0,122.0,0.194518
2506.0,123.0,0.292731
2506.0,124.0,0.281201
2506.0,125.0,0.470605
2506.0,126.0,0.710047
2506.0,127.0,0.150565
2506.0,128.0,0.549496
2506.0,129.0,0.583437
2506.0,130.0,0.408789
2506.0,131.0,0.436095
2506.0,132.0,0.687111
2506.0,133.0,0.652485
2506.0,134.0,0.216962
2506.0,135.0,0.6404
2506.0,136.0,0.540031
2506.0,137.0,0.576778
2506.0,138.0,0.0
2506.0,139.0,0.446433
2506.0,140.0,0.305504
2506.0,141.0,0.317593
2506.0,142.0,1.0
2506.0,143.0,0.446938
2506.0,144.0,0.507093
2506.0,145.0,0.304519
2506.0,146.0,0.0
2506.0,147.0,1.0
2507.0,0.0,0.371433
2507.0,1.0,1.0
2507.0,2.0,0.0
2507.0,3.0,1.0
2507.0,4.0,0.687629
2507.0,5.0,0.569459
2507.0,6.0,0.473794
2507.0,7.0,0.622971
2507.0,8.0,0.895341
2507.0,9.0,0.750754
2507.0,10.0,0.312834
2507.0,11.0,0.446166
2507.0,12.0,0.38435
2507.0,13.0,0.945809
2507.0,14.0,0.388476
2507.0,15.0,0.393185
2507.0,16.0,0.153728
2507.0,17.0,0.128198
2507.0,18.0,0.0
2507.0,19.0,0.393184
2507.0,20.0,1.0
2507.0,21.0,0.786268
2507.0,22.0,0.086907
2507.0,23.0,0.0
2507.0,24.0,0.270097
2507.0,25.0,0.277106
2507.0,26.0,0.782284
2507.0,27.0,1.0
2507.0,28.0,0.557066
2507.0,29.0,1.0
2507.0,30.0,1.0
2507.0,31.0,0.541389
2507.0,32.0,0.0
2507.0,33.0,0.866368
2507.0,34.0,0.882205
2507.0,35.0,0.594482
2507.0,36.0,0.890019
2507.0,37.0,0.011739
2507.0,38.0,0.629888
2507.0,39.0,0.558867
2507.0,40.0,0.877061
2507.0,41.0,0.605341
2507.0,42.0,0.486351
2507.0,43.0,0.056685
2507.0,44.0,0.985528
2507.0,45.0,0.56983
2507.0,46.0,0.408089
2507.0,47.0,0.660303
2507.0,48.0,1.0
2507.0,49.0,0.558603
2507.0,50.0,0.425155
2507.0,51.0,1.0
2507.0,52.0,0.681191
2507.0,53.0,0.749721
2507.0,54.0,0.022606
2507.0,55.0,0.639871
2507.0,56.0,1.0
2507.0,57.0,0.524625
2507.0,58.0,0.695459
2507.0,59.0,0.713714
2507.0,60.0,0.51771
2507.0,61.0,0.537762
2507.0,62.0,1.0
2507.0,63.0,0.000418
2507.0,64.0,0.628356
2507.0,65.0,0.439989
2507.0,66.0,0.770503
2507.0,67.0,0.445896
2507.0,68.0,0.396956
2507.0,69.0,0.348369
2507.0,70.0,0.901889
2507.0,71.0,0.297709
2507.0,72.0,0.213384
2507.0,73.0,0.718402
2507.0,74.0,0.643209
2507.0,75.0,1.0
2507.0,76.0,1.0
2507.0,77.0,0.116402
2507.0,78.0,0.020935
2507.0,79.0,0.868995
2507.0,80.0,0.944806
2507.0,81.0,0.561149
2507.0,82.0,0.106334
2507.0,83.0,0.122256
2507.0,84.0,0.408909
2507.0,85.0,0.0
2507.0,86.0,0.632879
2507.0,87.0,0.744584
2507.0,88.0,0.019048
2507.0,89.0,0.422385
2507.0,90.0,0.0
2507.0,91.0,0.589151
2507.0,92.0,0.425877
2507.0,93.0,0.689946
2507.0,94.0,0.818027
2507.0,95.0,0.482603
2507.0,96.0,1.0
2507.0,97.0,0.493938
2507.0,98.0,0.551714
2507.0,99.0,0.001453
2507.0,100.0,0.642494
2507.0,101.0,1.0
2507.0,102.0,0.442022
2507.0,103.0,0.28185
2507.0,104.0,0.442366
2507.0,105.0,0.814451
2507.0,106.0,0.941455
2507.0,107.0,0.651938
2507.0,108.0,0.477061
2507.0,109.0,0.489872
2507.0,110.0,1.0
2507.0,111.0,0.492556
2507.0,112.0,0.667048
2507.0,113.0,0.216761
2507.0,114.0,1.0
2507.0,115.0,0.980508
2507.0,116.0,0.994982
2507.0,117.0,0.012574
2507.0,118.0,0.532731
2507.0,119.0,1.0
2507.0,120.0,0.991867
2507.0,121.0,0.489923
2507.0,122.0,0.192902
2507.0,123.0,0.2873
2507.0,124.0,0.276631
2507.0,125.0,0.450181
2507.0,126.0,0.706124
2507.0,127.0,0.14262
2507.0,128.0,0.578053
2507.0,129.0,0.566752
2507.0,130.0,0.408026
2507.0,131.0,0.431022
2507.0,132.0,0.677792
2507.0,133.0,0.648027
2507.0,134.0,0.212928
2507.0,135.0,0.630768
2507.0,136.0,0.532878
2507.0,137.0,0.547023
2507.0,138.0,0.0
2507.0,139.0,0.429537
2507.0,140.0,0.298413
2507.0,141.0,0.314331
2507.0,142.0,1.0
2507.0,143.0,0.441101
2507.0,144.0,0.499448
2507.0,145.0,0.29325
2507.0,146.0,0.0
2507.0,147.0,1.0
2508.0,0.0,0.368526
2508.0,1.0,1.0
2508.0,2.0,0.0
2508.0,3.0,1.0
2508.0,4.0,0.684221
2508.0,5.0,0.568859
2508.0,6.0,0.431448
2508.0,7.0,0.610579
2508.0,8.0,0.89479
2508.0,9.0,0.743541
2508.0,10.0,0.308098
2508.0,11.0,0.441015
2508.0,12.0,0.382836
2508.0,13.0,0.944035
2508.0,14.0,0.377998
2508.0,15.0,0.346292
2508.0,16.0,0.141969
2508.0,17.0,0.125847
2508.0,18.0,0.0
2508.0,19.0,0.391767
2508.0,20.0,1.0
2508.0,21.0,0.783079
2508.0,22.0,0.077245
2508.0,23.0,0.0
2508.0,24.0,0.256909
2508.0,25.0,0.275739
2508.0,26.0,0.776951
2508.0,27.0,1.0
2508.0,28.0,0.555305
2508.0,29.0,1.0
2508.0,30.0,1.0
2508.0,31.0,0.535052
2508.0,32.0,0.0
2508.0,33.0,0.866096
2508.0,34.0,0.874022
2508.0,35.0,0.573352
2508.0,36.0,0.885678
2508.0,37.0,0.011626
2508.0,38.0,0.615449
2508.0,39.0,0.554382
2508.0,40.0,0.875562
2508.0,41.0,0.602478
2508.0,42.0,0.481416
2508.0,43.0,0.056399
2508.0,44.0,0.985316
2508.0,45.0,0.566991
2508.0,46.0,0.396936
2508.0,47.0,0.650335
2508.0,48.0,1.0
2508.0,49.0,0.554537
2508.0,50.0,0.409436
2508.0,51.0,1.0
2508.0,52.0,0.66276
2508.0,53.0,0.745861
2508.0,54.0,0.022386
2508.0,55.0,0.63393
2508.0,56.0,1.0
2508.0,57.0,0.518682
2508.0,58.0,0.690647
2508.0,59.0,0.710471
2508.0,60.0,0.512091
2508.0,61.0,0.53018
2508.0,62.0,1.0
2508.0,63.0,0.000402
2508.0,64.0,0.626008
2508.0,65.0,0.433747
2508.0,66.0,0.763584
2508.0,67.0,0.433079
2508.0,68.0,0.380586
2508.0,69.0,0.322133
2508.0,70.0,0.900648
2508.0,71.0,0.286475
2508.0,72.0,0.19641
2508.0,73.0,0.699985
2508.0,74.0,0.640172
2508.0,75.0,1.0
2508.0,76.0,1.0
2508.0,77.0,0.114446
2508.0,78.0,0.020895
2508.0,79.0,0.868484
2508.0,80.0,0.943716
2508.0,81.0,0.55414
2508.0,82.0,0.101907
2508.0,83.0,0.121643
2508.0,84.0,0.395469
2508.0,85.0,0.0
2508.0,86.0,0.622193
2508.0,87.0,0.735393
2508.0,88.0,0.017584
2508.0,89.0,0.416823
2508.0,90.0,0.0
2508.0,91.0,0.569488
2508.0,92.0,0.419187
2508.0,93.0,0.672455
2508.0,94.0,0.812633
2508.0,95.0,0.471879
2508.0,96.0,1.0
2508.0,97.0,0.48696
2508.0,98.0,0.551285
2508.0,99.0,0.001446
2508.0,100.0,0.635055
2508.0,101.0,1.0
2508.0,102.0,0.427806
2508.0,103.0,0.274504
2508.0,104.0,0.435147
2508.0,105.0,0.806533
2508.0,106.0,0.941418
2508.0,107.0,0.650975
2508.0,108.0,0.466114
2508.0,109.0,0.486985
2508.0,110.0,1.0
2508.0,111.0,0.482409
2508.0,112.0,0.586475
2508.0,113.0,0.210186
2508.0,114.0,1.0
2508.0,115.0,0.979954
2508.0,116.0,0.994799
2508.0,117.0,0.012603
2508.0,118.0,0.509717
2508.0,119.0,1.0
2508.0,120.0,0.991645
2508.0,121.0,0.459776
2508.0,122.0,0.191137
2508.0,123.0,0.282646
2508.0,124.0,0.272562
2508.0,125.0,0.430442
2508.0,126.0,0.701789
2508.0,127.0,0.135028
2508.0,128.0,0.606158
2508.0,129.0,0.550706
2508.0,130.0,0.406467
2508.0,131.0,0.426733
2508.0,132.0,0.668416
2508.0,133.0,0.644126
2508.0,134.0,0.209127
2508.0,135.0,0.619956
2508.0,136.0,0.525653
2508.0,137.0,0.516847
2508.0,138.0,0.0
2508.0,139.0,0.41315
2508.0,140.0,0.290911
2508.0,141.0,0.311933
2508.0,142.0,1.0
2508.0,143.0,0.436279
2508.0,144.0,0.490747
2508.0,145.0,0.28374
2508.0,146.0,0.0
2508.0,147.0,1.0
2509.0,0.0,0.366041
2509.0,1.0,1.0
2509.0,2.0,0.0
2509.0,3.0,1.0
2509.0,4.0,0.681001
2509.0,5.0,0.567127
2509.0,6.0,0.393525
2509.0,7.0,0.599232
2509.0,8.0,0.894668
2509.0,9.0,0.735934
2509.0,10.0,0.303509
2509.0,11.0,0.435366
2509.0,12.0,0.382395
2509.0,13.0,0.941858
2509.0,14.0,0.366597
2509.0,15.0,0.302889
2509.0,16.0,0.131621
2509.0,17.0,0.123674
2509.0,18.0,0.0
2509.0,19.0,0.391248
2509.0,20.0,1.0
2509.0,21.0,0.779905
2509.0,22.0,0.068475
2509.0,23.0,0.0
2509.0,24.0,0.243901
2509.0,25.0,0.274345
2509.0,26.0,0.772544
2509.0,27.0,1.0
2509.0,28.0,0.555016
2509.0,29.0,1.0
2509.0,30.0,1.0
2509.0,31.0,0.527603
2509.0,32.0,0.0
2509.0,33.0,0.865463
2509.0,34.0,0.865807
2509.0,35.0,0.553082
2509.0,36.0,0.881393
2509.0,37.0,0.011342
2509.0,38.0,0.600236
2509.0,39.0,0.550358
2509.0,40.0,0.874541
2509.0,41.0,0.598885
2509.0,42.0,0.475139
2509.0,43.0,0.055556
2509.0,44.0,0.985214
2509.0,45.0,0.565481
2509.0,46.0,0.386247
2509.0,47.0,0.639241
2509.0,48.0,1.0
2509.0,49.0,0.549872
2509.0,50.0,0.394251
2509.0,51.0,1.0
2509.0,52.0,0.645065
2509.0,53.0,0.741706
2509.0,54.0,0.02238
2509.0,55.0,0.628453
2509.0,56.0,1.0
2509.0,57.0,0.512501
2509.0,58.0,0.686942
2509.0,59.0,0.707031
2509.0,60.0,0.50597
2509.0,61.0,0.523257
2509.0,62.0,1.0
2509.0,63.0,0.000355
2509.0,64.0,0.6241
2509.0,65.0,0.428118
2509.0,66.0,0.756628
2509.0,67.0,0.419917
2509.0,68.0,0.363625
2509.0,69.0,0.299126
2509.0,70.0,0.899405
2509.0,71.0,0.275584
2509.0,72.0,0.179711
2509.0,73.0,0.680659
2509.0,74.0,0.637056
2509.0,75.0,1.0
2509.0,76.0,1.0
2509.0,77.0,0.112142
2509.0,78.0,0.020689
2509.0,79.0,0.867775
2509.0,80.0,0.942945
2509.0,81.0,0.547055
2509.0,82.0,0.097907
2509.0,83.0,0.121206
2509.0,84.0,0.384518
2509.0,85.0,0.0
2509.0,86.0,0.612087
2509.0,87.0,0.726867
2509.0,88.0,0.01643
2509.0,89.0,0.410559
2509.0,90.0,0.0
2509.0,91.0,0.551313
2509.0,92.0,0.412338
2509.0,93.0,0.654151
2509.0,94.0,0.806578
2509.0,95.0,0.461814
2509.0,96.0,1.0
2509.0,97.0,0.479112
2509.0,98.0,0.55043
2509.0,99.0,0.001433
2509.0,100.0,0.627799
2509.0,101.0,1.0
2509.0,102.0,0.415056
2509.0,103.0,0.267589
2509.0,104.0,0.427939
2509.0,105.0,0.797696
2509.0,106.0,0.941472
2509.0,107.0,0.649129
2509.0,108.0,0.453866
2509.0,109.0,0.483533
2509.0,110.0,1.0
2509.0,111.0,0.472831
2509.0,112.0,0.514014
2509.0,113.0,0.203118
2509.0,114.0,1.0
2509.0,115.0,0.979638
2509.0,116.0,0.994506
2509.0,117.0,0.012473
2509.0,118.0,0.48699
2509.0,119.0,1.0
2509.0,120.0,0.991342
2509.0,121.0,0.431684
2509.0,122.0,0.190013
2509.0,123.0,0.277682
2509.0,124.0,0.268044
2509.0,125.0,0.411344
2509.0,126.0,0.697663
2509.0,127.0,0.128315
2509.0,128.0,0.631038
2509.0,129.0,0.535655
2509.0,130.0,0.406104
2509.0,131.0,0.42322
2509.0,132.0,0.658662
2509.0,133.0,0.638569
2509.0,134.0,0.205209
2509.0,135.0,0.609551
2509.0,136.0,0.517566
2509.0,137.0,0.488857
2509.0,138.0,0.0
2509.0,139.0,0.397142
2509.0,140.0,0.284939
2509.0,141.0,0.309582
2509.0,142.0,1.0
2509.0,143.0,0.429817
2509.0,144.0,0.482271
2509.0,145.0,0.274621
2509.0,146.0,0.0
2509.0,147.0,1.0
2510.0,0.0,0.363104
2510.0,1.0,1.0
2510.0,2.0,0.0
2510.0,3.0,1.0
2510.0,4.0,0.677337
2510.0,5.0,0.566032
2510.0,6.0,0.359671
2510.0,7.0,0.587958
2510.0,8.0,0.894699
2510.0,9.0,0.72886
2510.0,10.0,0.299187
2510.0,11.0,0.430083
2510.0,12.0,0.38172
2510.0,13.0,0.940156
2510.0,14.0,0.357772
2510.0,15.0,0.264135
2510.0,16.0,0.121349
2510.0,17.0,0.12089
2510.0,18.0,0.0
2510.0,19.0,0.389817
2510.0,20.0,1.0
2510.0,21.0,0.776518
2510.0,22.0,0.060788
2510.0,23.0,0.0
2510.0,24.0,0.232329
2510.0,25.0,0.273134
2510.0,26.0,0.767776
2510.0,27.0,1.0
2510.0,28.0,0.553639
2510.0,29.0,1.0
2510.0,30.0,1.0
2510.0,31.0,0.520869
2510.0,32.0,0.0
2510.0,33.0,0.865026
2510.0,34.0,0.856477
2510.0,35.0,0.532316
2510.0,36.0,0.876378
2510.0,37.0,0.011271
2510.0,38.0,0.586074
2510.0,39.0,0.546612
2510.0,40.0,0.87335
2510.0,41.0,0.595059
2510.0,42.0,0.470139
2510.0,43.0,0.055498
2510.0,44.0,0.985118
2510.0,45.0,0.562083
2510.0,46.0,0.376317
2510.0,47.0,0.628788
2510.0,48.0,1.0
2510.0,49.0,0.544044
2510.0,50.0,0.38102
2510.0,51.0,1.0
2510.0,52.0,0.627024
2510.0,53.0,0.737294
2510.0,54.0,0.022122
2510.0,55.0,0.621362
2510.0,56.0,1.0
2510.0,57.0,0.506979
2510.0,58.0,0.683792
2510.0,59.0,0.703452
2510.0,60.0,0.500166
2510.0,61.0,0.516403
2510.0,62.0,1.0
2510.0,63.0,0.00036
2510.0,64.0,0.623396
2510.0,65.0,0.421631
2510.0,66.0,0.749242
2510.0,67.0,0.406109
2510.0,68.0,0.346681
2510.0,69.0,0.278869
2510.0,70.0,0.898281
2510.0,71.0,0.265043
2510.0,72.0,0.165347
2510.0,73.0,0.660601
2510.0,74.0,0.634118
2510.0,75.0,1.0
2510.0,76.0,1.0
2510.0,77.0,0.109598
2510.0,78.0,0.020446
2510.0,79.0,0.867647
2510.0,80.0,0.942183
2510.0,81.0,0.540323
2510.0,82.0,0.094209
2510.0,83.0,0.120825
2510.0,84.0,0.37393
2510.0,85.0,0.0
2510.0,86.0,0.601851
2510.0,87.0,0.717031
2510.0,88.0,0.015268
2510.0,89.0,0.405097
2510.0,90.0,0.0
2510.0,91.0,0.533757
2510.0,92.0,0.40464
2510.0,93.0,0.637206
2510.0,94.0,0.800952
2510.0,95.0,0.453001
2510.0,96.0,1.0
2510.0,97.0,0.470425
2510.0,98.0,0.549546
2510.0,99.0,0.001387
2510.0,100.0,0.620974
2510.0,101.0,1.0
2510.0,102.0,0.401342
2510.0,103.0,0.260114
2510.0,104.0,0.42229
2510.0,105.0,0.789346
2510.0,106.0,0.941522
2510.0,107.0,0.647175
2510.0,108.0,0.442722
2510.0,109.0,0.481164
2510.0,110.0,1.0
2510.0,111.0,0.464017
2510.0,112.0,0.45252
2510.0,113.0,0.196711
2510.0,114.0,1.0
2510.0,115.0,0.978788
2510.0,116.0,0.994277
2510.0,117.0,0.012221
2510.0,118.0,0.466678
2510.0,119.0,1.0
2510.0,120.0,0.991235
2510.0,121.0,0.406534
2510.0,122.0,0.187803
2510.0,123.0,0.273417
2510.0,124.0,0.263872
2510.0,125.0,0.393108
2510.0,126.0,0.692886
2510.0,127.0,0.1218
2510.0,128.0,0.652367
2510.0,129.0,0.52152
2510.0,130.0,0.405106
2510.0,131.0,0.418904
2510.0,132.0,0.649529
2510.0,133.0,0.633644
2510.0,134.0,0.200637
2510.0,135.0,0.598394
2510.0,136.0,0.510222
2510.0,137.0,0.46234
2510.0,138.0,0.0
2510.0,139.0,0.382648
2510.0,140.0,0.279132
2510.0,141.0,0.306856
2510.0,142.0,1.0
2510.0,143.0,0.425171
2510.0,144.0,0.474143
2510.0,145.0,0.265845
2510.0,146.0,0.0
2510.0,147.0,1.0
