FREQUENCIES 
Gen,mut_id,mut_freq
1.0,0.0,0.5
1.0,1.0,0.5
1.0,2.0,0.5
1.0,3.0,0.5
1.0,4.0,0.5
1.0,5.0,0.5
1.0,6.0,0.5
1.0,7.0,0.5
1.0,8.0,0.5
1.0,9.0,0.5
1.0,10.0,0.5
1.0,11.0,0.5
1.0,12.0,0.5
1.0,13.0,0.5
1.0,14.0,0.5
1.0,15.0,0.5
1.0,16.0,0.5
1.0,17.0,0.5
1.0,18.0,0.5
1.0,19.0,0.5
1.0,20.0,0.5
1.0,21.0,0.5
1.0,22.0,0.5
1.0,23.0,0.5
1.0,24.0,0.5
1.0,25.0,0.5
1.0,26.0,0.5
1.0,27.0,0.5
1.0,28.0,0.5
1.0,29.0,0.5
1.0,30.0,0.5
1.0,31.0,0.5
1.0,32.0,0.5
1.0,33.0,0.5
1.0,34.0,0.5
1.0,35.0,0.5
1.0,36.0,0.5
1.0,37.0,0.5
1.0,38.0,0.5
1.0,39.0,0.5
1.0,40.0,0.5
1.0,41.0,0.5
1.0,42.0,0.5
1.0,43.0,0.5
1.0,44.0,0.5
1.0,45.0,0.5
1.0,46.0,0.5
1.0,47.0,0.5
1.0,48.0,0.5
1.0,49.0,0.5
1.0,50.0,0.5
1.0,51.0,0.5
1.0,52.0,0.5
1.0,53.0,0.5
1.0,54.0,0.5
1.0,55.0,0.5
1.0,56.0,0.5
1.0,57.0,0.5
1.0,58.0,0.5
1.0,59.0,0.5
1.0,60.0,0.5
1.0,61.0,0.5
1.0,62.0,0.5
1.0,63.0,0.5
1.0,64.0,0.5
1.0,65.0,0.5
1.0,66.0,0.5
1.0,67.0,0.5
1.0,68.0,0.5
1.0,69.0,0.5
1.0,70.0,0.5
1.0,71.0,0.5
1.0,72.0,0.5
1.0,73.0,0.5
1.0,74.0,0.5
1.0,75.0,0.5
1.0,76.0,0.5
1.0,77.0,0.5
1.0,78.0,0.5
1.0,79.0,0.5
1.0,80.0,0.5
1.0,81.0,0.5
1.0,82.0,0.5
1.0,83.0,0.5
1.0,84.0,0.5
1.0,85.0,0.5
1.0,86.0,0.5
1.0,87.0,0.5
1.0,88.0,0.5
1.0,89.0,0.5
1.0,90.0,0.5
1.0,91.0,0.5
1.0,92.0,0.5
1.0,93.0,0.5
1.0,94.0,0.5
1.0,95.0,0.5
1.0,96.0,0.5
1.0,97.0,0.5
1.0,98.0,0.5
1.0,99.0,0.5
1.0,100.0,0.5
1.0,101.0,0.5
1.0,102.0,0.5
1.0,103.0,0.5
1.0,104.0,0.5
1.0,105.0,0.5
1.0,106.0,0.5
1.0,107.0,0.5
1.0,108.0,0.5
1.0,109.0,0.5
1.0,110.0,0.5
1.0,111.0,0.5
1.0,112.0,0.5
1.0,113.0,0.5
1.0,114.0,0.5
1.0,115.0,0.5
1.0,116.0,0.5
1.0,117.0,0.5
1.0,118.0,0.5
1.0,119.0,0.5
1.0,120.0,0.5
1.0,121.0,0.5
1.0,122.0,0.5
1.0,123.0,0.5
1.0,124.0,0.5
1.0,125.0,0.5
1.0,126.0,0.5
1.0,127.0,0.5
1.0,128.0,0.5
1.0,129.0,0.5
1.0,130.0,0.5
1.0,131.0,0.5
1.0,132.0,0.5
1.0,133.0,0.5
1.0,134.0,0.5
1.0,135.0,0.5
1.0,136.0,0.5
1.0,137.0,0.5
1.0,138.0,0.5
1.0,139.0,0.5
1.0,140.0,0.5
1.0,141.0,0.5
1.0,142.0,0.5
1.0,143.0,0.5
1.0,144.0,0.5
1.0,145.0,0.5
1.0,146.0,0.5
1.0,147.0,0.5
2500.0,0.0,0.537968
2500.0,1.0,1.0
2500.0,2.0,0.421429
2500.0,3.0,0.544438
2500.0,4.0,0.068467
2500.0,5.0,0.42893
2500.0,6.0,0.446454
2500.0,7.0,0.576704
2500.0,8.0,0.477934
2500.0,9.0,0.536628
2500.0,10.0,0.532367
2500.0,11.0,0.474339
2500.0,12.0,0.033407
2500.0,13.0,0.999762
2500.0,14.0,0.638427
2500.0,15.0,0.302459
2500.0,16.0,0.627186
2500.0,17.0,0.737598
2500.0,18.0,0.559884
2500.0,19.0,0.115581
2500.0,20.0,0.528986
2500.0,21.0,0.183799
2500.0,22.0,0.521147
2500.0,23.0,1.0
2500.0,24.0,0.661695
2500.0,25.0,0.315073
2500.0,26.0,0.586943
2500.0,27.0,0.739488
2500.0,28.0,0.983156
2500.0,29.0,0.0
2500.0,30.0,0.759737
2500.0,31.0,0.0
2500.0,32.0,0.556321
2500.0,33.0,0.696326
2500.0,34.0,0.750701
2500.0,35.0,0.192465
2500.0,36.0,0.642619
2500.0,37.0,0.46464
2500.0,38.0,0.012607
2500.0,39.0,0.855561
2500.0,40.0,0.982808
2500.0,41.0,0.0
2500.0,42.0,0.558786
2500.0,43.0,0.920193
2500.0,44.0,0.531646
2500.0,45.0,0.608436
2500.0,46.0,0.000327
2500.0,47.0,0.077804
2500.0,48.0,0.0
2500.0,49.0,0.154873
2500.0,50.0,0.270073
2500.0,51.0,0.550495
2500.0,52.0,1.0
2500.0,53.0,0.659052
2500.0,54.0,0.687918
2500.0,55.0,0.792888
2500.0,56.0,1.0
2500.0,57.0,0.289831
2500.0,58.0,0.545959
2500.0,59.0,0.0
2500.0,60.0,1.0
2500.0,61.0,0.00111
2500.0,62.0,0.997521
2500.0,63.0,0.179654
2500.0,64.0,1.0
2500.0,65.0,0.636799
2500.0,66.0,0.514015
2500.0,67.0,0.646149
2500.0,68.0,0.546681
2500.0,69.0,0.999824
2500.0,70.0,0.8123
2500.0,71.0,0.969451
2500.0,72.0,0.95239
2500.0,73.0,0.98743
2500.0,74.0,0.260061
2500.0,75.0,1.0
2500.0,76.0,0.414647
2500.0,77.0,0.676849
2500.0,78.0,0.093913
2500.0,79.0,0.216916
2500.0,80.0,0.618044
2500.0,81.0,0.866784
2500.0,82.0,0.0
2500.0,83.0,0.394495
2500.0,84.0,0.46779
2500.0,85.0,0.428584
2500.0,86.0,0.631299
2500.0,87.0,0.580572
2500.0,88.0,0.060762
2500.0,89.0,0.152535
2500.0,90.0,0.418383
2500.0,91.0,0.943464
2500.0,92.0,0.71525
2500.0,93.0,1.0
2500.0,94.0,0.0
2500.0,95.0,0.297595
2500.0,96.0,0.396822
2500.0,97.0,0.226015
2500.0,98.0,0.69952
2500.0,99.0,0.276977
2500.0,100.0,0.539731
2500.0,101.0,1.0
2500.0,102.0,0.649517
2500.0,103.0,0.561804
2500.0,104.0,0.464386
2500.0,105.0,0.557899
2500.0,106.0,0.546229
2500.0,107.0,0.041432
2500.0,108.0,0.689452
2500.0,109.0,0.823846
2500.0,110.0,0.880516
2500.0,111.0,0.391835
2500.0,112.0,1.0
2500.0,113.0,0.0
2500.0,114.0,0.581102
2500.0,115.0,0.0
2500.0,116.0,0.271238
2500.0,117.0,0.23894
2500.0,118.0,0.446981
2500.0,119.0,0.948615
2500.0,120.0,0.128323
2500.0,121.0,0.42087
2500.0,122.0,0.209158
2500.0,123.0,0.0
2500.0,124.0,0.0
2500.0,125.0,0.553642
2500.0,126.0,0.795963
2500.0,127.0,0.497827
2500.0,128.0,0.833808
2500.0,129.0,0.004428
2500.0,130.0,0.733476
2500.0,131.0,0.444187
2500.0,132.0,0.525497
2500.0,133.0,0.515691
2500.0,134.0,1.0
2500.0,135.0,0.480269
2500.0,136.0,0.27457
2500.0,137.0,0.164139
2500.0,138.0,0.0
2500.0,139.0,0.458243
2500.0,140.0,0.891545
2500.0,141.0,0.003419
2500.0,142.0,0.60621
2500.0,143.0,0.185053
2500.0,144.0,0.000842
2500.0,145.0,0.505965
2500.0,146.0,0.32681
2500.0,147.0,0.884085
2501.0,0.0,0.57512
2501.0,1.0,1.0
2501.0,2.0,0.425368
2501.0,3.0,0.553459
2501.0,4.0,0.085498
2501.0,5.0,0.445481
2501.0,6.0,0.455613
2501.0,7.0,0.580531
2501.0,8.0,0.50254
2501.0,9.0,0.543552
2501.0,10.0,0.548208
2501.0,11.0,0.480162
2501.0,12.0,0.033488
2501.0,13.0,0.999757
2501.0,14.0,0.652296
2501.0,15.0,0.328841
2501.0,16.0,0.66366
2501.0,17.0,0.743528
2501.0,18.0,0.569237
2501.0,19.0,0.118871
2501.0,20.0,0.543407
2501.0,21.0,0.187719
2501.0,22.0,0.529752
2501.0,23.0,1.0
2501.0,24.0,0.671873
2501.0,25.0,0.32537
2501.0,26.0,0.59043
2501.0,27.0,0.745173
2501.0,28.0,0.983402
2501.0,29.0,0.0
2501.0,30.0,0.768248
2501.0,31.0,0.0
2501.0,32.0,0.563178
2501.0,33.0,0.704207
2501.0,34.0,0.755299
2501.0,35.0,0.203816
2501.0,36.0,0.665305
2501.0,37.0,0.478812
2501.0,38.0,0.012956
2501.0,39.0,0.858251
2501.0,40.0,0.983684
2501.0,41.0,0.0
2501.0,42.0,0.56156
2501.0,43.0,0.922246
2501.0,44.0,0.536589
2501.0,45.0,0.578176
2501.0,46.0,0.000332
2501.0,47.0,0.087531
2501.0,48.0,0.0
2501.0,49.0,0.158535
2501.0,50.0,0.323074
2501.0,51.0,0.572368
2501.0,52.0,1.0
2501.0,53.0,0.660368
2501.0,54.0,0.700316
2501.0,55.0,0.79591
2501.0,56.0,1.0
2501.0,57.0,0.293563
2501.0,58.0,0.551039
2501.0,59.0,0.0
2501.0,60.0,1.0
2501.0,61.0,0.001041
2501.0,62.0,0.997714
2501.0,63.0,0.182958
2501.0,64.0,1.0
2501.0,65.0,0.64057
2501.0,66.0,0.534046
2501.0,67.0,0.649246
2501.0,68.0,0.554853
2501.0,69.0,0.999808
2501.0,70.0,0.831048
2501.0,71.0,0.971455
2501.0,72.0,0.953095
2501.0,73.0,0.987651
2501.0,74.0,0.261565
2501.0,75.0,1.0
2501.0,76.0,0.41727
2501.0,77.0,0.679118
2501.0,78.0,0.107633
2501.0,79.0,0.229508
2501.0,80.0,0.620157
2501.0,81.0,0.868728
2501.0,82.0,0.0
2501.0,83.0,0.39927
2501.0,84.0,0.477852
2501.0,85.0,0.453973
2501.0,86.0,0.634009
2501.0,87.0,0.586416
2501.0,88.0,0.062061
2501.0,89.0,0.157045
2501.0,90.0,0.420093
2501.0,91.0,0.94505
2501.0,92.0,0.725586
2501.0,93.0,1.0
2501.0,94.0,0.0
2501.0,95.0,0.305177
2501.0,96.0,0.42923
2501.0,97.0,0.261517
2501.0,98.0,0.704292
2501.0,99.0,0.30674
2501.0,100.0,0.551106
2501.0,101.0,1.0
2501.0,102.0,0.656554
2501.0,103.0,0.608298
2501.0,104.0,0.486434
2501.0,105.0,0.568634
2501.0,106.0,0.555147
2501.0,107.0,0.051302
2501.0,108.0,0.692787
2501.0,109.0,0.831388
2501.0,110.0,0.884927
2501.0,111.0,0.411958
2501.0,112.0,1.0
2501.0,113.0,0.0
2501.0,114.0,0.59617
2501.0,115.0,0.0
2501.0,116.0,0.273927
2501.0,117.0,0.25828
2501.0,118.0,0.474881
2501.0,119.0,0.949638
2501.0,120.0,0.149161
2501.0,121.0,0.460198
2501.0,122.0,0.209793
2501.0,123.0,0.0
2501.0,124.0,0.0
2501.0,125.0,0.558257
2501.0,126.0,0.804365
2501.0,127.0,0.502005
2501.0,128.0,0.838039
2501.0,129.0,0.004322
2501.0,130.0,0.737427
2501.0,131.0,0.443734
2501.0,132.0,0.55269
2501.0,133.0,0.522161
2501.0,134.0,1.0
2501.0,135.0,0.482328
2501.0,136.0,0.278632
2501.0,137.0,0.164724
2501.0,138.0,0.0
2501.0,139.0,0.468207
2501.0,140.0,0.898929
2501.0,141.0,0.003559
2501.0,142.0,0.620849
2501.0,143.0,0.192988
2501.0,144.0,0.000805
2501.0,145.0,0.494648
2501.0,146.0,0.332386
2501.0,147.0,0.888904
2502.0,0.0,0.609348
2502.0,1.0,1.0
2502.0,2.0,0.428884
2502.0,3.0,0.561417
2502.0,4.0,0.105417
2502.0,5.0,0.459964
2502.0,6.0,0.464591
2502.0,7.0,0.585048
2502.0,8.0,0.5256
2502.0,9.0,0.550447
2502.0,10.0,0.563472
2502.0,11.0,0.485922
2502.0,12.0,0.033749
2502.0,13.0,0.999761
2502.0,14.0,0.665091
2502.0,15.0,0.354642
2502.0,16.0,0.695676
2502.0,17.0,0.747986
2502.0,18.0,0.578268
2502.0,19.0,0.122085
2502.0,20.0,0.557213
2502.0,21.0,0.192267
2502.0,22.0,0.538088
2502.0,23.0,1.0
2502.0,24.0,0.682958
2502.0,25.0,0.335353
2502.0,26.0,0.592266
2502.0,27.0,0.750217
2502.0,28.0,0.983392
2502.0,29.0,0.0
2502.0,30.0,0.776777
2502.0,31.0,0.0
2502.0,32.0,0.569639
2502.0,33.0,0.711731
2502.0,34.0,0.760046
2502.0,35.0,0.215707
2502.0,36.0,0.685186
2502.0,37.0,0.491592
2502.0,38.0,0.013321
2502.0,39.0,0.86146
2502.0,40.0,0.984436
2502.0,41.0,0.0
2502.0,42.0,0.564681
2502.0,43.0,0.924462
2502.0,44.0,0.540615
2502.0,45.0,0.548304
2502.0,46.0,0.000335
2502.0,47.0,0.09769
2502.0,48.0,0.0
2502.0,49.0,0.163452
2502.0,50.0,0.375624
2502.0,51.0,0.592488
2502.0,52.0,1.0
2502.0,53.0,0.661902
2502.0,54.0,0.712614
2502.0,55.0,0.79872
2502.0,56.0,1.0
2502.0,57.0,0.297521
2502.0,58.0,0.556922
2502.0,59.0,0.0
2502.0,60.0,1.0
2502.0,61.0,0.001071
2502.0,62.0,0.997912
2502.0,63.0,0.186485
2502.0,64.0,1.0
2502.0,65.0,0.643372
2502.0,66.0,0.552952
2502.0,67.0,0.652015
2502.0,68.0,0.562102
2502.0,69.0,0.99982
2502.0,70.0,0.846495
2502.0,71.0,0.973117
2502.0,72.0,0.954186
2502.0,73.0,0.987906
2502.0,74.0,0.263071
2502.0,75.0,1.0
2502.0,76.0,0.419903
2502.0,77.0,0.680522
2502.0,78.0,0.123525
2502.0,79.0,0.242089
2502.0,80.0,0.621313
2502.0,81.0,0.870372
2502.0,82.0,0.0
2502.0,83.0,0.404122
2502.0,84.0,0.486123
2502.0,85.0,0.478185
2502.0,86.0,0.636952
2502.0,87.0,0.59161
2502.0,88.0,0.063142
2502.0,89.0,0.161575
2502.0,90.0,0.421018
2502.0,91.0,0.946055
2502.0,92.0,0.735092
2502.0,93.0,1.0
2502.0,94.0,0.0
2502.0,95.0,0.31143
2502.0,96.0,0.459699
2502.0,97.0,0.296993
2502.0,98.0,0.707974
2502.0,99.0,0.336471
2502.0,100.0,0.561374
2502.0,101.0,1.0
2502.0,102.0,0.663817
2502.0,103.0,0.649697
2502.0,104.0,0.506723
2502.0,105.0,0.578726
2502.0,106.0,0.561793
2502.0,107.0,0.06316
2502.0,108.0,0.695706
2502.0,109.0,0.837753
2502.0,110.0,0.889292
2502.0,111.0,0.43187
2502.0,112.0,1.0
2502.0,113.0,0.0
2502.0,114.0,0.610652
2502.0,115.0,0.0
2502.0,116.0,0.275801
2502.0,117.0,0.277496
2502.0,118.0,0.502815
2502.0,119.0,0.950585
2502.0,120.0,0.172187
2502.0,121.0,0.497315
2502.0,122.0,0.211206
2502.0,123.0,0.0
2502.0,124.0,0.0
2502.0,125.0,0.563491
2502.0,126.0,0.811799
2502.0,127.0,0.504645
2502.0,128.0,0.841415
2502.0,129.0,0.004303
2502.0,130.0,0.740736
2502.0,131.0,0.444414
2502.0,132.0,0.577164
2502.0,133.0,0.527972
2502.0,134.0,1.0
2502.0,135.0,0.484549
2502.0,136.0,0.2818
2502.0,137.0,0.166111
2502.0,138.0,0.0
2502.0,139.0,0.477159
2502.0,140.0,0.905665
2502.0,141.0,0.003668
2502.0,142.0,0.634357
2502.0,143.0,0.200401
2502.0,144.0,0.000781
2502.0,145.0,0.485137
2502.0,146.0,0.338479
2502.0,147.0,0.893905
2503.0,0.0,0.639939
2503.0,1.0,1.0
2503.0,2.0,0.432452
2503.0,3.0,0.57013
2503.0,4.0,0.128765
2503.0,5.0,0.473929
2503.0,6.0,0.472615
2503.0,7.0,0.588589
2503.0,8.0,0.54574
2503.0,9.0,0.555921
2503.0,10.0,0.57938
2503.0,11.0,0.492923
2503.0,12.0,0.033986
2503.0,13.0,0.999778
2503.0,14.0,0.677618
2503.0,15.0,0.379794
2503.0,16.0,0.725625
2503.0,17.0,0.752087
2503.0,18.0,0.58709
2503.0,19.0,0.125823
2503.0,20.0,0.570591
2503.0,21.0,0.196147
2503.0,22.0,0.546743
2503.0,23.0,1.0
2503.0,24.0,0.692903
2503.0,25.0,0.345339
2503.0,26.0,0.595074
2503.0,27.0,0.756289
2503.0,28.0,0.983734
2503.0,29.0,0.0
2503.0,30.0,0.784108
2503.0,31.0,0.0
2503.0,32.0,0.575835
2503.0,33.0,0.719699
2503.0,34.0,0.764581
2503.0,35.0,0.227189
2503.0,36.0,0.702829
2503.0,37.0,0.504341
2503.0,38.0,0.013693
2503.0,39.0,0.865075
2503.0,40.0,0.985098
2503.0,41.0,0.0
2503.0,42.0,0.567286
2503.0,43.0,0.92701
2503.0,44.0,0.544464
2503.0,45.0,0.520777
2503.0,46.0,0.000332
2503.0,47.0,0.108351
2503.0,48.0,0.0
2503.0,49.0,0.16687
2503.0,50.0,0.424375
2503.0,51.0,0.612318
2503.0,52.0,1.0
2503.0,53.0,0.663549
2503.0,54.0,0.723526
2503.0,55.0,0.802114
2503.0,56.0,1.0
2503.0,57.0,0.301105
2503.0,58.0,0.562716
2503.0,59.0,0.0
2503.0,60.0,1.0
2503.0,61.0,0.001098
2503.0,62.0,0.998128
2503.0,63.0,0.19022
2503.0,64.0,1.0
2503.0,65.0,0.646414
2503.0,66.0,0.570693
2503.0,67.0,0.655247
2503.0,68.0,0.570015
2503.0,69.0,0.999835
2503.0,70.0,0.861233
2503.0,71.0,0.974743
2503.0,72.0,0.955332
2503.0,73.0,0.988406
2503.0,74.0,0.265154
2503.0,75.0,1.0
2503.0,76.0,0.421995
2503.0,77.0,0.682535
2503.0,78.0,0.139891
2503.0,79.0,0.254441
2503.0,80.0,0.622411
2503.0,81.0,0.8724
2503.0,82.0,0.0
2503.0,83.0,0.408857
2503.0,84.0,0.494966
2503.0,85.0,0.502995
2503.0,86.0,0.640323
2503.0,87.0,0.595447
2503.0,88.0,0.064133
2503.0,89.0,0.165521
2503.0,90.0,0.422508
2503.0,91.0,0.946967
2503.0,92.0,0.74475
2503.0,93.0,1.0
2503.0,94.0,0.0
2503.0,95.0,0.317896
2503.0,96.0,0.488112
2503.0,97.0,0.332988
2503.0,98.0,0.711287
2503.0,99.0,0.365484
2503.0,100.0,0.571552
2503.0,101.0,1.0
2503.0,102.0,0.670331
2503.0,103.0,0.687391
2503.0,104.0,0.526338
2503.0,105.0,0.587754
2503.0,106.0,0.569956
2503.0,107.0,0.076749
2503.0,108.0,0.697993
2503.0,109.0,0.843594
2503.0,110.0,0.893302
2503.0,111.0,0.450283
2503.0,112.0,1.0
2503.0,113.0,0.0
2503.0,114.0,0.624259
2503.0,115.0,0.0
2503.0,116.0,0.277579
2503.0,117.0,0.297649
2503.0,118.0,0.529667
2503.0,119.0,0.951944
2503.0,120.0,0.19617
2503.0,121.0,0.533316
2503.0,122.0,0.21312
2503.0,123.0,0.0
2503.0,124.0,0.0
2503.0,125.0,0.568202
2503.0,126.0,0.819241
2503.0,127.0,0.507693
2503.0,128.0,0.84407
2503.0,129.0,0.004347
2503.0,130.0,0.744462
2503.0,131.0,0.445057
2503.0,132.0,0.599724
2503.0,133.0,0.533167
2503.0,134.0,1.0
2503.0,135.0,0.486908
2503.0,136.0,0.284748
2503.0,137.0,0.167131
2503.0,138.0,0.0
2503.0,139.0,0.485515
2503.0,140.0,0.912116
2503.0,141.0,0.003814
2503.0,142.0,0.647064
2503.0,143.0,0.207319
2503.0,144.0,0.000861
2503.0,145.0,0.475624
2503.0,146.0,0.345118
2503.0,147.0,0.8981
2504.0,0.0,0.668886
2504.0,1.0,1.0
2504.0,2.0,0.435338
2504.0,3.0,0.578552
2504.0,4.0,0.154952
2504.0,5.0,0.487286
2504.0,6.0,0.481477
2504.0,7.0,0.591516
2504.0,8.0,0.565451
2504.0,9.0,0.561964
2504.0,10.0,0.594946
2504.0,11.0,0.499153
2504.0,12.0,0.034547
2504.0,13.0,0.999782
2504.0,14.0,0.68973
2504.0,15.0,0.404138
2504.0,16.0,0.751295
2504.0,17.0,0.756203
2504.0,18.0,0.59538
2504.0,19.0,0.129462
2504.0,20.0,0.583715
2504.0,21.0,0.199679
2504.0,22.0,0.555634
2504.0,23.0,1.0
2504.0,24.0,0.702131
2504.0,25.0,0.355482
2504.0,26.0,0.597862
2504.0,27.0,0.761962
2504.0,28.0,0.983841
2504.0,29.0,0.0
2504.0,30.0,0.791318
2504.0,31.0,0.0
2504.0,32.0,0.582185
2504.0,33.0,0.727176
2504.0,34.0,0.769143
2504.0,35.0,0.239685
2504.0,36.0,0.718621
2504.0,37.0,0.516948
2504.0,38.0,0.013695
2504.0,39.0,0.86806
2504.0,40.0,0.98594
2504.0,41.0,0.0
2504.0,42.0,0.569432
2504.0,43.0,0.929535
2504.0,44.0,0.547983
2504.0,45.0,0.495314
2504.0,46.0,0.000317
2504.0,47.0,0.1203
2504.0,48.0,0.0
2504.0,49.0,0.169718
2504.0,50.0,0.470345
2504.0,51.0,0.631542
2504.0,52.0,1.0
2504.0,53.0,0.664459
2504.0,54.0,0.733753
2504.0,55.0,0.805684
2504.0,56.0,1.0
2504.0,57.0,0.304079
2504.0,58.0,0.569417
2504.0,59.0,0.0
2504.0,60.0,1.0
2504.0,61.0,0.00113
2504.0,62.0,0.998301
2504.0,63.0,0.193724
2504.0,64.0,1.0
2504.0,65.0,0.650109
2504.0,66.0,0.586727
2504.0,67.0,0.657956
2504.0,68.0,0.576323
2504.0,69.0,0.999831
2504.0,70.0,0.873764
2504.0,71.0,0.976432
2504.0,72.0,0.956593
2504.0,73.0,0.988453
2504.0,74.0,0.266553
2504.0,75.0,1.0
2504.0,76.0,0.424182
2504.0,77.0,0.684685
2504.0,78.0,0.157865
2504.0,79.0,0.266873
2504.0,80.0,0.623861
2504.0,81.0,0.874534
2504.0,82.0,0.0
2504.0,83.0,0.41346
2504.0,84.0,0.503639
2504.0,85.0,0.528271
2504.0,86.0,0.642287
2504.0,87.0,0.599842
2504.0,88.0,0.065246
2504.0,89.0,0.1697
2504.0,90.0,0.42371
2504.0,91.0,0.948101
2504.0,92.0,0.754087
2504.0,93.0,1.0
2504.0,94.0,0.0
2504.0,95.0,0.323953
2504.0,96.0,0.515633
2504.0,97.0,0.368436
2504.0,98.0,0.714762
2504.0,99.0,0.394709
2504.0,100.0,0.580579
2504.0,101.0,1.0
2504.0,102.0,0.677103
2504.0,103.0,0.721975
2504.0,104.0,0.544684
2504.0,105.0,0.595995
2504.0,106.0,0.577336
2504.0,107.0,0.091061
2504.0,108.0,0.701509
2504.0,109.0,0.849289
2504.0,110.0,0.896355
2504.0,111.0,0.468524
2504.0,112.0,1.0
2504.0,113.0,0.0
2504.0,114.0,0.637348
2504.0,115.0,0.0
2504.0,116.0,0.279722
2504.0,117.0,0.319422
2504.0,118.0,0.556002
2504.0,119.0,0.952792
2504.0,120.0,0.221341
2504.0,121.0,0.566482
2504.0,122.0,0.214142
2504.0,123.0,0.0
2504.0,124.0,0.0
2504.0,125.0,0.572223
2504.0,126.0,0.826871
2504.0,127.0,0.510572
2504.0,128.0,0.846804
2504.0,129.0,0.004147
2504.0,130.0,0.746587
2504.0,131.0,0.444907
2504.0,132.0,0.621888
2504.0,133.0,0.537828
2504.0,134.0,1.0
2504.0,135.0,0.488686
2504.0,136.0,0.287474
2504.0,137.0,0.16827
2504.0,138.0,0.0
2504.0,139.0,0.494698
2504.0,140.0,0.917587
2504.0,141.0,0.003936
2504.0,142.0,0.66036
2504.0,143.0,0.21467
2504.0,144.0,0.000824
2504.0,145.0,0.468319
2504.0,146.0,0.351142
2504.0,147.0,0.902069
2505.0,0.0,0.694114
2505.0,1.0,1.0
2505.0,2.0,0.438688
2505.0,3.0,0.586911
2505.0,4.0,0.18464
2505.0,5.0,0.500352
2505.0,6.0,0.489638
2505.0,7.0,0.595051
2505.0,8.0,0.583286
2505.0,9.0,0.56752
2505.0,10.0,0.610796
2505.0,11.0,0.505674
2505.0,12.0,0.034748
2505.0,13.0,0.999772
2505.0,14.0,0.70107
2505.0,15.0,0.426482
2505.0,16.0,0.774391
2505.0,17.0,0.7605
2505.0,18.0,0.602196
2505.0,19.0,0.133585
2505.0,20.0,0.596219
2505.0,21.0,0.203973
2505.0,22.0,0.563123
2505.0,23.0,1.0
2505.0,24.0,0.711242
2505.0,25.0,0.365187
2505.0,26.0,0.600548
2505.0,27.0,0.766976
2505.0,28.0,0.984079
2505.0,29.0,0.0
2505.0,30.0,0.798095
2505.0,31.0,0.0
2505.0,32.0,0.587638
2505.0,33.0,0.734499
2505.0,34.0,0.773906
2505.0,35.0,0.251283
2505.0,36.0,0.734117
2505.0,37.0,0.528156
2505.0,38.0,0.014088
2505.0,39.0,0.870194
2505.0,40.0,0.986607
2505.0,41.0,0.0
2505.0,42.0,0.572295
2505.0,43.0,0.932168
2505.0,44.0,0.551084
2505.0,45.0,0.471982
2505.0,46.0,0.00032
2505.0,47.0,0.132797
2505.0,48.0,0.0
2505.0,49.0,0.173513
2505.0,50.0,0.512996
2505.0,51.0,0.648669
2505.0,52.0,1.0
2505.0,53.0,0.665745
2505.0,54.0,0.742274
2505.0,55.0,0.808875
2505.0,56.0,1.0
2505.0,57.0,0.307127
2505.0,58.0,0.575639
2505.0,59.0,0.0
2505.0,60.0,1.0
2505.0,61.0,0.001173
2505.0,62.0,0.998471
2505.0,63.0,0.1982
2505.0,64.0,1.0
2505.0,65.0,0.652902
2505.0,66.0,0.601552
2505.0,67.0,0.66056
2505.0,68.0,0.582873
2505.0,69.0,0.99984
2505.0,70.0,0.884986
2505.0,71.0,0.977797
2505.0,72.0,0.957912
2505.0,73.0,0.988686
2505.0,74.0,0.267486
2505.0,75.0,1.0
2505.0,76.0,0.42594
2505.0,77.0,0.685866
2505.0,78.0,0.176843
2505.0,79.0,0.279143
2505.0,80.0,0.62684
2505.0,81.0,0.876008
2505.0,82.0,0.0
2505.0,83.0,0.417509
2505.0,84.0,0.512269
2505.0,85.0,0.553577
2505.0,86.0,0.64506
2505.0,87.0,0.604904
2505.0,88.0,0.066399
2505.0,89.0,0.173761
2505.0,90.0,0.424647
2505.0,91.0,0.949393
2505.0,92.0,0.763311
2505.0,93.0,1.0
2505.0,94.0,0.0
2505.0,95.0,0.330228
2505.0,96.0,0.540984
2505.0,97.0,0.404069
2505.0,98.0,0.718342
2505.0,99.0,0.423811
2505.0,100.0,0.589778
2505.0,101.0,1.0
2505.0,102.0,0.683937
2505.0,103.0,0.752581
2505.0,104.0,0.561927
2505.0,105.0,0.604881
2505.0,106.0,0.584797
2505.0,107.0,0.107008
2505.0,108.0,0.704525
2505.0,109.0,0.85476
2505.0,110.0,0.899738
2505.0,111.0,0.486899
2505.0,112.0,1.0
2505.0,113.0,0.0
2505.0,114.0,0.650192
2505.0,115.0,0.0
2505.0,116.0,0.28203
2505.0,117.0,0.340772
2505.0,118.0,0.58186
2505.0,119.0,0.953532
2505.0,120.0,0.248112
2505.0,121.0,0.59753
2505.0,122.0,0.215261
2505.0,123.0,0.0
2505.0,124.0,0.0
2505.0,125.0,0.576054
2505.0,126.0,0.834796
2505.0,127.0,0.513317
2505.0,128.0,0.850088
2505.0,129.0,0.004122
2505.0,130.0,0.749342
2505.0,131.0,0.445083
2505.0,132.0,0.641103
2505.0,133.0,0.542779
2505.0,134.0,1.0
2505.0,135.0,0.489796
2505.0,136.0,0.29049
2505.0,137.0,0.169235
2505.0,138.0,0.0
2505.0,139.0,0.504612
2505.0,140.0,0.922684
2505.0,141.0,0.004179
2505.0,142.0,0.67371
2505.0,143.0,0.222228
2505.0,144.0,0.000829
2505.0,145.0,0.46092
2505.0,146.0,0.357468
2505.0,147.0,0.906732
2506.0,0.0,0.661191
2506.0,1.0,1.0
2506.0,2.0,0.434176
2506.0,3.0,0.577696
2506.0,4.0,0.148902
2506.0,5.0,0.48446
2506.0,6.0,0.481701
2506.0,7.0,0.591093
2506.0,8.0,0.560455
2506.0,9.0,0.561519
2506.0,10.0,0.593786
2506.0,11.0,0.498698
2506.0,12.0,0.034533
2506.0,13.0,0.99978
2506.0,14.0,0.689343
2506.0,15.0,0.397354
2506.0,16.0,0.745247
2506.0,17.0,0.755673
2506.0,18.0,0.593748
2506.0,19.0,0.129239
2506.0,20.0,0.581529
2506.0,21.0,0.199292
2506.0,22.0,0.554967
2506.0,23.0,1.0
2506.0,24.0,0.700652
2506.0,25.0,0.353119
2506.0,26.0,0.598022
2506.0,27.0,0.761082
2506.0,28.0,0.983987
2506.0,29.0,0.0
2506.0,30.0,0.791294
2506.0,31.0,0.0
2506.0,32.0,0.581987
2506.0,33.0,0.726972
2506.0,34.0,0.770497
2506.0,35.0,0.237103
2506.0,36.0,0.71601
2506.0,37.0,0.514841
2506.0,38.0,0.013634
2506.0,39.0,0.867455
2506.0,40.0,0.985879
2506.0,41.0,0.0
2506.0,42.0,0.568723
2506.0,43.0,0.930002
2506.0,44.0,0.54629
2506.0,45.0,0.505307
2506.0,46.0,0.000333
2506.0,47.0,0.119637
2506.0,48.0,0.0
2506.0,49.0,0.169882
2506.0,50.0,0.456044
2506.0,51.0,0.628216
2506.0,52.0,1.0
2506.0,53.0,0.663294
2506.0,54.0,0.731313
2506.0,55.0,0.804976
2506.0,56.0,1.0
2506.0,57.0,0.303863
2506.0,58.0,0.569227
2506.0,59.0,0.0
2506.0,60.0,1.0
2506.0,61.0,0.001148
2506.0,62.0,0.998399
2506.0,63.0,0.193166
2506.0,64.0,1.0
2506.0,65.0,0.649297
2506.0,66.0,0.582133
2506.0,67.0,0.657341
2506.0,68.0,0.575965
2506.0,69.0,0.999858
2506.0,70.0,0.871308
2506.0,71.0,0.976448
2506.0,72.0,0.956645
2506.0,73.0,0.988535
2506.0,74.0,0.265006
2506.0,75.0,1.0
2506.0,76.0,0.425109
2506.0,77.0,0.684457
2506.0,78.0,0.155681
2506.0,79.0,0.265093
2506.0,80.0,0.625632
2506.0,81.0,0.873508
2506.0,82.0,0.0
2506.0,83.0,0.412388
2506.0,84.0,0.503996
2506.0,85.0,0.52492
2506.0,86.0,0.642296
2506.0,87.0,0.598887
2506.0,88.0,0.065826
2506.0,89.0,0.169629
2506.0,90.0,0.423337
2506.0,91.0,0.947993
2506.0,92.0,0.75345
2506.0,93.0,1.0
2506.0,94.0,0.0
2506.0,95.0,0.322506
2506.0,96.0,0.512386
2506.0,97.0,0.365545
2506.0,98.0,0.714021
2506.0,99.0,0.389459
2506.0,100.0,0.579494
2506.0,101.0,1.0
2506.0,102.0,0.675369
2506.0,103.0,0.716632
2506.0,104.0,0.5409
2506.0,105.0,0.595608
2506.0,106.0,0.576437
2506.0,107.0,0.090052
2506.0,108.0,0.700898
2506.0,109.0,0.847754
2506.0,110.0,0.896469
2506.0,111.0,0.466202
2506.0,112.0,1.0
2506.0,113.0,0.0
2506.0,114.0,0.63637
2506.0,115.0,0.0
2506.0,116.0,0.279459
2506.0,117.0,0.315747
2506.0,118.0,0.551615
2506.0,119.0,0.952587
2506.0,120.0,0.217896
2506.0,121.0,0.557466
2506.0,122.0,0.213792
2506.0,123.0,0.0
2506.0,124.0,0.0
2506.0,125.0,0.571113
2506.0,126.0,0.827189
2506.0,127.0,0.509844
2506.0,128.0,0.846883
2506.0,129.0,0.00415
2506.0,130.0,0.746328
2506.0,131.0,0.44534
2506.0,132.0,0.616298
2506.0,133.0,0.536574
2506.0,134.0,1.0
2506.0,135.0,0.487888
2506.0,136.0,0.28737
2506.0,137.0,0.168156
2506.0,138.0,0.0
2506.0,139.0,0.494228
2506.0,140.0,0.917068
2506.0,141.0,0.003983
2506.0,142.0,0.658238
2506.0,143.0,0.213738
2506.0,144.0,0.000836
2506.0,145.0,0.471262
2506.0,146.0,0.35125
2506.0,147.0,0.901672
2507.0,0.0,0.627918
2507.0,1.0,1.0
2507.0,2.0,0.429756
2507.0,3.0,0.568456
2507.0,4.0,0.121643
2507.0,5.0,0.469598
2507.0,6.0,0.472565
2507.0,7.0,0.586236
2507.0,8.0,0.538292
2507.0,9.0,0.555167
2507.0,10.0,0.577514
2507.0,11.0,0.492777
2507.0,12.0,0.034203
2507.0,13.0,0.999788
2507.0,14.0,0.677548
2507.0,15.0,0.37116
2507.0,16.0,0.716122
2507.0,17.0,0.751664
2507.0,18.0,0.585781
2507.0,19.0,0.12498
2507.0,20.0,0.568141
2507.0,21.0,0.194756
2507.0,22.0,0.545666
2507.0,23.0,1.0
2507.0,24.0,0.690244
2507.0,25.0,0.342488
2507.0,26.0,0.595876
2507.0,27.0,0.756994
2507.0,28.0,0.983657
2507.0,29.0,0.0
2507.0,30.0,0.78394
2507.0,31.0,0.0
2507.0,32.0,0.576542
2507.0,33.0,0.719294
2507.0,34.0,0.766104
2507.0,35.0,0.224431
2507.0,36.0,0.696775
2507.0,37.0,0.502327
2507.0,38.0,0.013406
2507.0,39.0,0.864362
2507.0,40.0,0.985133
2507.0,41.0,0.0
2507.0,42.0,0.566779
2507.0,43.0,0.927793
2507.0,44.0,0.542075
2507.0,45.0,0.534795
2507.0,46.0,0.000343
2507.0,47.0,0.108
2507.0,48.0,0.0
2507.0,49.0,0.166418
2507.0,50.0,0.404122
2507.0,51.0,0.607841
2507.0,52.0,1.0
2507.0,53.0,0.662643
2507.0,54.0,0.720258
2507.0,55.0,0.801959
2507.0,56.0,1.0
2507.0,57.0,0.300817
2507.0,58.0,0.563003
2507.0,59.0,0.0
2507.0,60.0,1.0
2507.0,61.0,0.00109
2507.0,62.0,0.998302
2507.0,63.0,0.188829
2507.0,64.0,1.0
2507.0,65.0,0.64557
2507.0,66.0,0.564022
2507.0,67.0,0.653669
2507.0,68.0,0.567721
2507.0,69.0,0.999849
2507.0,70.0,0.857235
2507.0,71.0,0.974973
2507.0,72.0,0.95512
2507.0,73.0,0.98836
2507.0,74.0,0.264423
2507.0,75.0,1.0
2507.0,76.0,0.423611
2507.0,77.0,0.682653
2507.0,78.0,0.136816
2507.0,79.0,0.252725
2507.0,80.0,0.62414
2507.0,81.0,0.871503
2507.0,82.0,0.0
2507.0,83.0,0.407523
2507.0,84.0,0.494277
2507.0,85.0,0.498301
2507.0,86.0,0.639896
2507.0,87.0,0.593617
2507.0,88.0,0.064911
2507.0,89.0,0.1649
2507.0,90.0,0.421431
2507.0,91.0,0.946817
2507.0,92.0,0.743258
2507.0,93.0,1.0
2507.0,94.0,0.0
2507.0,95.0,0.31575
2507.0,96.0,0.48382
2507.0,97.0,0.328024
2507.0,98.0,0.710758
2507.0,99.0,0.358099
2507.0,100.0,0.569403
2507.0,101.0,1.0
2507.0,102.0,0.669111
2507.0,103.0,0.678801
2507.0,104.0,0.520496
2507.0,105.0,0.58638
2507.0,106.0,0.568142
2507.0,107.0,0.075019
2507.0,108.0,0.697112
2507.0,109.0,0.840746
2507.0,110.0,0.893012
2507.0,111.0,0.446482
2507.0,112.0,1.0
2507.0,113.0,0.0
2507.0,114.0,0.62399
2507.0,115.0,0.0
2507.0,116.0,0.278541
2507.0,117.0,0.293215
2507.0,118.0,0.52376
2507.0,119.0,0.951762
2507.0,120.0,0.190164
2507.0,121.0,0.518551
2507.0,122.0,0.211276
2507.0,123.0,0.0
2507.0,124.0,0.0
2507.0,125.0,0.565696
2507.0,126.0,0.820216
2507.0,127.0,0.507174
2507.0,128.0,0.843282
2507.0,129.0,0.004128
2507.0,130.0,0.742807
2507.0,131.0,0.445417
2507.0,132.0,0.592258
2507.0,133.0,0.530285
2507.0,134.0,1.0
2507.0,135.0,0.485388
2507.0,136.0,0.284631
2507.0,137.0,0.167359
2507.0,138.0,0.0
2507.0,139.0,0.483255
2507.0,140.0,0.91078
2507.0,141.0,0.00373
2507.0,142.0,0.643027
2507.0,143.0,0.206342
2507.0,144.0,0.000904
2507.0,145.0,0.48067
2507.0,146.0,0.345676
2507.0,147.0,0.896752
2508.0,0.0,0.596111
2508.0,1.0,1.0
2508.0,2.0,0.426869
2508.0,3.0,0.559699
2508.0,4.0,0.099851
2508.0,5.0,0.455455
2508.0,6.0,0.463703
2508.0,7.0,0.582058
2508.0,8.0,0.517019
2508.0,9.0,0.548113
2508.0,10.0,0.561575
2508.0,11.0,0.486135
2508.0,12.0,0.033952
2508.0,13.0,0.999808
2508.0,14.0,0.66637
2508.0,15.0,0.34756
2508.0,16.0,0.686489
2508.0,17.0,0.746989
2508.0,18.0,0.577561
2508.0,19.0,0.120929
2508.0,20.0,0.555169
2508.0,21.0,0.190233
2508.0,22.0,0.53885
2508.0,23.0,1.0
2508.0,24.0,0.679738
2508.0,25.0,0.331938
2508.0,26.0,0.592813
2508.0,27.0,0.751639
2508.0,28.0,0.983244
2508.0,29.0,0.0
2508.0,30.0,0.776396
2508.0,31.0,0.0
2508.0,32.0,0.569749
2508.0,33.0,0.711615
2508.0,34.0,0.761221
2508.0,35.0,0.21266
2508.0,36.0,0.677374
2508.0,37.0,0.488663
2508.0,38.0,0.013181
2508.0,39.0,0.861322
2508.0,40.0,0.984429
2508.0,41.0,0.0
2508.0,42.0,0.562904
2508.0,43.0,0.925124
2508.0,44.0,0.537112
2508.0,45.0,0.562699
2508.0,46.0,0.000355
2508.0,47.0,0.097571
2508.0,48.0,0.0
2508.0,49.0,0.163562
2508.0,50.0,0.355012
2508.0,51.0,0.588081
2508.0,52.0,1.0
2508.0,53.0,0.661809
2508.0,54.0,0.709437
2508.0,55.0,0.79772
2508.0,56.0,1.0
2508.0,57.0,0.298035
2508.0,58.0,0.558156
2508.0,59.0,0.0
2508.0,60.0,1.0
2508.0,61.0,0.001054
2508.0,62.0,0.998206
2508.0,63.0,0.184887
2508.0,64.0,1.0
2508.0,65.0,0.643183
2508.0,66.0,0.548087
2508.0,67.0,0.650213
2508.0,68.0,0.55972
2508.0,69.0,0.999875
2508.0,70.0,0.841925
2508.0,71.0,0.973305
2508.0,72.0,0.953465
2508.0,73.0,0.988193
2508.0,74.0,0.262174
2508.0,75.0,1.0
2508.0,76.0,0.422078
2508.0,77.0,0.679696
2508.0,78.0,0.120668
2508.0,79.0,0.240109
2508.0,80.0,0.621203
2508.0,81.0,0.870216
2508.0,82.0,0.0
2508.0,83.0,0.403109
2508.0,84.0,0.485369
2508.0,85.0,0.473215
2508.0,86.0,0.638824
2508.0,87.0,0.588904
2508.0,88.0,0.064056
2508.0,89.0,0.16084
2508.0,90.0,0.420285
2508.0,91.0,0.945647
2508.0,92.0,0.733272
2508.0,93.0,1.0
2508.0,94.0,0.0
2508.0,95.0,0.309116
2508.0,96.0,0.455121
2508.0,97.0,0.291377
2508.0,98.0,0.708027
2508.0,99.0,0.329549
2508.0,100.0,0.558368
2508.0,101.0,1.0
2508.0,102.0,0.662311
2508.0,103.0,0.639736
2508.0,104.0,0.500713
2508.0,105.0,0.576318
2508.0,106.0,0.560637
2508.0,107.0,0.06201
2508.0,108.0,0.69359
2508.0,109.0,0.833889
2508.0,110.0,0.889081
2508.0,111.0,0.427298
2508.0,112.0,1.0
2508.0,113.0,0.0
2508.0,114.0,0.610719
2508.0,115.0,0.0
2508.0,116.0,0.276856
2508.0,117.0,0.273111
2508.0,118.0,0.497664
2508.0,119.0,0.95069
2508.0,120.0,0.165876
2508.0,121.0,0.482566
2508.0,122.0,0.208718
2508.0,123.0,0.0
2508.0,124.0,0.0
2508.0,125.0,0.560926
2508.0,126.0,0.812047
2508.0,127.0,0.503774
2508.0,128.0,0.840105
2508.0,129.0,0.004074
2508.0,130.0,0.739694
2508.0,131.0,0.44531
2508.0,132.0,0.568799
2508.0,133.0,0.523194
2508.0,134.0,1.0
2508.0,135.0,0.483717
2508.0,136.0,0.281536
2508.0,137.0,0.166357
2508.0,138.0,0.0
2508.0,139.0,0.472877
2508.0,140.0,0.904271
2508.0,141.0,0.003635
2508.0,142.0,0.628599
2508.0,143.0,0.198797
2508.0,144.0,0.000917
2508.0,145.0,0.490303
2508.0,146.0,0.339112
2508.0,147.0,0.891797
2509.0,0.0,0.567695
2509.0,1.0,1.0
2509.0,2.0,0.42331
2509.0,3.0,0.551178
2509.0,4.0,0.081969
2509.0,5.0,0.441684
2509.0,6.0,0.455007
2509.0,7.0,0.57827
2509.0,8.0,0.496064
2509.0,9.0,0.542777
2509.0,10.0,0.546376
2509.0,11.0,0.479011
2509.0,12.0,0.033856
2509.0,13.0,0.999824
2509.0,14.0,0.653515
2509.0,15.0,0.325155
2509.0,16.0,0.657065
2509.0,17.0,0.743305
2509.0,18.0,0.569413
2509.0,19.0,0.117589
2509.0,20.0,0.542565
2509.0,21.0,0.185892
2509.0,22.0,0.531424
2509.0,23.0,1.0
2509.0,24.0,0.669173
2509.0,25.0,0.323141
2509.0,26.0,0.58991
2509.0,27.0,0.746286
2509.0,28.0,0.982825
2509.0,29.0,0.0
2509.0,30.0,0.769502
2509.0,31.0,0.0
2509.0,32.0,0.562513
2509.0,33.0,0.704128
2509.0,34.0,0.756828
2509.0,35.0,0.202633
2509.0,36.0,0.65923
2509.0,37.0,0.475902
2509.0,38.0,0.012826
2509.0,39.0,0.858405
2509.0,40.0,0.983225
2509.0,41.0,0.0
2509.0,42.0,0.559341
2509.0,43.0,0.922747
2509.0,44.0,0.533396
2509.0,45.0,0.586394
2509.0,46.0,0.000406
2509.0,47.0,0.088108
2509.0,48.0,0.0
2509.0,49.0,0.159767
2509.0,50.0,0.311101
2509.0,51.0,0.568112
2509.0,52.0,1.0
2509.0,53.0,0.6598
2509.0,54.0,0.697444
2509.0,55.0,0.794962
2509.0,56.0,1.0
2509.0,57.0,0.294417
2509.0,58.0,0.552575
2509.0,59.0,0.0
2509.0,60.0,1.0
2509.0,61.0,0.000991
2509.0,62.0,0.998074
2509.0,63.0,0.181367
2509.0,64.0,1.0
2509.0,65.0,0.63977
2509.0,66.0,0.532178
2509.0,67.0,0.646665
2509.0,68.0,0.552264
2509.0,69.0,0.9999
2509.0,70.0,0.825621
2509.0,71.0,0.971877
2509.0,72.0,0.952532
2509.0,73.0,0.987958
2509.0,74.0,0.261046
2509.0,75.0,1.0
2509.0,76.0,0.42015
2509.0,77.0,0.677395
2509.0,78.0,0.106716
2509.0,79.0,0.228024
2509.0,80.0,0.618871
2509.0,81.0,0.86797
2509.0,82.0,0.0
2509.0,83.0,0.398901
2509.0,84.0,0.477096
2509.0,85.0,0.448576
2509.0,86.0,0.636129
2509.0,87.0,0.583494
2509.0,88.0,0.063163
2509.0,89.0,0.157334
2509.0,90.0,0.419788
2509.0,91.0,0.94454
2509.0,92.0,0.722694
2509.0,93.0,1.0
2509.0,94.0,0.0
2509.0,95.0,0.301634
2509.0,96.0,0.426689
2509.0,97.0,0.257745
2509.0,98.0,0.704925
2509.0,99.0,0.302629
2509.0,100.0,0.548622
2509.0,101.0,1.0
2509.0,102.0,0.656167
2509.0,103.0,0.601655
2509.0,104.0,0.481474
2509.0,105.0,0.567716
2509.0,106.0,0.553101
2509.0,107.0,0.051176
2509.0,108.0,0.690916
2509.0,109.0,0.827327
2509.0,110.0,0.884516
2509.0,111.0,0.410352
2509.0,112.0,1.0
2509.0,113.0,0.0
2509.0,114.0,0.597233
2509.0,115.0,0.0
2509.0,116.0,0.275493
2509.0,117.0,0.254986
2509.0,118.0,0.472748
2509.0,119.0,0.949945
2509.0,120.0,0.145221
2509.0,121.0,0.450127
2509.0,122.0,0.206236
2509.0,123.0,0.0
2509.0,124.0,0.0
2509.0,125.0,0.555376
2509.0,126.0,0.804157
2509.0,127.0,0.501072
2509.0,128.0,0.836358
2509.0,129.0,0.004111
2509.0,130.0,0.735919
2509.0,131.0,0.445552
2509.0,132.0,0.544768
2509.0,133.0,0.517443
2509.0,134.0,1.0
2509.0,135.0,0.482664
2509.0,136.0,0.279231
2509.0,137.0,0.165603
2509.0,138.0,0.0
2509.0,139.0,0.463987
2509.0,140.0,0.897017
2509.0,141.0,0.003396
2509.0,142.0,0.614392
2509.0,143.0,0.191998
2509.0,144.0,0.000895
2509.0,145.0,0.498593
2509.0,146.0,0.333255
2509.0,147.0,0.886823
2510.0,0.0,0.53942
2510.0,1.0,1.0
2510.0,2.0,0.419444
2510.0,3.0,0.543027
2510.0,4.0,0.067955
2510.0,5.0,0.429025
2510.0,6.0,0.446586
2510.0,7.0,0.57336
2510.0,8.0,0.476456
2510.0,9.0,0.536644
2510.0,10.0,0.531877
2510.0,11.0,0.472927
2510.0,12.0,0.033241
2510.0,13.0,0.999828
2510.0,14.0,0.641254
2510.0,15.0,0.305675
2510.0,16.0,0.629158
2510.0,17.0,0.738774
2510.0,18.0,0.560967
2510.0,19.0,0.114207
2510.0,20.0,0.530417
2510.0,21.0,0.181638
2510.0,22.0,0.523522
2510.0,23.0,1.0
2510.0,24.0,0.659257
2510.0,25.0,0.313565
2510.0,26.0,0.586263
2510.0,27.0,0.741575
2510.0,28.0,0.982355
2510.0,29.0,0.0
2510.0,30.0,0.762366
2510.0,31.0,0.0
2510.0,32.0,0.555857
2510.0,33.0,0.696558
2510.0,34.0,0.751805
2510.0,35.0,0.192339
2510.0,36.0,0.640497
2510.0,37.0,0.46407
2510.0,38.0,0.012631
2510.0,39.0,0.854983
2510.0,40.0,0.982068
2510.0,41.0,0.0
2510.0,42.0,0.556544
2510.0,43.0,0.920432
2510.0,44.0,0.529457
2510.0,45.0,0.607621
2510.0,46.0,0.000425
2510.0,47.0,0.079334
2510.0,48.0,0.0
2510.0,49.0,0.156832
2510.0,50.0,0.270992
2510.0,51.0,0.548626
2510.0,52.0,1.0
2510.0,53.0,0.659942
2510.0,54.0,0.686618
2510.0,55.0,0.791361
2510.0,56.0,1.0
2510.0,57.0,0.290547
2510.0,58.0,0.547059
2510.0,59.0,0.0
2510.0,60.0,1.0
2510.0,61.0,0.000915
2510.0,62.0,0.99797
2510.0,63.0,0.178519
2510.0,64.0,1.0
2510.0,65.0,0.637141
2510.0,66.0,0.515812
2510.0,67.0,0.643399
2510.0,68.0,0.544369
2510.0,69.0,0.999902
2510.0,70.0,0.808599
2510.0,71.0,0.970262
2510.0,72.0,0.95139
2510.0,73.0,0.987888
2510.0,74.0,0.258962
2510.0,75.0,1.0
2510.0,76.0,0.419011
2510.0,77.0,0.674948
2510.0,78.0,0.094431
2510.0,79.0,0.217929
2510.0,80.0,0.617807
2510.0,81.0,0.865991
2510.0,82.0,0.0
2510.0,83.0,0.394356
2510.0,84.0,0.46858
2510.0,85.0,0.425822
2510.0,86.0,0.633893
2510.0,87.0,0.578555
2510.0,88.0,0.062084
2510.0,89.0,0.153636
2510.0,90.0,0.419096
2510.0,91.0,0.943865
2510.0,92.0,0.71286
2510.0,93.0,1.0
2510.0,94.0,0.0
2510.0,95.0,0.294906
2510.0,96.0,0.397586
2510.0,97.0,0.225721
2510.0,98.0,0.700259
2510.0,99.0,0.278344
2510.0,100.0,0.538509
2510.0,101.0,1.0
2510.0,102.0,0.64904
2510.0,103.0,0.562773
2510.0,104.0,0.461574
2510.0,105.0,0.559371
2510.0,106.0,0.545702
2510.0,107.0,0.04194
2510.0,108.0,0.688522
2510.0,109.0,0.820824
2510.0,110.0,0.880765
2510.0,111.0,0.394319
2510.0,112.0,1.0
2510.0,113.0,0.0
2510.0,114.0,0.583753
2510.0,115.0,0.0
2510.0,116.0,0.273332
2510.0,117.0,0.239154
2510.0,118.0,0.449825
2510.0,119.0,0.948953
2510.0,120.0,0.127264
2510.0,121.0,0.419603
2510.0,122.0,0.204983
2510.0,123.0,0.0
2510.0,124.0,0.0
2510.0,125.0,0.550159
2510.0,126.0,0.796282
2510.0,127.0,0.497573
2510.0,128.0,0.832238
2510.0,129.0,0.00395
2510.0,130.0,0.732108
2510.0,131.0,0.444272
2510.0,132.0,0.520777
2510.0,133.0,0.510586
2510.0,134.0,1.0
2510.0,135.0,0.480468
2510.0,136.0,0.276438
2510.0,137.0,0.164825
2510.0,138.0,0.0
2510.0,139.0,0.454354
2510.0,140.0,0.889947
2510.0,141.0,0.003341
2510.0,142.0,0.602193
2510.0,143.0,0.185368
2510.0,144.0,0.000888
2510.0,145.0,0.505481
2510.0,146.0,0.329582
2510.0,147.0,0.882269
