FREQUENCIES 
Gen,mut_id,mut_freq
1.0,0.0,0.5
1.0,1.0,0.5
1.0,2.0,0.5
1.0,3.0,0.5
1.0,4.0,0.5
1.0,5.0,0.5
1.0,6.0,0.5
1.0,7.0,0.5
1.0,8.0,0.5
1.0,9.0,0.5
1.0,10.0,0.5
1.0,11.0,0.5
1.0,12.0,0.5
1.0,13.0,0.5
1.0,14.0,0.5
1.0,15.0,0.5
1.0,16.0,0.5
1.0,17.0,0.5
1.0,18.0,0.5
1.0,19.0,0.5
1.0,20.0,0.5
1.0,21.0,0.5
1.0,22.0,0.5
1.0,23.0,0.5
1.0,24.0,0.5
1.0,25.0,0.5
1.0,26.0,0.5
1.0,27.0,0.5
1.0,28.0,0.5
1.0,29.0,0.5
1.0,30.0,0.5
1.0,31.0,0.5
1.0,32.0,0.5
1.0,33.0,0.5
1.0,34.0,0.5
1.0,35.0,0.5
1.0,36.0,0.5
1.0,37.0,0.5
1.0,38.0,0.5
1.0,39.0,0.5
1.0,40.0,0.5
1.0,41.0,0.5
1.0,42.0,0.5
1.0,43.0,0.5
1.0,44.0,0.5
1.0,45.0,0.5
1.0,46.0,0.5
1.0,47.0,0.5
1.0,48.0,0.5
1.0,49.0,0.5
1.0,50.0,0.5
1.0,51.0,0.5
1.0,52.0,0.5
1.0,53.0,0.5
1.0,54.0,0.5
1.0,55.0,0.5
1.0,56.0,0.5
1.0,57.0,0.5
1.0,58.0,0.5
1.0,59.0,0.5
1.0,60.0,0.5
1.0,61.0,0.5
1.0,62.0,0.5
1.0,63.0,0.5
1.0,64.0,0.5
1.0,65.0,0.5
1.0,66.0,0.5
1.0,67.0,0.5
1.0,68.0,0.5
1.0,69.0,0.5
1.0,70.0,0.5
1.0,71.0,0.5
1.0,72.0,0.5
1.0,73.0,0.5
1.0,74.0,0.5
1.0,75.0,0.5
1.0,76.0,0.5
1.0,77.0,0.5
1.0,78.0,0.5
1.0,79.0,0.5
1.0,80.0,0.5
1.0,81.0,0.5
1.0,82.0,0.5
1.0,83.0,0.5
1.0,84.0,0.5
1.0,85.0,0.5
1.0,86.0,0.5
1.0,87.0,0.5
1.0,88.0,0.5
1.0,89.0,0.5
1.0,90.0,0.5
1.0,91.0,0.5
1.0,92.0,0.5
1.0,93.0,0.5
1.0,94.0,0.5
1.0,95.0,0.5
1.0,96.0,0.5
1.0,97.0,0.5
1.0,98.0,0.5
1.0,99.0,0.5
1.0,100.0,0.5
1.0,101.0,0.5
1.0,102.0,0.5
1.0,103.0,0.5
1.0,104.0,0.5
1.0,105.0,0.5
1.0,106.0,0.5
1.0,107.0,0.5
1.0,108.0,0.5
1.0,109.0,0.5
1.0,110.0,0.5
1.0,111.0,0.5
1.0,112.0,0.5
1.0,113.0,0.5
1.0,114.0,0.5
1.0,115.0,0.5
1.0,116.0,0.5
1.0,117.0,0.5
1.0,118.0,0.5
1.0,119.0,0.5
1.0,120.0,0.5
1.0,121.0,0.5
1.0,122.0,0.5
1.0,123.0,0.5
1.0,124.0,0.5
1.0,125.0,0.5
1.0,126.0,0.5
1.0,127.0,0.5
1.0,128.0,0.5
1.0,129.0,0.5
1.0,130.0,0.5
1.0,131.0,0.5
1.0,132.0,0.5
1.0,133.0,0.5
1.0,134.0,0.5
1.0,135.0,0.5
1.0,136.0,0.5
1.0,137.0,0.5
1.0,138.0,0.5
1.0,139.0,0.5
1.0,140.0,0.5
1.0,141.0,0.5
1.0,142.0,0.5
1.0,143.0,0.5
1.0,144.0,0.5
1.0,145.0,0.5
1.0,146.0,0.5
1.0,147.0,0.5
2500.0,0.0,0.117355
2500.0,1.0,0.52507
2500.0,2.0,0.715666
2500.0,3.0,0.142322
2500.0,4.0,0.328232
2500.0,5.0,0.54453
2500.0,6.0,0.083522
2500.0,7.0,0.45988
2500.0,8.0,0.303561
2500.0,9.0,0.82473
2500.0,10.0,0.0
2500.0,11.0,0.651131
2500.0,12.0,0.403421
2500.0,13.0,0.0
2500.0,14.0,0.240122
2500.0,15.0,0.297678
2500.0,16.0,0.275347
2500.0,17.0,0.006239
2500.0,18.0,0.0207
2500.0,19.0,1.0
2500.0,20.0,0.229767
2500.0,21.0,0.062565
2500.0,22.0,0.394624
2500.0,23.0,1.0
2500.0,24.0,0.604539
2500.0,25.0,0.319831
2500.0,26.0,0.0
2500.0,27.0,0.011162
2500.0,28.0,0.893989
2500.0,29.0,1.0
2500.0,30.0,0.619392
2500.0,31.0,0.0
2500.0,32.0,0.511074
2500.0,33.0,0.844653
2500.0,34.0,0.798953
2500.0,35.0,0.658582
2500.0,36.0,0.647694
2500.0,37.0,0.241468
2500.0,38.0,0.166709
2500.0,39.0,0.558353
2500.0,40.0,0.000466
2500.0,41.0,0.897873
2500.0,42.0,0.608801
2500.0,43.0,0.999982
2500.0,44.0,0.582842
2500.0,45.0,0.737339
2500.0,46.0,1.0
2500.0,47.0,0.59835
2500.0,48.0,0.634499
2500.0,49.0,0.462931
2500.0,50.0,0.183123
2500.0,51.0,0.232268
2500.0,52.0,0.10703
2500.0,53.0,0.003916
2500.0,54.0,0.234275
2500.0,55.0,0.256202
2500.0,56.0,0.477682
2500.0,57.0,0.379335
2500.0,58.0,0.711509
2500.0,59.0,0.683502
2500.0,60.0,0.611902
2500.0,61.0,0.129691
2500.0,62.0,0.567887
2500.0,63.0,0.186339
2500.0,64.0,0.509949
2500.0,65.0,0.585927
2500.0,66.0,0.423319
2500.0,67.0,1.0
2500.0,68.0,0.904922
2500.0,69.0,0.221135
2500.0,70.0,0.99927
2500.0,71.0,0.0
2500.0,72.0,0.250412
2500.0,73.0,0.612482
2500.0,74.0,0.438663
2500.0,75.0,0.399908
2500.0,76.0,0.001238
2500.0,77.0,0.730097
2500.0,78.0,0.467416
2500.0,79.0,0.880689
2500.0,80.0,0.467179
2500.0,81.0,0.17259
2500.0,82.0,0.363243
2500.0,83.0,0.707306
2500.0,84.0,0.0
2500.0,85.0,1.0
2500.0,86.0,0.177384
2500.0,87.0,0.433466
2500.0,88.0,0.50935
2500.0,89.0,0.459247
2500.0,90.0,0.346125
2500.0,91.0,0.94891
2500.0,92.0,0.99989
2500.0,93.0,0.107057
2500.0,94.0,0.0
2500.0,95.0,1.0
2500.0,96.0,0.318951
2500.0,97.0,1.0
2500.0,98.0,0.757301
2500.0,99.0,0.476228
2500.0,100.0,0.485992
2500.0,101.0,0.010161
2500.0,102.0,0.487794
2500.0,103.0,0.294032
2500.0,104.0,0.597724
2500.0,105.0,0.802735
2500.0,106.0,0.41274
2500.0,107.0,0.498257
2500.0,108.0,0.679148
2500.0,109.0,0.507775
2500.0,110.0,0.635785
2500.0,111.0,0.316094
2500.0,112.0,0.412634
2500.0,113.0,0.619293
2500.0,114.0,0.906968
2500.0,115.0,1.0
2500.0,116.0,0.550333
2500.0,117.0,0.00168
2500.0,118.0,0.577977
2500.0,119.0,0.43711
2500.0,120.0,1.0
2500.0,121.0,0.0
2500.0,122.0,0.99996
2500.0,123.0,1.0
2500.0,124.0,0.0
2500.0,125.0,0.17628
2500.0,126.0,0.595989
2500.0,127.0,0.426186
2500.0,128.0,0.618453
2500.0,129.0,0.247292
2500.0,130.0,0.889462
2500.0,131.0,0.99382
2500.0,132.0,0.383206
2500.0,133.0,0.453975
2500.0,134.0,0.539011
2500.0,135.0,0.469229
2500.0,136.0,0.912458
2500.0,137.0,0.187616
2500.0,138.0,0.875904
2500.0,139.0,0.325909
2500.0,140.0,0.609046
2500.0,141.0,0.607212
2500.0,142.0,0.669842
2500.0,143.0,0.162356
2500.0,144.0,0.805054
2500.0,145.0,0.440234
2500.0,146.0,1.0
2500.0,147.0,0.896849
2501.0,0.0,0.122789
2501.0,1.0,0.531864
2501.0,2.0,0.736814
2501.0,3.0,0.148781
2501.0,4.0,0.32952
2501.0,5.0,0.555721
2501.0,6.0,0.084462
2501.0,7.0,0.501235
2501.0,8.0,0.314132
2501.0,9.0,0.829717
2501.0,10.0,0.0
2501.0,11.0,0.652882
2501.0,12.0,0.407116
2501.0,13.0,0.0
2501.0,14.0,0.24379
2501.0,15.0,0.304907
2501.0,16.0,0.277871
2501.0,17.0,0.00643
2501.0,18.0,0.02085
2501.0,19.0,1.0
2501.0,20.0,0.237848
2501.0,21.0,0.062962
2501.0,22.0,0.403216
2501.0,23.0,1.0
2501.0,24.0,0.615872
2501.0,25.0,0.325238
2501.0,26.0,0.0
2501.0,27.0,0.011355
2501.0,28.0,0.894825
2501.0,29.0,1.0
2501.0,30.0,0.624813
2501.0,31.0,0.0
2501.0,32.0,0.516442
2501.0,33.0,0.847873
2501.0,34.0,0.802121
2501.0,35.0,0.662691
2501.0,36.0,0.650671
2501.0,37.0,0.259405
2501.0,38.0,0.167164
2501.0,39.0,0.572509
2501.0,40.0,0.000512
2501.0,41.0,0.906048
2501.0,42.0,0.618943
2501.0,43.0,0.999987
2501.0,44.0,0.596128
2501.0,45.0,0.759583
2501.0,46.0,1.0
2501.0,47.0,0.614857
2501.0,48.0,0.639554
2501.0,49.0,0.498078
2501.0,50.0,0.193045
2501.0,51.0,0.238243
2501.0,52.0,0.116227
2501.0,53.0,0.004007
2501.0,54.0,0.235754
2501.0,55.0,0.25856
2501.0,56.0,0.487822
2501.0,57.0,0.395957
2501.0,58.0,0.716184
2501.0,59.0,0.698193
2501.0,60.0,0.624775
2501.0,61.0,0.132737
2501.0,62.0,0.60151
2501.0,63.0,0.19184
2501.0,64.0,0.515089
2501.0,65.0,0.59319
2501.0,66.0,0.425644
2501.0,67.0,1.0
2501.0,68.0,0.907672
2501.0,69.0,0.240988
2501.0,70.0,0.999303
2501.0,71.0,0.0
2501.0,72.0,0.264288
2501.0,73.0,0.618708
2501.0,74.0,0.474218
2501.0,75.0,0.407301
2501.0,76.0,0.001281
2501.0,77.0,0.745338
2501.0,78.0,0.471364
2501.0,79.0,0.880981
2501.0,80.0,0.472696
2501.0,81.0,0.17964
2501.0,82.0,0.371526
2501.0,83.0,0.709914
2501.0,84.0,0.0
2501.0,85.0,1.0
2501.0,86.0,0.186833
2501.0,87.0,0.456975
2501.0,88.0,0.524936
2501.0,89.0,0.472056
2501.0,90.0,0.350774
2501.0,91.0,0.948884
2501.0,92.0,0.999887
2501.0,93.0,0.135277
2501.0,94.0,0.0
2501.0,95.0,1.0
2501.0,96.0,0.321177
2501.0,97.0,1.0
2501.0,98.0,0.764309
2501.0,99.0,0.48285
2501.0,100.0,0.488268
2501.0,101.0,0.015361
2501.0,102.0,0.494372
2501.0,103.0,0.311489
2501.0,104.0,0.609209
2501.0,105.0,0.809076
2501.0,106.0,0.415874
2501.0,107.0,0.507264
2501.0,108.0,0.681173
2501.0,109.0,0.519593
2501.0,110.0,0.659582
2501.0,111.0,0.320649
2501.0,112.0,0.415813
2501.0,113.0,0.622127
2501.0,114.0,0.908576
2501.0,115.0,1.0
2501.0,116.0,0.567164
2501.0,117.0,0.001983
2501.0,118.0,0.593524
2501.0,119.0,0.440698
2501.0,120.0,1.0
2501.0,121.0,0.0
2501.0,122.0,0.999961
2501.0,123.0,1.0
2501.0,124.0,0.0
2501.0,125.0,0.176957
2501.0,126.0,0.604149
2501.0,127.0,0.448862
2501.0,128.0,0.63018
2501.0,129.0,0.254255
2501.0,130.0,0.895097
2501.0,131.0,0.994149
2501.0,132.0,0.445321
2501.0,133.0,0.479261
2501.0,134.0,0.54983
2501.0,135.0,0.472165
2501.0,136.0,0.9117
2501.0,137.0,0.197902
2501.0,138.0,0.87916
2501.0,139.0,0.333724
2501.0,140.0,0.631096
2501.0,141.0,0.609579
2501.0,142.0,0.691818
2501.0,143.0,0.169014
2501.0,144.0,0.812809
2501.0,145.0,0.442232
2501.0,146.0,1.0
2501.0,147.0,0.900573
2502.0,0.0,0.128451
2502.0,1.0,0.539206
2502.0,2.0,0.756372
2502.0,3.0,0.156691
2502.0,4.0,0.331168
2502.0,5.0,0.565315
2502.0,6.0,0.085321
2502.0,7.0,0.538505
2502.0,8.0,0.323673
2502.0,9.0,0.834119
2502.0,10.0,0.0
2502.0,11.0,0.654829
2502.0,12.0,0.409524
2502.0,13.0,0.0
2502.0,14.0,0.246957
2502.0,15.0,0.31249
2502.0,16.0,0.280206
2502.0,17.0,0.006445
2502.0,18.0,0.021214
2502.0,19.0,1.0
2502.0,20.0,0.245707
2502.0,21.0,0.063193
2502.0,22.0,0.413154
2502.0,23.0,1.0
2502.0,24.0,0.626095
2502.0,25.0,0.330026
2502.0,26.0,0.0
2502.0,27.0,0.011459
2502.0,28.0,0.895572
2502.0,29.0,1.0
2502.0,30.0,0.631345
2502.0,31.0,0.0
2502.0,32.0,0.523068
2502.0,33.0,0.851043
2502.0,34.0,0.804916
2502.0,35.0,0.666685
2502.0,36.0,0.652896
2502.0,37.0,0.276866
2502.0,38.0,0.167193
2502.0,39.0,0.586794
2502.0,40.0,0.000544
2502.0,41.0,0.913899
2502.0,42.0,0.628699
2502.0,43.0,0.999986
2502.0,44.0,0.608462
2502.0,45.0,0.778952
2502.0,46.0,1.0
2502.0,47.0,0.630071
2502.0,48.0,0.644012
2502.0,49.0,0.532406
2502.0,50.0,0.204012
2502.0,51.0,0.243723
2502.0,52.0,0.125393
2502.0,53.0,0.004068
2502.0,54.0,0.238173
2502.0,55.0,0.261401
2502.0,56.0,0.497446
2502.0,57.0,0.412636
2502.0,58.0,0.72159
2502.0,59.0,0.712359
2502.0,60.0,0.637565
2502.0,61.0,0.135841
2502.0,62.0,0.630903
2502.0,63.0,0.197365
2502.0,64.0,0.5204
2502.0,65.0,0.599232
2502.0,66.0,0.427661
2502.0,67.0,1.0
2502.0,68.0,0.909991
2502.0,69.0,0.262312
2502.0,70.0,0.999302
2502.0,71.0,0.0
2502.0,72.0,0.278468
2502.0,73.0,0.626271
2502.0,74.0,0.509076
2502.0,75.0,0.414722
2502.0,76.0,0.001281
2502.0,77.0,0.759757
2502.0,78.0,0.474495
2502.0,79.0,0.882424
2502.0,80.0,0.477909
2502.0,81.0,0.186586
2502.0,82.0,0.378635
2502.0,83.0,0.712579
2502.0,84.0,0.0
2502.0,85.0,1.0
2502.0,86.0,0.195455
2502.0,87.0,0.479077
2502.0,88.0,0.538987
2502.0,89.0,0.484487
2502.0,90.0,0.354121
2502.0,91.0,0.948796
2502.0,92.0,0.999866
2502.0,93.0,0.168313
2502.0,94.0,0.0
2502.0,95.0,1.0
2502.0,96.0,0.323582
2502.0,97.0,1.0
2502.0,98.0,0.771179
2502.0,99.0,0.489173
2502.0,100.0,0.489565
2502.0,101.0,0.023266
2502.0,102.0,0.502208
2502.0,103.0,0.328704
2502.0,104.0,0.620918
2502.0,105.0,0.815767
2502.0,106.0,0.418194
2502.0,107.0,0.515835
2502.0,108.0,0.683664
2502.0,109.0,0.530512
2502.0,110.0,0.681139
2502.0,111.0,0.325528
2502.0,112.0,0.418864
2502.0,113.0,0.62436
2502.0,114.0,0.910598
2502.0,115.0,1.0
2502.0,116.0,0.58385
2502.0,117.0,0.00237
2502.0,118.0,0.608443
2502.0,119.0,0.444453
2502.0,120.0,1.0
2502.0,121.0,0.0
2502.0,122.0,0.999961
2502.0,123.0,1.0
2502.0,124.0,0.0
2502.0,125.0,0.178221
2502.0,126.0,0.612893
2502.0,127.0,0.46927
2502.0,128.0,0.643037
2502.0,129.0,0.260457
2502.0,130.0,0.899834
2502.0,131.0,0.99437
2502.0,132.0,0.500813
2502.0,133.0,0.50367
2502.0,134.0,0.56117
2502.0,135.0,0.474135
2502.0,136.0,0.911418
2502.0,137.0,0.208161
2502.0,138.0,0.882153
2502.0,139.0,0.341734
2502.0,140.0,0.651482
2502.0,141.0,0.611525
2502.0,142.0,0.712849
2502.0,143.0,0.175011
2502.0,144.0,0.819379
2502.0,145.0,0.445145
2502.0,146.0,1.0
2502.0,147.0,0.904063
2503.0,0.0,0.134103
2503.0,1.0,0.545652
2503.0,2.0,0.774037
2503.0,3.0,0.164113
2503.0,4.0,0.333181
2503.0,5.0,0.575265
2503.0,6.0,0.087015
2503.0,7.0,0.571969
2503.0,8.0,0.333454
2503.0,9.0,0.838782
2503.0,10.0,0.0
2503.0,11.0,0.658152
2503.0,12.0,0.412257
2503.0,13.0,0.0
2503.0,14.0,0.250848
2503.0,15.0,0.319923
2503.0,16.0,0.281505
2503.0,17.0,0.006494
2503.0,18.0,0.021774
2503.0,19.0,1.0
2503.0,20.0,0.253174
2503.0,21.0,0.063326
2503.0,22.0,0.421121
2503.0,23.0,1.0
2503.0,24.0,0.635688
2503.0,25.0,0.334472
2503.0,26.0,0.0
2503.0,27.0,0.011674
2503.0,28.0,0.896865
2503.0,29.0,1.0
2503.0,30.0,0.636947
2503.0,31.0,0.0
2503.0,32.0,0.528609
2503.0,33.0,0.853494
2503.0,34.0,0.807834
2503.0,35.0,0.671702
2503.0,36.0,0.6553
2503.0,37.0,0.292846
2503.0,38.0,0.167889
2503.0,39.0,0.598791
2503.0,40.0,0.000611
2503.0,41.0,0.920927
2503.0,42.0,0.6374
2503.0,43.0,0.999982
2503.0,44.0,0.621027
2503.0,45.0,0.7952
2503.0,46.0,1.0
2503.0,47.0,0.64465
2503.0,48.0,0.648167
2503.0,49.0,0.566136
2503.0,50.0,0.215256
2503.0,51.0,0.249541
2503.0,52.0,0.134134
2503.0,53.0,0.004199
2503.0,54.0,0.239652
2503.0,55.0,0.26512
2503.0,56.0,0.507315
2503.0,57.0,0.429371
2503.0,58.0,0.72566
2503.0,59.0,0.725635
2503.0,60.0,0.650179
2503.0,61.0,0.138709
2503.0,62.0,0.658136
2503.0,63.0,0.20384
2503.0,64.0,0.52473
2503.0,65.0,0.605127
2503.0,66.0,0.429266
2503.0,67.0,1.0
2503.0,68.0,0.912084
2503.0,69.0,0.283637
2503.0,70.0,0.999302
2503.0,71.0,0.0
2503.0,72.0,0.29374
2503.0,73.0,0.634346
2503.0,74.0,0.54235
2503.0,75.0,0.420738
2503.0,76.0,0.001342
2503.0,77.0,0.774401
2503.0,78.0,0.477599
2503.0,79.0,0.882899
2503.0,80.0,0.482017
2503.0,81.0,0.194934
2503.0,82.0,0.384981
2503.0,83.0,0.715309
2503.0,84.0,0.0
2503.0,85.0,1.0
2503.0,86.0,0.20398
2503.0,87.0,0.500971
2503.0,88.0,0.55351
2503.0,89.0,0.497822
2503.0,90.0,0.357581
2503.0,91.0,0.948727
2503.0,92.0,0.99988
2503.0,93.0,0.205089
2503.0,94.0,0.0
2503.0,95.0,1.0
2503.0,96.0,0.324509
2503.0,97.0,1.0
2503.0,98.0,0.778449
2503.0,99.0,0.495437
2503.0,100.0,0.4906
2503.0,101.0,0.034902
2503.0,102.0,0.508416
2503.0,103.0,0.346167
2503.0,104.0,0.631196
2503.0,105.0,0.821479
2503.0,106.0,0.420796
2503.0,107.0,0.524063
2503.0,108.0,0.685673
2503.0,109.0,0.541963
2503.0,110.0,0.700613
2503.0,111.0,0.329661
2503.0,112.0,0.421393
2503.0,113.0,0.627699
2503.0,114.0,0.913053
2503.0,115.0,1.0
2503.0,116.0,0.599597
2503.0,117.0,0.002862
2503.0,118.0,0.622807
2503.0,119.0,0.448643
2503.0,120.0,1.0
2503.0,121.0,0.0
2503.0,122.0,0.999967
2503.0,123.0,1.0
2503.0,124.0,0.0
2503.0,125.0,0.179662
2503.0,126.0,0.621088
2503.0,127.0,0.488663
2503.0,128.0,0.655626
2503.0,129.0,0.26733
2503.0,130.0,0.904494
2503.0,131.0,0.994573
2503.0,132.0,0.548595
2503.0,133.0,0.527591
2503.0,134.0,0.572281
2503.0,135.0,0.476939
2503.0,136.0,0.911507
2503.0,137.0,0.219193
2503.0,138.0,0.885008
2503.0,139.0,0.349206
2503.0,140.0,0.67018
2503.0,141.0,0.614031
2503.0,142.0,0.731871
2503.0,143.0,0.182165
2503.0,144.0,0.825581
2503.0,145.0,0.448274
2503.0,146.0,1.0
2503.0,147.0,0.907441
2504.0,0.0,0.138959
2504.0,1.0,0.552412
2504.0,2.0,0.789835
2504.0,3.0,0.172396
2504.0,4.0,0.33545
2504.0,5.0,0.585204
2504.0,6.0,0.088408
2504.0,7.0,0.601063
2504.0,8.0,0.34253
2504.0,9.0,0.842574
2504.0,10.0,0.0
2504.0,11.0,0.660177
2504.0,12.0,0.415704
2504.0,13.0,0.0
2504.0,14.0,0.254867
2504.0,15.0,0.327454
2504.0,16.0,0.283261
2504.0,17.0,0.006574
2504.0,18.0,0.021903
2504.0,19.0,1.0
2504.0,20.0,0.261814
2504.0,21.0,0.063843
2504.0,22.0,0.430019
2504.0,23.0,1.0
2504.0,24.0,0.643374
2504.0,25.0,0.340117
2504.0,26.0,0.0
2504.0,27.0,0.011865
2504.0,28.0,0.897526
2504.0,29.0,1.0
2504.0,30.0,0.642134
2504.0,31.0,0.0
2504.0,32.0,0.53507
2504.0,33.0,0.855757
2504.0,34.0,0.810765
2504.0,35.0,0.676288
2504.0,36.0,0.657923
2504.0,37.0,0.310275
2504.0,38.0,0.168119
2504.0,39.0,0.611496
2504.0,40.0,0.000633
2504.0,41.0,0.927339
2504.0,42.0,0.644904
2504.0,43.0,0.999986
2504.0,44.0,0.632663
2504.0,45.0,0.809556
2504.0,46.0,1.0
2504.0,47.0,0.660088
2504.0,48.0,0.651296
2504.0,49.0,0.598062
2504.0,50.0,0.226231
2504.0,51.0,0.255532
2504.0,52.0,0.142806
2504.0,53.0,0.004273
2504.0,54.0,0.241824
2504.0,55.0,0.268217
2504.0,56.0,0.516253
2504.0,57.0,0.444875
2504.0,58.0,0.730203
2504.0,59.0,0.738561
2504.0,60.0,0.661828
2504.0,61.0,0.142129
2504.0,62.0,0.682498
2504.0,63.0,0.210136
2504.0,64.0,0.528838
2504.0,65.0,0.610499
2504.0,66.0,0.431092
2504.0,67.0,1.0
2504.0,68.0,0.91414
2504.0,69.0,0.304312
2504.0,70.0,0.999308
2504.0,71.0,0.0
2504.0,72.0,0.309079
2504.0,73.0,0.64182
2504.0,74.0,0.573345
2504.0,75.0,0.426435
2504.0,76.0,0.001378
2504.0,77.0,0.788071
2504.0,78.0,0.480247
2504.0,79.0,0.883425
2504.0,80.0,0.486647
2504.0,81.0,0.202727
2504.0,82.0,0.391772
2504.0,83.0,0.717092
2504.0,84.0,0.0
2504.0,85.0,1.0
2504.0,86.0,0.213974
2504.0,87.0,0.522671
2504.0,88.0,0.567068
2504.0,89.0,0.510353
2504.0,90.0,0.360127
2504.0,91.0,0.949211
2504.0,92.0,0.999875
2504.0,93.0,0.246529
2504.0,94.0,0.0
2504.0,95.0,1.0
2504.0,96.0,0.326581
2504.0,97.0,1.0
2504.0,98.0,0.784875
2504.0,99.0,0.50182
2504.0,100.0,0.490993
2504.0,101.0,0.050977
2504.0,102.0,0.515395
2504.0,103.0,0.362335
2504.0,104.0,0.642086
2504.0,105.0,0.826943
2504.0,106.0,0.424088
2504.0,107.0,0.532099
2504.0,108.0,0.687304
2504.0,109.0,0.553219
2504.0,110.0,0.71865
2504.0,111.0,0.334341
2504.0,112.0,0.424149
2504.0,113.0,0.629907
2504.0,114.0,0.915138
2504.0,115.0,1.0
2504.0,116.0,0.613836
2504.0,117.0,0.003264
2504.0,118.0,0.636693
2504.0,119.0,0.45257
2504.0,120.0,1.0
2504.0,121.0,0.0
2504.0,122.0,0.999969
2504.0,123.0,1.0
2504.0,124.0,0.0
2504.0,125.0,0.180489
2504.0,126.0,0.629949
2504.0,127.0,0.506925
2504.0,128.0,0.667473
2504.0,129.0,0.274072
2504.0,130.0,0.908692
2504.0,131.0,0.994797
2504.0,132.0,0.591837
2504.0,133.0,0.550263
2504.0,134.0,0.582964
2504.0,135.0,0.479001
2504.0,136.0,0.911684
2504.0,137.0,0.229454
2504.0,138.0,0.888027
2504.0,139.0,0.356059
2504.0,140.0,0.687258
2504.0,141.0,0.616743
2504.0,142.0,0.751029
2504.0,143.0,0.188922
2504.0,144.0,0.832344
2504.0,145.0,0.449969
2504.0,146.0,1.0
2504.0,147.0,0.910589
2505.0,0.0,0.144441
2505.0,1.0,0.558672
2505.0,2.0,0.803381
2505.0,3.0,0.180329
2505.0,4.0,0.336868
2505.0,5.0,0.595196
2505.0,6.0,0.089849
2505.0,7.0,0.628195
2505.0,8.0,0.351678
2505.0,9.0,0.845989
2505.0,10.0,0.0
2505.0,11.0,0.66083
2505.0,12.0,0.419464
2505.0,13.0,0.0
2505.0,14.0,0.257963
2505.0,15.0,0.335598
2505.0,16.0,0.285476
2505.0,17.0,0.006853
2505.0,18.0,0.021974
2505.0,19.0,1.0
2505.0,20.0,0.270537
2505.0,21.0,0.064154
2505.0,22.0,0.44082
2505.0,23.0,1.0
2505.0,24.0,0.653051
2505.0,25.0,0.345765
2505.0,26.0,0.0
2505.0,27.0,0.011884
2505.0,28.0,0.898787
2505.0,29.0,1.0
2505.0,30.0,0.647368
2505.0,31.0,0.0
2505.0,32.0,0.540586
2505.0,33.0,0.858896
2505.0,34.0,0.813525
2505.0,35.0,0.680869
2505.0,36.0,0.66003
2505.0,37.0,0.327785
2505.0,38.0,0.168333
2505.0,39.0,0.624382
2505.0,40.0,0.0007
2505.0,41.0,0.933471
2505.0,42.0,0.653168
2505.0,43.0,0.999985
2505.0,44.0,0.643007
2505.0,45.0,0.822005
2505.0,46.0,1.0
2505.0,47.0,0.673131
2505.0,48.0,0.65427
2505.0,49.0,0.627287
2505.0,50.0,0.237217
2505.0,51.0,0.261751
2505.0,52.0,0.152334
2505.0,53.0,0.004325
2505.0,54.0,0.24461
2505.0,55.0,0.271855
2505.0,56.0,0.525176
2505.0,57.0,0.460534
2505.0,58.0,0.734492
2505.0,59.0,0.749596
2505.0,60.0,0.673643
2505.0,61.0,0.145961
2505.0,62.0,0.704256
2505.0,63.0,0.216382
2505.0,64.0,0.533346
2505.0,65.0,0.61587
2505.0,66.0,0.432723
2505.0,67.0,1.0
2505.0,68.0,0.915907
2505.0,69.0,0.324741
2505.0,70.0,0.999291
2505.0,71.0,0.0
2505.0,72.0,0.324603
2505.0,73.0,0.649449
2505.0,74.0,0.60457
2505.0,75.0,0.432999
2505.0,76.0,0.00146
2505.0,77.0,0.80035
2505.0,78.0,0.48178
2505.0,79.0,0.884272
2505.0,80.0,0.491587
2505.0,81.0,0.210297
2505.0,82.0,0.398745
2505.0,83.0,0.719768
2505.0,84.0,0.0
2505.0,85.0,1.0
2505.0,86.0,0.223749
2505.0,87.0,0.541449
2505.0,88.0,0.580852
2505.0,89.0,0.522343
2505.0,90.0,0.364198
2505.0,91.0,0.949325
2505.0,92.0,0.999902
2505.0,93.0,0.289498
2505.0,94.0,0.0
2505.0,95.0,1.0
2505.0,96.0,0.329321
2505.0,97.0,1.0
2505.0,98.0,0.790569
2505.0,99.0,0.508361
2505.0,100.0,0.491805
2505.0,101.0,0.073454
2505.0,102.0,0.522013
2505.0,103.0,0.377992
2505.0,104.0,0.652767
2505.0,105.0,0.832166
2505.0,106.0,0.427436
2505.0,107.0,0.540312
2505.0,108.0,0.689284
2505.0,109.0,0.562628
2505.0,110.0,0.736081
2505.0,111.0,0.339228
2505.0,112.0,0.426527
2505.0,113.0,0.632408
2505.0,114.0,0.916523
2505.0,115.0,1.0
2505.0,116.0,0.627579
2505.0,117.0,0.003791
2505.0,118.0,0.650221
2505.0,119.0,0.457148
2505.0,120.0,1.0
2505.0,121.0,0.0
2505.0,122.0,0.999975
2505.0,123.0,1.0
2505.0,124.0,0.0
2505.0,125.0,0.18117
2505.0,126.0,0.637426
2505.0,127.0,0.524446
2505.0,128.0,0.678511
2505.0,129.0,0.280126
2505.0,130.0,0.912415
2505.0,131.0,0.994951
2505.0,132.0,0.629164
2505.0,133.0,0.570765
2505.0,134.0,0.593502
2505.0,135.0,0.482011
2505.0,136.0,0.912515
2505.0,137.0,0.240125
2505.0,138.0,0.890567
2505.0,139.0,0.363532
2505.0,140.0,0.703954
2505.0,141.0,0.618899
2505.0,142.0,0.768784
2505.0,143.0,0.196285
2505.0,144.0,0.838079
2505.0,145.0,0.453349
2505.0,146.0,1.0
2505.0,147.0,0.91338
2506.0,0.0,0.139074
2506.0,1.0,0.551146
2506.0,2.0,0.787592
2506.0,3.0,0.171516
2506.0,4.0,0.334567
2506.0,5.0,0.584615
2506.0,6.0,0.088949
2506.0,7.0,0.591334
2506.0,8.0,0.340135
2506.0,9.0,0.84303
2506.0,10.0,0.0
2506.0,11.0,0.658586
2506.0,12.0,0.416164
2506.0,13.0,0.0
2506.0,14.0,0.253598
2506.0,15.0,0.328662
2506.0,16.0,0.283124
2506.0,17.0,0.006651
2506.0,18.0,0.021567
2506.0,19.0,1.0
2506.0,20.0,0.261277
2506.0,21.0,0.063727
2506.0,22.0,0.431408
2506.0,23.0,1.0
2506.0,24.0,0.643289
2506.0,25.0,0.339726
2506.0,26.0,0.0
2506.0,27.0,0.011784
2506.0,28.0,0.897578
2506.0,29.0,1.0
2506.0,30.0,0.642399
2506.0,31.0,0.0
2506.0,32.0,0.533502
2506.0,33.0,0.856137
2506.0,34.0,0.810767
2506.0,35.0,0.676448
2506.0,36.0,0.657389
2506.0,37.0,0.305525
2506.0,38.0,0.16854
2506.0,39.0,0.611395
2506.0,40.0,0.000671
2506.0,41.0,0.926953
2506.0,42.0,0.643682
2506.0,43.0,0.999984
2506.0,44.0,0.632493
2506.0,45.0,0.806794
2506.0,46.0,1.0
2506.0,47.0,0.657932
2506.0,48.0,0.650314
2506.0,49.0,0.593897
2506.0,50.0,0.224857
2506.0,51.0,0.25526
2506.0,52.0,0.141689
2506.0,53.0,0.004414
2506.0,54.0,0.241816
2506.0,55.0,0.267682
2506.0,56.0,0.515366
2506.0,57.0,0.44194
2506.0,58.0,0.73076
2506.0,59.0,0.737141
2506.0,60.0,0.661628
2506.0,61.0,0.142461
2506.0,62.0,0.6795
2506.0,63.0,0.209566
2506.0,64.0,0.528776
2506.0,65.0,0.610672
2506.0,66.0,0.429904
2506.0,67.0,1.0
2506.0,68.0,0.914137
2506.0,69.0,0.301663
2506.0,70.0,0.999312
2506.0,71.0,0.0
2506.0,72.0,0.308059
2506.0,73.0,0.641242
2506.0,74.0,0.567929
2506.0,75.0,0.425263
2506.0,76.0,0.001347
2506.0,77.0,0.786805
2506.0,78.0,0.478702
2506.0,79.0,0.883907
2506.0,80.0,0.485348
2506.0,81.0,0.201548
2506.0,82.0,0.391502
2506.0,83.0,0.716888
2506.0,84.0,0.0
2506.0,85.0,1.0
2506.0,86.0,0.213982
2506.0,87.0,0.520165
2506.0,88.0,0.56586
2506.0,89.0,0.509731
2506.0,90.0,0.360901
2506.0,91.0,0.949304
2506.0,92.0,0.999879
2506.0,93.0,0.241249
2506.0,94.0,0.0
2506.0,95.0,1.0
2506.0,96.0,0.327115
2506.0,97.0,1.0
2506.0,98.0,0.784253
2506.0,99.0,0.501821
2506.0,100.0,0.492119
2506.0,101.0,0.048954
2506.0,102.0,0.515159
2506.0,103.0,0.359691
2506.0,104.0,0.642026
2506.0,105.0,0.826908
2506.0,106.0,0.425661
2506.0,107.0,0.531832
2506.0,108.0,0.687404
2506.0,109.0,0.551388
2506.0,110.0,0.716445
2506.0,111.0,0.334547
2506.0,112.0,0.422941
2506.0,113.0,0.629788
2506.0,114.0,0.91425
2506.0,115.0,1.0
2506.0,116.0,0.611687
2506.0,117.0,0.003205
2506.0,118.0,0.635301
2506.0,119.0,0.453419
2506.0,120.0,1.0
2506.0,121.0,0.0
2506.0,122.0,0.999969
2506.0,123.0,1.0
2506.0,124.0,0.0
2506.0,125.0,0.180414
2506.0,126.0,0.629679
2506.0,127.0,0.502745
2506.0,128.0,0.665829
2506.0,129.0,0.273568
2506.0,130.0,0.90761
2506.0,131.0,0.994639
2506.0,132.0,0.58203
2506.0,133.0,0.545306
2506.0,134.0,0.58331
2506.0,135.0,0.479449
2506.0,136.0,0.911952
2506.0,137.0,0.227687
2506.0,138.0,0.887479
2506.0,139.0,0.355424
2506.0,140.0,0.68466
2506.0,141.0,0.615986
2506.0,142.0,0.749457
2506.0,143.0,0.188482
2506.0,144.0,0.832503
2506.0,145.0,0.45051
2506.0,146.0,1.0
2506.0,147.0,0.910067
2507.0,0.0,0.133583
2507.0,1.0,0.544065
2507.0,2.0,0.770962
2507.0,3.0,0.163572
2507.0,4.0,0.332305
2507.0,5.0,0.57492
2507.0,6.0,0.08775
2507.0,7.0,0.555994
2507.0,8.0,0.329836
2507.0,9.0,0.839454
2507.0,10.0,0.0
2507.0,11.0,0.656604
2507.0,12.0,0.412293
2507.0,13.0,0.0
2507.0,14.0,0.250669
2507.0,15.0,0.320811
2507.0,16.0,0.280649
2507.0,17.0,0.006539
2507.0,18.0,0.021401
2507.0,19.0,1.0
2507.0,20.0,0.252559
2507.0,21.0,0.063582
2507.0,22.0,0.421809
2507.0,23.0,1.0
2507.0,24.0,0.633302
2507.0,25.0,0.334029
2507.0,26.0,0.0
2507.0,27.0,0.011703
2507.0,28.0,0.896688
2507.0,29.0,1.0
2507.0,30.0,0.636923
2507.0,31.0,0.0
2507.0,32.0,0.525737
2507.0,33.0,0.853469
2507.0,34.0,0.807165
2507.0,35.0,0.672061
2507.0,36.0,0.655123
2507.0,37.0,0.286074
2507.0,38.0,0.168543
2507.0,39.0,0.599147
2507.0,40.0,0.00063
2507.0,41.0,0.920631
2507.0,42.0,0.634319
2507.0,43.0,0.999987
2507.0,44.0,0.61998
2507.0,45.0,0.790671
2507.0,46.0,1.0
2507.0,47.0,0.642874
2507.0,48.0,0.645796
2507.0,49.0,0.559936
2507.0,50.0,0.212731
2507.0,51.0,0.249864
2507.0,52.0,0.131997
2507.0,53.0,0.004374
2507.0,54.0,0.240157
2507.0,55.0,0.26482
2507.0,56.0,0.504675
2507.0,57.0,0.42532
2507.0,58.0,0.726956
2507.0,59.0,0.723859
2507.0,60.0,0.649526
2507.0,61.0,0.138751
2507.0,62.0,0.652596
2507.0,63.0,0.203729
2507.0,64.0,0.523129
2507.0,65.0,0.605947
2507.0,66.0,0.427093
2507.0,67.0,1.0
2507.0,68.0,0.912073
2507.0,69.0,0.280373
2507.0,70.0,0.999296
2507.0,71.0,0.0
2507.0,72.0,0.292031
2507.0,73.0,0.633188
2507.0,74.0,0.532513
2507.0,75.0,0.417533
2507.0,76.0,0.001287
2507.0,77.0,0.772865
2507.0,78.0,0.475304
2507.0,79.0,0.882906
2507.0,80.0,0.480141
2507.0,81.0,0.193222
2507.0,82.0,0.383874
2507.0,83.0,0.713237
2507.0,84.0,0.0
2507.0,85.0,1.0
2507.0,86.0,0.203788
2507.0,87.0,0.498632
2507.0,88.0,0.552058
2507.0,89.0,0.498001
2507.0,90.0,0.356524
2507.0,91.0,0.949579
2507.0,92.0,0.999867
2507.0,93.0,0.199119
2507.0,94.0,0.0
2507.0,95.0,1.0
2507.0,96.0,0.325151
2507.0,97.0,1.0
2507.0,98.0,0.778447
2507.0,99.0,0.494904
2507.0,100.0,0.491604
2507.0,101.0,0.03283
2507.0,102.0,0.508325
2507.0,103.0,0.342523
2507.0,104.0,0.631687
2507.0,105.0,0.820957
2507.0,106.0,0.422746
2507.0,107.0,0.524217
2507.0,108.0,0.686598
2507.0,109.0,0.540185
2507.0,110.0,0.695894
2507.0,111.0,0.328929
2507.0,112.0,0.420036
2507.0,113.0,0.627511
2507.0,114.0,0.912596
2507.0,115.0,1.0
2507.0,116.0,0.595688
2507.0,117.0,0.002745
2507.0,118.0,0.620468
2507.0,119.0,0.449764
2507.0,120.0,1.0
2507.0,121.0,0.0
2507.0,122.0,0.999972
2507.0,123.0,1.0
2507.0,124.0,0.0
2507.0,125.0,0.179863
2507.0,126.0,0.621695
2507.0,127.0,0.481933
2507.0,128.0,0.653843
2507.0,129.0,0.266472
2507.0,130.0,0.903309
2507.0,131.0,0.994654
2507.0,132.0,0.532294
2507.0,133.0,0.521872
2507.0,134.0,0.572542
2507.0,135.0,0.477093
2507.0,136.0,0.911864
2507.0,137.0,0.2168
2507.0,138.0,0.885066
2507.0,139.0,0.348446
2507.0,140.0,0.665232
2507.0,141.0,0.614389
2507.0,142.0,0.728877
2507.0,143.0,0.180561
2507.0,144.0,0.827039
2507.0,145.0,0.447213
2507.0,146.0,1.0
2507.0,147.0,0.90737
2508.0,0.0,0.128186
2508.0,1.0,0.537748
2508.0,2.0,0.75348
2508.0,3.0,0.156212
2508.0,4.0,0.330967
2508.0,5.0,0.565752
2508.0,6.0,0.085826
2508.0,7.0,0.522607
2508.0,8.0,0.320025
2508.0,9.0,0.835794
2508.0,10.0,0.0
2508.0,11.0,0.654248
2508.0,12.0,0.408709
2508.0,13.0,0.0
2508.0,14.0,0.247113
2508.0,15.0,0.313847
2508.0,16.0,0.279106
2508.0,17.0,0.006334
2508.0,18.0,0.020917
2508.0,19.0,1.0
2508.0,20.0,0.244474
2508.0,21.0,0.063636
2508.0,22.0,0.4129
2508.0,23.0,1.0
2508.0,24.0,0.622098
2508.0,25.0,0.330404
2508.0,26.0,0.0
2508.0,27.0,0.011611
2508.0,28.0,0.895877
2508.0,29.0,1.0
2508.0,30.0,0.631488
2508.0,31.0,0.0
2508.0,32.0,0.520599
2508.0,33.0,0.850682
2508.0,34.0,0.804999
2508.0,35.0,0.667342
2508.0,36.0,0.653936
2508.0,37.0,0.268438
2508.0,38.0,0.169657
2508.0,39.0,0.586333
2508.0,40.0,0.000637
2508.0,41.0,0.913306
2508.0,42.0,0.625342
2508.0,43.0,0.999989
2508.0,44.0,0.608057
2508.0,45.0,0.773442
2508.0,46.0,1.0
2508.0,47.0,0.628442
2508.0,48.0,0.641302
2508.0,49.0,0.527267
2508.0,50.0,0.202093
2508.0,51.0,0.244401
2508.0,52.0,0.123102
2508.0,53.0,0.004338
2508.0,54.0,0.237746
2508.0,55.0,0.262329
2508.0,56.0,0.495564
2508.0,57.0,0.409795
2508.0,58.0,0.722263
2508.0,59.0,0.710463
2508.0,60.0,0.637861
2508.0,61.0,0.136487
2508.0,62.0,0.625146
2508.0,63.0,0.198213
2508.0,64.0,0.517781
2508.0,65.0,0.600405
2508.0,66.0,0.425784
2508.0,67.0,1.0
2508.0,68.0,0.910243
2508.0,69.0,0.260111
2508.0,70.0,0.999297
2508.0,71.0,0.0
2508.0,72.0,0.276686
2508.0,73.0,0.625132
2508.0,74.0,0.498738
2508.0,75.0,0.41147
2508.0,76.0,0.001182
2508.0,77.0,0.759071
2508.0,78.0,0.473696
2508.0,79.0,0.882205
2508.0,80.0,0.47471
2508.0,81.0,0.185213
2508.0,82.0,0.376862
2508.0,83.0,0.709774
2508.0,84.0,0.0
2508.0,85.0,1.0
2508.0,86.0,0.194197
2508.0,87.0,0.477139
2508.0,88.0,0.537489
2508.0,89.0,0.486141
2508.0,90.0,0.352933
2508.0,91.0,0.949523
2508.0,92.0,0.999852
2508.0,93.0,0.163722
2508.0,94.0,0.0
2508.0,95.0,1.0
2508.0,96.0,0.323454
2508.0,97.0,1.0
2508.0,98.0,0.771684
2508.0,99.0,0.488242
2508.0,100.0,0.490321
2508.0,101.0,0.021945
2508.0,102.0,0.501191
2508.0,103.0,0.325553
2508.0,104.0,0.620712
2508.0,105.0,0.814846
2508.0,106.0,0.41921
2508.0,107.0,0.517135
2508.0,108.0,0.684817
2508.0,109.0,0.529162
2508.0,110.0,0.675592
2508.0,111.0,0.324041
2508.0,112.0,0.417546
2508.0,113.0,0.625269
2508.0,114.0,0.910522
2508.0,115.0,1.0
2508.0,116.0,0.579664
2508.0,117.0,0.00245
2508.0,118.0,0.604782
2508.0,119.0,0.444486
2508.0,120.0,1.0
2508.0,121.0,0.0
2508.0,122.0,0.999969
2508.0,123.0,1.0
2508.0,124.0,0.0
2508.0,125.0,0.179183
2508.0,126.0,0.613662
2508.0,127.0,0.46332
2508.0,128.0,0.641514
2508.0,129.0,0.259779
2508.0,130.0,0.898825
2508.0,131.0,0.994426
2508.0,132.0,0.48303
2508.0,133.0,0.499568
2508.0,134.0,0.561955
2508.0,135.0,0.474066
2508.0,136.0,0.911866
2508.0,137.0,0.206804
2508.0,138.0,0.882174
2508.0,139.0,0.341529
2508.0,140.0,0.647111
2508.0,141.0,0.610645
2508.0,142.0,0.709638
2508.0,143.0,0.173442
2508.0,144.0,0.820767
2508.0,145.0,0.443954
2508.0,146.0,1.0
2508.0,147.0,0.903763
2509.0,0.0,0.123657
2509.0,1.0,0.530505
2509.0,2.0,0.735379
2509.0,3.0,0.148792
2509.0,4.0,0.329471
2509.0,5.0,0.556536
2509.0,6.0,0.084571
2509.0,7.0,0.492273
2509.0,8.0,0.311016
2509.0,9.0,0.831378
2509.0,10.0,0.0
2509.0,11.0,0.652131
2509.0,12.0,0.404462
2509.0,13.0,0.0
2509.0,14.0,0.244216
2509.0,15.0,0.307302
2509.0,16.0,0.277391
2509.0,17.0,0.006309
2509.0,18.0,0.020715
2509.0,19.0,1.0
2509.0,20.0,0.236142
2509.0,21.0,0.063236
2509.0,22.0,0.405297
2509.0,23.0,1.0
2509.0,24.0,0.611696
2509.0,25.0,0.326268
2509.0,26.0,0.0
2509.0,27.0,0.011686
2509.0,28.0,0.895265
2509.0,29.0,1.0
2509.0,30.0,0.62564
2509.0,31.0,0.0
2509.0,32.0,0.514097
2509.0,33.0,0.847648
2509.0,34.0,0.802499
2509.0,35.0,0.661735
2509.0,36.0,0.652265
2509.0,37.0,0.252581
2509.0,38.0,0.169667
2509.0,39.0,0.573776
2509.0,40.0,0.000598
2509.0,41.0,0.905466
2509.0,42.0,0.617186
2509.0,43.0,0.999989
2509.0,44.0,0.597266
2509.0,45.0,0.754329
2509.0,46.0,1.0
2509.0,47.0,0.61375
2509.0,48.0,0.638745
2509.0,49.0,0.494893
2509.0,50.0,0.192455
2509.0,51.0,0.239021
2509.0,52.0,0.115278
2509.0,53.0,0.004251
2509.0,54.0,0.235314
2509.0,55.0,0.259272
2509.0,56.0,0.486099
2509.0,57.0,0.394544
2509.0,58.0,0.716201
2509.0,59.0,0.696709
2509.0,60.0,0.625924
2509.0,61.0,0.133156
2509.0,62.0,0.597811
2509.0,63.0,0.19327
2509.0,64.0,0.512983
2509.0,65.0,0.59401
2509.0,66.0,0.423449
2509.0,67.0,1.0
2509.0,68.0,0.907946
2509.0,69.0,0.241037
2509.0,70.0,0.999316
2509.0,71.0,0.0
2509.0,72.0,0.263457
2509.0,73.0,0.617797
2509.0,74.0,0.466857
2509.0,75.0,0.405287
2509.0,76.0,0.001158
2509.0,77.0,0.745205
2509.0,78.0,0.471052
2509.0,79.0,0.881502
2509.0,80.0,0.469041
2509.0,81.0,0.178217
2509.0,82.0,0.368685
2509.0,83.0,0.706696
2509.0,84.0,0.0
2509.0,85.0,1.0
2509.0,86.0,0.184989
2509.0,87.0,0.455812
2509.0,88.0,0.524219
2509.0,89.0,0.474972
2509.0,90.0,0.34873
2509.0,91.0,0.949575
2509.0,92.0,0.999865
2509.0,93.0,0.133216
2509.0,94.0,0.0
2509.0,95.0,1.0
2509.0,96.0,0.321869
2509.0,97.0,1.0
2509.0,98.0,0.765745
2509.0,99.0,0.481542
2509.0,100.0,0.489535
2509.0,101.0,0.014488
2509.0,102.0,0.493404
2509.0,103.0,0.310089
2509.0,104.0,0.609959
2509.0,105.0,0.808618
2509.0,106.0,0.415879
2509.0,107.0,0.509749
2509.0,108.0,0.683789
2509.0,109.0,0.517867
2509.0,110.0,0.655223
2509.0,111.0,0.319015
2509.0,112.0,0.41423
2509.0,113.0,0.622274
2509.0,114.0,0.907632
2509.0,115.0,1.0
2509.0,116.0,0.564314
2509.0,117.0,0.002038
2509.0,118.0,0.589793
2509.0,119.0,0.439476
2509.0,120.0,1.0
2509.0,121.0,0.0
2509.0,122.0,0.999965
2509.0,123.0,1.0
2509.0,124.0,0.0
2509.0,125.0,0.178642
2509.0,126.0,0.605711
2509.0,127.0,0.445455
2509.0,128.0,0.630538
2509.0,129.0,0.253669
2509.0,130.0,0.893801
2509.0,131.0,0.994325
2509.0,132.0,0.432936
2509.0,133.0,0.477282
2509.0,134.0,0.551778
2509.0,135.0,0.472773
2509.0,136.0,0.911945
2509.0,137.0,0.19775
2509.0,138.0,0.879024
2509.0,139.0,0.334076
2509.0,140.0,0.627245
2509.0,141.0,0.607132
2509.0,142.0,0.69
2509.0,143.0,0.167058
2509.0,144.0,0.814024
2509.0,145.0,0.441453
2509.0,146.0,1.0
2509.0,147.0,0.900158
2510.0,0.0,0.119028
2510.0,1.0,0.524268
2510.0,2.0,0.71623
2510.0,3.0,0.141933
2510.0,4.0,0.328504
2510.0,5.0,0.547484
2510.0,6.0,0.083578
2510.0,7.0,0.462892
2510.0,8.0,0.301746
2510.0,9.0,0.827914
2510.0,10.0,0.0
2510.0,11.0,0.649263
2510.0,12.0,0.400421
2510.0,13.0,0.0
2510.0,14.0,0.240453
2510.0,15.0,0.301283
2510.0,16.0,0.276213
2510.0,17.0,0.005991
2510.0,18.0,0.020531
2510.0,19.0,1.0
2510.0,20.0,0.22811
2510.0,21.0,0.062564
2510.0,22.0,0.397266
2510.0,23.0,1.0
2510.0,24.0,0.601121
2510.0,25.0,0.321443
2510.0,26.0,0.0
2510.0,27.0,0.011734
2510.0,28.0,0.894455
2510.0,29.0,1.0
2510.0,30.0,0.619475
2510.0,31.0,0.0
2510.0,32.0,0.509119
2510.0,33.0,0.844916
2510.0,34.0,0.799605
2510.0,35.0,0.657257
2510.0,36.0,0.650115
2510.0,37.0,0.238935
2510.0,38.0,0.169123
2510.0,39.0,0.560893
2510.0,40.0,0.000556
2510.0,41.0,0.897067
2510.0,42.0,0.608059
2510.0,43.0,0.999987
2510.0,44.0,0.5863
2510.0,45.0,0.733815
2510.0,46.0,1.0
2510.0,47.0,0.599056
2510.0,48.0,0.635226
2510.0,49.0,0.463681
2510.0,50.0,0.18225
2510.0,51.0,0.233567
2510.0,52.0,0.107191
2510.0,53.0,0.004106
2510.0,54.0,0.232933
2510.0,55.0,0.256476
2510.0,56.0,0.477474
2510.0,57.0,0.380468
2510.0,58.0,0.71198
2510.0,59.0,0.682748
2510.0,60.0,0.613987
2510.0,61.0,0.130044
2510.0,62.0,0.570249
2510.0,63.0,0.188574
2510.0,64.0,0.507859
2510.0,65.0,0.587479
2510.0,66.0,0.421457
2510.0,67.0,1.0
2510.0,68.0,0.905883
2510.0,69.0,0.222042
2510.0,70.0,0.999237
2510.0,71.0,0.0
2510.0,72.0,0.250823
2510.0,73.0,0.610227
2510.0,74.0,0.436414
2510.0,75.0,0.399403
2510.0,76.0,0.001176
2510.0,77.0,0.730823
2510.0,78.0,0.468796
2510.0,79.0,0.880207
2510.0,80.0,0.465583
2510.0,81.0,0.171095
2510.0,82.0,0.361938
2510.0,83.0,0.703071
2510.0,84.0,0.0
2510.0,85.0,1.0
2510.0,86.0,0.176546
2510.0,87.0,0.435202
2510.0,88.0,0.511666
2510.0,89.0,0.463797
2510.0,90.0,0.343487
2510.0,91.0,0.949602
2510.0,92.0,0.999849
2510.0,93.0,0.108061
2510.0,94.0,0.0
2510.0,95.0,1.0
2510.0,96.0,0.320174
2510.0,97.0,1.0
2510.0,98.0,0.759953
2510.0,99.0,0.476292
2510.0,100.0,0.48885
2510.0,101.0,0.0097
2510.0,102.0,0.486178
2510.0,103.0,0.295438
2510.0,104.0,0.599559
2510.0,105.0,0.802553
2510.0,106.0,0.412367
2510.0,107.0,0.503159
2510.0,108.0,0.682669
2510.0,109.0,0.508148
2510.0,110.0,0.634135
2510.0,111.0,0.315416
2510.0,112.0,0.411677
2510.0,113.0,0.619734
2510.0,114.0,0.905771
2510.0,115.0,1.0
2510.0,116.0,0.549474
2510.0,117.0,0.001683
2510.0,118.0,0.574425
2510.0,119.0,0.435832
2510.0,120.0,1.0
2510.0,121.0,0.0
2510.0,122.0,0.999953
2510.0,123.0,1.0
2510.0,124.0,0.0
2510.0,125.0,0.178135
2510.0,126.0,0.596834
2510.0,127.0,0.428209
2510.0,128.0,0.617532
2510.0,129.0,0.246819
2510.0,130.0,0.888067
2510.0,131.0,0.994217
2510.0,132.0,0.383413
2510.0,133.0,0.455676
2510.0,134.0,0.540934
2510.0,135.0,0.47087
2510.0,136.0,0.91235
2510.0,137.0,0.188528
2510.0,138.0,0.876063
2510.0,139.0,0.327637
2510.0,140.0,0.607626
2510.0,141.0,0.605121
2510.0,142.0,0.671003
2510.0,143.0,0.160233
2510.0,144.0,0.807734
2510.0,145.0,0.439399
2510.0,146.0,1.0
2510.0,147.0,0.896233
