FREQUENCIES 
Gen,mut_id,mut_freq
1.0,0.0,0.5
1.0,1.0,0.5
1.0,2.0,0.5
1.0,3.0,0.5
1.0,4.0,0.5
1.0,5.0,0.5
1.0,6.0,0.5
1.0,7.0,0.5
1.0,8.0,0.5
1.0,9.0,0.5
1.0,10.0,0.5
1.0,11.0,0.5
1.0,12.0,0.5
1.0,13.0,0.5
1.0,14.0,0.5
1.0,15.0,0.5
1.0,16.0,0.5
1.0,17.0,0.5
1.0,18.0,0.5
1.0,19.0,0.5
1.0,20.0,0.5
1.0,21.0,0.5
1.0,22.0,0.5
1.0,23.0,0.5
1.0,24.0,0.5
1.0,25.0,0.5
1.0,26.0,0.5
1.0,27.0,0.5
1.0,28.0,0.5
1.0,29.0,0.5
1.0,30.0,0.5
1.0,31.0,0.5
1.0,32.0,0.5
1.0,33.0,0.5
1.0,34.0,0.5
1.0,35.0,0.5
1.0,36.0,0.5
1.0,37.0,0.5
1.0,38.0,0.5
1.0,39.0,0.5
1.0,40.0,0.5
1.0,41.0,0.5
1.0,42.0,0.5
1.0,43.0,0.5
1.0,44.0,0.5
1.0,45.0,0.5
1.0,46.0,0.5
1.0,47.0,0.5
1.0,48.0,0.5
1.0,49.0,0.5
1.0,50.0,0.5
1.0,51.0,0.5
1.0,52.0,0.5
1.0,53.0,0.5
1.0,54.0,0.5
1.0,55.0,0.5
1.0,56.0,0.5
1.0,57.0,0.5
1.0,58.0,0.5
1.0,59.0,0.5
1.0,60.0,0.5
1.0,61.0,0.5
1.0,62.0,0.5
1.0,63.0,0.5
1.0,64.0,0.5
1.0,65.0,0.5
1.0,66.0,0.5
1.0,67.0,0.5
1.0,68.0,0.5
1.0,69.0,0.5
1.0,70.0,0.5
1.0,71.0,0.5
1.0,72.0,0.5
1.0,73.0,0.5
1.0,74.0,0.5
1.0,75.0,0.5
1.0,76.0,0.5
1.0,77.0,0.5
1.0,78.0,0.5
1.0,79.0,0.5
1.0,80.0,0.5
1.0,81.0,0.5
1.0,82.0,0.5
1.0,83.0,0.5
1.0,84.0,0.5
1.0,85.0,0.5
1.0,86.0,0.5
1.0,87.0,0.5
1.0,88.0,0.5
1.0,89.0,0.5
1.0,90.0,0.5
1.0,91.0,0.5
1.0,92.0,0.5
1.0,93.0,0.5
1.0,94.0,0.5
1.0,95.0,0.5
1.0,96.0,0.5
1.0,97.0,0.5
1.0,98.0,0.5
1.0,99.0,0.5
1.0,100.0,0.5
1.0,101.0,0.5
1.0,102.0,0.5
1.0,103.0,0.5
1.0,104.0,0.5
1.0,105.0,0.5
1.0,106.0,0.5
1.0,107.0,0.5
1.0,108.0,0.5
1.0,109.0,0.5
1.0,110.0,0.5
1.0,111.0,0.5
1.0,112.0,0.5
1.0,113.0,0.5
1.0,114.0,0.5
1.0,115.0,0.5
1.0,116.0,0.5
1.0,117.0,0.5
1.0,118.0,0.5
1.0,119.0,0.5
1.0,120.0,0.5
1.0,121.0,0.5
1.0,122.0,0.5
1.0,123.0,0.5
1.0,124.0,0.5
1.0,125.0,0.5
1.0,126.0,0.5
1.0,127.0,0.5
1.0,128.0,0.5
1.0,129.0,0.5
1.0,130.0,0.5
1.0,131.0,0.5
1.0,132.0,0.5
1.0,133.0,0.5
1.0,134.0,0.5
1.0,135.0,0.5
1.0,136.0,0.5
1.0,137.0,0.5
1.0,138.0,0.5
1.0,139.0,0.5
1.0,140.0,0.5
1.0,141.0,0.5
1.0,142.0,0.5
1.0,143.0,0.5
1.0,144.0,0.5
1.0,145.0,0.5
1.0,146.0,0.5
1.0,147.0,0.5
2500.0,0.0,0.23856
2500.0,1.0,0.616109
2500.0,2.0,0.602395
2500.0,3.0,0.656852
2500.0,4.0,0.30476
2500.0,5.0,0.0
2500.0,6.0,0.999653
2500.0,7.0,0.562539
2500.0,8.0,0.744069
2500.0,9.0,0.387302
2500.0,10.0,0.400457
2500.0,11.0,0.728417
2500.0,12.0,0.423423
2500.0,13.0,1.0
2500.0,14.0,0.451473
2500.0,15.0,0.678831
2500.0,16.0,0.578093
2500.0,17.0,0.0
2500.0,18.0,0.742369
2500.0,19.0,0.882899
2500.0,20.0,0.690893
2500.0,21.0,1.0
2500.0,22.0,0.308114
2500.0,23.0,0.260753
2500.0,24.0,0.313933
2500.0,25.0,0.689466
2500.0,26.0,0.665369
2500.0,27.0,0.321882
2500.0,28.0,0.014551
2500.0,29.0,0.598636
2500.0,30.0,0.260053
2500.0,31.0,0.871244
2500.0,32.0,0.876282
2500.0,33.0,0.567055
2500.0,34.0,0.584221
2500.0,35.0,0.59926
2500.0,36.0,0.879703
2500.0,37.0,0.715702
2500.0,38.0,0.652513
2500.0,39.0,0.443824
2500.0,40.0,0.908802
2500.0,41.0,0.8839
2500.0,42.0,1.0
2500.0,43.0,0.121488
2500.0,44.0,0.715878
2500.0,45.0,0.852123
2500.0,46.0,0.55012
2500.0,47.0,0.766834
2500.0,48.0,1.0
2500.0,49.0,0.484369
2500.0,50.0,1.0
2500.0,51.0,0.671171
2500.0,52.0,0.343912
2500.0,53.0,0.581905
2500.0,54.0,0.80323
2500.0,55.0,0.210893
2500.0,56.0,0.350155
2500.0,57.0,0.998546
2500.0,58.0,0.084057
2500.0,59.0,0.783342
2500.0,60.0,0.475076
2500.0,61.0,0.315946
2500.0,62.0,0.80685
2500.0,63.0,0.460997
2500.0,64.0,0.289728
2500.0,65.0,0.430184
2500.0,66.0,0.481312
2500.0,67.0,0.933817
2500.0,68.0,0.305951
2500.0,69.0,0.0
2500.0,70.0,0.583456
2500.0,71.0,0.277709
2500.0,72.0,0.0
2500.0,73.0,0.599739
2500.0,74.0,1.0
2500.0,75.0,0.758237
2500.0,76.0,0.535081
2500.0,77.0,1.0
2500.0,78.0,0.423796
2500.0,79.0,0.757673
2500.0,80.0,0.60928
2500.0,81.0,0.0
2500.0,82.0,0.210058
2500.0,83.0,1.0
2500.0,84.0,0.12762
2500.0,85.0,0.425421
2500.0,86.0,0.217335
2500.0,87.0,0.97293
2500.0,88.0,1.0
2500.0,89.0,0.398593
2500.0,90.0,0.469869
2500.0,91.0,0.156293
2500.0,92.0,0.297343
2500.0,93.0,1.0
2500.0,94.0,0.3879
2500.0,95.0,0.455963
2500.0,96.0,0.0
2500.0,97.0,0.606425
2500.0,98.0,0.346522
2500.0,99.0,0.297765
2500.0,100.0,0.739177
2500.0,101.0,0.290259
2500.0,102.0,0.563921
2500.0,103.0,1.0
2500.0,104.0,0.632468
2500.0,105.0,0.809874
2500.0,106.0,0.54064
2500.0,107.0,0.985354
2500.0,108.0,1.0
2500.0,109.0,0.064996
2500.0,110.0,0.000258
2500.0,111.0,0.423148
2500.0,112.0,0.182722
2500.0,113.0,0.60768
2500.0,114.0,0.551593
2500.0,115.0,0.390229
2500.0,116.0,0.297226
2500.0,117.0,0.758999
2500.0,118.0,0.001147
2500.0,119.0,0.544204
2500.0,120.0,0.443809
2500.0,121.0,0.009136
2500.0,122.0,0.198195
2500.0,123.0,0.88289
2500.0,124.0,0.631659
2500.0,125.0,0.619534
2500.0,126.0,0.512641
2500.0,127.0,0.412412
2500.0,128.0,0.0
2500.0,129.0,0.818761
2500.0,130.0,0.339429
2500.0,131.0,0.074339
2500.0,132.0,0.678397
2500.0,133.0,1.0
2500.0,134.0,0.236876
2500.0,135.0,0.336907
2500.0,136.0,0.532537
2500.0,137.0,0.994943
2500.0,138.0,0.35813
2500.0,139.0,0.865422
2500.0,140.0,0.397154
2500.0,141.0,0.394352
2500.0,142.0,0.495828
2500.0,143.0,0.429685
2500.0,144.0,1.0
2500.0,145.0,0.467574
2500.0,146.0,0.726906
2500.0,147.0,0.448352
2501.0,0.0,0.248112
2501.0,1.0,0.617217
2501.0,2.0,0.614119
2501.0,3.0,0.6653
2501.0,4.0,0.302725
2501.0,5.0,0.0
2501.0,6.0,0.999699
2501.0,7.0,0.566562
2501.0,8.0,0.748074
2501.0,9.0,0.393085
2501.0,10.0,0.410057
2501.0,11.0,0.737925
2501.0,12.0,0.42595
2501.0,13.0,1.0
2501.0,14.0,0.456516
2501.0,15.0,0.680908
2501.0,16.0,0.598873
2501.0,17.0,0.0
2501.0,18.0,0.753803
2501.0,19.0,0.893514
2501.0,20.0,0.693533
2501.0,21.0,1.0
2501.0,22.0,0.308902
2501.0,23.0,0.32968
2501.0,24.0,0.314091
2501.0,25.0,0.69726
2501.0,26.0,0.668707
2501.0,27.0,0.371128
2501.0,28.0,0.058926
2501.0,29.0,0.622632
2501.0,30.0,0.265109
2501.0,31.0,0.874574
2501.0,32.0,0.877292
2501.0,33.0,0.568827
2501.0,34.0,0.607113
2501.0,35.0,0.599602
2501.0,36.0,0.894014
2501.0,37.0,0.717656
2501.0,38.0,0.659927
2501.0,39.0,0.444634
2501.0,40.0,0.910871
2501.0,41.0,0.8862
2501.0,42.0,1.0
2501.0,43.0,0.122616
2501.0,44.0,0.723502
2501.0,45.0,0.857715
2501.0,46.0,0.553168
2501.0,47.0,0.783698
2501.0,48.0,1.0
2501.0,49.0,0.499907
2501.0,50.0,1.0
2501.0,51.0,0.679744
2501.0,52.0,0.345811
2501.0,53.0,0.584404
2501.0,54.0,0.841099
2501.0,55.0,0.217549
2501.0,56.0,0.357183
2501.0,57.0,0.998522
2501.0,58.0,0.085356
2501.0,59.0,0.792275
2501.0,60.0,0.479228
2501.0,61.0,0.319676
2501.0,62.0,0.811309
2501.0,63.0,0.468077
2501.0,64.0,0.331447
2501.0,65.0,0.432184
2501.0,66.0,0.488336
2501.0,67.0,0.934711
2501.0,68.0,0.322987
2501.0,69.0,0.0
2501.0,70.0,0.59021
2501.0,71.0,0.293384
2501.0,72.0,0.0
2501.0,73.0,0.62104
2501.0,74.0,1.0
2501.0,75.0,0.76156
2501.0,76.0,0.539378
2501.0,77.0,1.0
2501.0,78.0,0.427815
2501.0,79.0,0.759078
2501.0,80.0,0.612345
2501.0,81.0,0.0
2501.0,82.0,0.216516
2501.0,83.0,1.0
2501.0,84.0,0.134291
2501.0,85.0,0.438662
2501.0,86.0,0.230815
2501.0,87.0,0.973908
2501.0,88.0,1.0
2501.0,89.0,0.400127
2501.0,90.0,0.472821
2501.0,91.0,0.15842
2501.0,92.0,0.309056
2501.0,93.0,1.0
2501.0,94.0,0.424913
2501.0,95.0,0.486939
2501.0,96.0,0.0
2501.0,97.0,0.633971
2501.0,98.0,0.349788
2501.0,99.0,0.300121
2501.0,100.0,0.742935
2501.0,101.0,0.376814
2501.0,102.0,0.567615
2501.0,103.0,1.0
2501.0,104.0,0.640802
2501.0,105.0,0.815487
2501.0,106.0,0.550712
2501.0,107.0,0.985628
2501.0,108.0,1.0
2501.0,109.0,0.072456
2501.0,110.0,0.000307
2501.0,111.0,0.429401
2501.0,112.0,0.184368
2501.0,113.0,0.618922
2501.0,114.0,0.554951
2501.0,115.0,0.396756
2501.0,116.0,0.298705
2501.0,117.0,0.769895
2501.0,118.0,0.001149
2501.0,119.0,0.549383
2501.0,120.0,0.448444
2501.0,121.0,0.009747
2501.0,122.0,0.197737
2501.0,123.0,0.895547
2501.0,124.0,0.638611
2501.0,125.0,0.621676
2501.0,126.0,0.519611
2501.0,127.0,0.413784
2501.0,128.0,0.0
2501.0,129.0,0.821601
2501.0,130.0,0.343912
2501.0,131.0,0.074714
2501.0,132.0,0.678818
2501.0,133.0,1.0
2501.0,134.0,0.239263
2501.0,135.0,0.366371
2501.0,136.0,0.539161
2501.0,137.0,0.994997
2501.0,138.0,0.360528
2501.0,139.0,0.871653
2501.0,140.0,0.426686
2501.0,141.0,0.398177
2501.0,142.0,0.497815
2501.0,143.0,0.447577
2501.0,144.0,1.0
2501.0,145.0,0.490603
2501.0,146.0,0.752869
2501.0,147.0,0.455427
2502.0,0.0,0.25539
2502.0,1.0,0.617191
2502.0,2.0,0.625092
2502.0,3.0,0.672754
2502.0,4.0,0.296622
2502.0,5.0,0.0
2502.0,6.0,0.999745
2502.0,7.0,0.570257
2502.0,8.0,0.751112
2502.0,9.0,0.395744
2502.0,10.0,0.419365
2502.0,11.0,0.746132
2502.0,12.0,0.42716
2502.0,13.0,1.0
2502.0,14.0,0.463339
2502.0,15.0,0.682053
2502.0,16.0,0.617318
2502.0,17.0,0.0
2502.0,18.0,0.762259
2502.0,19.0,0.902017
2502.0,20.0,0.695357
2502.0,21.0,1.0
2502.0,22.0,0.309623
2502.0,23.0,0.398518
2502.0,24.0,0.313359
2502.0,25.0,0.704409
2502.0,26.0,0.672764
2502.0,27.0,0.415354
2502.0,28.0,0.182053
2502.0,29.0,0.643755
2502.0,30.0,0.270023
2502.0,31.0,0.877747
2502.0,32.0,0.879167
2502.0,33.0,0.570617
2502.0,34.0,0.627483
2502.0,35.0,0.601373
2502.0,36.0,0.905665
2502.0,37.0,0.711093
2502.0,38.0,0.667989
2502.0,39.0,0.445135
2502.0,40.0,0.91332
2502.0,41.0,0.887522
2502.0,42.0,1.0
2502.0,43.0,0.123697
2502.0,44.0,0.729034
2502.0,45.0,0.8615
2502.0,46.0,0.555111
2502.0,47.0,0.799134
2502.0,48.0,1.0
2502.0,49.0,0.504659
2502.0,50.0,1.0
2502.0,51.0,0.686468
2502.0,52.0,0.348163
2502.0,53.0,0.586716
2502.0,54.0,0.87022
2502.0,55.0,0.224094
2502.0,56.0,0.362739
2502.0,57.0,0.998517
2502.0,58.0,0.086144
2502.0,59.0,0.801141
2502.0,60.0,0.483878
2502.0,61.0,0.323381
2502.0,62.0,0.815057
2502.0,63.0,0.47469
2502.0,64.0,0.371818
2502.0,65.0,0.433623
2502.0,66.0,0.493449
2502.0,67.0,0.935218
2502.0,68.0,0.338758
2502.0,69.0,0.0
2502.0,70.0,0.597303
2502.0,71.0,0.310027
2502.0,72.0,0.0
2502.0,73.0,0.631035
2502.0,74.0,1.0
2502.0,75.0,0.764246
2502.0,76.0,0.542258
2502.0,77.0,1.0
2502.0,78.0,0.432115
2502.0,79.0,0.762391
2502.0,80.0,0.614231
2502.0,81.0,0.0
2502.0,82.0,0.222287
2502.0,83.0,1.0
2502.0,84.0,0.14032
2502.0,85.0,0.45054
2502.0,86.0,0.242069
2502.0,87.0,0.974136
2502.0,88.0,1.0
2502.0,89.0,0.402758
2502.0,90.0,0.475453
2502.0,91.0,0.160139
2502.0,92.0,0.3188
2502.0,93.0,1.0
2502.0,94.0,0.457533
2502.0,95.0,0.514441
2502.0,96.0,0.0
2502.0,97.0,0.657635
2502.0,98.0,0.352582
2502.0,99.0,0.303143
2502.0,100.0,0.747576
2502.0,101.0,0.460382
2502.0,102.0,0.570138
2502.0,103.0,1.0
2502.0,104.0,0.64959
2502.0,105.0,0.818613
2502.0,106.0,0.559236
2502.0,107.0,0.986075
2502.0,108.0,1.0
2502.0,109.0,0.080044
2502.0,110.0,0.000309
2502.0,111.0,0.434381
2502.0,112.0,0.185884
2502.0,113.0,0.629203
2502.0,114.0,0.559212
2502.0,115.0,0.403367
2502.0,116.0,0.300746
2502.0,117.0,0.777152
2502.0,118.0,0.00111
2502.0,119.0,0.554454
2502.0,120.0,0.452098
2502.0,121.0,0.010304
2502.0,122.0,0.198469
2502.0,123.0,0.905979
2502.0,124.0,0.646311
2502.0,125.0,0.622322
2502.0,126.0,0.527062
2502.0,127.0,0.416433
2502.0,128.0,0.0
2502.0,129.0,0.823696
2502.0,130.0,0.348409
2502.0,131.0,0.075134
2502.0,132.0,0.680402
2502.0,133.0,1.0
2502.0,134.0,0.240301
2502.0,135.0,0.39332
2502.0,136.0,0.544698
2502.0,137.0,0.994964
2502.0,138.0,0.364453
2502.0,139.0,0.877158
2502.0,140.0,0.453768
2502.0,141.0,0.402986
2502.0,142.0,0.498412
2502.0,143.0,0.465565
2502.0,144.0,1.0
2502.0,145.0,0.511722
2502.0,146.0,0.775412
2502.0,147.0,0.46179
2503.0,0.0,0.262852
2503.0,1.0,0.617023
2503.0,2.0,0.634052
2503.0,3.0,0.679929
2503.0,4.0,0.290746
2503.0,5.0,0.0
2503.0,6.0,0.999734
2503.0,7.0,0.573524
2503.0,8.0,0.755112
2503.0,9.0,0.397326
2503.0,10.0,0.427494
2503.0,11.0,0.754911
2503.0,12.0,0.42796
2503.0,13.0,1.0
2503.0,14.0,0.469419
2503.0,15.0,0.683556
2503.0,16.0,0.633936
2503.0,17.0,0.0
2503.0,18.0,0.769516
2503.0,19.0,0.909153
2503.0,20.0,0.695887
2503.0,21.0,1.0
2503.0,22.0,0.308785
2503.0,23.0,0.464727
2503.0,24.0,0.310772
2503.0,25.0,0.710417
2503.0,26.0,0.676576
2503.0,27.0,0.454777
2503.0,28.0,0.37718
2503.0,29.0,0.663196
2503.0,30.0,0.273942
2503.0,31.0,0.8801
2503.0,32.0,0.881262
2503.0,33.0,0.572217
2503.0,34.0,0.645635
2503.0,35.0,0.60267
2503.0,36.0,0.915097
2503.0,37.0,0.696057
2503.0,38.0,0.675793
2503.0,39.0,0.446777
2503.0,40.0,0.91538
2503.0,41.0,0.888988
2503.0,42.0,1.0
2503.0,43.0,0.12439
2503.0,44.0,0.734137
2503.0,45.0,0.866221
2503.0,46.0,0.556543
2503.0,47.0,0.812079
2503.0,48.0,1.0
2503.0,49.0,0.499561
2503.0,50.0,1.0
2503.0,51.0,0.693243
2503.0,52.0,0.349708
2503.0,53.0,0.589634
2503.0,54.0,0.893371
2503.0,55.0,0.229206
2503.0,56.0,0.367661
2503.0,57.0,0.998621
2503.0,58.0,0.087247
2503.0,59.0,0.808303
2503.0,60.0,0.488239
2503.0,61.0,0.327254
2503.0,62.0,0.818307
2503.0,63.0,0.480881
2503.0,64.0,0.411469
2503.0,65.0,0.436282
2503.0,66.0,0.49865
2503.0,67.0,0.935911
2503.0,68.0,0.353857
2503.0,69.0,0.0
2503.0,70.0,0.603099
2503.0,71.0,0.325088
2503.0,72.0,0.0
2503.0,73.0,0.632991
2503.0,74.0,1.0
2503.0,75.0,0.766314
2503.0,76.0,0.546325
2503.0,77.0,1.0
2503.0,78.0,0.435205
2503.0,79.0,0.764981
2503.0,80.0,0.615793
2503.0,81.0,0.0
2503.0,82.0,0.228019
2503.0,83.0,1.0
2503.0,84.0,0.145639
2503.0,85.0,0.463177
2503.0,86.0,0.252524
2503.0,87.0,0.97428
2503.0,88.0,1.0
2503.0,89.0,0.405161
2503.0,90.0,0.479767
2503.0,91.0,0.16157
2503.0,92.0,0.329679
2503.0,93.0,1.0
2503.0,94.0,0.486161
2503.0,95.0,0.53766
2503.0,96.0,0.0
2503.0,97.0,0.678469
2503.0,98.0,0.355642
2503.0,99.0,0.30604
2503.0,100.0,0.752616
2503.0,101.0,0.532956
2503.0,102.0,0.572466
2503.0,103.0,1.0
2503.0,104.0,0.657659
2503.0,105.0,0.821395
2503.0,106.0,0.566349
2503.0,107.0,0.986308
2503.0,108.0,1.0
2503.0,109.0,0.087583
2503.0,110.0,0.00035
2503.0,111.0,0.43928
2503.0,112.0,0.187603
2503.0,113.0,0.638501
2503.0,114.0,0.563985
2503.0,115.0,0.411067
2503.0,116.0,0.302192
2503.0,117.0,0.781889
2503.0,118.0,0.001083
2503.0,119.0,0.556926
2503.0,120.0,0.454891
2503.0,121.0,0.01077
2503.0,122.0,0.198807
2503.0,123.0,0.915524
2503.0,124.0,0.65304
2503.0,125.0,0.621145
2503.0,126.0,0.534156
2503.0,127.0,0.418369
2503.0,128.0,0.0
2503.0,129.0,0.824938
2503.0,130.0,0.351231
2503.0,131.0,0.074416
2503.0,132.0,0.683371
2503.0,133.0,1.0
2503.0,134.0,0.24166
2503.0,135.0,0.417132
2503.0,136.0,0.550305
2503.0,137.0,0.99455
2503.0,138.0,0.367967
2503.0,139.0,0.88284
2503.0,140.0,0.479313
2503.0,141.0,0.406507
2503.0,142.0,0.499663
2503.0,143.0,0.482932
2503.0,144.0,1.0
2503.0,145.0,0.532157
2503.0,146.0,0.793528
2503.0,147.0,0.468366
2504.0,0.0,0.270864
2504.0,1.0,0.617425
2504.0,2.0,0.642608
2504.0,3.0,0.685118
2504.0,4.0,0.285333
2504.0,5.0,0.0
2504.0,6.0,0.999745
2504.0,7.0,0.576505
2504.0,8.0,0.7592
2504.0,9.0,0.399259
2504.0,10.0,0.435244
2504.0,11.0,0.762054
2504.0,12.0,0.429826
2504.0,13.0,1.0
2504.0,14.0,0.474999
2504.0,15.0,0.685181
2504.0,16.0,0.648715
2504.0,17.0,0.0
2504.0,18.0,0.776814
2504.0,19.0,0.916238
2504.0,20.0,0.698443
2504.0,21.0,1.0
2504.0,22.0,0.309484
2504.0,23.0,0.528009
2504.0,24.0,0.308562
2504.0,25.0,0.71721
2504.0,26.0,0.680563
2504.0,27.0,0.492505
2504.0,28.0,0.554316
2504.0,29.0,0.678654
2504.0,30.0,0.277427
2504.0,31.0,0.883166
2504.0,32.0,0.88298
2504.0,33.0,0.575279
2504.0,34.0,0.662391
2504.0,35.0,0.604737
2504.0,36.0,0.923122
2504.0,37.0,0.682652
2504.0,38.0,0.68304
2504.0,39.0,0.447024
2504.0,40.0,0.917752
2504.0,41.0,0.890451
2504.0,42.0,1.0
2504.0,43.0,0.124617
2504.0,44.0,0.740033
2504.0,45.0,0.870297
2504.0,46.0,0.557775
2504.0,47.0,0.823367
2504.0,48.0,1.0
2504.0,49.0,0.497945
2504.0,50.0,1.0
2504.0,51.0,0.700483
2504.0,52.0,0.351869
2504.0,53.0,0.590255
2504.0,54.0,0.91308
2504.0,55.0,0.235122
2504.0,56.0,0.371559
2504.0,57.0,0.998654
2504.0,58.0,0.088021
2504.0,59.0,0.815033
2504.0,60.0,0.491018
2504.0,61.0,0.330822
2504.0,62.0,0.82065
2504.0,63.0,0.485369
2504.0,64.0,0.451821
2504.0,65.0,0.437576
2504.0,66.0,0.503656
2504.0,67.0,0.936749
2504.0,68.0,0.367367
2504.0,69.0,0.0
2504.0,70.0,0.608766
2504.0,71.0,0.340745
2504.0,72.0,0.0
2504.0,73.0,0.636226
2504.0,74.0,1.0
2504.0,75.0,0.76931
2504.0,76.0,0.549657
2504.0,77.0,1.0
2504.0,78.0,0.439189
2504.0,79.0,0.76725
2504.0,80.0,0.618174
2504.0,81.0,0.0
2504.0,82.0,0.234057
2504.0,83.0,1.0
2504.0,84.0,0.150783
2504.0,85.0,0.476758
2504.0,86.0,0.262924
2504.0,87.0,0.97454
2504.0,88.0,1.0
2504.0,89.0,0.407331
2504.0,90.0,0.482876
2504.0,91.0,0.162687
2504.0,92.0,0.339495
2504.0,93.0,1.0
2504.0,94.0,0.513715
2504.0,95.0,0.559552
2504.0,96.0,0.0
2504.0,97.0,0.697904
2504.0,98.0,0.357396
2504.0,99.0,0.308515
2504.0,100.0,0.757126
2504.0,101.0,0.607338
2504.0,102.0,0.574162
2504.0,103.0,1.0
2504.0,104.0,0.663958
2504.0,105.0,0.82367
2504.0,106.0,0.574091
2504.0,107.0,0.986598
2504.0,108.0,1.0
2504.0,109.0,0.094932
2504.0,110.0,0.000367
2504.0,111.0,0.443913
2504.0,112.0,0.189396
2504.0,113.0,0.646478
2504.0,114.0,0.568352
2504.0,115.0,0.416454
2504.0,116.0,0.303066
2504.0,117.0,0.785956
2504.0,118.0,0.001158
2504.0,119.0,0.560508
2504.0,120.0,0.457
2504.0,121.0,0.011338
2504.0,122.0,0.198418
2504.0,123.0,0.923508
2504.0,124.0,0.660176
2504.0,125.0,0.620956
2504.0,126.0,0.538804
2504.0,127.0,0.421748
2504.0,128.0,0.0
2504.0,129.0,0.826507
2504.0,130.0,0.353424
2504.0,131.0,0.074207
2504.0,132.0,0.685681
2504.0,133.0,1.0
2504.0,134.0,0.243542
2504.0,135.0,0.440037
2504.0,136.0,0.554978
2504.0,137.0,0.994153
2504.0,138.0,0.371119
2504.0,139.0,0.886542
2504.0,140.0,0.502413
2504.0,141.0,0.411302
2504.0,142.0,0.501013
2504.0,143.0,0.498282
2504.0,144.0,1.0
2504.0,145.0,0.551219
2504.0,146.0,0.80884
2504.0,147.0,0.47431
2505.0,0.0,0.279107
2505.0,1.0,0.617704
2505.0,2.0,0.64983
2505.0,3.0,0.691711
2505.0,4.0,0.279603
2505.0,5.0,0.0
2505.0,6.0,0.999768
2505.0,7.0,0.578956
2505.0,8.0,0.763429
2505.0,9.0,0.402134
2505.0,10.0,0.442941
2505.0,11.0,0.769488
2505.0,12.0,0.432105
2505.0,13.0,1.0
2505.0,14.0,0.479625
2505.0,15.0,0.686826
2505.0,16.0,0.661349
2505.0,17.0,0.0
2505.0,18.0,0.783815
2505.0,19.0,0.922691
2505.0,20.0,0.700736
2505.0,21.0,1.0
2505.0,22.0,0.309347
2505.0,23.0,0.586803
2505.0,24.0,0.307399
2505.0,25.0,0.723022
2505.0,26.0,0.6832
2505.0,27.0,0.527727
2505.0,28.0,0.681944
2505.0,29.0,0.694526
2505.0,30.0,0.2809
2505.0,31.0,0.8859
2505.0,32.0,0.884047
2505.0,33.0,0.577103
2505.0,34.0,0.678829
2505.0,35.0,0.605199
2505.0,36.0,0.930478
2505.0,37.0,0.674532
2505.0,38.0,0.687999
2505.0,39.0,0.447934
2505.0,40.0,0.920246
2505.0,41.0,0.891858
2505.0,42.0,1.0
2505.0,43.0,0.125423
2505.0,44.0,0.745465
2505.0,45.0,0.874247
2505.0,46.0,0.561776
2505.0,47.0,0.832337
2505.0,48.0,1.0
2505.0,49.0,0.499769
2505.0,50.0,1.0
2505.0,51.0,0.707707
2505.0,52.0,0.35434
2505.0,53.0,0.591873
2505.0,54.0,0.928722
2505.0,55.0,0.241229
2505.0,56.0,0.376407
2505.0,57.0,0.998537
2505.0,58.0,0.088838
2505.0,59.0,0.821565
2505.0,60.0,0.494669
2505.0,61.0,0.334662
2505.0,62.0,0.822638
2505.0,63.0,0.489941
2505.0,64.0,0.491554
2505.0,65.0,0.440284
2505.0,66.0,0.508221
2505.0,67.0,0.937383
2505.0,68.0,0.380876
2505.0,69.0,0.0
2505.0,70.0,0.61407
2505.0,71.0,0.35378
2505.0,72.0,0.0
2505.0,73.0,0.641816
2505.0,74.0,1.0
2505.0,75.0,0.77278
2505.0,76.0,0.553269
2505.0,77.0,1.0
2505.0,78.0,0.442417
2505.0,79.0,0.770133
2505.0,80.0,0.61952
2505.0,81.0,0.0
2505.0,82.0,0.239161
2505.0,83.0,1.0
2505.0,84.0,0.15624
2505.0,85.0,0.488306
2505.0,86.0,0.273803
2505.0,87.0,0.974955
2505.0,88.0,1.0
2505.0,89.0,0.407747
2505.0,90.0,0.485806
2505.0,91.0,0.164526
2505.0,92.0,0.348138
2505.0,93.0,1.0
2505.0,94.0,0.538221
2505.0,95.0,0.580485
2505.0,96.0,0.0
2505.0,97.0,0.716001
2505.0,98.0,0.360526
2505.0,99.0,0.309767
2505.0,100.0,0.761125
2505.0,101.0,0.685392
2505.0,102.0,0.575448
2505.0,103.0,1.0
2505.0,104.0,0.669829
2505.0,105.0,0.824698
2505.0,106.0,0.580535
2505.0,107.0,0.986978
2505.0,108.0,1.0
2505.0,109.0,0.102718
2505.0,110.0,0.000362
2505.0,111.0,0.448633
2505.0,112.0,0.190684
2505.0,113.0,0.653651
2505.0,114.0,0.572006
2505.0,115.0,0.421695
2505.0,116.0,0.303728
2505.0,117.0,0.791482
2505.0,118.0,0.001241
2505.0,119.0,0.563726
2505.0,120.0,0.459507
2505.0,121.0,0.011785
2505.0,122.0,0.199002
2505.0,123.0,0.930713
2505.0,124.0,0.666358
2505.0,125.0,0.61884
2505.0,126.0,0.543768
2505.0,127.0,0.423231
2505.0,128.0,0.0
2505.0,129.0,0.82791
2505.0,130.0,0.356052
2505.0,131.0,0.074662
2505.0,132.0,0.687062
2505.0,133.0,1.0
2505.0,134.0,0.245354
2505.0,135.0,0.462598
2505.0,136.0,0.560339
2505.0,137.0,0.993716
2505.0,138.0,0.373321
2505.0,139.0,0.890619
2505.0,140.0,0.526452
2505.0,141.0,0.415799
2505.0,142.0,0.502192
2505.0,143.0,0.514287
2505.0,144.0,1.0
2505.0,145.0,0.569517
2505.0,146.0,0.821338
2505.0,147.0,0.481453
2506.0,0.0,0.270342
2506.0,1.0,0.616556
2506.0,2.0,0.639895
2506.0,3.0,0.6849
2506.0,4.0,0.293914
2506.0,5.0,0.0
2506.0,6.0,0.999816
2506.0,7.0,0.576399
2506.0,8.0,0.759118
2506.0,9.0,0.403946
2506.0,10.0,0.433545
2506.0,11.0,0.760209
2506.0,12.0,0.430707
2506.0,13.0,1.0
2506.0,14.0,0.473864
2506.0,15.0,0.686659
2506.0,16.0,0.64278
2506.0,17.0,0.0
2506.0,18.0,0.774479
2506.0,19.0,0.914648
2506.0,20.0,0.69928
2506.0,21.0,1.0
2506.0,22.0,0.309148
2506.0,23.0,0.492709
2506.0,24.0,0.310931
2506.0,25.0,0.715827
2506.0,26.0,0.679667
2506.0,27.0,0.475515
2506.0,28.0,0.42752
2506.0,29.0,0.674881
2506.0,30.0,0.276475
2506.0,31.0,0.88179
2506.0,32.0,0.883392
2506.0,33.0,0.574621
2506.0,34.0,0.658046
2506.0,35.0,0.603686
2506.0,36.0,0.920883
2506.0,37.0,0.696054
2506.0,38.0,0.680015
2506.0,39.0,0.44731
2506.0,40.0,0.91775
2506.0,41.0,0.890515
2506.0,42.0,1.0
2506.0,43.0,0.123257
2506.0,44.0,0.739096
2506.0,45.0,0.87005
2506.0,46.0,0.557576
2506.0,47.0,0.819964
2506.0,48.0,1.0
2506.0,49.0,0.507861
2506.0,50.0,1.0
2506.0,51.0,0.698811
2506.0,52.0,0.350116
2506.0,53.0,0.590473
2506.0,54.0,0.909893
2506.0,55.0,0.235029
2506.0,56.0,0.369556
2506.0,57.0,0.998445
2506.0,58.0,0.087862
2506.0,59.0,0.814799
2506.0,60.0,0.489605
2506.0,61.0,0.330065
2506.0,62.0,0.820892
2506.0,63.0,0.483823
2506.0,64.0,0.435115
2506.0,65.0,0.43858
2506.0,66.0,0.50176
2506.0,67.0,0.937296
2506.0,68.0,0.361236
2506.0,69.0,0.0
2506.0,70.0,0.608433
2506.0,71.0,0.336894
2506.0,72.0,0.0
2506.0,73.0,0.642717
2506.0,74.0,1.0
2506.0,75.0,0.770673
2506.0,76.0,0.550514
2506.0,77.0,1.0
2506.0,78.0,0.438624
2506.0,79.0,0.768302
2506.0,80.0,0.61822
2506.0,81.0,0.0
2506.0,82.0,0.233025
2506.0,83.0,1.0
2506.0,84.0,0.149503
2506.0,85.0,0.473792
2506.0,86.0,0.263025
2506.0,87.0,0.9741
2506.0,88.0,1.0
2506.0,89.0,0.407635
2506.0,90.0,0.482775
2506.0,91.0,0.161787
2506.0,92.0,0.336918
2506.0,93.0,1.0
2506.0,94.0,0.505932
2506.0,95.0,0.554364
2506.0,96.0,0.0
2506.0,97.0,0.691822
2506.0,98.0,0.35628
2506.0,99.0,0.308592
2506.0,100.0,0.75598
2506.0,101.0,0.567766
2506.0,102.0,0.573664
2506.0,103.0,1.0
2506.0,104.0,0.662438
2506.0,105.0,0.824148
2506.0,106.0,0.571298
2506.0,107.0,0.986678
2506.0,108.0,1.0
2506.0,109.0,0.093279
2506.0,110.0,0.000394
2506.0,111.0,0.442818
2506.0,112.0,0.188126
2506.0,113.0,0.644718
2506.0,114.0,0.567085
2506.0,115.0,0.415835
2506.0,116.0,0.301578
2506.0,117.0,0.786481
2506.0,118.0,0.001262
2506.0,119.0,0.560459
2506.0,120.0,0.454203
2506.0,121.0,0.01111
2506.0,122.0,0.1978
2506.0,123.0,0.922792
2506.0,124.0,0.660422
2506.0,125.0,0.621337
2506.0,126.0,0.536983
2506.0,127.0,0.42244
2506.0,128.0,0.0
2506.0,129.0,0.825517
2506.0,130.0,0.351835
2506.0,131.0,0.074218
2506.0,132.0,0.685724
2506.0,133.0,1.0
2506.0,134.0,0.242967
2506.0,135.0,0.433708
2506.0,136.0,0.554156
2506.0,137.0,0.994022
2506.0,138.0,0.372466
2506.0,139.0,0.885154
2506.0,140.0,0.493399
2506.0,141.0,0.410628
2506.0,142.0,0.500205
2506.0,143.0,0.494718
2506.0,144.0,1.0
2506.0,145.0,0.545686
2506.0,146.0,0.80513
2506.0,147.0,0.474164
2507.0,0.0,0.259954
2507.0,1.0,0.615943
2507.0,2.0,0.63213
2507.0,3.0,0.677078
2507.0,4.0,0.303586
2507.0,5.0,0.0
2507.0,6.0,0.999809
2507.0,7.0,0.57331
2507.0,8.0,0.756106
2507.0,9.0,0.403215
2507.0,10.0,0.425567
2507.0,11.0,0.75122
2507.0,12.0,0.42894
2507.0,13.0,1.0
2507.0,14.0,0.467801
2507.0,15.0,0.685779
2507.0,16.0,0.627422
2507.0,17.0,0.0
2507.0,18.0,0.765281
2507.0,19.0,0.907532
2507.0,20.0,0.699714
2507.0,21.0,1.0
2507.0,22.0,0.30887
2507.0,23.0,0.417478
2507.0,24.0,0.312815
2507.0,25.0,0.709716
2507.0,26.0,0.677073
2507.0,27.0,0.430933
2507.0,28.0,0.214828
2507.0,29.0,0.655291
2507.0,30.0,0.272494
2507.0,31.0,0.878551
2507.0,32.0,0.882028
2507.0,33.0,0.572479
2507.0,34.0,0.639732
2507.0,35.0,0.604595
2507.0,36.0,0.912051
2507.0,37.0,0.714847
2507.0,38.0,0.67252
2507.0,39.0,0.445459
2507.0,40.0,0.915702
2507.0,41.0,0.889216
2507.0,42.0,1.0
2507.0,43.0,0.122385
2507.0,44.0,0.732716
2507.0,45.0,0.867181
2507.0,46.0,0.555535
2507.0,47.0,0.808186
2507.0,48.0,1.0
2507.0,49.0,0.513642
2507.0,50.0,1.0
2507.0,51.0,0.694037
2507.0,52.0,0.347538
2507.0,53.0,0.587144
2507.0,54.0,0.888831
2507.0,55.0,0.229584
2507.0,56.0,0.363997
2507.0,57.0,0.998551
2507.0,58.0,0.086439
2507.0,59.0,0.809155
2507.0,60.0,0.485898
2507.0,61.0,0.327082
2507.0,62.0,0.819134
2507.0,63.0,0.478876
2507.0,64.0,0.389787
2507.0,65.0,0.435913
2507.0,66.0,0.496675
2507.0,67.0,0.936663
2507.0,68.0,0.34487
2507.0,69.0,0.0
2507.0,70.0,0.601445
2507.0,71.0,0.321614
2507.0,72.0,0.0
2507.0,73.0,0.642759
2507.0,74.0,1.0
2507.0,75.0,0.768762
2507.0,76.0,0.547636
2507.0,77.0,1.0
2507.0,78.0,0.435643
2507.0,79.0,0.765842
2507.0,80.0,0.615962
2507.0,81.0,0.0
2507.0,82.0,0.226267
2507.0,83.0,1.0
2507.0,84.0,0.144126
2507.0,85.0,0.460235
2507.0,86.0,0.252887
2507.0,87.0,0.973355
2507.0,88.0,1.0
2507.0,89.0,0.406321
2507.0,90.0,0.480532
2507.0,91.0,0.160682
2507.0,92.0,0.32644
2507.0,93.0,1.0
2507.0,94.0,0.475818
2507.0,95.0,0.530157
2507.0,96.0,0.0
2507.0,97.0,0.667487
2507.0,98.0,0.353917
2507.0,99.0,0.306366
2507.0,100.0,0.753187
2507.0,101.0,0.477367
2507.0,102.0,0.571992
2507.0,103.0,1.0
2507.0,104.0,0.655231
2507.0,105.0,0.823098
2507.0,106.0,0.563644
2507.0,107.0,0.986576
2507.0,108.0,1.0
2507.0,109.0,0.085448
2507.0,110.0,0.000346
2507.0,111.0,0.436947
2507.0,112.0,0.187003
2507.0,113.0,0.635188
2507.0,114.0,0.56301
2507.0,115.0,0.409263
2507.0,116.0,0.30127
2507.0,117.0,0.782728
2507.0,118.0,0.001255
2507.0,119.0,0.557937
2507.0,120.0,0.450071
2507.0,121.0,0.010418
2507.0,122.0,0.197075
2507.0,123.0,0.914887
2507.0,124.0,0.6544
2507.0,125.0,0.622671
2507.0,126.0,0.531115
2507.0,127.0,0.420326
2507.0,128.0,0.0
2507.0,129.0,0.824
2507.0,130.0,0.347979
2507.0,131.0,0.073932
2507.0,132.0,0.686258
2507.0,133.0,1.0
2507.0,134.0,0.241291
2507.0,135.0,0.408265
2507.0,136.0,0.547619
2507.0,137.0,0.994236
2507.0,138.0,0.370235
2507.0,139.0,0.879073
2507.0,140.0,0.465135
2507.0,141.0,0.405854
2507.0,142.0,0.498606
2507.0,143.0,0.477066
2507.0,144.0,1.0
2507.0,145.0,0.524272
2507.0,146.0,0.789181
2507.0,147.0,0.466406
2508.0,0.0,0.250032
2508.0,1.0,0.615154
2508.0,2.0,0.62425
2508.0,3.0,0.66983
2508.0,4.0,0.308067
2508.0,5.0,0.0
2508.0,6.0,0.999808
2508.0,7.0,0.571001
2508.0,8.0,0.753658
2508.0,9.0,0.400021
2508.0,10.0,0.417742
2508.0,11.0,0.742979
2508.0,12.0,0.427191
2508.0,13.0,1.0
2508.0,14.0,0.461692
2508.0,15.0,0.684774
2508.0,16.0,0.611143
2508.0,17.0,0.0
2508.0,18.0,0.757192
2508.0,19.0,0.900315
2508.0,20.0,0.69897
2508.0,21.0,1.0
2508.0,22.0,0.307153
2508.0,23.0,0.354975
2508.0,24.0,0.312842
2508.0,25.0,0.703563
2508.0,26.0,0.673848
2508.0,27.0,0.391585
2508.0,28.0,0.093423
2508.0,29.0,0.636586
2508.0,30.0,0.269024
2508.0,31.0,0.875758
2508.0,32.0,0.881244
2508.0,33.0,0.571234
2508.0,34.0,0.621911
2508.0,35.0,0.603843
2508.0,36.0,0.902368
2508.0,37.0,0.72435
2508.0,38.0,0.666267
2508.0,39.0,0.443649
2508.0,40.0,0.913207
2508.0,41.0,0.887376
2508.0,42.0,1.0
2508.0,43.0,0.121704
2508.0,44.0,0.725765
2508.0,45.0,0.864264
2508.0,46.0,0.554024
2508.0,47.0,0.797181
2508.0,48.0,1.0
2508.0,49.0,0.510685
2508.0,50.0,1.0
2508.0,51.0,0.686675
2508.0,52.0,0.344478
2508.0,53.0,0.585685
2508.0,54.0,0.864167
2508.0,55.0,0.225
2508.0,56.0,0.360628
2508.0,57.0,0.998471
2508.0,58.0,0.085645
2508.0,59.0,0.802946
2508.0,60.0,0.482087
2508.0,61.0,0.323933
2508.0,62.0,0.816233
2508.0,63.0,0.473124
2508.0,64.0,0.351528
2508.0,65.0,0.433167
2508.0,66.0,0.49024
2508.0,67.0,0.936311
2508.0,68.0,0.329611
2508.0,69.0,0.0
2508.0,70.0,0.595434
2508.0,71.0,0.307499
2508.0,72.0,0.0
2508.0,73.0,0.63493
2508.0,74.0,1.0
2508.0,75.0,0.766796
2508.0,76.0,0.545231
2508.0,77.0,1.0
2508.0,78.0,0.432365
2508.0,79.0,0.764358
2508.0,80.0,0.613693
2508.0,81.0,0.0
2508.0,82.0,0.221544
2508.0,83.0,1.0
2508.0,84.0,0.138375
2508.0,85.0,0.447436
2508.0,86.0,0.242761
2508.0,87.0,0.972945
2508.0,88.0,1.0
2508.0,89.0,0.404778
2508.0,90.0,0.477815
2508.0,91.0,0.159391
2508.0,92.0,0.316349
2508.0,93.0,1.0
2508.0,94.0,0.446956
2508.0,95.0,0.505347
2508.0,96.0,0.0
2508.0,97.0,0.645474
2508.0,98.0,0.352074
2508.0,99.0,0.303923
2508.0,100.0,0.74876
2508.0,101.0,0.402573
2508.0,102.0,0.569779
2508.0,103.0,1.0
2508.0,104.0,0.648388
2508.0,105.0,0.819437
2508.0,106.0,0.556436
2508.0,107.0,0.986633
2508.0,108.0,1.0
2508.0,109.0,0.078011
2508.0,110.0,0.000312
2508.0,111.0,0.431012
2508.0,112.0,0.186017
2508.0,113.0,0.626414
2508.0,114.0,0.558693
2508.0,115.0,0.403538
2508.0,116.0,0.300782
2508.0,117.0,0.777577
2508.0,118.0,0.001183
2508.0,119.0,0.55532
2508.0,120.0,0.446463
2508.0,121.0,0.009742
2508.0,122.0,0.195509
2508.0,123.0,0.906146
2508.0,124.0,0.647918
2508.0,125.0,0.622804
2508.0,126.0,0.52529
2508.0,127.0,0.418734
2508.0,128.0,0.0
2508.0,129.0,0.822364
2508.0,130.0,0.345161
2508.0,131.0,0.073944
2508.0,132.0,0.686665
2508.0,133.0,1.0
2508.0,134.0,0.239037
2508.0,135.0,0.383052
2508.0,136.0,0.542778
2508.0,137.0,0.994232
2508.0,138.0,0.367308
2508.0,139.0,0.873279
2508.0,140.0,0.439592
2508.0,141.0,0.401499
2508.0,142.0,0.496303
2508.0,143.0,0.462008
2508.0,144.0,1.0
2508.0,145.0,0.504819
2508.0,146.0,0.772112
2508.0,147.0,0.461074
2509.0,0.0,0.240981
2509.0,1.0,0.614286
2509.0,2.0,0.61613
2509.0,3.0,0.663479
2509.0,4.0,0.307617
2509.0,5.0,0.0
2509.0,6.0,0.999792
2509.0,7.0,0.568118
2509.0,8.0,0.750709
2509.0,9.0,0.393785
2509.0,10.0,0.411023
2509.0,11.0,0.734414
2509.0,12.0,0.42437
2509.0,13.0,1.0
2509.0,14.0,0.456714
2509.0,15.0,0.68406
2509.0,16.0,0.596832
2509.0,17.0,0.0
2509.0,18.0,0.74797
2509.0,19.0,0.891644
2509.0,20.0,0.696152
2509.0,21.0,1.0
2509.0,22.0,0.305752
2509.0,23.0,0.304058
2509.0,24.0,0.313174
2509.0,25.0,0.695995
2509.0,26.0,0.670041
2509.0,27.0,0.354722
2509.0,28.0,0.037676
2509.0,29.0,0.618594
2509.0,30.0,0.264959
2509.0,31.0,0.873253
2509.0,32.0,0.880558
2509.0,33.0,0.570507
2509.0,34.0,0.603486
2509.0,35.0,0.603508
2509.0,36.0,0.891424
2509.0,37.0,0.725303
2509.0,38.0,0.660672
2509.0,39.0,0.443673
2509.0,40.0,0.91159
2509.0,41.0,0.885751
2509.0,42.0,1.0
2509.0,43.0,0.121027
2509.0,44.0,0.718831
2509.0,45.0,0.861393
2509.0,46.0,0.550469
2509.0,47.0,0.78569
2509.0,48.0,1.0
2509.0,49.0,0.499974
2509.0,50.0,1.0
2509.0,51.0,0.679975
2509.0,52.0,0.342129
2509.0,53.0,0.583979
2509.0,54.0,0.836256
2509.0,55.0,0.220029
2509.0,56.0,0.35639
2509.0,57.0,0.998527
2509.0,58.0,0.08496
2509.0,59.0,0.796037
2509.0,60.0,0.479201
2509.0,61.0,0.321922
2509.0,62.0,0.813465
2509.0,63.0,0.468651
2509.0,64.0,0.317599
2509.0,65.0,0.430872
2509.0,66.0,0.4838
2509.0,67.0,0.934867
2509.0,68.0,0.316041
2509.0,69.0,0.0
2509.0,70.0,0.590163
2509.0,71.0,0.294702
2509.0,72.0,0.0
2509.0,73.0,0.620457
2509.0,74.0,1.0
2509.0,75.0,0.763757
2509.0,76.0,0.541886
2509.0,77.0,1.0
2509.0,78.0,0.428084
2509.0,79.0,0.762653
2509.0,80.0,0.612126
2509.0,81.0,0.0
2509.0,82.0,0.215682
2509.0,83.0,1.0
2509.0,84.0,0.133211
2509.0,85.0,0.436337
2509.0,86.0,0.233224
2509.0,87.0,0.972361
2509.0,88.0,1.0
2509.0,89.0,0.403809
2509.0,90.0,0.475307
2509.0,91.0,0.157866
2509.0,92.0,0.307063
2509.0,93.0,1.0
2509.0,94.0,0.418562
2509.0,95.0,0.480093
2509.0,96.0,0.0
2509.0,97.0,0.623584
2509.0,98.0,0.349294
2509.0,99.0,0.302503
2509.0,100.0,0.745327
2509.0,101.0,0.340049
2509.0,102.0,0.567641
2509.0,103.0,1.0
2509.0,104.0,0.642257
2509.0,105.0,0.815229
2509.0,106.0,0.549395
2509.0,107.0,0.986581
2509.0,108.0,1.0
2509.0,109.0,0.071005
2509.0,110.0,0.00029
2509.0,111.0,0.425938
2509.0,112.0,0.184365
2509.0,113.0,0.617802
2509.0,114.0,0.555242
2509.0,115.0,0.398482
2509.0,116.0,0.300344
2509.0,117.0,0.769703
2509.0,118.0,0.001138
2509.0,119.0,0.552148
2509.0,120.0,0.444088
2509.0,121.0,0.0092
2509.0,122.0,0.194426
2509.0,123.0,0.896771
2509.0,124.0,0.642026
2509.0,125.0,0.622836
2509.0,126.0,0.518315
2509.0,127.0,0.416596
2509.0,128.0,0.0
2509.0,129.0,0.820098
2509.0,130.0,0.34085
2509.0,131.0,0.074075
2509.0,132.0,0.686572
2509.0,133.0,1.0
2509.0,134.0,0.236576
2509.0,135.0,0.359573
2509.0,136.0,0.536454
2509.0,137.0,0.994119
2509.0,138.0,0.36504
2509.0,139.0,0.868139
2509.0,140.0,0.417407
2509.0,141.0,0.397498
2509.0,142.0,0.495176
2509.0,143.0,0.446973
2509.0,144.0,1.0
2509.0,145.0,0.486367
2509.0,146.0,0.754263
2509.0,147.0,0.454852
2510.0,0.0,0.232384
2510.0,1.0,0.612572
2510.0,2.0,0.607657
2510.0,3.0,0.656978
2510.0,4.0,0.303857
2510.0,5.0,0.0
2510.0,6.0,0.999775
2510.0,7.0,0.564958
2510.0,8.0,0.747886
2510.0,9.0,0.386633
2510.0,10.0,0.403523
2510.0,11.0,0.726986
2510.0,12.0,0.42145
2510.0,13.0,1.0
2510.0,14.0,0.451634
2510.0,15.0,0.682377
2510.0,16.0,0.580809
2510.0,17.0,0.0
2510.0,18.0,0.739031
2510.0,19.0,0.883025
2510.0,20.0,0.693219
2510.0,21.0,1.0
2510.0,22.0,0.305083
2510.0,23.0,0.262229
2510.0,24.0,0.312451
2510.0,25.0,0.689067
2510.0,26.0,0.667738
2510.0,27.0,0.322099
2510.0,28.0,0.014713
2510.0,29.0,0.601487
2510.0,30.0,0.260412
2510.0,31.0,0.87033
2510.0,32.0,0.880365
2510.0,33.0,0.567864
2510.0,34.0,0.585686
2510.0,35.0,0.602156
2510.0,36.0,0.879901
2510.0,37.0,0.722009
2510.0,38.0,0.654774
2510.0,39.0,0.443003
2510.0,40.0,0.910008
2510.0,41.0,0.884214
2510.0,42.0,1.0
2510.0,43.0,0.120283
2510.0,44.0,0.712379
2510.0,45.0,0.858629
2510.0,46.0,0.547626
2510.0,47.0,0.773721
2510.0,48.0,1.0
2510.0,49.0,0.486589
2510.0,50.0,1.0
2510.0,51.0,0.671994
2510.0,52.0,0.340375
2510.0,53.0,0.582542
2510.0,54.0,0.805404
2510.0,55.0,0.215374
2510.0,56.0,0.351928
2510.0,57.0,0.998516
2510.0,58.0,0.083508
2510.0,59.0,0.788923
2510.0,60.0,0.474191
2510.0,61.0,0.319196
2510.0,62.0,0.811319
2510.0,63.0,0.462309
2510.0,64.0,0.28814
2510.0,65.0,0.428696
2510.0,66.0,0.478582
2510.0,67.0,0.933662
2510.0,68.0,0.303832
2510.0,69.0,0.0
2510.0,70.0,0.584879
2510.0,71.0,0.282128
2510.0,72.0,0.0
2510.0,73.0,0.602025
2510.0,74.0,1.0
2510.0,75.0,0.761319
2510.0,76.0,0.538949
2510.0,77.0,1.0
2510.0,78.0,0.424995
2510.0,79.0,0.760301
2510.0,80.0,0.609373
2510.0,81.0,0.0
2510.0,82.0,0.210577
2510.0,83.0,1.0
2510.0,84.0,0.128324
2510.0,85.0,0.424444
2510.0,86.0,0.222857
2510.0,87.0,0.971672
2510.0,88.0,1.0
2510.0,89.0,0.402052
2510.0,90.0,0.472467
2510.0,91.0,0.156807
2510.0,92.0,0.298731
2510.0,93.0,1.0
2510.0,94.0,0.391364
2510.0,95.0,0.455239
2510.0,96.0,0.0
2510.0,97.0,0.601004
2510.0,98.0,0.345826
2510.0,99.0,0.301138
2510.0,100.0,0.741786
2510.0,101.0,0.290072
2510.0,102.0,0.565588
2510.0,103.0,1.0
2510.0,104.0,0.635621
2510.0,105.0,0.809963
2510.0,106.0,0.541973
2510.0,107.0,0.986594
2510.0,108.0,1.0
2510.0,109.0,0.064531
2510.0,110.0,0.00029
2510.0,111.0,0.421198
2510.0,112.0,0.18253
2510.0,113.0,0.608517
2510.0,114.0,0.551334
2510.0,115.0,0.392895
2510.0,116.0,0.298993
2510.0,117.0,0.760539
2510.0,118.0,0.001104
2510.0,119.0,0.54977
2510.0,120.0,0.440965
2510.0,121.0,0.008672
2510.0,122.0,0.193778
2510.0,123.0,0.887071
2510.0,124.0,0.635948
2510.0,125.0,0.622017
2510.0,126.0,0.512223
2510.0,127.0,0.415022
2510.0,128.0,0.0
2510.0,129.0,0.818459
2510.0,130.0,0.337158
2510.0,131.0,0.073954
2510.0,132.0,0.687139
2510.0,133.0,1.0
2510.0,134.0,0.234474
2510.0,135.0,0.337058
2510.0,136.0,0.529178
2510.0,137.0,0.994047
2510.0,138.0,0.36203
2510.0,139.0,0.862379
2510.0,140.0,0.394932
2510.0,141.0,0.39387
2510.0,142.0,0.493571
2510.0,143.0,0.432455
2510.0,144.0,1.0
2510.0,145.0,0.468391
2510.0,146.0,0.734498
2510.0,147.0,0.44882
