FREQUENCIES 
Gen,mut_id,mut_freq
1.0,0.0,0.5
1.0,1.0,0.5
1.0,2.0,0.5
1.0,3.0,0.5
1.0,4.0,0.5
1.0,5.0,0.5
1.0,6.0,0.5
1.0,7.0,0.5
1.0,8.0,0.5
1.0,9.0,0.5
1.0,10.0,0.5
1.0,11.0,0.5
1.0,12.0,0.5
1.0,13.0,0.5
1.0,14.0,0.5
1.0,15.0,0.5
1.0,16.0,0.5
1.0,17.0,0.5
1.0,18.0,0.5
1.0,19.0,0.5
1.0,20.0,0.5
1.0,21.0,0.5
1.0,22.0,0.5
1.0,23.0,0.5
1.0,24.0,0.5
1.0,25.0,0.5
1.0,26.0,0.5
1.0,27.0,0.5
1.0,28.0,0.5
1.0,29.0,0.5
1.0,30.0,0.5
1.0,31.0,0.5
1.0,32.0,0.5
1.0,33.0,0.5
1.0,34.0,0.5
1.0,35.0,0.5
1.0,36.0,0.5
1.0,37.0,0.5
1.0,38.0,0.5
1.0,39.0,0.5
1.0,40.0,0.5
1.0,41.0,0.5
1.0,42.0,0.5
1.0,43.0,0.5
1.0,44.0,0.5
1.0,45.0,0.5
1.0,46.0,0.5
1.0,47.0,0.5
1.0,48.0,0.5
1.0,49.0,0.5
1.0,50.0,0.5
1.0,51.0,0.5
1.0,52.0,0.5
1.0,53.0,0.5
1.0,54.0,0.5
1.0,55.0,0.5
1.0,56.0,0.5
1.0,57.0,0.5
1.0,58.0,0.5
1.0,59.0,0.5
1.0,60.0,0.5
1.0,61.0,0.5
1.0,62.0,0.5
1.0,63.0,0.5
1.0,64.0,0.5
1.0,65.0,0.5
1.0,66.0,0.5
1.0,67.0,0.5
1.0,68.0,0.5
1.0,69.0,0.5
1.0,70.0,0.5
1.0,71.0,0.5
1.0,72.0,0.5
1.0,73.0,0.5
1.0,74.0,0.5
1.0,75.0,0.5
1.0,76.0,0.5
1.0,77.0,0.5
1.0,78.0,0.5
1.0,79.0,0.5
1.0,80.0,0.5
1.0,81.0,0.5
1.0,82.0,0.5
1.0,83.0,0.5
1.0,84.0,0.5
1.0,85.0,0.5
1.0,86.0,0.5
1.0,87.0,0.5
1.0,88.0,0.5
1.0,89.0,0.5
1.0,90.0,0.5
1.0,91.0,0.5
1.0,92.0,0.5
1.0,93.0,0.5
1.0,94.0,0.5
1.0,95.0,0.5
1.0,96.0,0.5
1.0,97.0,0.5
1.0,98.0,0.5
1.0,99.0,0.5
1.0,100.0,0.5
1.0,101.0,0.5
1.0,102.0,0.5
1.0,103.0,0.5
1.0,104.0,0.5
1.0,105.0,0.5
1.0,106.0,0.5
1.0,107.0,0.5
1.0,108.0,0.5
1.0,109.0,0.5
1.0,110.0,0.5
1.0,111.0,0.5
1.0,112.0,0.5
1.0,113.0,0.5
1.0,114.0,0.5
1.0,115.0,0.5
1.0,116.0,0.5
1.0,117.0,0.5
1.0,118.0,0.5
1.0,119.0,0.5
1.0,120.0,0.5
1.0,121.0,0.5
1.0,122.0,0.5
1.0,123.0,0.5
1.0,124.0,0.5
1.0,125.0,0.5
1.0,126.0,0.5
1.0,127.0,0.5
1.0,128.0,0.5
1.0,129.0,0.5
1.0,130.0,0.5
1.0,131.0,0.5
1.0,132.0,0.5
1.0,133.0,0.5
1.0,134.0,0.5
1.0,135.0,0.5
1.0,136.0,0.5
1.0,137.0,0.5
1.0,138.0,0.5
1.0,139.0,0.5
1.0,140.0,0.5
1.0,141.0,0.5
1.0,142.0,0.5
1.0,143.0,0.5
1.0,144.0,0.5
1.0,145.0,0.5
1.0,146.0,0.5
1.0,147.0,0.5
1.0,148.0,0.5
1.0,149.0,0.5
1.0,150.0,0.5
1.0,151.0,0.5
1.0,152.0,0.5
1.0,153.0,0.5
1.0,154.0,0.5
1.0,155.0,0.5
1.0,156.0,0.5
1.0,157.0,0.5
1.0,158.0,0.5
1.0,159.0,0.5
1.0,160.0,0.5
1.0,161.0,0.5
1.0,162.0,0.5
1.0,163.0,0.5
1.0,164.0,0.5
1.0,165.0,0.5
1.0,166.0,0.5
1.0,167.0,0.5
1.0,168.0,0.5
1.0,169.0,0.5
1.0,170.0,0.5
1.0,171.0,0.5
1.0,172.0,0.5
1.0,173.0,0.5
1.0,174.0,0.5
1.0,175.0,0.5
1.0,176.0,0.5
1.0,177.0,0.5
1.0,178.0,0.5
1.0,179.0,0.5
1.0,180.0,0.5
1.0,181.0,0.5
1.0,182.0,0.5
1.0,183.0,0.5
1.0,184.0,0.5
1.0,185.0,0.5
1.0,186.0,0.5
1.0,187.0,0.5
1.0,188.0,0.5
1.0,189.0,0.5
1.0,190.0,0.5
1.0,191.0,0.5
1.0,192.0,0.5
1.0,193.0,0.5
1.0,194.0,0.5
1.0,195.0,0.5
1.0,196.0,0.5
1.0,197.0,0.5
1.0,198.0,0.5
1.0,199.0,0.5
1.0,200.0,0.5
1.0,201.0,0.5
1.0,202.0,0.5
1.0,203.0,0.5
1.0,204.0,0.5
1.0,205.0,0.5
1.0,206.0,0.5
1.0,207.0,0.5
1.0,208.0,0.5
1.0,209.0,0.5
1.0,210.0,0.5
1.0,211.0,0.5
1.0,212.0,0.5
1.0,213.0,0.5
1.0,214.0,0.5
1.0,215.0,0.5
1.0,216.0,0.5
1.0,217.0,0.5
1.0,218.0,0.5
1.0,219.0,0.5
1.0,220.0,0.5
1.0,221.0,0.5
1.0,222.0,0.5
1.0,223.0,0.5
1.0,224.0,0.5
1.0,225.0,0.5
1.0,226.0,0.5
1.0,227.0,0.5
1.0,228.0,0.5
1.0,229.0,0.5
1.0,230.0,0.5
1.0,231.0,0.5
1.0,232.0,0.5
1.0,233.0,0.5
1.0,234.0,0.5
1.0,235.0,0.5
1.0,236.0,0.5
1.0,237.0,0.5
1.0,238.0,0.5
1.0,239.0,0.5
1.0,240.0,0.5
1.0,241.0,0.5
1.0,242.0,0.5
1.0,243.0,0.5
1.0,244.0,0.5
1.0,245.0,0.5
1.0,246.0,0.5
1.0,247.0,0.5
1.0,248.0,0.5
1.0,249.0,0.5
1.0,250.0,0.5
1.0,251.0,0.5
1.0,252.0,0.5
1.0,253.0,0.5
1.0,254.0,0.5
1.0,255.0,0.5
1.0,256.0,0.5
1.0,257.0,0.5
1.0,258.0,0.5
1.0,259.0,0.5
1.0,260.0,0.5
1.0,261.0,0.5
1.0,262.0,0.5
1.0,263.0,0.5
1.0,264.0,0.5
1.0,265.0,0.5
1.0,266.0,0.5
1.0,267.0,0.5
1.0,268.0,0.5
1.0,269.0,0.5
1.0,270.0,0.5
1.0,271.0,0.5
1.0,272.0,0.5
1.0,273.0,0.5
1.0,274.0,0.5
1.0,275.0,0.5
1.0,276.0,0.5
1.0,277.0,0.5
1.0,278.0,0.5
1.0,279.0,0.5
1.0,280.0,0.5
1.0,281.0,0.5
1.0,282.0,0.5
1.0,283.0,0.5
1.0,284.0,0.5
1.0,285.0,0.5
1.0,286.0,0.5
1.0,287.0,0.5
1.0,288.0,0.5
1.0,289.0,0.5
1.0,290.0,0.5
1.0,291.0,0.5
1.0,292.0,0.5
1.0,293.0,0.5
1.0,294.0,0.5
1.0,295.0,0.5
1.0,296.0,0.5
1.0,297.0,0.5
1.0,298.0,0.5
1.0,299.0,0.5
1.0,300.0,0.5
1.0,301.0,0.5
1.0,302.0,0.5
1.0,303.0,0.5
1.0,304.0,0.5
1.0,305.0,0.5
1.0,306.0,0.5
1.0,307.0,0.5
1.0,308.0,0.5
1.0,309.0,0.5
1.0,310.0,0.5
1.0,311.0,0.5
1.0,312.0,0.5
1.0,313.0,0.5
1.0,314.0,0.5
1.0,315.0,0.5
1.0,316.0,0.5
1.0,317.0,0.5
1.0,318.0,0.5
1.0,319.0,0.5
1.0,320.0,0.5
1.0,321.0,0.5
1.0,322.0,0.5
1.0,323.0,0.5
1.0,324.0,0.5
1.0,325.0,0.5
1.0,326.0,0.5
1.0,327.0,0.5
1.0,328.0,0.5
1.0,329.0,0.5
1.0,330.0,0.5
1.0,331.0,0.5
1.0,332.0,0.5
1.0,333.0,0.5
1.0,334.0,0.5
2500.0,0.0,0.044116
2500.0,1.0,0.309001
2500.0,2.0,0.673854
2500.0,3.0,0.001803
2500.0,4.0,0.446509
2500.0,5.0,0.346197
2500.0,6.0,0.0
2500.0,7.0,0.992384
2500.0,8.0,1.0
2500.0,9.0,0.484634
2500.0,10.0,0.680046
2500.0,11.0,0.763696
2500.0,12.0,0.688275
2500.0,13.0,0.471545
2500.0,14.0,0.751346
2500.0,15.0,0.04657
2500.0,16.0,0.616254
2500.0,17.0,0.631552
2500.0,18.0,0.479333
2500.0,19.0,0.965065
2500.0,20.0,0.620082
2500.0,21.0,0.105106
2500.0,22.0,0.491201
2500.0,23.0,0.137216
2500.0,24.0,0.467097
2500.0,25.0,0.269461
2500.0,26.0,0.989266
2500.0,27.0,0.150159
2500.0,28.0,0.538202
2500.0,29.0,0.577337
2500.0,30.0,0.773562
2500.0,31.0,0.372776
2500.0,32.0,0.496925
2500.0,33.0,0.529348
2500.0,34.0,0.411824
2500.0,35.0,0.622994
2500.0,36.0,0.273465
2500.0,37.0,0.469631
2500.0,38.0,0.010698
2500.0,39.0,0.466605
2500.0,40.0,0.655452
2500.0,41.0,0.534118
2500.0,42.0,0.999922
2500.0,43.0,0.703361
2500.0,44.0,0.563008
2500.0,45.0,0.408617
2500.0,46.0,0.310911
2500.0,47.0,0.088493
2500.0,48.0,0.857376
2500.0,49.0,0.514907
2500.0,50.0,0.266343
2500.0,51.0,0.586669
2500.0,52.0,0.478213
2500.0,53.0,0.143315
2500.0,54.0,0.37013
2500.0,55.0,1.0
2500.0,56.0,0.392134
2500.0,57.0,0.021135
2500.0,58.0,1.0
2500.0,59.0,0.589856
2500.0,60.0,0.633921
2500.0,61.0,0.444916
2500.0,62.0,0.47434
2500.0,63.0,0.632285
2500.0,64.0,0.331906
2500.0,65.0,0.125058
2500.0,66.0,0.816319
2500.0,67.0,0.419159
2500.0,68.0,0.426764
2500.0,69.0,0.356246
2500.0,70.0,0.115356
2500.0,71.0,0.43653
2500.0,72.0,0.548112
2500.0,73.0,0.781963
2500.0,74.0,0.977238
2500.0,75.0,0.009177
2500.0,76.0,0.402322
2500.0,77.0,0.53319
2500.0,78.0,0.269068
2500.0,79.0,0.296937
2500.0,80.0,0.329728
2500.0,81.0,0.356209
2500.0,82.0,0.296766
2500.0,83.0,0.0
2500.0,84.0,0.51936
2500.0,85.0,0.483329
2500.0,86.0,0.394247
2500.0,87.0,0.693416
2500.0,88.0,0.457435
2500.0,89.0,0.423226
2500.0,90.0,0.428068
2500.0,91.0,0.169326
2500.0,92.0,0.482882
2500.0,93.0,0.528555
2500.0,94.0,0.401726
2500.0,95.0,0.128274
2500.0,96.0,0.470674
2500.0,97.0,0.469091
2500.0,98.0,0.49129
2500.0,99.0,0.000787
2500.0,100.0,0.747896
2500.0,101.0,0.336647
2500.0,102.0,0.0
2500.0,103.0,0.453798
2500.0,104.0,0.272051
2500.0,105.0,0.769238
2500.0,106.0,0.176089
2500.0,107.0,0.279209
2500.0,108.0,0.804175
2500.0,109.0,0.190902
2500.0,110.0,0.388637
2500.0,111.0,0.486914
2500.0,112.0,0.833869
2500.0,113.0,0.51329
2500.0,114.0,0.304628
2500.0,115.0,0.841499
2500.0,116.0,0.17519
2500.0,117.0,0.307279
2500.0,118.0,0.899735
2500.0,119.0,0.196949
2500.0,120.0,0.649293
2500.0,121.0,1.0
2500.0,122.0,0.010421
2500.0,123.0,1.0
2500.0,124.0,0.947151
2500.0,125.0,0.407089
2500.0,126.0,0.094123
2500.0,127.0,0.477158
2500.0,128.0,0.618537
2500.0,129.0,0.502079
2500.0,130.0,0.686378
2500.0,131.0,0.646591
2500.0,132.0,0.920146
2500.0,133.0,0.194293
2500.0,134.0,0.498212
2500.0,135.0,0.0
2500.0,136.0,1.0
2500.0,137.0,0.061282
2500.0,138.0,0.0
2500.0,139.0,0.490692
2500.0,140.0,0.993936
2500.0,141.0,0.325178
2500.0,142.0,0.53347
2500.0,143.0,0.136309
2500.0,144.0,0.790836
2500.0,145.0,1.0
2500.0,146.0,0.955993
2500.0,147.0,0.663148
2500.0,148.0,0.307284
2500.0,149.0,0.427783
2500.0,150.0,0.376034
2500.0,151.0,0.850598
2500.0,152.0,0.136234
2500.0,153.0,0.0
2500.0,154.0,0.000284
2500.0,155.0,0.594492
2500.0,156.0,0.443189
2500.0,157.0,0.755551
2500.0,158.0,0.005323
2500.0,159.0,0.006094
2500.0,160.0,0.421967
2500.0,161.0,0.995489
2500.0,162.0,0.248676
2500.0,163.0,0.570313
2500.0,164.0,0.592713
2500.0,165.0,0.042556
2500.0,166.0,0.001898
2500.0,167.0,0.351602
2500.0,168.0,0.694148
2500.0,169.0,0.024307
2500.0,170.0,0.215468
2500.0,171.0,0.426817
2500.0,172.0,1.0
2500.0,173.0,0.998581
2500.0,174.0,0.004254
2500.0,175.0,0.430975
2500.0,176.0,0.999189
2500.0,177.0,0.070673
2500.0,178.0,0.046801
2500.0,179.0,0.434373
2500.0,180.0,0.942636
2500.0,181.0,0.779374
2500.0,182.0,0.435505
2500.0,183.0,0.454914
2500.0,184.0,0.001886
2500.0,185.0,0.004995
2500.0,186.0,0.191832
2500.0,187.0,0.54277
2500.0,188.0,0.122042
2500.0,189.0,0.570712
2500.0,190.0,0.333907
2500.0,191.0,0.422516
2500.0,192.0,0.308176
2500.0,193.0,0.860254
2500.0,194.0,0.25223
2500.0,195.0,0.522351
2500.0,196.0,0.616866
2500.0,197.0,0.264612
2500.0,198.0,0.032151
2500.0,199.0,0.048497
2500.0,200.0,0.954033
2500.0,201.0,0.390123
2500.0,202.0,0.635581
2500.0,203.0,0.98887
2500.0,204.0,0.809451
2500.0,205.0,0.581993
2500.0,206.0,0.395759
2500.0,207.0,0.374349
2500.0,208.0,0.0
2500.0,209.0,0.13088
2500.0,210.0,0.888756
2500.0,211.0,1.0
2500.0,212.0,0.383235
2500.0,213.0,0.0
2500.0,214.0,0.634516
2500.0,215.0,0.107794
2500.0,216.0,0.420582
2500.0,217.0,0.995614
2500.0,218.0,0.547188
2500.0,219.0,0.816554
2500.0,220.0,0.385488
2500.0,221.0,0.321268
2500.0,222.0,0.621822
2500.0,223.0,0.325343
2500.0,224.0,0.358533
2500.0,225.0,1.0
2500.0,226.0,0.330187
2500.0,227.0,0.188318
2500.0,228.0,0.488029
2500.0,229.0,0.588172
2500.0,230.0,0.521134
2500.0,231.0,0.602561
2500.0,232.0,0.465955
2500.0,233.0,0.582698
2500.0,234.0,0.0
2500.0,235.0,0.442083
2500.0,236.0,0.154443
2500.0,237.0,0.621911
2500.0,238.0,0.264368
2500.0,239.0,0.201659
2500.0,240.0,0.376539
2500.0,241.0,0.717497
2500.0,242.0,0.000459
2500.0,243.0,0.531428
2500.0,244.0,0.96918
2500.0,245.0,0.784132
2500.0,246.0,0.621471
2500.0,247.0,0.74267
2500.0,248.0,0.558804
2500.0,249.0,0.679303
2500.0,250.0,0.630544
2500.0,251.0,0.452038
2500.0,252.0,0.0
2500.0,253.0,0.677979
2500.0,254.0,1.0
2500.0,255.0,0.143922
2500.0,256.0,0.305747
2500.0,257.0,0.020297
2500.0,258.0,0.124538
2500.0,259.0,0.760444
2500.0,260.0,0.790055
2500.0,261.0,0.530793
2500.0,262.0,0.460159
2500.0,263.0,0.056915
2500.0,264.0,0.714972
2500.0,265.0,0.19952
2500.0,266.0,0.0
2500.0,267.0,0.0
2500.0,268.0,0.004367
2500.0,269.0,0.036305
2500.0,270.0,0.525937
2500.0,271.0,0.597354
2500.0,272.0,0.676716
2500.0,273.0,0.670783
2500.0,274.0,0.517764
2500.0,275.0,0.730755
2500.0,276.0,0.622374
2500.0,277.0,0.34421
2500.0,278.0,0.437976
2500.0,279.0,0.626273
2500.0,280.0,0.767342
2500.0,281.0,0.945494
2500.0,282.0,0.252058
2500.0,283.0,0.685633
2500.0,284.0,0.81641
2500.0,285.0,0.631455
2500.0,286.0,0.05284
2500.0,287.0,0.592926
2500.0,288.0,0.086287
2500.0,289.0,0.700236
2500.0,290.0,0.546505
2500.0,291.0,0.670021
2500.0,292.0,0.497151
2500.0,293.0,0.657672
2500.0,294.0,0.301171
2500.0,295.0,0.369198
2500.0,296.0,0.000115
2500.0,297.0,0.628645
2500.0,298.0,0.864547
2500.0,299.0,0.683085
2500.0,300.0,0.18548
2500.0,301.0,0.000196
2500.0,302.0,1.0
2500.0,303.0,0.492859
2500.0,304.0,0.52742
2500.0,305.0,0.336386
2500.0,306.0,0.622616
2500.0,307.0,0.486303
2500.0,308.0,0.011532
2500.0,309.0,0.999127
2500.0,310.0,0.498579
2500.0,311.0,0.695176
2500.0,312.0,1.0
2500.0,313.0,0.120906
2500.0,314.0,0.457186
2500.0,315.0,0.427223
2500.0,316.0,0.576621
2500.0,317.0,0.713654
2500.0,318.0,0.998066
2500.0,319.0,0.951018
2500.0,320.0,0.999407
2500.0,321.0,0.625005
2500.0,322.0,0.36407
2500.0,323.0,1.0
2500.0,324.0,0.912892
2500.0,325.0,0.0
2500.0,326.0,0.620786
2500.0,327.0,0.658688
2500.0,328.0,0.999475
2500.0,329.0,0.000216
2500.0,330.0,0.466173
2500.0,331.0,0.325097
2500.0,332.0,0.663366
2500.0,333.0,0.997412
2500.0,334.0,0.287801
2501.0,0.0,0.045008
2501.0,1.0,0.317436
2501.0,2.0,0.676913
2501.0,3.0,0.00173
2501.0,4.0,0.447706
2501.0,5.0,0.348114
2501.0,6.0,0.0
2501.0,7.0,0.992576
2501.0,8.0,1.0
2501.0,9.0,0.487794
2501.0,10.0,0.683799
2501.0,11.0,0.76695
2501.0,12.0,0.688991
2501.0,13.0,0.475184
2501.0,14.0,0.754751
2501.0,15.0,0.047185
2501.0,16.0,0.633495
2501.0,17.0,0.63365
2501.0,18.0,0.497693
2501.0,19.0,0.965918
2501.0,20.0,0.621011
2501.0,21.0,0.107559
2501.0,22.0,0.492333
2501.0,23.0,0.138263
2501.0,24.0,0.471204
2501.0,25.0,0.282695
2501.0,26.0,0.989457
2501.0,27.0,0.150867
2501.0,28.0,0.53993
2501.0,29.0,0.578773
2501.0,30.0,0.775237
2501.0,31.0,0.377219
2501.0,32.0,0.498351
2501.0,33.0,0.534383
2501.0,34.0,0.41223
2501.0,35.0,0.623456
2501.0,36.0,0.274638
2501.0,37.0,0.472389
2501.0,38.0,0.010787
2501.0,39.0,0.467907
2501.0,40.0,0.656804
2501.0,41.0,0.54028
2501.0,42.0,0.999919
2501.0,43.0,0.712741
2501.0,44.0,0.564511
2501.0,45.0,0.40795
2501.0,46.0,0.316221
2501.0,47.0,0.088572
2501.0,48.0,0.857825
2501.0,49.0,0.517053
2501.0,50.0,0.266778
2501.0,51.0,0.587119
2501.0,52.0,0.478954
2501.0,53.0,0.143594
2501.0,54.0,0.372203
2501.0,55.0,1.0
2501.0,56.0,0.399264
2501.0,57.0,0.021648
2501.0,58.0,1.0
2501.0,59.0,0.595108
2501.0,60.0,0.638117
2501.0,61.0,0.449007
2501.0,62.0,0.476912
2501.0,63.0,0.632352
2501.0,64.0,0.338345
2501.0,65.0,0.125773
2501.0,66.0,0.817117
2501.0,67.0,0.424384
2501.0,68.0,0.439427
2501.0,69.0,0.359686
2501.0,70.0,0.116925
2501.0,71.0,0.439149
2501.0,72.0,0.552221
2501.0,73.0,0.782398
2501.0,74.0,0.977568
2501.0,75.0,0.009335
2501.0,76.0,0.402852
2501.0,77.0,0.538391
2501.0,78.0,0.271204
2501.0,79.0,0.298061
2501.0,80.0,0.333394
2501.0,81.0,0.364178
2501.0,82.0,0.300349
2501.0,83.0,0.0
2501.0,84.0,0.52464
2501.0,85.0,0.486095
2501.0,86.0,0.397717
2501.0,87.0,0.695435
2501.0,88.0,0.466501
2501.0,89.0,0.423344
2501.0,90.0,0.429812
2501.0,91.0,0.188096
2501.0,92.0,0.485605
2501.0,93.0,0.529502
2501.0,94.0,0.407953
2501.0,95.0,0.128543
2501.0,96.0,0.474922
2501.0,97.0,0.474031
2501.0,98.0,0.495453
2501.0,99.0,0.000817
2501.0,100.0,0.750484
2501.0,101.0,0.348959
2501.0,102.0,0.0
2501.0,103.0,0.45772
2501.0,104.0,0.275308
2501.0,105.0,0.770495
2501.0,106.0,0.184649
2501.0,107.0,0.28474
2501.0,108.0,0.805443
2501.0,109.0,0.19346
2501.0,110.0,0.392721
2501.0,111.0,0.487903
2501.0,112.0,0.837685
2501.0,113.0,0.513874
2501.0,114.0,0.305004
2501.0,115.0,0.842628
2501.0,116.0,0.175865
2501.0,117.0,0.315775
2501.0,118.0,0.899882
2501.0,119.0,0.197712
2501.0,120.0,0.65062
2501.0,121.0,1.0
2501.0,122.0,0.010537
2501.0,123.0,1.0
2501.0,124.0,0.94759
2501.0,125.0,0.41119
2501.0,126.0,0.094502
2501.0,127.0,0.485161
2501.0,128.0,0.62107
2501.0,129.0,0.502836
2501.0,130.0,0.686956
2501.0,131.0,0.649178
2501.0,132.0,0.920653
2501.0,133.0,0.202657
2501.0,134.0,0.499472
2501.0,135.0,0.0
2501.0,136.0,1.0
2501.0,137.0,0.061497
2501.0,138.0,0.0
2501.0,139.0,0.505151
2501.0,140.0,0.993986
2501.0,141.0,0.33127
2501.0,142.0,0.533512
2501.0,143.0,0.139184
2501.0,144.0,0.791585
2501.0,145.0,1.0
2501.0,146.0,0.95589
2501.0,147.0,0.673318
2501.0,148.0,0.308461
2501.0,149.0,0.433048
2501.0,150.0,0.378827
2501.0,151.0,0.851094
2501.0,152.0,0.137642
2501.0,153.0,0.0
2501.0,154.0,0.00028
2501.0,155.0,0.59856
2501.0,156.0,0.450482
2501.0,157.0,0.757505
2501.0,158.0,0.005377
2501.0,159.0,0.006008
2501.0,160.0,0.428822
2501.0,161.0,0.995549
2501.0,162.0,0.249537
2501.0,163.0,0.593267
2501.0,164.0,0.597229
2501.0,165.0,0.042829
2501.0,166.0,0.001957
2501.0,167.0,0.357076
2501.0,168.0,0.696424
2501.0,169.0,0.024408
2501.0,170.0,0.216678
2501.0,171.0,0.427023
2501.0,172.0,1.0
2501.0,173.0,0.998715
2501.0,174.0,0.004375
2501.0,175.0,0.431696
2501.0,176.0,0.999243
2501.0,177.0,0.070552
2501.0,178.0,0.046923
2501.0,179.0,0.445638
2501.0,180.0,0.943828
2501.0,181.0,0.780614
2501.0,182.0,0.435841
2501.0,183.0,0.456937
2501.0,184.0,0.001823
2501.0,185.0,0.00503
2501.0,186.0,0.194119
2501.0,187.0,0.545361
2501.0,188.0,0.122512
2501.0,189.0,0.59713
2501.0,190.0,0.336186
2501.0,191.0,0.426737
2501.0,192.0,0.310969
2501.0,193.0,0.862422
2501.0,194.0,0.258201
2501.0,195.0,0.536345
2501.0,196.0,0.619016
2501.0,197.0,0.264656
2501.0,198.0,0.032257
2501.0,199.0,0.049042
2501.0,200.0,0.954121
2501.0,201.0,0.391064
2501.0,202.0,0.637007
2501.0,203.0,0.989298
2501.0,204.0,0.814115
2501.0,205.0,0.594272
2501.0,206.0,0.39781
2501.0,207.0,0.37669
2501.0,208.0,0.0
2501.0,209.0,0.13234
2501.0,210.0,0.888916
2501.0,211.0,1.0
2501.0,212.0,0.39472
2501.0,213.0,0.0
2501.0,214.0,0.639214
2501.0,215.0,0.108533
2501.0,216.0,0.424671
2501.0,217.0,0.995737
2501.0,218.0,0.570804
2501.0,219.0,0.818008
2501.0,220.0,0.387092
2501.0,221.0,0.32189
2501.0,222.0,0.624423
2501.0,223.0,0.327399
2501.0,224.0,0.359865
2501.0,225.0,1.0
2501.0,226.0,0.333311
2501.0,227.0,0.191745
2501.0,228.0,0.489746
2501.0,229.0,0.589261
2501.0,230.0,0.521814
2501.0,231.0,0.606853
2501.0,232.0,0.476889
2501.0,233.0,0.583781
2501.0,234.0,0.0
2501.0,235.0,0.444497
2501.0,236.0,0.154697
2501.0,237.0,0.623238
2501.0,238.0,0.317615
2501.0,239.0,0.203041
2501.0,240.0,0.380697
2501.0,241.0,0.720463
2501.0,242.0,0.000461
2501.0,243.0,0.532822
2501.0,244.0,0.969867
2501.0,245.0,0.787564
2501.0,246.0,0.626452
2501.0,247.0,0.743662
2501.0,248.0,0.562268
2501.0,249.0,0.679563
2501.0,250.0,0.630978
2501.0,251.0,0.454528
2501.0,252.0,0.0
2501.0,253.0,0.680085
2501.0,254.0,1.0
2501.0,255.0,0.145804
2501.0,256.0,0.307
2501.0,257.0,0.021147
2501.0,258.0,0.12627
2501.0,259.0,0.762472
2501.0,260.0,0.791112
2501.0,261.0,0.533622
2501.0,262.0,0.471653
2501.0,263.0,0.056607
2501.0,264.0,0.716962
2501.0,265.0,0.201884
2501.0,266.0,0.0
2501.0,267.0,0.0
2501.0,268.0,0.004497
2501.0,269.0,0.03687
2501.0,270.0,0.528898
2501.0,271.0,0.602746
2501.0,272.0,0.676303
2501.0,273.0,0.672147
2501.0,274.0,0.520014
2501.0,275.0,0.731483
2501.0,276.0,0.635393
2501.0,277.0,0.363257
2501.0,278.0,0.441957
2501.0,279.0,0.627862
2501.0,280.0,0.777254
2501.0,281.0,0.946455
2501.0,282.0,0.252814
2501.0,283.0,0.686239
2501.0,284.0,0.818123
2501.0,285.0,0.647149
2501.0,286.0,0.053021
2501.0,287.0,0.596191
2501.0,288.0,0.087804
2501.0,289.0,0.7024
2501.0,290.0,0.591601
2501.0,291.0,0.670998
2501.0,292.0,0.498527
2501.0,293.0,0.659459
2501.0,294.0,0.30083
2501.0,295.0,0.391008
2501.0,296.0,0.000107
2501.0,297.0,0.635246
2501.0,298.0,0.865633
2501.0,299.0,0.689704
2501.0,300.0,0.200461
2501.0,301.0,0.000199
2501.0,302.0,1.0
2501.0,303.0,0.49651
2501.0,304.0,0.53749
2501.0,305.0,0.337848
2501.0,306.0,0.622121
2501.0,307.0,0.489226
2501.0,308.0,0.011707
2501.0,309.0,0.99916
2501.0,310.0,0.501962
2501.0,311.0,0.696328
2501.0,312.0,1.0
2501.0,313.0,0.123865
2501.0,314.0,0.458314
2501.0,315.0,0.433822
2501.0,316.0,0.576966
2501.0,317.0,0.724904
2501.0,318.0,0.998161
2501.0,319.0,0.951177
2501.0,320.0,0.999397
2501.0,321.0,0.627846
2501.0,322.0,0.369926
2501.0,323.0,1.0
2501.0,324.0,0.913741
2501.0,325.0,0.0
2501.0,326.0,0.622987
2501.0,327.0,0.662388
2501.0,328.0,0.999468
2501.0,329.0,0.00025
2501.0,330.0,0.469538
2501.0,331.0,0.326306
2501.0,332.0,0.671354
2501.0,333.0,0.997504
2501.0,334.0,0.294393
2502.0,0.0,0.045675
2502.0,1.0,0.326522
2502.0,2.0,0.679522
2502.0,3.0,0.001716
2502.0,4.0,0.448721
2502.0,5.0,0.350805
2502.0,6.0,0.0
2502.0,7.0,0.992703
2502.0,8.0,1.0
2502.0,9.0,0.490131
2502.0,10.0,0.686082
2502.0,11.0,0.770517
2502.0,12.0,0.69058
2502.0,13.0,0.478595
2502.0,14.0,0.757263
2502.0,15.0,0.047408
2502.0,16.0,0.6492
2502.0,17.0,0.636867
2502.0,18.0,0.514965
2502.0,19.0,0.966891
2502.0,20.0,0.622757
2502.0,21.0,0.109997
2502.0,22.0,0.493291
2502.0,23.0,0.138628
2502.0,24.0,0.475726
2502.0,25.0,0.297547
2502.0,26.0,0.98965
2502.0,27.0,0.151012
2502.0,28.0,0.542228
2502.0,29.0,0.579877
2502.0,30.0,0.777718
2502.0,31.0,0.381993
2502.0,32.0,0.500019
2502.0,33.0,0.538518
2502.0,34.0,0.413561
2502.0,35.0,0.623732
2502.0,36.0,0.275745
2502.0,37.0,0.476102
2502.0,38.0,0.010955
2502.0,39.0,0.46936
2502.0,40.0,0.657611
2502.0,41.0,0.547292
2502.0,42.0,0.99993
2502.0,43.0,0.723171
2502.0,44.0,0.566629
2502.0,45.0,0.408555
2502.0,46.0,0.320958
2502.0,47.0,0.088563
2502.0,48.0,0.858827
2502.0,49.0,0.519004
2502.0,50.0,0.268265
2502.0,51.0,0.586479
2502.0,52.0,0.479224
2502.0,53.0,0.143661
2502.0,54.0,0.373282
2502.0,55.0,1.0
2502.0,56.0,0.407241
2502.0,57.0,0.022121
2502.0,58.0,1.0
2502.0,59.0,0.600196
2502.0,60.0,0.642309
2502.0,61.0,0.452709
2502.0,62.0,0.47926
2502.0,63.0,0.633298
2502.0,64.0,0.344749
2502.0,65.0,0.125982
2502.0,66.0,0.817978
2502.0,67.0,0.429199
2502.0,68.0,0.451196
2502.0,69.0,0.363567
2502.0,70.0,0.117502
2502.0,71.0,0.442421
2502.0,72.0,0.557042
2502.0,73.0,0.782465
2502.0,74.0,0.977951
2502.0,75.0,0.009421
2502.0,76.0,0.401877
2502.0,77.0,0.544231
2502.0,78.0,0.273742
2502.0,79.0,0.299828
2502.0,80.0,0.336517
2502.0,81.0,0.371727
2502.0,82.0,0.304241
2502.0,83.0,0.0
2502.0,84.0,0.529508
2502.0,85.0,0.488436
2502.0,86.0,0.402783
2502.0,87.0,0.698252
2502.0,88.0,0.474898
2502.0,89.0,0.423417
2502.0,90.0,0.431204
2502.0,91.0,0.207331
2502.0,92.0,0.488768
2502.0,93.0,0.531088
2502.0,94.0,0.414288
2502.0,95.0,0.128581
2502.0,96.0,0.479289
2502.0,97.0,0.478996
2502.0,98.0,0.49886
2502.0,99.0,0.000859
2502.0,100.0,0.753206
2502.0,101.0,0.362654
2502.0,102.0,0.0
2502.0,103.0,0.462176
2502.0,104.0,0.279056
2502.0,105.0,0.770207
2502.0,106.0,0.192948
2502.0,107.0,0.290204
2502.0,108.0,0.805863
2502.0,109.0,0.196131
2502.0,110.0,0.395486
2502.0,111.0,0.489463
2502.0,112.0,0.841641
2502.0,113.0,0.514987
2502.0,114.0,0.305137
2502.0,115.0,0.843812
2502.0,116.0,0.176098
2502.0,117.0,0.324623
2502.0,118.0,0.900407
2502.0,119.0,0.198128
2502.0,120.0,0.653239
2502.0,121.0,1.0
2502.0,122.0,0.01072
2502.0,123.0,1.0
2502.0,124.0,0.948294
2502.0,125.0,0.413389
2502.0,126.0,0.094526
2502.0,127.0,0.494011
2502.0,128.0,0.623506
2502.0,129.0,0.503232
2502.0,130.0,0.688846
2502.0,131.0,0.652429
2502.0,132.0,0.920508
2502.0,133.0,0.210915
2502.0,134.0,0.50093
2502.0,135.0,0.0
2502.0,136.0,1.0
2502.0,137.0,0.061713
2502.0,138.0,0.0
2502.0,139.0,0.519631
2502.0,140.0,0.994208
2502.0,141.0,0.33857
2502.0,142.0,0.534006
2502.0,143.0,0.142164
2502.0,144.0,0.792212
2502.0,145.0,1.0
2502.0,146.0,0.956081
2502.0,147.0,0.681902
2502.0,148.0,0.309772
2502.0,149.0,0.438495
2502.0,150.0,0.381472
2502.0,151.0,0.851718
2502.0,152.0,0.140126
2502.0,153.0,0.0
2502.0,154.0,0.000293
2502.0,155.0,0.603045
2502.0,156.0,0.457547
2502.0,157.0,0.759202
2502.0,158.0,0.005463
2502.0,159.0,0.005962
2502.0,160.0,0.435754
2502.0,161.0,0.995596
2502.0,162.0,0.249624
2502.0,163.0,0.615642
2502.0,164.0,0.601884
2502.0,165.0,0.04306
2502.0,166.0,0.002012
2502.0,167.0,0.362091
2502.0,168.0,0.697953
2502.0,169.0,0.024335
2502.0,170.0,0.218205
2502.0,171.0,0.427028
2502.0,172.0,1.0
2502.0,173.0,0.998808
2502.0,174.0,0.004338
2502.0,175.0,0.433507
2502.0,176.0,0.9993
2502.0,177.0,0.070204
2502.0,178.0,0.04758
2502.0,179.0,0.457183
2502.0,180.0,0.945124
2502.0,181.0,0.781866
2502.0,182.0,0.435207
2502.0,183.0,0.458643
2502.0,184.0,0.001821
2502.0,185.0,0.004864
2502.0,186.0,0.195972
2502.0,187.0,0.548186
2502.0,188.0,0.123155
2502.0,189.0,0.622034
2502.0,190.0,0.339585
2502.0,191.0,0.430977
2502.0,192.0,0.312503
2502.0,193.0,0.86453
2502.0,194.0,0.26314
2502.0,195.0,0.54989
2502.0,196.0,0.621967
2502.0,197.0,0.264907
2502.0,198.0,0.03253
2502.0,199.0,0.049226
2502.0,200.0,0.954795
2502.0,201.0,0.392175
2502.0,202.0,0.639137
2502.0,203.0,0.989512
2502.0,204.0,0.819012
2502.0,205.0,0.604263
2502.0,206.0,0.399487
2502.0,207.0,0.377994
2502.0,208.0,0.0
2502.0,209.0,0.133684
2502.0,210.0,0.889227
2502.0,211.0,1.0
2502.0,212.0,0.405157
2502.0,213.0,0.0
2502.0,214.0,0.643353
2502.0,215.0,0.109206
2502.0,216.0,0.429115
2502.0,217.0,0.995761
2502.0,218.0,0.592894
2502.0,219.0,0.819421
2502.0,220.0,0.386948
2502.0,221.0,0.322373
2502.0,222.0,0.627021
2502.0,223.0,0.330233
2502.0,224.0,0.361554
2502.0,225.0,1.0
2502.0,226.0,0.335418
2502.0,227.0,0.195042
2502.0,228.0,0.491871
2502.0,229.0,0.590811
2502.0,230.0,0.523787
2502.0,231.0,0.610398
2502.0,232.0,0.486391
2502.0,233.0,0.586156
2502.0,234.0,0.0
2502.0,235.0,0.447032
2502.0,236.0,0.155207
2502.0,237.0,0.623631
2502.0,238.0,0.375076
2502.0,239.0,0.205104
2502.0,240.0,0.384132
2502.0,241.0,0.722288
2502.0,242.0,0.000429
2502.0,243.0,0.533846
2502.0,244.0,0.970269
2502.0,245.0,0.791639
2502.0,246.0,0.631643
2502.0,247.0,0.74436
2502.0,248.0,0.564665
2502.0,249.0,0.680318
2502.0,250.0,0.632107
2502.0,251.0,0.457411
2502.0,252.0,0.0
2502.0,253.0,0.682503
2502.0,254.0,1.0
2502.0,255.0,0.147235
2502.0,256.0,0.30876
2502.0,257.0,0.021825
2502.0,258.0,0.127912
2502.0,259.0,0.764018
2502.0,260.0,0.792617
2502.0,261.0,0.537308
2502.0,262.0,0.483133
2502.0,263.0,0.057121
2502.0,264.0,0.719026
2502.0,265.0,0.203485
2502.0,266.0,0.0
2502.0,267.0,0.0
2502.0,268.0,0.004514
2502.0,269.0,0.036891
2502.0,270.0,0.531273
2502.0,271.0,0.608126
2502.0,272.0,0.677466
2502.0,273.0,0.672835
2502.0,274.0,0.523299
2502.0,275.0,0.732626
2502.0,276.0,0.648972
2502.0,277.0,0.382945
2502.0,278.0,0.446391
2502.0,279.0,0.62881
2502.0,280.0,0.78499
2502.0,281.0,0.947714
2502.0,282.0,0.254298
2502.0,283.0,0.687294
2502.0,284.0,0.819588
2502.0,285.0,0.661779
2502.0,286.0,0.053347
2502.0,287.0,0.599424
2502.0,288.0,0.089112
2502.0,289.0,0.704259
2502.0,290.0,0.633794
2502.0,291.0,0.671681
2502.0,292.0,0.499692
2502.0,293.0,0.660546
2502.0,294.0,0.301467
2502.0,295.0,0.412264
2502.0,296.0,0.000103
2502.0,297.0,0.64249
2502.0,298.0,0.866969
2502.0,299.0,0.697221
2502.0,300.0,0.216782
2502.0,301.0,0.000221
2502.0,302.0,1.0
2502.0,303.0,0.499058
2502.0,304.0,0.545336
2502.0,305.0,0.339058
2502.0,306.0,0.622014
2502.0,307.0,0.492444
2502.0,308.0,0.012102
2502.0,309.0,0.999166
2502.0,310.0,0.505715
2502.0,311.0,0.697263
2502.0,312.0,1.0
2502.0,313.0,0.127552
2502.0,314.0,0.45977
2502.0,315.0,0.440265
2502.0,316.0,0.576689
2502.0,317.0,0.736407
2502.0,318.0,0.998208
2502.0,319.0,0.951565
2502.0,320.0,0.999445
2502.0,321.0,0.631031
2502.0,322.0,0.375494
2502.0,323.0,1.0
2502.0,324.0,0.914497
2502.0,325.0,0.0
2502.0,326.0,0.624928
2502.0,327.0,0.666511
2502.0,328.0,0.99952
2502.0,329.0,0.000283
2502.0,330.0,0.472171
2502.0,331.0,0.32798
2502.0,332.0,0.678611
2502.0,333.0,0.997615
2502.0,334.0,0.300019
2503.0,0.0,0.046362
2503.0,1.0,0.334683
2503.0,2.0,0.681629
2503.0,3.0,0.001757
2503.0,4.0,0.450585
2503.0,5.0,0.35291
2503.0,6.0,0.0
2503.0,7.0,0.992684
2503.0,8.0,1.0
2503.0,9.0,0.493424
2503.0,10.0,0.688239
2503.0,11.0,0.773992
2503.0,12.0,0.691065
2503.0,13.0,0.48201
2503.0,14.0,0.760368
2503.0,15.0,0.04793
2503.0,16.0,0.66426
2503.0,17.0,0.640866
2503.0,18.0,0.531974
2503.0,19.0,0.967822
2503.0,20.0,0.622984
2503.0,21.0,0.111831
2503.0,22.0,0.495598
2503.0,23.0,0.139708
2503.0,24.0,0.480584
2503.0,25.0,0.311551
2503.0,26.0,0.989768
2503.0,27.0,0.151031
2503.0,28.0,0.54447
2503.0,29.0,0.581108
2503.0,30.0,0.780496
2503.0,31.0,0.386645
2503.0,32.0,0.501841
2503.0,33.0,0.542139
2503.0,34.0,0.414591
2503.0,35.0,0.624713
2503.0,36.0,0.277131
2503.0,37.0,0.480056
2503.0,38.0,0.011108
2503.0,39.0,0.470584
2503.0,40.0,0.658704
2503.0,41.0,0.552985
2503.0,42.0,0.999957
2503.0,43.0,0.731845
2503.0,44.0,0.568416
2503.0,45.0,0.409339
2503.0,46.0,0.325591
2503.0,47.0,0.089017
2503.0,48.0,0.859916
2503.0,49.0,0.519894
2503.0,50.0,0.269
2503.0,51.0,0.587554
2503.0,52.0,0.479058
2503.0,53.0,0.14457
2503.0,54.0,0.374412
2503.0,55.0,1.0
2503.0,56.0,0.413545
2503.0,57.0,0.022698
2503.0,58.0,1.0
2503.0,59.0,0.605692
2503.0,60.0,0.646235
2503.0,61.0,0.456958
2503.0,62.0,0.481626
2503.0,63.0,0.633919
2503.0,64.0,0.3507
2503.0,65.0,0.126531
2503.0,66.0,0.818712
2503.0,67.0,0.433988
2503.0,68.0,0.463423
2503.0,69.0,0.36736
2503.0,70.0,0.118798
2503.0,71.0,0.445618
2503.0,72.0,0.56128
2503.0,73.0,0.783513
2503.0,74.0,0.978638
2503.0,75.0,0.00966
2503.0,76.0,0.403041
2503.0,77.0,0.549861
2503.0,78.0,0.276227
2503.0,79.0,0.300677
2503.0,80.0,0.339293
2503.0,81.0,0.378065
2503.0,82.0,0.306857
2503.0,83.0,0.0
2503.0,84.0,0.5341
2503.0,85.0,0.490902
2503.0,86.0,0.406683
2503.0,87.0,0.70144
2503.0,88.0,0.482883
2503.0,89.0,0.423064
2503.0,90.0,0.433208
2503.0,91.0,0.22775
2503.0,92.0,0.491297
2503.0,93.0,0.532326
2503.0,94.0,0.420231
2503.0,95.0,0.129355
2503.0,96.0,0.48352
2503.0,97.0,0.482839
2503.0,98.0,0.5021
2503.0,99.0,0.000825
2503.0,100.0,0.756924
2503.0,101.0,0.376024
2503.0,102.0,0.0
2503.0,103.0,0.465205
2503.0,104.0,0.282454
2503.0,105.0,0.771806
2503.0,106.0,0.201595
2503.0,107.0,0.295747
2503.0,108.0,0.806567
2503.0,109.0,0.199265
2503.0,110.0,0.397846
2503.0,111.0,0.491642
2503.0,112.0,0.844917
2503.0,113.0,0.515725
2503.0,114.0,0.305876
2503.0,115.0,0.845034
2503.0,116.0,0.17711
2503.0,117.0,0.333307
2503.0,118.0,0.901285
2503.0,119.0,0.197862
2503.0,120.0,0.653404
2503.0,121.0,1.0
2503.0,122.0,0.010974
2503.0,123.0,1.0
2503.0,124.0,0.948601
2503.0,125.0,0.418216
2503.0,126.0,0.095346
2503.0,127.0,0.502385
2503.0,128.0,0.624537
2503.0,129.0,0.502481
2503.0,130.0,0.690408
2503.0,131.0,0.655308
2503.0,132.0,0.920584
2503.0,133.0,0.219247
2503.0,134.0,0.502514
2503.0,135.0,0.0
2503.0,136.0,1.0
2503.0,137.0,0.061576
2503.0,138.0,0.0
2503.0,139.0,0.53263
2503.0,140.0,0.994438
2503.0,141.0,0.344997
2503.0,142.0,0.53494
2503.0,143.0,0.144755
2503.0,144.0,0.792595
2503.0,145.0,1.0
2503.0,146.0,0.956143
2503.0,147.0,0.691526
2503.0,148.0,0.310186
2503.0,149.0,0.44314
2503.0,150.0,0.383822
2503.0,151.0,0.852647
2503.0,152.0,0.141632
2503.0,153.0,0.0
2503.0,154.0,0.000289
2503.0,155.0,0.606895
2503.0,156.0,0.465116
2503.0,157.0,0.760563
2503.0,158.0,0.005529
2503.0,159.0,0.00602
2503.0,160.0,0.441749
2503.0,161.0,0.995649
2503.0,162.0,0.24966
2503.0,163.0,0.63709
2503.0,164.0,0.606142
2503.0,165.0,0.043278
2503.0,166.0,0.00197
2503.0,167.0,0.367116
2503.0,168.0,0.700793
2503.0,169.0,0.024435
2503.0,170.0,0.218573
2503.0,171.0,0.427293
2503.0,172.0,1.0
2503.0,173.0,0.998914
2503.0,174.0,0.004448
2503.0,175.0,0.434796
2503.0,176.0,0.999342
2503.0,177.0,0.069953
2503.0,178.0,0.047996
2503.0,179.0,0.469239
2503.0,180.0,0.945999
2503.0,181.0,0.782621
2503.0,182.0,0.436018
2503.0,183.0,0.460558
2503.0,184.0,0.001855
2503.0,185.0,0.004841
2503.0,186.0,0.198896
2503.0,187.0,0.549798
2503.0,188.0,0.124339
2503.0,189.0,0.646545
2503.0,190.0,0.342418
2503.0,191.0,0.43413
2503.0,192.0,0.314438
2503.0,193.0,0.866634
2503.0,194.0,0.268478
2503.0,195.0,0.564017
2503.0,196.0,0.623406
2503.0,197.0,0.265405
2503.0,198.0,0.032756
2503.0,199.0,0.04949
2503.0,200.0,0.955016
2503.0,201.0,0.393056
2503.0,202.0,0.641746
2503.0,203.0,0.989764
2503.0,204.0,0.823987
2503.0,205.0,0.614341
2503.0,206.0,0.401978
2503.0,207.0,0.381376
2503.0,208.0,0.0
2503.0,209.0,0.135176
2503.0,210.0,0.888719
2503.0,211.0,1.0
2503.0,212.0,0.416272
2503.0,213.0,0.0
2503.0,214.0,0.647387
2503.0,215.0,0.109728
2503.0,216.0,0.433748
2503.0,217.0,0.995692
2503.0,218.0,0.613501
2503.0,219.0,0.820513
2503.0,220.0,0.388154
2503.0,221.0,0.322507
2503.0,222.0,0.62969
2503.0,223.0,0.332335
2503.0,224.0,0.363187
2503.0,225.0,1.0
2503.0,226.0,0.338178
2503.0,227.0,0.198245
2503.0,228.0,0.493208
2503.0,229.0,0.59174
2503.0,230.0,0.524943
2503.0,231.0,0.613589
2503.0,232.0,0.49601
2503.0,233.0,0.588176
2503.0,234.0,0.0
2503.0,235.0,0.449505
2503.0,236.0,0.155863
2503.0,237.0,0.623575
2503.0,238.0,0.433182
2503.0,239.0,0.20784
2503.0,240.0,0.387547
2503.0,241.0,0.723408
2503.0,242.0,0.000392
2503.0,243.0,0.53478
2503.0,244.0,0.971027
2503.0,245.0,0.794977
2503.0,246.0,0.635691
2503.0,247.0,0.744919
2503.0,248.0,0.566309
2503.0,249.0,0.680845
2503.0,250.0,0.632878
2503.0,251.0,0.459999
2503.0,252.0,0.0
2503.0,253.0,0.685298
2503.0,254.0,1.0
2503.0,255.0,0.148982
2503.0,256.0,0.310971
2503.0,257.0,0.022553
2503.0,258.0,0.129815
2503.0,259.0,0.765159
2503.0,260.0,0.793909
2503.0,261.0,0.539251
2503.0,262.0,0.493229
2503.0,263.0,0.057728
2503.0,264.0,0.720314
2503.0,265.0,0.205168
2503.0,266.0,0.0
2503.0,267.0,0.0
2503.0,268.0,0.004505
2503.0,269.0,0.036477
2503.0,270.0,0.534895
2503.0,271.0,0.614068
2503.0,272.0,0.677314
2503.0,273.0,0.673404
2503.0,274.0,0.525829
2503.0,275.0,0.733806
2503.0,276.0,0.661541
2503.0,277.0,0.402272
2503.0,278.0,0.451172
2503.0,279.0,0.629946
2503.0,280.0,0.793482
2503.0,281.0,0.948484
2503.0,282.0,0.255202
2503.0,283.0,0.688071
2503.0,284.0,0.821606
2503.0,285.0,0.675241
2503.0,286.0,0.053833
2503.0,287.0,0.602738
2503.0,288.0,0.090424
2503.0,289.0,0.706942
2503.0,290.0,0.672004
2503.0,291.0,0.672253
2503.0,292.0,0.500835
2503.0,293.0,0.661074
2503.0,294.0,0.301616
2503.0,295.0,0.43249
2503.0,296.0,0.000117
2503.0,297.0,0.648063
2503.0,298.0,0.868113
2503.0,299.0,0.704259
2503.0,300.0,0.232622
2503.0,301.0,0.000228
2503.0,302.0,1.0
2503.0,303.0,0.502178
2503.0,304.0,0.553914
2503.0,305.0,0.340351
2503.0,306.0,0.62207
2503.0,307.0,0.4953
2503.0,308.0,0.012014
2503.0,309.0,0.999242
2503.0,310.0,0.510494
2503.0,311.0,0.698328
2503.0,312.0,1.0
2503.0,313.0,0.130917
2503.0,314.0,0.460293
2503.0,315.0,0.445733
2503.0,316.0,0.576937
2503.0,317.0,0.746978
2503.0,318.0,0.998258
2503.0,319.0,0.951943
2503.0,320.0,0.999443
2503.0,321.0,0.633769
2503.0,322.0,0.380204
2503.0,323.0,1.0
2503.0,324.0,0.914662
2503.0,325.0,0.0
2503.0,326.0,0.62637
2503.0,327.0,0.669819
2503.0,328.0,0.999545
2503.0,329.0,0.000288
2503.0,330.0,0.475018
2503.0,331.0,0.328379
2503.0,332.0,0.686078
2503.0,333.0,0.997695
2503.0,334.0,0.305541
2504.0,0.0,0.047193
2504.0,1.0,0.343208
2504.0,2.0,0.683893
2504.0,3.0,0.00174
2504.0,4.0,0.451492
2504.0,5.0,0.356124
2504.0,6.0,0.0
2504.0,7.0,0.992832
2504.0,8.0,1.0
2504.0,9.0,0.496799
2504.0,10.0,0.690017
2504.0,11.0,0.778439
2504.0,12.0,0.691838
2504.0,13.0,0.484868
2504.0,14.0,0.762775
2504.0,15.0,0.048917
2504.0,16.0,0.677041
2504.0,17.0,0.645075
2504.0,18.0,0.547146
2504.0,19.0,0.968501
2504.0,20.0,0.62351
2504.0,21.0,0.114478
2504.0,22.0,0.496785
2504.0,23.0,0.140679
2504.0,24.0,0.485538
2504.0,25.0,0.326592
2504.0,26.0,0.990011
2504.0,27.0,0.15151
2504.0,28.0,0.547017
2504.0,29.0,0.58308
2504.0,30.0,0.782952
2504.0,31.0,0.391328
2504.0,32.0,0.502935
2504.0,33.0,0.545141
2504.0,34.0,0.415361
2504.0,35.0,0.625158
2504.0,36.0,0.278055
2504.0,37.0,0.483496
2504.0,38.0,0.0113
2504.0,39.0,0.471963
2504.0,40.0,0.659319
2504.0,41.0,0.558177
2504.0,42.0,0.999959
2504.0,43.0,0.740211
2504.0,44.0,0.571275
2504.0,45.0,0.409954
2504.0,46.0,0.330118
2504.0,47.0,0.08909
2504.0,48.0,0.861289
2504.0,49.0,0.521977
2504.0,50.0,0.270596
2504.0,51.0,0.587408
2504.0,52.0,0.479514
2504.0,53.0,0.14537
2504.0,54.0,0.375032
2504.0,55.0,1.0
2504.0,56.0,0.420746
2504.0,57.0,0.023072
2504.0,58.0,1.0
2504.0,59.0,0.611019
2504.0,60.0,0.64993
2504.0,61.0,0.460917
2504.0,62.0,0.482884
2504.0,63.0,0.634929
2504.0,64.0,0.35649
2504.0,65.0,0.126978
2504.0,66.0,0.81965
2504.0,67.0,0.437579
2504.0,68.0,0.47464
2504.0,69.0,0.371093
2504.0,70.0,0.120267
2504.0,71.0,0.448612
2504.0,72.0,0.564368
2504.0,73.0,0.784321
2504.0,74.0,0.979447
2504.0,75.0,0.009859
2504.0,76.0,0.404552
2504.0,77.0,0.55511
2504.0,78.0,0.277543
2504.0,79.0,0.302244
2504.0,80.0,0.34181
2504.0,81.0,0.384288
2504.0,82.0,0.309762
2504.0,83.0,0.0
2504.0,84.0,0.539127
2504.0,85.0,0.49283
2504.0,86.0,0.41026
2504.0,87.0,0.704115
2504.0,88.0,0.490905
2504.0,89.0,0.422858
2504.0,90.0,0.435045
2504.0,91.0,0.24794
2504.0,92.0,0.494038
2504.0,93.0,0.533801
2504.0,94.0,0.426181
2504.0,95.0,0.130076
2504.0,96.0,0.488137
2504.0,97.0,0.487012
2504.0,98.0,0.50606
2504.0,99.0,0.000873
2504.0,100.0,0.760625
2504.0,101.0,0.389596
2504.0,102.0,0.0
2504.0,103.0,0.469267
2504.0,104.0,0.286881
2504.0,105.0,0.772313
2504.0,106.0,0.210863
2504.0,107.0,0.300088
2504.0,108.0,0.807691
2504.0,109.0,0.201745
2504.0,110.0,0.400096
2504.0,111.0,0.491502
2504.0,112.0,0.847828
2504.0,113.0,0.516103
2504.0,114.0,0.306104
2504.0,115.0,0.846373
2504.0,116.0,0.176803
2504.0,117.0,0.341442
2504.0,118.0,0.90166
2504.0,119.0,0.19722
2504.0,120.0,0.655108
2504.0,121.0,1.0
2504.0,122.0,0.011125
2504.0,123.0,1.0
2504.0,124.0,0.949405
2504.0,125.0,0.42167
2504.0,126.0,0.095581
2504.0,127.0,0.5106
2504.0,128.0,0.627024
2504.0,129.0,0.502786
2504.0,130.0,0.690733
2504.0,131.0,0.657713
2504.0,132.0,0.920797
2504.0,133.0,0.2269
2504.0,134.0,0.504232
2504.0,135.0,0.0
2504.0,136.0,1.0
2504.0,137.0,0.061327
2504.0,138.0,0.0
2504.0,139.0,0.544362
2504.0,140.0,0.994618
2504.0,141.0,0.350655
2504.0,142.0,0.53557
2504.0,143.0,0.1476
2504.0,144.0,0.792876
2504.0,145.0,1.0
2504.0,146.0,0.9561
2504.0,147.0,0.700058
2504.0,148.0,0.310864
2504.0,149.0,0.446999
2504.0,150.0,0.385565
2504.0,151.0,0.853124
2504.0,152.0,0.143588
2504.0,153.0,0.0
2504.0,154.0,0.000299
2504.0,155.0,0.610686
2504.0,156.0,0.47217
2504.0,157.0,0.762107
2504.0,158.0,0.005519
2504.0,159.0,0.005945
2504.0,160.0,0.448276
2504.0,161.0,0.995737
2504.0,162.0,0.249461
2504.0,163.0,0.657009
2504.0,164.0,0.610713
2504.0,165.0,0.043324
2504.0,166.0,0.002021
2504.0,167.0,0.371794
2504.0,168.0,0.702283
2504.0,169.0,0.024647
2504.0,170.0,0.220061
2504.0,171.0,0.42806
2504.0,172.0,1.0
2504.0,173.0,0.998961
2504.0,174.0,0.004564
2504.0,175.0,0.435827
2504.0,176.0,0.999411
2504.0,177.0,0.070009
2504.0,178.0,0.048641
2504.0,179.0,0.480906
2504.0,180.0,0.947277
2504.0,181.0,0.783417
2504.0,182.0,0.436833
2504.0,183.0,0.462888
2504.0,184.0,0.001864
2504.0,185.0,0.00483
2504.0,186.0,0.200985
2504.0,187.0,0.55203
2504.0,188.0,0.124947
2504.0,189.0,0.670794
2504.0,190.0,0.344101
2504.0,191.0,0.437568
2504.0,192.0,0.316802
2504.0,193.0,0.868844
2504.0,194.0,0.2741
2504.0,195.0,0.576761
2504.0,196.0,0.625526
2504.0,197.0,0.265944
2504.0,198.0,0.03306
2504.0,199.0,0.050073
2504.0,200.0,0.955519
2504.0,201.0,0.394477
2504.0,202.0,0.643835
2504.0,203.0,0.989954
2504.0,204.0,0.827352
2504.0,205.0,0.623507
2504.0,206.0,0.403665
2504.0,207.0,0.385554
2504.0,208.0,0.0
2504.0,209.0,0.136361
2504.0,210.0,0.88879
2504.0,211.0,1.0
2504.0,212.0,0.428506
2504.0,213.0,0.0
2504.0,214.0,0.651314
2504.0,215.0,0.110177
2504.0,216.0,0.438275
2504.0,217.0,0.995732
2504.0,218.0,0.634235
2504.0,219.0,0.822074
2504.0,220.0,0.388934
2504.0,221.0,0.324466
2504.0,222.0,0.633027
2504.0,223.0,0.334172
2504.0,224.0,0.364558
2504.0,225.0,1.0
2504.0,226.0,0.339902
2504.0,227.0,0.200725
2504.0,228.0,0.493729
2504.0,229.0,0.592587
2504.0,230.0,0.526085
2504.0,231.0,0.616306
2504.0,232.0,0.5055
2504.0,233.0,0.590277
2504.0,234.0,0.0
2504.0,235.0,0.453283
2504.0,236.0,0.156298
2504.0,237.0,0.623345
2504.0,238.0,0.490045
2504.0,239.0,0.21075
2504.0,240.0,0.390953
2504.0,241.0,0.724837
2504.0,242.0,0.000377
2504.0,243.0,0.53608
2504.0,244.0,0.971982
2504.0,245.0,0.798278
2504.0,246.0,0.64072
2504.0,247.0,0.744968
2504.0,248.0,0.568504
2504.0,249.0,0.68145
2504.0,250.0,0.634548
2504.0,251.0,0.462447
2504.0,252.0,0.0
2504.0,253.0,0.687176
2504.0,254.0,1.0
2504.0,255.0,0.150119
2504.0,256.0,0.312229
2504.0,257.0,0.023149
2504.0,258.0,0.132262
2504.0,259.0,0.767209
2504.0,260.0,0.79607
2504.0,261.0,0.541881
2504.0,262.0,0.503703
2504.0,263.0,0.058058
2504.0,264.0,0.722788
2504.0,265.0,0.207244
2504.0,266.0,0.0
2504.0,267.0,0.0
2504.0,268.0,0.00446
2504.0,269.0,0.036576
2504.0,270.0,0.536165
2504.0,271.0,0.619498
2504.0,272.0,0.678531
2504.0,273.0,0.672728
2504.0,274.0,0.528896
2504.0,275.0,0.735664
2504.0,276.0,0.673135
2504.0,277.0,0.419659
2504.0,278.0,0.456106
2504.0,279.0,0.630706
2504.0,280.0,0.800847
2504.0,281.0,0.949829
2504.0,282.0,0.255634
2504.0,283.0,0.688662
2504.0,284.0,0.823544
2504.0,285.0,0.68756
2504.0,286.0,0.054396
2504.0,287.0,0.605721
2504.0,288.0,0.092127
2504.0,289.0,0.70892
2504.0,290.0,0.705642
2504.0,291.0,0.672719
2504.0,292.0,0.502236
2504.0,293.0,0.662153
2504.0,294.0,0.302066
2504.0,295.0,0.452038
2504.0,296.0,0.00012
2504.0,297.0,0.653758
2504.0,298.0,0.869131
2504.0,299.0,0.710905
2504.0,300.0,0.249862
2504.0,301.0,0.000237
2504.0,302.0,1.0
2504.0,303.0,0.504953
2504.0,304.0,0.562648
2504.0,305.0,0.341406
2504.0,306.0,0.622316
2504.0,307.0,0.497241
2504.0,308.0,0.012068
2504.0,309.0,0.999209
2504.0,310.0,0.514618
2504.0,311.0,0.699841
2504.0,312.0,1.0
2504.0,313.0,0.134369
2504.0,314.0,0.461495
2504.0,315.0,0.451276
2504.0,316.0,0.577657
2504.0,317.0,0.756257
2504.0,318.0,0.998383
2504.0,319.0,0.95255
2504.0,320.0,0.999439
2504.0,321.0,0.635822
2504.0,322.0,0.384494
2504.0,323.0,1.0
2504.0,324.0,0.914716
2504.0,325.0,0.0
2504.0,326.0,0.628215
2504.0,327.0,0.673121
2504.0,328.0,0.999556
2504.0,329.0,0.000267
2504.0,330.0,0.478417
2504.0,331.0,0.329821
2504.0,332.0,0.692878
2504.0,333.0,0.99781
2504.0,334.0,0.311453
2505.0,0.0,0.047808
2505.0,1.0,0.352449
2505.0,2.0,0.686086
2505.0,3.0,0.001809
2505.0,4.0,0.452214
2505.0,5.0,0.358614
2505.0,6.0,0.0
2505.0,7.0,0.99285
2505.0,8.0,1.0
2505.0,9.0,0.498473
2505.0,10.0,0.691754
2505.0,11.0,0.780904
2505.0,12.0,0.692532
2505.0,13.0,0.488068
2505.0,14.0,0.764689
2505.0,15.0,0.049801
2505.0,16.0,0.690001
2505.0,17.0,0.649125
2505.0,18.0,0.561741
2505.0,19.0,0.969045
2505.0,20.0,0.624208
2505.0,21.0,0.116357
2505.0,22.0,0.49777
2505.0,23.0,0.140831
2505.0,24.0,0.490848
2505.0,25.0,0.341001
2505.0,26.0,0.990352
2505.0,27.0,0.15156
2505.0,28.0,0.550016
2505.0,29.0,0.584274
2505.0,30.0,0.784976
2505.0,31.0,0.39625
2505.0,32.0,0.503795
2505.0,33.0,0.548579
2505.0,34.0,0.416417
2505.0,35.0,0.626196
2505.0,36.0,0.279823
2505.0,37.0,0.486565
2505.0,38.0,0.011443
2505.0,39.0,0.473138
2505.0,40.0,0.661039
2505.0,41.0,0.564715
2505.0,42.0,0.999955
2505.0,43.0,0.749093
2505.0,44.0,0.573952
2505.0,45.0,0.409917
2505.0,46.0,0.33529
2505.0,47.0,0.088676
2505.0,48.0,0.861639
2505.0,49.0,0.523397
2505.0,50.0,0.272003
2505.0,51.0,0.58771
2505.0,52.0,0.480006
2505.0,53.0,0.145875
2505.0,54.0,0.376855
2505.0,55.0,1.0
2505.0,56.0,0.427634
2505.0,57.0,0.023408
2505.0,58.0,1.0
2505.0,59.0,0.616987
2505.0,60.0,0.654241
2505.0,61.0,0.46415
2505.0,62.0,0.484499
2505.0,63.0,0.635224
2505.0,64.0,0.362597
2505.0,65.0,0.127449
2505.0,66.0,0.820986
2505.0,67.0,0.44162
2505.0,68.0,0.485831
2505.0,69.0,0.375028
2505.0,70.0,0.121067
2505.0,71.0,0.452482
2505.0,72.0,0.568524
2505.0,73.0,0.78538
2505.0,74.0,0.980047
2505.0,75.0,0.010208
2505.0,76.0,0.405742
2505.0,77.0,0.560582
2505.0,78.0,0.279089
2505.0,79.0,0.303766
2505.0,80.0,0.345021
2505.0,81.0,0.390792
2505.0,82.0,0.313535
2505.0,83.0,0.0
2505.0,84.0,0.543676
2505.0,85.0,0.495739
2505.0,86.0,0.413566
2505.0,87.0,0.706541
2505.0,88.0,0.498476
2505.0,89.0,0.423211
2505.0,90.0,0.436105
2505.0,91.0,0.268414
2505.0,92.0,0.497347
2505.0,93.0,0.535287
2505.0,94.0,0.431432
2505.0,95.0,0.13071
2505.0,96.0,0.491516
2505.0,97.0,0.491391
2505.0,98.0,0.510026
2505.0,99.0,0.000905
2505.0,100.0,0.7641
2505.0,101.0,0.40238
2505.0,102.0,0.0
2505.0,103.0,0.473163
2505.0,104.0,0.290397
2505.0,105.0,0.773223
2505.0,106.0,0.220839
2505.0,107.0,0.3054
2505.0,108.0,0.808643
2505.0,109.0,0.204525
2505.0,110.0,0.402229
2505.0,111.0,0.491973
2505.0,112.0,0.850741
2505.0,113.0,0.515973
2505.0,114.0,0.306485
2505.0,115.0,0.847593
2505.0,116.0,0.17698
2505.0,117.0,0.34939
2505.0,118.0,0.902504
2505.0,119.0,0.197268
2505.0,120.0,0.657068
2505.0,121.0,1.0
2505.0,122.0,0.011085
2505.0,123.0,1.0
2505.0,124.0,0.949947
2505.0,125.0,0.425285
2505.0,126.0,0.096144
2505.0,127.0,0.519197
2505.0,128.0,0.628944
2505.0,129.0,0.502074
2505.0,130.0,0.69232
2505.0,131.0,0.6617
2505.0,132.0,0.920619
2505.0,133.0,0.234725
2505.0,134.0,0.506113
2505.0,135.0,0.0
2505.0,136.0,1.0
2505.0,137.0,0.061154
2505.0,138.0,0.0
2505.0,139.0,0.55635
2505.0,140.0,0.994809
2505.0,141.0,0.356091
2505.0,142.0,0.536889
2505.0,143.0,0.150286
2505.0,144.0,0.793293
2505.0,145.0,1.0
2505.0,146.0,0.956087
2505.0,147.0,0.708865
2505.0,148.0,0.312476
2505.0,149.0,0.451359
2505.0,150.0,0.387694
2505.0,151.0,0.853787
2505.0,152.0,0.145766
2505.0,153.0,0.0
2505.0,154.0,0.000309
2505.0,155.0,0.614551
2505.0,156.0,0.478633
2505.0,157.0,0.76289
2505.0,158.0,0.005525
2505.0,159.0,0.005913
2505.0,160.0,0.454739
2505.0,161.0,0.995704
2505.0,162.0,0.250284
2505.0,163.0,0.676719
2505.0,164.0,0.615069
2505.0,165.0,0.04344
2505.0,166.0,0.002043
2505.0,167.0,0.376077
2505.0,168.0,0.704903
2505.0,169.0,0.024919
2505.0,170.0,0.221646
2505.0,171.0,0.428388
2505.0,172.0,1.0
2505.0,173.0,0.99902
2505.0,174.0,0.004506
2505.0,175.0,0.436673
2505.0,176.0,0.999462
2505.0,177.0,0.069467
2505.0,178.0,0.049138
2505.0,179.0,0.492621
2505.0,180.0,0.948294
2505.0,181.0,0.784715
2505.0,182.0,0.437613
2505.0,183.0,0.463995
2505.0,184.0,0.00195
2505.0,185.0,0.004959
2505.0,186.0,0.203044
2505.0,187.0,0.554876
2505.0,188.0,0.125382
2505.0,189.0,0.693447
2505.0,190.0,0.346344
2505.0,191.0,0.440629
2505.0,192.0,0.319099
2505.0,193.0,0.870789
2505.0,194.0,0.279968
2505.0,195.0,0.589181
2505.0,196.0,0.627611
2505.0,197.0,0.267343
2505.0,198.0,0.033565
2505.0,199.0,0.050557
2505.0,200.0,0.955749
2505.0,201.0,0.395779
2505.0,202.0,0.645545
2505.0,203.0,0.990224
2505.0,204.0,0.831818
2505.0,205.0,0.632974
2505.0,206.0,0.404941
2505.0,207.0,0.388114
2505.0,208.0,0.0
2505.0,209.0,0.137505
2505.0,210.0,0.888858
2505.0,211.0,1.0
2505.0,212.0,0.439004
2505.0,213.0,0.0
2505.0,214.0,0.656099
2505.0,215.0,0.110833
2505.0,216.0,0.443223
2505.0,217.0,0.995821
2505.0,218.0,0.654287
2505.0,219.0,0.823772
2505.0,220.0,0.390623
2505.0,221.0,0.325371
2505.0,222.0,0.63466
2505.0,223.0,0.336583
2505.0,224.0,0.365657
2505.0,225.0,1.0
2505.0,226.0,0.341302
2505.0,227.0,0.204276
2505.0,228.0,0.494964
2505.0,229.0,0.593253
2505.0,230.0,0.527055
2505.0,231.0,0.619887
2505.0,232.0,0.514703
2505.0,233.0,0.591385
2505.0,234.0,0.0
2505.0,235.0,0.45585
2505.0,236.0,0.157046
2505.0,237.0,0.623636
2505.0,238.0,0.545353
2505.0,239.0,0.213363
2505.0,240.0,0.394146
2505.0,241.0,0.726319
2505.0,242.0,0.000385
2505.0,243.0,0.538099
2505.0,244.0,0.972392
2505.0,245.0,0.801223
2505.0,246.0,0.644114
2505.0,247.0,0.744908
2505.0,248.0,0.569887
2505.0,249.0,0.682064
2505.0,250.0,0.636249
2505.0,251.0,0.463792
2505.0,252.0,0.0
2505.0,253.0,0.688832
2505.0,254.0,1.0
2505.0,255.0,0.151417
2505.0,256.0,0.314266
2505.0,257.0,0.023777
2505.0,258.0,0.134295
2505.0,259.0,0.769323
2505.0,260.0,0.797689
2505.0,261.0,0.544033
2505.0,262.0,0.514275
2505.0,263.0,0.057997
2505.0,264.0,0.725238
2505.0,265.0,0.208623
2505.0,266.0,0.0
2505.0,267.0,0.0
2505.0,268.0,0.004603
2505.0,269.0,0.036575
2505.0,270.0,0.538507
2505.0,271.0,0.624749
2505.0,272.0,0.678936
2505.0,273.0,0.67258
2505.0,274.0,0.532437
2505.0,275.0,0.736738
2505.0,276.0,0.683766
2505.0,277.0,0.43742
2505.0,278.0,0.460902
2505.0,279.0,0.632187
2505.0,280.0,0.807773
2505.0,281.0,0.950782
2505.0,282.0,0.25776
2505.0,283.0,0.689803
2505.0,284.0,0.825463
2505.0,285.0,0.699029
2505.0,286.0,0.054359
2505.0,287.0,0.608366
2505.0,288.0,0.093321
2505.0,289.0,0.710555
2505.0,290.0,0.73659
2505.0,291.0,0.674264
2505.0,292.0,0.503082
2505.0,293.0,0.66264
2505.0,294.0,0.302739
2505.0,295.0,0.46922
2505.0,296.0,0.000142
2505.0,297.0,0.658643
2505.0,298.0,0.870198
2505.0,299.0,0.717433
2505.0,300.0,0.26648
2505.0,301.0,0.000246
2505.0,302.0,1.0
2505.0,303.0,0.509126
2505.0,304.0,0.570688
2505.0,305.0,0.342819
2505.0,306.0,0.62225
2505.0,307.0,0.499932
2505.0,308.0,0.011994
2505.0,309.0,0.999241
2505.0,310.0,0.518532
2505.0,311.0,0.700615
2505.0,312.0,1.0
2505.0,313.0,0.138125
2505.0,314.0,0.462575
2505.0,315.0,0.457916
2505.0,316.0,0.578648
2505.0,317.0,0.765748
2505.0,318.0,0.998472
2505.0,319.0,0.952989
2505.0,320.0,0.999432
2505.0,321.0,0.63866
2505.0,322.0,0.389658
2505.0,323.0,1.0
2505.0,324.0,0.915142
2505.0,325.0,0.0
2505.0,326.0,0.629953
2505.0,327.0,0.676839
2505.0,328.0,0.999597
2505.0,329.0,0.000267
2505.0,330.0,0.481054
2505.0,331.0,0.330675
2505.0,332.0,0.698993
2505.0,333.0,0.997843
2505.0,334.0,0.31649
2506.0,0.0,0.047077
2506.0,1.0,0.34257
2506.0,2.0,0.683707
2506.0,3.0,0.001709
2506.0,4.0,0.452073
2506.0,5.0,0.355035
2506.0,6.0,0.0
2506.0,7.0,0.992825
2506.0,8.0,1.0
2506.0,9.0,0.495389
2506.0,10.0,0.689793
2506.0,11.0,0.777879
2506.0,12.0,0.69228
2506.0,13.0,0.483734
2506.0,14.0,0.761927
2506.0,15.0,0.048532
2506.0,16.0,0.674415
2506.0,17.0,0.645608
2506.0,18.0,0.54427
2506.0,19.0,0.968281
2506.0,20.0,0.624304
2506.0,21.0,0.114164
2506.0,22.0,0.496626
2506.0,23.0,0.139813
2506.0,24.0,0.485993
2506.0,25.0,0.325069
2506.0,26.0,0.989998
2506.0,27.0,0.150742
2506.0,28.0,0.547842
2506.0,29.0,0.582068
2506.0,30.0,0.782885
2506.0,31.0,0.392079
2506.0,32.0,0.502771
2506.0,33.0,0.545254
2506.0,34.0,0.415613
2506.0,35.0,0.62484
2506.0,36.0,0.277879
2506.0,37.0,0.483949
2506.0,38.0,0.011374
2506.0,39.0,0.471833
2506.0,40.0,0.658925
2506.0,41.0,0.557416
2506.0,42.0,0.999939
2506.0,43.0,0.740172
2506.0,44.0,0.571136
2506.0,45.0,0.409213
2506.0,46.0,0.331168
2506.0,47.0,0.088997
2506.0,48.0,0.859981
2506.0,49.0,0.521216
2506.0,50.0,0.270615
2506.0,51.0,0.587445
2506.0,52.0,0.479658
2506.0,53.0,0.145179
2506.0,54.0,0.375002
2506.0,55.0,1.0
2506.0,56.0,0.419598
2506.0,57.0,0.022849
2506.0,58.0,1.0
2506.0,59.0,0.610996
2506.0,60.0,0.651433
2506.0,61.0,0.460026
2506.0,62.0,0.481778
2506.0,63.0,0.634073
2506.0,64.0,0.355698
2506.0,65.0,0.126618
2506.0,66.0,0.82061
2506.0,67.0,0.43771
2506.0,68.0,0.472337
2506.0,69.0,0.371107
2506.0,70.0,0.120161
2506.0,71.0,0.449489
2506.0,72.0,0.565356
2506.0,73.0,0.784699
2506.0,74.0,0.979601
2506.0,75.0,0.01
2506.0,76.0,0.404837
2506.0,77.0,0.554269
2506.0,78.0,0.276939
2506.0,79.0,0.302213
2506.0,80.0,0.341413
2506.0,81.0,0.383771
2506.0,82.0,0.310103
2506.0,83.0,0.0
2506.0,84.0,0.53848
2506.0,85.0,0.492911
2506.0,86.0,0.410741
2506.0,87.0,0.702743
2506.0,88.0,0.489897
2506.0,89.0,0.422894
2506.0,90.0,0.433857
2506.0,91.0,0.245045
2506.0,92.0,0.492913
2506.0,93.0,0.534491
2506.0,94.0,0.425017
2506.0,95.0,0.130764
2506.0,96.0,0.486955
2506.0,97.0,0.487426
2506.0,98.0,0.505744
2506.0,99.0,0.000906
2506.0,100.0,0.76133
2506.0,101.0,0.387421
2506.0,102.0,0.0
2506.0,103.0,0.46988
2506.0,104.0,0.286976
2506.0,105.0,0.77208
2506.0,106.0,0.210451
2506.0,107.0,0.3004
2506.0,108.0,0.807798
2506.0,109.0,0.201406
2506.0,110.0,0.399745
2506.0,111.0,0.490176
2506.0,112.0,0.847915
2506.0,113.0,0.51586
2506.0,114.0,0.30613
2506.0,115.0,0.846032
2506.0,116.0,0.17648
2506.0,117.0,0.341092
2506.0,118.0,0.902394
2506.0,119.0,0.196955
2506.0,120.0,0.655968
2506.0,121.0,1.0
2506.0,122.0,0.010982
2506.0,123.0,1.0
2506.0,124.0,0.949096
2506.0,125.0,0.422617
2506.0,126.0,0.095555
2506.0,127.0,0.509928
2506.0,128.0,0.62642
2506.0,129.0,0.50281
2506.0,130.0,0.691134
2506.0,131.0,0.658593
2506.0,132.0,0.920323
2506.0,133.0,0.225413
2506.0,134.0,0.503669
2506.0,135.0,0.0
2506.0,136.0,1.0
2506.0,137.0,0.060874
2506.0,138.0,0.0
2506.0,139.0,0.542016
2506.0,140.0,0.994682
2506.0,141.0,0.349418
2506.0,142.0,0.536308
2506.0,143.0,0.147553
2506.0,144.0,0.793565
2506.0,145.0,1.0
2506.0,146.0,0.955929
2506.0,147.0,0.699128
2506.0,148.0,0.311199
2506.0,149.0,0.447108
2506.0,150.0,0.385776
2506.0,151.0,0.85326
2506.0,152.0,0.144259
2506.0,153.0,0.0
2506.0,154.0,0.000302
2506.0,155.0,0.610088
2506.0,156.0,0.47212
2506.0,157.0,0.76105
2506.0,158.0,0.005534
2506.0,159.0,0.005935
2506.0,160.0,0.447601
2506.0,161.0,0.9956
2506.0,162.0,0.249647
2506.0,163.0,0.656198
2506.0,164.0,0.609306
2506.0,165.0,0.043243
2506.0,166.0,0.002041
2506.0,167.0,0.372493
2506.0,168.0,0.70288
2506.0,169.0,0.024974
2506.0,170.0,0.220187
2506.0,171.0,0.427523
2506.0,172.0,1.0
2506.0,173.0,0.998982
2506.0,174.0,0.00448
2506.0,175.0,0.435693
2506.0,176.0,0.999411
2506.0,177.0,0.068637
2506.0,178.0,0.048617
2506.0,179.0,0.480481
2506.0,180.0,0.947568
2506.0,181.0,0.783756
2506.0,182.0,0.436714
2506.0,183.0,0.462083
2506.0,184.0,0.001902
2506.0,185.0,0.004811
2506.0,186.0,0.200523
2506.0,187.0,0.551837
2506.0,188.0,0.124045
2506.0,189.0,0.669056
2506.0,190.0,0.343269
2506.0,191.0,0.436932
2506.0,192.0,0.316641
2506.0,193.0,0.868322
2506.0,194.0,0.274445
2506.0,195.0,0.575741
2506.0,196.0,0.626256
2506.0,197.0,0.267262
2506.0,198.0,0.033172
2506.0,199.0,0.049921
2506.0,200.0,0.954757
2506.0,201.0,0.39509
2506.0,202.0,0.643886
2506.0,203.0,0.990165
2506.0,204.0,0.827226
2506.0,205.0,0.622789
2506.0,206.0,0.402334
2506.0,207.0,0.386099
2506.0,208.0,0.0
2506.0,209.0,0.135774
2506.0,210.0,0.888664
2506.0,211.0,1.0
2506.0,212.0,0.427941
2506.0,213.0,0.0
2506.0,214.0,0.653092
2506.0,215.0,0.110392
2506.0,216.0,0.438492
2506.0,217.0,0.995786
2506.0,218.0,0.632236
2506.0,219.0,0.822277
2506.0,220.0,0.389372
2506.0,221.0,0.324791
2506.0,222.0,0.632409
2506.0,223.0,0.334529
2506.0,224.0,0.364531
2506.0,225.0,1.0
2506.0,226.0,0.33906
2506.0,227.0,0.201546
2506.0,228.0,0.49321
2506.0,229.0,0.591882
2506.0,230.0,0.524781
2506.0,231.0,0.616791
2506.0,232.0,0.505104
2506.0,233.0,0.588039
2506.0,234.0,0.0
2506.0,235.0,0.453023
2506.0,236.0,0.156283
2506.0,237.0,0.623531
2506.0,238.0,0.47495
2506.0,239.0,0.211313
2506.0,240.0,0.390222
2506.0,241.0,0.724936
2506.0,242.0,0.000394
2506.0,243.0,0.536035
2506.0,244.0,0.972062
2506.0,245.0,0.797383
2506.0,246.0,0.640267
2506.0,247.0,0.744856
2506.0,248.0,0.568278
2506.0,249.0,0.681848
2506.0,250.0,0.634582
2506.0,251.0,0.461428
2506.0,252.0,0.0
2506.0,253.0,0.687063
2506.0,254.0,1.0
2506.0,255.0,0.149892
2506.0,256.0,0.312503
2506.0,257.0,0.022769
2506.0,258.0,0.13231
2506.0,259.0,0.767417
2506.0,260.0,0.795556
2506.0,261.0,0.541365
2506.0,262.0,0.501728
2506.0,263.0,0.057947
2506.0,264.0,0.724106
2506.0,265.0,0.206397
2506.0,266.0,0.0
2506.0,267.0,0.0
2506.0,268.0,0.004541
2506.0,269.0,0.036617
2506.0,270.0,0.536695
2506.0,271.0,0.619673
2506.0,272.0,0.678598
2506.0,273.0,0.672497
2506.0,274.0,0.52877
2506.0,275.0,0.735688
2506.0,276.0,0.671341
2506.0,277.0,0.416022
2506.0,278.0,0.45596
2506.0,279.0,0.631526
2506.0,280.0,0.800893
2506.0,281.0,0.949646
2506.0,282.0,0.256183
2506.0,283.0,0.688545
2506.0,284.0,0.823267
2506.0,285.0,0.685773
2506.0,286.0,0.053909
2506.0,287.0,0.604959
2506.0,288.0,0.09135
2506.0,289.0,0.708929
2506.0,290.0,0.697368
2506.0,291.0,0.673059
2506.0,292.0,0.501102
2506.0,293.0,0.661983
2506.0,294.0,0.302591
2506.0,295.0,0.447283
2506.0,296.0,0.000131
2506.0,297.0,0.65187
2506.0,298.0,0.869602
2506.0,299.0,0.711546
2506.0,300.0,0.247341
2506.0,301.0,0.000253
2506.0,302.0,1.0
2506.0,303.0,0.505925
2506.0,304.0,0.561242
2506.0,305.0,0.340983
2506.0,306.0,0.623565
2506.0,307.0,0.49662
2506.0,308.0,0.011897
2506.0,309.0,0.99924
2506.0,310.0,0.515494
2506.0,311.0,0.698487
2506.0,312.0,1.0
2506.0,313.0,0.134676
2506.0,314.0,0.461474
2506.0,315.0,0.450787
2506.0,316.0,0.578385
2506.0,317.0,0.756648
2506.0,318.0,0.998406
2506.0,319.0,0.952621
2506.0,320.0,0.999407
2506.0,321.0,0.634996
2506.0,322.0,0.382857
2506.0,323.0,1.0
2506.0,324.0,0.915379
2506.0,325.0,0.0
2506.0,326.0,0.627107
2506.0,327.0,0.672716
2506.0,328.0,0.999573
2506.0,329.0,0.000226
2506.0,330.0,0.477722
2506.0,331.0,0.329088
2506.0,332.0,0.692309
2506.0,333.0,0.997841
2506.0,334.0,0.310069
2507.0,0.0,0.046579
2507.0,1.0,0.332838
2507.0,2.0,0.681745
2507.0,3.0,0.001644
2507.0,4.0,0.451195
2507.0,5.0,0.352244
2507.0,6.0,0.0
2507.0,7.0,0.992976
2507.0,8.0,1.0
2507.0,9.0,0.492414
2507.0,10.0,0.687819
2507.0,11.0,0.774637
2507.0,12.0,0.69248
2507.0,13.0,0.479362
2507.0,14.0,0.758474
2507.0,15.0,0.047659
2507.0,16.0,0.660254
2507.0,17.0,0.642297
2507.0,18.0,0.527075
2507.0,19.0,0.967566
2507.0,20.0,0.624188
2507.0,21.0,0.112014
2507.0,22.0,0.495624
2507.0,23.0,0.139022
2507.0,24.0,0.48149
2507.0,25.0,0.310717
2507.0,26.0,0.989795
2507.0,27.0,0.15058
2507.0,28.0,0.545478
2507.0,29.0,0.580767
2507.0,30.0,0.780261
2507.0,31.0,0.388125
2507.0,32.0,0.501226
2507.0,33.0,0.541575
2507.0,34.0,0.415845
2507.0,35.0,0.624474
2507.0,36.0,0.27684
2507.0,37.0,0.480739
2507.0,38.0,0.01121
2507.0,39.0,0.471076
2507.0,40.0,0.658279
2507.0,41.0,0.5501
2507.0,42.0,0.999941
2507.0,43.0,0.730894
2507.0,44.0,0.568608
2507.0,45.0,0.408994
2507.0,46.0,0.326581
2507.0,47.0,0.088843
2507.0,48.0,0.859597
2507.0,49.0,0.519663
2507.0,50.0,0.269793
2507.0,51.0,0.587672
2507.0,52.0,0.479228
2507.0,53.0,0.144314
2507.0,54.0,0.373246
2507.0,55.0,1.0
2507.0,56.0,0.411992
2507.0,57.0,0.022369
2507.0,58.0,1.0
2507.0,59.0,0.605298
2507.0,60.0,0.647732
2507.0,61.0,0.456154
2507.0,62.0,0.479434
2507.0,63.0,0.633527
2507.0,64.0,0.349269
2507.0,65.0,0.125014
2507.0,66.0,0.820098
2507.0,67.0,0.434302
2507.0,68.0,0.459716
2507.0,69.0,0.367529
2507.0,70.0,0.119178
2507.0,71.0,0.44601
2507.0,72.0,0.56174
2507.0,73.0,0.784318
2507.0,74.0,0.978963
2507.0,75.0,0.009738
2507.0,76.0,0.403171
2507.0,77.0,0.548574
2507.0,78.0,0.274901
2507.0,79.0,0.300877
2507.0,80.0,0.338966
2507.0,81.0,0.376857
2507.0,82.0,0.307219
2507.0,83.0,0.0
2507.0,84.0,0.533467
2507.0,85.0,0.489412
2507.0,86.0,0.405966
2507.0,87.0,0.700103
2507.0,88.0,0.481117
2507.0,89.0,0.422622
2507.0,90.0,0.431735
2507.0,91.0,0.223851
2507.0,92.0,0.488974
2507.0,93.0,0.533485
2507.0,94.0,0.418317
2507.0,95.0,0.130394
2507.0,96.0,0.4828
2507.0,97.0,0.483251
2507.0,98.0,0.502849
2507.0,99.0,0.000891
2507.0,100.0,0.758605
2507.0,101.0,0.373442
2507.0,102.0,0.0
2507.0,103.0,0.465461
2507.0,104.0,0.2823
2507.0,105.0,0.771296
2507.0,106.0,0.201397
2507.0,107.0,0.295665
2507.0,108.0,0.807256
2507.0,109.0,0.198466
2507.0,110.0,0.39676
2507.0,111.0,0.489009
2507.0,112.0,0.844451
2507.0,113.0,0.516137
2507.0,114.0,0.305651
2507.0,115.0,0.845561
2507.0,116.0,0.175683
2507.0,117.0,0.332694
2507.0,118.0,0.902644
2507.0,119.0,0.195581
2507.0,120.0,0.654736
2507.0,121.0,1.0
2507.0,122.0,0.010873
2507.0,123.0,1.0
2507.0,124.0,0.948821
2507.0,125.0,0.419497
2507.0,126.0,0.095426
2507.0,127.0,0.501484
2507.0,128.0,0.624596
2507.0,129.0,0.502917
2507.0,130.0,0.690397
2507.0,131.0,0.656093
2507.0,132.0,0.91984
2507.0,133.0,0.216813
2507.0,134.0,0.502553
2507.0,135.0,0.0
2507.0,136.0,1.0
2507.0,137.0,0.060624
2507.0,138.0,0.0
2507.0,139.0,0.528134
2507.0,140.0,0.99458
2507.0,141.0,0.342556
2507.0,142.0,0.535239
2507.0,143.0,0.144934
2507.0,144.0,0.79327
2507.0,145.0,1.0
2507.0,146.0,0.955744
2507.0,147.0,0.689242
2507.0,148.0,0.310728
2507.0,149.0,0.441496
2507.0,150.0,0.382569
2507.0,151.0,0.853212
2507.0,152.0,0.142858
2507.0,153.0,0.0
2507.0,154.0,0.000256
2507.0,155.0,0.605471
2507.0,156.0,0.466075
2507.0,157.0,0.759029
2507.0,158.0,0.005497
2507.0,159.0,0.005714
2507.0,160.0,0.440244
2507.0,161.0,0.99557
2507.0,162.0,0.24779
2507.0,163.0,0.636264
2507.0,164.0,0.604316
2507.0,165.0,0.043141
2507.0,166.0,0.00203
2507.0,167.0,0.368335
2507.0,168.0,0.699993
2507.0,169.0,0.024666
2507.0,170.0,0.218562
2507.0,171.0,0.425903
2507.0,172.0,1.0
2507.0,173.0,0.998848
2507.0,174.0,0.004534
2507.0,175.0,0.434416
2507.0,176.0,0.999355
2507.0,177.0,0.068329
2507.0,178.0,0.048183
2507.0,179.0,0.468759
2507.0,180.0,0.946772
2507.0,181.0,0.782908
2507.0,182.0,0.4366
2507.0,183.0,0.459615
2507.0,184.0,0.001803
2507.0,185.0,0.004794
2507.0,186.0,0.197804
2507.0,187.0,0.549071
2507.0,188.0,0.123425
2507.0,189.0,0.644196
2507.0,190.0,0.339308
2507.0,191.0,0.433751
2507.0,192.0,0.315435
2507.0,193.0,0.866073
2507.0,194.0,0.268904
2507.0,195.0,0.562684
2507.0,196.0,0.625812
2507.0,197.0,0.267056
2507.0,198.0,0.032932
2507.0,199.0,0.049507
2507.0,200.0,0.954351
2507.0,201.0,0.394547
2507.0,202.0,0.642114
2507.0,203.0,0.989847
2507.0,204.0,0.822714
2507.0,205.0,0.611601
2507.0,206.0,0.399968
2507.0,207.0,0.383461
2507.0,208.0,0.0
2507.0,209.0,0.133911
2507.0,210.0,0.888507
2507.0,211.0,1.0
2507.0,212.0,0.416877
2507.0,213.0,0.0
2507.0,214.0,0.648312
2507.0,215.0,0.109998
2507.0,216.0,0.434467
2507.0,217.0,0.995732
2507.0,218.0,0.610778
2507.0,219.0,0.821039
2507.0,220.0,0.388014
2507.0,221.0,0.323752
2507.0,222.0,0.629389
2507.0,223.0,0.330962
2507.0,224.0,0.363313
2507.0,225.0,1.0
2507.0,226.0,0.337539
2507.0,227.0,0.199258
2507.0,228.0,0.492541
2507.0,229.0,0.590161
2507.0,230.0,0.522725
2507.0,231.0,0.613788
2507.0,232.0,0.49665
2507.0,233.0,0.586493
2507.0,234.0,0.0
2507.0,235.0,0.450098
2507.0,236.0,0.156228
2507.0,237.0,0.623601
2507.0,238.0,0.410702
2507.0,239.0,0.208387
2507.0,240.0,0.386745
2507.0,241.0,0.722977
2507.0,242.0,0.000348
2507.0,243.0,0.534222
2507.0,244.0,0.971389
2507.0,245.0,0.793394
2507.0,246.0,0.635986
2507.0,247.0,0.745064
2507.0,248.0,0.566503
2507.0,249.0,0.680769
2507.0,250.0,0.632899
2507.0,251.0,0.459397
2507.0,252.0,0.0
2507.0,253.0,0.685295
2507.0,254.0,1.0
2507.0,255.0,0.148208
2507.0,256.0,0.311336
2507.0,257.0,0.021959
2507.0,258.0,0.130416
2507.0,259.0,0.766373
2507.0,260.0,0.794226
2507.0,261.0,0.538653
2507.0,262.0,0.490295
2507.0,263.0,0.057011
2507.0,264.0,0.72195
2507.0,265.0,0.20371
2507.0,266.0,0.0
2507.0,267.0,0.0
2507.0,268.0,0.004489
2507.0,269.0,0.036288
2507.0,270.0,0.534946
2507.0,271.0,0.615144
2507.0,272.0,0.677948
2507.0,273.0,0.672241
2507.0,274.0,0.525731
2507.0,275.0,0.735112
2507.0,276.0,0.659489
2507.0,277.0,0.395231
2507.0,278.0,0.451311
2507.0,279.0,0.630721
2507.0,280.0,0.79347
2507.0,281.0,0.948858
2507.0,282.0,0.254964
2507.0,283.0,0.687676
2507.0,284.0,0.821347
2507.0,285.0,0.672911
2507.0,286.0,0.053531
2507.0,287.0,0.601069
2507.0,288.0,0.089875
2507.0,289.0,0.706344
2507.0,290.0,0.658198
2507.0,291.0,0.672363
2507.0,292.0,0.499787
2507.0,293.0,0.660295
2507.0,294.0,0.30247
2507.0,295.0,0.425779
2507.0,296.0,0.000124
2507.0,297.0,0.644977
2507.0,298.0,0.8691
2507.0,299.0,0.705314
2507.0,300.0,0.2296
2507.0,301.0,0.000261
2507.0,302.0,1.0
2507.0,303.0,0.502935
2507.0,304.0,0.552057
2507.0,305.0,0.339649
2507.0,306.0,0.622907
2507.0,307.0,0.494728
2507.0,308.0,0.01181
2507.0,309.0,0.999228
2507.0,310.0,0.511876
2507.0,311.0,0.696581
2507.0,312.0,1.0
2507.0,313.0,0.130502
2507.0,314.0,0.461717
2507.0,315.0,0.444479
2507.0,316.0,0.577708
2507.0,317.0,0.746954
2507.0,318.0,0.99835
2507.0,319.0,0.952199
2507.0,320.0,0.999382
2507.0,321.0,0.630934
2507.0,322.0,0.377142
2507.0,323.0,1.0
2507.0,324.0,0.914034
2507.0,325.0,0.0
2507.0,326.0,0.625774
2507.0,327.0,0.667867
2507.0,328.0,0.9996
2507.0,329.0,0.000205
2507.0,330.0,0.475416
2507.0,331.0,0.326787
2507.0,332.0,0.684545
2507.0,333.0,0.997744
2507.0,334.0,0.304108
2508.0,0.0,0.045697
2508.0,1.0,0.323787
2508.0,2.0,0.679764
2508.0,3.0,0.001613
2508.0,4.0,0.45017
2508.0,5.0,0.34893
2508.0,6.0,0.0
2508.0,7.0,0.993
2508.0,8.0,1.0
2508.0,9.0,0.489824
2508.0,10.0,0.68572
2508.0,11.0,0.772241
2508.0,12.0,0.691719
2508.0,13.0,0.475477
2508.0,14.0,0.755207
2508.0,15.0,0.046785
2508.0,16.0,0.645516
2508.0,17.0,0.638421
2508.0,18.0,0.511562
2508.0,19.0,0.966743
2508.0,20.0,0.624603
2508.0,21.0,0.109279
2508.0,22.0,0.494107
2508.0,23.0,0.13779
2508.0,24.0,0.476579
2508.0,25.0,0.296977
2508.0,26.0,0.989672
2508.0,27.0,0.150235
2508.0,28.0,0.542688
2508.0,29.0,0.579481
2508.0,30.0,0.778046
2508.0,31.0,0.383676
2508.0,32.0,0.499933
2508.0,33.0,0.537379
2508.0,34.0,0.416195
2508.0,35.0,0.623261
2508.0,36.0,0.275388
2508.0,37.0,0.47737
2508.0,38.0,0.011279
2508.0,39.0,0.468615
2508.0,40.0,0.656438
2508.0,41.0,0.544365
2508.0,42.0,0.99993
2508.0,43.0,0.721258
2508.0,44.0,0.56611
2508.0,45.0,0.408206
2508.0,46.0,0.322104
2508.0,47.0,0.089015
2508.0,48.0,0.859212
2508.0,49.0,0.517635
2508.0,50.0,0.269072
2508.0,51.0,0.58871
2508.0,52.0,0.479512
2508.0,53.0,0.14429
2508.0,54.0,0.371932
2508.0,55.0,1.0
2508.0,56.0,0.405328
2508.0,57.0,0.021904
2508.0,58.0,1.0
2508.0,59.0,0.599511
2508.0,60.0,0.644038
2508.0,61.0,0.452327
2508.0,62.0,0.477794
2508.0,63.0,0.63243
2508.0,64.0,0.343136
2508.0,65.0,0.124422
2508.0,66.0,0.819464
2508.0,67.0,0.430281
2508.0,68.0,0.448973
2508.0,69.0,0.364406
2508.0,70.0,0.117793
2508.0,71.0,0.442227
2508.0,72.0,0.557566
2508.0,73.0,0.782976
2508.0,74.0,0.978453
2508.0,75.0,0.009533
2508.0,76.0,0.402513
2508.0,77.0,0.542473
2508.0,78.0,0.272723
2508.0,79.0,0.299375
2508.0,80.0,0.335495
2508.0,81.0,0.37039
2508.0,82.0,0.302984
2508.0,83.0,0.0
2508.0,84.0,0.5296
2508.0,85.0,0.487583
2508.0,86.0,0.401612
2508.0,87.0,0.698168
2508.0,88.0,0.473267
2508.0,89.0,0.422566
2508.0,90.0,0.430639
2508.0,91.0,0.204012
2508.0,92.0,0.485625
2508.0,93.0,0.532651
2508.0,94.0,0.413017
2508.0,95.0,0.129484
2508.0,96.0,0.478615
2508.0,97.0,0.478648
2508.0,98.0,0.498601
2508.0,99.0,0.00084
2508.0,100.0,0.756007
2508.0,101.0,0.360188
2508.0,102.0,0.0
2508.0,103.0,0.462061
2508.0,104.0,0.277448
2508.0,105.0,0.771056
2508.0,106.0,0.192812
2508.0,107.0,0.290423
2508.0,108.0,0.80655
2508.0,109.0,0.194776
2508.0,110.0,0.393971
2508.0,111.0,0.488363
2508.0,112.0,0.841977
2508.0,113.0,0.515958
2508.0,114.0,0.304725
2508.0,115.0,0.845164
2508.0,116.0,0.175074
2508.0,117.0,0.325475
2508.0,118.0,0.902625
2508.0,119.0,0.195271
2508.0,120.0,0.653385
2508.0,121.0,1.0
2508.0,122.0,0.010849
2508.0,123.0,1.0
2508.0,124.0,0.948449
2508.0,125.0,0.416257
2508.0,126.0,0.095583
2508.0,127.0,0.493647
2508.0,128.0,0.622261
2508.0,129.0,0.50167
2508.0,130.0,0.689473
2508.0,131.0,0.653725
2508.0,132.0,0.919628
2508.0,133.0,0.208755
2508.0,134.0,0.500667
2508.0,135.0,0.0
2508.0,136.0,1.0
2508.0,137.0,0.060313
2508.0,138.0,0.0
2508.0,139.0,0.514454
2508.0,140.0,0.994272
2508.0,141.0,0.336033
2508.0,142.0,0.533573
2508.0,143.0,0.143012
2508.0,144.0,0.792559
2508.0,145.0,1.0
2508.0,146.0,0.955631
2508.0,147.0,0.679675
2508.0,148.0,0.30903
2508.0,149.0,0.436067
2508.0,150.0,0.38125
2508.0,151.0,0.852504
2508.0,152.0,0.140337
2508.0,153.0,0.0
2508.0,154.0,0.000256
2508.0,155.0,0.601591
2508.0,156.0,0.458138
2508.0,157.0,0.757785
2508.0,158.0,0.005388
2508.0,159.0,0.005646
2508.0,160.0,0.433315
2508.0,161.0,0.99548
2508.0,162.0,0.246379
2508.0,163.0,0.616412
2508.0,164.0,0.599359
2508.0,165.0,0.042794
2508.0,166.0,0.001993
2508.0,167.0,0.364247
2508.0,168.0,0.697684
2508.0,169.0,0.024457
2508.0,170.0,0.216507
2508.0,171.0,0.425378
2508.0,172.0,1.0
2508.0,173.0,0.998709
2508.0,174.0,0.004591
2508.0,175.0,0.434392
2508.0,176.0,0.999324
2508.0,177.0,0.067999
2508.0,178.0,0.047758
2508.0,179.0,0.45678
2508.0,180.0,0.945891
2508.0,181.0,0.782353
2508.0,182.0,0.435913
2508.0,183.0,0.457509
2508.0,184.0,0.001825
2508.0,185.0,0.004854
2508.0,186.0,0.195381
2508.0,187.0,0.54746
2508.0,188.0,0.121964
2508.0,189.0,0.620153
2508.0,190.0,0.337104
2508.0,191.0,0.429745
2508.0,192.0,0.313286
2508.0,193.0,0.864425
2508.0,194.0,0.262892
2508.0,195.0,0.548885
2508.0,196.0,0.623416
2508.0,197.0,0.266975
2508.0,198.0,0.032715
2508.0,199.0,0.049271
2508.0,200.0,0.953701
2508.0,201.0,0.39406
2508.0,202.0,0.639869
2508.0,203.0,0.989671
2508.0,204.0,0.818219
2508.0,205.0,0.601573
2508.0,206.0,0.398485
2508.0,207.0,0.379753
2508.0,208.0,0.0
2508.0,209.0,0.132129
2508.0,210.0,0.888502
2508.0,211.0,1.0
2508.0,212.0,0.406526
2508.0,213.0,0.0
2508.0,214.0,0.643304
2508.0,215.0,0.109606
2508.0,216.0,0.430233
2508.0,217.0,0.995683
2508.0,218.0,0.59068
2508.0,219.0,0.820029
2508.0,220.0,0.387728
2508.0,221.0,0.321824
2508.0,222.0,0.627198
2508.0,223.0,0.329144
2508.0,224.0,0.361919
2508.0,225.0,1.0
2508.0,226.0,0.334269
2508.0,227.0,0.196239
2508.0,228.0,0.491697
2508.0,229.0,0.588511
2508.0,230.0,0.521135
2508.0,231.0,0.610414
2508.0,232.0,0.488108
2508.0,233.0,0.584439
2508.0,234.0,0.0
2508.0,235.0,0.447266
2508.0,236.0,0.155919
2508.0,237.0,0.623152
2508.0,238.0,0.356058
2508.0,239.0,0.206098
2508.0,240.0,0.382961
2508.0,241.0,0.721155
2508.0,242.0,0.000338
2508.0,243.0,0.532297
2508.0,244.0,0.970984
2508.0,245.0,0.790207
2508.0,246.0,0.632217
2508.0,247.0,0.744902
2508.0,248.0,0.56454
2508.0,249.0,0.680096
2508.0,250.0,0.631591
2508.0,251.0,0.456677
2508.0,252.0,0.0
2508.0,253.0,0.683904
2508.0,254.0,1.0
2508.0,255.0,0.147266
2508.0,256.0,0.309869
2508.0,257.0,0.021109
2508.0,258.0,0.128499
2508.0,259.0,0.764015
2508.0,260.0,0.79293
2508.0,261.0,0.536367
2508.0,262.0,0.479001
2508.0,263.0,0.056976
2508.0,264.0,0.720641
2508.0,265.0,0.201147
2508.0,266.0,0.0
2508.0,267.0,0.0
2508.0,268.0,0.004395
2508.0,269.0,0.036041
2508.0,270.0,0.531955
2508.0,271.0,0.610007
2508.0,272.0,0.67751
2508.0,273.0,0.672019
2508.0,274.0,0.523327
2508.0,275.0,0.734063
2508.0,276.0,0.646613
2508.0,277.0,0.377043
2508.0,278.0,0.447217
2508.0,279.0,0.629518
2508.0,280.0,0.78571
2508.0,281.0,0.947936
2508.0,282.0,0.25371
2508.0,283.0,0.686949
2508.0,284.0,0.819748
2508.0,285.0,0.658914
2508.0,286.0,0.053313
2508.0,287.0,0.597867
2508.0,288.0,0.088594
2508.0,289.0,0.704608
2508.0,290.0,0.619694
2508.0,291.0,0.67205
2508.0,292.0,0.498611
2508.0,293.0,0.659757
2508.0,294.0,0.301298
2508.0,295.0,0.405896
2508.0,296.0,0.000136
2508.0,297.0,0.639309
2508.0,298.0,0.86811
2508.0,299.0,0.698716
2508.0,300.0,0.213064
2508.0,301.0,0.000232
2508.0,302.0,1.0
2508.0,303.0,0.499061
2508.0,304.0,0.542991
2508.0,305.0,0.337505
2508.0,306.0,0.623327
2508.0,307.0,0.493499
2508.0,308.0,0.011655
2508.0,309.0,0.99923
2508.0,310.0,0.507763
2508.0,311.0,0.695255
2508.0,312.0,1.0
2508.0,313.0,0.127146
2508.0,314.0,0.460681
2508.0,315.0,0.439228
2508.0,316.0,0.576165
2508.0,317.0,0.737552
2508.0,318.0,0.998156
2508.0,319.0,0.951875
2508.0,320.0,0.999373
2508.0,321.0,0.627749
2508.0,322.0,0.372588
2508.0,323.0,1.0
2508.0,324.0,0.913426
2508.0,325.0,0.0
2508.0,326.0,0.623733
2508.0,327.0,0.663776
2508.0,328.0,0.999607
2508.0,329.0,0.000174
2508.0,330.0,0.472908
2508.0,331.0,0.324563
2508.0,332.0,0.677857
2508.0,333.0,0.997657
2508.0,334.0,0.29937
2509.0,0.0,0.044759
2509.0,1.0,0.31479
2509.0,2.0,0.678124
2509.0,3.0,0.001554
2509.0,4.0,0.448862
2509.0,5.0,0.345591
2509.0,6.0,0.0
2509.0,7.0,0.993014
2509.0,8.0,1.0
2509.0,9.0,0.486621
2509.0,10.0,0.683804
2509.0,11.0,0.769337
2509.0,12.0,0.691578
2509.0,13.0,0.470667
2509.0,14.0,0.753346
2509.0,15.0,0.046116
2509.0,16.0,0.631247
2509.0,17.0,0.634236
2509.0,18.0,0.495991
2509.0,19.0,0.965714
2509.0,20.0,0.623724
2509.0,21.0,0.107744
2509.0,22.0,0.492034
2509.0,23.0,0.136997
2509.0,24.0,0.471671
2509.0,25.0,0.283767
2509.0,26.0,0.989494
2509.0,27.0,0.149481
2509.0,28.0,0.539954
2509.0,29.0,0.578698
2509.0,30.0,0.776739
2509.0,31.0,0.379294
2509.0,32.0,0.498701
2509.0,33.0,0.533916
2509.0,34.0,0.416066
2509.0,35.0,0.622444
2509.0,36.0,0.272778
2509.0,37.0,0.474915
2509.0,38.0,0.011164
2509.0,39.0,0.466851
2509.0,40.0,0.655484
2509.0,41.0,0.539024
2509.0,42.0,0.999922
2509.0,43.0,0.712446
2509.0,44.0,0.563974
2509.0,45.0,0.406929
2509.0,46.0,0.317076
2509.0,47.0,0.088312
2509.0,48.0,0.85915
2509.0,49.0,0.516191
2509.0,50.0,0.267734
2509.0,51.0,0.58902
2509.0,52.0,0.478951
2509.0,53.0,0.143951
2509.0,54.0,0.370592
2509.0,55.0,1.0
2509.0,56.0,0.398545
2509.0,57.0,0.021488
2509.0,58.0,1.0
2509.0,59.0,0.594929
2509.0,60.0,0.6398
2509.0,61.0,0.448408
2509.0,62.0,0.47509
2509.0,63.0,0.631752
2509.0,64.0,0.336876
2509.0,65.0,0.123613
2509.0,66.0,0.818461
2509.0,67.0,0.426617
2509.0,68.0,0.437021
2509.0,69.0,0.361665
2509.0,70.0,0.116331
2509.0,71.0,0.438204
2509.0,72.0,0.55385
2509.0,73.0,0.782456
2509.0,74.0,0.977989
2509.0,75.0,0.009379
2509.0,76.0,0.401195
2509.0,77.0,0.537065
2509.0,78.0,0.270755
2509.0,79.0,0.297721
2509.0,80.0,0.33256
2509.0,81.0,0.364137
2509.0,82.0,0.299866
2509.0,83.0,0.0
2509.0,84.0,0.525096
2509.0,85.0,0.485701
2509.0,86.0,0.398159
2509.0,87.0,0.69644
2509.0,88.0,0.46614
2509.0,89.0,0.422695
2509.0,90.0,0.429198
2509.0,91.0,0.185823
2509.0,92.0,0.48246
2509.0,93.0,0.531107
2509.0,94.0,0.407839
2509.0,95.0,0.12827
2509.0,96.0,0.474293
2509.0,97.0,0.473988
2509.0,98.0,0.494806
2509.0,99.0,0.000797
2509.0,100.0,0.753785
2509.0,101.0,0.347535
2509.0,102.0,0.0
2509.0,103.0,0.458373
2509.0,104.0,0.273604
2509.0,105.0,0.769661
2509.0,106.0,0.185403
2509.0,107.0,0.286296
2509.0,108.0,0.805319
2509.0,109.0,0.191208
2509.0,110.0,0.390939
2509.0,111.0,0.487733
2509.0,112.0,0.838565
2509.0,113.0,0.515018
2509.0,114.0,0.304047
2509.0,115.0,0.844282
2509.0,116.0,0.174381
2509.0,117.0,0.317681
2509.0,118.0,0.902237
2509.0,119.0,0.194535
2509.0,120.0,0.65126
2509.0,121.0,1.0
2509.0,122.0,0.010668
2509.0,123.0,1.0
2509.0,124.0,0.948248
2509.0,125.0,0.413479
2509.0,126.0,0.095226
2509.0,127.0,0.485514
2509.0,128.0,0.620229
2509.0,129.0,0.500977
2509.0,130.0,0.688862
2509.0,131.0,0.65036
2509.0,132.0,0.919446
2509.0,133.0,0.201084
2509.0,134.0,0.499399
2509.0,135.0,0.0
2509.0,136.0,1.0
2509.0,137.0,0.0601
2509.0,138.0,0.0
2509.0,139.0,0.501793
2509.0,140.0,0.994156
2509.0,141.0,0.329748
2509.0,142.0,0.533032
2509.0,143.0,0.140321
2509.0,144.0,0.792449
2509.0,145.0,1.0
2509.0,146.0,0.955587
2509.0,147.0,0.669718
2509.0,148.0,0.307518
2509.0,149.0,0.431187
2509.0,150.0,0.378072
2509.0,151.0,0.851765
2509.0,152.0,0.138646
2509.0,153.0,0.0
2509.0,154.0,0.000237
2509.0,155.0,0.597395
2509.0,156.0,0.450852
2509.0,157.0,0.755905
2509.0,158.0,0.005422
2509.0,159.0,0.005557
2509.0,160.0,0.426473
2509.0,161.0,0.995375
2509.0,162.0,0.246053
2509.0,163.0,0.595563
2509.0,164.0,0.594008
2509.0,165.0,0.042725
2509.0,166.0,0.001952
2509.0,167.0,0.36059
2509.0,168.0,0.695409
2509.0,169.0,0.024248
2509.0,170.0,0.215338
2509.0,171.0,0.42425
2509.0,172.0,1.0
2509.0,173.0,0.998676
2509.0,174.0,0.004549
2509.0,175.0,0.434418
2509.0,176.0,0.999328
2509.0,177.0,0.068294
2509.0,178.0,0.047113
2509.0,179.0,0.445606
2509.0,180.0,0.945176
2509.0,181.0,0.782708
2509.0,182.0,0.435808
2509.0,183.0,0.456477
2509.0,184.0,0.001887
2509.0,185.0,0.004866
2509.0,186.0,0.192631
2509.0,187.0,0.545073
2509.0,188.0,0.121322
2509.0,189.0,0.596252
2509.0,190.0,0.334493
2509.0,191.0,0.426945
2509.0,192.0,0.311652
2509.0,193.0,0.862402
2509.0,194.0,0.25744
2509.0,195.0,0.53592
2509.0,196.0,0.621861
2509.0,197.0,0.265605
2509.0,198.0,0.032463
2509.0,199.0,0.048465
2509.0,200.0,0.953437
2509.0,201.0,0.394078
2509.0,202.0,0.637248
2509.0,203.0,0.989418
2509.0,204.0,0.813571
2509.0,205.0,0.590909
2509.0,206.0,0.397071
2509.0,207.0,0.376328
2509.0,208.0,0.0
2509.0,209.0,0.130295
2509.0,210.0,0.888832
2509.0,211.0,1.0
2509.0,212.0,0.395918
2509.0,213.0,0.0
2509.0,214.0,0.638071
2509.0,215.0,0.109199
2509.0,216.0,0.425732
2509.0,217.0,0.995554
2509.0,218.0,0.569645
2509.0,219.0,0.818178
2509.0,220.0,0.386697
2509.0,221.0,0.320677
2509.0,222.0,0.623947
2509.0,223.0,0.326989
2509.0,224.0,0.36068
2509.0,225.0,1.0
2509.0,226.0,0.331639
2509.0,227.0,0.193652
2509.0,228.0,0.491124
2509.0,229.0,0.586752
2509.0,230.0,0.518865
2509.0,231.0,0.607558
2509.0,232.0,0.479707
2509.0,233.0,0.582274
2509.0,234.0,0.0
2509.0,235.0,0.444841
2509.0,236.0,0.155076
2509.0,237.0,0.622286
2509.0,238.0,0.308533
2509.0,239.0,0.202809
2509.0,240.0,0.38063
2509.0,241.0,0.719169
2509.0,242.0,0.000355
2509.0,243.0,0.531905
2509.0,244.0,0.97065
2509.0,245.0,0.786564
2509.0,246.0,0.628003
2509.0,247.0,0.744389
2509.0,248.0,0.563903
2509.0,249.0,0.678922
2509.0,250.0,0.629578
2509.0,251.0,0.454803
2509.0,252.0,0.0
2509.0,253.0,0.681093
2509.0,254.0,1.0
2509.0,255.0,0.145615
2509.0,256.0,0.309174
2509.0,257.0,0.020256
2509.0,258.0,0.126566
2509.0,259.0,0.761991
2509.0,260.0,0.791367
2509.0,261.0,0.534295
2509.0,262.0,0.468106
2509.0,263.0,0.056399
2509.0,264.0,0.718622
2509.0,265.0,0.198515
2509.0,266.0,0.0
2509.0,267.0,0.0
2509.0,268.0,0.004338
2509.0,269.0,0.035871
2509.0,270.0,0.529117
2509.0,271.0,0.605012
2509.0,272.0,0.676821
2509.0,273.0,0.671537
2509.0,274.0,0.520967
2509.0,275.0,0.732487
2509.0,276.0,0.633899
2509.0,277.0,0.360076
2509.0,278.0,0.442518
2509.0,279.0,0.62825
2509.0,280.0,0.777336
2509.0,281.0,0.947361
2509.0,282.0,0.25292
2509.0,283.0,0.686361
2509.0,284.0,0.817931
2509.0,285.0,0.644266
2509.0,286.0,0.053057
2509.0,287.0,0.594047
2509.0,288.0,0.086905
2509.0,289.0,0.702107
2509.0,290.0,0.582154
2509.0,291.0,0.671407
2509.0,292.0,0.497293
2509.0,293.0,0.658952
2509.0,294.0,0.301015
2509.0,295.0,0.386424
2509.0,296.0,0.000143
2509.0,297.0,0.63342
2509.0,298.0,0.866918
2509.0,299.0,0.69182
2509.0,300.0,0.197974
2509.0,301.0,0.000215
2509.0,302.0,1.0
2509.0,303.0,0.496097
2509.0,304.0,0.533866
2509.0,305.0,0.335587
2509.0,306.0,0.623251
2509.0,307.0,0.49131
2509.0,308.0,0.011502
2509.0,309.0,0.999136
2509.0,310.0,0.504376
2509.0,311.0,0.694304
2509.0,312.0,1.0
2509.0,313.0,0.123617
2509.0,314.0,0.458679
2509.0,315.0,0.43308
2509.0,316.0,0.57444
2509.0,317.0,0.726963
2509.0,318.0,0.998014
2509.0,319.0,0.951544
2509.0,320.0,0.999352
2509.0,321.0,0.625061
2509.0,322.0,0.367433
2509.0,323.0,1.0
2509.0,324.0,0.91286
2509.0,325.0,0.0
2509.0,326.0,0.621429
2509.0,327.0,0.659829
2509.0,328.0,0.999635
2509.0,329.0,0.000129
2509.0,330.0,0.470907
2509.0,331.0,0.322289
2509.0,332.0,0.671212
2509.0,333.0,0.997595
2509.0,334.0,0.29412
2510.0,0.0,0.043851
2510.0,1.0,0.306288
2510.0,2.0,0.675897
2510.0,3.0,0.001545
2510.0,4.0,0.44743
2510.0,5.0,0.343415
2510.0,6.0,0.0
2510.0,7.0,0.993041
2510.0,8.0,1.0
2510.0,9.0,0.484191
2510.0,10.0,0.681904
2510.0,11.0,0.767022
2510.0,12.0,0.691471
2510.0,13.0,0.467053
2510.0,14.0,0.750954
2510.0,15.0,0.045538
2510.0,16.0,0.616005
2510.0,17.0,0.630427
2510.0,18.0,0.480471
2510.0,19.0,0.965036
2510.0,20.0,0.623746
2510.0,21.0,0.105473
2510.0,22.0,0.49003
2510.0,23.0,0.135723
2510.0,24.0,0.466679
2510.0,25.0,0.270912
2510.0,26.0,0.989285
2510.0,27.0,0.149054
2510.0,28.0,0.537428
2510.0,29.0,0.576953
2510.0,30.0,0.77488
2510.0,31.0,0.375251
2510.0,32.0,0.497465
2510.0,33.0,0.529948
2510.0,34.0,0.41578
2510.0,35.0,0.621421
2510.0,36.0,0.271544
2510.0,37.0,0.47207
2510.0,38.0,0.010987
2510.0,39.0,0.466651
2510.0,40.0,0.654233
2510.0,41.0,0.532664
2510.0,42.0,0.999928
2510.0,43.0,0.702981
2510.0,44.0,0.561588
2510.0,45.0,0.406548
2510.0,46.0,0.312203
2510.0,47.0,0.08826
2510.0,48.0,0.858505
2510.0,49.0,0.51428
2510.0,50.0,0.266676
2510.0,51.0,0.589
2510.0,52.0,0.477152
2510.0,53.0,0.143256
2510.0,54.0,0.370077
2510.0,55.0,1.0
2510.0,56.0,0.392287
2510.0,57.0,0.020933
2510.0,58.0,1.0
2510.0,59.0,0.589109
2510.0,60.0,0.63646
2510.0,61.0,0.444159
2510.0,62.0,0.472445
2510.0,63.0,0.630053
2510.0,64.0,0.331185
2510.0,65.0,0.122925
2510.0,66.0,0.818248
2510.0,67.0,0.422743
2510.0,68.0,0.425926
2510.0,69.0,0.358003
2510.0,70.0,0.11549
2510.0,71.0,0.434461
2510.0,72.0,0.549872
2510.0,73.0,0.781426
2510.0,74.0,0.97774
2510.0,75.0,0.009279
2510.0,76.0,0.400302
2510.0,77.0,0.531565
2510.0,78.0,0.268399
2510.0,79.0,0.296265
2510.0,80.0,0.329351
2510.0,81.0,0.35749
2510.0,82.0,0.296104
2510.0,83.0,0.0
2510.0,84.0,0.521275
2510.0,85.0,0.482617
2510.0,86.0,0.393838
2510.0,87.0,0.693957
2510.0,88.0,0.458758
2510.0,89.0,0.421452
2510.0,90.0,0.426657
2510.0,91.0,0.169222
2510.0,92.0,0.479058
2510.0,93.0,0.530702
2510.0,94.0,0.40222
2510.0,95.0,0.127528
2510.0,96.0,0.471077
2510.0,97.0,0.470003
2510.0,98.0,0.491775
2510.0,99.0,0.000771
2510.0,100.0,0.751388
2510.0,101.0,0.334661
2510.0,102.0,0.0
2510.0,103.0,0.455056
2510.0,104.0,0.26979
2510.0,105.0,0.768768
2510.0,106.0,0.178019
2510.0,107.0,0.281637
2510.0,108.0,0.804346
2510.0,109.0,0.18798
2510.0,110.0,0.38914
2510.0,111.0,0.486468
2510.0,112.0,0.836108
2510.0,113.0,0.514237
2510.0,114.0,0.303436
2510.0,115.0,0.84342
2510.0,116.0,0.173046
2510.0,117.0,0.310907
2510.0,118.0,0.901649
2510.0,119.0,0.194111
2510.0,120.0,0.649535
2510.0,121.0,1.0
2510.0,122.0,0.010505
2510.0,123.0,1.0
2510.0,124.0,0.94786
2510.0,125.0,0.41047
2510.0,126.0,0.09507
2510.0,127.0,0.476995
2510.0,128.0,0.618227
2510.0,129.0,0.50082
2510.0,130.0,0.687986
2510.0,131.0,0.647591
2510.0,132.0,0.919211
2510.0,133.0,0.193609
2510.0,134.0,0.497685
2510.0,135.0,0.0
2510.0,136.0,1.0
2510.0,137.0,0.060401
2510.0,138.0,0.0
2510.0,139.0,0.490094
2510.0,140.0,0.993954
2510.0,141.0,0.324428
2510.0,142.0,0.532301
2510.0,143.0,0.138284
2510.0,144.0,0.792064
2510.0,145.0,1.0
2510.0,146.0,0.955451
2510.0,147.0,0.659966
2510.0,148.0,0.306422
2510.0,149.0,0.426097
2510.0,150.0,0.376492
2510.0,151.0,0.851365
2510.0,152.0,0.137346
2510.0,153.0,0.0
2510.0,154.0,0.0002
2510.0,155.0,0.594158
2510.0,156.0,0.443295
2510.0,157.0,0.754474
2510.0,158.0,0.005262
2510.0,159.0,0.00546
2510.0,160.0,0.420817
2510.0,161.0,0.99524
2510.0,162.0,0.244494
2510.0,163.0,0.574914
2510.0,164.0,0.588725
2510.0,165.0,0.042619
2510.0,166.0,0.001922
2510.0,167.0,0.356817
2510.0,168.0,0.693354
2510.0,169.0,0.023997
2510.0,170.0,0.213301
2510.0,171.0,0.422893
2510.0,172.0,1.0
2510.0,173.0,0.99852
2510.0,174.0,0.004482
2510.0,175.0,0.432899
2510.0,176.0,0.999305
2510.0,177.0,0.068307
2510.0,178.0,0.046267
2510.0,179.0,0.435492
2510.0,180.0,0.943944
2510.0,181.0,0.781951
2510.0,182.0,0.435508
2510.0,183.0,0.45498
2510.0,184.0,0.001895
2510.0,185.0,0.004857
2510.0,186.0,0.190521
2510.0,187.0,0.542935
2510.0,188.0,0.120503
2510.0,189.0,0.572506
2510.0,190.0,0.332212
2510.0,191.0,0.42284
2510.0,192.0,0.310075
2510.0,193.0,0.860263
2510.0,194.0,0.252485
2510.0,195.0,0.523576
2510.0,196.0,0.620816
2510.0,197.0,0.264661
2510.0,198.0,0.032127
2510.0,199.0,0.04792
2510.0,200.0,0.952643
2510.0,201.0,0.393438
2510.0,202.0,0.635291
2510.0,203.0,0.989122
2510.0,204.0,0.809271
2510.0,205.0,0.58039
2510.0,206.0,0.394752
2510.0,207.0,0.373232
2510.0,208.0,0.0
2510.0,209.0,0.128816
2510.0,210.0,0.888406
2510.0,211.0,1.0
2510.0,212.0,0.385851
2510.0,213.0,0.0
2510.0,214.0,0.633686
2510.0,215.0,0.108552
2510.0,216.0,0.421091
2510.0,217.0,0.995485
2510.0,218.0,0.549529
2510.0,219.0,0.816891
2510.0,220.0,0.385964
2510.0,221.0,0.31929
2510.0,222.0,0.620621
2510.0,223.0,0.323491
2510.0,224.0,0.360013
2510.0,225.0,1.0
2510.0,226.0,0.329672
2510.0,227.0,0.191104
2510.0,228.0,0.489907
2510.0,229.0,0.585575
2510.0,230.0,0.517423
2510.0,231.0,0.603991
2510.0,232.0,0.471394
2510.0,233.0,0.580105
2510.0,234.0,0.0
2510.0,235.0,0.442048
2510.0,236.0,0.154078
2510.0,237.0,0.622485
2510.0,238.0,0.266598
2510.0,239.0,0.200783
2510.0,240.0,0.377771
2510.0,241.0,0.717047
2510.0,242.0,0.00036
2510.0,243.0,0.530197
2510.0,244.0,0.969919
2510.0,245.0,0.782733
2510.0,246.0,0.623715
2510.0,247.0,0.744141
2510.0,248.0,0.562518
2510.0,249.0,0.678155
2510.0,250.0,0.629096
2510.0,251.0,0.45326
2510.0,252.0,0.0
2510.0,253.0,0.678529
2510.0,254.0,1.0
2510.0,255.0,0.143706
2510.0,256.0,0.308429
2510.0,257.0,0.019305
2510.0,258.0,0.124646
2510.0,259.0,0.759947
2510.0,260.0,0.790022
2510.0,261.0,0.53076
2510.0,262.0,0.458007
2510.0,263.0,0.056372
2510.0,264.0,0.716991
2510.0,265.0,0.195886
2510.0,266.0,0.0
2510.0,267.0,0.0
2510.0,268.0,0.004214
2510.0,269.0,0.035385
2510.0,270.0,0.526577
2510.0,271.0,0.599546
2510.0,272.0,0.676321
2510.0,273.0,0.671539
2510.0,274.0,0.517631
2510.0,275.0,0.731281
2510.0,276.0,0.621256
2510.0,277.0,0.344715
2510.0,278.0,0.43764
2510.0,279.0,0.626598
2510.0,280.0,0.769359
2510.0,281.0,0.946244
2510.0,282.0,0.251435
2510.0,283.0,0.685653
2510.0,284.0,0.815587
2510.0,285.0,0.630512
2510.0,286.0,0.052608
2510.0,287.0,0.590769
2510.0,288.0,0.084967
2510.0,289.0,0.700044
2510.0,290.0,0.546292
2510.0,291.0,0.670624
2510.0,292.0,0.496099
2510.0,293.0,0.657681
2510.0,294.0,0.300398
2510.0,295.0,0.368186
2510.0,296.0,0.000161
2510.0,297.0,0.627574
2510.0,298.0,0.8667
2510.0,299.0,0.685753
2510.0,300.0,0.183804
2510.0,301.0,0.000183
2510.0,302.0,1.0
2510.0,303.0,0.493883
2510.0,304.0,0.52428
2510.0,305.0,0.333621
2510.0,306.0,0.623206
2510.0,307.0,0.489487
2510.0,308.0,0.011371
2510.0,309.0,0.999126
2510.0,310.0,0.500593
2510.0,311.0,0.692912
2510.0,312.0,1.0
2510.0,313.0,0.119945
2510.0,314.0,0.457447
2510.0,315.0,0.427529
2510.0,316.0,0.572431
2510.0,317.0,0.717282
2510.0,318.0,0.997799
2510.0,319.0,0.951653
2510.0,320.0,0.999383
2510.0,321.0,0.622416
2510.0,322.0,0.362491
2510.0,323.0,1.0
2510.0,324.0,0.912451
2510.0,325.0,0.0
2510.0,326.0,0.618626
2510.0,327.0,0.656584
2510.0,328.0,0.999624
2510.0,329.0,0.000135
2510.0,330.0,0.468201
2510.0,331.0,0.320587
2510.0,332.0,0.664029
2510.0,333.0,0.997423
2510.0,334.0,0.290196
