mut_pos	s_d	w_d	s_fx	w_fx
5.44759e+07	0.439205	0.872597	5.66382	3.8386
8.53024e+06	0.852632	0.474111	4.18653	7.26125
2.11375e+07	0.861721	0.735136	20.2318	31.3271
1.04877e+07	0.761219	0.768021	1.28433	0.894588
6.22626e+07	0.60829	0.53773	0.244239	0.608208
3.60399e+07	0.676334	0.370684	0.476816	0.464058
2.07704e+07	0.498905	0.744988	1.71223	2.58149
3.97532e+07	0.930416	0.213767	0.366441	0.529789
6.10188e+06	0.31905	0.748383	1.53173	1.45393
211019.0	0.526545	0.502481	2.57844	2.38027
3.19953e+07	0.201788	0.835441	4.47658	2.8916
4.43027e+07	0.583689	0.756067	6.29317	3.62219
8.75157e+06	0.857212	0.960019	3.19744	4.355
977087.0	0.440236	0.910288	1.20392	0.432795
1.65034e+07	0.671775	0.553901	0.373058	0.359571
1.97456e+07	0.221322	0.935061	0.734393	1.32641
4.2565e+06	0.967567	0.0663984	2.00983	3.40992
2.4243e+07	0.934208	0.650024	0.766404	0.804533
6.20341e+07	0.690244	0.906598	1.74231	2.56486
5.02289e+07	0.514786	0.977561	2.26563	2.3492
3.53773e+07	0.157474	0.946832	1.23247	2.19274
4.83319e+07	0.991271	0.152273	1.0077	0.949355
2.84519e+07	0.820985	0.264249	0.136594	0.166967
6.33646e+06	0.120567	0.885737	0.87201	1.53248
5.71974e+07	0.370275	0.821582	11.9877	5.17059
2.83059e+07	0.694845	0.965806	1.91554	1.84733
5.83692e+07	0.822228	0.227359	0.436064	0.924704
1.38162e+07	0.73908	0.50204	2.04397	1.92576
5.06071e+07	0.712136	0.504341	0.314138	0.271283
6.02764e+06	0.629155	0.414197	0.378592	0.717844
4.11759e+07	0.554101	0.799945	0.603736	0.417423
227884.0	0.170634	0.913474	1.90508	5.89463
3.76721e+07	0.789287	0.625508	0.6262	1.23307
1.7467e+07	0.880337	0.728319	4.07862	2.22235
3.30495e+07	0.83385	0.99205	0.213046	0.415383
6.37777e+07	0.937541	0.897288	1.85975	1.03407
5.669e+07	0.332001	0.946393	0.374709	0.633343
1.01526e+07	0.339839	0.913294	2.12501	2.45464
6.76809e+07	0.419376	0.923038	1.0331	0.690683
4.10826e+07	0.708988	0.81986	0.87015	0.796615
5.96794e+07	0.384096	0.848132	1.96706	1.46202
1.84115e+07	0.873649	0.25158	0.31462	0.473306
1.50825e+07	0.640482	0.626543	0.397109	0.458389
1.87336e+07	0.778749	0.514905	0.806258	1.612
3.13936e+07	0.555874	0.761239	0.407461	0.450005
3.65716e+07	0.349529	0.761237	0.745145	1.04452
3.71893e+07	0.982674	0.153875	0.718573	1.47162
4.23204e+07	0.501992	0.598073	0.632327	0.344798
6.54631e+07	0.883371	0.13958	0.360077	0.192664
1.60391e+07	0.990829	0.755943	3.7168	1.47016
6.52865e+07	0.756411	0.556146	2.99454	2.32723
4.61398e+07	0.995577	0.124101	0.371067	0.577712
1.74711e+07	0.712021	0.813864	0.147298	0.194709
4.91179e+07	0.915826	0.353686	0.99335	1.61616
1.52364e+07	0.782365	0.90169	1.13127	0.617578
6.74321e+07	0.492238	0.676009	5.50669	3.58502
2.77801e+07	0.456381	0.958078	0.77453	1.37682
5.68051e+07	0.408346	0.971773	0.63389	0.405341
9.16992e+06	0.71444	0.828936	0.194907	0.255282
1.76305e+07	0.591836	0.773415	0.969486	0.519719
472406.0	0.657837	0.992431	2.17092	1.90778
3.35854e+07	0.627252	0.749874	0.69503	0.53808
5.6051e+06	0.397978	0.985576	1.90411	1.20806
1.88144e+07	0.625853	0.587915	1.77345	1.18381
6.40544e+07	0.898509	0.375673	5.90296	2.03396
9.17621e+06	0.639039	0.945217	0.413733	0.56773
3.9827e+07	0.126508	0.881543	1.54541	1.83134
3.20759e+07	0.695315	0.584491	0.568571	1.15071
5.13807e+07	0.467366	0.720224	0.31932	0.406857
4.73163e+07	0.577897	0.598434	1.53443	1.87495
2.46645e+07	0.848073	0.332789	2.99017	0.887747
2.43364e+07	0.99314	0.892192	2.00905	1.28963
3.26737e+07	0.0584771	0.992618	2.93162	3.08233
1.27582e+07	0.85738	0.966421	0.611809	0.260506
5.37953e+07	0.959795	0.181018	3.85949	1.94184
2.69898e+07	0.467925	0.860481	0.673511	0.440121
3.17801e+07	0.222831	0.99934	0.80887	1.37273
2.73281e+07	0.621689	0.660167	0.618693	0.607584
1.9413e+07	0.605984	0.791468	4.20231	2.80234
8.96648e+06	0.249379	0.829199	0.806218	0.396863
3.4044e+07	0.624304	0.837887	1.28111	0.934395
1.44849e+07	0.290934	0.979738	1.63508	1.71421
3.40743e+07	0.96713	0.861773	0.45877	0.399355
6.87193e+06	0.932676	0.83966	0.528616	0.779037
5.73858e+07	0.593113	0.785213	1.3471	0.824793
3.42578e+07	0.929682	0.666927	1.43001	3.83759
5.48603e+07	0.705686	0.299476	0.428858	0.571907
1.96707e+07	0.863945	0.824684	0.36524	0.360216
4.83505e+07	0.369116	0.739097	2.09953	1.47434
2.23356e+07	0.372941	0.633188	1.14948	0.897392
8.89658e+06	0.815787	0.185572	0.554142	0.78443
5.23463e+07	0.430708	0.781937	1.64415	1.43115
6.6537e+07	0.603945	0.609556	0.871983	0.701403
4.91709e+07	0.857029	0.98799	0.165993	0.118983
5.66345e+07	0.893883	0.814064	6.79337	6.71276
1.9912e+07	0.0675374	0.973836	0.33192	0.171626
2.8959e+07	0.988377	0.336458	0.847434	0.382122
5.82393e+07	0.77117	0.906896	2.80146	2.67317
2.52186e+07	0.970131	0.483458	2.0166	1.05284
2.09203e+07	0.537947	0.713002	1.08218	1.18023
5.08543e+07	0.593493	0.508521	0.673592	0.629701
3.43804e+07	0.3318	0.894552	1.92818	1.03001
6.42631e+07	0.758099	0.68416	2.82811	1.635
3.15046e+06	0.918025	0.695221	0.472898	0.471105
3.42931e+07	0.817178	0.832514	0.44563	0.571997
5.12985e+07	0.342976	0.711734	1.48013	1.71544
5.10029e+07	0.470728	0.711255	0.382356	0.478443
4.24636e+07	0.753979	0.97797	0.347177	0.728428
5.20562e+07	0.538924	0.775252	7.69404	10.8724
2.23996e+07	0.1351	0.972401	0.570478	0.341612
5.97355e+07	0.854698	0.178943	3.88356	5.42452
3.60011e+07	0.567018	0.702151	0.560832	0.436148
3.11411e+07	0.900812	0.485193	2.65114	3.67322
6.56497e+07	0.292879	0.711504	0.228531	0.204183
4.9599e+07	0.742056	0.575189	0.122038	0.20784
1.94765e+07	0.668528	0.97307	0.51892	0.588145
1.46162e+07	0.735375	0.741753	13.3821	8.59506
6.11052e+07	0.659259	0.971343	2.72654	1.18636
1.23578e+07	0.984599	0.189393	1.07201	1.48296
9.32181e+06	0.666014	0.807853	1.77285	2.77854
4.26788e+07	0.988645	0.162772	1.39204	0.615203
5.16275e+07	0.419198	0.991076	0.662181	2.24321
2.83744e+07	0.149151	0.957203	4.86862	4.1912
4.90607e+07	0.595324	0.904792	0.25997	0.29349
5.66907e+07	0.86009	0.375615	6.54456	7.29879
3.53205e+07	0.272721	0.936562	0.790381	0.639927
1.64374e+07	0.801511	0.387426	2.29386	4.71814
