FREQUENCIES 
Gen,mut_id,mut_freq
1.0,0.0,0.5
1.0,1.0,0.5
1.0,2.0,0.5
1.0,3.0,0.5
1.0,4.0,0.5
1.0,5.0,0.5
1.0,6.0,0.5
1.0,7.0,0.5
1.0,8.0,0.5
1.0,9.0,0.5
1.0,10.0,0.5
1.0,11.0,0.5
1.0,12.0,0.5
1.0,13.0,0.5
1.0,14.0,0.5
1.0,15.0,0.5
1.0,16.0,0.5
1.0,17.0,0.5
1.0,18.0,0.5
1.0,19.0,0.5
1.0,20.0,0.5
1.0,21.0,0.5
1.0,22.0,0.5
1.0,23.0,0.5
1.0,24.0,0.5
1.0,25.0,0.5
1.0,26.0,0.5
1.0,27.0,0.5
1.0,28.0,0.5
1.0,29.0,0.5
1.0,30.0,0.5
1.0,31.0,0.5
1.0,32.0,0.5
1.0,33.0,0.5
1.0,34.0,0.5
1.0,35.0,0.5
1.0,36.0,0.5
1000.0,0.0,0.384767
1000.0,1.0,0.493975
1000.0,2.0,0.34987
1000.0,3.0,0.721903
1000.0,4.0,0.21995
1000.0,5.0,0.946627
1000.0,6.0,1.0
1000.0,7.0,0.872382
1000.0,8.0,0.700266
1000.0,9.0,0.808567
1000.0,10.0,0.586999
1000.0,11.0,1.0
1000.0,12.0,0.350887
1000.0,13.0,0.6544
1000.0,14.0,0.747025
1000.0,15.0,1.0
1000.0,16.0,0.79941
1000.0,17.0,0.702757
1000.0,18.0,1.0
1000.0,19.0,0.981242
1000.0,20.0,0.534448
1000.0,21.0,0.927732
1000.0,22.0,0.43658
1000.0,23.0,0.639341
1000.0,24.0,0.52743
1000.0,25.0,0.880821
1000.0,26.0,0.603415
1000.0,27.0,0.933087
1000.0,28.0,0.735024
1000.0,29.0,0.684446
1000.0,30.0,0.117227
1000.0,31.0,0.997117
1000.0,32.0,0.600464
1000.0,33.0,0.117907
1000.0,34.0,0.999095
1000.0,35.0,0.834857
1000.0,36.0,0.410086
1001.0,0.0,0.396654
1001.0,1.0,0.498409
1001.0,2.0,0.349998
1001.0,3.0,0.728063
1001.0,4.0,0.221415
1001.0,5.0,0.947043
1001.0,6.0,1.0
1001.0,7.0,0.872686
1001.0,8.0,0.70686
1001.0,9.0,0.810928
1001.0,10.0,0.587148
1001.0,11.0,1.0
1001.0,12.0,0.352445
1001.0,13.0,0.655335
1001.0,14.0,0.747683
1001.0,15.0,1.0
1001.0,16.0,0.80049
1001.0,17.0,0.713769
1001.0,18.0,1.0
1001.0,19.0,0.981679
1001.0,20.0,0.536193
1001.0,21.0,0.929593
1001.0,22.0,0.439706
1001.0,23.0,0.639509
1001.0,24.0,0.529211
1001.0,25.0,0.881393
1001.0,26.0,0.60865
1001.0,27.0,0.933602
1001.0,28.0,0.73661
1001.0,29.0,0.686452
1001.0,30.0,0.118095
1001.0,31.0,0.997112
1001.0,32.0,0.601906
1001.0,33.0,0.121309
1001.0,34.0,0.999114
1001.0,35.0,0.840653
1001.0,36.0,0.41172
1002.0,0.0,0.409322
1002.0,1.0,0.502817
1002.0,2.0,0.350834
1002.0,3.0,0.73391
1002.0,4.0,0.222716
1002.0,5.0,0.947461
1002.0,6.0,1.0
1002.0,7.0,0.873458
1002.0,8.0,0.713804
1002.0,9.0,0.813914
1002.0,10.0,0.58688
1002.0,11.0,1.0
1002.0,12.0,0.353962
1002.0,13.0,0.656734
1002.0,14.0,0.748512
1002.0,15.0,1.0
1002.0,16.0,0.801469
1002.0,17.0,0.724852
1002.0,18.0,1.0
1002.0,19.0,0.982015
1002.0,20.0,0.537044
1002.0,21.0,0.93147
1002.0,22.0,0.443419
1002.0,23.0,0.640899
1002.0,24.0,0.530157
1002.0,25.0,0.88188
1002.0,26.0,0.614989
1002.0,27.0,0.934001
1002.0,28.0,0.737744
1002.0,29.0,0.688529
1002.0,30.0,0.118129
1002.0,31.0,0.997244
1002.0,32.0,0.603093
1002.0,33.0,0.125037
1002.0,34.0,0.999128
1002.0,35.0,0.846548
1002.0,36.0,0.41451
1003.0,0.0,0.420717
1003.0,1.0,0.507267
1003.0,2.0,0.351281
1003.0,3.0,0.73954
1003.0,4.0,0.225138
1003.0,5.0,0.94748
1003.0,6.0,1.0
1003.0,7.0,0.874045
1003.0,8.0,0.720268
1003.0,9.0,0.816931
1003.0,10.0,0.586736
1003.0,11.0,1.0
1003.0,12.0,0.355597
1003.0,13.0,0.658479
1003.0,14.0,0.750188
1003.0,15.0,1.0
1003.0,16.0,0.801745
1003.0,17.0,0.735401
1003.0,18.0,1.0
1003.0,19.0,0.982247
1003.0,20.0,0.539815
1003.0,21.0,0.932901
1003.0,22.0,0.447541
1003.0,23.0,0.641593
1003.0,24.0,0.531031
1003.0,25.0,0.88244
1003.0,26.0,0.621457
1003.0,27.0,0.934631
1003.0,28.0,0.738961
1003.0,29.0,0.690137
1003.0,30.0,0.11915
1003.0,31.0,0.997251
1003.0,32.0,0.604637
1003.0,33.0,0.128772
1003.0,34.0,0.99915
1003.0,35.0,0.853179
1003.0,36.0,0.416825
1004.0,0.0,0.432798
1004.0,1.0,0.511257
1004.0,2.0,0.351697
1004.0,3.0,0.745316
1004.0,4.0,0.226299
1004.0,5.0,0.947704
1004.0,6.0,1.0
1004.0,7.0,0.875107
1004.0,8.0,0.726639
1004.0,9.0,0.81922
1004.0,10.0,0.587222
1004.0,11.0,1.0
1004.0,12.0,0.357593
1004.0,13.0,0.660197
1004.0,14.0,0.75078
1004.0,15.0,1.0
1004.0,16.0,0.802203
1004.0,17.0,0.745341
1004.0,18.0,1.0
1004.0,19.0,0.982598
1004.0,20.0,0.541615
1004.0,21.0,0.934888
1004.0,22.0,0.451359
1004.0,23.0,0.642692
1004.0,24.0,0.532223
1004.0,25.0,0.883086
1004.0,26.0,0.627675
1004.0,27.0,0.93513
1004.0,28.0,0.740957
1004.0,29.0,0.691559
1004.0,30.0,0.119463
1004.0,31.0,0.997285
1004.0,32.0,0.60607
1004.0,33.0,0.132647
1004.0,34.0,0.999166
1004.0,35.0,0.859121
1004.0,36.0,0.418228
1005.0,0.0,0.445349
1005.0,1.0,0.515182
1005.0,2.0,0.352284
1005.0,3.0,0.750362
1005.0,4.0,0.227793
1005.0,5.0,0.947655
1005.0,6.0,1.0
1005.0,7.0,0.875845
1005.0,8.0,0.733294
1005.0,9.0,0.822176
1005.0,10.0,0.586971
1005.0,11.0,1.0
1005.0,12.0,0.358841
1005.0,13.0,0.661407
1005.0,14.0,0.751342
1005.0,15.0,1.0
1005.0,16.0,0.803071
1005.0,17.0,0.753712
1005.0,18.0,1.0
1005.0,19.0,0.98287
1005.0,20.0,0.54258
1005.0,21.0,0.93653
1005.0,22.0,0.454809
1005.0,23.0,0.642817
1005.0,24.0,0.533594
1005.0,25.0,0.883426
1005.0,26.0,0.633488
1005.0,27.0,0.93564
1005.0,28.0,0.741354
1005.0,29.0,0.693574
1005.0,30.0,0.11974
1005.0,31.0,0.997366
1005.0,32.0,0.608143
1005.0,33.0,0.135821
1005.0,34.0,0.999188
1005.0,35.0,0.864874
1005.0,36.0,0.421185
1006.0,0.0,0.457838
1006.0,1.0,0.520716
1006.0,2.0,0.353449
1006.0,3.0,0.755499
1006.0,4.0,0.228671
1006.0,5.0,0.948252
1006.0,6.0,1.0
1006.0,7.0,0.876621
1006.0,8.0,0.73974
1006.0,9.0,0.82527
1006.0,10.0,0.586595
1006.0,11.0,1.0
1006.0,12.0,0.360206
1006.0,13.0,0.662218
1006.0,14.0,0.752442
1006.0,15.0,1.0
1006.0,16.0,0.803627
1006.0,17.0,0.762832
1006.0,18.0,1.0
1006.0,19.0,0.983322
1006.0,20.0,0.543716
1006.0,21.0,0.938309
1006.0,22.0,0.459095
1006.0,23.0,0.643251
1006.0,24.0,0.534031
1006.0,25.0,0.88455
1006.0,26.0,0.638738
1006.0,27.0,0.93607
1006.0,28.0,0.74214
1006.0,29.0,0.695701
1006.0,30.0,0.120414
1006.0,31.0,0.997429
1006.0,32.0,0.609467
1006.0,33.0,0.139447
1006.0,34.0,0.999293
1006.0,35.0,0.87042
1006.0,36.0,0.423072
1007.0,0.0,0.469173
1007.0,1.0,0.525794
1007.0,2.0,0.354052
1007.0,3.0,0.760143
1007.0,4.0,0.229968
1007.0,5.0,0.948324
1007.0,6.0,1.0
1007.0,7.0,0.877696
1007.0,8.0,0.746152
1007.0,9.0,0.827925
1007.0,10.0,0.586954
1007.0,11.0,1.0
1007.0,12.0,0.361619
1007.0,13.0,0.664092
1007.0,14.0,0.753376
1007.0,15.0,1.0
1007.0,16.0,0.804803
1007.0,17.0,0.771142
1007.0,18.0,1.0
1007.0,19.0,0.983712
1007.0,20.0,0.545305
1007.0,21.0,0.940153
1007.0,22.0,0.46244
1007.0,23.0,0.643776
1007.0,24.0,0.535443
1007.0,25.0,0.884695
1007.0,26.0,0.644845
1007.0,27.0,0.936554
1007.0,28.0,0.744329
1007.0,29.0,0.697389
1007.0,30.0,0.121271
1007.0,31.0,0.997496
1007.0,32.0,0.611035
1007.0,33.0,0.143094
1007.0,34.0,0.999311
1007.0,35.0,0.875632
1007.0,36.0,0.424746
1008.0,0.0,0.480547
1008.0,1.0,0.529877
1008.0,2.0,0.354148
1008.0,3.0,0.765273
1008.0,4.0,0.231377
1008.0,5.0,0.948855
1008.0,6.0,1.0
1008.0,7.0,0.878273
1008.0,8.0,0.752098
1008.0,9.0,0.830552
1008.0,10.0,0.586662
1008.0,11.0,1.0
1008.0,12.0,0.362666
1008.0,13.0,0.665676
1008.0,14.0,0.754262
1008.0,15.0,1.0
1008.0,16.0,0.805703
1008.0,17.0,0.778504
1008.0,18.0,1.0
1008.0,19.0,0.984002
1008.0,20.0,0.547026
1008.0,21.0,0.942139
1008.0,22.0,0.466575
1008.0,23.0,0.645139
1008.0,24.0,0.536716
1008.0,25.0,0.885309
1008.0,26.0,0.650955
1008.0,27.0,0.937564
1008.0,28.0,0.746014
1008.0,29.0,0.699061
1008.0,30.0,0.122022
1008.0,31.0,0.99751
1008.0,32.0,0.612194
1008.0,33.0,0.146637
1008.0,34.0,0.99935
1008.0,35.0,0.880647
1008.0,36.0,0.427102
1009.0,0.0,0.426282
1009.0,1.0,0.510471
1009.0,2.0,0.349598
1009.0,3.0,0.743875
1009.0,4.0,0.226795
1009.0,5.0,0.947548
1009.0,6.0,1.0
1009.0,7.0,0.876373
1009.0,8.0,0.726214
1009.0,9.0,0.819201
1009.0,10.0,0.585124
1009.0,11.0,1.0
1009.0,12.0,0.356415
1009.0,13.0,0.658453
1009.0,14.0,0.7511
1009.0,15.0,1.0
1009.0,16.0,0.804267
1009.0,17.0,0.742421
1009.0,18.0,1.0
1009.0,19.0,0.983376
1009.0,20.0,0.540436
1009.0,21.0,0.935755
1009.0,22.0,0.450627
1009.0,23.0,0.643775
1009.0,24.0,0.533043
1009.0,25.0,0.883473
1009.0,26.0,0.626234
1009.0,27.0,0.935494
1009.0,28.0,0.740516
1009.0,29.0,0.691599
1009.0,30.0,0.119508
1009.0,31.0,0.997448
1009.0,32.0,0.605224
1009.0,33.0,0.131287
1009.0,34.0,0.999239
1009.0,35.0,0.859669
1009.0,36.0,0.418387
1010.0,0.0,0.382724
1010.0,1.0,0.492602
1010.0,2.0,0.346167
1010.0,3.0,0.722309
1010.0,4.0,0.221657
1010.0,5.0,0.946346
1010.0,6.0,1.0
1010.0,7.0,0.875206
1010.0,8.0,0.699975
1010.0,9.0,0.808157
1010.0,10.0,0.584264
1010.0,11.0,1.0
1010.0,12.0,0.35
1010.0,13.0,0.651173
1010.0,14.0,0.748665
1010.0,15.0,1.0
1010.0,16.0,0.802357
1010.0,17.0,0.702608
1010.0,18.0,1.0
1010.0,19.0,0.982775
1010.0,20.0,0.534723
1010.0,21.0,0.929129
1010.0,22.0,0.436461
1010.0,23.0,0.641731
1010.0,24.0,0.529971
1010.0,25.0,0.881888
1010.0,26.0,0.602749
1010.0,27.0,0.933436
1010.0,28.0,0.73548
1010.0,29.0,0.684963
1010.0,30.0,0.116776
1010.0,31.0,0.99741
1010.0,32.0,0.599588
1010.0,33.0,0.118363
1010.0,34.0,0.999153
1010.0,35.0,0.837125
1010.0,36.0,0.410463
2000.0,0.0,0.380648
2000.0,1.0,0.494603
2000.0,2.0,0.247558
2000.0,3.0,0.726651
2000.0,4.0,0.128492
2000.0,5.0,0.965782
2000.0,6.0,1.0
2000.0,7.0,0.947311
2000.0,8.0,0.699034
2000.0,9.0,0.810304
2000.0,10.0,0.657547
2000.0,11.0,1.0
2000.0,12.0,0.332614
2000.0,13.0,0.676129
2000.0,14.0,0.766951
2000.0,15.0,1.0
2000.0,16.0,0.85528
2000.0,17.0,0.702037
2000.0,18.0,1.0
2000.0,19.0,0.997487
2000.0,20.0,0.517565
2000.0,21.0,0.985732
2000.0,22.0,0.424259
2000.0,23.0,0.697848
2000.0,24.0,0.511884
2000.0,25.0,0.970919
2000.0,26.0,0.60453
2000.0,27.0,0.955368
2000.0,28.0,0.739201
2000.0,29.0,0.693019
2000.0,30.0,0.06907
2000.0,31.0,1.0
2000.0,32.0,0.601051
2000.0,33.0,0.074149
2000.0,34.0,1.0
2000.0,35.0,0.856652
2000.0,36.0,0.40946
2001.0,0.0,0.393214
2001.0,1.0,0.499089
2001.0,2.0,0.248228
2001.0,3.0,0.73277
2001.0,4.0,0.129237
2001.0,5.0,0.965932
2001.0,6.0,1.0
2001.0,7.0,0.947442
2001.0,8.0,0.705665
2001.0,9.0,0.81302
2001.0,10.0,0.657646
2001.0,11.0,1.0
2001.0,12.0,0.33385
2001.0,13.0,0.677984
2001.0,14.0,0.767725
2001.0,15.0,1.0
2001.0,16.0,0.855353
2001.0,17.0,0.713038
2001.0,18.0,1.0
2001.0,19.0,0.997545
2001.0,20.0,0.519223
2001.0,21.0,0.986155
2001.0,22.0,0.428389
2001.0,23.0,0.698107
2001.0,24.0,0.512658
2001.0,25.0,0.971037
2001.0,26.0,0.610486
2001.0,27.0,0.955893
2001.0,28.0,0.740255
2001.0,29.0,0.694977
2001.0,30.0,0.068616
2001.0,31.0,1.0
2001.0,32.0,0.602745
2001.0,33.0,0.076195
2001.0,34.0,1.0
2001.0,35.0,0.86281
2001.0,36.0,0.410479
2002.0,0.0,0.405238
2002.0,1.0,0.503062
2002.0,2.0,0.248737
2002.0,3.0,0.738023
2002.0,4.0,0.129438
2002.0,5.0,0.966288
2002.0,6.0,1.0
2002.0,7.0,0.947361
2002.0,8.0,0.712888
2002.0,9.0,0.815158
2002.0,10.0,0.657277
2002.0,11.0,1.0
2002.0,12.0,0.335383
2002.0,13.0,0.679691
2002.0,14.0,0.767737
2002.0,15.0,1.0
2002.0,16.0,0.85505
2002.0,17.0,0.724412
2002.0,18.0,1.0
2002.0,19.0,0.997617
2002.0,20.0,0.52127
2002.0,21.0,0.986713
2002.0,22.0,0.431475
2002.0,23.0,0.698298
2002.0,24.0,0.513044
2002.0,25.0,0.971011
2002.0,26.0,0.617764
2002.0,27.0,0.956103
2002.0,28.0,0.741108
2002.0,29.0,0.697062
2002.0,30.0,0.068115
2002.0,31.0,1.0
2002.0,32.0,0.604118
2002.0,33.0,0.078553
2002.0,34.0,1.0
2002.0,35.0,0.868153
2002.0,36.0,0.412736
2003.0,0.0,0.418132
2003.0,1.0,0.507234
2003.0,2.0,0.249087
2003.0,3.0,0.743624
2003.0,4.0,0.130159
2003.0,5.0,0.9668
2003.0,6.0,1.0
2003.0,7.0,0.947468
2003.0,8.0,0.719763
2003.0,9.0,0.818045
2003.0,10.0,0.657426
2003.0,11.0,1.0
2003.0,12.0,0.337552
2003.0,13.0,0.681051
2003.0,14.0,0.768906
2003.0,15.0,1.0
2003.0,16.0,0.855413
2003.0,17.0,0.734463
2003.0,18.0,1.0
2003.0,19.0,0.997672
2003.0,20.0,0.523322
2003.0,21.0,0.987073
2003.0,22.0,0.434948
2003.0,23.0,0.699076
2003.0,24.0,0.513798
2003.0,25.0,0.971389
2003.0,26.0,0.62355
2003.0,27.0,0.956466
2003.0,28.0,0.742448
2003.0,29.0,0.698978
2003.0,30.0,0.067928
2003.0,31.0,1.0
2003.0,32.0,0.605172
2003.0,33.0,0.080969
2003.0,34.0,1.0
2003.0,35.0,0.873036
2003.0,36.0,0.41413
2004.0,0.0,0.430415
2004.0,1.0,0.51189
2004.0,2.0,0.250408
2004.0,3.0,0.749428
2004.0,4.0,0.130966
2004.0,5.0,0.967382
2004.0,6.0,1.0
2004.0,7.0,0.947619
2004.0,8.0,0.725841
2004.0,9.0,0.821473
2004.0,10.0,0.658355
2004.0,11.0,1.0
2004.0,12.0,0.339439
2004.0,13.0,0.682737
2004.0,14.0,0.769645
2004.0,15.0,1.0
2004.0,16.0,0.856177
2004.0,17.0,0.744128
2004.0,18.0,1.0
2004.0,19.0,0.99767
2004.0,20.0,0.524949
2004.0,21.0,0.987236
2004.0,22.0,0.439454
2004.0,23.0,0.699396
2004.0,24.0,0.514569
2004.0,25.0,0.971819
2004.0,26.0,0.629631
2004.0,27.0,0.956469
2004.0,28.0,0.744022
2004.0,29.0,0.70109
2004.0,30.0,0.067665
2004.0,31.0,1.0
2004.0,32.0,0.607393
2004.0,33.0,0.082974
2004.0,34.0,1.0
2004.0,35.0,0.877788
2004.0,36.0,0.41643
2005.0,0.0,0.442739
2005.0,1.0,0.516448
2005.0,2.0,0.250838
2005.0,3.0,0.754533
2005.0,4.0,0.131639
2005.0,5.0,0.967593
2005.0,6.0,1.0
2005.0,7.0,0.947654
2005.0,8.0,0.732217
2005.0,9.0,0.824001
2005.0,10.0,0.658804
2005.0,11.0,1.0
2005.0,12.0,0.341369
2005.0,13.0,0.685196
2005.0,14.0,0.77018
2005.0,15.0,1.0
2005.0,16.0,0.856781
2005.0,17.0,0.751986
2005.0,18.0,1.0
2005.0,19.0,0.997702
2005.0,20.0,0.526086
2005.0,21.0,0.987579
2005.0,22.0,0.443329
2005.0,23.0,0.699358
2005.0,24.0,0.51535
2005.0,25.0,0.971891
2005.0,26.0,0.636106
2005.0,27.0,0.956635
2005.0,28.0,0.744628
2005.0,29.0,0.702738
2005.0,30.0,0.067415
2005.0,31.0,1.0
2005.0,32.0,0.609287
2005.0,33.0,0.085291
2005.0,34.0,1.0
2005.0,35.0,0.883327
2005.0,36.0,0.41843
2006.0,0.0,0.455337
2006.0,1.0,0.520556
2006.0,2.0,0.252228
2006.0,3.0,0.760332
2006.0,4.0,0.132433
2006.0,5.0,0.967872
2006.0,6.0,1.0
2006.0,7.0,0.947792
2006.0,8.0,0.738004
2006.0,9.0,0.826506
2006.0,10.0,0.660306
2006.0,11.0,1.0
2006.0,12.0,0.34189
2006.0,13.0,0.686594
2006.0,14.0,0.771351
2006.0,15.0,1.0
2006.0,16.0,0.857376
2006.0,17.0,0.760849
2006.0,18.0,1.0
2006.0,19.0,0.997738
2006.0,20.0,0.52773
2006.0,21.0,0.987801
2006.0,22.0,0.447069
2006.0,23.0,0.699234
2006.0,24.0,0.5164
2006.0,25.0,0.972075
2006.0,26.0,0.642231
2006.0,27.0,0.956531
2006.0,28.0,0.746315
2006.0,29.0,0.704844
2006.0,30.0,0.067264
2006.0,31.0,1.0
2006.0,32.0,0.61049
2006.0,33.0,0.087526
2006.0,34.0,1.0
2006.0,35.0,0.88789
2006.0,36.0,0.420422
2007.0,0.0,0.467525
2007.0,1.0,0.525041
2007.0,2.0,0.253663
2007.0,3.0,0.765285
2007.0,4.0,0.133565
2007.0,5.0,0.967703
2007.0,6.0,1.0
2007.0,7.0,0.947908
2007.0,8.0,0.744238
2007.0,9.0,0.8286
2007.0,10.0,0.66113
2007.0,11.0,1.0
2007.0,12.0,0.343108
2007.0,13.0,0.687709
2007.0,14.0,0.772194
2007.0,15.0,1.0
2007.0,16.0,0.857938
2007.0,17.0,0.768792
2007.0,18.0,1.0
2007.0,19.0,0.997845
2007.0,20.0,0.529909
2007.0,21.0,0.988189
2007.0,22.0,0.451714
2007.0,23.0,0.698402
2007.0,24.0,0.517162
2007.0,25.0,0.972465
2007.0,26.0,0.648099
2007.0,27.0,0.957056
2007.0,28.0,0.747785
2007.0,29.0,0.706431
2007.0,30.0,0.066632
2007.0,31.0,1.0
2007.0,32.0,0.611586
2007.0,33.0,0.089578
2007.0,34.0,1.0
2007.0,35.0,0.892548
2007.0,36.0,0.422701
2008.0,0.0,0.478696
2008.0,1.0,0.529434
2008.0,2.0,0.254348
2008.0,3.0,0.770071
2008.0,4.0,0.134871
2008.0,5.0,0.967937
2008.0,6.0,1.0
2008.0,7.0,0.948284
2008.0,8.0,0.750402
2008.0,9.0,0.830381
2008.0,10.0,0.661429
2008.0,11.0,1.0
2008.0,12.0,0.344311
2008.0,13.0,0.688777
2008.0,14.0,0.772579
2008.0,15.0,1.0
2008.0,16.0,0.858477
2008.0,17.0,0.776653
2008.0,18.0,1.0
2008.0,19.0,0.997897
2008.0,20.0,0.532008
2008.0,21.0,0.988311
2008.0,22.0,0.455941
2008.0,23.0,0.698522
2008.0,24.0,0.517664
2008.0,25.0,0.972706
2008.0,26.0,0.653053
2008.0,27.0,0.95716
2008.0,28.0,0.748185
2008.0,29.0,0.708279
2008.0,30.0,0.066713
2008.0,31.0,1.0
2008.0,32.0,0.613004
2008.0,33.0,0.092007
2008.0,34.0,1.0
2008.0,35.0,0.896445
2008.0,36.0,0.425176
2009.0,0.0,0.426765
2009.0,1.0,0.510676
2009.0,2.0,0.251731
2009.0,3.0,0.749059
2009.0,4.0,0.131014
2009.0,5.0,0.966845
2009.0,6.0,1.0
2009.0,7.0,0.947649
2009.0,8.0,0.723081
2009.0,9.0,0.819835
2009.0,10.0,0.659849
2009.0,11.0,1.0
2009.0,12.0,0.33859
2009.0,13.0,0.681702
2009.0,14.0,0.769039
2009.0,15.0,1.0
2009.0,16.0,0.85746
2009.0,17.0,0.739431
2009.0,18.0,1.0
2009.0,19.0,0.99778
2009.0,20.0,0.52613
2009.0,21.0,0.987039
2009.0,22.0,0.441098
2009.0,23.0,0.696997
2009.0,24.0,0.513525
2009.0,25.0,0.972227
2009.0,26.0,0.628023
2009.0,27.0,0.956161
2009.0,28.0,0.743236
2009.0,29.0,0.701364
2009.0,30.0,0.067588
2009.0,31.0,1.0
2009.0,32.0,0.607278
2009.0,33.0,0.082393
2009.0,34.0,1.0
2009.0,35.0,0.877639
2009.0,36.0,0.415521
2010.0,0.0,0.383426
2010.0,1.0,0.491664
2010.0,2.0,0.248291
2010.0,3.0,0.7273
2010.0,4.0,0.127306
2010.0,5.0,0.965814
2010.0,6.0,1.0
2010.0,7.0,0.947001
2010.0,8.0,0.694917
2010.0,9.0,0.808818
2010.0,10.0,0.65858
2010.0,11.0,1.0
2010.0,12.0,0.332351
2010.0,13.0,0.675129
2010.0,14.0,0.766111
2010.0,15.0,1.0
2010.0,16.0,0.85625
2010.0,17.0,0.699692
2010.0,18.0,1.0
2010.0,19.0,0.99762
2010.0,20.0,0.519427
2010.0,21.0,0.985754
2010.0,22.0,0.426681
2010.0,23.0,0.695492
2010.0,24.0,0.51028
2010.0,25.0,0.971823
2010.0,26.0,0.604631
2010.0,27.0,0.955004
2010.0,28.0,0.738045
2010.0,29.0,0.694123
2010.0,30.0,0.068441
2010.0,31.0,1.0
2010.0,32.0,0.601801
2010.0,33.0,0.073688
2010.0,34.0,1.0
2010.0,35.0,0.857798
2010.0,36.0,0.407428
3000.0,0.0,0.383625
3000.0,1.0,0.501272
3000.0,2.0,0.166715
3000.0,3.0,0.724272
3000.0,4.0,0.095993
3000.0,5.0,0.971623
3000.0,6.0,1.0
3000.0,7.0,0.974057
3000.0,8.0,0.689457
3000.0,9.0,0.806786
3000.0,10.0,0.69807
3000.0,11.0,1.0
3000.0,12.0,0.341815
3000.0,13.0,0.683837
3000.0,14.0,0.768933
3000.0,15.0,1.0
3000.0,16.0,0.896913
3000.0,17.0,0.701267
3000.0,18.0,1.0
3000.0,19.0,0.999781
3000.0,20.0,0.510051
3000.0,21.0,0.997864
3000.0,22.0,0.428096
3000.0,23.0,0.748287
3000.0,24.0,0.515607
3000.0,25.0,0.993967
3000.0,26.0,0.605223
3000.0,27.0,0.962542
3000.0,28.0,0.746051
3000.0,29.0,0.684763
3000.0,30.0,0.046921
3000.0,31.0,1.0
3000.0,32.0,0.597742
3000.0,33.0,0.073332
3000.0,34.0,1.0
3000.0,35.0,0.855605
3000.0,36.0,0.402853
3001.0,0.0,0.396209
3001.0,1.0,0.506588
3001.0,2.0,0.167025
3001.0,3.0,0.729959
3001.0,4.0,0.0965
3001.0,5.0,0.971813
3001.0,6.0,1.0
3001.0,7.0,0.974044
3001.0,8.0,0.697617
3001.0,9.0,0.809892
3001.0,10.0,0.698557
3001.0,11.0,1.0
3001.0,12.0,0.342997
3001.0,13.0,0.685667
3001.0,14.0,0.770277
3001.0,15.0,1.0
3001.0,16.0,0.897269
3001.0,17.0,0.7137
3001.0,18.0,1.0
3001.0,19.0,0.999754
3001.0,20.0,0.511279
3001.0,21.0,0.997972
3001.0,22.0,0.431122
3001.0,23.0,0.748512
3001.0,24.0,0.515743
3001.0,25.0,0.994155
3001.0,26.0,0.610986
3001.0,27.0,0.963088
3001.0,28.0,0.746445
3001.0,29.0,0.685991
3001.0,30.0,0.046847
3001.0,31.0,1.0
3001.0,32.0,0.599291
3001.0,33.0,0.075396
3001.0,34.0,1.0
3001.0,35.0,0.861284
3001.0,36.0,0.405649
3002.0,0.0,0.40909
3002.0,1.0,0.511285
3002.0,2.0,0.167598
3002.0,3.0,0.735422
3002.0,4.0,0.096351
3002.0,5.0,0.97217
3002.0,6.0,1.0
3002.0,7.0,0.974231
3002.0,8.0,0.705051
3002.0,9.0,0.812669
3002.0,10.0,0.699636
3002.0,11.0,1.0
3002.0,12.0,0.344312
3002.0,13.0,0.686892
3002.0,14.0,0.771324
3002.0,15.0,1.0
3002.0,16.0,0.897701
3002.0,17.0,0.724846
3002.0,18.0,1.0
3002.0,19.0,0.999765
3002.0,20.0,0.512464
3002.0,21.0,0.998105
3002.0,22.0,0.435729
3002.0,23.0,0.748545
3002.0,24.0,0.516551
3002.0,25.0,0.994255
3002.0,26.0,0.617717
3002.0,27.0,0.963805
3002.0,28.0,0.747991
3002.0,29.0,0.68707
3002.0,30.0,0.046654
3002.0,31.0,1.0
3002.0,32.0,0.6006
3002.0,33.0,0.077667
3002.0,34.0,1.0
3002.0,35.0,0.86717
3002.0,36.0,0.408303
3003.0,0.0,0.421319
3003.0,1.0,0.515865
3003.0,2.0,0.168221
3003.0,3.0,0.741505
3003.0,4.0,0.096984
3003.0,5.0,0.972649
3003.0,6.0,1.0
3003.0,7.0,0.9744
3003.0,8.0,0.711968
3003.0,9.0,0.815675
3003.0,10.0,0.700098
3003.0,11.0,1.0
3003.0,12.0,0.345174
3003.0,13.0,0.688215
3003.0,14.0,0.771654
3003.0,15.0,1.0
3003.0,16.0,0.898373
3003.0,17.0,0.734666
3003.0,18.0,1.0
3003.0,19.0,0.999785
3003.0,20.0,0.51486
3003.0,21.0,0.99811
3003.0,22.0,0.43906
3003.0,23.0,0.74874
3003.0,24.0,0.517935
3003.0,25.0,0.994287
3003.0,26.0,0.624748
3003.0,27.0,0.964015
3003.0,28.0,0.749167
3003.0,29.0,0.688999
3003.0,30.0,0.0462
3003.0,31.0,1.0
3003.0,32.0,0.60185
3003.0,33.0,0.079918
3003.0,34.0,1.0
3003.0,35.0,0.872151
3003.0,36.0,0.41097
3004.0,0.0,0.433011
3004.0,1.0,0.519919
3004.0,2.0,0.168691
3004.0,3.0,0.746448
3004.0,4.0,0.097761
3004.0,5.0,0.972875
3004.0,6.0,1.0
3004.0,7.0,0.974338
3004.0,8.0,0.720099
3004.0,9.0,0.818279
3004.0,10.0,0.700866
3004.0,11.0,1.0
3004.0,12.0,0.347299
3004.0,13.0,0.689502
3004.0,14.0,0.772599
3004.0,15.0,1.0
3004.0,16.0,0.898576
3004.0,17.0,0.744162
3004.0,18.0,1.0
3004.0,19.0,0.99975
3004.0,20.0,0.515994
3004.0,21.0,0.998183
3004.0,22.0,0.442541
3004.0,23.0,0.747968
3004.0,24.0,0.519961
3004.0,25.0,0.994292
3004.0,26.0,0.630775
3004.0,27.0,0.964337
3004.0,28.0,0.749606
3004.0,29.0,0.690844
3004.0,30.0,0.045931
3004.0,31.0,1.0
3004.0,32.0,0.603456
3004.0,33.0,0.082035
3004.0,34.0,1.0
3004.0,35.0,0.877396
3004.0,36.0,0.412951
3005.0,0.0,0.444793
3005.0,1.0,0.524306
3005.0,2.0,0.168695
3005.0,3.0,0.752536
3005.0,4.0,0.098051
3005.0,5.0,0.972817
3005.0,6.0,1.0
3005.0,7.0,0.974648
3005.0,8.0,0.726769
3005.0,9.0,0.820809
3005.0,10.0,0.701606
3005.0,11.0,1.0
3005.0,12.0,0.348863
3005.0,13.0,0.690487
3005.0,14.0,0.773958
3005.0,15.0,1.0
3005.0,16.0,0.898732
3005.0,17.0,0.753084
3005.0,18.0,1.0
3005.0,19.0,0.999746
3005.0,20.0,0.517669
3005.0,21.0,0.998306
3005.0,22.0,0.445092
3005.0,23.0,0.748579
3005.0,24.0,0.520979
3005.0,25.0,0.994337
3005.0,26.0,0.636518
3005.0,27.0,0.964827
3005.0,28.0,0.7505
3005.0,29.0,0.692563
3005.0,30.0,0.045785
3005.0,31.0,1.0
3005.0,32.0,0.605057
3005.0,33.0,0.084412
3005.0,34.0,1.0
3005.0,35.0,0.882268
3005.0,36.0,0.415039
3006.0,0.0,0.457501
3006.0,1.0,0.528309
3006.0,2.0,0.169325
3006.0,3.0,0.757845
3006.0,4.0,0.09858
3006.0,5.0,0.97306
3006.0,6.0,1.0
3006.0,7.0,0.974594
3006.0,8.0,0.734098
3006.0,9.0,0.82415
3006.0,10.0,0.701841
3006.0,11.0,1.0
3006.0,12.0,0.350921
3006.0,13.0,0.693058
3006.0,14.0,0.775456
3006.0,15.0,1.0
3006.0,16.0,0.898995
3006.0,17.0,0.761432
3006.0,18.0,1.0
3006.0,19.0,0.999758
3006.0,20.0,0.520084
3006.0,21.0,0.99839
3006.0,22.0,0.4492
3006.0,23.0,0.748603
3006.0,24.0,0.522322
3006.0,25.0,0.994227
3006.0,26.0,0.642127
3006.0,27.0,0.965421
3006.0,28.0,0.751847
3006.0,29.0,0.695122
3006.0,30.0,0.045207
3006.0,31.0,1.0
3006.0,32.0,0.605809
3006.0,33.0,0.086154
3006.0,34.0,1.0
3006.0,35.0,0.886938
3006.0,36.0,0.415824
3007.0,0.0,0.469452
3007.0,1.0,0.531977
3007.0,2.0,0.169062
3007.0,3.0,0.762923
3007.0,4.0,0.099132
3007.0,5.0,0.973255
3007.0,6.0,1.0
3007.0,7.0,0.974552
3007.0,8.0,0.740077
3007.0,9.0,0.827252
3007.0,10.0,0.702454
3007.0,11.0,1.0
3007.0,12.0,0.353019
3007.0,13.0,0.694235
3007.0,14.0,0.776446
3007.0,15.0,1.0
3007.0,16.0,0.899396
3007.0,17.0,0.768629
3007.0,18.0,1.0
3007.0,19.0,0.999755
3007.0,20.0,0.521736
3007.0,21.0,0.998449
3007.0,22.0,0.452463
3007.0,23.0,0.748284
3007.0,24.0,0.523039
3007.0,25.0,0.994302
3007.0,26.0,0.648479
3007.0,27.0,0.965646
3007.0,28.0,0.75253
3007.0,29.0,0.696743
3007.0,30.0,0.045116
3007.0,31.0,1.0
3007.0,32.0,0.607022
3007.0,33.0,0.08845
3007.0,34.0,1.0
3007.0,35.0,0.891472
3007.0,36.0,0.418266
3008.0,0.0,0.480987
3008.0,1.0,0.536433
3008.0,2.0,0.169965
3008.0,3.0,0.768296
3008.0,4.0,0.100016
3008.0,5.0,0.973753
3008.0,6.0,1.0
3008.0,7.0,0.97466
3008.0,8.0,0.748072
3008.0,9.0,0.830224
3008.0,10.0,0.703365
3008.0,11.0,1.0
3008.0,12.0,0.354542
3008.0,13.0,0.695887
3008.0,14.0,0.777077
3008.0,15.0,1.0
3008.0,16.0,0.899154
3008.0,17.0,0.776779
3008.0,18.0,1.0
3008.0,19.0,0.999733
3008.0,20.0,0.523707
3008.0,21.0,0.99854
3008.0,22.0,0.455836
3008.0,23.0,0.747907
3008.0,24.0,0.524177
3008.0,25.0,0.994316
3008.0,26.0,0.65493
3008.0,27.0,0.965664
3008.0,28.0,0.75339
3008.0,29.0,0.69857
3008.0,30.0,0.044849
3008.0,31.0,1.0
3008.0,32.0,0.608051
3008.0,33.0,0.091057
3008.0,34.0,1.0
3008.0,35.0,0.895821
3008.0,36.0,0.420861
3009.0,0.0,0.428844
3009.0,1.0,0.517378
3009.0,2.0,0.167454
3009.0,3.0,0.747549
3009.0,4.0,0.097269
3009.0,5.0,0.973007
3009.0,6.0,1.0
3009.0,7.0,0.974476
3009.0,8.0,0.718822
3009.0,9.0,0.818943
3009.0,10.0,0.702814
3009.0,11.0,1.0
3009.0,12.0,0.348002
3009.0,13.0,0.689413
3009.0,14.0,0.774083
3009.0,15.0,1.0
3009.0,16.0,0.898449
3009.0,17.0,0.740552
3009.0,18.0,1.0
3009.0,19.0,0.999741
3009.0,20.0,0.516558
3009.0,21.0,0.998356
3009.0,22.0,0.440597
3009.0,23.0,0.747275
3009.0,24.0,0.52067
3009.0,25.0,0.994246
3009.0,26.0,0.629707
3009.0,27.0,0.964459
3009.0,28.0,0.748583
3009.0,29.0,0.690602
3009.0,30.0,0.045686
3009.0,31.0,1.0
3009.0,32.0,0.601021
3009.0,33.0,0.081329
3009.0,34.0,1.0
3009.0,35.0,0.876662
3009.0,36.0,0.413158
3010.0,0.0,0.384647
3010.0,1.0,0.499157
3010.0,2.0,0.16575
3010.0,3.0,0.727029
3010.0,4.0,0.0946
3010.0,5.0,0.972829
3010.0,6.0,1.0
3010.0,7.0,0.973871
3010.0,8.0,0.689694
3010.0,9.0,0.807219
3010.0,10.0,0.702211
3010.0,11.0,1.0
3010.0,12.0,0.341038
3010.0,13.0,0.682921
3010.0,14.0,0.771166
3010.0,15.0,1.0
3010.0,16.0,0.897199
3010.0,17.0,0.700616
3010.0,18.0,1.0
3010.0,19.0,0.999732
3010.0,20.0,0.511456
3010.0,21.0,0.998151
3010.0,22.0,0.426616
3010.0,23.0,0.746124
3010.0,24.0,0.517805
3010.0,25.0,0.994002
3010.0,26.0,0.605728
3010.0,27.0,0.963032
3010.0,28.0,0.7434
3010.0,29.0,0.682406
3010.0,30.0,0.046184
3010.0,31.0,1.0
3010.0,32.0,0.595424
3010.0,33.0,0.073269
3010.0,34.0,1.0
3010.0,35.0,0.855977
3010.0,36.0,0.405887
4000.0,0.0,0.385037
4000.0,1.0,0.499937
4000.0,2.0,0.128825
4000.0,3.0,0.727549
4000.0,4.0,0.081221
4000.0,5.0,0.98336
4000.0,6.0,1.0
4000.0,7.0,0.987246
4000.0,8.0,0.688172
4000.0,9.0,0.805245
4000.0,10.0,0.75886
4000.0,11.0,1.0
4000.0,12.0,0.328985
4000.0,13.0,0.655825
4000.0,14.0,0.767563
4000.0,15.0,1.0
4000.0,16.0,0.907123
4000.0,17.0,0.700189
4000.0,18.0,1.0
4000.0,19.0,1.0
4000.0,20.0,0.520089
4000.0,21.0,0.999623
4000.0,22.0,0.426357
4000.0,23.0,0.75601
4000.0,24.0,0.507548
4000.0,25.0,0.998416
4000.0,26.0,0.606379
4000.0,27.0,0.970704
4000.0,28.0,0.74338
4000.0,29.0,0.693402
4000.0,30.0,0.032479
4000.0,31.0,1.0
4000.0,32.0,0.604124
4000.0,33.0,0.068601
4000.0,34.0,1.0
4000.0,35.0,0.854359
4000.0,36.0,0.412636
4001.0,0.0,0.396327
4001.0,1.0,0.504321
4001.0,2.0,0.129651
4001.0,3.0,0.733231
4001.0,4.0,0.081711
4001.0,5.0,0.983449
4001.0,6.0,1.0
4001.0,7.0,0.987375
4001.0,8.0,0.696195
4001.0,9.0,0.808396
4001.0,10.0,0.759644
4001.0,11.0,1.0
4001.0,12.0,0.330614
4001.0,13.0,0.657764
4001.0,14.0,0.767562
4001.0,15.0,1.0
4001.0,16.0,0.907271
4001.0,17.0,0.711968
4001.0,18.0,1.0
4001.0,19.0,1.0
4001.0,20.0,0.521645
4001.0,21.0,0.999612
4001.0,22.0,0.429402
4001.0,23.0,0.756524
4001.0,24.0,0.508583
4001.0,25.0,0.998445
4001.0,26.0,0.612331
4001.0,27.0,0.971235
4001.0,28.0,0.744208
4001.0,29.0,0.695188
4001.0,30.0,0.032008
4001.0,31.0,1.0
4001.0,32.0,0.606119
4001.0,33.0,0.070192
4001.0,34.0,1.0
4001.0,35.0,0.860226
4001.0,36.0,0.414238
4002.0,0.0,0.408844
4002.0,1.0,0.509034
4002.0,2.0,0.13027
4002.0,3.0,0.738655
4002.0,4.0,0.082681
4002.0,5.0,0.983503
4002.0,6.0,1.0
4002.0,7.0,0.987517
4002.0,8.0,0.703274
4002.0,9.0,0.811331
4002.0,10.0,0.7601
4002.0,11.0,1.0
4002.0,12.0,0.332685
4002.0,13.0,0.659491
4002.0,14.0,0.76845
4002.0,15.0,1.0
4002.0,16.0,0.907266
4002.0,17.0,0.722702
4002.0,18.0,1.0
4002.0,19.0,1.0
4002.0,20.0,0.52417
4002.0,21.0,0.9996
4002.0,22.0,0.433068
4002.0,23.0,0.756535
4002.0,24.0,0.510597
4002.0,25.0,0.998431
4002.0,26.0,0.618262
4002.0,27.0,0.971246
4002.0,28.0,0.745267
4002.0,29.0,0.696907
4002.0,30.0,0.031749
4002.0,31.0,1.0
4002.0,32.0,0.608516
4002.0,33.0,0.07177
4002.0,34.0,1.0
4002.0,35.0,0.865415
4002.0,36.0,0.415604
4003.0,0.0,0.421704
4003.0,1.0,0.513755
4003.0,2.0,0.1303
4003.0,3.0,0.743561
4003.0,4.0,0.083606
4003.0,5.0,0.983701
4003.0,6.0,1.0
4003.0,7.0,0.987569
4003.0,8.0,0.711083
4003.0,9.0,0.814862
4003.0,10.0,0.75964
4003.0,11.0,1.0
4003.0,12.0,0.333875
4003.0,13.0,0.66157
4003.0,14.0,0.769137
4003.0,15.0,1.0
4003.0,16.0,0.907911
4003.0,17.0,0.733993
4003.0,18.0,1.0
4003.0,19.0,1.0
4003.0,20.0,0.526259
4003.0,21.0,0.999607
4003.0,22.0,0.436214
4003.0,23.0,0.757296
4003.0,24.0,0.512507
4003.0,25.0,0.998496
4003.0,26.0,0.62404
4003.0,27.0,0.971317
4003.0,28.0,0.745927
4003.0,29.0,0.698569
4003.0,30.0,0.031303
4003.0,31.0,1.0
4003.0,32.0,0.610364
4003.0,33.0,0.07342
4003.0,34.0,1.0
4003.0,35.0,0.8705
4003.0,36.0,0.418009
4004.0,0.0,0.435002
4004.0,1.0,0.517651
4004.0,2.0,0.130455
4004.0,3.0,0.748959
4004.0,4.0,0.083783
4004.0,5.0,0.983871
4004.0,6.0,1.0
4004.0,7.0,0.987576
4004.0,8.0,0.718681
4004.0,9.0,0.817889
4004.0,10.0,0.759841
4004.0,11.0,1.0
4004.0,12.0,0.335656
4004.0,13.0,0.663387
4004.0,14.0,0.769698
4004.0,15.0,1.0
4004.0,16.0,0.907862
4004.0,17.0,0.743422
4004.0,18.0,1.0
4004.0,19.0,1.0
4004.0,20.0,0.527213
4004.0,21.0,0.999619
4004.0,22.0,0.439998
4004.0,23.0,0.756838
4004.0,24.0,0.514227
4004.0,25.0,0.998555
4004.0,26.0,0.630528
4004.0,27.0,0.971482
4004.0,28.0,0.747091
4004.0,29.0,0.699289
4004.0,30.0,0.031215
4004.0,31.0,1.0
4004.0,32.0,0.612812
4004.0,33.0,0.075063
4004.0,34.0,1.0
4004.0,35.0,0.875601
4004.0,36.0,0.420952
4005.0,0.0,0.446955
4005.0,1.0,0.522292
4005.0,2.0,0.13069
4005.0,3.0,0.753026
4005.0,4.0,0.084412
4005.0,5.0,0.983898
4005.0,6.0,1.0
4005.0,7.0,0.987487
4005.0,8.0,0.725926
4005.0,9.0,0.820755
4005.0,10.0,0.760469
4005.0,11.0,1.0
4005.0,12.0,0.337047
4005.0,13.0,0.664883
4005.0,14.0,0.770916
4005.0,15.0,1.0
4005.0,16.0,0.90863
4005.0,17.0,0.75223
4005.0,18.0,1.0
4005.0,19.0,1.0
4005.0,20.0,0.529199
4005.0,21.0,0.999612
4005.0,22.0,0.443619
4005.0,23.0,0.75698
4005.0,24.0,0.514654
4005.0,25.0,0.99857
4005.0,26.0,0.636655
4005.0,27.0,0.971971
4005.0,28.0,0.748508
4005.0,29.0,0.701355
4005.0,30.0,0.031257
4005.0,31.0,1.0
4005.0,32.0,0.613801
4005.0,33.0,0.077529
4005.0,34.0,1.0
4005.0,35.0,0.881002
4005.0,36.0,0.422635
4006.0,0.0,0.459261
4006.0,1.0,0.526586
4006.0,2.0,0.131232
4006.0,3.0,0.757957
4006.0,4.0,0.085206
4006.0,5.0,0.984045
4006.0,6.0,1.0
4006.0,7.0,0.987683
4006.0,8.0,0.733207
4006.0,9.0,0.823528
4006.0,10.0,0.760784
4006.0,11.0,1.0
4006.0,12.0,0.338854
4006.0,13.0,0.6664
4006.0,14.0,0.771379
4006.0,15.0,1.0
4006.0,16.0,0.908844
4006.0,17.0,0.760345
4006.0,18.0,1.0
4006.0,19.0,1.0
4006.0,20.0,0.530993
4006.0,21.0,0.999622
4006.0,22.0,0.447396
4006.0,23.0,0.757523
4006.0,24.0,0.51563
4006.0,25.0,0.998557
4006.0,26.0,0.642848
4006.0,27.0,0.972161
4006.0,28.0,0.750784
4006.0,29.0,0.703533
4006.0,30.0,0.031079
4006.0,31.0,1.0
4006.0,32.0,0.615489
4006.0,33.0,0.079585
4006.0,34.0,1.0
4006.0,35.0,0.886262
4006.0,36.0,0.425337
4007.0,0.0,0.470991
4007.0,1.0,0.531338
4007.0,2.0,0.132348
4007.0,3.0,0.762668
4007.0,4.0,0.085926
4007.0,5.0,0.984061
4007.0,6.0,1.0
4007.0,7.0,0.98763
4007.0,8.0,0.740115
4007.0,9.0,0.825752
4007.0,10.0,0.761154
4007.0,11.0,1.0
4007.0,12.0,0.339637
4007.0,13.0,0.667991
4007.0,14.0,0.77257
4007.0,15.0,1.0
4007.0,16.0,0.909826
4007.0,17.0,0.769457
4007.0,18.0,1.0
4007.0,19.0,1.0
4007.0,20.0,0.53212
4007.0,21.0,0.999608
4007.0,22.0,0.451213
4007.0,23.0,0.757523
4007.0,24.0,0.517479
4007.0,25.0,0.998535
4007.0,26.0,0.64914
4007.0,27.0,0.97232
4007.0,28.0,0.752717
4007.0,29.0,0.705675
4007.0,30.0,0.030964
4007.0,31.0,1.0
4007.0,32.0,0.617568
4007.0,33.0,0.081771
4007.0,34.0,1.0
4007.0,35.0,0.890508
4007.0,36.0,0.427013
4008.0,0.0,0.482077
4008.0,1.0,0.536794
4008.0,2.0,0.133217
4008.0,3.0,0.76724
4008.0,4.0,0.086976
4008.0,5.0,0.984051
4008.0,6.0,1.0
4008.0,7.0,0.987701
4008.0,8.0,0.746272
4008.0,9.0,0.82884
4008.0,10.0,0.761526
4008.0,11.0,1.0
4008.0,12.0,0.340641
4008.0,13.0,0.669448
4008.0,14.0,0.773608
4008.0,15.0,1.0
4008.0,16.0,0.909584
4008.0,17.0,0.777002
4008.0,18.0,1.0
4008.0,19.0,1.0
4008.0,20.0,0.533139
4008.0,21.0,0.999627
4008.0,22.0,0.455781
4008.0,23.0,0.757892
4008.0,24.0,0.518511
4008.0,25.0,0.998474
4008.0,26.0,0.655097
4008.0,27.0,0.972623
4008.0,28.0,0.754282
4008.0,29.0,0.707003
4008.0,30.0,0.031056
4008.0,31.0,1.0
4008.0,32.0,0.618816
4008.0,33.0,0.0838
4008.0,34.0,1.0
4008.0,35.0,0.895741
4008.0,36.0,0.429589
4009.0,0.0,0.428338
4009.0,1.0,0.518327
4009.0,2.0,0.130683
4009.0,3.0,0.745786
4009.0,4.0,0.084597
4009.0,5.0,0.983644
4009.0,6.0,1.0
4009.0,7.0,0.987513
4009.0,8.0,0.716952
4009.0,9.0,0.817402
4009.0,10.0,0.760235
4009.0,11.0,1.0
4009.0,12.0,0.334021
4009.0,13.0,0.662257
4009.0,14.0,0.769972
4009.0,15.0,1.0
4009.0,16.0,0.908687
4009.0,17.0,0.73948
4009.0,18.0,1.0
4009.0,19.0,1.0
4009.0,20.0,0.526555
4009.0,21.0,0.999541
4009.0,22.0,0.440563
4009.0,23.0,0.756673
4009.0,24.0,0.514589
4009.0,25.0,0.998503
4009.0,26.0,0.630597
4009.0,27.0,0.971959
4009.0,28.0,0.748892
4009.0,29.0,0.699594
4009.0,30.0,0.031857
4009.0,31.0,1.0
4009.0,32.0,0.611468
4009.0,33.0,0.075331
4009.0,34.0,1.0
4009.0,35.0,0.876651
4009.0,36.0,0.420815
4010.0,0.0,0.384965
4010.0,1.0,0.500147
4010.0,2.0,0.129068
4010.0,3.0,0.725184
4010.0,4.0,0.082556
4010.0,5.0,0.983429
4010.0,6.0,1.0
4010.0,7.0,0.987505
4010.0,8.0,0.687387
4010.0,9.0,0.806256
4010.0,10.0,0.758456
4010.0,11.0,1.0
4010.0,12.0,0.328743
4010.0,13.0,0.656647
4010.0,14.0,0.767888
4010.0,15.0,1.0
4010.0,16.0,0.908008
4010.0,17.0,0.700582
4010.0,18.0,1.0
4010.0,19.0,1.0
4010.0,20.0,0.521307
4010.0,21.0,0.999516
4010.0,22.0,0.425632
4010.0,23.0,0.755867
4010.0,24.0,0.510693
4010.0,25.0,0.998515
4010.0,26.0,0.607809
4010.0,27.0,0.97104
4010.0,28.0,0.744584
4010.0,29.0,0.691877
4010.0,30.0,0.032296
4010.0,31.0,1.0
4010.0,32.0,0.605832
4010.0,33.0,0.067927
4010.0,34.0,1.0
4010.0,35.0,0.855864
4010.0,36.0,0.413054
5000.0,0.0,0.385611
5000.0,1.0,0.496478
5000.0,2.0,0.094077
5000.0,3.0,0.720199
5000.0,4.0,0.06618
5000.0,5.0,0.983778
5000.0,6.0,1.0
5000.0,7.0,0.989148
5000.0,8.0,0.692651
5000.0,9.0,0.810316
5000.0,10.0,0.803007
5000.0,11.0,1.0
5000.0,12.0,0.34095
5000.0,13.0,0.667163
5000.0,14.0,0.771129
5000.0,15.0,1.0
5000.0,16.0,0.9278
5000.0,17.0,0.705218
5000.0,18.0,1.0
5000.0,19.0,1.0
5000.0,20.0,0.519276
5000.0,21.0,1.0
5000.0,22.0,0.435723
5000.0,23.0,0.760233
5000.0,24.0,0.526052
5000.0,25.0,0.99971
5000.0,26.0,0.604773
5000.0,27.0,0.979129
5000.0,28.0,0.741911
5000.0,29.0,0.697032
5000.0,30.0,0.025502
5000.0,31.0,1.0
5000.0,32.0,0.597811
5000.0,33.0,0.072992
5000.0,34.0,1.0
5000.0,35.0,0.867052
5000.0,36.0,0.408858
5001.0,0.0,0.397873
5001.0,1.0,0.50077
5001.0,2.0,0.095319
5001.0,3.0,0.726582
5001.0,4.0,0.066727
5001.0,5.0,0.98395
5001.0,6.0,1.0
5001.0,7.0,0.989322
5001.0,8.0,0.699948
5001.0,9.0,0.812321
5001.0,10.0,0.803086
5001.0,11.0,1.0
5001.0,12.0,0.342486
5001.0,13.0,0.669128
5001.0,14.0,0.77246
5001.0,15.0,1.0
5001.0,16.0,0.927947
5001.0,17.0,0.716552
5001.0,18.0,1.0
5001.0,19.0,1.0
5001.0,20.0,0.521199
5001.0,21.0,1.0
5001.0,22.0,0.439697
5001.0,23.0,0.759863
5001.0,24.0,0.526469
5001.0,25.0,0.999722
5001.0,26.0,0.611814
5001.0,27.0,0.979479
5001.0,28.0,0.742648
5001.0,29.0,0.699732
5001.0,30.0,0.025377
5001.0,31.0,1.0
5001.0,32.0,0.598607
5001.0,33.0,0.074761
5001.0,34.0,1.0
5001.0,35.0,0.871775
5001.0,36.0,0.411309
5002.0,0.0,0.409487
5002.0,1.0,0.50563
5002.0,2.0,0.095144
5002.0,3.0,0.732493
5002.0,4.0,0.06721
5002.0,5.0,0.983865
5002.0,6.0,1.0
5002.0,7.0,0.989362
5002.0,8.0,0.70772
5002.0,9.0,0.814772
5002.0,10.0,0.803396
5002.0,11.0,1.0
5002.0,12.0,0.344059
5002.0,13.0,0.67127
5002.0,14.0,0.772584
5002.0,15.0,1.0
5002.0,16.0,0.928555
5002.0,17.0,0.727142
5002.0,18.0,1.0
5002.0,19.0,1.0
5002.0,20.0,0.521812
5002.0,21.0,1.0
5002.0,22.0,0.443387
5002.0,23.0,0.761374
5002.0,24.0,0.527574
5002.0,25.0,0.999705
5002.0,26.0,0.617702
5002.0,27.0,0.97967
5002.0,28.0,0.743549
5002.0,29.0,0.700781
5002.0,30.0,0.025272
5002.0,31.0,1.0
5002.0,32.0,0.600285
5002.0,33.0,0.07704
5002.0,34.0,1.0
5002.0,35.0,0.876477
5002.0,36.0,0.413652
5003.0,0.0,0.421904
5003.0,1.0,0.51136
5003.0,2.0,0.095329
5003.0,3.0,0.73865
5003.0,4.0,0.067553
5003.0,5.0,0.983931
5003.0,6.0,1.0
5003.0,7.0,0.989472
5003.0,8.0,0.71554
5003.0,9.0,0.817987
5003.0,10.0,0.804332
5003.0,11.0,1.0
5003.0,12.0,0.34664
5003.0,13.0,0.672934
5003.0,14.0,0.77385
5003.0,15.0,1.0
5003.0,16.0,0.928938
5003.0,17.0,0.737354
5003.0,18.0,1.0
5003.0,19.0,1.0
5003.0,20.0,0.523356
5003.0,21.0,1.0
5003.0,22.0,0.446275
5003.0,23.0,0.760942
5003.0,24.0,0.528242
5003.0,25.0,0.999711
5003.0,26.0,0.622876
5003.0,27.0,0.980022
5003.0,28.0,0.744938
5003.0,29.0,0.702729
5003.0,30.0,0.025109
5003.0,31.0,1.0
5003.0,32.0,0.601528
5003.0,33.0,0.079146
5003.0,34.0,1.0
5003.0,35.0,0.880921
5003.0,36.0,0.415211
5004.0,0.0,0.434233
5004.0,1.0,0.515811
5004.0,2.0,0.095877
5004.0,3.0,0.744096
5004.0,4.0,0.067734
5004.0,5.0,0.983948
5004.0,6.0,1.0
5004.0,7.0,0.989468
5004.0,8.0,0.722819
5004.0,9.0,0.820493
5004.0,10.0,0.804545
5004.0,11.0,1.0
5004.0,12.0,0.348348
5004.0,13.0,0.674567
5004.0,14.0,0.774279
5004.0,15.0,1.0
5004.0,16.0,0.929348
5004.0,17.0,0.746199
5004.0,18.0,1.0
5004.0,19.0,1.0
5004.0,20.0,0.524038
5004.0,21.0,1.0
5004.0,22.0,0.450422
5004.0,23.0,0.761846
5004.0,24.0,0.530266
5004.0,25.0,0.999736
5004.0,26.0,0.629284
5004.0,27.0,0.9804
5004.0,28.0,0.746161
5004.0,29.0,0.704763
5004.0,30.0,0.025004
5004.0,31.0,1.0
5004.0,32.0,0.603496
5004.0,33.0,0.081296
5004.0,34.0,1.0
5004.0,35.0,0.885711
5004.0,36.0,0.417016
5005.0,0.0,0.445879
5005.0,1.0,0.520523
5005.0,2.0,0.096061
5005.0,3.0,0.749018
5005.0,4.0,0.068307
5005.0,5.0,0.983987
5005.0,6.0,1.0
5005.0,7.0,0.989398
5005.0,8.0,0.730017
5005.0,9.0,0.82364
5005.0,10.0,0.805443
5005.0,11.0,1.0
5005.0,12.0,0.349729
5005.0,13.0,0.67687
5005.0,14.0,0.774264
5005.0,15.0,1.0
5005.0,16.0,0.929307
5005.0,17.0,0.7551
5005.0,18.0,1.0
5005.0,19.0,1.0
5005.0,20.0,0.526267
5005.0,21.0,1.0
5005.0,22.0,0.453559
5005.0,23.0,0.762188
5005.0,24.0,0.53187
5005.0,25.0,0.999722
5005.0,26.0,0.63474
5005.0,27.0,0.980509
5005.0,28.0,0.747346
5005.0,29.0,0.707198
5005.0,30.0,0.024755
5005.0,31.0,1.0
5005.0,32.0,0.605235
5005.0,33.0,0.083212
5005.0,34.0,1.0
5005.0,35.0,0.89023
5005.0,36.0,0.418501
5006.0,0.0,0.458249
5006.0,1.0,0.525169
5006.0,2.0,0.096629
5006.0,3.0,0.754479
5006.0,4.0,0.068725
5006.0,5.0,0.984028
5006.0,6.0,1.0
5006.0,7.0,0.989611
5006.0,8.0,0.737069
5006.0,9.0,0.826329
5006.0,10.0,0.806098
5006.0,11.0,1.0
5006.0,12.0,0.350848
5006.0,13.0,0.678767
5006.0,14.0,0.775298
5006.0,15.0,1.0
5006.0,16.0,0.929923
5006.0,17.0,0.763217
5006.0,18.0,1.0
5006.0,19.0,1.0
5006.0,20.0,0.528528
5006.0,21.0,1.0
5006.0,22.0,0.45639
5006.0,23.0,0.761732
5006.0,24.0,0.532884
5006.0,25.0,0.99969
5006.0,26.0,0.641093
5006.0,27.0,0.98078
5006.0,28.0,0.748849
5006.0,29.0,0.709478
5006.0,30.0,0.024643
5006.0,31.0,1.0
5006.0,32.0,0.606297
5006.0,33.0,0.085051
5006.0,34.0,1.0
5006.0,35.0,0.895182
5006.0,36.0,0.419104
5007.0,0.0,0.470032
5007.0,1.0,0.529573
5007.0,2.0,0.097288
5007.0,3.0,0.75888
5007.0,4.0,0.069209
5007.0,5.0,0.983915
5007.0,6.0,1.0
5007.0,7.0,0.989622
5007.0,8.0,0.743429
5007.0,9.0,0.829453
5007.0,10.0,0.806399
5007.0,11.0,1.0
5007.0,12.0,0.35266
5007.0,13.0,0.680351
5007.0,14.0,0.775451
5007.0,15.0,1.0
5007.0,16.0,0.930234
5007.0,17.0,0.770735
5007.0,18.0,1.0
5007.0,19.0,1.0
5007.0,20.0,0.530252
5007.0,21.0,1.0
5007.0,22.0,0.460227
5007.0,23.0,0.761585
5007.0,24.0,0.533018
5007.0,25.0,0.999727
5007.0,26.0,0.646454
5007.0,27.0,0.980857
5007.0,28.0,0.749743
5007.0,29.0,0.710976
5007.0,30.0,0.024583
5007.0,31.0,1.0
5007.0,32.0,0.608086
5007.0,33.0,0.087231
5007.0,34.0,1.0
5007.0,35.0,0.899359
5007.0,36.0,0.421453
5008.0,0.0,0.481198
5008.0,1.0,0.534529
5008.0,2.0,0.097245
5008.0,3.0,0.764014
5008.0,4.0,0.069686
5008.0,5.0,0.983949
5008.0,6.0,1.0
5008.0,7.0,0.989823
5008.0,8.0,0.750268
5008.0,9.0,0.831359
5008.0,10.0,0.807166
5008.0,11.0,1.0
5008.0,12.0,0.354288
5008.0,13.0,0.681972
5008.0,14.0,0.775794
5008.0,15.0,1.0
5008.0,16.0,0.930626
5008.0,17.0,0.77768
5008.0,18.0,1.0
5008.0,19.0,1.0
5008.0,20.0,0.531686
5008.0,21.0,1.0
5008.0,22.0,0.4638
5008.0,23.0,0.762029
5008.0,24.0,0.534888
5008.0,25.0,0.999744
5008.0,26.0,0.653021
5008.0,27.0,0.980849
5008.0,28.0,0.750747
5008.0,29.0,0.713281
5008.0,30.0,0.024365
5008.0,31.0,1.0
5008.0,32.0,0.610251
5008.0,33.0,0.089534
5008.0,34.0,1.0
5008.0,35.0,0.903593
5008.0,36.0,0.423063
5009.0,0.0,0.428066
5009.0,1.0,0.515031
5009.0,2.0,0.096084
5009.0,3.0,0.743083
5009.0,4.0,0.067919
5009.0,5.0,0.983442
5009.0,6.0,1.0
5009.0,7.0,0.989738
5009.0,8.0,0.721321
5009.0,9.0,0.820058
5009.0,10.0,0.806315
5009.0,11.0,1.0
5009.0,12.0,0.34774
5009.0,13.0,0.674535
5009.0,14.0,0.772828
5009.0,15.0,1.0
5009.0,16.0,0.9299
5009.0,17.0,0.741176
5009.0,18.0,1.0
5009.0,19.0,1.0
5009.0,20.0,0.525235
5009.0,21.0,1.0
5009.0,22.0,0.448483
5009.0,23.0,0.760742
5009.0,24.0,0.530687
5009.0,25.0,0.999772
5009.0,26.0,0.628455
5009.0,27.0,0.980453
5009.0,28.0,0.745355
5009.0,29.0,0.705019
5009.0,30.0,0.024906
5009.0,31.0,1.0
5009.0,32.0,0.604337
5009.0,33.0,0.079889
5009.0,34.0,1.0
5009.0,35.0,0.885801
5009.0,36.0,0.414537
5010.0,0.0,0.384435
5010.0,1.0,0.4968
5010.0,2.0,0.094849
5010.0,3.0,0.721588
5010.0,4.0,0.065881
5010.0,5.0,0.982765
5010.0,6.0,1.0
5010.0,7.0,0.989624
5010.0,8.0,0.691384
5010.0,9.0,0.808929
5010.0,10.0,0.804703
5010.0,11.0,1.0
5010.0,12.0,0.341495
5010.0,13.0,0.668082
5010.0,14.0,0.769644
5010.0,15.0,1.0
5010.0,16.0,0.929386
5010.0,17.0,0.701517
5010.0,18.0,1.0
5010.0,19.0,1.0
5010.0,20.0,0.519588
5010.0,21.0,1.0
5010.0,22.0,0.434271
5010.0,23.0,0.759609
5010.0,24.0,0.527025
5010.0,25.0,0.999761
5010.0,26.0,0.605785
5010.0,27.0,0.979833
5010.0,28.0,0.74067
5010.0,29.0,0.696977
5010.0,30.0,0.025567
5010.0,31.0,1.0
5010.0,32.0,0.59838
5010.0,33.0,0.072347
5010.0,34.0,1.0
5010.0,35.0,0.866755
5010.0,36.0,0.407316
6000.0,0.0,0.382299
6000.0,1.0,0.501684
6000.0,2.0,0.06968
6000.0,3.0,0.725752
6000.0,4.0,0.057488
6000.0,5.0,0.984181
6000.0,6.0,1.0
6000.0,7.0,0.995659
6000.0,8.0,0.683578
6000.0,9.0,0.811509
6000.0,10.0,0.818556
6000.0,11.0,1.0
6000.0,12.0,0.329155
6000.0,13.0,0.680985
6000.0,14.0,0.778107
6000.0,15.0,1.0
6000.0,16.0,0.940778
6000.0,17.0,0.707145
6000.0,18.0,1.0
6000.0,19.0,1.0
6000.0,20.0,0.523184
6000.0,21.0,1.0
6000.0,22.0,0.430598
6000.0,23.0,0.775358
6000.0,24.0,0.52174
6000.0,25.0,1.0
6000.0,26.0,0.606816
6000.0,27.0,0.972742
6000.0,28.0,0.73806
6000.0,29.0,0.673236
6000.0,30.0,0.018913
6000.0,31.0,1.0
6000.0,32.0,0.605498
6000.0,33.0,0.066957
6000.0,34.0,1.0
6000.0,35.0,0.860968
6000.0,36.0,0.411799
6001.0,0.0,0.394582
6001.0,1.0,0.506675
6001.0,2.0,0.06986
6001.0,3.0,0.732089
6001.0,4.0,0.05774
6001.0,5.0,0.984194
6001.0,6.0,1.0
6001.0,7.0,0.995651
6001.0,8.0,0.692229
6001.0,9.0,0.814414
6001.0,10.0,0.819162
6001.0,11.0,1.0
6001.0,12.0,0.330574
6001.0,13.0,0.683151
6001.0,14.0,0.778818
6001.0,15.0,1.0
6001.0,16.0,0.940873
6001.0,17.0,0.718924
6001.0,18.0,1.0
6001.0,19.0,1.0
6001.0,20.0,0.524885
6001.0,21.0,1.0
6001.0,22.0,0.435088
6001.0,23.0,0.774997
6001.0,24.0,0.523429
6001.0,25.0,1.0
6001.0,26.0,0.613523
6001.0,27.0,0.972899
6001.0,28.0,0.738805
6001.0,29.0,0.675434
6001.0,30.0,0.018924
6001.0,31.0,1.0
6001.0,32.0,0.607246
6001.0,33.0,0.06894
6001.0,34.0,1.0
6001.0,35.0,0.865935
6001.0,36.0,0.414061
6002.0,0.0,0.407097
6002.0,1.0,0.511013
6002.0,2.0,0.069983
6002.0,3.0,0.737267
6002.0,4.0,0.058
6002.0,5.0,0.984539
6002.0,6.0,1.0
6002.0,7.0,0.99563
6002.0,8.0,0.699933
6002.0,9.0,0.817904
6002.0,10.0,0.819409
6002.0,11.0,1.0
6002.0,12.0,0.332009
6002.0,13.0,0.684443
6002.0,14.0,0.779382
6002.0,15.0,1.0
6002.0,16.0,0.941059
6002.0,17.0,0.728737
6002.0,18.0,1.0
6002.0,19.0,1.0
6002.0,20.0,0.525705
6002.0,21.0,1.0
6002.0,22.0,0.438892
6002.0,23.0,0.775718
6002.0,24.0,0.523804
6002.0,25.0,1.0
6002.0,26.0,0.619415
6002.0,27.0,0.973127
6002.0,28.0,0.741028
6002.0,29.0,0.677081
6002.0,30.0,0.018777
6002.0,31.0,1.0
6002.0,32.0,0.608266
6002.0,33.0,0.070721
6002.0,34.0,1.0
6002.0,35.0,0.871283
6002.0,36.0,0.417195
6003.0,0.0,0.419846
6003.0,1.0,0.515508
6003.0,2.0,0.070327
6003.0,3.0,0.743201
6003.0,4.0,0.05829
6003.0,5.0,0.984678
6003.0,6.0,1.0
6003.0,7.0,0.995543
6003.0,8.0,0.708276
6003.0,9.0,0.820558
6003.0,10.0,0.819747
6003.0,11.0,1.0
6003.0,12.0,0.333616
6003.0,13.0,0.685824
6003.0,14.0,0.779294
6003.0,15.0,1.0
6003.0,16.0,0.941125
6003.0,17.0,0.738451
6003.0,18.0,1.0
6003.0,19.0,1.0
6003.0,20.0,0.527604
6003.0,21.0,1.0
6003.0,22.0,0.442251
6003.0,23.0,0.775549
6003.0,24.0,0.524392
6003.0,25.0,1.0
6003.0,26.0,0.625795
6003.0,27.0,0.973282
6003.0,28.0,0.741126
6003.0,29.0,0.679144
6003.0,30.0,0.018757
6003.0,31.0,1.0
6003.0,32.0,0.609906
6003.0,33.0,0.072894
6003.0,34.0,1.0
6003.0,35.0,0.87638
6003.0,36.0,0.418627
6004.0,0.0,0.432355
6004.0,1.0,0.52055
6004.0,2.0,0.070791
6004.0,3.0,0.748835
6004.0,4.0,0.058431
6004.0,5.0,0.984606
6004.0,6.0,1.0
6004.0,7.0,0.995577
6004.0,8.0,0.716379
6004.0,9.0,0.822956
6004.0,10.0,0.820067
6004.0,11.0,1.0
6004.0,12.0,0.33396
6004.0,13.0,0.687324
6004.0,14.0,0.780305
6004.0,15.0,1.0
6004.0,16.0,0.941057
6004.0,17.0,0.747913
6004.0,18.0,1.0
6004.0,19.0,1.0
6004.0,20.0,0.529777
6004.0,21.0,1.0
6004.0,22.0,0.44712
6004.0,23.0,0.775954
6004.0,24.0,0.525599
6004.0,25.0,1.0
6004.0,26.0,0.631457
6004.0,27.0,0.973372
6004.0,28.0,0.742848
6004.0,29.0,0.682093
6004.0,30.0,0.018625
6004.0,31.0,1.0
6004.0,32.0,0.610494
6004.0,33.0,0.074852
6004.0,34.0,1.0
6004.0,35.0,0.882195
6004.0,36.0,0.419981
6005.0,0.0,0.444062
6005.0,1.0,0.52433
6005.0,2.0,0.07071
6005.0,3.0,0.753704
6005.0,4.0,0.059019
6005.0,5.0,0.984487
6005.0,6.0,1.0
6005.0,7.0,0.995534
6005.0,8.0,0.723465
6005.0,9.0,0.825925
6005.0,10.0,0.820713
6005.0,11.0,1.0
6005.0,12.0,0.336377
6005.0,13.0,0.688484
6005.0,14.0,0.780903
6005.0,15.0,1.0
6005.0,16.0,0.94122
6005.0,17.0,0.757026
6005.0,18.0,1.0
6005.0,19.0,1.0
6005.0,20.0,0.531133
6005.0,21.0,1.0
6005.0,22.0,0.450789
6005.0,23.0,0.776205
6005.0,24.0,0.526156
6005.0,25.0,1.0
6005.0,26.0,0.637459
6005.0,27.0,0.973723
6005.0,28.0,0.743948
6005.0,29.0,0.68404
6005.0,30.0,0.01865
6005.0,31.0,1.0
6005.0,32.0,0.611849
6005.0,33.0,0.076801
6005.0,34.0,1.0
6005.0,35.0,0.887095
6005.0,36.0,0.423007
6006.0,0.0,0.455734
6006.0,1.0,0.529203
6006.0,2.0,0.070416
6006.0,3.0,0.758356
6006.0,4.0,0.059397
6006.0,5.0,0.984573
6006.0,6.0,1.0
6006.0,7.0,0.995597
6006.0,8.0,0.731005
6006.0,9.0,0.828724
6006.0,10.0,0.821147
6006.0,11.0,1.0
6006.0,12.0,0.337077
6006.0,13.0,0.690171
6006.0,14.0,0.781203
6006.0,15.0,1.0
6006.0,16.0,0.941546
6006.0,17.0,0.765095
6006.0,18.0,1.0
6006.0,19.0,1.0
6006.0,20.0,0.532179
6006.0,21.0,1.0
6006.0,22.0,0.454
6006.0,23.0,0.7768
6006.0,24.0,0.526633
6006.0,25.0,1.0
6006.0,26.0,0.642855
6006.0,27.0,0.974023
6006.0,28.0,0.745377
6006.0,29.0,0.686329
6006.0,30.0,0.01844
6006.0,31.0,1.0
6006.0,32.0,0.612932
6006.0,33.0,0.079046
6006.0,34.0,1.0
6006.0,35.0,0.891466
6006.0,36.0,0.424862
6007.0,0.0,0.4677
6007.0,1.0,0.534069
6007.0,2.0,0.070708
6007.0,3.0,0.763124
6007.0,4.0,0.060072
6007.0,5.0,0.984811
6007.0,6.0,1.0
6007.0,7.0,0.995678
6007.0,8.0,0.738201
6007.0,9.0,0.831039
6007.0,10.0,0.821043
6007.0,11.0,1.0
6007.0,12.0,0.33862
6007.0,13.0,0.691439
6007.0,14.0,0.78169
6007.0,15.0,1.0
6007.0,16.0,0.941637
6007.0,17.0,0.772895
6007.0,18.0,1.0
6007.0,19.0,1.0
6007.0,20.0,0.53375
6007.0,21.0,1.0
6007.0,22.0,0.458111
6007.0,23.0,0.776845
6007.0,24.0,0.527613
6007.0,25.0,1.0
6007.0,26.0,0.648244
6007.0,27.0,0.974101
6007.0,28.0,0.74639
6007.0,29.0,0.689053
6007.0,30.0,0.018404
6007.0,31.0,1.0
6007.0,32.0,0.614395
6007.0,33.0,0.080922
6007.0,34.0,1.0
6007.0,35.0,0.896205
6007.0,36.0,0.425823
6008.0,0.0,0.479754
6008.0,1.0,0.53876
6008.0,2.0,0.071034
6008.0,3.0,0.767872
6008.0,4.0,0.06044
6008.0,5.0,0.984931
6008.0,6.0,1.0
6008.0,7.0,0.995602
6008.0,8.0,0.745516
6008.0,9.0,0.833141
6008.0,10.0,0.820859
6008.0,11.0,1.0
6008.0,12.0,0.340253
6008.0,13.0,0.692533
6008.0,14.0,0.782636
6008.0,15.0,1.0
6008.0,16.0,0.941778
6008.0,17.0,0.780923
6008.0,18.0,1.0
6008.0,19.0,1.0
6008.0,20.0,0.535639
6008.0,21.0,1.0
6008.0,22.0,0.462203
6008.0,23.0,0.777351
6008.0,24.0,0.528134
6008.0,25.0,1.0
6008.0,26.0,0.653971
6008.0,27.0,0.974254
6008.0,28.0,0.747596
6008.0,29.0,0.690641
6008.0,30.0,0.018267
6008.0,31.0,1.0
6008.0,32.0,0.616732
6008.0,33.0,0.083198
6008.0,34.0,1.0
6008.0,35.0,0.900365
6008.0,36.0,0.42722
6009.0,0.0,0.426811
6009.0,1.0,0.519889
6009.0,2.0,0.069791
6009.0,3.0,0.745843
6009.0,4.0,0.059115
6009.0,5.0,0.984555
6009.0,6.0,1.0
6009.0,7.0,0.995497
6009.0,8.0,0.714782
6009.0,9.0,0.821757
6009.0,10.0,0.819638
6009.0,11.0,1.0
6009.0,12.0,0.334737
6009.0,13.0,0.685767
6009.0,14.0,0.77931
6009.0,15.0,1.0
6009.0,16.0,0.941659
6009.0,17.0,0.745096
6009.0,18.0,1.0
6009.0,19.0,1.0
6009.0,20.0,0.530082
6009.0,21.0,1.0
6009.0,22.0,0.446546
6009.0,23.0,0.776509
6009.0,24.0,0.524437
6009.0,25.0,1.0
6009.0,26.0,0.629305
6009.0,27.0,0.973162
6009.0,28.0,0.742022
6009.0,29.0,0.68294
6009.0,30.0,0.01852
6009.0,31.0,1.0
6009.0,32.0,0.609991
6009.0,33.0,0.074246
6009.0,34.0,1.0
6009.0,35.0,0.881879
6009.0,36.0,0.418643
6010.0,0.0,0.383359
6010.0,1.0,0.50162
6010.0,2.0,0.06846
6010.0,3.0,0.724817
6010.0,4.0,0.057931
6010.0,5.0,0.984034
6010.0,6.0,1.0
6010.0,7.0,0.995366
6010.0,8.0,0.683909
6010.0,9.0,0.809847
6010.0,10.0,0.818506
6010.0,11.0,1.0
6010.0,12.0,0.328336
6010.0,13.0,0.678406
6010.0,14.0,0.776649
6010.0,15.0,1.0
6010.0,16.0,0.941033
6010.0,17.0,0.706579
6010.0,18.0,1.0
6010.0,19.0,1.0
6010.0,20.0,0.524784
6010.0,21.0,1.0
6010.0,22.0,0.432451
6010.0,23.0,0.775641
6010.0,24.0,0.520675
6010.0,25.0,1.0
6010.0,26.0,0.606446
6010.0,27.0,0.972655
6010.0,28.0,0.736955
6010.0,29.0,0.674371
6010.0,30.0,0.018683
6010.0,31.0,1.0
6010.0,32.0,0.603656
6010.0,33.0,0.066954
6010.0,34.0,1.0
6010.0,35.0,0.862467
6010.0,36.0,0.410682
7000.0,0.0,0.384236
7000.0,1.0,0.504415
7000.0,2.0,0.039211
7000.0,3.0,0.72488
7000.0,4.0,0.061477
7000.0,5.0,0.983611
7000.0,6.0,1.0
7000.0,7.0,0.997662
7000.0,8.0,0.689394
7000.0,9.0,0.808296
7000.0,10.0,0.831453
7000.0,11.0,1.0
7000.0,12.0,0.323682
7000.0,13.0,0.675644
7000.0,14.0,0.769354
7000.0,15.0,1.0
7000.0,16.0,0.939898
7000.0,17.0,0.703958
7000.0,18.0,1.0
7000.0,19.0,1.0
7000.0,20.0,0.523202
7000.0,21.0,1.0
7000.0,22.0,0.426847
7000.0,23.0,0.776854
7000.0,24.0,0.524084
7000.0,25.0,1.0
7000.0,26.0,0.60675
7000.0,27.0,0.967727
7000.0,28.0,0.742911
7000.0,29.0,0.689006
7000.0,30.0,0.013452
7000.0,31.0,1.0
7000.0,32.0,0.602932
7000.0,33.0,0.074646
7000.0,34.0,1.0
7000.0,35.0,0.862597
7000.0,36.0,0.406531
7001.0,0.0,0.396724
7001.0,1.0,0.508524
7001.0,2.0,0.039202
7001.0,3.0,0.73118
7001.0,4.0,0.061972
7001.0,5.0,0.983767
7001.0,6.0,1.0
7001.0,7.0,0.997682
7001.0,8.0,0.69734
7001.0,9.0,0.810951
7001.0,10.0,0.83182
7001.0,11.0,1.0
7001.0,12.0,0.3248
7001.0,13.0,0.676556
7001.0,14.0,0.769908
7001.0,15.0,1.0
7001.0,16.0,0.940033
7001.0,17.0,0.715541
7001.0,18.0,1.0
7001.0,19.0,1.0
7001.0,20.0,0.524299
7001.0,21.0,1.0
7001.0,22.0,0.430156
7001.0,23.0,0.777095
7001.0,24.0,0.524794
7001.0,25.0,1.0
7001.0,26.0,0.61373
7001.0,27.0,0.96794
7001.0,28.0,0.744372
7001.0,29.0,0.690713
7001.0,30.0,0.013478
7001.0,31.0,1.0
7001.0,32.0,0.603432
7001.0,33.0,0.076797
7001.0,34.0,1.0
7001.0,35.0,0.867938
7001.0,36.0,0.407987
7002.0,0.0,0.408871
7002.0,1.0,0.513887
7002.0,2.0,0.039383
7002.0,3.0,0.737014
7002.0,4.0,0.062169
7002.0,5.0,0.983874
7002.0,6.0,1.0
7002.0,7.0,0.997773
7002.0,8.0,0.706358
7002.0,9.0,0.813951
7002.0,10.0,0.832556
7002.0,11.0,1.0
7002.0,12.0,0.326311
7002.0,13.0,0.678165
7002.0,14.0,0.770664
7002.0,15.0,1.0
7002.0,16.0,0.940007
7002.0,17.0,0.726585
7002.0,18.0,1.0
7002.0,19.0,1.0
7002.0,20.0,0.526449
7002.0,21.0,1.0
7002.0,22.0,0.434535
7002.0,23.0,0.777049
7002.0,24.0,0.525989
7002.0,25.0,1.0
7002.0,26.0,0.619245
7002.0,27.0,0.968026
7002.0,28.0,0.74634
7002.0,29.0,0.691838
7002.0,30.0,0.01334
7002.0,31.0,1.0
7002.0,32.0,0.605309
7002.0,33.0,0.078873
7002.0,34.0,1.0
7002.0,35.0,0.873535
7002.0,36.0,0.409573
7003.0,0.0,0.420996
7003.0,1.0,0.51833
7003.0,2.0,0.039217
7003.0,3.0,0.742486
7003.0,4.0,0.062128
7003.0,5.0,0.984089
7003.0,6.0,1.0
7003.0,7.0,0.997765
7003.0,8.0,0.714859
7003.0,9.0,0.816587
7003.0,10.0,0.833222
7003.0,11.0,1.0
7003.0,12.0,0.327261
7003.0,13.0,0.679291
7003.0,14.0,0.771442
7003.0,15.0,1.0
7003.0,16.0,0.94028
7003.0,17.0,0.73735
7003.0,18.0,1.0
7003.0,19.0,1.0
7003.0,20.0,0.527686
7003.0,21.0,1.0
7003.0,22.0,0.438302
7003.0,23.0,0.777344
7003.0,24.0,0.527614
7003.0,25.0,1.0
7003.0,26.0,0.624729
7003.0,27.0,0.968563
7003.0,28.0,0.74696
7003.0,29.0,0.694266
7003.0,30.0,0.013278
7003.0,31.0,1.0
7003.0,32.0,0.606847
7003.0,33.0,0.080958
7003.0,34.0,1.0
7003.0,35.0,0.878182
7003.0,36.0,0.411572
7004.0,0.0,0.433405
7004.0,1.0,0.523375
7004.0,2.0,0.039281
7004.0,3.0,0.747446
7004.0,4.0,0.062486
7004.0,5.0,0.984014
7004.0,6.0,1.0
7004.0,7.0,0.997767
7004.0,8.0,0.721869
7004.0,9.0,0.818862
7004.0,10.0,0.833387
7004.0,11.0,1.0
7004.0,12.0,0.32926
7004.0,13.0,0.681127
7004.0,14.0,0.772059
7004.0,15.0,1.0
7004.0,16.0,0.940457
7004.0,17.0,0.746902
7004.0,18.0,1.0
7004.0,19.0,1.0
7004.0,20.0,0.528908
7004.0,21.0,1.0
7004.0,22.0,0.442138
7004.0,23.0,0.777996
7004.0,24.0,0.529773
7004.0,25.0,1.0
7004.0,26.0,0.630333
7004.0,27.0,0.968786
7004.0,28.0,0.749093
7004.0,29.0,0.695754
7004.0,30.0,0.013321
7004.0,31.0,1.0
7004.0,32.0,0.608838
7004.0,33.0,0.0834
7004.0,34.0,1.0
7004.0,35.0,0.882823
7004.0,36.0,0.413335
7005.0,0.0,0.445845
7005.0,1.0,0.528348
7005.0,2.0,0.039338
7005.0,3.0,0.752662
7005.0,4.0,0.062802
7005.0,5.0,0.984462
7005.0,6.0,1.0
7005.0,7.0,0.997816
7005.0,8.0,0.729489
7005.0,9.0,0.82196
7005.0,10.0,0.833459
7005.0,11.0,1.0
7005.0,12.0,0.330599
7005.0,13.0,0.68277
7005.0,14.0,0.773141
7005.0,15.0,1.0
7005.0,16.0,0.940645
7005.0,17.0,0.75659
7005.0,18.0,1.0
7005.0,19.0,1.0
7005.0,20.0,0.530329
7005.0,21.0,1.0
7005.0,22.0,0.445757
7005.0,23.0,0.77852
7005.0,24.0,0.530409
7005.0,25.0,1.0
7005.0,26.0,0.636383
7005.0,27.0,0.969112
7005.0,28.0,0.750778
7005.0,29.0,0.697973
7005.0,30.0,0.013103
7005.0,31.0,1.0
7005.0,32.0,0.610853
7005.0,33.0,0.085669
7005.0,34.0,1.0
7005.0,35.0,0.887579
7005.0,36.0,0.415087
7006.0,0.0,0.457812
7006.0,1.0,0.532976
7006.0,2.0,0.039182
7006.0,3.0,0.757005
7006.0,4.0,0.062918
7006.0,5.0,0.984308
7006.0,6.0,1.0
7006.0,7.0,0.997836
7006.0,8.0,0.736877
7006.0,9.0,0.824253
7006.0,10.0,0.833035
7006.0,11.0,1.0
7006.0,12.0,0.331328
7006.0,13.0,0.684977
7006.0,14.0,0.774212
7006.0,15.0,1.0
7006.0,16.0,0.940786
7006.0,17.0,0.764138
7006.0,18.0,1.0
7006.0,19.0,1.0
7006.0,20.0,0.532002
7006.0,21.0,1.0
7006.0,22.0,0.449383
7006.0,23.0,0.778263
7006.0,24.0,0.531016
7006.0,25.0,1.0
7006.0,26.0,0.642665
7006.0,27.0,0.969056
7006.0,28.0,0.752108
7006.0,29.0,0.699194
7006.0,30.0,0.013249
7006.0,31.0,1.0
7006.0,32.0,0.611944
7006.0,33.0,0.08776
7006.0,34.0,1.0
7006.0,35.0,0.891881
7006.0,36.0,0.416583
7007.0,0.0,0.46852
7007.0,1.0,0.538193
7007.0,2.0,0.039198
7007.0,3.0,0.761344
7007.0,4.0,0.063037
7007.0,5.0,0.984378
7007.0,6.0,1.0
7007.0,7.0,0.997848
7007.0,8.0,0.743614
7007.0,9.0,0.827395
7007.0,10.0,0.833062
7007.0,11.0,1.0
7007.0,12.0,0.33355
7007.0,13.0,0.686249
7007.0,14.0,0.775534
7007.0,15.0,1.0
7007.0,16.0,0.941086
7007.0,17.0,0.771821
7007.0,18.0,1.0
7007.0,19.0,1.0
7007.0,20.0,0.534134
7007.0,21.0,1.0
7007.0,22.0,0.452764
7007.0,23.0,0.778481
7007.0,24.0,0.531977
7007.0,25.0,1.0
7007.0,26.0,0.649502
7007.0,27.0,0.969439
7007.0,28.0,0.75306
7007.0,29.0,0.70141
7007.0,30.0,0.013124
7007.0,31.0,1.0
7007.0,32.0,0.61386
7007.0,33.0,0.090561
7007.0,34.0,1.0
7007.0,35.0,0.895925
7007.0,36.0,0.41851
7008.0,0.0,0.479931
7008.0,1.0,0.542168
7008.0,2.0,0.039382
7008.0,3.0,0.766806
7008.0,4.0,0.06325
7008.0,5.0,0.984346
7008.0,6.0,1.0
7008.0,7.0,0.99781
7008.0,8.0,0.750802
7008.0,9.0,0.829256
7008.0,10.0,0.833244
7008.0,11.0,1.0
7008.0,12.0,0.334982
7008.0,13.0,0.68794
7008.0,14.0,0.77597
7008.0,15.0,1.0
7008.0,16.0,0.941121
7008.0,17.0,0.779085
7008.0,18.0,1.0
7008.0,19.0,1.0
7008.0,20.0,0.533936
7008.0,21.0,1.0
7008.0,22.0,0.457081
7008.0,23.0,0.778661
7008.0,24.0,0.533154
7008.0,25.0,1.0
7008.0,26.0,0.655162
7008.0,27.0,0.96969
7008.0,28.0,0.755156
7008.0,29.0,0.703156
7008.0,30.0,0.013047
7008.0,31.0,1.0
7008.0,32.0,0.614252
7008.0,33.0,0.092711
7008.0,34.0,1.0
7008.0,35.0,0.900056
7008.0,36.0,0.420684
7009.0,0.0,0.42704
7009.0,1.0,0.522372
7009.0,2.0,0.03892
7009.0,3.0,0.745572
7009.0,4.0,0.061779
7009.0,5.0,0.98391
7009.0,6.0,1.0
7009.0,7.0,0.997751
7009.0,8.0,0.720528
7009.0,9.0,0.81812
7009.0,10.0,0.832048
7009.0,11.0,1.0
7009.0,12.0,0.329506
7009.0,13.0,0.680813
7009.0,14.0,0.772823
7009.0,15.0,1.0
7009.0,16.0,0.940023
7009.0,17.0,0.742049
7009.0,18.0,1.0
7009.0,19.0,1.0
7009.0,20.0,0.526892
7009.0,21.0,1.0
7009.0,22.0,0.441685
7009.0,23.0,0.777368
7009.0,24.0,0.529545
7009.0,25.0,1.0
7009.0,26.0,0.630313
7009.0,27.0,0.968125
7009.0,28.0,0.751361
7009.0,29.0,0.694953
7009.0,30.0,0.013239
7009.0,31.0,1.0
7009.0,32.0,0.607654
7009.0,33.0,0.082819
7009.0,34.0,1.0
7009.0,35.0,0.882325
7009.0,36.0,0.41332
7010.0,0.0,0.38405
7010.0,1.0,0.504036
7010.0,2.0,0.038063
7010.0,3.0,0.724155
7010.0,4.0,0.060341
7010.0,5.0,0.983338
7010.0,6.0,1.0
7010.0,7.0,0.997755
7010.0,8.0,0.690069
7010.0,9.0,0.807255
7010.0,10.0,0.830683
7010.0,11.0,1.0
7010.0,12.0,0.323871
7010.0,13.0,0.675205
7010.0,14.0,0.771026
7010.0,15.0,1.0
7010.0,16.0,0.939845
7010.0,17.0,0.702359
7010.0,18.0,1.0
7010.0,19.0,1.0
7010.0,20.0,0.521068
7010.0,21.0,1.0
7010.0,22.0,0.428836
7010.0,23.0,0.775957
7010.0,24.0,0.525496
7010.0,25.0,1.0
7010.0,26.0,0.60723
7010.0,27.0,0.967423
7010.0,28.0,0.746058
7010.0,29.0,0.68739
7010.0,30.0,0.013241
7010.0,31.0,1.0
7010.0,32.0,0.602704
7010.0,33.0,0.074357
7010.0,34.0,1.0
7010.0,35.0,0.862591
7010.0,36.0,0.404934
8000.0,0.0,0.38786
8000.0,1.0,0.494834
8000.0,2.0,0.028105
8000.0,3.0,0.721252
8000.0,4.0,0.062108
8000.0,5.0,0.982368
8000.0,6.0,1.0
8000.0,7.0,0.997001
8000.0,8.0,0.688574
8000.0,9.0,0.809699
8000.0,10.0,0.844931
8000.0,11.0,1.0
8000.0,12.0,0.331982
8000.0,13.0,0.668571
8000.0,14.0,0.768253
8000.0,15.0,1.0
8000.0,16.0,0.939403
8000.0,17.0,0.705945
8000.0,18.0,1.0
8000.0,19.0,1.0
8000.0,20.0,0.526577
8000.0,21.0,1.0
8000.0,22.0,0.428755
8000.0,23.0,0.788958
8000.0,24.0,0.51614
8000.0,25.0,1.0
8000.0,26.0,0.601818
8000.0,27.0,0.968963
8000.0,28.0,0.745382
8000.0,29.0,0.677465
8000.0,30.0,0.013461
8000.0,31.0,1.0
8000.0,32.0,0.601192
8000.0,33.0,0.073575
8000.0,34.0,1.0
8000.0,35.0,0.856154
8000.0,36.0,0.416532
8001.0,0.0,0.399981
8001.0,1.0,0.498309
8001.0,2.0,0.028513
8001.0,3.0,0.728052
8001.0,4.0,0.062027
8001.0,5.0,0.982749
8001.0,6.0,1.0
8001.0,7.0,0.996989
8001.0,8.0,0.69716
8001.0,9.0,0.81287
8001.0,10.0,0.845195
8001.0,11.0,1.0
8001.0,12.0,0.332662
8001.0,13.0,0.670968
8001.0,14.0,0.769215
8001.0,15.0,1.0
8001.0,16.0,0.939865
8001.0,17.0,0.717093
8001.0,18.0,1.0
8001.0,19.0,1.0
8001.0,20.0,0.528213
8001.0,21.0,1.0
8001.0,22.0,0.433331
8001.0,23.0,0.789465
8001.0,24.0,0.516576
8001.0,25.0,1.0
8001.0,26.0,0.608572
8001.0,27.0,0.969216
8001.0,28.0,0.746118
8001.0,29.0,0.679519
8001.0,30.0,0.013181
8001.0,31.0,1.0
8001.0,32.0,0.603217
8001.0,33.0,0.075653
8001.0,34.0,1.0
8001.0,35.0,0.861686
8001.0,36.0,0.418798
8002.0,0.0,0.412952
8002.0,1.0,0.503537
8002.0,2.0,0.028795
8002.0,3.0,0.733921
8002.0,4.0,0.062261
8002.0,5.0,0.983019
8002.0,6.0,1.0
8002.0,7.0,0.997026
8002.0,8.0,0.705343
8002.0,9.0,0.815591
8002.0,10.0,0.84483
8002.0,11.0,1.0
8002.0,12.0,0.334163
8002.0,13.0,0.672883
8002.0,14.0,0.769802
8002.0,15.0,1.0
8002.0,16.0,0.939658
8002.0,17.0,0.727844
8002.0,18.0,1.0
8002.0,19.0,1.0
8002.0,20.0,0.529583
8002.0,21.0,1.0
8002.0,22.0,0.437606
8002.0,23.0,0.790116
8002.0,24.0,0.516723
8002.0,25.0,1.0
8002.0,26.0,0.615296
8002.0,27.0,0.969631
8002.0,28.0,0.747044
8002.0,29.0,0.681857
8002.0,30.0,0.01325
8002.0,31.0,1.0
8002.0,32.0,0.604438
8002.0,33.0,0.07831
8002.0,34.0,1.0
8002.0,35.0,0.86668
8002.0,36.0,0.420704
8003.0,0.0,0.425852
8003.0,1.0,0.507756
8003.0,2.0,0.028885
8003.0,3.0,0.740057
8003.0,4.0,0.062904
8003.0,5.0,0.983216
8003.0,6.0,1.0
8003.0,7.0,0.997006
8003.0,8.0,0.713172
8003.0,9.0,0.818934
8003.0,10.0,0.845415
8003.0,11.0,1.0
8003.0,12.0,0.335599
8003.0,13.0,0.674291
8003.0,14.0,0.771163
8003.0,15.0,1.0
8003.0,16.0,0.940048
8003.0,17.0,0.737332
8003.0,18.0,1.0
8003.0,19.0,1.0
8003.0,20.0,0.531751
8003.0,21.0,1.0
8003.0,22.0,0.441362
8003.0,23.0,0.790348
8003.0,24.0,0.51729
8003.0,25.0,1.0
8003.0,26.0,0.6206
8003.0,27.0,0.969983
8003.0,28.0,0.74796
8003.0,29.0,0.683866
8003.0,30.0,0.013272
8003.0,31.0,1.0
8003.0,32.0,0.606042
8003.0,33.0,0.080477
8003.0,34.0,1.0
8003.0,35.0,0.871251
8003.0,36.0,0.423279
8004.0,0.0,0.436995
8004.0,1.0,0.512572
8004.0,2.0,0.029218
8004.0,3.0,0.744796
8004.0,4.0,0.063367
8004.0,5.0,0.98335
8004.0,6.0,1.0
8004.0,7.0,0.996922
8004.0,8.0,0.721679
8004.0,9.0,0.821754
8004.0,10.0,0.84573
8004.0,11.0,1.0
8004.0,12.0,0.33682
8004.0,13.0,0.6766
8004.0,14.0,0.771894
8004.0,15.0,1.0
8004.0,16.0,0.940093
8004.0,17.0,0.747574
8004.0,18.0,1.0
8004.0,19.0,1.0
8004.0,20.0,0.533622
8004.0,21.0,1.0
8004.0,22.0,0.445567
8004.0,23.0,0.790944
8004.0,24.0,0.518407
8004.0,25.0,1.0
8004.0,26.0,0.62745
8004.0,27.0,0.969996
8004.0,28.0,0.749735
8004.0,29.0,0.685609
8004.0,30.0,0.013171
8004.0,31.0,1.0
8004.0,32.0,0.607762
8004.0,33.0,0.082441
8004.0,34.0,1.0
8004.0,35.0,0.876412
8004.0,36.0,0.425048
8005.0,0.0,0.449538
8005.0,1.0,0.517371
8005.0,2.0,0.029114
8005.0,3.0,0.750214
8005.0,4.0,0.063994
8005.0,5.0,0.983388
8005.0,6.0,1.0
8005.0,7.0,0.996984
8005.0,8.0,0.728855
8005.0,9.0,0.824628
8005.0,10.0,0.846879
8005.0,11.0,1.0
8005.0,12.0,0.337589
8005.0,13.0,0.677806
8005.0,14.0,0.772542
8005.0,15.0,1.0
8005.0,16.0,0.940365
8005.0,17.0,0.756275
8005.0,18.0,1.0
8005.0,19.0,1.0
8005.0,20.0,0.535717
8005.0,21.0,1.0
8005.0,22.0,0.449858
8005.0,23.0,0.79074
8005.0,24.0,0.519078
8005.0,25.0,1.0
8005.0,26.0,0.633264
8005.0,27.0,0.969848
8005.0,28.0,0.75066
8005.0,29.0,0.687106
8005.0,30.0,0.013128
8005.0,31.0,1.0
8005.0,32.0,0.610646
8005.0,33.0,0.084537
8005.0,34.0,1.0
8005.0,35.0,0.881361
8005.0,36.0,0.42725
8006.0,0.0,0.460819
8006.0,1.0,0.520506
8006.0,2.0,0.029573
8006.0,3.0,0.754877
8006.0,4.0,0.064555
8006.0,5.0,0.983628
8006.0,6.0,1.0
8006.0,7.0,0.997043
8006.0,8.0,0.736336
8006.0,9.0,0.826522
8006.0,10.0,0.84712
8006.0,11.0,1.0
8006.0,12.0,0.339215
8006.0,13.0,0.680015
8006.0,14.0,0.774105
8006.0,15.0,1.0
8006.0,16.0,0.940422
8006.0,17.0,0.764285
8006.0,18.0,1.0
8006.0,19.0,1.0
8006.0,20.0,0.537399
8006.0,21.0,1.0
8006.0,22.0,0.453755
8006.0,23.0,0.790797
8006.0,24.0,0.518971
8006.0,25.0,1.0
8006.0,26.0,0.638597
8006.0,27.0,0.970337
8006.0,28.0,0.751516
8006.0,29.0,0.688168
8006.0,30.0,0.013128
8006.0,31.0,1.0
8006.0,32.0,0.612226
8006.0,33.0,0.087126
8006.0,34.0,1.0
8006.0,35.0,0.886427
8006.0,36.0,0.429428
8007.0,0.0,0.472472
8007.0,1.0,0.525679
8007.0,2.0,0.029606
8007.0,3.0,0.759655
8007.0,4.0,0.06519
8007.0,5.0,0.983531
8007.0,6.0,1.0
8007.0,7.0,0.997102
8007.0,8.0,0.743473
8007.0,9.0,0.829699
8007.0,10.0,0.847271
8007.0,11.0,1.0
8007.0,12.0,0.340838
8007.0,13.0,0.681267
8007.0,14.0,0.775366
8007.0,15.0,1.0
8007.0,16.0,0.94048
8007.0,17.0,0.772956
8007.0,18.0,1.0
8007.0,19.0,1.0
8007.0,20.0,0.539388
8007.0,21.0,1.0
8007.0,22.0,0.457319
8007.0,23.0,0.790729
8007.0,24.0,0.520144
8007.0,25.0,1.0
8007.0,26.0,0.644564
8007.0,27.0,0.970526
8007.0,28.0,0.752877
8007.0,29.0,0.6892
8007.0,30.0,0.013213
8007.0,31.0,1.0
8007.0,32.0,0.613166
8007.0,33.0,0.089962
8007.0,34.0,1.0
8007.0,35.0,0.890652
8007.0,36.0,0.43069
8008.0,0.0,0.484621
8008.0,1.0,0.530772
8008.0,2.0,0.029685
8008.0,3.0,0.763634
8008.0,4.0,0.065538
8008.0,5.0,0.983626
8008.0,6.0,1.0
8008.0,7.0,0.997194
8008.0,8.0,0.750803
8008.0,9.0,0.831856
8008.0,10.0,0.847695
8008.0,11.0,1.0
8008.0,12.0,0.34231
8008.0,13.0,0.682419
8008.0,14.0,0.776315
8008.0,15.0,1.0
8008.0,16.0,0.940398
8008.0,17.0,0.78095
8008.0,18.0,1.0
8008.0,19.0,1.0
8008.0,20.0,0.540076
8008.0,21.0,1.0
8008.0,22.0,0.460751
8008.0,23.0,0.791293
8008.0,24.0,0.52161
8008.0,25.0,1.0
8008.0,26.0,0.650978
8008.0,27.0,0.970812
8008.0,28.0,0.754426
8008.0,29.0,0.690592
8008.0,30.0,0.013015
8008.0,31.0,1.0
8008.0,32.0,0.614739
8008.0,33.0,0.091863
8008.0,34.0,1.0
8008.0,35.0,0.895124
8008.0,36.0,0.432987
8009.0,0.0,0.431989
8009.0,1.0,0.510813
8009.0,2.0,0.029346
8009.0,3.0,0.741509
8009.0,4.0,0.063611
8009.0,5.0,0.982996
8009.0,6.0,1.0
8009.0,7.0,0.997164
8009.0,8.0,0.720931
8009.0,9.0,0.820342
8009.0,10.0,0.846735
8009.0,11.0,1.0
8009.0,12.0,0.336638
8009.0,13.0,0.67581
8009.0,14.0,0.773949
8009.0,15.0,1.0
8009.0,16.0,0.939516
8009.0,17.0,0.744922
8009.0,18.0,1.0
8009.0,19.0,1.0
8009.0,20.0,0.534317
8009.0,21.0,1.0
8009.0,22.0,0.445949
8009.0,23.0,0.790387
8009.0,24.0,0.517416
8009.0,25.0,1.0
8009.0,26.0,0.625955
8009.0,27.0,0.969776
8009.0,28.0,0.7494
8009.0,29.0,0.682625
8009.0,30.0,0.013416
8009.0,31.0,1.0
8009.0,32.0,0.608426
8009.0,33.0,0.0825
8009.0,34.0,1.0
8009.0,35.0,0.876411
8009.0,36.0,0.42448
8010.0,0.0,0.387056
8010.0,1.0,0.492182
8010.0,2.0,0.028986
8010.0,3.0,0.720203
8010.0,4.0,0.061914
8010.0,5.0,0.982687
8010.0,6.0,1.0
8010.0,7.0,0.997096
8010.0,8.0,0.691021
8010.0,9.0,0.808474
8010.0,10.0,0.845464
8010.0,11.0,1.0
8010.0,12.0,0.331129
8010.0,13.0,0.669311
8010.0,14.0,0.770815
8010.0,15.0,1.0
8010.0,16.0,0.938504
8010.0,17.0,0.705925
8010.0,18.0,1.0
8010.0,19.0,1.0
8010.0,20.0,0.527864
8010.0,21.0,1.0
8010.0,22.0,0.431602
8010.0,23.0,0.788577
8010.0,24.0,0.513796
8010.0,25.0,1.0
8010.0,26.0,0.602734
8010.0,27.0,0.968933
8010.0,28.0,0.744696
8010.0,29.0,0.675408
8010.0,30.0,0.013901
8010.0,31.0,1.0
8010.0,32.0,0.603252
8010.0,33.0,0.074539
8010.0,34.0,1.0
8010.0,35.0,0.856375
8010.0,36.0,0.415694
9000.0,0.0,0.384729
9000.0,1.0,0.507406
9000.0,2.0,0.020409
9000.0,3.0,0.717753
9000.0,4.0,0.044217
9000.0,5.0,0.977743
9000.0,6.0,1.0
9000.0,7.0,0.998367
9000.0,8.0,0.695907
9000.0,9.0,0.809166
9000.0,10.0,0.836521
9000.0,11.0,1.0
9000.0,12.0,0.340614
9000.0,13.0,0.673529
9000.0,14.0,0.761078
9000.0,15.0,1.0
9000.0,16.0,0.943486
9000.0,17.0,0.70047
9000.0,18.0,1.0
9000.0,19.0,1.0
9000.0,20.0,0.521781
9000.0,21.0,1.0
9000.0,22.0,0.4257
9000.0,23.0,0.787637
9000.0,24.0,0.513663
9000.0,25.0,1.0
9000.0,26.0,0.605583
9000.0,27.0,0.967729
9000.0,28.0,0.745123
9000.0,29.0,0.68734
9000.0,30.0,0.007338
9000.0,31.0,1.0
9000.0,32.0,0.604365
9000.0,33.0,0.08387
9000.0,34.0,1.0
9000.0,35.0,0.858431
9000.0,36.0,0.409481
9001.0,0.0,0.397184
9001.0,1.0,0.512237
9001.0,2.0,0.020372
9001.0,3.0,0.723764
9001.0,4.0,0.044335
9001.0,5.0,0.978011
9001.0,6.0,1.0
9001.0,7.0,0.998394
9001.0,8.0,0.704497
9001.0,9.0,0.812572
9001.0,10.0,0.837081
9001.0,11.0,1.0
9001.0,12.0,0.34168
9001.0,13.0,0.674206
9001.0,14.0,0.760724
9001.0,15.0,1.0
9001.0,16.0,0.943912
9001.0,17.0,0.713246
9001.0,18.0,1.0
9001.0,19.0,1.0
9001.0,20.0,0.523162
9001.0,21.0,1.0
9001.0,22.0,0.429977
9001.0,23.0,0.787923
9001.0,24.0,0.514283
9001.0,25.0,1.0
9001.0,26.0,0.612222
9001.0,27.0,0.967946
9001.0,28.0,0.746694
9001.0,29.0,0.68957
9001.0,30.0,0.007229
9001.0,31.0,1.0
9001.0,32.0,0.605679
9001.0,33.0,0.086614
9001.0,34.0,1.0
9001.0,35.0,0.863398
9001.0,36.0,0.411741
9002.0,0.0,0.409834
9002.0,1.0,0.516986
9002.0,2.0,0.020641
9002.0,3.0,0.728876
9002.0,4.0,0.044678
9002.0,5.0,0.978287
9002.0,6.0,1.0
9002.0,7.0,0.99844
9002.0,8.0,0.712393
9002.0,9.0,0.815891
9002.0,10.0,0.837535
9002.0,11.0,1.0
9002.0,12.0,0.343595
9002.0,13.0,0.676646
9002.0,14.0,0.761605
9002.0,15.0,1.0
9002.0,16.0,0.944009
9002.0,17.0,0.723802
9002.0,18.0,1.0
9002.0,19.0,1.0
9002.0,20.0,0.524521
9002.0,21.0,1.0
9002.0,22.0,0.434208
9002.0,23.0,0.787775
9002.0,24.0,0.515169
9002.0,25.0,1.0
9002.0,26.0,0.618707
9002.0,27.0,0.968546
9002.0,28.0,0.747936
9002.0,29.0,0.691836
9002.0,30.0,0.007162
9002.0,31.0,1.0
9002.0,32.0,0.606652
9002.0,33.0,0.088958
9002.0,34.0,1.0
9002.0,35.0,0.86846
9002.0,36.0,0.412813
9003.0,0.0,0.422652
9003.0,1.0,0.520305
9003.0,2.0,0.020502
9003.0,3.0,0.73429
9003.0,4.0,0.044968
9003.0,5.0,0.97849
9003.0,6.0,1.0
9003.0,7.0,0.998512
9003.0,8.0,0.719845
9003.0,9.0,0.819053
9003.0,10.0,0.837366
9003.0,11.0,1.0
9003.0,12.0,0.344842
9003.0,13.0,0.6782
9003.0,14.0,0.762091
9003.0,15.0,1.0
9003.0,16.0,0.944056
9003.0,17.0,0.733775
9003.0,18.0,1.0
9003.0,19.0,1.0
9003.0,20.0,0.526358
9003.0,21.0,1.0
9003.0,22.0,0.438359
9003.0,23.0,0.786862
9003.0,24.0,0.515422
9003.0,25.0,1.0
9003.0,26.0,0.624283
9003.0,27.0,0.968791
9003.0,28.0,0.749206
9003.0,29.0,0.694034
9003.0,30.0,0.007105
9003.0,31.0,1.0
9003.0,32.0,0.607765
9003.0,33.0,0.091376
9003.0,34.0,1.0
9003.0,35.0,0.873062
9003.0,36.0,0.41414
9004.0,0.0,0.434583
9004.0,1.0,0.525333
9004.0,2.0,0.020792
9004.0,3.0,0.740137
9004.0,4.0,0.045081
9004.0,5.0,0.978796
9004.0,6.0,1.0
9004.0,7.0,0.998504
9004.0,8.0,0.728868
9004.0,9.0,0.821979
9004.0,10.0,0.837731
9004.0,11.0,1.0
9004.0,12.0,0.34618
9004.0,13.0,0.679831
9004.0,14.0,0.762955
9004.0,15.0,1.0
9004.0,16.0,0.944094
9004.0,17.0,0.744548
9004.0,18.0,1.0
9004.0,19.0,1.0
9004.0,20.0,0.528907
9004.0,21.0,1.0
9004.0,22.0,0.442218
9004.0,23.0,0.786931
9004.0,24.0,0.516167
9004.0,25.0,1.0
9004.0,26.0,0.630747
9004.0,27.0,0.969331
9004.0,28.0,0.750487
9004.0,29.0,0.696144
9004.0,30.0,0.007052
9004.0,31.0,1.0
9004.0,32.0,0.609159
9004.0,33.0,0.094197
9004.0,34.0,1.0
9004.0,35.0,0.877392
9004.0,36.0,0.415138
9005.0,0.0,0.445666
9005.0,1.0,0.530359
9005.0,2.0,0.020683
9005.0,3.0,0.745943
9005.0,4.0,0.045276
9005.0,5.0,0.978992
9005.0,6.0,1.0
9005.0,7.0,0.998538
9005.0,8.0,0.736151
9005.0,9.0,0.825022
9005.0,10.0,0.837562
9005.0,11.0,1.0
9005.0,12.0,0.34752
9005.0,13.0,0.68139
9005.0,14.0,0.763665
9005.0,15.0,1.0
9005.0,16.0,0.944235
9005.0,17.0,0.753711
9005.0,18.0,1.0
9005.0,19.0,1.0
9005.0,20.0,0.530116
9005.0,21.0,1.0
9005.0,22.0,0.445642
9005.0,23.0,0.78662
9005.0,24.0,0.516629
9005.0,25.0,1.0
9005.0,26.0,0.636354
9005.0,27.0,0.969688
9005.0,28.0,0.752239
9005.0,29.0,0.698724
9005.0,30.0,0.007078
9005.0,31.0,1.0
9005.0,32.0,0.610729
9005.0,33.0,0.096971
9005.0,34.0,1.0
9005.0,35.0,0.881796
9005.0,36.0,0.417817
9006.0,0.0,0.458073
9006.0,1.0,0.534389
9006.0,2.0,0.02089
9006.0,3.0,0.75146
9006.0,4.0,0.045721
9006.0,5.0,0.979231
9006.0,6.0,1.0
9006.0,7.0,0.998576
9006.0,8.0,0.742731
9006.0,9.0,0.827708
9006.0,10.0,0.837709
9006.0,11.0,1.0
9006.0,12.0,0.348459
9006.0,13.0,0.683165
9006.0,14.0,0.764321
9006.0,15.0,1.0
9006.0,16.0,0.944079
9006.0,17.0,0.761925
9006.0,18.0,1.0
9006.0,19.0,1.0
9006.0,20.0,0.53188
9006.0,21.0,1.0
9006.0,22.0,0.448715
9006.0,23.0,0.787222
9006.0,24.0,0.517353
9006.0,25.0,1.0
9006.0,26.0,0.64169
9006.0,27.0,0.969953
9006.0,28.0,0.754674
9006.0,29.0,0.700634
9006.0,30.0,0.007155
9006.0,31.0,1.0
9006.0,32.0,0.612024
9006.0,33.0,0.09957
9006.0,34.0,1.0
9006.0,35.0,0.886029
9006.0,36.0,0.419824
9007.0,0.0,0.46947
9007.0,1.0,0.539746
9007.0,2.0,0.020984
9007.0,3.0,0.756247
9007.0,4.0,0.046207
9007.0,5.0,0.979364
9007.0,6.0,1.0
9007.0,7.0,0.998579
9007.0,8.0,0.749656
9007.0,9.0,0.83086
9007.0,10.0,0.837694
9007.0,11.0,1.0
9007.0,12.0,0.350435
9007.0,13.0,0.684159
9007.0,14.0,0.765371
9007.0,15.0,1.0
9007.0,16.0,0.943932
9007.0,17.0,0.770215
9007.0,18.0,1.0
9007.0,19.0,1.0
9007.0,20.0,0.5326
9007.0,21.0,1.0
9007.0,22.0,0.452513
9007.0,23.0,0.787971
9007.0,24.0,0.518798
9007.0,25.0,1.0
9007.0,26.0,0.646684
9007.0,27.0,0.970394
9007.0,28.0,0.755697
9007.0,29.0,0.70277
9007.0,30.0,0.007149
9007.0,31.0,1.0
9007.0,32.0,0.613358
9007.0,33.0,0.10267
9007.0,34.0,1.0
9007.0,35.0,0.890705
9007.0,36.0,0.422841
9008.0,0.0,0.480011
9008.0,1.0,0.544205
9008.0,2.0,0.021113
9008.0,3.0,0.761496
9008.0,4.0,0.046459
9008.0,5.0,0.97941
9008.0,6.0,1.0
9008.0,7.0,0.998552
9008.0,8.0,0.756053
9008.0,9.0,0.833429
9008.0,10.0,0.838026
9008.0,11.0,1.0
9008.0,12.0,0.352551
9008.0,13.0,0.685641
9008.0,14.0,0.766702
9008.0,15.0,1.0
9008.0,16.0,0.943607
9008.0,17.0,0.778522
9008.0,18.0,1.0
9008.0,19.0,1.0
9008.0,20.0,0.534177
9008.0,21.0,1.0
9008.0,22.0,0.456788
9008.0,23.0,0.787792
9008.0,24.0,0.518753
9008.0,25.0,1.0
9008.0,26.0,0.651575
9008.0,27.0,0.970556
9008.0,28.0,0.75676
9008.0,29.0,0.704698
9008.0,30.0,0.007119
9008.0,31.0,1.0
9008.0,32.0,0.615001
9008.0,33.0,0.105351
9008.0,34.0,1.0
9008.0,35.0,0.895111
9008.0,36.0,0.424458
9009.0,0.0,0.427098
9009.0,1.0,0.525022
9009.0,2.0,0.020868
9009.0,3.0,0.73955
9009.0,4.0,0.045476
9009.0,5.0,0.978595
9009.0,6.0,1.0
9009.0,7.0,0.998586
9009.0,8.0,0.725309
9009.0,9.0,0.82242
9009.0,10.0,0.836989
9009.0,11.0,1.0
9009.0,12.0,0.346392
9009.0,13.0,0.679202
9009.0,14.0,0.763737
9009.0,15.0,1.0
9009.0,16.0,0.94352
9009.0,17.0,0.741484
9009.0,18.0,1.0
9009.0,19.0,1.0
9009.0,20.0,0.527851
9009.0,21.0,1.0
9009.0,22.0,0.44073
9009.0,23.0,0.787136
9009.0,24.0,0.514227
9009.0,25.0,1.0
9009.0,26.0,0.627511
9009.0,27.0,0.969654
9009.0,28.0,0.751952
9009.0,29.0,0.696578
9009.0,30.0,0.007298
9009.0,31.0,1.0
9009.0,32.0,0.608632
9009.0,33.0,0.094747
9009.0,34.0,1.0
9009.0,35.0,0.875573
9009.0,36.0,0.415646
9010.0,0.0,0.384091
9010.0,1.0,0.506543
9010.0,2.0,0.020447
9010.0,3.0,0.718315
9010.0,4.0,0.044713
9010.0,5.0,0.978246
9010.0,6.0,1.0
9010.0,7.0,0.998641
9010.0,8.0,0.694776
9010.0,9.0,0.812107
9010.0,10.0,0.836039
9010.0,11.0,1.0
9010.0,12.0,0.340256
9010.0,13.0,0.672896
9010.0,14.0,0.760453
9010.0,15.0,1.0
9010.0,16.0,0.942898
9010.0,17.0,0.703293
9010.0,18.0,1.0
9010.0,19.0,1.0
9010.0,20.0,0.521824
9010.0,21.0,1.0
9010.0,22.0,0.426957
9010.0,23.0,0.785489
9010.0,24.0,0.510654
9010.0,25.0,1.0
9010.0,26.0,0.604444
9010.0,27.0,0.968667
9010.0,28.0,0.747503
9010.0,29.0,0.68907
9010.0,30.0,0.007315
9010.0,31.0,1.0
9010.0,32.0,0.602809
9010.0,33.0,0.085903
9010.0,34.0,1.0
9010.0,35.0,0.855013
9010.0,36.0,0.408278
10000.0,0.0,0.384572
10000.0,1.0,0.495894
10000.0,2.0,0.01583
10000.0,3.0,0.723535
10000.0,4.0,0.042225
10000.0,5.0,0.97675
10000.0,6.0,1.0
10000.0,7.0,1.0
10000.0,8.0,0.693487
10000.0,9.0,0.804605
10000.0,10.0,0.850458
10000.0,11.0,1.0
10000.0,12.0,0.321936
10000.0,13.0,0.67077
10000.0,14.0,0.757755
10000.0,15.0,1.0
10000.0,16.0,0.954677
10000.0,17.0,0.706897
10000.0,18.0,1.0
10000.0,19.0,1.0
10000.0,20.0,0.540994
10000.0,21.0,1.0
10000.0,22.0,0.42933
10000.0,23.0,0.796497
10000.0,24.0,0.519393
10000.0,25.0,1.0
10000.0,26.0,0.607338
10000.0,27.0,0.970642
10000.0,28.0,0.743481
10000.0,29.0,0.687285
10000.0,30.0,0.013739
10000.0,31.0,1.0
10000.0,32.0,0.611635
10000.0,33.0,0.080517
10000.0,34.0,1.0
10000.0,35.0,0.861311
10000.0,36.0,0.41011
10001.0,0.0,0.396194
10001.0,1.0,0.500376
10001.0,2.0,0.015768
10001.0,3.0,0.728935
10001.0,4.0,0.0422
10001.0,5.0,0.976657
10001.0,6.0,1.0
10001.0,7.0,1.0
10001.0,8.0,0.702307
10001.0,9.0,0.807952
10001.0,10.0,0.850841
10001.0,11.0,1.0
10001.0,12.0,0.323297
10001.0,13.0,0.672382
10001.0,14.0,0.757589
10001.0,15.0,1.0
10001.0,16.0,0.954668
10001.0,17.0,0.7183
10001.0,18.0,1.0
10001.0,19.0,1.0
10001.0,20.0,0.543625
10001.0,21.0,1.0
10001.0,22.0,0.432919
10001.0,23.0,0.797282
10001.0,24.0,0.520043
10001.0,25.0,1.0
10001.0,26.0,0.61344
10001.0,27.0,0.970843
10001.0,28.0,0.744763
10001.0,29.0,0.688575
10001.0,30.0,0.013454
10001.0,31.0,1.0
10001.0,32.0,0.612751
10001.0,33.0,0.082687
10001.0,34.0,1.0
10001.0,35.0,0.866413
10001.0,36.0,0.412181
10002.0,0.0,0.409443
10002.0,1.0,0.505832
10002.0,2.0,0.015894
10002.0,3.0,0.734433
10002.0,4.0,0.042098
10002.0,5.0,0.976565
10002.0,6.0,1.0
10002.0,7.0,1.0
10002.0,8.0,0.709662
10002.0,9.0,0.810382
10002.0,10.0,0.851392
10002.0,11.0,1.0
10002.0,12.0,0.325182
10002.0,13.0,0.674205
10002.0,14.0,0.758283
10002.0,15.0,1.0
10002.0,16.0,0.954904
10002.0,17.0,0.729294
10002.0,18.0,1.0
10002.0,19.0,1.0
10002.0,20.0,0.545016
10002.0,21.0,1.0
10002.0,22.0,0.43645
10002.0,23.0,0.797002
10002.0,24.0,0.520869
10002.0,25.0,1.0
10002.0,26.0,0.620321
10002.0,27.0,0.970767
10002.0,28.0,0.746682
10002.0,29.0,0.690178
10002.0,30.0,0.013185
10002.0,31.0,1.0
10002.0,32.0,0.614371
10002.0,33.0,0.084878
10002.0,34.0,1.0
10002.0,35.0,0.87172
10002.0,36.0,0.413818
10003.0,0.0,0.421265
10003.0,1.0,0.511147
10003.0,2.0,0.016069
10003.0,3.0,0.740234
10003.0,4.0,0.042227
10003.0,5.0,0.97664
10003.0,6.0,1.0
10003.0,7.0,1.0
10003.0,8.0,0.717685
10003.0,9.0,0.812966
10003.0,10.0,0.851457
10003.0,11.0,1.0
10003.0,12.0,0.327086
10003.0,13.0,0.675143
10003.0,14.0,0.759052
10003.0,15.0,1.0
10003.0,16.0,0.95484
10003.0,17.0,0.739066
10003.0,18.0,1.0
10003.0,19.0,1.0
10003.0,20.0,0.546463
10003.0,21.0,1.0
10003.0,22.0,0.440085
10003.0,23.0,0.796952
10003.0,24.0,0.521929
10003.0,25.0,1.0
10003.0,26.0,0.62668
10003.0,27.0,0.971046
10003.0,28.0,0.747919
10003.0,29.0,0.691678
10003.0,30.0,0.013108
10003.0,31.0,1.0
10003.0,32.0,0.61583
10003.0,33.0,0.087492
10003.0,34.0,1.0
10003.0,35.0,0.876952
10003.0,36.0,0.415114
10004.0,0.0,0.43342
10004.0,1.0,0.514731
10004.0,2.0,0.016312
10004.0,3.0,0.745034
10004.0,4.0,0.042229
10004.0,5.0,0.976729
10004.0,6.0,1.0
10004.0,7.0,1.0
10004.0,8.0,0.725423
10004.0,9.0,0.815258
10004.0,10.0,0.85117
10004.0,11.0,1.0
10004.0,12.0,0.327769
10004.0,13.0,0.676477
10004.0,14.0,0.759811
10004.0,15.0,1.0
10004.0,16.0,0.954983
10004.0,17.0,0.748493
10004.0,18.0,1.0
10004.0,19.0,1.0
10004.0,20.0,0.548715
10004.0,21.0,1.0
10004.0,22.0,0.44385
10004.0,23.0,0.797469
10004.0,24.0,0.522926
10004.0,25.0,1.0
10004.0,26.0,0.633264
10004.0,27.0,0.971557
10004.0,28.0,0.749476
10004.0,29.0,0.693108
10004.0,30.0,0.013252
10004.0,31.0,1.0
10004.0,32.0,0.617257
10004.0,33.0,0.089528
10004.0,34.0,1.0
10004.0,35.0,0.881866
10004.0,36.0,0.416306
10005.0,0.0,0.446061
10005.0,1.0,0.518619
10005.0,2.0,0.016341
10005.0,3.0,0.749404
10005.0,4.0,0.042203
10005.0,5.0,0.976888
10005.0,6.0,1.0
10005.0,7.0,1.0
10005.0,8.0,0.731977
10005.0,9.0,0.818193
10005.0,10.0,0.852079
10005.0,11.0,1.0
10005.0,12.0,0.329013
10005.0,13.0,0.678393
10005.0,14.0,0.76039
10005.0,15.0,1.0
10005.0,16.0,0.955069
10005.0,17.0,0.75809
10005.0,18.0,1.0
10005.0,19.0,1.0
10005.0,20.0,0.55025
10005.0,21.0,1.0
10005.0,22.0,0.447867
10005.0,23.0,0.797683
10005.0,24.0,0.523948
10005.0,25.0,1.0
10005.0,26.0,0.639213
10005.0,27.0,0.971962
10005.0,28.0,0.750883
10005.0,29.0,0.695255
10005.0,30.0,0.012969
10005.0,31.0,1.0
10005.0,32.0,0.618154
10005.0,33.0,0.091922
10005.0,34.0,1.0
10005.0,35.0,0.886594
10005.0,36.0,0.418561
10006.0,0.0,0.457831
10006.0,1.0,0.523177
10006.0,2.0,0.016517
10006.0,3.0,0.754493
10006.0,4.0,0.042364
10006.0,5.0,0.97707
10006.0,6.0,1.0
10006.0,7.0,1.0
10006.0,8.0,0.739624
10006.0,9.0,0.821029
10006.0,10.0,0.852101
10006.0,11.0,1.0
10006.0,12.0,0.330656
10006.0,13.0,0.680553
10006.0,14.0,0.761157
10006.0,15.0,1.0
10006.0,16.0,0.95511
10006.0,17.0,0.766792
10006.0,18.0,1.0
10006.0,19.0,1.0
10006.0,20.0,0.552456
10006.0,21.0,1.0
10006.0,22.0,0.45174
10006.0,23.0,0.797916
10006.0,24.0,0.525262
10006.0,25.0,1.0
10006.0,26.0,0.644498
10006.0,27.0,0.972142
10006.0,28.0,0.751881
10006.0,29.0,0.696808
10006.0,30.0,0.01303
10006.0,31.0,1.0
10006.0,32.0,0.619632
10006.0,33.0,0.094236
10006.0,34.0,1.0
10006.0,35.0,0.891238
10006.0,36.0,0.421928
10007.0,0.0,0.469463
10007.0,1.0,0.528473
10007.0,2.0,0.01654
10007.0,3.0,0.758915
10007.0,4.0,0.042305
10007.0,5.0,0.977282
10007.0,6.0,1.0
10007.0,7.0,1.0
10007.0,8.0,0.746495
10007.0,9.0,0.823271
10007.0,10.0,0.852536
10007.0,11.0,1.0
10007.0,12.0,0.332614
10007.0,13.0,0.681822
10007.0,14.0,0.761701
10007.0,15.0,1.0
10007.0,16.0,0.955101
10007.0,17.0,0.77499
10007.0,18.0,1.0
10007.0,19.0,1.0
10007.0,20.0,0.55395
10007.0,21.0,1.0
10007.0,22.0,0.455582
10007.0,23.0,0.797294
10007.0,24.0,0.526448
10007.0,25.0,1.0
10007.0,26.0,0.650255
10007.0,27.0,0.972634
10007.0,28.0,0.753037
10007.0,29.0,0.698423
10007.0,30.0,0.012918
10007.0,31.0,1.0
10007.0,32.0,0.621472
10007.0,33.0,0.096844
10007.0,34.0,1.0
10007.0,35.0,0.895334
10007.0,36.0,0.424312
10008.0,0.0,0.48149
10008.0,1.0,0.533686
10008.0,2.0,0.016587
10008.0,3.0,0.763835
10008.0,4.0,0.042356
10008.0,5.0,0.977136
10008.0,6.0,1.0
10008.0,7.0,1.0
10008.0,8.0,0.753844
10008.0,9.0,0.825558
10008.0,10.0,0.852957
10008.0,11.0,1.0
10008.0,12.0,0.332881
10008.0,13.0,0.684086
10008.0,14.0,0.762667
10008.0,15.0,1.0
10008.0,16.0,0.955165
10008.0,17.0,0.782373
10008.0,18.0,1.0
10008.0,19.0,1.0
10008.0,20.0,0.555565
10008.0,21.0,1.0
10008.0,22.0,0.45915
10008.0,23.0,0.796959
10008.0,24.0,0.527412
10008.0,25.0,1.0
10008.0,26.0,0.65641
10008.0,27.0,0.97263
10008.0,28.0,0.754353
10008.0,29.0,0.700545
10008.0,30.0,0.012741
10008.0,31.0,1.0
10008.0,32.0,0.623408
10008.0,33.0,0.099332
10008.0,34.0,1.0
10008.0,35.0,0.899472
10008.0,36.0,0.426944
10009.0,0.0,0.427418
10009.0,1.0,0.514044
10009.0,2.0,0.016087
10009.0,3.0,0.741763
10009.0,4.0,0.041288
10009.0,5.0,0.97661
10009.0,6.0,1.0
10009.0,7.0,1.0
10009.0,8.0,0.723825
10009.0,9.0,0.814676
10009.0,10.0,0.852412
10009.0,11.0,1.0
10009.0,12.0,0.327138
10009.0,13.0,0.677559
10009.0,14.0,0.759972
10009.0,15.0,1.0
10009.0,16.0,0.954491
10009.0,17.0,0.746365
10009.0,18.0,1.0
10009.0,19.0,1.0
10009.0,20.0,0.54815
10009.0,21.0,1.0
10009.0,22.0,0.443854
10009.0,23.0,0.796032
10009.0,24.0,0.521737
10009.0,25.0,1.0
10009.0,26.0,0.631189
10009.0,27.0,0.971959
10009.0,28.0,0.749535
10009.0,29.0,0.693839
10009.0,30.0,0.0133
10009.0,31.0,1.0
10009.0,32.0,0.617009
10009.0,33.0,0.088581
10009.0,34.0,1.0
10009.0,35.0,0.881346
10009.0,36.0,0.418174
10010.0,0.0,0.383417
10010.0,1.0,0.496636
10010.0,2.0,0.015702
10010.0,3.0,0.720085
10010.0,4.0,0.040453
10010.0,5.0,0.976035
10010.0,6.0,1.0
10010.0,7.0,1.0
10010.0,8.0,0.693283
10010.0,9.0,0.803716
10010.0,10.0,0.852047
10010.0,11.0,1.0
10010.0,12.0,0.321668
10010.0,13.0,0.67135
10010.0,14.0,0.756572
10010.0,15.0,1.0
10010.0,16.0,0.953965
10010.0,17.0,0.707672
10010.0,18.0,1.0
10010.0,19.0,1.0
10010.0,20.0,0.543177
10010.0,21.0,1.0
10010.0,22.0,0.429196
10010.0,23.0,0.795516
10010.0,24.0,0.517844
10010.0,25.0,1.0
10010.0,26.0,0.607257
10010.0,27.0,0.970726
10010.0,28.0,0.744943
10010.0,29.0,0.68633
10010.0,30.0,0.013693
10010.0,31.0,1.0
10010.0,32.0,0.61117
10010.0,33.0,0.079478
10010.0,34.0,1.0
10010.0,35.0,0.861667
10010.0,36.0,0.409163
