FREQUENCIES 
Gen,mut_id,mut_freq
1.0,0.0,0.5
1.0,1.0,0.5
1.0,2.0,0.5
1.0,3.0,0.5
1.0,4.0,0.5
1.0,5.0,0.5
1.0,6.0,0.5
1.0,7.0,0.5
1.0,8.0,0.5
1.0,9.0,0.5
1.0,10.0,0.5
1.0,11.0,0.5
1.0,12.0,0.5
1.0,13.0,0.5
1.0,14.0,0.5
1.0,15.0,0.5
1.0,16.0,0.5
1.0,17.0,0.5
1.0,18.0,0.5
1.0,19.0,0.5
1.0,20.0,0.5
1.0,21.0,0.5
1.0,22.0,0.5
1.0,23.0,0.5
1.0,24.0,0.5
1.0,25.0,0.5
1.0,26.0,0.5
1.0,27.0,0.5
1.0,28.0,0.5
1.0,29.0,0.5
1.0,30.0,0.5
1.0,31.0,0.5
1.0,32.0,0.5
1.0,33.0,0.5
1.0,34.0,0.5
1.0,35.0,0.5
1.0,36.0,0.5
1000.0,0.0,0.695718
1000.0,1.0,0.62472
1000.0,2.0,0.959716
1000.0,3.0,0.898196
1000.0,4.0,0.879383
1000.0,5.0,0.998173
1000.0,6.0,0.501526
1000.0,7.0,1.0
1000.0,8.0,0.979421
1000.0,9.0,0.868379
1000.0,10.0,0.287667
1000.0,11.0,0.885943
1000.0,12.0,0.528755
1000.0,13.0,0.366883
1000.0,14.0,0.827725
1000.0,15.0,0.130829
1000.0,16.0,0.550182
1000.0,17.0,0.642753
1000.0,18.0,0.103034
1000.0,19.0,0.961875
1000.0,20.0,0.509627
1000.0,21.0,0.778067
1000.0,22.0,1.0
1000.0,23.0,0.938479
1000.0,24.0,0.877728
1000.0,25.0,0.865545
1000.0,26.0,0.999741
1000.0,27.0,0.732498
1000.0,28.0,0.520617
1000.0,29.0,0.646893
1000.0,30.0,1.0
1000.0,31.0,0.523137
1000.0,32.0,0.756631
1000.0,33.0,0.881028
1000.0,34.0,0.841333
1000.0,35.0,0.476117
1000.0,36.0,1.0
1001.0,0.0,0.699527
1001.0,1.0,0.62951
1001.0,2.0,0.96097
1001.0,3.0,0.899354
1001.0,4.0,0.879396
1001.0,5.0,0.998376
1001.0,6.0,0.509777
1001.0,7.0,1.0
1001.0,8.0,0.97988
1001.0,9.0,0.868583
1001.0,10.0,0.289336
1001.0,11.0,0.887468
1001.0,12.0,0.531059
1001.0,13.0,0.373812
1001.0,14.0,0.82951
1001.0,15.0,0.135424
1001.0,16.0,0.550835
1001.0,17.0,0.655993
1001.0,18.0,0.106545
1001.0,19.0,0.962703
1001.0,20.0,0.511212
1001.0,21.0,0.781716
1001.0,22.0,1.0
1001.0,23.0,0.940005
1001.0,24.0,0.878409
1001.0,25.0,0.868889
1001.0,26.0,0.999746
1001.0,27.0,0.73378
1001.0,28.0,0.52135
1001.0,29.0,0.651946
1001.0,30.0,1.0
1001.0,31.0,0.531975
1001.0,32.0,0.766663
1001.0,33.0,0.881622
1001.0,34.0,0.842825
1001.0,35.0,0.476804
1001.0,36.0,1.0
1002.0,0.0,0.703162
1002.0,1.0,0.634391
1002.0,2.0,0.962204
1002.0,3.0,0.899917
1002.0,4.0,0.879581
1002.0,5.0,0.998512
1002.0,6.0,0.519917
1002.0,7.0,1.0
1002.0,8.0,0.97999
1002.0,9.0,0.869709
1002.0,10.0,0.29192
1002.0,11.0,0.888708
1002.0,12.0,0.534171
1002.0,13.0,0.378815
1002.0,14.0,0.830223
1002.0,15.0,0.140475
1002.0,16.0,0.551828
1002.0,17.0,0.669122
1002.0,18.0,0.109806
1002.0,19.0,0.963289
1002.0,20.0,0.512619
1002.0,21.0,0.785844
1002.0,22.0,1.0
1002.0,23.0,0.941092
1002.0,24.0,0.879118
1002.0,25.0,0.872339
1002.0,26.0,0.99975
1002.0,27.0,0.733925
1002.0,28.0,0.521786
1002.0,29.0,0.657174
1002.0,30.0,1.0
1002.0,31.0,0.541794
1002.0,32.0,0.776176
1002.0,33.0,0.881795
1002.0,34.0,0.844907
1002.0,35.0,0.476757
1002.0,36.0,1.0
1003.0,0.0,0.706235
1003.0,1.0,0.639272
1003.0,2.0,0.963425
1003.0,3.0,0.899945
1003.0,4.0,0.879484
1003.0,5.0,0.998661
1003.0,6.0,0.528485
1003.0,7.0,1.0
1003.0,8.0,0.980379
1003.0,9.0,0.870449
1003.0,10.0,0.294293
1003.0,11.0,0.889606
1003.0,12.0,0.536972
1003.0,13.0,0.385466
1003.0,14.0,0.831377
1003.0,15.0,0.14587
1003.0,16.0,0.552287
1003.0,17.0,0.681591
1003.0,18.0,0.113988
1003.0,19.0,0.964134
1003.0,20.0,0.514356
1003.0,21.0,0.789735
1003.0,22.0,1.0
1003.0,23.0,0.942476
1003.0,24.0,0.879659
1003.0,25.0,0.87608
1003.0,26.0,0.999788
1003.0,27.0,0.734209
1003.0,28.0,0.521899
1003.0,29.0,0.662074
1003.0,30.0,1.0
1003.0,31.0,0.551443
1003.0,32.0,0.784928
1003.0,33.0,0.882161
1003.0,34.0,0.846947
1003.0,35.0,0.477277
1003.0,36.0,1.0
1004.0,0.0,0.709724
1004.0,1.0,0.643903
1004.0,2.0,0.964628
1004.0,3.0,0.900396
1004.0,4.0,0.879386
1004.0,5.0,0.998774
1004.0,6.0,0.537261
1004.0,7.0,1.0
1004.0,8.0,0.980711
1004.0,9.0,0.87162
1004.0,10.0,0.296458
1004.0,11.0,0.890516
1004.0,12.0,0.539244
1004.0,13.0,0.391818
1004.0,14.0,0.832767
1004.0,15.0,0.151846
1004.0,16.0,0.552646
1004.0,17.0,0.692783
1004.0,18.0,0.117515
1004.0,19.0,0.964858
1004.0,20.0,0.516711
1004.0,21.0,0.793565
1004.0,22.0,1.0
1004.0,23.0,0.943583
1004.0,24.0,0.880044
1004.0,25.0,0.879444
1004.0,26.0,0.999794
1004.0,27.0,0.734804
1004.0,28.0,0.522293
1004.0,29.0,0.66732
1004.0,30.0,1.0
1004.0,31.0,0.560709
1004.0,32.0,0.793373
1004.0,33.0,0.882474
1004.0,34.0,0.848569
1004.0,35.0,0.47895
1004.0,36.0,1.0
1005.0,0.0,0.712788
1005.0,1.0,0.649264
1005.0,2.0,0.965807
1005.0,3.0,0.900439
1005.0,4.0,0.879434
1005.0,5.0,0.998953
1005.0,6.0,0.545106
1005.0,7.0,1.0
1005.0,8.0,0.980901
1005.0,9.0,0.872376
1005.0,10.0,0.298469
1005.0,11.0,0.891224
1005.0,12.0,0.541808
1005.0,13.0,0.398068
1005.0,14.0,0.833586
1005.0,15.0,0.157648
1005.0,16.0,0.553517
1005.0,17.0,0.703837
1005.0,18.0,0.121301
1005.0,19.0,0.965447
1005.0,20.0,0.519161
1005.0,21.0,0.797073
1005.0,22.0,1.0
1005.0,23.0,0.944758
1005.0,24.0,0.881006
1005.0,25.0,0.882985
1005.0,26.0,0.999812
1005.0,27.0,0.735519
1005.0,28.0,0.522937
1005.0,29.0,0.673058
1005.0,30.0,1.0
1005.0,31.0,0.570302
1005.0,32.0,0.801829
1005.0,33.0,0.882715
1005.0,34.0,0.850104
1005.0,35.0,0.479066
1005.0,36.0,1.0
1006.0,0.0,0.716291
1006.0,1.0,0.654276
1006.0,2.0,0.967226
1006.0,3.0,0.901034
1006.0,4.0,0.879481
1006.0,5.0,0.999103
1006.0,6.0,0.553914
1006.0,7.0,1.0
1006.0,8.0,0.981041
1006.0,9.0,0.873542
1006.0,10.0,0.300803
1006.0,11.0,0.892335
1006.0,12.0,0.544725
1006.0,13.0,0.404506
1006.0,14.0,0.834304
1006.0,15.0,0.163764
1006.0,16.0,0.554102
1006.0,17.0,0.715158
1006.0,18.0,0.125355
1006.0,19.0,0.96587
1006.0,20.0,0.520545
1006.0,21.0,0.800006
1006.0,22.0,1.0
1006.0,23.0,0.945699
1006.0,24.0,0.882059
1006.0,25.0,0.885791
1006.0,26.0,0.99981
1006.0,27.0,0.736803
1006.0,28.0,0.52353
1006.0,29.0,0.67819
1006.0,30.0,1.0
1006.0,31.0,0.578891
1006.0,32.0,0.810194
1006.0,33.0,0.88282
1006.0,34.0,0.851136
1006.0,35.0,0.479893
1006.0,36.0,1.0
1007.0,0.0,0.719386
1007.0,1.0,0.659125
1007.0,2.0,0.968361
1007.0,3.0,0.901878
1007.0,4.0,0.879629
1007.0,5.0,0.999235
1007.0,6.0,0.562441
1007.0,7.0,1.0
1007.0,8.0,0.981074
1007.0,9.0,0.873819
1007.0,10.0,0.303915
1007.0,11.0,0.893571
1007.0,12.0,0.54844
1007.0,13.0,0.411801
1007.0,14.0,0.835492
1007.0,15.0,0.17029
1007.0,16.0,0.554653
1007.0,17.0,0.725075
1007.0,18.0,0.129636
1007.0,19.0,0.965958
1007.0,20.0,0.521555
1007.0,21.0,0.803811
1007.0,22.0,1.0
1007.0,23.0,0.946783
1007.0,24.0,0.882916
1007.0,25.0,0.88852
1007.0,26.0,0.999799
1007.0,27.0,0.73759
1007.0,28.0,0.524068
1007.0,29.0,0.683206
1007.0,30.0,1.0
1007.0,31.0,0.588678
1007.0,32.0,0.816909
1007.0,33.0,0.883503
1007.0,34.0,0.853324
1007.0,35.0,0.480948
1007.0,36.0,1.0
1008.0,0.0,0.723316
1008.0,1.0,0.663788
1008.0,2.0,0.969344
1008.0,3.0,0.90248
1008.0,4.0,0.879541
1008.0,5.0,0.999363
1008.0,6.0,0.571699
1008.0,7.0,1.0
1008.0,8.0,0.981502
1008.0,9.0,0.874999
1008.0,10.0,0.305923
1008.0,11.0,0.894714
1008.0,12.0,0.551343
1008.0,13.0,0.418473
1008.0,14.0,0.83636
1008.0,15.0,0.176071
1008.0,16.0,0.555044
1008.0,17.0,0.734982
1008.0,18.0,0.134183
1008.0,19.0,0.96688
1008.0,20.0,0.523134
1008.0,21.0,0.806544
1008.0,22.0,1.0
1008.0,23.0,0.948051
1008.0,24.0,0.883564
1008.0,25.0,0.89216
1008.0,26.0,0.999817
1008.0,27.0,0.738074
1008.0,28.0,0.523825
1008.0,29.0,0.688806
1008.0,30.0,1.0
1008.0,31.0,0.597509
1008.0,32.0,0.823959
1008.0,33.0,0.884454
1008.0,34.0,0.854798
1008.0,35.0,0.481831
1008.0,36.0,1.0
1009.0,0.0,0.707892
1009.0,1.0,0.64515
1009.0,2.0,0.965002
1009.0,3.0,0.900915
1009.0,4.0,0.879404
1009.0,5.0,0.998871
1009.0,6.0,0.534042
1009.0,7.0,1.0
1009.0,8.0,0.980802
1009.0,9.0,0.872532
1009.0,10.0,0.29529
1009.0,11.0,0.890768
1009.0,12.0,0.538983
1009.0,13.0,0.392121
1009.0,14.0,0.831589
1009.0,15.0,0.151078
1009.0,16.0,0.551473
1009.0,17.0,0.691764
1009.0,18.0,0.116235
1009.0,19.0,0.964741
1009.0,20.0,0.516052
1009.0,21.0,0.790911
1009.0,22.0,1.0
1009.0,23.0,0.942971
1009.0,24.0,0.880724
1009.0,25.0,0.879071
1009.0,26.0,0.999809
1009.0,27.0,0.73589
1009.0,28.0,0.522222
1009.0,29.0,0.666235
1009.0,30.0,1.0
1009.0,31.0,0.558006
1009.0,32.0,0.791347
1009.0,33.0,0.882687
1009.0,34.0,0.847987
1009.0,35.0,0.478065
1009.0,36.0,1.0
1010.0,0.0,0.693543
1010.0,1.0,0.625449
1010.0,2.0,0.960512
1010.0,3.0,0.899986
1010.0,4.0,0.879515
1010.0,5.0,0.998049
1010.0,6.0,0.500824
1010.0,7.0,1.0
1010.0,8.0,0.980171
1010.0,9.0,0.870092
1010.0,10.0,0.286603
1010.0,11.0,0.886527
1010.0,12.0,0.526328
1010.0,13.0,0.367063
1010.0,14.0,0.828438
1010.0,15.0,0.130667
1010.0,16.0,0.550258
1010.0,17.0,0.645007
1010.0,18.0,0.10142
1010.0,19.0,0.962389
1010.0,20.0,0.508567
1010.0,21.0,0.775282
1010.0,22.0,1.0
1010.0,23.0,0.937953
1010.0,24.0,0.878357
1010.0,25.0,0.866411
1010.0,26.0,0.999803
1010.0,27.0,0.734687
1010.0,28.0,0.520484
1010.0,29.0,0.644369
1010.0,30.0,1.0
1010.0,31.0,0.52392
1010.0,32.0,0.757166
1010.0,33.0,0.881117
1010.0,34.0,0.841006
1010.0,35.0,0.474603
1010.0,36.0,1.0
2000.0,0.0,0.690911
2000.0,1.0,0.618132
2000.0,2.0,0.996965
2000.0,3.0,0.975827
2000.0,4.0,0.91058
2000.0,5.0,1.0
2000.0,6.0,0.505929
2000.0,7.0,1.0
2000.0,8.0,0.995679
2000.0,9.0,0.948102
2000.0,10.0,0.283088
2000.0,11.0,0.89561
2000.0,12.0,0.532401
2000.0,13.0,0.350253
2000.0,14.0,0.845878
2000.0,15.0,0.070181
2000.0,16.0,0.59611
2000.0,17.0,0.65477
2000.0,18.0,0.072118
2000.0,19.0,0.985789
2000.0,20.0,0.507096
2000.0,21.0,0.769256
2000.0,22.0,1.0
2000.0,23.0,0.948936
2000.0,24.0,0.952981
2000.0,25.0,0.860476
2000.0,26.0,1.0
2000.0,27.0,0.767708
2000.0,28.0,0.557653
2000.0,29.0,0.639662
2000.0,30.0,1.0
2000.0,31.0,0.528429
2000.0,32.0,0.759912
2000.0,33.0,0.873626
2000.0,34.0,0.938581
2000.0,35.0,0.448905
2000.0,36.0,1.0
2001.0,0.0,0.694889
2001.0,1.0,0.624095
2001.0,2.0,0.997102
2001.0,3.0,0.975703
2001.0,4.0,0.910917
2001.0,5.0,1.0
2001.0,6.0,0.514845
2001.0,7.0,1.0
2001.0,8.0,0.995706
2001.0,9.0,0.948649
2001.0,10.0,0.285555
2001.0,11.0,0.896286
2001.0,12.0,0.535569
2001.0,13.0,0.356126
2001.0,14.0,0.846852
2001.0,15.0,0.073046
2001.0,16.0,0.597185
2001.0,17.0,0.668364
2001.0,18.0,0.075116
2001.0,19.0,0.986187
2001.0,20.0,0.509357
2001.0,21.0,0.773518
2001.0,22.0,1.0
2001.0,23.0,0.950209
2001.0,24.0,0.953463
2001.0,25.0,0.863674
2001.0,26.0,1.0
2001.0,27.0,0.768506
2001.0,28.0,0.557765
2001.0,29.0,0.645574
2001.0,30.0,1.0
2001.0,31.0,0.537819
2001.0,32.0,0.769517
2001.0,33.0,0.874183
2001.0,34.0,0.939465
2001.0,35.0,0.449399
2001.0,36.0,1.0
2002.0,0.0,0.698152
2002.0,1.0,0.629616
2002.0,2.0,0.997176
2002.0,3.0,0.976048
2002.0,4.0,0.910431
2002.0,5.0,1.0
2002.0,6.0,0.524394
2002.0,7.0,1.0
2002.0,8.0,0.995719
2002.0,9.0,0.94891
2002.0,10.0,0.287544
2002.0,11.0,0.897454
2002.0,12.0,0.538718
2002.0,13.0,0.362666
2002.0,14.0,0.847223
2002.0,15.0,0.076108
2002.0,16.0,0.597031
2002.0,17.0,0.681097
2002.0,18.0,0.078431
2002.0,19.0,0.98633
2002.0,20.0,0.509852
2002.0,21.0,0.77781
2002.0,22.0,1.0
2002.0,23.0,0.950968
2002.0,24.0,0.953838
2002.0,25.0,0.867813
2002.0,26.0,1.0
2002.0,27.0,0.769676
2002.0,28.0,0.558174
2002.0,29.0,0.650767
2002.0,30.0,1.0
2002.0,31.0,0.547012
2002.0,32.0,0.77883
2002.0,33.0,0.875086
2002.0,34.0,0.940062
2002.0,35.0,0.45044
2002.0,36.0,1.0
2003.0,0.0,0.702301
2003.0,1.0,0.635807
2003.0,2.0,0.997309
2003.0,3.0,0.976125
2003.0,4.0,0.910522
2003.0,5.0,1.0
2003.0,6.0,0.532706
2003.0,7.0,1.0
2003.0,8.0,0.995698
2003.0,9.0,0.949481
2003.0,10.0,0.289948
2003.0,11.0,0.898646
2003.0,12.0,0.541359
2003.0,13.0,0.368792
2003.0,14.0,0.848429
2003.0,15.0,0.079553
2003.0,16.0,0.59735
2003.0,17.0,0.69205
2003.0,18.0,0.081194
2003.0,19.0,0.986489
2003.0,20.0,0.512249
2003.0,21.0,0.782561
2003.0,22.0,1.0
2003.0,23.0,0.951925
2003.0,24.0,0.954297
2003.0,25.0,0.871511
2003.0,26.0,1.0
2003.0,27.0,0.769793
2003.0,28.0,0.557847
2003.0,29.0,0.655963
2003.0,30.0,1.0
2003.0,31.0,0.556273
2003.0,32.0,0.787604
2003.0,33.0,0.875739
2003.0,34.0,0.940595
2003.0,35.0,0.451235
2003.0,36.0,1.0
2004.0,0.0,0.705579
2004.0,1.0,0.640731
2004.0,2.0,0.99743
2004.0,3.0,0.976282
2004.0,4.0,0.910793
2004.0,5.0,1.0
2004.0,6.0,0.542064
2004.0,7.0,1.0
2004.0,8.0,0.995773
2004.0,9.0,0.949773
2004.0,10.0,0.29236
2004.0,11.0,0.899989
2004.0,12.0,0.544899
2004.0,13.0,0.374207
2004.0,14.0,0.849214
2004.0,15.0,0.082968
2004.0,16.0,0.598416
2004.0,17.0,0.703543
2004.0,18.0,0.085051
2004.0,19.0,0.986708
2004.0,20.0,0.514034
2004.0,21.0,0.786244
2004.0,22.0,1.0
2004.0,23.0,0.953274
2004.0,24.0,0.954872
2004.0,25.0,0.874678
2004.0,26.0,1.0
2004.0,27.0,0.77003
2004.0,28.0,0.557122
2004.0,29.0,0.661369
2004.0,30.0,1.0
2004.0,31.0,0.566316
2004.0,32.0,0.795704
2004.0,33.0,0.876419
2004.0,34.0,0.941497
2004.0,35.0,0.452425
2004.0,36.0,1.0
2005.0,0.0,0.709042
2005.0,1.0,0.645964
2005.0,2.0,0.997501
2005.0,3.0,0.976513
2005.0,4.0,0.910827
2005.0,5.0,1.0
2005.0,6.0,0.551923
2005.0,7.0,1.0
2005.0,8.0,0.995843
2005.0,9.0,0.950269
2005.0,10.0,0.295019
2005.0,11.0,0.900853
2005.0,12.0,0.547999
2005.0,13.0,0.380705
2005.0,14.0,0.849614
2005.0,15.0,0.086388
2005.0,16.0,0.598401
2005.0,17.0,0.712423
2005.0,18.0,0.088082
2005.0,19.0,0.986852
2005.0,20.0,0.516021
2005.0,21.0,0.789395
2005.0,22.0,1.0
2005.0,23.0,0.954387
2005.0,24.0,0.954885
2005.0,25.0,0.878185
2005.0,26.0,1.0
2005.0,27.0,0.770696
2005.0,28.0,0.557061
2005.0,29.0,0.666132
2005.0,30.0,1.0
2005.0,31.0,0.575929
2005.0,32.0,0.803788
2005.0,33.0,0.877404
2005.0,34.0,0.942395
2005.0,35.0,0.453465
2005.0,36.0,1.0
2006.0,0.0,0.712624
2006.0,1.0,0.651189
2006.0,2.0,0.997495
2006.0,3.0,0.976659
2006.0,4.0,0.910462
2006.0,5.0,1.0
2006.0,6.0,0.562227
2006.0,7.0,1.0
2006.0,8.0,0.995977
2006.0,9.0,0.950437
2006.0,10.0,0.296772
2006.0,11.0,0.902007
2006.0,12.0,0.551245
2006.0,13.0,0.387221
2006.0,14.0,0.850697
2006.0,15.0,0.09015
2006.0,16.0,0.599198
2006.0,17.0,0.723
2006.0,18.0,0.091779
2006.0,19.0,0.986984
2006.0,20.0,0.516628
2006.0,21.0,0.792459
2006.0,22.0,1.0
2006.0,23.0,0.955266
2006.0,24.0,0.954791
2006.0,25.0,0.881347
2006.0,26.0,1.0
2006.0,27.0,0.770883
2006.0,28.0,0.556892
2006.0,29.0,0.67108
2006.0,30.0,1.0
2006.0,31.0,0.585348
2006.0,32.0,0.812341
2006.0,33.0,0.878394
2006.0,34.0,0.943245
2006.0,35.0,0.453455
2006.0,36.0,1.0
2007.0,0.0,0.715651
2007.0,1.0,0.654791
2007.0,2.0,0.997555
2007.0,3.0,0.976902
2007.0,4.0,0.91023
2007.0,5.0,1.0
2007.0,6.0,0.571482
2007.0,7.0,1.0
2007.0,8.0,0.996071
2007.0,9.0,0.950706
2007.0,10.0,0.299598
2007.0,11.0,0.903296
2007.0,12.0,0.553333
2007.0,13.0,0.39367
2007.0,14.0,0.851803
2007.0,15.0,0.093939
2007.0,16.0,0.599316
2007.0,17.0,0.733139
2007.0,18.0,0.095784
2007.0,19.0,0.987087
2007.0,20.0,0.518903
2007.0,21.0,0.796553
2007.0,22.0,1.0
2007.0,23.0,0.956127
2007.0,24.0,0.954894
2007.0,25.0,0.884702
2007.0,26.0,1.0
2007.0,27.0,0.770997
2007.0,28.0,0.557814
2007.0,29.0,0.676868
2007.0,30.0,1.0
2007.0,31.0,0.594479
2007.0,32.0,0.819996
2007.0,33.0,0.879217
2007.0,34.0,0.944264
2007.0,35.0,0.453422
2007.0,36.0,1.0
2008.0,0.0,0.71849
2008.0,1.0,0.658324
2008.0,2.0,0.997728
2008.0,3.0,0.977143
2008.0,4.0,0.910573
2008.0,5.0,1.0
2008.0,6.0,0.580575
2008.0,7.0,1.0
2008.0,8.0,0.99615
2008.0,9.0,0.950574
2008.0,10.0,0.301147
2008.0,11.0,0.90412
2008.0,12.0,0.556401
2008.0,13.0,0.400627
2008.0,14.0,0.85289
2008.0,15.0,0.098267
2008.0,16.0,0.600509
2008.0,17.0,0.742152
2008.0,18.0,0.099183
2008.0,19.0,0.987237
2008.0,20.0,0.521279
2008.0,21.0,0.799447
2008.0,22.0,1.0
2008.0,23.0,0.957028
2008.0,24.0,0.955009
2008.0,25.0,0.887561
2008.0,26.0,1.0
2008.0,27.0,0.771635
2008.0,28.0,0.558576
2008.0,29.0,0.682916
2008.0,30.0,1.0
2008.0,31.0,0.604719
2008.0,32.0,0.827024
2008.0,33.0,0.879641
2008.0,34.0,0.94518
2008.0,35.0,0.454126
2008.0,36.0,1.0
2009.0,0.0,0.704697
2009.0,1.0,0.637898
2009.0,2.0,0.997316
2009.0,3.0,0.976644
2009.0,4.0,0.91106
2009.0,5.0,1.0
2009.0,6.0,0.542386
2009.0,7.0,1.0
2009.0,8.0,0.996001
2009.0,9.0,0.949321
2009.0,10.0,0.291036
2009.0,11.0,0.899723
2009.0,12.0,0.544246
2009.0,13.0,0.37332
2009.0,14.0,0.849071
2009.0,15.0,0.0822
2009.0,16.0,0.59793
2009.0,17.0,0.698309
2009.0,18.0,0.085273
2009.0,19.0,0.98612
2009.0,20.0,0.513553
2009.0,21.0,0.783799
2009.0,22.0,1.0
2009.0,23.0,0.952998
2009.0,24.0,0.95371
2009.0,25.0,0.874192
2009.0,26.0,1.0
2009.0,27.0,0.769648
2009.0,28.0,0.557363
2009.0,29.0,0.658854
2009.0,30.0,1.0
2009.0,31.0,0.566013
2009.0,32.0,0.794564
2009.0,33.0,0.877621
2009.0,34.0,0.942516
2009.0,35.0,0.451082
2009.0,36.0,1.0
2010.0,0.0,0.691228
2010.0,1.0,0.619853
2010.0,2.0,0.996819
2010.0,3.0,0.976174
2010.0,4.0,0.912621
2010.0,5.0,1.0
2010.0,6.0,0.507508
2010.0,7.0,1.0
2010.0,8.0,0.995781
2010.0,9.0,0.948527
2010.0,10.0,0.281179
2010.0,11.0,0.895253
2010.0,12.0,0.533604
2010.0,13.0,0.349101
2010.0,14.0,0.845568
2010.0,15.0,0.069588
2010.0,16.0,0.595845
2010.0,17.0,0.651542
2010.0,18.0,0.074021
2010.0,19.0,0.985046
2010.0,20.0,0.506154
2010.0,21.0,0.767844
2010.0,22.0,1.0
2010.0,23.0,0.948714
2010.0,24.0,0.952833
2010.0,25.0,0.860719
2010.0,26.0,1.0
2010.0,27.0,0.768444
2010.0,28.0,0.557063
2010.0,29.0,0.636899
2010.0,30.0,1.0
2010.0,31.0,0.530384
2010.0,32.0,0.76055
2010.0,33.0,0.875285
2010.0,34.0,0.939692
2010.0,35.0,0.448789
2010.0,36.0,1.0
3000.0,0.0,0.694528
3000.0,1.0,0.632448
3000.0,2.0,0.999347
3000.0,3.0,0.994527
3000.0,4.0,0.915058
3000.0,5.0,1.0
3000.0,6.0,0.499977
3000.0,7.0,1.0
3000.0,8.0,1.0
3000.0,9.0,0.974331
3000.0,10.0,0.28352
3000.0,11.0,0.903589
3000.0,12.0,0.549086
3000.0,13.0,0.35252
3000.0,14.0,0.857842
3000.0,15.0,0.048628
3000.0,16.0,0.593676
3000.0,17.0,0.65088
3000.0,18.0,0.068286
3000.0,19.0,0.994295
3000.0,20.0,0.506504
3000.0,21.0,0.768344
3000.0,22.0,1.0
3000.0,23.0,0.945543
3000.0,24.0,0.966959
3000.0,25.0,0.855593
3000.0,26.0,1.0
3000.0,27.0,0.788553
3000.0,28.0,0.555522
3000.0,29.0,0.631256
3000.0,30.0,1.0
3000.0,31.0,0.525055
3000.0,32.0,0.761369
3000.0,33.0,0.887026
3000.0,34.0,0.971724
3000.0,35.0,0.40579
3000.0,36.0,1.0
3001.0,0.0,0.697923
3001.0,1.0,0.636394
3001.0,2.0,0.999384
3001.0,3.0,0.994662
3001.0,4.0,0.914574
3001.0,5.0,1.0
3001.0,6.0,0.509441
3001.0,7.0,1.0
3001.0,8.0,1.0
3001.0,9.0,0.974573
3001.0,10.0,0.286037
3001.0,11.0,0.9042
3001.0,12.0,0.552342
3001.0,13.0,0.359642
3001.0,14.0,0.858073
3001.0,15.0,0.050648
3001.0,16.0,0.59445
3001.0,17.0,0.663867
3001.0,18.0,0.071034
3001.0,19.0,0.994451
3001.0,20.0,0.508393
3001.0,21.0,0.772801
3001.0,22.0,1.0
3001.0,23.0,0.946373
3001.0,24.0,0.967359
3001.0,25.0,0.859453
3001.0,26.0,1.0
3001.0,27.0,0.788809
3001.0,28.0,0.556507
3001.0,29.0,0.637936
3001.0,30.0,1.0
3001.0,31.0,0.535133
3001.0,32.0,0.771293
3001.0,33.0,0.88716
3001.0,34.0,0.971958
3001.0,35.0,0.406568
3001.0,36.0,1.0
3002.0,0.0,0.701267
3002.0,1.0,0.641956
3002.0,2.0,0.9994
3002.0,3.0,0.994712
3002.0,4.0,0.913781
3002.0,5.0,1.0
3002.0,6.0,0.517973
3002.0,7.0,1.0
3002.0,8.0,1.0
3002.0,9.0,0.9746
3002.0,10.0,0.288151
3002.0,11.0,0.905417
3002.0,12.0,0.55509
3002.0,13.0,0.366646
3002.0,14.0,0.858935
3002.0,15.0,0.05289
3002.0,16.0,0.595638
3002.0,17.0,0.676223
3002.0,18.0,0.073605
3002.0,19.0,0.994602
3002.0,20.0,0.509428
3002.0,21.0,0.776246
3002.0,22.0,1.0
3002.0,23.0,0.947749
3002.0,24.0,0.967763
3002.0,25.0,0.863123
3002.0,26.0,1.0
3002.0,27.0,0.789619
3002.0,28.0,0.556627
3002.0,29.0,0.643464
3002.0,30.0,1.0
3002.0,31.0,0.544518
3002.0,32.0,0.77965
3002.0,33.0,0.887169
3002.0,34.0,0.972414
3002.0,35.0,0.406597
3002.0,36.0,1.0
3003.0,0.0,0.705098
3003.0,1.0,0.647156
3003.0,2.0,0.999406
3003.0,3.0,0.994735
3003.0,4.0,0.91286
3003.0,5.0,1.0
3003.0,6.0,0.527147
3003.0,7.0,1.0
3003.0,8.0,1.0
3003.0,9.0,0.974935
3003.0,10.0,0.290698
3003.0,11.0,0.906105
3003.0,12.0,0.558039
3003.0,13.0,0.373476
3003.0,14.0,0.860212
3003.0,15.0,0.055075
3003.0,16.0,0.59669
3003.0,17.0,0.688823
3003.0,18.0,0.076591
3003.0,19.0,0.994671
3003.0,20.0,0.511743
3003.0,21.0,0.779729
3003.0,22.0,1.0
3003.0,23.0,0.948721
3003.0,24.0,0.967777
3003.0,25.0,0.866878
3003.0,26.0,1.0
3003.0,27.0,0.790986
3003.0,28.0,0.557181
3003.0,29.0,0.64928
3003.0,30.0,1.0
3003.0,31.0,0.554563
3003.0,32.0,0.788355
3003.0,33.0,0.88721
3003.0,34.0,0.972859
3003.0,35.0,0.406332
3003.0,36.0,1.0
3004.0,0.0,0.70903
3004.0,1.0,0.652446
3004.0,2.0,0.999479
3004.0,3.0,0.994755
3004.0,4.0,0.912136
3004.0,5.0,1.0
3004.0,6.0,0.536909
3004.0,7.0,1.0
3004.0,8.0,1.0
3004.0,9.0,0.975008
3004.0,10.0,0.293299
3004.0,11.0,0.906825
3004.0,12.0,0.561346
3004.0,13.0,0.379442
3004.0,14.0,0.860966
3004.0,15.0,0.057226
3004.0,16.0,0.596446
3004.0,17.0,0.700185
3004.0,18.0,0.079746
3004.0,19.0,0.994791
3004.0,20.0,0.513202
3004.0,21.0,0.783782
3004.0,22.0,1.0
3004.0,23.0,0.950328
3004.0,24.0,0.967872
3004.0,25.0,0.870752
3004.0,26.0,1.0
3004.0,27.0,0.791521
3004.0,28.0,0.557547
3004.0,29.0,0.654511
3004.0,30.0,1.0
3004.0,31.0,0.564356
3004.0,32.0,0.797134
3004.0,33.0,0.887554
3004.0,34.0,0.973381
3004.0,35.0,0.40776
3004.0,36.0,1.0
3005.0,0.0,0.71231
3005.0,1.0,0.656577
3005.0,2.0,0.999504
3005.0,3.0,0.994638
3005.0,4.0,0.911977
3005.0,5.0,1.0
3005.0,6.0,0.546167
3005.0,7.0,1.0
3005.0,8.0,1.0
3005.0,9.0,0.975175
3005.0,10.0,0.296109
3005.0,11.0,0.907411
3005.0,12.0,0.564173
3005.0,13.0,0.386216
3005.0,14.0,0.861964
3005.0,15.0,0.059514
3005.0,16.0,0.59736
3005.0,17.0,0.711204
3005.0,18.0,0.082578
3005.0,19.0,0.994787
3005.0,20.0,0.514182
3005.0,21.0,0.787635
3005.0,22.0,1.0
3005.0,23.0,0.951808
3005.0,24.0,0.968158
3005.0,25.0,0.874201
3005.0,26.0,1.0
3005.0,27.0,0.792757
3005.0,28.0,0.558391
3005.0,29.0,0.659988
3005.0,30.0,1.0
3005.0,31.0,0.574095
3005.0,32.0,0.804812
3005.0,33.0,0.888203
3005.0,34.0,0.97362
3005.0,35.0,0.407999
3005.0,36.0,1.0
3006.0,0.0,0.717152
3006.0,1.0,0.66113
3006.0,2.0,0.999541
3006.0,3.0,0.994595
3006.0,4.0,0.911397
3006.0,5.0,1.0
3006.0,6.0,0.554381
3006.0,7.0,1.0
3006.0,8.0,1.0
3006.0,9.0,0.975275
3006.0,10.0,0.299036
3006.0,11.0,0.908619
3006.0,12.0,0.566811
3006.0,13.0,0.391957
3006.0,14.0,0.862848
3006.0,15.0,0.061891
3006.0,16.0,0.596598
3006.0,17.0,0.721791
3006.0,18.0,0.086047
3006.0,19.0,0.994831
3006.0,20.0,0.515102
3006.0,21.0,0.791702
3006.0,22.0,1.0
3006.0,23.0,0.952669
3006.0,24.0,0.968588
3006.0,25.0,0.877784
3006.0,26.0,1.0
3006.0,27.0,0.793138
3006.0,28.0,0.559172
3006.0,29.0,0.666055
3006.0,30.0,1.0
3006.0,31.0,0.583859
3006.0,32.0,0.812486
3006.0,33.0,0.888314
3006.0,34.0,0.974326
3006.0,35.0,0.408502
3006.0,36.0,1.0
3007.0,0.0,0.721045
3007.0,1.0,0.665398
3007.0,2.0,0.999589
3007.0,3.0,0.994637
3007.0,4.0,0.911812
3007.0,5.0,1.0
3007.0,6.0,0.563435
3007.0,7.0,1.0
3007.0,8.0,1.0
3007.0,9.0,0.975431
3007.0,10.0,0.30107
3007.0,11.0,0.909902
3007.0,12.0,0.570183
3007.0,13.0,0.398607
3007.0,14.0,0.863766
3007.0,15.0,0.064473
3007.0,16.0,0.596948
3007.0,17.0,0.731169
3007.0,18.0,0.089248
3007.0,19.0,0.994977
3007.0,20.0,0.516688
3007.0,21.0,0.795533
3007.0,22.0,1.0
3007.0,23.0,0.95399
3007.0,24.0,0.968941
3007.0,25.0,0.881048
3007.0,26.0,1.0
3007.0,27.0,0.793634
3007.0,28.0,0.558543
3007.0,29.0,0.671773
3007.0,30.0,1.0
3007.0,31.0,0.593762
3007.0,32.0,0.81979
3007.0,33.0,0.888542
3007.0,34.0,0.974676
3007.0,35.0,0.409207
3007.0,36.0,1.0
3008.0,0.0,0.724057
3008.0,1.0,0.66978
3008.0,2.0,0.99962
3008.0,3.0,0.99467
3008.0,4.0,0.912062
3008.0,5.0,1.0
3008.0,6.0,0.571649
3008.0,7.0,1.0
3008.0,8.0,1.0
3008.0,9.0,0.975628
3008.0,10.0,0.303491
3008.0,11.0,0.910981
3008.0,12.0,0.572809
3008.0,13.0,0.405354
3008.0,14.0,0.864788
3008.0,15.0,0.067488
3008.0,16.0,0.598
3008.0,17.0,0.740226
3008.0,18.0,0.093108
3008.0,19.0,0.995121
3008.0,20.0,0.518493
3008.0,21.0,0.800045
3008.0,22.0,1.0
3008.0,23.0,0.954717
3008.0,24.0,0.968983
3008.0,25.0,0.884103
3008.0,26.0,1.0
3008.0,27.0,0.794092
3008.0,28.0,0.558271
3008.0,29.0,0.677689
3008.0,30.0,1.0
3008.0,31.0,0.602794
3008.0,32.0,0.826892
3008.0,33.0,0.888359
3008.0,34.0,0.974885
3008.0,35.0,0.41002
3008.0,36.0,1.0
3009.0,0.0,0.709346
3009.0,1.0,0.649902
3009.0,2.0,0.999526
3009.0,3.0,0.994643
3009.0,4.0,0.913591
3009.0,5.0,1.0
3009.0,6.0,0.534033
3009.0,7.0,1.0
3009.0,8.0,1.0
3009.0,9.0,0.974971
3009.0,10.0,0.292726
3009.0,11.0,0.907175
3009.0,12.0,0.561096
3009.0,13.0,0.378357
3009.0,14.0,0.860035
3009.0,15.0,0.057129
3009.0,16.0,0.595807
3009.0,17.0,0.695541
3009.0,18.0,0.079317
3009.0,19.0,0.994847
3009.0,20.0,0.510929
3009.0,21.0,0.783906
3009.0,22.0,1.0
3009.0,23.0,0.950106
3009.0,24.0,0.968365
3009.0,25.0,0.871027
3009.0,26.0,1.0
3009.0,27.0,0.791843
3009.0,28.0,0.557419
3009.0,29.0,0.653968
3009.0,30.0,1.0
3009.0,31.0,0.562529
3009.0,32.0,0.794931
3009.0,33.0,0.887591
3009.0,34.0,0.973727
3009.0,35.0,0.406169
3009.0,36.0,1.0
3010.0,0.0,0.696625
3010.0,1.0,0.631364
3010.0,2.0,0.999442
3010.0,3.0,0.994709
3010.0,4.0,0.915513
3010.0,5.0,1.0
3010.0,6.0,0.499554
3010.0,7.0,1.0
3010.0,8.0,1.0
3010.0,9.0,0.974657
3010.0,10.0,0.283316
3010.0,11.0,0.903434
3010.0,12.0,0.548979
3010.0,13.0,0.353631
3010.0,14.0,0.856246
3010.0,15.0,0.048601
3010.0,16.0,0.593372
3010.0,17.0,0.647847
3010.0,18.0,0.068906
3010.0,19.0,0.994519
3010.0,20.0,0.502972
3010.0,21.0,0.767655
3010.0,22.0,1.0
3010.0,23.0,0.945578
3010.0,24.0,0.967579
3010.0,25.0,0.858097
3010.0,26.0,1.0
3010.0,27.0,0.789017
3010.0,28.0,0.555814
3010.0,29.0,0.632476
3010.0,30.0,1.0
3010.0,31.0,0.526851
3010.0,32.0,0.760822
3010.0,33.0,0.886946
3010.0,34.0,0.972924
3010.0,35.0,0.402978
3010.0,36.0,1.0
4000.0,0.0,0.696454
4000.0,1.0,0.62631
4000.0,2.0,1.0
4000.0,3.0,0.999717
4000.0,4.0,0.914263
4000.0,5.0,1.0
4000.0,6.0,0.504658
4000.0,7.0,1.0
4000.0,8.0,1.0
4000.0,9.0,0.990527
4000.0,10.0,0.280329
4000.0,11.0,0.895132
4000.0,12.0,0.528287
4000.0,13.0,0.359763
4000.0,14.0,0.840982
4000.0,15.0,0.047464
4000.0,16.0,0.622041
4000.0,17.0,0.648347
4000.0,18.0,0.05848
4000.0,19.0,0.997785
4000.0,20.0,0.517154
4000.0,21.0,0.7666
4000.0,22.0,1.0
4000.0,23.0,0.944495
4000.0,24.0,0.982795
4000.0,25.0,0.861577
4000.0,26.0,1.0
4000.0,27.0,0.807193
4000.0,28.0,0.568719
4000.0,29.0,0.637519
4000.0,30.0,1.0
4000.0,31.0,0.521129
4000.0,32.0,0.76253
4000.0,33.0,0.882248
4000.0,34.0,0.987998
4000.0,35.0,0.411014
4000.0,36.0,1.0
4001.0,0.0,0.70045
4001.0,1.0,0.631998
4001.0,2.0,1.0
4001.0,3.0,0.999722
4001.0,4.0,0.913203
4001.0,5.0,1.0
4001.0,6.0,0.513169
4001.0,7.0,1.0
4001.0,8.0,1.0
4001.0,9.0,0.990547
4001.0,10.0,0.283386
4001.0,11.0,0.896406
4001.0,12.0,0.531419
4001.0,13.0,0.365896
4001.0,14.0,0.841817
4001.0,15.0,0.04958
4001.0,16.0,0.622445
4001.0,17.0,0.661452
4001.0,18.0,0.060812
4001.0,19.0,0.997789
4001.0,20.0,0.519075
4001.0,21.0,0.770034
4001.0,22.0,1.0
4001.0,23.0,0.945952
4001.0,24.0,0.983021
4001.0,25.0,0.865486
4001.0,26.0,1.0
4001.0,27.0,0.807368
4001.0,28.0,0.569322
4001.0,29.0,0.643335
4001.0,30.0,1.0
4001.0,31.0,0.530218
4001.0,32.0,0.771547
4001.0,33.0,0.883076
4001.0,34.0,0.988138
4001.0,35.0,0.411512
4001.0,36.0,1.0
4002.0,0.0,0.704585
4002.0,1.0,0.636809
4002.0,2.0,1.0
4002.0,3.0,0.999709
4002.0,4.0,0.912508
4002.0,5.0,1.0
4002.0,6.0,0.521937
4002.0,7.0,1.0
4002.0,8.0,1.0
4002.0,9.0,0.990659
4002.0,10.0,0.285905
4002.0,11.0,0.897591
4002.0,12.0,0.534977
4002.0,13.0,0.372759
4002.0,14.0,0.842905
4002.0,15.0,0.051547
4002.0,16.0,0.622565
4002.0,17.0,0.673984
4002.0,18.0,0.063145
4002.0,19.0,0.997801
4002.0,20.0,0.520281
4002.0,21.0,0.774384
4002.0,22.0,1.0
4002.0,23.0,0.947349
4002.0,24.0,0.983311
4002.0,25.0,0.868915
4002.0,26.0,1.0
4002.0,27.0,0.8074
4002.0,28.0,0.569977
4002.0,29.0,0.649048
4002.0,30.0,1.0
4002.0,31.0,0.539049
4002.0,32.0,0.78092
4002.0,33.0,0.88341
4002.0,34.0,0.988211
4002.0,35.0,0.412238
4002.0,36.0,1.0
4003.0,0.0,0.708635
4003.0,1.0,0.641584
4003.0,2.0,1.0
4003.0,3.0,0.999695
4003.0,4.0,0.912207
4003.0,5.0,1.0
4003.0,6.0,0.5306
4003.0,7.0,1.0
4003.0,8.0,1.0
4003.0,9.0,0.9908
4003.0,10.0,0.28796
4003.0,11.0,0.89854
4003.0,12.0,0.537107
4003.0,13.0,0.379676
4003.0,14.0,0.843542
4003.0,15.0,0.053886
4003.0,16.0,0.622494
4003.0,17.0,0.686225
4003.0,18.0,0.065564
4003.0,19.0,0.997852
4003.0,20.0,0.522021
4003.0,21.0,0.778671
4003.0,22.0,1.0
4003.0,23.0,0.948679
4003.0,24.0,0.983296
4003.0,25.0,0.872542
4003.0,26.0,1.0
4003.0,27.0,0.807265
4003.0,28.0,0.569335
4003.0,29.0,0.654796
4003.0,30.0,1.0
4003.0,31.0,0.547983
4003.0,32.0,0.789219
4003.0,33.0,0.883281
4003.0,34.0,0.988162
4003.0,35.0,0.413675
4003.0,36.0,1.0
4004.0,0.0,0.712608
4004.0,1.0,0.646505
4004.0,2.0,1.0
4004.0,3.0,0.999684
4004.0,4.0,0.911717
4004.0,5.0,1.0
4004.0,6.0,0.53926
4004.0,7.0,1.0
4004.0,8.0,1.0
4004.0,9.0,0.990762
4004.0,10.0,0.289997
4004.0,11.0,0.900096
4004.0,12.0,0.541135
4004.0,13.0,0.385984
4004.0,14.0,0.844197
4004.0,15.0,0.056361
4004.0,16.0,0.623382
4004.0,17.0,0.697534
4004.0,18.0,0.068047
4004.0,19.0,0.997912
4004.0,20.0,0.523793
4004.0,21.0,0.783096
4004.0,22.0,1.0
4004.0,23.0,0.949914
4004.0,24.0,0.98329
4004.0,25.0,0.875678
4004.0,26.0,1.0
4004.0,27.0,0.808074
4004.0,28.0,0.570578
4004.0,29.0,0.66038
4004.0,30.0,1.0
4004.0,31.0,0.55811
4004.0,32.0,0.798156
4004.0,33.0,0.883471
4004.0,34.0,0.988318
4004.0,35.0,0.414779
4004.0,36.0,1.0
4005.0,0.0,0.715729
4005.0,1.0,0.650817
4005.0,2.0,1.0
4005.0,3.0,0.999693
4005.0,4.0,0.910999
4005.0,5.0,1.0
4005.0,6.0,0.548121
4005.0,7.0,1.0
4005.0,8.0,1.0
4005.0,9.0,0.990818
4005.0,10.0,0.292742
4005.0,11.0,0.901291
4005.0,12.0,0.543495
4005.0,13.0,0.392461
4005.0,14.0,0.84534
4005.0,15.0,0.059049
4005.0,16.0,0.623494
4005.0,17.0,0.708178
4005.0,18.0,0.070549
4005.0,19.0,0.997958
4005.0,20.0,0.526216
4005.0,21.0,0.787367
4005.0,22.0,1.0
4005.0,23.0,0.951345
4005.0,24.0,0.983576
4005.0,25.0,0.878848
4005.0,26.0,1.0
4005.0,27.0,0.807938
4005.0,28.0,0.571007
4005.0,29.0,0.665812
4005.0,30.0,1.0
4005.0,31.0,0.567605
4005.0,32.0,0.806626
4005.0,33.0,0.884152
4005.0,34.0,0.98847
4005.0,35.0,0.416221
4005.0,36.0,1.0
4006.0,0.0,0.718618
4006.0,1.0,0.656496
4006.0,2.0,1.0
4006.0,3.0,0.999715
4006.0,4.0,0.910963
4006.0,5.0,1.0
4006.0,6.0,0.5562
4006.0,7.0,1.0
4006.0,8.0,1.0
4006.0,9.0,0.990777
4006.0,10.0,0.294588
4006.0,11.0,0.902844
4006.0,12.0,0.546407
4006.0,13.0,0.398204
4006.0,14.0,0.846147
4006.0,15.0,0.061775
4006.0,16.0,0.623327
4006.0,17.0,0.718568
4006.0,18.0,0.07342
4006.0,19.0,0.998013
4006.0,20.0,0.52921
4006.0,21.0,0.790874
4006.0,22.0,1.0
4006.0,23.0,0.952398
4006.0,24.0,0.983564
4006.0,25.0,0.881727
4006.0,26.0,1.0
4006.0,27.0,0.807447
4006.0,28.0,0.571448
4006.0,29.0,0.670755
4006.0,30.0,1.0
4006.0,31.0,0.577129
4006.0,32.0,0.814446
4006.0,33.0,0.884753
4006.0,34.0,0.988783
4006.0,35.0,0.417284
4006.0,36.0,1.0
4007.0,0.0,0.722852
4007.0,1.0,0.660345
4007.0,2.0,1.0
4007.0,3.0,0.999716
4007.0,4.0,0.910566
4007.0,5.0,1.0
4007.0,6.0,0.565479
4007.0,7.0,1.0
4007.0,8.0,1.0
4007.0,9.0,0.9906
4007.0,10.0,0.296971
4007.0,11.0,0.903906
4007.0,12.0,0.549403
4007.0,13.0,0.40466
4007.0,14.0,0.846567
4007.0,15.0,0.064516
4007.0,16.0,0.623478
4007.0,17.0,0.72879
4007.0,18.0,0.076495
4007.0,19.0,0.998054
4007.0,20.0,0.530659
4007.0,21.0,0.793925
4007.0,22.0,1.0
4007.0,23.0,0.953571
4007.0,24.0,0.983572
4007.0,25.0,0.885235
4007.0,26.0,1.0
4007.0,27.0,0.80777
4007.0,28.0,0.571369
4007.0,29.0,0.676589
4007.0,30.0,1.0
4007.0,31.0,0.586255
4007.0,32.0,0.821854
4007.0,33.0,0.88552
4007.0,34.0,0.989036
4007.0,35.0,0.418166
4007.0,36.0,1.0
4008.0,0.0,0.725909
4008.0,1.0,0.665181
4008.0,2.0,1.0
4008.0,3.0,0.999715
4008.0,4.0,0.91036
4008.0,5.0,1.0
4008.0,6.0,0.574622
4008.0,7.0,1.0
4008.0,8.0,1.0
4008.0,9.0,0.990505
4008.0,10.0,0.299676
4008.0,11.0,0.905011
4008.0,12.0,0.553002
4008.0,13.0,0.410717
4008.0,14.0,0.848129
4008.0,15.0,0.067313
4008.0,16.0,0.623169
4008.0,17.0,0.73772
4008.0,18.0,0.079399
4008.0,19.0,0.998105
4008.0,20.0,0.531817
4008.0,21.0,0.798427
4008.0,22.0,1.0
4008.0,23.0,0.954702
4008.0,24.0,0.983668
4008.0,25.0,0.888283
4008.0,26.0,1.0
4008.0,27.0,0.808583
4008.0,28.0,0.571744
4008.0,29.0,0.682205
4008.0,30.0,1.0
4008.0,31.0,0.594864
4008.0,32.0,0.828122
4008.0,33.0,0.885924
4008.0,34.0,0.989273
4008.0,35.0,0.418929
4008.0,36.0,1.0
4009.0,0.0,0.711493
4009.0,1.0,0.645392
4009.0,2.0,1.0
4009.0,3.0,0.999698
4009.0,4.0,0.912072
4009.0,5.0,1.0
4009.0,6.0,0.537739
4009.0,7.0,1.0
4009.0,8.0,1.0
4009.0,9.0,0.990412
4009.0,10.0,0.289733
4009.0,11.0,0.900529
4009.0,12.0,0.540727
4009.0,13.0,0.383737
4009.0,14.0,0.844239
4009.0,15.0,0.056395
4009.0,16.0,0.621209
4009.0,17.0,0.695386
4009.0,18.0,0.068019
4009.0,19.0,0.99795
4009.0,20.0,0.52374
4009.0,21.0,0.781888
4009.0,22.0,1.0
4009.0,23.0,0.950207
4009.0,24.0,0.983208
4009.0,25.0,0.874939
4009.0,26.0,1.0
4009.0,27.0,0.806838
4009.0,28.0,0.570425
4009.0,29.0,0.658875
4009.0,30.0,1.0
4009.0,31.0,0.556027
4009.0,32.0,0.796306
4009.0,33.0,0.884452
4009.0,34.0,0.988596
4009.0,35.0,0.416344
4009.0,36.0,1.0
4010.0,0.0,0.697843
4010.0,1.0,0.627034
4010.0,2.0,1.0
4010.0,3.0,0.999686
4010.0,4.0,0.914217
4010.0,5.0,1.0
4010.0,6.0,0.503597
4010.0,7.0,1.0
4010.0,8.0,1.0
4010.0,9.0,0.990208
4010.0,10.0,0.280365
4010.0,11.0,0.896072
4010.0,12.0,0.529437
4010.0,13.0,0.357941
4010.0,14.0,0.840903
4010.0,15.0,0.047584
4010.0,16.0,0.61926
4010.0,17.0,0.648879
4010.0,18.0,0.059028
4010.0,19.0,0.997775
4010.0,20.0,0.516628
4010.0,21.0,0.765974
4010.0,22.0,1.0
4010.0,23.0,0.945171
4010.0,24.0,0.982626
4010.0,25.0,0.861216
4010.0,26.0,1.0
4010.0,27.0,0.805505
4010.0,28.0,0.568589
4010.0,29.0,0.637321
4010.0,30.0,1.0
4010.0,31.0,0.519865
4010.0,32.0,0.762951
4010.0,33.0,0.882797
4010.0,34.0,0.987903
4010.0,35.0,0.412982
4010.0,36.0,1.0
5000.0,0.0,0.695902
5000.0,1.0,0.624892
5000.0,2.0,1.0
5000.0,3.0,1.0
5000.0,4.0,0.912411
5000.0,5.0,1.0
5000.0,6.0,0.505316
5000.0,7.0,1.0
5000.0,8.0,1.0
5000.0,9.0,0.992883
5000.0,10.0,0.291349
5000.0,11.0,0.887357
5000.0,12.0,0.539252
5000.0,13.0,0.364001
5000.0,14.0,0.857177
5000.0,15.0,0.038896
5000.0,16.0,0.622376
5000.0,17.0,0.642493
5000.0,18.0,0.053713
5000.0,19.0,0.998517
5000.0,20.0,0.514547
5000.0,21.0,0.772761
5000.0,22.0,1.0
5000.0,23.0,0.94644
5000.0,24.0,0.989883
5000.0,25.0,0.860047
5000.0,26.0,1.0
5000.0,27.0,0.807069
5000.0,28.0,0.563885
5000.0,29.0,0.644841
5000.0,30.0,1.0
5000.0,31.0,0.529096
5000.0,32.0,0.763409
5000.0,33.0,0.88747
5000.0,34.0,0.995631
5000.0,35.0,0.378552
5000.0,36.0,1.0
5001.0,0.0,0.699873
5001.0,1.0,0.62935
5001.0,2.0,1.0
5001.0,3.0,1.0
5001.0,4.0,0.911753
5001.0,5.0,1.0
5001.0,6.0,0.514664
5001.0,7.0,1.0
5001.0,8.0,1.0
5001.0,9.0,0.992936
5001.0,10.0,0.292978
5001.0,11.0,0.888464
5001.0,12.0,0.541489
5001.0,13.0,0.370589
5001.0,14.0,0.858205
5001.0,15.0,0.040607
5001.0,16.0,0.622576
5001.0,17.0,0.656811
5001.0,18.0,0.055586
5001.0,19.0,0.998572
5001.0,20.0,0.516692
5001.0,21.0,0.777683
5001.0,22.0,1.0
5001.0,23.0,0.947894
5001.0,24.0,0.98996
5001.0,25.0,0.863281
5001.0,26.0,1.0
5001.0,27.0,0.807705
5001.0,28.0,0.563749
5001.0,29.0,0.650943
5001.0,30.0,1.0
5001.0,31.0,0.539139
5001.0,32.0,0.772946
5001.0,33.0,0.887672
5001.0,34.0,0.995835
5001.0,35.0,0.379775
5001.0,36.0,1.0
5002.0,0.0,0.703467
5002.0,1.0,0.633616
5002.0,2.0,1.0
5002.0,3.0,1.0
5002.0,4.0,0.910485
5002.0,5.0,1.0
5002.0,6.0,0.523351
5002.0,7.0,1.0
5002.0,8.0,1.0
5002.0,9.0,0.992893
5002.0,10.0,0.295425
5002.0,11.0,0.89008
5002.0,12.0,0.544426
5002.0,13.0,0.37794
5002.0,14.0,0.859408
5002.0,15.0,0.042653
5002.0,16.0,0.623565
5002.0,17.0,0.670335
5002.0,18.0,0.058078
5002.0,19.0,0.998544
5002.0,20.0,0.518384
5002.0,21.0,0.78125
5002.0,22.0,1.0
5002.0,23.0,0.949048
5002.0,24.0,0.989989
5002.0,25.0,0.867181
5002.0,26.0,1.0
5002.0,27.0,0.807882
5002.0,28.0,0.563169
5002.0,29.0,0.655999
5002.0,30.0,1.0
5002.0,31.0,0.548725
5002.0,32.0,0.781936
5002.0,33.0,0.88745
5002.0,34.0,0.995927
5002.0,35.0,0.379675
5002.0,36.0,1.0
5003.0,0.0,0.706747
5003.0,1.0,0.639138
5003.0,2.0,1.0
5003.0,3.0,1.0
5003.0,4.0,0.909698
5003.0,5.0,1.0
5003.0,6.0,0.532028
5003.0,7.0,1.0
5003.0,8.0,1.0
5003.0,9.0,0.992977
5003.0,10.0,0.297929
5003.0,11.0,0.891308
5003.0,12.0,0.54759
5003.0,13.0,0.384059
5003.0,14.0,0.860449
5003.0,15.0,0.044722
5003.0,16.0,0.624363
5003.0,17.0,0.682782
5003.0,18.0,0.060336
5003.0,19.0,0.998557
5003.0,20.0,0.520272
5003.0,21.0,0.78554
5003.0,22.0,1.0
5003.0,23.0,0.950057
5003.0,24.0,0.990159
5003.0,25.0,0.870437
5003.0,26.0,1.0
5003.0,27.0,0.808861
5003.0,28.0,0.563373
5003.0,29.0,0.661714
5003.0,30.0,1.0
5003.0,31.0,0.557831
5003.0,32.0,0.790806
5003.0,33.0,0.88844
5003.0,34.0,0.995953
5003.0,35.0,0.379876
5003.0,36.0,1.0
5004.0,0.0,0.710505
5004.0,1.0,0.64427
5004.0,2.0,1.0
5004.0,3.0,1.0
5004.0,4.0,0.909643
5004.0,5.0,1.0
5004.0,6.0,0.541209
5004.0,7.0,1.0
5004.0,8.0,1.0
5004.0,9.0,0.99294
5004.0,10.0,0.301202
5004.0,11.0,0.892484
5004.0,12.0,0.549727
5004.0,13.0,0.390046
5004.0,14.0,0.861207
5004.0,15.0,0.046608
5004.0,16.0,0.624868
5004.0,17.0,0.694977
5004.0,18.0,0.062691
5004.0,19.0,0.998564
5004.0,20.0,0.522639
5004.0,21.0,0.789655
5004.0,22.0,1.0
5004.0,23.0,0.951108
5004.0,24.0,0.99029
5004.0,25.0,0.873937
5004.0,26.0,1.0
5004.0,27.0,0.809788
5004.0,28.0,0.562816
5004.0,29.0,0.666498
5004.0,30.0,1.0
5004.0,31.0,0.567081
5004.0,32.0,0.79876
5004.0,33.0,0.888392
5004.0,34.0,0.99595
5004.0,35.0,0.380371
5004.0,36.0,1.0
5005.0,0.0,0.713467
5005.0,1.0,0.648785
5005.0,2.0,1.0
5005.0,3.0,1.0
5005.0,4.0,0.908759
5005.0,5.0,1.0
5005.0,6.0,0.550498
5005.0,7.0,1.0
5005.0,8.0,1.0
5005.0,9.0,0.993036
5005.0,10.0,0.303415
5005.0,11.0,0.893886
5005.0,12.0,0.552802
5005.0,13.0,0.39604
5005.0,14.0,0.862158
5005.0,15.0,0.0488
5005.0,16.0,0.62523
5005.0,17.0,0.707075
5005.0,18.0,0.06503
5005.0,19.0,0.998582
5005.0,20.0,0.52487
5005.0,21.0,0.793269
5005.0,22.0,1.0
5005.0,23.0,0.952583
5005.0,24.0,0.990429
5005.0,25.0,0.876752
5005.0,26.0,1.0
5005.0,27.0,0.810182
5005.0,28.0,0.562395
5005.0,29.0,0.672019
5005.0,30.0,1.0
5005.0,31.0,0.575848
5005.0,32.0,0.806529
5005.0,33.0,0.888746
5005.0,34.0,0.996065
5005.0,35.0,0.381245
5005.0,36.0,1.0
5006.0,0.0,0.716804
5006.0,1.0,0.653663
5006.0,2.0,1.0
5006.0,3.0,1.0
5006.0,4.0,0.907697
5006.0,5.0,1.0
5006.0,6.0,0.559609
5006.0,7.0,1.0
5006.0,8.0,1.0
5006.0,9.0,0.993065
5006.0,10.0,0.305891
5006.0,11.0,0.894774
5006.0,12.0,0.55601
5006.0,13.0,0.402967
5006.0,14.0,0.863252
5006.0,15.0,0.050733
5006.0,16.0,0.626278
5006.0,17.0,0.717321
5006.0,18.0,0.067419
5006.0,19.0,0.998537
5006.0,20.0,0.526248
5006.0,21.0,0.797187
5006.0,22.0,1.0
5006.0,23.0,0.953717
5006.0,24.0,0.990357
5006.0,25.0,0.879993
5006.0,26.0,1.0
5006.0,27.0,0.8103
5006.0,28.0,0.563244
5006.0,29.0,0.67796
5006.0,30.0,1.0
5006.0,31.0,0.585064
5006.0,32.0,0.813466
5006.0,33.0,0.889064
5006.0,34.0,0.996097
5006.0,35.0,0.381799
5006.0,36.0,1.0
5007.0,0.0,0.720124
5007.0,1.0,0.65926
5007.0,2.0,1.0
5007.0,3.0,1.0
5007.0,4.0,0.907338
5007.0,5.0,1.0
5007.0,6.0,0.568537
5007.0,7.0,1.0
5007.0,8.0,1.0
5007.0,9.0,0.993205
5007.0,10.0,0.307961
5007.0,11.0,0.895684
5007.0,12.0,0.559041
5007.0,13.0,0.408929
5007.0,14.0,0.863907
5007.0,15.0,0.052771
5007.0,16.0,0.627014
5007.0,17.0,0.727646
5007.0,18.0,0.069878
5007.0,19.0,0.998584
5007.0,20.0,0.527989
5007.0,21.0,0.800935
5007.0,22.0,1.0
5007.0,23.0,0.954816
5007.0,24.0,0.99053
5007.0,25.0,0.882614
5007.0,26.0,1.0
5007.0,27.0,0.809878
5007.0,28.0,0.564537
5007.0,29.0,0.683559
5007.0,30.0,1.0
5007.0,31.0,0.594603
5007.0,32.0,0.820903
5007.0,33.0,0.889226
5007.0,34.0,0.996128
5007.0,35.0,0.382232
5007.0,36.0,1.0
5008.0,0.0,0.723445
5008.0,1.0,0.663565
5008.0,2.0,1.0
5008.0,3.0,1.0
5008.0,4.0,0.907036
5008.0,5.0,1.0
5008.0,6.0,0.577315
5008.0,7.0,1.0
5008.0,8.0,1.0
5008.0,9.0,0.993369
5008.0,10.0,0.31101
5008.0,11.0,0.896093
5008.0,12.0,0.56177
5008.0,13.0,0.415368
5008.0,14.0,0.865123
5008.0,15.0,0.055256
5008.0,16.0,0.627609
5008.0,17.0,0.737081
5008.0,18.0,0.072503
5008.0,19.0,0.9986
5008.0,20.0,0.529996
5008.0,21.0,0.804095
5008.0,22.0,1.0
5008.0,23.0,0.955736
5008.0,24.0,0.990771
5008.0,25.0,0.885116
5008.0,26.0,1.0
5008.0,27.0,0.810035
5008.0,28.0,0.565017
5008.0,29.0,0.689236
5008.0,30.0,1.0
5008.0,31.0,0.603763
5008.0,32.0,0.828662
5008.0,33.0,0.889561
5008.0,34.0,0.996268
5008.0,35.0,0.383114
5008.0,36.0,1.0
5009.0,0.0,0.708684
5009.0,1.0,0.643944
5009.0,2.0,1.0
5009.0,3.0,1.0
5009.0,4.0,0.908756
5009.0,5.0,1.0
5009.0,6.0,0.538823
5009.0,7.0,1.0
5009.0,8.0,1.0
5009.0,9.0,0.993263
5009.0,10.0,0.300291
5009.0,11.0,0.891873
5009.0,12.0,0.548337
5009.0,13.0,0.387824
5009.0,14.0,0.861039
5009.0,15.0,0.046161
5009.0,16.0,0.625605
5009.0,17.0,0.693628
5009.0,18.0,0.061689
5009.0,19.0,0.998481
5009.0,20.0,0.522283
5009.0,21.0,0.788847
5009.0,22.0,1.0
5009.0,23.0,0.951325
5009.0,24.0,0.990348
5009.0,25.0,0.871546
5009.0,26.0,1.0
5009.0,27.0,0.809285
5009.0,28.0,0.563526
5009.0,29.0,0.666707
5009.0,30.0,1.0
5009.0,31.0,0.564947
5009.0,32.0,0.796805
5009.0,33.0,0.887983
5009.0,34.0,0.996058
5009.0,35.0,0.3808
5009.0,36.0,1.0
5010.0,0.0,0.694517
5010.0,1.0,0.625271
5010.0,2.0,1.0
5010.0,3.0,1.0
5010.0,4.0,0.911941
5010.0,5.0,1.0
5010.0,6.0,0.504992
5010.0,7.0,1.0
5010.0,8.0,1.0
5010.0,9.0,0.993148
5010.0,10.0,0.290294
5010.0,11.0,0.887906
5010.0,12.0,0.536595
5010.0,13.0,0.362957
5010.0,14.0,0.857194
5010.0,15.0,0.038931
5010.0,16.0,0.622747
5010.0,17.0,0.645831
5010.0,18.0,0.05346
5010.0,19.0,0.998335
5010.0,20.0,0.51544
5010.0,21.0,0.772269
5010.0,22.0,1.0
5010.0,23.0,0.946554
5010.0,24.0,0.990449
5010.0,25.0,0.857757
5010.0,26.0,1.0
5010.0,27.0,0.807676
5010.0,28.0,0.562451
5010.0,29.0,0.644251
5010.0,30.0,1.0
5010.0,31.0,0.528374
5010.0,32.0,0.763278
5010.0,33.0,0.88734
5010.0,34.0,0.995912
5010.0,35.0,0.376765
5010.0,36.0,1.0
6000.0,0.0,0.711569
6000.0,1.0,0.627682
6000.0,2.0,1.0
6000.0,3.0,1.0
6000.0,4.0,0.928367
6000.0,5.0,1.0
6000.0,6.0,0.504379
6000.0,7.0,1.0
6000.0,8.0,1.0
6000.0,9.0,0.997459
6000.0,10.0,0.280634
6000.0,11.0,0.900518
6000.0,12.0,0.528944
6000.0,13.0,0.350561
6000.0,14.0,0.856866
6000.0,15.0,0.027832
6000.0,16.0,0.627658
6000.0,17.0,0.644624
6000.0,18.0,0.062349
6000.0,19.0,0.999512
6000.0,20.0,0.512162
6000.0,21.0,0.766639
6000.0,22.0,1.0
6000.0,23.0,0.943466
6000.0,24.0,0.997061
6000.0,25.0,0.859002
6000.0,26.0,1.0
6000.0,27.0,0.826153
6000.0,28.0,0.575291
6000.0,29.0,0.659746
6000.0,30.0,1.0
6000.0,31.0,0.532129
6000.0,32.0,0.75312
6000.0,33.0,0.889453
6000.0,34.0,0.998425
6000.0,35.0,0.349481
6000.0,36.0,1.0
6001.0,0.0,0.714548
6001.0,1.0,0.633366
6001.0,2.0,1.0
6001.0,3.0,1.0
6001.0,4.0,0.927665
6001.0,5.0,1.0
6001.0,6.0,0.513473
6001.0,7.0,1.0
6001.0,8.0,1.0
6001.0,9.0,0.997379
6001.0,10.0,0.282379
6001.0,11.0,0.901449
6001.0,12.0,0.53148
6001.0,13.0,0.35747
6001.0,14.0,0.857692
6001.0,15.0,0.028718
6001.0,16.0,0.628306
6001.0,17.0,0.658203
6001.0,18.0,0.064445
6001.0,19.0,0.999487
6001.0,20.0,0.514284
6001.0,21.0,0.770896
6001.0,22.0,1.0
6001.0,23.0,0.944642
6001.0,24.0,0.997156
6001.0,25.0,0.862479
6001.0,26.0,1.0
6001.0,27.0,0.826684
6001.0,28.0,0.575511
6001.0,29.0,0.664698
6001.0,30.0,1.0
6001.0,31.0,0.541477
6001.0,32.0,0.761979
6001.0,33.0,0.889939
6001.0,34.0,0.998438
6001.0,35.0,0.349948
6001.0,36.0,1.0
6002.0,0.0,0.717935
6002.0,1.0,0.637754
6002.0,2.0,1.0
6002.0,3.0,1.0
6002.0,4.0,0.926782
6002.0,5.0,1.0
6002.0,6.0,0.523182
6002.0,7.0,1.0
6002.0,8.0,1.0
6002.0,9.0,0.99744
6002.0,10.0,0.285175
6002.0,11.0,0.901764
6002.0,12.0,0.535427
6002.0,13.0,0.36414
6002.0,14.0,0.858558
6002.0,15.0,0.029931
6002.0,16.0,0.629539
6002.0,17.0,0.67093
6002.0,18.0,0.06674
6002.0,19.0,0.9995
6002.0,20.0,0.516308
6002.0,21.0,0.775354
6002.0,22.0,1.0
6002.0,23.0,0.94597
6002.0,24.0,0.997149
6002.0,25.0,0.866032
6002.0,26.0,1.0
6002.0,27.0,0.826665
6002.0,28.0,0.575239
6002.0,29.0,0.669677
6002.0,30.0,1.0
6002.0,31.0,0.550575
6002.0,32.0,0.771562
6002.0,33.0,0.890907
6002.0,34.0,0.998496
6002.0,35.0,0.350232
6002.0,36.0,1.0
6003.0,0.0,0.721458
6003.0,1.0,0.642844
6003.0,2.0,1.0
6003.0,3.0,1.0
6003.0,4.0,0.926417
6003.0,5.0,1.0
6003.0,6.0,0.532008
6003.0,7.0,1.0
6003.0,8.0,1.0
6003.0,9.0,0.997534
6003.0,10.0,0.288064
6003.0,11.0,0.902997
6003.0,12.0,0.539772
6003.0,13.0,0.370729
6003.0,14.0,0.859394
6003.0,15.0,0.031249
6003.0,16.0,0.630889
6003.0,17.0,0.683915
6003.0,18.0,0.069311
6003.0,19.0,0.999463
6003.0,20.0,0.517779
6003.0,21.0,0.779764
6003.0,22.0,1.0
6003.0,23.0,0.94708
6003.0,24.0,0.99716
6003.0,25.0,0.870069
6003.0,26.0,1.0
6003.0,27.0,0.826651
6003.0,28.0,0.575381
6003.0,29.0,0.67525
6003.0,30.0,1.0
6003.0,31.0,0.560263
6003.0,32.0,0.780581
6003.0,33.0,0.891342
6003.0,34.0,0.998529
6003.0,35.0,0.350879
6003.0,36.0,1.0
6004.0,0.0,0.724475
6004.0,1.0,0.647242
6004.0,2.0,1.0
6004.0,3.0,1.0
6004.0,4.0,0.926045
6004.0,5.0,1.0
6004.0,6.0,0.541294
6004.0,7.0,1.0
6004.0,8.0,1.0
6004.0,9.0,0.997562
6004.0,10.0,0.290099
6004.0,11.0,0.903528
6004.0,12.0,0.542703
6004.0,13.0,0.376886
6004.0,14.0,0.859764
6004.0,15.0,0.032423
6004.0,16.0,0.631698
6004.0,17.0,0.695869
6004.0,18.0,0.072068
6004.0,19.0,0.999471
6004.0,20.0,0.518543
6004.0,21.0,0.782932
6004.0,22.0,1.0
6004.0,23.0,0.948478
6004.0,24.0,0.997106
6004.0,25.0,0.873303
6004.0,26.0,1.0
6004.0,27.0,0.827019
6004.0,28.0,0.575056
6004.0,29.0,0.680945
6004.0,30.0,1.0
6004.0,31.0,0.570289
6004.0,32.0,0.789253
6004.0,33.0,0.892237
6004.0,34.0,0.998558
6004.0,35.0,0.351297
6004.0,36.0,1.0
6005.0,0.0,0.728198
6005.0,1.0,0.651612
6005.0,2.0,1.0
6005.0,3.0,1.0
6005.0,4.0,0.925548
6005.0,5.0,1.0
6005.0,6.0,0.550183
6005.0,7.0,1.0
6005.0,8.0,1.0
6005.0,9.0,0.997645
6005.0,10.0,0.29332
6005.0,11.0,0.904464
6005.0,12.0,0.545378
6005.0,13.0,0.38315
6005.0,14.0,0.860303
6005.0,15.0,0.034127
6005.0,16.0,0.632245
6005.0,17.0,0.706815
6005.0,18.0,0.075012
6005.0,19.0,0.999521
6005.0,20.0,0.520784
6005.0,21.0,0.787157
6005.0,22.0,1.0
6005.0,23.0,0.950074
6005.0,24.0,0.997089
6005.0,25.0,0.876497
6005.0,26.0,1.0
6005.0,27.0,0.826865
6005.0,28.0,0.575232
6005.0,29.0,0.686287
6005.0,30.0,1.0
6005.0,31.0,0.579105
6005.0,32.0,0.797572
6005.0,33.0,0.892218
6005.0,34.0,0.99862
6005.0,35.0,0.351308
6005.0,36.0,1.0
6006.0,0.0,0.731091
6006.0,1.0,0.656161
6006.0,2.0,1.0
6006.0,3.0,1.0
6006.0,4.0,0.924906
6006.0,5.0,1.0
6006.0,6.0,0.560148
6006.0,7.0,1.0
6006.0,8.0,1.0
6006.0,9.0,0.997643
6006.0,10.0,0.29626
6006.0,11.0,0.905428
6006.0,12.0,0.550138
6006.0,13.0,0.389777
6006.0,14.0,0.861638
6006.0,15.0,0.036047
6006.0,16.0,0.633031
6006.0,17.0,0.718163
6006.0,18.0,0.078019
6006.0,19.0,0.999538
6006.0,20.0,0.52298
6006.0,21.0,0.79111
6006.0,22.0,1.0
6006.0,23.0,0.9512
6006.0,24.0,0.99705
6006.0,25.0,0.880438
6006.0,26.0,1.0
6006.0,27.0,0.827164
6006.0,28.0,0.575057
6006.0,29.0,0.691492
6006.0,30.0,1.0
6006.0,31.0,0.589246
6006.0,32.0,0.805934
6006.0,33.0,0.892671
6006.0,34.0,0.998643
6006.0,35.0,0.35186
6006.0,36.0,1.0
6007.0,0.0,0.734307
6007.0,1.0,0.660744
6007.0,2.0,1.0
6007.0,3.0,1.0
6007.0,4.0,0.924947
6007.0,5.0,1.0
6007.0,6.0,0.569517
6007.0,7.0,1.0
6007.0,8.0,1.0
6007.0,9.0,0.997612
6007.0,10.0,0.298226
6007.0,11.0,0.906564
6007.0,12.0,0.552296
6007.0,13.0,0.39625
6007.0,14.0,0.862093
6007.0,15.0,0.037962
6007.0,16.0,0.633155
6007.0,17.0,0.72748
6007.0,18.0,0.081191
6007.0,19.0,0.999562
6007.0,20.0,0.524684
6007.0,21.0,0.795411
6007.0,22.0,1.0
6007.0,23.0,0.952115
6007.0,24.0,0.997158
6007.0,25.0,0.883912
6007.0,26.0,1.0
6007.0,27.0,0.827716
6007.0,28.0,0.575912
6007.0,29.0,0.697293
6007.0,30.0,1.0
6007.0,31.0,0.59915
6007.0,32.0,0.813715
6007.0,33.0,0.893003
6007.0,34.0,0.998629
6007.0,35.0,0.352576
6007.0,36.0,1.0
6008.0,0.0,0.737341
6008.0,1.0,0.664756
6008.0,2.0,1.0
6008.0,3.0,1.0
6008.0,4.0,0.924666
6008.0,5.0,1.0
6008.0,6.0,0.577974
6008.0,7.0,1.0
6008.0,8.0,1.0
6008.0,9.0,0.997596
6008.0,10.0,0.300909
6008.0,11.0,0.906986
6008.0,12.0,0.555369
6008.0,13.0,0.40235
6008.0,14.0,0.863461
6008.0,15.0,0.039652
6008.0,16.0,0.632909
6008.0,17.0,0.737328
6008.0,18.0,0.084155
6008.0,19.0,0.999582
6008.0,20.0,0.526243
6008.0,21.0,0.799112
6008.0,22.0,1.0
6008.0,23.0,0.953354
6008.0,24.0,0.99724
6008.0,25.0,0.886981
6008.0,26.0,1.0
6008.0,27.0,0.82813
6008.0,28.0,0.576036
6008.0,29.0,0.702621
6008.0,30.0,1.0
6008.0,31.0,0.608195
6008.0,32.0,0.821649
6008.0,33.0,0.892952
6008.0,34.0,0.998679
6008.0,35.0,0.353138
6008.0,36.0,1.0
6009.0,0.0,0.722893
6009.0,1.0,0.644945
6009.0,2.0,1.0
6009.0,3.0,1.0
6009.0,4.0,0.925794
6009.0,5.0,1.0
6009.0,6.0,0.539856
6009.0,7.0,1.0
6009.0,8.0,1.0
6009.0,9.0,0.997516
6009.0,10.0,0.290271
6009.0,11.0,0.903016
6009.0,12.0,0.544253
6009.0,13.0,0.375652
6009.0,14.0,0.860067
6009.0,15.0,0.032956
6009.0,16.0,0.630066
6009.0,17.0,0.692725
6009.0,18.0,0.071817
6009.0,19.0,0.999542
6009.0,20.0,0.518443
6009.0,21.0,0.782109
6009.0,22.0,1.0
6009.0,23.0,0.948671
6009.0,24.0,0.997218
6009.0,25.0,0.873997
6009.0,26.0,1.0
6009.0,27.0,0.825521
6009.0,28.0,0.575619
6009.0,29.0,0.679299
6009.0,30.0,1.0
6009.0,31.0,0.568677
6009.0,32.0,0.788172
6009.0,33.0,0.891285
6009.0,34.0,0.998614
6009.0,35.0,0.350802
6009.0,36.0,1.0
6010.0,0.0,0.70937
6010.0,1.0,0.626987
6010.0,2.0,1.0
6010.0,3.0,1.0
6010.0,4.0,0.928024
6010.0,5.0,1.0
6010.0,6.0,0.505233
6010.0,7.0,1.0
6010.0,8.0,1.0
6010.0,9.0,0.997501
6010.0,10.0,0.280694
6010.0,11.0,0.899037
6010.0,12.0,0.533098
6010.0,13.0,0.351687
6010.0,14.0,0.856188
6010.0,15.0,0.027606
6010.0,16.0,0.629026
6010.0,17.0,0.645602
6010.0,18.0,0.062031
6010.0,19.0,0.999507
6010.0,20.0,0.511656
6010.0,21.0,0.765444
6010.0,22.0,1.0
6010.0,23.0,0.943922
6010.0,24.0,0.997135
6010.0,25.0,0.860098
6010.0,26.0,1.0
6010.0,27.0,0.823393
6010.0,28.0,0.574587
6010.0,29.0,0.65723
6010.0,30.0,1.0
6010.0,31.0,0.532804
6010.0,32.0,0.754105
6010.0,33.0,0.889909
6010.0,34.0,0.998456
6010.0,35.0,0.349106
6010.0,36.0,1.0
7000.0,0.0,0.6829
7000.0,1.0,0.62942
7000.0,2.0,1.0
7000.0,3.0,1.0
7000.0,4.0,0.921771
7000.0,5.0,1.0
7000.0,6.0,0.501588
7000.0,7.0,1.0
7000.0,8.0,1.0
7000.0,9.0,0.999275
7000.0,10.0,0.285636
7000.0,11.0,0.909742
7000.0,12.0,0.527503
7000.0,13.0,0.358379
7000.0,14.0,0.848586
7000.0,15.0,0.026242
7000.0,16.0,0.609111
7000.0,17.0,0.650147
7000.0,18.0,0.068087
7000.0,19.0,0.999713
7000.0,20.0,0.508459
7000.0,21.0,0.766144
7000.0,22.0,1.0
7000.0,23.0,0.947852
7000.0,24.0,0.996119
7000.0,25.0,0.860759
7000.0,26.0,1.0
7000.0,27.0,0.817254
7000.0,28.0,0.582536
7000.0,29.0,0.652189
7000.0,30.0,1.0
7000.0,31.0,0.526331
7000.0,32.0,0.769652
7000.0,33.0,0.89116
7000.0,34.0,1.0
7000.0,35.0,0.326638
7000.0,36.0,1.0
7001.0,0.0,0.686375
7001.0,1.0,0.634491
7001.0,2.0,1.0
7001.0,3.0,1.0
7001.0,4.0,0.920795
7001.0,5.0,1.0
7001.0,6.0,0.511247
7001.0,7.0,1.0
7001.0,8.0,1.0
7001.0,9.0,0.999299
7001.0,10.0,0.288045
7001.0,11.0,0.910511
7001.0,12.0,0.530728
7001.0,13.0,0.365367
7001.0,14.0,0.849763
7001.0,15.0,0.027486
7001.0,16.0,0.610334
7001.0,17.0,0.663521
7001.0,18.0,0.070989
7001.0,19.0,0.999737
7001.0,20.0,0.50922
7001.0,21.0,0.770235
7001.0,22.0,1.0
7001.0,23.0,0.949255
7001.0,24.0,0.99612
7001.0,25.0,0.864854
7001.0,26.0,1.0
7001.0,27.0,0.817623
7001.0,28.0,0.583665
7001.0,29.0,0.657822
7001.0,30.0,1.0
7001.0,31.0,0.535858
7001.0,32.0,0.778715
7001.0,33.0,0.891402
7001.0,34.0,1.0
7001.0,35.0,0.326731
7001.0,36.0,1.0
7002.0,0.0,0.690277
7002.0,1.0,0.639346
7002.0,2.0,1.0
7002.0,3.0,1.0
7002.0,4.0,0.919939
7002.0,5.0,1.0
7002.0,6.0,0.519786
7002.0,7.0,1.0
7002.0,8.0,1.0
7002.0,9.0,0.99932
7002.0,10.0,0.291275
7002.0,11.0,0.910921
7002.0,12.0,0.534041
7002.0,13.0,0.371803
7002.0,14.0,0.850938
7002.0,15.0,0.028657
7002.0,16.0,0.610919
7002.0,17.0,0.675822
7002.0,18.0,0.073836
7002.0,19.0,0.999743
7002.0,20.0,0.510603
7002.0,21.0,0.774962
7002.0,22.0,1.0
7002.0,23.0,0.950767
7002.0,24.0,0.996216
7002.0,25.0,0.868865
7002.0,26.0,1.0
7002.0,27.0,0.818605
7002.0,28.0,0.583977
7002.0,29.0,0.664251
7002.0,30.0,1.0
7002.0,31.0,0.545611
7002.0,32.0,0.78731
7002.0,33.0,0.891669
7002.0,34.0,1.0
7002.0,35.0,0.327298
7002.0,36.0,1.0
7003.0,0.0,0.693924
7003.0,1.0,0.643637
7003.0,2.0,1.0
7003.0,3.0,1.0
7003.0,4.0,0.91963
7003.0,5.0,1.0
7003.0,6.0,0.529068
7003.0,7.0,1.0
7003.0,8.0,1.0
7003.0,9.0,0.999326
7003.0,10.0,0.294423
7003.0,11.0,0.911147
7003.0,12.0,0.536726
7003.0,13.0,0.378178
7003.0,14.0,0.851785
7003.0,15.0,0.030177
7003.0,16.0,0.611279
7003.0,17.0,0.68845
7003.0,18.0,0.076584
7003.0,19.0,0.999729
7003.0,20.0,0.512707
7003.0,21.0,0.779195
7003.0,22.0,1.0
7003.0,23.0,0.951623
7003.0,24.0,0.996176
7003.0,25.0,0.873112
7003.0,26.0,1.0
7003.0,27.0,0.818924
7003.0,28.0,0.584779
7003.0,29.0,0.669139
7003.0,30.0,1.0
7003.0,31.0,0.55576
7003.0,32.0,0.795794
7003.0,33.0,0.892309
7003.0,34.0,1.0
7003.0,35.0,0.327643
7003.0,36.0,1.0
7004.0,0.0,0.697405
7004.0,1.0,0.648461
7004.0,2.0,1.0
7004.0,3.0,1.0
7004.0,4.0,0.918744
7004.0,5.0,1.0
7004.0,6.0,0.538106
7004.0,7.0,1.0
7004.0,8.0,1.0
7004.0,9.0,0.999282
7004.0,10.0,0.296209
7004.0,11.0,0.912266
7004.0,12.0,0.539622
7004.0,13.0,0.383277
7004.0,14.0,0.852304
7004.0,15.0,0.031693
7004.0,16.0,0.611876
7004.0,17.0,0.700357
7004.0,18.0,0.079439
7004.0,19.0,0.999759
7004.0,20.0,0.514299
7004.0,21.0,0.782971
7004.0,22.0,1.0
7004.0,23.0,0.952796
7004.0,24.0,0.996269
7004.0,25.0,0.876184
7004.0,26.0,1.0
7004.0,27.0,0.819528
7004.0,28.0,0.584287
7004.0,29.0,0.674306
7004.0,30.0,1.0
7004.0,31.0,0.564888
7004.0,32.0,0.803065
7004.0,33.0,0.892144
7004.0,34.0,1.0
7004.0,35.0,0.328104
7004.0,36.0,1.0
7005.0,0.0,0.700765
7005.0,1.0,0.652761
7005.0,2.0,1.0
7005.0,3.0,1.0
7005.0,4.0,0.918598
7005.0,5.0,1.0
7005.0,6.0,0.546803
7005.0,7.0,1.0
7005.0,8.0,1.0
7005.0,9.0,0.999327
7005.0,10.0,0.29852
7005.0,11.0,0.913134
7005.0,12.0,0.542833
7005.0,13.0,0.38979
7005.0,14.0,0.853066
7005.0,15.0,0.033376
7005.0,16.0,0.61297
7005.0,17.0,0.710823
7005.0,18.0,0.082736
7005.0,19.0,0.999755
7005.0,20.0,0.515776
7005.0,21.0,0.786773
7005.0,22.0,1.0
7005.0,23.0,0.953909
7005.0,24.0,0.996211
7005.0,25.0,0.879501
7005.0,26.0,1.0
7005.0,27.0,0.81946
7005.0,28.0,0.585163
7005.0,29.0,0.680599
7005.0,30.0,1.0
7005.0,31.0,0.573694
7005.0,32.0,0.810802
7005.0,33.0,0.8926
7005.0,34.0,1.0
7005.0,35.0,0.328561
7005.0,36.0,1.0
7006.0,0.0,0.704438
7006.0,1.0,0.657117
7006.0,2.0,1.0
7006.0,3.0,1.0
7006.0,4.0,0.917773
7006.0,5.0,1.0
7006.0,6.0,0.555251
7006.0,7.0,1.0
7006.0,8.0,1.0
7006.0,9.0,0.999362
7006.0,10.0,0.30065
7006.0,11.0,0.913351
7006.0,12.0,0.545849
7006.0,13.0,0.3956
7006.0,14.0,0.853797
7006.0,15.0,0.034591
7006.0,16.0,0.614105
7006.0,17.0,0.721099
7006.0,18.0,0.085665
7006.0,19.0,0.999765
7006.0,20.0,0.517304
7006.0,21.0,0.79054
7006.0,22.0,1.0
7006.0,23.0,0.955007
7006.0,24.0,0.996258
7006.0,25.0,0.882714
7006.0,26.0,1.0
7006.0,27.0,0.818569
7006.0,28.0,0.585305
7006.0,29.0,0.686604
7006.0,30.0,1.0
7006.0,31.0,0.583404
7006.0,32.0,0.817984
7006.0,33.0,0.892733
7006.0,34.0,1.0
7006.0,35.0,0.328865
7006.0,36.0,1.0
7007.0,0.0,0.707575
7007.0,1.0,0.661653
7007.0,2.0,1.0
7007.0,3.0,1.0
7007.0,4.0,0.917242
7007.0,5.0,1.0
7007.0,6.0,0.564428
7007.0,7.0,1.0
7007.0,8.0,1.0
7007.0,9.0,0.999322
7007.0,10.0,0.303882
7007.0,11.0,0.914225
7007.0,12.0,0.548931
7007.0,13.0,0.401622
7007.0,14.0,0.85461
7007.0,15.0,0.036503
7007.0,16.0,0.614485
7007.0,17.0,0.730362
7007.0,18.0,0.089229
7007.0,19.0,0.999754
7007.0,20.0,0.519743
7007.0,21.0,0.79442
7007.0,22.0,1.0
7007.0,23.0,0.956146
7007.0,24.0,0.996284
7007.0,25.0,0.886532
7007.0,26.0,1.0
7007.0,27.0,0.819099
7007.0,28.0,0.585694
7007.0,29.0,0.692383
7007.0,30.0,1.0
7007.0,31.0,0.59402
7007.0,32.0,0.824579
7007.0,33.0,0.893301
7007.0,34.0,1.0
7007.0,35.0,0.329188
7007.0,36.0,1.0
7008.0,0.0,0.710973
7008.0,1.0,0.665714
7008.0,2.0,1.0
7008.0,3.0,1.0
7008.0,4.0,0.917321
7008.0,5.0,1.0
7008.0,6.0,0.573233
7008.0,7.0,1.0
7008.0,8.0,1.0
7008.0,9.0,0.99931
7008.0,10.0,0.306441
7008.0,11.0,0.915438
7008.0,12.0,0.551939
7008.0,13.0,0.408161
7008.0,14.0,0.85538
7008.0,15.0,0.038298
7008.0,16.0,0.614769
7008.0,17.0,0.739222
7008.0,18.0,0.092341
7008.0,19.0,0.99978
7008.0,20.0,0.523065
7008.0,21.0,0.798025
7008.0,22.0,1.0
7008.0,23.0,0.956896
7008.0,24.0,0.996241
7008.0,25.0,0.889081
7008.0,26.0,1.0
7008.0,27.0,0.819741
7008.0,28.0,0.585833
7008.0,29.0,0.698054
7008.0,30.0,1.0
7008.0,31.0,0.602671
7008.0,32.0,0.831652
7008.0,33.0,0.893875
7008.0,34.0,1.0
7008.0,35.0,0.330427
7008.0,36.0,1.0
7009.0,0.0,0.696706
7009.0,1.0,0.645928
7009.0,2.0,1.0
7009.0,3.0,1.0
7009.0,4.0,0.918261
7009.0,5.0,1.0
7009.0,6.0,0.535314
7009.0,7.0,1.0
7009.0,8.0,1.0
7009.0,9.0,0.999283
7009.0,10.0,0.295893
7009.0,11.0,0.912149
7009.0,12.0,0.53888
7009.0,13.0,0.382332
7009.0,14.0,0.85135
7009.0,15.0,0.031645
7009.0,16.0,0.612398
7009.0,17.0,0.69601
7009.0,18.0,0.07922
7009.0,19.0,0.999774
7009.0,20.0,0.514716
7009.0,21.0,0.782155
7009.0,22.0,1.0
7009.0,23.0,0.952269
7009.0,24.0,0.996128
7009.0,25.0,0.876696
7009.0,26.0,1.0
7009.0,27.0,0.817627
7009.0,28.0,0.584586
7009.0,29.0,0.676233
7009.0,30.0,1.0
7009.0,31.0,0.562415
7009.0,32.0,0.799602
7009.0,33.0,0.893277
7009.0,34.0,1.0
7009.0,35.0,0.329017
7009.0,36.0,1.0
7010.0,0.0,0.682973
7010.0,1.0,0.627443
7010.0,2.0,1.0
7010.0,3.0,1.0
7010.0,4.0,0.920759
7010.0,5.0,1.0
7010.0,6.0,0.501535
7010.0,7.0,1.0
7010.0,8.0,1.0
7010.0,9.0,0.999293
7010.0,10.0,0.286545
7010.0,11.0,0.908158
7010.0,12.0,0.526261
7010.0,13.0,0.357183
7010.0,14.0,0.848547
7010.0,15.0,0.026787
7010.0,16.0,0.609262
7010.0,17.0,0.649186
7010.0,18.0,0.068699
7010.0,19.0,0.999748
7010.0,20.0,0.50822
7010.0,21.0,0.766113
7010.0,22.0,1.0
7010.0,23.0,0.948039
7010.0,24.0,0.996084
7010.0,25.0,0.863338
7010.0,26.0,1.0
7010.0,27.0,0.816473
7010.0,28.0,0.583675
7010.0,29.0,0.653723
7010.0,30.0,1.0
7010.0,31.0,0.526528
7010.0,32.0,0.76626
7010.0,33.0,0.892157
7010.0,34.0,1.0
7010.0,35.0,0.32645
7010.0,36.0,1.0
8000.0,0.0,0.698537
8000.0,1.0,0.624007
8000.0,2.0,1.0
8000.0,3.0,1.0
8000.0,4.0,0.918943
8000.0,5.0,1.0
8000.0,6.0,0.505332
8000.0,7.0,1.0
8000.0,8.0,1.0
8000.0,9.0,0.999853
8000.0,10.0,0.288614
8000.0,11.0,0.901738
8000.0,12.0,0.53599
8000.0,13.0,0.36469
8000.0,14.0,0.866594
8000.0,15.0,0.023808
8000.0,16.0,0.609898
8000.0,17.0,0.647937
8000.0,18.0,0.064233
8000.0,19.0,1.0
8000.0,20.0,0.51179
8000.0,21.0,0.776226
8000.0,22.0,1.0
8000.0,23.0,0.944721
8000.0,24.0,0.999089
8000.0,25.0,0.861415
8000.0,26.0,1.0
8000.0,27.0,0.811116
8000.0,28.0,0.555306
8000.0,29.0,0.639518
8000.0,30.0,1.0
8000.0,31.0,0.526212
8000.0,32.0,0.761348
8000.0,33.0,0.885066
8000.0,34.0,1.0
8000.0,35.0,0.334084
8000.0,36.0,1.0
8001.0,0.0,0.701582
8001.0,1.0,0.628461
8001.0,2.0,1.0
8001.0,3.0,1.0
8001.0,4.0,0.918393
8001.0,5.0,1.0
8001.0,6.0,0.515019
8001.0,7.0,1.0
8001.0,8.0,1.0
8001.0,9.0,0.999861
8001.0,10.0,0.290576
8001.0,11.0,0.902919
8001.0,12.0,0.539154
8001.0,13.0,0.370311
8001.0,14.0,0.866976
8001.0,15.0,0.024866
8001.0,16.0,0.610157
8001.0,17.0,0.661391
8001.0,18.0,0.066851
8001.0,19.0,1.0
8001.0,20.0,0.513426
8001.0,21.0,0.78107
8001.0,22.0,1.0
8001.0,23.0,0.945876
8001.0,24.0,0.999098
8001.0,25.0,0.864616
8001.0,26.0,1.0
8001.0,27.0,0.811745
8001.0,28.0,0.55518
8001.0,29.0,0.644645
8001.0,30.0,1.0
8001.0,31.0,0.535136
8001.0,32.0,0.770869
8001.0,33.0,0.885661
8001.0,34.0,1.0
8001.0,35.0,0.335072
8001.0,36.0,1.0
8002.0,0.0,0.706039
8002.0,1.0,0.63372
8002.0,2.0,1.0
8002.0,3.0,1.0
8002.0,4.0,0.917704
8002.0,5.0,1.0
8002.0,6.0,0.524944
8002.0,7.0,1.0
8002.0,8.0,1.0
8002.0,9.0,0.99985
8002.0,10.0,0.292927
8002.0,11.0,0.903902
8002.0,12.0,0.541531
8002.0,13.0,0.376121
8002.0,14.0,0.867688
8002.0,15.0,0.026019
8002.0,16.0,0.610203
8002.0,17.0,0.674734
8002.0,18.0,0.069416
8002.0,19.0,1.0
8002.0,20.0,0.515244
8002.0,21.0,0.784502
8002.0,22.0,1.0
8002.0,23.0,0.947218
8002.0,24.0,0.999075
8002.0,25.0,0.868527
8002.0,26.0,1.0
8002.0,27.0,0.812634
8002.0,28.0,0.554639
8002.0,29.0,0.650945
8002.0,30.0,1.0
8002.0,31.0,0.543907
8002.0,32.0,0.77936
8002.0,33.0,0.886156
8002.0,34.0,1.0
8002.0,35.0,0.335378
8002.0,36.0,1.0
8003.0,0.0,0.7099
8003.0,1.0,0.63958
8003.0,2.0,1.0
8003.0,3.0,1.0
8003.0,4.0,0.917544
8003.0,5.0,1.0
8003.0,6.0,0.533318
8003.0,7.0,1.0
8003.0,8.0,1.0
8003.0,9.0,0.999819
8003.0,10.0,0.295163
8003.0,11.0,0.904652
8003.0,12.0,0.544504
8003.0,13.0,0.383006
8003.0,14.0,0.868879
8003.0,15.0,0.026886
8003.0,16.0,0.610381
8003.0,17.0,0.687338
8003.0,18.0,0.072024
8003.0,19.0,1.0
8003.0,20.0,0.517458
8003.0,21.0,0.788751
8003.0,22.0,1.0
8003.0,23.0,0.948482
8003.0,24.0,0.99909
8003.0,25.0,0.871765
8003.0,26.0,1.0
8003.0,27.0,0.812447
8003.0,28.0,0.553871
8003.0,29.0,0.656476
8003.0,30.0,1.0
8003.0,31.0,0.553138
8003.0,32.0,0.788055
8003.0,33.0,0.886382
8003.0,34.0,1.0
8003.0,35.0,0.337044
8003.0,36.0,1.0
8004.0,0.0,0.713495
8004.0,1.0,0.643611
8004.0,2.0,1.0
8004.0,3.0,1.0
8004.0,4.0,0.916902
8004.0,5.0,1.0
8004.0,6.0,0.542832
8004.0,7.0,1.0
8004.0,8.0,1.0
8004.0,9.0,0.999813
8004.0,10.0,0.297225
8004.0,11.0,0.90581
8004.0,12.0,0.547649
8004.0,13.0,0.38966
8004.0,14.0,0.870423
8004.0,15.0,0.027871
8004.0,16.0,0.611159
8004.0,17.0,0.699847
8004.0,18.0,0.074842
8004.0,19.0,1.0
8004.0,20.0,0.519027
8004.0,21.0,0.79277
8004.0,22.0,1.0
8004.0,23.0,0.949296
8004.0,24.0,0.999067
8004.0,25.0,0.875207
8004.0,26.0,1.0
8004.0,27.0,0.812854
8004.0,28.0,0.554288
8004.0,29.0,0.661603
8004.0,30.0,1.0
8004.0,31.0,0.563353
8004.0,32.0,0.796273
8004.0,33.0,0.886921
8004.0,34.0,1.0
8004.0,35.0,0.33734
8004.0,36.0,1.0
8005.0,0.0,0.716821
8005.0,1.0,0.648556
8005.0,2.0,1.0
8005.0,3.0,1.0
8005.0,4.0,0.916281
8005.0,5.0,1.0
8005.0,6.0,0.550827
8005.0,7.0,1.0
8005.0,8.0,1.0
8005.0,9.0,0.999823
8005.0,10.0,0.299732
8005.0,11.0,0.906603
8005.0,12.0,0.549995
8005.0,13.0,0.395112
8005.0,14.0,0.871318
8005.0,15.0,0.029252
8005.0,16.0,0.611793
8005.0,17.0,0.711697
8005.0,18.0,0.077712
8005.0,19.0,1.0
8005.0,20.0,0.520789
8005.0,21.0,0.796743
8005.0,22.0,1.0
8005.0,23.0,0.950117
8005.0,24.0,0.999096
8005.0,25.0,0.878797
8005.0,26.0,1.0
8005.0,27.0,0.812034
8005.0,28.0,0.554452
8005.0,29.0,0.666671
8005.0,30.0,1.0
8005.0,31.0,0.572601
8005.0,32.0,0.804726
8005.0,33.0,0.886856
8005.0,34.0,1.0
8005.0,35.0,0.337268
8005.0,36.0,1.0
8006.0,0.0,0.720501
8006.0,1.0,0.653281
8006.0,2.0,1.0
8006.0,3.0,1.0
8006.0,4.0,0.916152
8006.0,5.0,1.0
8006.0,6.0,0.559928
8006.0,7.0,1.0
8006.0,8.0,1.0
8006.0,9.0,0.99983
8006.0,10.0,0.301666
8006.0,11.0,0.9073
8006.0,12.0,0.553458
8006.0,13.0,0.401096
8006.0,14.0,0.872538
8006.0,15.0,0.030616
8006.0,16.0,0.612031
8006.0,17.0,0.721825
8006.0,18.0,0.081114
8006.0,19.0,1.0
8006.0,20.0,0.522663
8006.0,21.0,0.800711
8006.0,22.0,1.0
8006.0,23.0,0.951594
8006.0,24.0,0.999077
8006.0,25.0,0.881584
8006.0,26.0,1.0
8006.0,27.0,0.81274
8006.0,28.0,0.554445
8006.0,29.0,0.671616
8006.0,30.0,1.0
8006.0,31.0,0.582044
8006.0,32.0,0.812998
8006.0,33.0,0.887336
8006.0,34.0,1.0
8006.0,35.0,0.338286
8006.0,36.0,1.0
8007.0,0.0,0.724422
8007.0,1.0,0.658463
8007.0,2.0,1.0
8007.0,3.0,1.0
8007.0,4.0,0.915899
8007.0,5.0,1.0
8007.0,6.0,0.568697
8007.0,7.0,1.0
8007.0,8.0,1.0
8007.0,9.0,0.999828
8007.0,10.0,0.304044
8007.0,11.0,0.908002
8007.0,12.0,0.556089
8007.0,13.0,0.407924
8007.0,14.0,0.873157
8007.0,15.0,0.03194
8007.0,16.0,0.612187
8007.0,17.0,0.731739
8007.0,18.0,0.084647
8007.0,19.0,1.0
8007.0,20.0,0.524254
8007.0,21.0,0.80428
8007.0,22.0,1.0
8007.0,23.0,0.952526
8007.0,24.0,0.999122
8007.0,25.0,0.885351
8007.0,26.0,1.0
8007.0,27.0,0.812919
8007.0,28.0,0.554593
8007.0,29.0,0.677276
8007.0,30.0,1.0
8007.0,31.0,0.591319
8007.0,32.0,0.821063
8007.0,33.0,0.887527
8007.0,34.0,1.0
8007.0,35.0,0.339053
8007.0,36.0,1.0
8008.0,0.0,0.726881
8008.0,1.0,0.663218
8008.0,2.0,1.0
8008.0,3.0,1.0
8008.0,4.0,0.915566
8008.0,5.0,1.0
8008.0,6.0,0.576858
8008.0,7.0,1.0
8008.0,8.0,1.0
8008.0,9.0,0.999854
8008.0,10.0,0.306207
8008.0,11.0,0.908907
8008.0,12.0,0.559601
8008.0,13.0,0.415382
8008.0,14.0,0.873518
8008.0,15.0,0.033717
8008.0,16.0,0.613555
8008.0,17.0,0.741699
8008.0,18.0,0.087714
8008.0,19.0,1.0
8008.0,20.0,0.525365
8008.0,21.0,0.80812
8008.0,22.0,1.0
8008.0,23.0,0.95333
8008.0,24.0,0.999122
8008.0,25.0,0.888745
8008.0,26.0,1.0
8008.0,27.0,0.812958
8008.0,28.0,0.554145
8008.0,29.0,0.682869
8008.0,30.0,1.0
8008.0,31.0,0.600486
8008.0,32.0,0.828073
8008.0,33.0,0.888167
8008.0,34.0,1.0
8008.0,35.0,0.339179
8008.0,36.0,1.0
8009.0,0.0,0.712137
8009.0,1.0,0.643846
8009.0,2.0,1.0
8009.0,3.0,1.0
8009.0,4.0,0.916938
8009.0,5.0,1.0
8009.0,6.0,0.539081
8009.0,7.0,1.0
8009.0,8.0,1.0
8009.0,9.0,0.999869
8009.0,10.0,0.295024
8009.0,11.0,0.905029
8009.0,12.0,0.547225
8009.0,13.0,0.388422
8009.0,14.0,0.870134
8009.0,15.0,0.027939
8009.0,16.0,0.610965
8009.0,17.0,0.699396
8009.0,18.0,0.074838
8009.0,19.0,1.0
8009.0,20.0,0.51797
8009.0,21.0,0.792558
8009.0,22.0,1.0
8009.0,23.0,0.948646
8009.0,24.0,0.999049
8009.0,25.0,0.875391
8009.0,26.0,1.0
8009.0,27.0,0.811153
8009.0,28.0,0.552733
8009.0,29.0,0.660772
8009.0,30.0,1.0
8009.0,31.0,0.561445
8009.0,32.0,0.79591
8009.0,33.0,0.886413
8009.0,34.0,1.0
8009.0,35.0,0.337122
8009.0,36.0,1.0
8010.0,0.0,0.697838
8010.0,1.0,0.62449
8010.0,2.0,1.0
8010.0,3.0,1.0
8010.0,4.0,0.919276
8010.0,5.0,1.0
8010.0,6.0,0.505418
8010.0,7.0,1.0
8010.0,8.0,1.0
8010.0,9.0,0.999854
8010.0,10.0,0.285395
8010.0,11.0,0.901063
8010.0,12.0,0.535659
8010.0,13.0,0.363875
8010.0,14.0,0.866473
8010.0,15.0,0.023541
8010.0,16.0,0.608758
8010.0,17.0,0.651584
8010.0,18.0,0.064486
8010.0,19.0,1.0
8010.0,20.0,0.510646
8010.0,21.0,0.777375
8010.0,22.0,1.0
8010.0,23.0,0.94407
8010.0,24.0,0.999011
8010.0,25.0,0.861755
8010.0,26.0,1.0
8010.0,27.0,0.809288
8010.0,28.0,0.551803
8010.0,29.0,0.639274
8010.0,30.0,1.0
8010.0,31.0,0.525555
8010.0,32.0,0.761339
8010.0,33.0,0.885645
8010.0,34.0,1.0
8010.0,35.0,0.334569
8010.0,36.0,1.0
9000.0,0.0,0.694492
9000.0,1.0,0.625178
9000.0,2.0,1.0
9000.0,3.0,1.0
9000.0,4.0,0.925553
9000.0,5.0,1.0
9000.0,6.0,0.503058
9000.0,7.0,1.0
9000.0,8.0,1.0
9000.0,9.0,0.999739
9000.0,10.0,0.281872
9000.0,11.0,0.90391
9000.0,12.0,0.528046
9000.0,13.0,0.359016
9000.0,14.0,0.852573
9000.0,15.0,0.021444
9000.0,16.0,0.625254
9000.0,17.0,0.650642
9000.0,18.0,0.063881
9000.0,19.0,1.0
9000.0,20.0,0.516823
9000.0,21.0,0.772919
9000.0,22.0,1.0
9000.0,23.0,0.94527
9000.0,24.0,0.999725
9000.0,25.0,0.864736
9000.0,26.0,1.0
9000.0,27.0,0.795289
9000.0,28.0,0.554055
9000.0,29.0,0.654185
9000.0,30.0,1.0
9000.0,31.0,0.524496
9000.0,32.0,0.761544
9000.0,33.0,0.885077
9000.0,34.0,1.0
9000.0,35.0,0.323989
9000.0,36.0,1.0
9001.0,0.0,0.698282
9001.0,1.0,0.630951
9001.0,2.0,1.0
9001.0,3.0,1.0
9001.0,4.0,0.924571
9001.0,5.0,1.0
9001.0,6.0,0.511969
9001.0,7.0,1.0
9001.0,8.0,1.0
9001.0,9.0,0.999753
9001.0,10.0,0.283894
9001.0,11.0,0.904918
9001.0,12.0,0.530797
9001.0,13.0,0.364787
9001.0,14.0,0.854027
9001.0,15.0,0.022567
9001.0,16.0,0.625643
9001.0,17.0,0.664506
9001.0,18.0,0.066588
9001.0,19.0,1.0
9001.0,20.0,0.517544
9001.0,21.0,0.777262
9001.0,22.0,1.0
9001.0,23.0,0.94653
9001.0,24.0,0.999709
9001.0,25.0,0.868718
9001.0,26.0,1.0
9001.0,27.0,0.795298
9001.0,28.0,0.554631
9001.0,29.0,0.659216
9001.0,30.0,1.0
9001.0,31.0,0.533649
9001.0,32.0,0.771067
9001.0,33.0,0.885564
9001.0,34.0,1.0
9001.0,35.0,0.325806
9001.0,36.0,1.0
9002.0,0.0,0.701881
9002.0,1.0,0.63577
9002.0,2.0,1.0
9002.0,3.0,1.0
9002.0,4.0,0.923948
9002.0,5.0,1.0
9002.0,6.0,0.521346
9002.0,7.0,1.0
9002.0,8.0,1.0
9002.0,9.0,0.999737
9002.0,10.0,0.28596
9002.0,11.0,0.905895
9002.0,12.0,0.533656
9002.0,13.0,0.371438
9002.0,14.0,0.854963
9002.0,15.0,0.023388
9002.0,16.0,0.626094
9002.0,17.0,0.677521
9002.0,18.0,0.069211
9002.0,19.0,1.0
9002.0,20.0,0.520285
9002.0,21.0,0.781796
9002.0,22.0,1.0
9002.0,23.0,0.947447
9002.0,24.0,0.99968
9002.0,25.0,0.872281
9002.0,26.0,1.0
9002.0,27.0,0.795774
9002.0,28.0,0.555812
9002.0,29.0,0.664823
9002.0,30.0,1.0
9002.0,31.0,0.5443
9002.0,32.0,0.780334
9002.0,33.0,0.885779
9002.0,34.0,1.0
9002.0,35.0,0.326126
9002.0,36.0,1.0
9003.0,0.0,0.704971
9003.0,1.0,0.64045
9003.0,2.0,1.0
9003.0,3.0,1.0
9003.0,4.0,0.923411
9003.0,5.0,1.0
9003.0,6.0,0.530467
9003.0,7.0,1.0
9003.0,8.0,1.0
9003.0,9.0,0.999758
9003.0,10.0,0.289048
9003.0,11.0,0.906682
9003.0,12.0,0.537079
9003.0,13.0,0.377765
9003.0,14.0,0.856479
9003.0,15.0,0.024435
9003.0,16.0,0.62692
9003.0,17.0,0.689165
9003.0,18.0,0.071713
9003.0,19.0,1.0
9003.0,20.0,0.521873
9003.0,21.0,0.785512
9003.0,22.0,1.0
9003.0,23.0,0.948624
9003.0,24.0,0.999674
9003.0,25.0,0.87605
9003.0,26.0,1.0
9003.0,27.0,0.796067
9003.0,28.0,0.555412
9003.0,29.0,0.670797
9003.0,30.0,1.0
9003.0,31.0,0.553223
9003.0,32.0,0.789072
9003.0,33.0,0.885823
9003.0,34.0,1.0
9003.0,35.0,0.326909
9003.0,36.0,1.0
9004.0,0.0,0.708674
9004.0,1.0,0.64596
9004.0,2.0,1.0
9004.0,3.0,1.0
9004.0,4.0,0.922791
9004.0,5.0,1.0
9004.0,6.0,0.539759
9004.0,7.0,1.0
9004.0,8.0,1.0
9004.0,9.0,0.999784
9004.0,10.0,0.290602
9004.0,11.0,0.907365
9004.0,12.0,0.539933
9004.0,13.0,0.383797
9004.0,14.0,0.857457
9004.0,15.0,0.02593
9004.0,16.0,0.627426
9004.0,17.0,0.700634
9004.0,18.0,0.07467
9004.0,19.0,1.0
9004.0,20.0,0.523948
9004.0,21.0,0.789745
9004.0,22.0,1.0
9004.0,23.0,0.949713
9004.0,24.0,0.999666
9004.0,25.0,0.879035
9004.0,26.0,1.0
9004.0,27.0,0.796675
9004.0,28.0,0.555401
9004.0,29.0,0.676654
9004.0,30.0,1.0
9004.0,31.0,0.562954
9004.0,32.0,0.797698
9004.0,33.0,0.885688
9004.0,34.0,1.0
9004.0,35.0,0.327876
9004.0,36.0,1.0
9005.0,0.0,0.713412
9005.0,1.0,0.650024
9005.0,2.0,1.0
9005.0,3.0,1.0
9005.0,4.0,0.922188
9005.0,5.0,1.0
9005.0,6.0,0.54829
9005.0,7.0,1.0
9005.0,8.0,1.0
9005.0,9.0,0.99978
9005.0,10.0,0.294066
9005.0,11.0,0.908189
9005.0,12.0,0.542607
9005.0,13.0,0.389743
9005.0,14.0,0.858201
9005.0,15.0,0.027033
9005.0,16.0,0.628456
9005.0,17.0,0.711522
9005.0,18.0,0.077727
9005.0,19.0,1.0
9005.0,20.0,0.526712
9005.0,21.0,0.793858
9005.0,22.0,1.0
9005.0,23.0,0.951325
9005.0,24.0,0.99965
9005.0,25.0,0.882734
9005.0,26.0,1.0
9005.0,27.0,0.797545
9005.0,28.0,0.556204
9005.0,29.0,0.68302
9005.0,30.0,1.0
9005.0,31.0,0.572893
9005.0,32.0,0.805972
9005.0,33.0,0.885908
9005.0,34.0,1.0
9005.0,35.0,0.328313
9005.0,36.0,1.0
9006.0,0.0,0.717038
9006.0,1.0,0.655215
9006.0,2.0,1.0
9006.0,3.0,1.0
9006.0,4.0,0.922413
9006.0,5.0,1.0
9006.0,6.0,0.556964
9006.0,7.0,1.0
9006.0,8.0,1.0
9006.0,9.0,0.999791
9006.0,10.0,0.295715
9006.0,11.0,0.909095
9006.0,12.0,0.545798
9006.0,13.0,0.396134
9006.0,14.0,0.858819
9006.0,15.0,0.02783
9006.0,16.0,0.62937
9006.0,17.0,0.721678
9006.0,18.0,0.080187
9006.0,19.0,1.0
9006.0,20.0,0.52876
9006.0,21.0,0.797435
9006.0,22.0,1.0
9006.0,23.0,0.951831
9006.0,24.0,0.999635
9006.0,25.0,0.886198
9006.0,26.0,1.0
9006.0,27.0,0.797945
9006.0,28.0,0.556484
9006.0,29.0,0.688629
9006.0,30.0,1.0
9006.0,31.0,0.581234
9006.0,32.0,0.813176
9006.0,33.0,0.886396
9006.0,34.0,1.0
9006.0,35.0,0.328877
9006.0,36.0,1.0
9007.0,0.0,0.720573
9007.0,1.0,0.659282
9007.0,2.0,1.0
9007.0,3.0,1.0
9007.0,4.0,0.92203
9007.0,5.0,1.0
9007.0,6.0,0.566
9007.0,7.0,1.0
9007.0,8.0,1.0
9007.0,9.0,0.999811
9007.0,10.0,0.298191
9007.0,11.0,0.90964
9007.0,12.0,0.548406
9007.0,13.0,0.403572
9007.0,14.0,0.859597
9007.0,15.0,0.029022
9007.0,16.0,0.629051
9007.0,17.0,0.731124
9007.0,18.0,0.083433
9007.0,19.0,1.0
9007.0,20.0,0.531398
9007.0,21.0,0.800848
9007.0,22.0,1.0
9007.0,23.0,0.953354
9007.0,24.0,0.999649
9007.0,25.0,0.889474
9007.0,26.0,1.0
9007.0,27.0,0.798429
9007.0,28.0,0.55558
9007.0,29.0,0.693708
9007.0,30.0,1.0
9007.0,31.0,0.590906
9007.0,32.0,0.820305
9007.0,33.0,0.886931
9007.0,34.0,1.0
9007.0,35.0,0.329535
9007.0,36.0,1.0
9008.0,0.0,0.72391
9008.0,1.0,0.663594
9008.0,2.0,1.0
9008.0,3.0,1.0
9008.0,4.0,0.922024
9008.0,5.0,1.0
9008.0,6.0,0.575219
9008.0,7.0,1.0
9008.0,8.0,1.0
9008.0,9.0,0.999826
9008.0,10.0,0.301173
9008.0,11.0,0.910346
9008.0,12.0,0.551358
9008.0,13.0,0.409184
9008.0,14.0,0.860519
9008.0,15.0,0.030602
9008.0,16.0,0.629417
9008.0,17.0,0.740129
9008.0,18.0,0.086582
9008.0,19.0,1.0
9008.0,20.0,0.533379
9008.0,21.0,0.804143
9008.0,22.0,1.0
9008.0,23.0,0.954746
9008.0,24.0,0.99965
9008.0,25.0,0.892118
9008.0,26.0,1.0
9008.0,27.0,0.799176
9008.0,28.0,0.55561
9008.0,29.0,0.698917
9008.0,30.0,1.0
9008.0,31.0,0.599807
9008.0,32.0,0.827571
9008.0,33.0,0.887703
9008.0,34.0,1.0
9008.0,35.0,0.329886
9008.0,36.0,1.0
9009.0,0.0,0.710115
9009.0,1.0,0.64392
9009.0,2.0,1.0
9009.0,3.0,1.0
9009.0,4.0,0.923399
9009.0,5.0,1.0
9009.0,6.0,0.537724
9009.0,7.0,1.0
9009.0,8.0,1.0
9009.0,9.0,0.9998
9009.0,10.0,0.291562
9009.0,11.0,0.905849
9009.0,12.0,0.539269
9009.0,13.0,0.38248
9009.0,14.0,0.856554
9009.0,15.0,0.025161
9009.0,16.0,0.626875
9009.0,17.0,0.696855
9009.0,18.0,0.074075
9009.0,19.0,1.0
9009.0,20.0,0.525526
9009.0,21.0,0.788538
9009.0,22.0,1.0
9009.0,23.0,0.950339
9009.0,24.0,0.999617
9009.0,25.0,0.878823
9009.0,26.0,1.0
9009.0,27.0,0.797607
9009.0,28.0,0.55313
9009.0,29.0,0.676646
9009.0,30.0,1.0
9009.0,31.0,0.561007
9009.0,32.0,0.795729
9009.0,33.0,0.886687
9009.0,34.0,1.0
9009.0,35.0,0.327336
9009.0,36.0,1.0
9010.0,0.0,0.697149
9010.0,1.0,0.625365
9010.0,2.0,1.0
9010.0,3.0,1.0
9010.0,4.0,0.925837
9010.0,5.0,1.0
9010.0,6.0,0.503033
9010.0,7.0,1.0
9010.0,8.0,1.0
9010.0,9.0,0.999792
9010.0,10.0,0.281803
9010.0,11.0,0.902246
9010.0,12.0,0.526595
9010.0,13.0,0.357112
9010.0,14.0,0.853124
9010.0,15.0,0.021004
9010.0,16.0,0.623954
9010.0,17.0,0.649866
9010.0,18.0,0.063883
9010.0,19.0,1.0
9010.0,20.0,0.518247
9010.0,21.0,0.77293
9010.0,22.0,1.0
9010.0,23.0,0.945904
9010.0,24.0,0.999612
9010.0,25.0,0.866327
9010.0,26.0,1.0
9010.0,27.0,0.79553
9010.0,28.0,0.55138
9010.0,29.0,0.655531
9010.0,30.0,1.0
9010.0,31.0,0.524785
9010.0,32.0,0.762297
9010.0,33.0,0.884922
9010.0,34.0,1.0
9010.0,35.0,0.325007
9010.0,36.0,1.0
10000.0,0.0,0.703505
10000.0,1.0,0.625124
10000.0,2.0,1.0
10000.0,3.0,1.0
10000.0,4.0,0.914786
10000.0,5.0,1.0
10000.0,6.0,0.503351
10000.0,7.0,1.0
10000.0,8.0,1.0
10000.0,9.0,1.0
10000.0,10.0,0.282134
10000.0,11.0,0.902284
10000.0,12.0,0.534001
10000.0,13.0,0.358374
10000.0,14.0,0.856517
10000.0,15.0,0.024222
10000.0,16.0,0.634828
10000.0,17.0,0.654004
10000.0,18.0,0.067128
10000.0,19.0,1.0
10000.0,20.0,0.512815
10000.0,21.0,0.763585
10000.0,22.0,1.0
10000.0,23.0,0.94239
10000.0,24.0,0.999388
10000.0,25.0,0.857344
10000.0,26.0,1.0
10000.0,27.0,0.792691
10000.0,28.0,0.560926
10000.0,29.0,0.652289
10000.0,30.0,1.0
10000.0,31.0,0.52966
10000.0,32.0,0.76703
10000.0,33.0,0.891269
10000.0,34.0,1.0
10000.0,35.0,0.347212
10000.0,36.0,1.0
10001.0,0.0,0.706684
10001.0,1.0,0.629993
10001.0,2.0,1.0
10001.0,3.0,1.0
10001.0,4.0,0.913676
10001.0,5.0,1.0
10001.0,6.0,0.512504
10001.0,7.0,1.0
10001.0,8.0,1.0
10001.0,9.0,1.0
10001.0,10.0,0.284191
10001.0,11.0,0.903122
10001.0,12.0,0.536311
10001.0,13.0,0.364266
10001.0,14.0,0.857147
10001.0,15.0,0.025141
10001.0,16.0,0.635211
10001.0,17.0,0.667927
10001.0,18.0,0.069624
10001.0,19.0,1.0
10001.0,20.0,0.515139
10001.0,21.0,0.767307
10001.0,22.0,1.0
10001.0,23.0,0.943545
10001.0,24.0,0.999424
10001.0,25.0,0.860971
10001.0,26.0,1.0
10001.0,27.0,0.792197
10001.0,28.0,0.560442
10001.0,29.0,0.658084
10001.0,30.0,1.0
10001.0,31.0,0.538745
10001.0,32.0,0.774568
10001.0,33.0,0.891693
10001.0,34.0,1.0
10001.0,35.0,0.348154
10001.0,36.0,1.0
10002.0,0.0,0.709333
10002.0,1.0,0.634801
10002.0,2.0,1.0
10002.0,3.0,1.0
10002.0,4.0,0.912703
10002.0,5.0,1.0
10002.0,6.0,0.521202
10002.0,7.0,1.0
10002.0,8.0,1.0
10002.0,9.0,1.0
10002.0,10.0,0.286885
10002.0,11.0,0.90381
10002.0,12.0,0.539146
10002.0,13.0,0.370749
10002.0,14.0,0.858533
10002.0,15.0,0.026153
10002.0,16.0,0.635336
10002.0,17.0,0.680938
10002.0,18.0,0.072662
10002.0,19.0,1.0
10002.0,20.0,0.517674
10002.0,21.0,0.771801
10002.0,22.0,1.0
10002.0,23.0,0.944804
10002.0,24.0,0.999384
10002.0,25.0,0.864269
10002.0,26.0,1.0
10002.0,27.0,0.792957
10002.0,28.0,0.561006
10002.0,29.0,0.664526
10002.0,30.0,1.0
10002.0,31.0,0.547797
10002.0,32.0,0.783365
10002.0,33.0,0.892115
10002.0,34.0,1.0
10002.0,35.0,0.348744
10002.0,36.0,1.0
10003.0,0.0,0.713048
10003.0,1.0,0.63943
10003.0,2.0,1.0
10003.0,3.0,1.0
10003.0,4.0,0.912167
10003.0,5.0,1.0
10003.0,6.0,0.53044
10003.0,7.0,1.0
10003.0,8.0,1.0
10003.0,9.0,1.0
10003.0,10.0,0.28947
10003.0,11.0,0.905236
10003.0,12.0,0.542827
10003.0,13.0,0.377172
10003.0,14.0,0.859727
10003.0,15.0,0.027541
10003.0,16.0,0.635514
10003.0,17.0,0.693243
10003.0,18.0,0.075388
10003.0,19.0,1.0
10003.0,20.0,0.519084
10003.0,21.0,0.776021
10003.0,22.0,1.0
10003.0,23.0,0.946289
10003.0,24.0,0.99941
10003.0,25.0,0.867709
10003.0,26.0,1.0
10003.0,27.0,0.793297
10003.0,28.0,0.561676
10003.0,29.0,0.669715
10003.0,30.0,1.0
10003.0,31.0,0.55679
10003.0,32.0,0.791747
10003.0,33.0,0.892879
10003.0,34.0,1.0
10003.0,35.0,0.350037
10003.0,36.0,1.0
10004.0,0.0,0.71678
10004.0,1.0,0.644323
10004.0,2.0,1.0
10004.0,3.0,1.0
10004.0,4.0,0.911643
10004.0,5.0,1.0
10004.0,6.0,0.539062
10004.0,7.0,1.0
10004.0,8.0,1.0
10004.0,9.0,1.0
10004.0,10.0,0.291619
10004.0,11.0,0.905988
10004.0,12.0,0.545656
10004.0,13.0,0.382959
10004.0,14.0,0.860482
10004.0,15.0,0.029051
10004.0,16.0,0.636236
10004.0,17.0,0.704534
10004.0,18.0,0.078689
10004.0,19.0,1.0
10004.0,20.0,0.520824
10004.0,21.0,0.780786
10004.0,22.0,1.0
10004.0,23.0,0.947334
10004.0,24.0,0.999427
10004.0,25.0,0.870823
10004.0,26.0,1.0
10004.0,27.0,0.794376
10004.0,28.0,0.56213
10004.0,29.0,0.674695
10004.0,30.0,1.0
10004.0,31.0,0.566538
10004.0,32.0,0.799131
10004.0,33.0,0.893113
10004.0,34.0,1.0
10004.0,35.0,0.351059
10004.0,36.0,1.0
10005.0,0.0,0.720143
10005.0,1.0,0.649277
10005.0,2.0,1.0
10005.0,3.0,1.0
10005.0,4.0,0.91122
10005.0,5.0,1.0
10005.0,6.0,0.548359
10005.0,7.0,1.0
10005.0,8.0,1.0
10005.0,9.0,1.0
10005.0,10.0,0.294012
10005.0,11.0,0.906775
10005.0,12.0,0.548616
10005.0,13.0,0.389559
10005.0,14.0,0.86148
10005.0,15.0,0.030366
10005.0,16.0,0.637507
10005.0,17.0,0.71527
10005.0,18.0,0.081941
10005.0,19.0,1.0
10005.0,20.0,0.52262
10005.0,21.0,0.785047
10005.0,22.0,1.0
10005.0,23.0,0.948719
10005.0,24.0,0.999408
10005.0,25.0,0.874066
10005.0,26.0,1.0
10005.0,27.0,0.795295
10005.0,28.0,0.562936
10005.0,29.0,0.679504
10005.0,30.0,1.0
10005.0,31.0,0.576672
10005.0,32.0,0.807729
10005.0,33.0,0.893785
10005.0,34.0,1.0
10005.0,35.0,0.352407
10005.0,36.0,1.0
10006.0,0.0,0.722702
10006.0,1.0,0.654149
10006.0,2.0,1.0
10006.0,3.0,1.0
10006.0,4.0,0.910805
10006.0,5.0,1.0
10006.0,6.0,0.557493
10006.0,7.0,1.0
10006.0,8.0,1.0
10006.0,9.0,1.0
10006.0,10.0,0.296588
10006.0,11.0,0.907771
10006.0,12.0,0.551353
10006.0,13.0,0.395025
10006.0,14.0,0.861932
10006.0,15.0,0.031787
10006.0,16.0,0.638032
10006.0,17.0,0.725344
10006.0,18.0,0.085164
10006.0,19.0,1.0
10006.0,20.0,0.525564
10006.0,21.0,0.788311
10006.0,22.0,1.0
10006.0,23.0,0.949822
10006.0,24.0,0.999403
10006.0,25.0,0.876622
10006.0,26.0,1.0
10006.0,27.0,0.796218
10006.0,28.0,0.563343
10006.0,29.0,0.685455
10006.0,30.0,1.0
10006.0,31.0,0.586107
10006.0,32.0,0.815284
10006.0,33.0,0.894276
10006.0,34.0,1.0
10006.0,35.0,0.353896
10006.0,36.0,1.0
10007.0,0.0,0.726244
10007.0,1.0,0.658903
10007.0,2.0,1.0
10007.0,3.0,1.0
10007.0,4.0,0.910317
10007.0,5.0,1.0
10007.0,6.0,0.566992
10007.0,7.0,1.0
10007.0,8.0,1.0
10007.0,9.0,1.0
10007.0,10.0,0.299473
10007.0,11.0,0.9086
10007.0,12.0,0.554992
10007.0,13.0,0.402175
10007.0,14.0,0.862243
10007.0,15.0,0.03338
10007.0,16.0,0.638206
10007.0,17.0,0.734084
10007.0,18.0,0.087842
10007.0,19.0,1.0
10007.0,20.0,0.526784
10007.0,21.0,0.792314
10007.0,22.0,1.0
10007.0,23.0,0.950763
10007.0,24.0,0.999377
10007.0,25.0,0.879528
10007.0,26.0,1.0
10007.0,27.0,0.796568
10007.0,28.0,0.563827
10007.0,29.0,0.691385
10007.0,30.0,1.0
10007.0,31.0,0.595455
10007.0,32.0,0.823535
10007.0,33.0,0.894295
10007.0,34.0,1.0
10007.0,35.0,0.354327
10007.0,36.0,1.0
10008.0,0.0,0.729679
10008.0,1.0,0.663687
10008.0,2.0,1.0
10008.0,3.0,1.0
10008.0,4.0,0.910584
10008.0,5.0,1.0
10008.0,6.0,0.575974
10008.0,7.0,1.0
10008.0,8.0,1.0
10008.0,9.0,1.0
10008.0,10.0,0.302511
10008.0,11.0,0.909558
10008.0,12.0,0.558089
10008.0,13.0,0.407655
10008.0,14.0,0.862802
10008.0,15.0,0.034815
10008.0,16.0,0.638763
10008.0,17.0,0.743299
10008.0,18.0,0.090861
10008.0,19.0,1.0
10008.0,20.0,0.528375
10008.0,21.0,0.795634
10008.0,22.0,1.0
10008.0,23.0,0.951599
10008.0,24.0,0.999361
10008.0,25.0,0.883044
10008.0,26.0,1.0
10008.0,27.0,0.796831
10008.0,28.0,0.564167
10008.0,29.0,0.697015
10008.0,30.0,1.0
10008.0,31.0,0.604963
10008.0,32.0,0.830606
10008.0,33.0,0.894522
10008.0,34.0,1.0
10008.0,35.0,0.354896
10008.0,36.0,1.0
10009.0,0.0,0.715297
10009.0,1.0,0.64336
10009.0,2.0,1.0
10009.0,3.0,1.0
10009.0,4.0,0.912355
10009.0,5.0,1.0
10009.0,6.0,0.537978
10009.0,7.0,1.0
10009.0,8.0,1.0
10009.0,9.0,1.0
10009.0,10.0,0.2922
10009.0,11.0,0.905672
10009.0,12.0,0.545733
10009.0,13.0,0.381269
10009.0,14.0,0.859618
10009.0,15.0,0.028809
10009.0,16.0,0.636096
10009.0,17.0,0.69907
10009.0,18.0,0.077903
10009.0,19.0,1.0
10009.0,20.0,0.521039
10009.0,21.0,0.779073
10009.0,22.0,1.0
10009.0,23.0,0.94671
10009.0,24.0,0.999368
10009.0,25.0,0.869365
10009.0,26.0,1.0
10009.0,27.0,0.795656
10009.0,28.0,0.562582
10009.0,29.0,0.674804
10009.0,30.0,1.0
10009.0,31.0,0.564933
10009.0,32.0,0.798382
10009.0,33.0,0.89316
10009.0,34.0,1.0
10009.0,35.0,0.352574
10009.0,36.0,1.0
10010.0,0.0,0.702182
10010.0,1.0,0.624485
10010.0,2.0,1.0
10010.0,3.0,1.0
10010.0,4.0,0.91497
10010.0,5.0,1.0
10010.0,6.0,0.503281
10010.0,7.0,1.0
10010.0,8.0,1.0
10010.0,9.0,1.0
10010.0,10.0,0.282061
10010.0,11.0,0.901889
10010.0,12.0,0.534951
10010.0,13.0,0.356235
10010.0,14.0,0.855862
10010.0,15.0,0.0244
10010.0,16.0,0.634211
10010.0,17.0,0.65207
10010.0,18.0,0.066924
10010.0,19.0,1.0
10010.0,20.0,0.514548
10010.0,21.0,0.762253
10010.0,22.0,1.0
10010.0,23.0,0.942164
10010.0,24.0,0.999361
10010.0,25.0,0.855349
10010.0,26.0,1.0
10010.0,27.0,0.79411
10010.0,28.0,0.562009
10010.0,29.0,0.652871
10010.0,30.0,1.0
10010.0,31.0,0.5281
10010.0,32.0,0.76603
10010.0,33.0,0.891874
10010.0,34.0,1.0
10010.0,35.0,0.350147
10010.0,36.0,1.0
