FREQUENCIES 
Gen,mut_id,mut_freq
1.0,0.0,0.5
1.0,1.0,0.5
1.0,2.0,0.5
1.0,3.0,0.5
1.0,4.0,0.5
1.0,5.0,0.5
1.0,6.0,0.5
1.0,7.0,0.5
1.0,8.0,0.5
1.0,9.0,0.5
1.0,10.0,0.5
1.0,11.0,0.5
1.0,12.0,0.5
1.0,13.0,0.5
1.0,14.0,0.5
1.0,15.0,0.5
1.0,16.0,0.5
1.0,17.0,0.5
1.0,18.0,0.5
1.0,19.0,0.5
1.0,20.0,0.5
1.0,21.0,0.5
1.0,22.0,0.5
1.0,23.0,0.5
1.0,24.0,0.5
1.0,25.0,0.5
1.0,26.0,0.5
1.0,27.0,0.5
1.0,28.0,0.5
1.0,29.0,0.5
1.0,30.0,0.5
1.0,31.0,0.5
1.0,32.0,0.5
1.0,33.0,0.5
1.0,34.0,0.5
1.0,35.0,0.5
1.0,36.0,0.5
1000.0,0.0,0.93944
1000.0,1.0,0.657812
1000.0,2.0,0.780869
1000.0,3.0,0.238936
1000.0,4.0,1.0
1000.0,5.0,1.0
1000.0,6.0,0.704704
1000.0,7.0,0.821219
1000.0,8.0,0.491557
1000.0,9.0,0.698026
1000.0,10.0,0.052316
1000.0,11.0,0.449933
1000.0,12.0,0.658606
1000.0,13.0,0.95734
1000.0,14.0,1.0
1000.0,15.0,0.99906
1000.0,16.0,0.719967
1000.0,17.0,0.31766
1000.0,18.0,0.191068
1000.0,19.0,0.997421
1000.0,20.0,0.740856
1000.0,21.0,0.672672
1000.0,22.0,0.738611
1000.0,23.0,0.790122
1000.0,24.0,0.444058
1000.0,25.0,0.071518
1000.0,26.0,0.997937
1000.0,27.0,1.0
1000.0,28.0,0.732433
1000.0,29.0,0.232086
1000.0,30.0,0.964148
1000.0,31.0,0.418349
1000.0,32.0,0.936401
1000.0,33.0,0.549099
1000.0,34.0,0.808916
1000.0,35.0,0.840178
1000.0,36.0,0.905815
1001.0,0.0,0.942862
1001.0,1.0,0.662939
1001.0,2.0,0.782005
1001.0,3.0,0.241614
1001.0,4.0,1.0
1001.0,5.0,1.0
1001.0,6.0,0.710501
1001.0,7.0,0.826429
1001.0,8.0,0.498736
1001.0,9.0,0.698379
1001.0,10.0,0.055793
1001.0,11.0,0.450043
1001.0,12.0,0.659926
1001.0,13.0,0.957793
1001.0,14.0,1.0
1001.0,15.0,0.999109
1001.0,16.0,0.728057
1001.0,17.0,0.320842
1001.0,18.0,0.191843
1001.0,19.0,0.997368
1001.0,20.0,0.742129
1001.0,21.0,0.687637
1001.0,22.0,0.744315
1001.0,23.0,0.795553
1001.0,24.0,0.447098
1001.0,25.0,0.072569
1001.0,26.0,0.998094
1001.0,27.0,1.0
1001.0,28.0,0.733113
1001.0,29.0,0.235928
1001.0,30.0,0.965028
1001.0,31.0,0.420846
1001.0,32.0,0.937099
1001.0,33.0,0.5543
1001.0,34.0,0.810034
1001.0,35.0,0.842931
1001.0,36.0,0.90625
1002.0,0.0,0.945719
1002.0,1.0,0.667979
1002.0,2.0,0.782798
1002.0,3.0,0.244873
1002.0,4.0,1.0
1002.0,5.0,1.0
1002.0,6.0,0.716909
1002.0,7.0,0.830836
1002.0,8.0,0.503695
1002.0,9.0,0.698757
1002.0,10.0,0.059496
1002.0,11.0,0.44965
1002.0,12.0,0.660741
1002.0,13.0,0.958002
1002.0,14.0,1.0
1002.0,15.0,0.999123
1002.0,16.0,0.736434
1002.0,17.0,0.32358
1002.0,18.0,0.192206
1002.0,19.0,0.997375
1002.0,20.0,0.742872
1002.0,21.0,0.701848
1002.0,22.0,0.749569
1002.0,23.0,0.800658
1002.0,24.0,0.44889
1002.0,25.0,0.073735
1002.0,26.0,0.998041
1002.0,27.0,1.0
1002.0,28.0,0.734833
1002.0,29.0,0.240682
1002.0,30.0,0.965576
1002.0,31.0,0.42275
1002.0,32.0,0.937562
1002.0,33.0,0.560587
1002.0,34.0,0.811355
1002.0,35.0,0.845819
1002.0,36.0,0.906882
1003.0,0.0,0.948231
1003.0,1.0,0.67229
1003.0,2.0,0.784647
1003.0,3.0,0.248328
1003.0,4.0,1.0
1003.0,5.0,1.0
1003.0,6.0,0.721539
1003.0,7.0,0.835501
1003.0,8.0,0.509078
1003.0,9.0,0.699079
1003.0,10.0,0.062578
1003.0,11.0,0.450035
1003.0,12.0,0.661407
1003.0,13.0,0.958293
1003.0,14.0,1.0
1003.0,15.0,0.999199
1003.0,16.0,0.743957
1003.0,17.0,0.327176
1003.0,18.0,0.192802
1003.0,19.0,0.997381
1003.0,20.0,0.743201
1003.0,21.0,0.716975
1003.0,22.0,0.754989
1003.0,23.0,0.806243
1003.0,24.0,0.451252
1003.0,25.0,0.074219
1003.0,26.0,0.998104
1003.0,27.0,1.0
1003.0,28.0,0.736144
1003.0,29.0,0.245751
1003.0,30.0,0.966102
1003.0,31.0,0.424076
1003.0,32.0,0.938358
1003.0,33.0,0.565592
1003.0,34.0,0.812861
1003.0,35.0,0.848442
1003.0,36.0,0.907466
1004.0,0.0,0.950466
1004.0,1.0,0.676776
1004.0,2.0,0.785893
1004.0,3.0,0.251958
1004.0,4.0,1.0
1004.0,5.0,1.0
1004.0,6.0,0.726768
1004.0,7.0,0.839381
1004.0,8.0,0.515475
1004.0,9.0,0.699969
1004.0,10.0,0.066396
1004.0,11.0,0.450429
1004.0,12.0,0.661749
1004.0,13.0,0.958573
1004.0,14.0,1.0
1004.0,15.0,0.99924
1004.0,16.0,0.751124
1004.0,17.0,0.330554
1004.0,18.0,0.194187
1004.0,19.0,0.99738
1004.0,20.0,0.743525
1004.0,21.0,0.731575
1004.0,22.0,0.759963
1004.0,23.0,0.81121
1004.0,24.0,0.453736
1004.0,25.0,0.074835
1004.0,26.0,0.99815
1004.0,27.0,1.0
1004.0,28.0,0.738126
1004.0,29.0,0.250451
1004.0,30.0,0.966562
1004.0,31.0,0.426464
1004.0,32.0,0.938819
1004.0,33.0,0.572634
1004.0,34.0,0.81328
1004.0,35.0,0.850218
1004.0,36.0,0.908335
1005.0,0.0,0.952896
1005.0,1.0,0.681101
1005.0,2.0,0.786966
1005.0,3.0,0.254402
1005.0,4.0,1.0
1005.0,5.0,1.0
1005.0,6.0,0.732384
1005.0,7.0,0.843997
1005.0,8.0,0.520728
1005.0,9.0,0.700303
1005.0,10.0,0.069858
1005.0,11.0,0.450852
1005.0,12.0,0.662667
1005.0,13.0,0.958886
1005.0,14.0,1.0
1005.0,15.0,0.99923
1005.0,16.0,0.758472
1005.0,17.0,0.334149
1005.0,18.0,0.195018
1005.0,19.0,0.997284
1005.0,20.0,0.744693
1005.0,21.0,0.74414
1005.0,22.0,0.764374
1005.0,23.0,0.816183
1005.0,24.0,0.456359
1005.0,25.0,0.075658
1005.0,26.0,0.998246
1005.0,27.0,1.0
1005.0,28.0,0.739995
1005.0,29.0,0.254972
1005.0,30.0,0.967419
1005.0,31.0,0.428245
1005.0,32.0,0.938979
1005.0,33.0,0.578563
1005.0,34.0,0.813502
1005.0,35.0,0.852452
1005.0,36.0,0.909203
1006.0,0.0,0.955559
1006.0,1.0,0.685721
1006.0,2.0,0.788337
1006.0,3.0,0.257608
1006.0,4.0,1.0
1006.0,5.0,1.0
1006.0,6.0,0.737657
1006.0,7.0,0.84869
1006.0,8.0,0.526757
1006.0,9.0,0.700281
1006.0,10.0,0.074014
1006.0,11.0,0.450902
1006.0,12.0,0.664275
1006.0,13.0,0.95906
1006.0,14.0,1.0
1006.0,15.0,0.999244
1006.0,16.0,0.765962
1006.0,17.0,0.337729
1006.0,18.0,0.196343
1006.0,19.0,0.997268
1006.0,20.0,0.746119
1006.0,21.0,0.755605
1006.0,22.0,0.769846
1006.0,23.0,0.820571
1006.0,24.0,0.458299
1006.0,25.0,0.077218
1006.0,26.0,0.998303
1006.0,27.0,1.0
1006.0,28.0,0.742287
1006.0,29.0,0.25844
1006.0,30.0,0.96797
1006.0,31.0,0.429886
1006.0,32.0,0.939631
1006.0,33.0,0.584296
1006.0,34.0,0.814196
1006.0,35.0,0.854599
1006.0,36.0,0.909871
1007.0,0.0,0.957441
1007.0,1.0,0.691077
1007.0,2.0,0.789086
1007.0,3.0,0.260722
1007.0,4.0,1.0
1007.0,5.0,1.0
1007.0,6.0,0.742689
1007.0,7.0,0.852833
1007.0,8.0,0.532764
1007.0,9.0,0.701348
1007.0,10.0,0.078589
1007.0,11.0,0.451504
1007.0,12.0,0.666175
1007.0,13.0,0.959279
1007.0,14.0,1.0
1007.0,15.0,0.999265
1007.0,16.0,0.772086
1007.0,17.0,0.340901
1007.0,18.0,0.197287
1007.0,19.0,0.997391
1007.0,20.0,0.746551
1007.0,21.0,0.767053
1007.0,22.0,0.774929
1007.0,23.0,0.825897
1007.0,24.0,0.460581
1007.0,25.0,0.078396
1007.0,26.0,0.998433
1007.0,27.0,1.0
1007.0,28.0,0.74439
1007.0,29.0,0.263742
1007.0,30.0,0.968565
1007.0,31.0,0.431973
1007.0,32.0,0.940105
1007.0,33.0,0.588447
1007.0,34.0,0.81428
1007.0,35.0,0.856296
1007.0,36.0,0.910134
1008.0,0.0,0.959769
1008.0,1.0,0.694655
1008.0,2.0,0.790329
1008.0,3.0,0.263392
1008.0,4.0,1.0
1008.0,5.0,1.0
1008.0,6.0,0.74793
1008.0,7.0,0.857064
1008.0,8.0,0.538507
1008.0,9.0,0.701726
1008.0,10.0,0.082553
1008.0,11.0,0.452561
1008.0,12.0,0.667268
1008.0,13.0,0.959444
1008.0,14.0,1.0
1008.0,15.0,0.999214
1008.0,16.0,0.779006
1008.0,17.0,0.345866
1008.0,18.0,0.198324
1008.0,19.0,0.997353
1008.0,20.0,0.747357
1008.0,21.0,0.777678
1008.0,22.0,0.780077
1008.0,23.0,0.830845
1008.0,24.0,0.463909
1008.0,25.0,0.079606
1008.0,26.0,0.998455
1008.0,27.0,1.0
1008.0,28.0,0.745913
1008.0,29.0,0.26842
1008.0,30.0,0.969244
1008.0,31.0,0.434004
1008.0,32.0,0.940434
1008.0,33.0,0.594861
1008.0,34.0,0.815753
1008.0,35.0,0.858207
1008.0,36.0,0.910254
1009.0,0.0,0.95063
1009.0,1.0,0.674544
1009.0,2.0,0.787058
1009.0,3.0,0.248668
1009.0,4.0,1.0
1009.0,5.0,1.0
1009.0,6.0,0.727133
1009.0,7.0,0.839856
1009.0,8.0,0.51508
1009.0,9.0,0.700119
1009.0,10.0,0.064733
1009.0,11.0,0.450182
1009.0,12.0,0.663339
1009.0,13.0,0.959078
1009.0,14.0,1.0
1009.0,15.0,0.999147
1009.0,16.0,0.748079
1009.0,17.0,0.330417
1009.0,18.0,0.192375
1009.0,19.0,0.997252
1009.0,20.0,0.745153
1009.0,21.0,0.724735
1009.0,22.0,0.760094
1009.0,23.0,0.810631
1009.0,24.0,0.454152
1009.0,25.0,0.074197
1009.0,26.0,0.998395
1009.0,27.0,1.0
1009.0,28.0,0.739712
1009.0,29.0,0.249032
1009.0,30.0,0.966443
1009.0,31.0,0.426122
1009.0,32.0,0.938712
1009.0,33.0,0.57147
1009.0,34.0,0.81226
1009.0,35.0,0.848229
1009.0,36.0,0.909413
1010.0,0.0,0.940499
1010.0,1.0,0.657024
1010.0,2.0,0.78448
1010.0,3.0,0.235068
1010.0,4.0,1.0
1010.0,5.0,1.0
1010.0,6.0,0.705646
1010.0,7.0,0.822895
1010.0,8.0,0.493002
1010.0,9.0,0.69702
1010.0,10.0,0.051675
1010.0,11.0,0.447499
1010.0,12.0,0.659794
1010.0,13.0,0.958982
1010.0,14.0,1.0
1010.0,15.0,0.999108
1010.0,16.0,0.718546
1010.0,17.0,0.316357
1010.0,18.0,0.187677
1010.0,19.0,0.997073
1010.0,20.0,0.743399
1010.0,21.0,0.672904
1010.0,22.0,0.73981
1010.0,23.0,0.790881
1010.0,24.0,0.445499
1010.0,25.0,0.069586
1010.0,26.0,0.998297
1010.0,27.0,1.0
1010.0,28.0,0.734271
1010.0,29.0,0.231716
1010.0,30.0,0.96378
1010.0,31.0,0.417308
1010.0,32.0,0.937062
1010.0,33.0,0.549907
1010.0,34.0,0.808747
1010.0,35.0,0.838328
1010.0,36.0,0.909107
2000.0,0.0,0.967088
2000.0,1.0,0.665518
2000.0,2.0,0.899287
2000.0,3.0,0.106676
2000.0,4.0,1.0
2000.0,5.0,1.0
2000.0,6.0,0.708406
2000.0,7.0,0.828251
2000.0,8.0,0.495049
2000.0,9.0,0.707888
2000.0,10.0,0.026124
2000.0,11.0,0.406399
2000.0,12.0,0.701802
2000.0,13.0,0.994689
2000.0,14.0,1.0
2000.0,15.0,1.0
2000.0,16.0,0.730541
2000.0,17.0,0.328307
2000.0,18.0,0.16032
2000.0,19.0,0.99986
2000.0,20.0,0.860296
2000.0,21.0,0.679763
2000.0,22.0,0.788094
2000.0,23.0,0.791293
2000.0,24.0,0.452294
2000.0,25.0,0.006
2000.0,26.0,1.0
2000.0,27.0,1.0
2000.0,28.0,0.745438
2000.0,29.0,0.091694
2000.0,30.0,0.988211
2000.0,31.0,0.422274
2000.0,32.0,0.991769
2000.0,33.0,0.562638
2000.0,34.0,0.823805
2000.0,35.0,0.843384
2000.0,36.0,0.995543
2001.0,0.0,0.968518
2001.0,1.0,0.670594
2001.0,2.0,0.899594
2001.0,3.0,0.108107
2001.0,4.0,1.0
2001.0,5.0,1.0
2001.0,6.0,0.714124
2001.0,7.0,0.832297
2001.0,8.0,0.500716
2001.0,9.0,0.708329
2001.0,10.0,0.02769
2001.0,11.0,0.406699
2001.0,12.0,0.702285
2001.0,13.0,0.994653
2001.0,14.0,1.0
2001.0,15.0,1.0
2001.0,16.0,0.738657
2001.0,17.0,0.331291
2001.0,18.0,0.161594
2001.0,19.0,0.999876
2001.0,20.0,0.860143
2001.0,21.0,0.694746
2001.0,22.0,0.793372
2001.0,23.0,0.796984
2001.0,24.0,0.454595
2001.0,25.0,0.006045
2001.0,26.0,1.0
2001.0,27.0,1.0
2001.0,28.0,0.746965
2001.0,29.0,0.094029
2001.0,30.0,0.988546
2001.0,31.0,0.424474
2001.0,32.0,0.991821
2001.0,33.0,0.568369
2001.0,34.0,0.824782
2001.0,35.0,0.845718
2001.0,36.0,0.99556
2002.0,0.0,0.969767
2002.0,1.0,0.674364
2002.0,2.0,0.899689
2002.0,3.0,0.11021
2002.0,4.0,1.0
2002.0,5.0,1.0
2002.0,6.0,0.719448
2002.0,7.0,0.837013
2002.0,8.0,0.50542
2002.0,9.0,0.709021
2002.0,10.0,0.029332
2002.0,11.0,0.407534
2002.0,12.0,0.703221
2002.0,13.0,0.994682
2002.0,14.0,1.0
2002.0,15.0,1.0
2002.0,16.0,0.746456
2002.0,17.0,0.334671
2002.0,18.0,0.16232
2002.0,19.0,0.999877
2002.0,20.0,0.861078
2002.0,21.0,0.709015
2002.0,22.0,0.797634
2002.0,23.0,0.802047
2002.0,24.0,0.457263
2002.0,25.0,0.0062
2002.0,26.0,1.0
2002.0,27.0,1.0
2002.0,28.0,0.748045
2002.0,29.0,0.096132
2002.0,30.0,0.98897
2002.0,31.0,0.426297
2002.0,32.0,0.99189
2002.0,33.0,0.573599
2002.0,34.0,0.825014
2002.0,35.0,0.848059
2002.0,36.0,0.995612
2003.0,0.0,0.971405
2003.0,1.0,0.679149
2003.0,2.0,0.899913
2003.0,3.0,0.11244
2003.0,4.0,1.0
2003.0,5.0,1.0
2003.0,6.0,0.725252
2003.0,7.0,0.841391
2003.0,8.0,0.511602
2003.0,9.0,0.709085
2003.0,10.0,0.031172
2003.0,11.0,0.407586
2003.0,12.0,0.703975
2003.0,13.0,0.994761
2003.0,14.0,1.0
2003.0,15.0,1.0
2003.0,16.0,0.753952
2003.0,17.0,0.338478
2003.0,18.0,0.163048
2003.0,19.0,0.999869
2003.0,20.0,0.861205
2003.0,21.0,0.723214
2003.0,22.0,0.802611
2003.0,23.0,0.807678
2003.0,24.0,0.459388
2003.0,25.0,0.006205
2003.0,26.0,1.0
2003.0,27.0,1.0
2003.0,28.0,0.749655
2003.0,29.0,0.097975
2003.0,30.0,0.989248
2003.0,31.0,0.427566
2003.0,32.0,0.991898
2003.0,33.0,0.579928
2003.0,34.0,0.825212
2003.0,35.0,0.849748
2003.0,36.0,0.995546
2004.0,0.0,0.972717
2004.0,1.0,0.684547
2004.0,2.0,0.900682
2004.0,3.0,0.114042
2004.0,4.0,1.0
2004.0,5.0,1.0
2004.0,6.0,0.730085
2004.0,7.0,0.845519
2004.0,8.0,0.516668
2004.0,9.0,0.710267
2004.0,10.0,0.033283
2004.0,11.0,0.407992
2004.0,12.0,0.705638
2004.0,13.0,0.994816
2004.0,14.0,1.0
2004.0,15.0,1.0
2004.0,16.0,0.76158
2004.0,17.0,0.341873
2004.0,18.0,0.164211
2004.0,19.0,0.99988
2004.0,20.0,0.861413
2004.0,21.0,0.736052
2004.0,22.0,0.806745
2004.0,23.0,0.812843
2004.0,24.0,0.461703
2004.0,25.0,0.006261
2004.0,26.0,1.0
2004.0,27.0,1.0
2004.0,28.0,0.751922
2004.0,29.0,0.100168
2004.0,30.0,0.989446
2004.0,31.0,0.429162
2004.0,32.0,0.99185
2004.0,33.0,0.584849
2004.0,34.0,0.825869
2004.0,35.0,0.851954
2004.0,36.0,0.995647
2005.0,0.0,0.974089
2005.0,1.0,0.689714
2005.0,2.0,0.901011
2005.0,3.0,0.116279
2005.0,4.0,1.0
2005.0,5.0,1.0
2005.0,6.0,0.735077
2005.0,7.0,0.849962
2005.0,8.0,0.522732
2005.0,9.0,0.711266
2005.0,10.0,0.035217
2005.0,11.0,0.409397
2005.0,12.0,0.706637
2005.0,13.0,0.994869
2005.0,14.0,1.0
2005.0,15.0,1.0
2005.0,16.0,0.768658
2005.0,17.0,0.344754
2005.0,18.0,0.165313
2005.0,19.0,0.999891
2005.0,20.0,0.862208
2005.0,21.0,0.747522
2005.0,22.0,0.811098
2005.0,23.0,0.817683
2005.0,24.0,0.463204
2005.0,25.0,0.006243
2005.0,26.0,1.0
2005.0,27.0,1.0
2005.0,28.0,0.753105
2005.0,29.0,0.102411
2005.0,30.0,0.989637
2005.0,31.0,0.431485
2005.0,32.0,0.99202
2005.0,33.0,0.591474
2005.0,34.0,0.826724
2005.0,35.0,0.853898
2005.0,36.0,0.995666
2006.0,0.0,0.975252
2006.0,1.0,0.694046
2006.0,2.0,0.901755
2006.0,3.0,0.118101
2006.0,4.0,1.0
2006.0,5.0,1.0
2006.0,6.0,0.740244
2006.0,7.0,0.853933
2006.0,8.0,0.52844
2006.0,9.0,0.712626
2006.0,10.0,0.037857
2006.0,11.0,0.411142
2006.0,12.0,0.708334
2006.0,13.0,0.99496
2006.0,14.0,1.0
2006.0,15.0,1.0
2006.0,16.0,0.775185
2006.0,17.0,0.348052
2006.0,18.0,0.166466
2006.0,19.0,0.999898
2006.0,20.0,0.862739
2006.0,21.0,0.75995
2006.0,22.0,0.815258
2006.0,23.0,0.822352
2006.0,24.0,0.466504
2006.0,25.0,0.00638
2006.0,26.0,1.0
2006.0,27.0,1.0
2006.0,28.0,0.753515
2006.0,29.0,0.105203
2006.0,30.0,0.990074
2006.0,31.0,0.433872
2006.0,32.0,0.99205
2006.0,33.0,0.596714
2006.0,34.0,0.827542
2006.0,35.0,0.856949
2006.0,36.0,0.995751
2007.0,0.0,0.97646
2007.0,1.0,0.698339
2007.0,2.0,0.902289
2007.0,3.0,0.120349
2007.0,4.0,1.0
2007.0,5.0,1.0
2007.0,6.0,0.745212
2007.0,7.0,0.857352
2007.0,8.0,0.533608
2007.0,9.0,0.712831
2007.0,10.0,0.040189
2007.0,11.0,0.411095
2007.0,12.0,0.709029
2007.0,13.0,0.994986
2007.0,14.0,1.0
2007.0,15.0,1.0
2007.0,16.0,0.781385
2007.0,17.0,0.351387
2007.0,18.0,0.166952
2007.0,19.0,0.999915
2007.0,20.0,0.86272
2007.0,21.0,0.771231
2007.0,22.0,0.819404
2007.0,23.0,0.827379
2007.0,24.0,0.469088
2007.0,25.0,0.006564
2007.0,26.0,1.0
2007.0,27.0,1.0
2007.0,28.0,0.754852
2007.0,29.0,0.107844
2007.0,30.0,0.990344
2007.0,31.0,0.436114
2007.0,32.0,0.992195
2007.0,33.0,0.602621
2007.0,34.0,0.827866
2007.0,35.0,0.858702
2007.0,36.0,0.99569
2008.0,0.0,0.977803
2008.0,1.0,0.702398
2008.0,2.0,0.903021
2008.0,3.0,0.122614
2008.0,4.0,1.0
2008.0,5.0,1.0
2008.0,6.0,0.750388
2008.0,7.0,0.861215
2008.0,8.0,0.538506
2008.0,9.0,0.713718
2008.0,10.0,0.042488
2008.0,11.0,0.412429
2008.0,12.0,0.709729
2008.0,13.0,0.994897
2008.0,14.0,1.0
2008.0,15.0,1.0
2008.0,16.0,0.788582
2008.0,17.0,0.354725
2008.0,18.0,0.168336
2008.0,19.0,0.999922
2008.0,20.0,0.862971
2008.0,21.0,0.782346
2008.0,22.0,0.823208
2008.0,23.0,0.83252
2008.0,24.0,0.471549
2008.0,25.0,0.006641
2008.0,26.0,1.0
2008.0,27.0,1.0
2008.0,28.0,0.755642
2008.0,29.0,0.11074
2008.0,30.0,0.990648
2008.0,31.0,0.438871
2008.0,32.0,0.992201
2008.0,33.0,0.608284
2008.0,34.0,0.828055
2008.0,35.0,0.859997
2008.0,36.0,0.995605
2009.0,0.0,0.972616
2009.0,1.0,0.683745
2009.0,2.0,0.90163
2009.0,3.0,0.113274
2009.0,4.0,1.0
2009.0,5.0,1.0
2009.0,6.0,0.729973
2009.0,7.0,0.844516
2009.0,8.0,0.514594
2009.0,9.0,0.711505
2009.0,10.0,0.033298
2009.0,11.0,0.409888
2009.0,12.0,0.706265
2009.0,13.0,0.9948
2009.0,14.0,1.0
2009.0,15.0,1.0
2009.0,16.0,0.758899
2009.0,17.0,0.339287
2009.0,18.0,0.163529
2009.0,19.0,0.999924
2009.0,20.0,0.86215
2009.0,21.0,0.730169
2009.0,22.0,0.805555
2009.0,23.0,0.813304
2009.0,24.0,0.460398
2009.0,25.0,0.006268
2009.0,26.0,1.0
2009.0,27.0,1.0
2009.0,28.0,0.749781
2009.0,29.0,0.099918
2009.0,30.0,0.989658
2009.0,31.0,0.430646
2009.0,32.0,0.991868
2009.0,33.0,0.585039
2009.0,34.0,0.825401
2009.0,35.0,0.851704
2009.0,36.0,0.995493
2010.0,0.0,0.966875
2010.0,1.0,0.665298
2010.0,2.0,0.900332
2010.0,3.0,0.105351
2010.0,4.0,1.0
2010.0,5.0,1.0
2010.0,6.0,0.71048
2010.0,7.0,0.827614
2010.0,8.0,0.493337
2010.0,9.0,0.709605
2010.0,10.0,0.026336
2010.0,11.0,0.406232
2010.0,12.0,0.702083
2010.0,13.0,0.994794
2010.0,14.0,1.0
2010.0,15.0,1.0
2010.0,16.0,0.730248
2010.0,17.0,0.326131
2010.0,18.0,0.159245
2010.0,19.0,0.999931
2010.0,20.0,0.861165
2010.0,21.0,0.67864
2010.0,22.0,0.788048
2010.0,23.0,0.793137
2010.0,24.0,0.451898
2010.0,25.0,0.005857
2010.0,26.0,1.0
2010.0,27.0,1.0
2010.0,28.0,0.745085
2010.0,29.0,0.090575
2010.0,30.0,0.98897
2010.0,31.0,0.423072
2010.0,32.0,0.991706
2010.0,33.0,0.563204
2010.0,34.0,0.82227
2010.0,35.0,0.842851
2010.0,36.0,0.995395
3000.0,0.0,0.986812
3000.0,1.0,0.66643
3000.0,2.0,0.95689
3000.0,3.0,0.036932
3000.0,4.0,1.0
3000.0,5.0,1.0
3000.0,6.0,0.724052
3000.0,7.0,0.828464
3000.0,8.0,0.4985
3000.0,9.0,0.701919
3000.0,10.0,0.018122
3000.0,11.0,0.398649
3000.0,12.0,0.734317
3000.0,13.0,0.999948
3000.0,14.0,1.0
3000.0,15.0,1.0
3000.0,16.0,0.730005
3000.0,17.0,0.330623
3000.0,18.0,0.155681
3000.0,19.0,1.0
3000.0,20.0,0.915001
3000.0,21.0,0.682806
3000.0,22.0,0.798772
3000.0,23.0,0.799327
3000.0,24.0,0.455025
3000.0,25.0,0.000804
3000.0,26.0,1.0
3000.0,27.0,1.0
3000.0,28.0,0.74617
3000.0,29.0,0.041636
3000.0,30.0,0.997997
3000.0,31.0,0.423515
3000.0,32.0,0.998863
3000.0,33.0,0.559076
3000.0,34.0,0.822571
3000.0,35.0,0.843528
3000.0,36.0,0.999481
3001.0,0.0,0.987581
3001.0,1.0,0.671006
3001.0,2.0,0.956755
3001.0,3.0,0.037435
3001.0,4.0,1.0
3001.0,5.0,1.0
3001.0,6.0,0.728565
3001.0,7.0,0.833162
3001.0,8.0,0.504125
3001.0,9.0,0.703098
3001.0,10.0,0.019123
3001.0,11.0,0.398875
3001.0,12.0,0.735185
3001.0,13.0,0.999944
3001.0,14.0,1.0
3001.0,15.0,1.0
3001.0,16.0,0.738391
3001.0,17.0,0.334719
3001.0,18.0,0.156988
3001.0,19.0,1.0
3001.0,20.0,0.915315
3001.0,21.0,0.697421
3001.0,22.0,0.80263
3001.0,23.0,0.80446
3001.0,24.0,0.456738
3001.0,25.0,0.000797
3001.0,26.0,1.0
3001.0,27.0,1.0
3001.0,28.0,0.747458
3001.0,29.0,0.042601
3001.0,30.0,0.998076
3001.0,31.0,0.425557
3001.0,32.0,0.998824
3001.0,33.0,0.564796
3001.0,34.0,0.823009
3001.0,35.0,0.84554
3001.0,36.0,0.999435
3002.0,0.0,0.98838
3002.0,1.0,0.67578
3002.0,2.0,0.956998
3002.0,3.0,0.038358
3002.0,4.0,1.0
3002.0,5.0,1.0
3002.0,6.0,0.734367
3002.0,7.0,0.837916
3002.0,8.0,0.509484
3002.0,9.0,0.704062
3002.0,10.0,0.020411
3002.0,11.0,0.399485
3002.0,12.0,0.736064
3002.0,13.0,0.999942
3002.0,14.0,1.0
3002.0,15.0,1.0
3002.0,16.0,0.746252
3002.0,17.0,0.338337
3002.0,18.0,0.15835
3002.0,19.0,1.0
3002.0,20.0,0.915268
3002.0,21.0,0.71183
3002.0,22.0,0.807237
3002.0,23.0,0.80953
3002.0,24.0,0.459978
3002.0,25.0,0.000787
3002.0,26.0,1.0
3002.0,27.0,1.0
3002.0,28.0,0.749208
3002.0,29.0,0.04364
3002.0,30.0,0.998079
3002.0,31.0,0.427016
3002.0,32.0,0.998867
3002.0,33.0,0.570102
3002.0,34.0,0.823519
3002.0,35.0,0.847901
3002.0,36.0,0.999408
3003.0,0.0,0.98881
3003.0,1.0,0.680671
3003.0,2.0,0.956896
3003.0,3.0,0.039026
3003.0,4.0,1.0
3003.0,5.0,1.0
3003.0,6.0,0.739893
3003.0,7.0,0.842195
3003.0,8.0,0.51549
3003.0,9.0,0.704717
3003.0,10.0,0.021687
3003.0,11.0,0.399557
3003.0,12.0,0.736952
3003.0,13.0,0.999934
3003.0,14.0,1.0
3003.0,15.0,1.0
3003.0,16.0,0.753818
3003.0,17.0,0.340329
3003.0,18.0,0.159439
3003.0,19.0,1.0
3003.0,20.0,0.915361
3003.0,21.0,0.726261
3003.0,22.0,0.811557
3003.0,23.0,0.814231
3003.0,24.0,0.461486
3003.0,25.0,0.000806
3003.0,26.0,1.0
3003.0,27.0,1.0
3003.0,28.0,0.750327
3003.0,29.0,0.044675
3003.0,30.0,0.998135
3003.0,31.0,0.429204
3003.0,32.0,0.998815
3003.0,33.0,0.574683
3003.0,34.0,0.824701
3003.0,35.0,0.850526
3003.0,36.0,0.999391
3004.0,0.0,0.989342
3004.0,1.0,0.685502
3004.0,2.0,0.956893
3004.0,3.0,0.039626
3004.0,4.0,1.0
3004.0,5.0,1.0
3004.0,6.0,0.745282
3004.0,7.0,0.847131
3004.0,8.0,0.520951
3004.0,9.0,0.705223
3004.0,10.0,0.023091
3004.0,11.0,0.400433
3004.0,12.0,0.738053
3004.0,13.0,0.999949
3004.0,14.0,1.0
3004.0,15.0,1.0
3004.0,16.0,0.760887
3004.0,17.0,0.344606
3004.0,18.0,0.160522
3004.0,19.0,1.0
3004.0,20.0,0.915211
3004.0,21.0,0.73963
3004.0,22.0,0.816507
3004.0,23.0,0.818618
3004.0,24.0,0.464258
3004.0,25.0,0.000782
3004.0,26.0,1.0
3004.0,27.0,1.0
3004.0,28.0,0.751216
3004.0,29.0,0.046172
3004.0,30.0,0.998185
3004.0,31.0,0.430739
3004.0,32.0,0.998811
3004.0,33.0,0.580994
3004.0,34.0,0.825766
3004.0,35.0,0.853367
3004.0,36.0,0.999391
3005.0,0.0,0.989978
3005.0,1.0,0.689763
3005.0,2.0,0.957187
3005.0,3.0,0.040714
3005.0,4.0,1.0
3005.0,5.0,1.0
3005.0,6.0,0.749464
3005.0,7.0,0.851712
3005.0,8.0,0.526329
3005.0,9.0,0.705955
3005.0,10.0,0.024447
3005.0,11.0,0.401225
3005.0,12.0,0.738608
3005.0,13.0,0.999931
3005.0,14.0,1.0
3005.0,15.0,1.0
3005.0,16.0,0.768098
3005.0,17.0,0.347869
3005.0,18.0,0.162204
3005.0,19.0,1.0
3005.0,20.0,0.915728
3005.0,21.0,0.752087
3005.0,22.0,0.821089
3005.0,23.0,0.823549
3005.0,24.0,0.467303
3005.0,25.0,0.000791
3005.0,26.0,1.0
3005.0,27.0,1.0
3005.0,28.0,0.751718
3005.0,29.0,0.048026
3005.0,30.0,0.998186
3005.0,31.0,0.43382
3005.0,32.0,0.998837
3005.0,33.0,0.586885
3005.0,34.0,0.826793
3005.0,35.0,0.85558
3005.0,36.0,0.999408
3006.0,0.0,0.990476
3006.0,1.0,0.694165
3006.0,2.0,0.957568
3006.0,3.0,0.042052
3006.0,4.0,1.0
3006.0,5.0,1.0
3006.0,6.0,0.75372
3006.0,7.0,0.85555
3006.0,8.0,0.532343
3006.0,9.0,0.706578
3006.0,10.0,0.025959
3006.0,11.0,0.402192
3006.0,12.0,0.740142
3006.0,13.0,0.999933
3006.0,14.0,1.0
3006.0,15.0,1.0
3006.0,16.0,0.775619
3006.0,17.0,0.351442
3006.0,18.0,0.162925
3006.0,19.0,1.0
3006.0,20.0,0.91642
3006.0,21.0,0.764777
3006.0,22.0,0.825443
3006.0,23.0,0.828509
3006.0,24.0,0.470582
3006.0,25.0,0.000777
3006.0,26.0,1.0
3006.0,27.0,1.0
3006.0,28.0,0.75291
3006.0,29.0,0.049212
3006.0,30.0,0.998221
3006.0,31.0,0.435675
3006.0,32.0,0.998865
3006.0,33.0,0.591814
3006.0,34.0,0.827552
3006.0,35.0,0.857499
3006.0,36.0,0.999411
3007.0,0.0,0.990858
3007.0,1.0,0.698642
3007.0,2.0,0.957824
3007.0,3.0,0.042909
3007.0,4.0,1.0
3007.0,5.0,1.0
3007.0,6.0,0.758313
3007.0,7.0,0.858845
3007.0,8.0,0.537674
3007.0,9.0,0.707539
3007.0,10.0,0.027589
3007.0,11.0,0.403076
3007.0,12.0,0.740701
3007.0,13.0,0.999928
3007.0,14.0,1.0
3007.0,15.0,1.0
3007.0,16.0,0.781688
3007.0,17.0,0.355821
3007.0,18.0,0.163901
3007.0,19.0,1.0
3007.0,20.0,0.916968
3007.0,21.0,0.775688
3007.0,22.0,0.829947
3007.0,23.0,0.832891
3007.0,24.0,0.472768
3007.0,25.0,0.000726
3007.0,26.0,1.0
3007.0,27.0,1.0
3007.0,28.0,0.753989
3007.0,29.0,0.050266
3007.0,30.0,0.998278
3007.0,31.0,0.437419
3007.0,32.0,0.998841
3007.0,33.0,0.597449
3007.0,34.0,0.827984
3007.0,35.0,0.859586
3007.0,36.0,0.999415
3008.0,0.0,0.991504
3008.0,1.0,0.703739
3008.0,2.0,0.958188
3008.0,3.0,0.043689
3008.0,4.0,1.0
3008.0,5.0,1.0
3008.0,6.0,0.762261
3008.0,7.0,0.862975
3008.0,8.0,0.5426
3008.0,9.0,0.707498
3008.0,10.0,0.029511
3008.0,11.0,0.404464
3008.0,12.0,0.742599
3008.0,13.0,0.999925
3008.0,14.0,1.0
3008.0,15.0,1.0
3008.0,16.0,0.788094
3008.0,17.0,0.359419
3008.0,18.0,0.165046
3008.0,19.0,1.0
3008.0,20.0,0.917004
3008.0,21.0,0.78631
3008.0,22.0,0.833901
3008.0,23.0,0.836861
3008.0,24.0,0.475173
3008.0,25.0,0.000729
3008.0,26.0,1.0
3008.0,27.0,1.0
3008.0,28.0,0.754258
3008.0,29.0,0.051595
3008.0,30.0,0.998366
3008.0,31.0,0.438468
3008.0,32.0,0.998841
3008.0,33.0,0.602561
3008.0,34.0,0.828332
3008.0,35.0,0.862159
3008.0,36.0,0.999445
3009.0,0.0,0.989547
3009.0,1.0,0.68567
3009.0,2.0,0.957416
3009.0,3.0,0.03984
3009.0,4.0,1.0
3009.0,5.0,1.0
3009.0,6.0,0.742931
3009.0,7.0,0.845967
3009.0,8.0,0.519408
3009.0,9.0,0.704999
3009.0,10.0,0.02292
3009.0,11.0,0.401266
3009.0,12.0,0.737789
3009.0,13.0,0.999932
3009.0,14.0,1.0
3009.0,15.0,1.0
3009.0,16.0,0.75891
3009.0,17.0,0.3444
3009.0,18.0,0.16067
3009.0,19.0,1.0
3009.0,20.0,0.917147
3009.0,21.0,0.735446
3009.0,22.0,0.816506
3009.0,23.0,0.816495
3009.0,24.0,0.465398
3009.0,25.0,0.000656
3009.0,26.0,1.0
3009.0,27.0,1.0
3009.0,28.0,0.748327
3009.0,29.0,0.045844
3009.0,30.0,0.998279
3009.0,31.0,0.430068
3009.0,32.0,0.998816
3009.0,33.0,0.579793
3009.0,34.0,0.825431
3009.0,35.0,0.85217
3009.0,36.0,0.99943
3010.0,0.0,0.987102
3010.0,1.0,0.667964
3010.0,2.0,0.957283
3010.0,3.0,0.036457
3010.0,4.0,1.0
3010.0,5.0,1.0
3010.0,6.0,0.723609
3010.0,7.0,0.829146
3010.0,8.0,0.497987
3010.0,9.0,0.702808
3010.0,10.0,0.017956
3010.0,11.0,0.398499
3010.0,12.0,0.735043
3010.0,13.0,0.999937
3010.0,14.0,1.0
3010.0,15.0,1.0
3010.0,16.0,0.729635
3010.0,17.0,0.331166
3010.0,18.0,0.156983
3010.0,19.0,1.0
3010.0,20.0,0.916386
3010.0,21.0,0.684016
3010.0,22.0,0.799182
3010.0,23.0,0.797225
3010.0,24.0,0.45617
3010.0,25.0,0.000643
3010.0,26.0,1.0
3010.0,27.0,1.0
3010.0,28.0,0.743052
3010.0,29.0,0.040802
3010.0,30.0,0.99814
3010.0,31.0,0.422666
3010.0,32.0,0.998773
3010.0,33.0,0.558617
3010.0,34.0,0.822798
3010.0,35.0,0.842847
3010.0,36.0,0.999431
4000.0,0.0,0.991114
4000.0,1.0,0.661442
4000.0,2.0,0.980623
4000.0,3.0,0.017015
4000.0,4.0,1.0
4000.0,5.0,1.0
4000.0,6.0,0.717145
4000.0,7.0,0.829845
4000.0,8.0,0.49688
4000.0,9.0,0.720683
4000.0,10.0,0.021619
4000.0,11.0,0.392177
4000.0,12.0,0.738176
4000.0,13.0,1.0
4000.0,14.0,1.0
4000.0,15.0,1.0
4000.0,16.0,0.727889
4000.0,17.0,0.333504
4000.0,18.0,0.144267
4000.0,19.0,1.0
4000.0,20.0,0.949402
4000.0,21.0,0.683852
4000.0,22.0,0.809075
4000.0,23.0,0.795981
4000.0,24.0,0.453511
4000.0,25.0,0.0
4000.0,26.0,1.0
4000.0,27.0,1.0
4000.0,28.0,0.751922
4000.0,29.0,0.013708
4000.0,30.0,0.999845
4000.0,31.0,0.428649
4000.0,32.0,0.999719
4000.0,33.0,0.56298
4000.0,34.0,0.821533
4000.0,35.0,0.847799
4000.0,36.0,1.0
4001.0,0.0,0.991395
4001.0,1.0,0.666421
4001.0,2.0,0.980689
4001.0,3.0,0.017282
4001.0,4.0,1.0
4001.0,5.0,1.0
4001.0,6.0,0.722273
4001.0,7.0,0.834869
4001.0,8.0,0.502861
4001.0,9.0,0.722327
4001.0,10.0,0.022972
4001.0,11.0,0.393489
4001.0,12.0,0.739327
4001.0,13.0,1.0
4001.0,14.0,1.0
4001.0,15.0,1.0
4001.0,16.0,0.735517
4001.0,17.0,0.336603
4001.0,18.0,0.145689
4001.0,19.0,1.0
4001.0,20.0,0.949317
4001.0,21.0,0.699759
4001.0,22.0,0.813362
4001.0,23.0,0.802156
4001.0,24.0,0.456394
4001.0,25.0,0.0
4001.0,26.0,1.0
4001.0,27.0,1.0
4001.0,28.0,0.752874
4001.0,29.0,0.014186
4001.0,30.0,0.99986
4001.0,31.0,0.431135
4001.0,32.0,0.999718
4001.0,33.0,0.568609
4001.0,34.0,0.821909
4001.0,35.0,0.849922
4001.0,36.0,1.0
4002.0,0.0,0.99185
4002.0,1.0,0.671463
4002.0,2.0,0.980734
4002.0,3.0,0.01748
4002.0,4.0,1.0
4002.0,5.0,1.0
4002.0,6.0,0.727377
4002.0,7.0,0.839535
4002.0,8.0,0.508805
4002.0,9.0,0.722919
4002.0,10.0,0.024428
4002.0,11.0,0.393968
4002.0,12.0,0.740105
4002.0,13.0,1.0
4002.0,14.0,1.0
4002.0,15.0,1.0
4002.0,16.0,0.743437
4002.0,17.0,0.340172
4002.0,18.0,0.147196
4002.0,19.0,1.0
4002.0,20.0,0.949093
4002.0,21.0,0.714297
4002.0,22.0,0.817509
4002.0,23.0,0.807408
4002.0,24.0,0.459378
4002.0,25.0,0.0
4002.0,26.0,1.0
4002.0,27.0,1.0
4002.0,28.0,0.754288
4002.0,29.0,0.014576
4002.0,30.0,0.999858
4002.0,31.0,0.433593
4002.0,32.0,0.999718
4002.0,33.0,0.574875
4002.0,34.0,0.822373
4002.0,35.0,0.852066
4002.0,36.0,1.0
4003.0,0.0,0.992282
4003.0,1.0,0.676368
4003.0,2.0,0.980819
4003.0,3.0,0.017747
4003.0,4.0,1.0
4003.0,5.0,1.0
4003.0,6.0,0.732474
4003.0,7.0,0.844708
4003.0,8.0,0.51472
4003.0,9.0,0.723952
4003.0,10.0,0.025851
4003.0,11.0,0.395136
4003.0,12.0,0.741434
4003.0,13.0,1.0
4003.0,14.0,1.0
4003.0,15.0,1.0
4003.0,16.0,0.750893
4003.0,17.0,0.343697
4003.0,18.0,0.148268
4003.0,19.0,1.0
4003.0,20.0,0.949401
4003.0,21.0,0.728083
4003.0,22.0,0.821855
4003.0,23.0,0.812261
4003.0,24.0,0.463086
4003.0,25.0,0.0
4003.0,26.0,1.0
4003.0,27.0,1.0
4003.0,28.0,0.755118
4003.0,29.0,0.015088
4003.0,30.0,0.999866
4003.0,31.0,0.435931
4003.0,32.0,0.999706
4003.0,33.0,0.581171
4003.0,34.0,0.823233
4003.0,35.0,0.854565
4003.0,36.0,1.0
4004.0,0.0,0.99276
4004.0,1.0,0.680854
4004.0,2.0,0.981055
4004.0,3.0,0.018254
4004.0,4.0,1.0
4004.0,5.0,1.0
4004.0,6.0,0.738278
4004.0,7.0,0.848915
4004.0,8.0,0.520963
4004.0,9.0,0.724409
4004.0,10.0,0.027457
4004.0,11.0,0.396347
4004.0,12.0,0.742012
4004.0,13.0,1.0
4004.0,14.0,1.0
4004.0,15.0,1.0
4004.0,16.0,0.759067
4004.0,17.0,0.347332
4004.0,18.0,0.149021
4004.0,19.0,1.0
4004.0,20.0,0.94953
4004.0,21.0,0.741215
4004.0,22.0,0.826214
4004.0,23.0,0.817147
4004.0,24.0,0.465183
4004.0,25.0,0.0
4004.0,26.0,1.0
4004.0,27.0,1.0
4004.0,28.0,0.75594
4004.0,29.0,0.015764
4004.0,30.0,0.999875
4004.0,31.0,0.438366
4004.0,32.0,0.99969
4004.0,33.0,0.586532
4004.0,34.0,0.823938
4004.0,35.0,0.85625
4004.0,36.0,1.0
4005.0,0.0,0.993048
4005.0,1.0,0.685268
4005.0,2.0,0.981107
4005.0,3.0,0.018482
4005.0,4.0,1.0
4005.0,5.0,1.0
4005.0,6.0,0.743846
4005.0,7.0,0.853275
4005.0,8.0,0.525945
4005.0,9.0,0.724866
4005.0,10.0,0.029041
4005.0,11.0,0.397101
4005.0,12.0,0.742393
4005.0,13.0,1.0
4005.0,14.0,1.0
4005.0,15.0,1.0
4005.0,16.0,0.766348
4005.0,17.0,0.351323
4005.0,18.0,0.149985
4005.0,19.0,1.0
4005.0,20.0,0.949429
4005.0,21.0,0.753332
4005.0,22.0,0.82997
4005.0,23.0,0.822595
4005.0,24.0,0.467453
4005.0,25.0,0.0
4005.0,26.0,1.0
4005.0,27.0,1.0
4005.0,28.0,0.757693
4005.0,29.0,0.016204
4005.0,30.0,0.999891
4005.0,31.0,0.439951
4005.0,32.0,0.999692
4005.0,33.0,0.592039
4005.0,34.0,0.824679
4005.0,35.0,0.857957
4005.0,36.0,1.0
4006.0,0.0,0.993354
4006.0,1.0,0.690357
4006.0,2.0,0.981002
4006.0,3.0,0.01901
4006.0,4.0,1.0
4006.0,5.0,1.0
4006.0,6.0,0.748602
4006.0,7.0,0.857024
4006.0,8.0,0.530922
4006.0,9.0,0.725546
4006.0,10.0,0.030716
4006.0,11.0,0.398273
4006.0,12.0,0.743371
4006.0,13.0,1.0
4006.0,14.0,1.0
4006.0,15.0,1.0
4006.0,16.0,0.773471
4006.0,17.0,0.354821
4006.0,18.0,0.151806
4006.0,19.0,1.0
4006.0,20.0,0.94955
4006.0,21.0,0.765497
4006.0,22.0,0.834723
4006.0,23.0,0.82785
4006.0,24.0,0.47
4006.0,25.0,0.0
4006.0,26.0,1.0
4006.0,27.0,1.0
4006.0,28.0,0.758983
4006.0,29.0,0.016914
4006.0,30.0,0.99991
4006.0,31.0,0.442173
4006.0,32.0,0.999692
4006.0,33.0,0.596782
4006.0,34.0,0.825895
4006.0,35.0,0.860512
4006.0,36.0,1.0
4007.0,0.0,0.993679
4007.0,1.0,0.694864
4007.0,2.0,0.981084
4007.0,3.0,0.019314
4007.0,4.0,1.0
4007.0,5.0,1.0
4007.0,6.0,0.753248
4007.0,7.0,0.860481
4007.0,8.0,0.535721
4007.0,9.0,0.72623
4007.0,10.0,0.033082
4007.0,11.0,0.40037
4007.0,12.0,0.744413
4007.0,13.0,1.0
4007.0,14.0,1.0
4007.0,15.0,1.0
4007.0,16.0,0.780414
4007.0,17.0,0.359139
4007.0,18.0,0.153181
4007.0,19.0,1.0
4007.0,20.0,0.949518
4007.0,21.0,0.77634
4007.0,22.0,0.838746
4007.0,23.0,0.832519
4007.0,24.0,0.47203
4007.0,25.0,0.0
4007.0,26.0,1.0
4007.0,27.0,1.0
4007.0,28.0,0.760299
4007.0,29.0,0.017576
4007.0,30.0,0.99991
4007.0,31.0,0.444761
4007.0,32.0,0.999722
4007.0,33.0,0.601674
4007.0,34.0,0.826807
4007.0,35.0,0.862345
4007.0,36.0,1.0
4008.0,0.0,0.994071
4008.0,1.0,0.699455
4008.0,2.0,0.981165
4008.0,3.0,0.019862
4008.0,4.0,1.0
4008.0,5.0,1.0
4008.0,6.0,0.758238
4008.0,7.0,0.86405
4008.0,8.0,0.541708
4008.0,9.0,0.727229
4008.0,10.0,0.035231
4008.0,11.0,0.401125
4008.0,12.0,0.745338
4008.0,13.0,1.0
4008.0,14.0,1.0
4008.0,15.0,1.0
4008.0,16.0,0.786701
4008.0,17.0,0.362672
4008.0,18.0,0.154077
4008.0,19.0,1.0
4008.0,20.0,0.949638
4008.0,21.0,0.787663
4008.0,22.0,0.842596
4008.0,23.0,0.83712
4008.0,24.0,0.474575
4008.0,25.0,0.0
4008.0,26.0,1.0
4008.0,27.0,1.0
4008.0,28.0,0.761644
4008.0,29.0,0.018003
4008.0,30.0,0.999913
4008.0,31.0,0.447272
4008.0,32.0,0.999725
4008.0,33.0,0.607088
4008.0,34.0,0.827736
4008.0,35.0,0.863877
4008.0,36.0,1.0
4009.0,0.0,0.992697
4009.0,1.0,0.680906
4009.0,2.0,0.980756
4009.0,3.0,0.017917
4009.0,4.0,1.0
4009.0,5.0,1.0
4009.0,6.0,0.738661
4009.0,7.0,0.84771
4009.0,8.0,0.518908
4009.0,9.0,0.724879
4009.0,10.0,0.027288
4009.0,11.0,0.398096
4009.0,12.0,0.741352
4009.0,13.0,1.0
4009.0,14.0,1.0
4009.0,15.0,1.0
4009.0,16.0,0.75726
4009.0,17.0,0.346721
4009.0,18.0,0.149892
4009.0,19.0,1.0
4009.0,20.0,0.949341
4009.0,21.0,0.737225
4009.0,22.0,0.82607
4009.0,23.0,0.817354
4009.0,24.0,0.46407
4009.0,25.0,0.0
4009.0,26.0,1.0
4009.0,27.0,1.0
4009.0,28.0,0.756179
4009.0,29.0,0.016023
4009.0,30.0,0.999892
4009.0,31.0,0.438572
4009.0,32.0,0.999713
4009.0,33.0,0.583863
4009.0,34.0,0.824435
4009.0,35.0,0.854841
4009.0,36.0,1.0
4010.0,0.0,0.991137
4010.0,1.0,0.663136
4010.0,2.0,0.980649
4010.0,3.0,0.016342
4010.0,4.0,1.0
4010.0,5.0,1.0
4010.0,6.0,0.719483
4010.0,7.0,0.830431
4010.0,8.0,0.497438
4010.0,9.0,0.722752
4010.0,10.0,0.021474
4010.0,11.0,0.395474
4010.0,12.0,0.737686
4010.0,13.0,1.0
4010.0,14.0,1.0
4010.0,15.0,1.0
4010.0,16.0,0.728073
4010.0,17.0,0.33343
4010.0,18.0,0.145891
4010.0,19.0,1.0
4010.0,20.0,0.949264
4010.0,21.0,0.686415
4010.0,22.0,0.809908
4010.0,23.0,0.797581
4010.0,24.0,0.453608
4010.0,25.0,0.0
4010.0,26.0,1.0
4010.0,27.0,1.0
4010.0,28.0,0.750278
4010.0,29.0,0.014392
4010.0,30.0,0.999878
4010.0,31.0,0.431763
4010.0,32.0,0.999679
4010.0,33.0,0.56173
4010.0,34.0,0.820773
4010.0,35.0,0.846038
4010.0,36.0,1.0
5000.0,0.0,0.995251
5000.0,1.0,0.666712
5000.0,2.0,0.991964
5000.0,3.0,0.006574
5000.0,4.0,1.0
5000.0,5.0,1.0
5000.0,6.0,0.726924
5000.0,7.0,0.830946
5000.0,8.0,0.502636
5000.0,9.0,0.707884
5000.0,10.0,0.025459
5000.0,11.0,0.378515
5000.0,12.0,0.72816
5000.0,13.0,1.0
5000.0,14.0,1.0
5000.0,15.0,1.0
5000.0,16.0,0.727801
5000.0,17.0,0.330127
5000.0,18.0,0.137398
5000.0,19.0,1.0
5000.0,20.0,0.964621
5000.0,21.0,0.683563
5000.0,22.0,0.813356
5000.0,23.0,0.793018
5000.0,24.0,0.459714
5000.0,25.0,0.0
5000.0,26.0,1.0
5000.0,27.0,1.0
5000.0,28.0,0.748869
5000.0,29.0,0.006542
5000.0,30.0,1.0
5000.0,31.0,0.432189
5000.0,32.0,1.0
5000.0,33.0,0.564782
5000.0,34.0,0.816864
5000.0,35.0,0.851143
5000.0,36.0,1.0
5001.0,0.0,0.995472
5001.0,1.0,0.672065
5001.0,2.0,0.991941
5001.0,3.0,0.006773
5001.0,4.0,1.0
5001.0,5.0,1.0
5001.0,6.0,0.732526
5001.0,7.0,0.835773
5001.0,8.0,0.508037
5001.0,9.0,0.708858
5001.0,10.0,0.027136
5001.0,11.0,0.379447
5001.0,12.0,0.728902
5001.0,13.0,1.0
5001.0,14.0,1.0
5001.0,15.0,1.0
5001.0,16.0,0.736022
5001.0,17.0,0.333181
5001.0,18.0,0.137931
5001.0,19.0,1.0
5001.0,20.0,0.964841
5001.0,21.0,0.698472
5001.0,22.0,0.817195
5001.0,23.0,0.798731
5001.0,24.0,0.462651
5001.0,25.0,0.0
5001.0,26.0,1.0
5001.0,27.0,1.0
5001.0,28.0,0.749988
5001.0,29.0,0.006778
5001.0,30.0,1.0
5001.0,31.0,0.434672
5001.0,32.0,1.0
5001.0,33.0,0.570678
5001.0,34.0,0.816751
5001.0,35.0,0.85306
5001.0,36.0,1.0
5002.0,0.0,0.995645
5002.0,1.0,0.675919
5002.0,2.0,0.991789
5002.0,3.0,0.006916
5002.0,4.0,1.0
5002.0,5.0,1.0
5002.0,6.0,0.73688
5002.0,7.0,0.840061
5002.0,8.0,0.51405
5002.0,9.0,0.709967
5002.0,10.0,0.028739
5002.0,11.0,0.380068
5002.0,12.0,0.729489
5002.0,13.0,1.0
5002.0,14.0,1.0
5002.0,15.0,1.0
5002.0,16.0,0.743758
5002.0,17.0,0.33682
5002.0,18.0,0.139655
5002.0,19.0,1.0
5002.0,20.0,0.965039
5002.0,21.0,0.712286
5002.0,22.0,0.821794
5002.0,23.0,0.804407
5002.0,24.0,0.464725
5002.0,25.0,0.0
5002.0,26.0,1.0
5002.0,27.0,1.0
5002.0,28.0,0.751513
5002.0,29.0,0.006997
5002.0,30.0,1.0
5002.0,31.0,0.436397
5002.0,32.0,1.0
5002.0,33.0,0.576658
5002.0,34.0,0.817956
5002.0,35.0,0.855345
5002.0,36.0,1.0
5003.0,0.0,0.995894
5003.0,1.0,0.680873
5003.0,2.0,0.99175
5003.0,3.0,0.007149
5003.0,4.0,1.0
5003.0,5.0,1.0
5003.0,6.0,0.742794
5003.0,7.0,0.843947
5003.0,8.0,0.519104
5003.0,9.0,0.709951
5003.0,10.0,0.030474
5003.0,11.0,0.38037
5003.0,12.0,0.730414
5003.0,13.0,1.0
5003.0,14.0,1.0
5003.0,15.0,1.0
5003.0,16.0,0.751548
5003.0,17.0,0.340531
5003.0,18.0,0.141065
5003.0,19.0,1.0
5003.0,20.0,0.965018
5003.0,21.0,0.726642
5003.0,22.0,0.826727
5003.0,23.0,0.809683
5003.0,24.0,0.467177
5003.0,25.0,0.0
5003.0,26.0,1.0
5003.0,27.0,1.0
5003.0,28.0,0.752138
5003.0,29.0,0.00715
5003.0,30.0,1.0
5003.0,31.0,0.439384
5003.0,32.0,1.0
5003.0,33.0,0.582642
5003.0,34.0,0.819294
5003.0,35.0,0.857708
5003.0,36.0,1.0
5004.0,0.0,0.996061
5004.0,1.0,0.685618
5004.0,2.0,0.9918
5004.0,3.0,0.007338
5004.0,4.0,1.0
5004.0,5.0,1.0
5004.0,6.0,0.746782
5004.0,7.0,0.848222
5004.0,8.0,0.524594
5004.0,9.0,0.710525
5004.0,10.0,0.032241
5004.0,11.0,0.380993
5004.0,12.0,0.731874
5004.0,13.0,1.0
5004.0,14.0,1.0
5004.0,15.0,1.0
5004.0,16.0,0.758943
5004.0,17.0,0.344301
5004.0,18.0,0.142456
5004.0,19.0,1.0
5004.0,20.0,0.964898
5004.0,21.0,0.739709
5004.0,22.0,0.831419
5004.0,23.0,0.814289
5004.0,24.0,0.470537
5004.0,25.0,0.0
5004.0,26.0,1.0
5004.0,27.0,1.0
5004.0,28.0,0.753692
5004.0,29.0,0.007393
5004.0,30.0,1.0
5004.0,31.0,0.441895
5004.0,32.0,1.0
5004.0,33.0,0.588512
5004.0,34.0,0.820205
5004.0,35.0,0.859669
5004.0,36.0,1.0
5005.0,0.0,0.996248
5005.0,1.0,0.690193
5005.0,2.0,0.991927
5005.0,3.0,0.007454
5005.0,4.0,1.0
5005.0,5.0,1.0
5005.0,6.0,0.750781
5005.0,7.0,0.852317
5005.0,8.0,0.529148
5005.0,9.0,0.711143
5005.0,10.0,0.03429
5005.0,11.0,0.381162
5005.0,12.0,0.732296
5005.0,13.0,1.0
5005.0,14.0,1.0
5005.0,15.0,1.0
5005.0,16.0,0.765943
5005.0,17.0,0.349053
5005.0,18.0,0.143102
5005.0,19.0,1.0
5005.0,20.0,0.965013
5005.0,21.0,0.751676
5005.0,22.0,0.835815
5005.0,23.0,0.819377
5005.0,24.0,0.472221
5005.0,25.0,0.0
5005.0,26.0,1.0
5005.0,27.0,1.0
5005.0,28.0,0.755046
5005.0,29.0,0.007772
5005.0,30.0,1.0
5005.0,31.0,0.444202
5005.0,32.0,1.0
5005.0,33.0,0.593356
5005.0,34.0,0.820763
5005.0,35.0,0.862222
5005.0,36.0,1.0
5006.0,0.0,0.996441
5006.0,1.0,0.694486
5006.0,2.0,0.99203
5006.0,3.0,0.007759
5006.0,4.0,1.0
5006.0,5.0,1.0
5006.0,6.0,0.755302
5006.0,7.0,0.856041
5006.0,8.0,0.535274
5006.0,9.0,0.711526
5006.0,10.0,0.03677
5006.0,11.0,0.382069
5006.0,12.0,0.734084
5006.0,13.0,1.0
5006.0,14.0,1.0
5006.0,15.0,1.0
5006.0,16.0,0.773095
5006.0,17.0,0.353337
5006.0,18.0,0.144529
5006.0,19.0,1.0
5006.0,20.0,0.96484
5006.0,21.0,0.764068
5006.0,22.0,0.840094
5006.0,23.0,0.824318
5006.0,24.0,0.475129
5006.0,25.0,0.0
5006.0,26.0,1.0
5006.0,27.0,1.0
5006.0,28.0,0.756672
5006.0,29.0,0.008018
5006.0,30.0,1.0
5006.0,31.0,0.445868
5006.0,32.0,1.0
5006.0,33.0,0.598991
5006.0,34.0,0.821905
5006.0,35.0,0.864066
5006.0,36.0,1.0
5007.0,0.0,0.996665
5007.0,1.0,0.699901
5007.0,2.0,0.991948
5007.0,3.0,0.007925
5007.0,4.0,1.0
5007.0,5.0,1.0
5007.0,6.0,0.760139
5007.0,7.0,0.860178
5007.0,8.0,0.54068
5007.0,9.0,0.711922
5007.0,10.0,0.038735
5007.0,11.0,0.383266
5007.0,12.0,0.735446
5007.0,13.0,1.0
5007.0,14.0,1.0
5007.0,15.0,1.0
5007.0,16.0,0.778842
5007.0,17.0,0.35739
5007.0,18.0,0.145735
5007.0,19.0,1.0
5007.0,20.0,0.964568
5007.0,21.0,0.774863
5007.0,22.0,0.844593
5007.0,23.0,0.829078
5007.0,24.0,0.476916
5007.0,25.0,0.0
5007.0,26.0,1.0
5007.0,27.0,1.0
5007.0,28.0,0.758179
5007.0,29.0,0.008279
5007.0,30.0,1.0
5007.0,31.0,0.448817
5007.0,32.0,1.0
5007.0,33.0,0.604373
5007.0,34.0,0.822469
5007.0,35.0,0.866312
5007.0,36.0,1.0
5008.0,0.0,0.99686
5008.0,1.0,0.704905
5008.0,2.0,0.991872
5008.0,3.0,0.008016
5008.0,4.0,1.0
5008.0,5.0,1.0
5008.0,6.0,0.764852
5008.0,7.0,0.863745
5008.0,8.0,0.546181
5008.0,9.0,0.712676
5008.0,10.0,0.041097
5008.0,11.0,0.383306
5008.0,12.0,0.73631
5008.0,13.0,1.0
5008.0,14.0,1.0
5008.0,15.0,1.0
5008.0,16.0,0.785064
5008.0,17.0,0.360863
5008.0,18.0,0.147263
5008.0,19.0,1.0
5008.0,20.0,0.964711
5008.0,21.0,0.785462
5008.0,22.0,0.848315
5008.0,23.0,0.833213
5008.0,24.0,0.47923
5008.0,25.0,0.0
5008.0,26.0,1.0
5008.0,27.0,1.0
5008.0,28.0,0.759837
5008.0,29.0,0.008432
5008.0,30.0,1.0
5008.0,31.0,0.450543
5008.0,32.0,1.0
5008.0,33.0,0.608738
5008.0,34.0,0.823052
5008.0,35.0,0.86838
5008.0,36.0,1.0
5009.0,0.0,0.996099
5009.0,1.0,0.685816
5009.0,2.0,0.991742
5009.0,3.0,0.007092
5009.0,4.0,1.0
5009.0,5.0,1.0
5009.0,6.0,0.744983
5009.0,7.0,0.846767
5009.0,8.0,0.523823
5009.0,9.0,0.709247
5009.0,10.0,0.031879
5009.0,11.0,0.380206
5009.0,12.0,0.732423
5009.0,13.0,1.0
5009.0,14.0,1.0
5009.0,15.0,1.0
5009.0,16.0,0.756292
5009.0,17.0,0.344914
5009.0,18.0,0.143573
5009.0,19.0,1.0
5009.0,20.0,0.96468
5009.0,21.0,0.73385
5009.0,22.0,0.831442
5009.0,23.0,0.813182
5009.0,24.0,0.469007
5009.0,25.0,0.0
5009.0,26.0,1.0
5009.0,27.0,1.0
5009.0,28.0,0.754526
5009.0,29.0,0.007332
5009.0,30.0,1.0
5009.0,31.0,0.441577
5009.0,32.0,1.0
5009.0,33.0,0.58662
5009.0,34.0,0.819665
5009.0,35.0,0.858839
5009.0,36.0,1.0
5010.0,0.0,0.995263
5010.0,1.0,0.667715
5010.0,2.0,0.991553
5010.0,3.0,0.006412
5010.0,4.0,1.0
5010.0,5.0,1.0
5010.0,6.0,0.72516
5010.0,7.0,0.82945
5010.0,8.0,0.502368
5010.0,9.0,0.707976
5010.0,10.0,0.025327
5010.0,11.0,0.379116
5010.0,12.0,0.728673
5010.0,13.0,1.0
5010.0,14.0,1.0
5010.0,15.0,1.0
5010.0,16.0,0.726883
5010.0,17.0,0.330954
5010.0,18.0,0.139973
5010.0,19.0,1.0
5010.0,20.0,0.964579
5010.0,21.0,0.681809
5010.0,22.0,0.814707
5010.0,23.0,0.793848
5010.0,24.0,0.459504
5010.0,25.0,0.0
5010.0,26.0,1.0
5010.0,27.0,1.0
5010.0,28.0,0.748385
5010.0,29.0,0.006499
5010.0,30.0,1.0
5010.0,31.0,0.433687
5010.0,32.0,1.0
5010.0,33.0,0.565199
5010.0,34.0,0.81688
5010.0,35.0,0.849955
5010.0,36.0,1.0
6000.0,0.0,0.998159
6000.0,1.0,0.673224
6000.0,2.0,0.993605
6000.0,3.0,0.003503
6000.0,4.0,1.0
6000.0,5.0,1.0
6000.0,6.0,0.724905
6000.0,7.0,0.83431
6000.0,8.0,0.495647
6000.0,9.0,0.71089
6000.0,10.0,0.029761
6000.0,11.0,0.370862
6000.0,12.0,0.729208
6000.0,13.0,1.0
6000.0,14.0,1.0
6000.0,15.0,1.0
6000.0,16.0,0.729214
6000.0,17.0,0.326391
6000.0,18.0,0.142174
6000.0,19.0,1.0
6000.0,20.0,0.974117
6000.0,21.0,0.682157
6000.0,22.0,0.818016
6000.0,23.0,0.798373
6000.0,24.0,0.456535
6000.0,25.0,0.0
6000.0,26.0,1.0
6000.0,27.0,1.0
6000.0,28.0,0.751581
6000.0,29.0,0.0022
6000.0,30.0,1.0
6000.0,31.0,0.430591
6000.0,32.0,1.0
6000.0,33.0,0.559822
6000.0,34.0,0.824435
6000.0,35.0,0.848684
6000.0,36.0,1.0
6001.0,0.0,0.99819
6001.0,1.0,0.677909
6001.0,2.0,0.993724
6001.0,3.0,0.003646
6001.0,4.0,1.0
6001.0,5.0,1.0
6001.0,6.0,0.729588
6001.0,7.0,0.838546
6001.0,8.0,0.501176
6001.0,9.0,0.712082
6001.0,10.0,0.0316
6001.0,11.0,0.371066
6001.0,12.0,0.729315
6001.0,13.0,1.0
6001.0,14.0,1.0
6001.0,15.0,1.0
6001.0,16.0,0.737625
6001.0,17.0,0.328528
6001.0,18.0,0.143137
6001.0,19.0,1.0
6001.0,20.0,0.974286
6001.0,21.0,0.697714
6001.0,22.0,0.822355
6001.0,23.0,0.803716
6001.0,24.0,0.459155
6001.0,25.0,0.0
6001.0,26.0,1.0
6001.0,27.0,1.0
6001.0,28.0,0.753014
6001.0,29.0,0.002169
6001.0,30.0,1.0
6001.0,31.0,0.432483
6001.0,32.0,1.0
6001.0,33.0,0.564868
6001.0,34.0,0.82524
6001.0,35.0,0.851166
6001.0,36.0,1.0
6002.0,0.0,0.998272
6002.0,1.0,0.682948
6002.0,2.0,0.993672
6002.0,3.0,0.003777
6002.0,4.0,1.0
6002.0,5.0,1.0
6002.0,6.0,0.734228
6002.0,7.0,0.843425
6002.0,8.0,0.506671
6002.0,9.0,0.712517
6002.0,10.0,0.033637
6002.0,11.0,0.371902
6002.0,12.0,0.730456
6002.0,13.0,1.0
6002.0,14.0,1.0
6002.0,15.0,1.0
6002.0,16.0,0.745972
6002.0,17.0,0.331913
6002.0,18.0,0.144338
6002.0,19.0,1.0
6002.0,20.0,0.974192
6002.0,21.0,0.711725
6002.0,22.0,0.826387
6002.0,23.0,0.809678
6002.0,24.0,0.461627
6002.0,25.0,0.0
6002.0,26.0,1.0
6002.0,27.0,1.0
6002.0,28.0,0.754167
6002.0,29.0,0.002286
6002.0,30.0,1.0
6002.0,31.0,0.434171
6002.0,32.0,1.0
6002.0,33.0,0.570679
6002.0,34.0,0.82624
6002.0,35.0,0.853119
6002.0,36.0,1.0
6003.0,0.0,0.998436
6003.0,1.0,0.687853
6003.0,2.0,0.993645
6003.0,3.0,0.003923
6003.0,4.0,1.0
6003.0,5.0,1.0
6003.0,6.0,0.739793
6003.0,7.0,0.847438
6003.0,8.0,0.511947
6003.0,9.0,0.712655
6003.0,10.0,0.0356
6003.0,11.0,0.371894
6003.0,12.0,0.731072
6003.0,13.0,1.0
6003.0,14.0,1.0
6003.0,15.0,1.0
6003.0,16.0,0.753232
6003.0,17.0,0.335719
6003.0,18.0,0.145524
6003.0,19.0,1.0
6003.0,20.0,0.974103
6003.0,21.0,0.724678
6003.0,22.0,0.831128
6003.0,23.0,0.815067
6003.0,24.0,0.464445
6003.0,25.0,0.0
6003.0,26.0,1.0
6003.0,27.0,1.0
6003.0,28.0,0.755832
6003.0,29.0,0.002325
6003.0,30.0,1.0
6003.0,31.0,0.436503
6003.0,32.0,1.0
6003.0,33.0,0.576634
6003.0,34.0,0.827049
6003.0,35.0,0.855613
6003.0,36.0,1.0
6004.0,0.0,0.998443
6004.0,1.0,0.693151
6004.0,2.0,0.993487
6004.0,3.0,0.004007
6004.0,4.0,1.0
6004.0,5.0,1.0
6004.0,6.0,0.745054
6004.0,7.0,0.852138
6004.0,8.0,0.517152
6004.0,9.0,0.713456
6004.0,10.0,0.037702
6004.0,11.0,0.37415
6004.0,12.0,0.73219
6004.0,13.0,1.0
6004.0,14.0,1.0
6004.0,15.0,1.0
6004.0,16.0,0.760844
6004.0,17.0,0.339809
6004.0,18.0,0.146312
6004.0,19.0,1.0
6004.0,20.0,0.974386
6004.0,21.0,0.737356
6004.0,22.0,0.835329
6004.0,23.0,0.820609
6004.0,24.0,0.466926
6004.0,25.0,0.0
6004.0,26.0,1.0
6004.0,27.0,1.0
6004.0,28.0,0.757076
6004.0,29.0,0.002471
6004.0,30.0,1.0
6004.0,31.0,0.438057
6004.0,32.0,1.0
6004.0,33.0,0.582245
6004.0,34.0,0.827932
6004.0,35.0,0.858153
6004.0,36.0,1.0
6005.0,0.0,0.998524
6005.0,1.0,0.697382
6005.0,2.0,0.993386
6005.0,3.0,0.004134
6005.0,4.0,1.0
6005.0,5.0,1.0
6005.0,6.0,0.749758
6005.0,7.0,0.856426
6005.0,8.0,0.522721
6005.0,9.0,0.714162
6005.0,10.0,0.040046
6005.0,11.0,0.374563
6005.0,12.0,0.732763
6005.0,13.0,1.0
6005.0,14.0,1.0
6005.0,15.0,1.0
6005.0,16.0,0.767971
6005.0,17.0,0.34371
6005.0,18.0,0.147381
6005.0,19.0,1.0
6005.0,20.0,0.974382
6005.0,21.0,0.749902
6005.0,22.0,0.839915
6005.0,23.0,0.824789
6005.0,24.0,0.469335
6005.0,25.0,0.0
6005.0,26.0,1.0
6005.0,27.0,1.0
6005.0,28.0,0.758376
6005.0,29.0,0.002556
6005.0,30.0,1.0
6005.0,31.0,0.44028
6005.0,32.0,1.0
6005.0,33.0,0.587746
6005.0,34.0,0.828526
6005.0,35.0,0.859959
6005.0,36.0,1.0
6006.0,0.0,0.998638
6006.0,1.0,0.702081
6006.0,2.0,0.993469
6006.0,3.0,0.004249
6006.0,4.0,1.0
6006.0,5.0,1.0
6006.0,6.0,0.754254
6006.0,7.0,0.860531
6006.0,8.0,0.528412
6006.0,9.0,0.714746
6006.0,10.0,0.042551
6006.0,11.0,0.375241
6006.0,12.0,0.733864
6006.0,13.0,1.0
6006.0,14.0,1.0
6006.0,15.0,1.0
6006.0,16.0,0.774541
6006.0,17.0,0.347881
6006.0,18.0,0.148739
6006.0,19.0,1.0
6006.0,20.0,0.974573
6006.0,21.0,0.761775
6006.0,22.0,0.843741
6006.0,23.0,0.828967
6006.0,24.0,0.471734
6006.0,25.0,0.0
6006.0,26.0,1.0
6006.0,27.0,1.0
6006.0,28.0,0.760265
6006.0,29.0,0.002569
6006.0,30.0,1.0
6006.0,31.0,0.441636
6006.0,32.0,1.0
6006.0,33.0,0.592767
6006.0,34.0,0.829212
6006.0,35.0,0.861665
6006.0,36.0,1.0
6007.0,0.0,0.998687
6007.0,1.0,0.706614
6007.0,2.0,0.993455
6007.0,3.0,0.004296
6007.0,4.0,1.0
6007.0,5.0,1.0
6007.0,6.0,0.759237
6007.0,7.0,0.864475
6007.0,8.0,0.533803
6007.0,9.0,0.715205
6007.0,10.0,0.045176
6007.0,11.0,0.376393
6007.0,12.0,0.734299
6007.0,13.0,1.0
6007.0,14.0,1.0
6007.0,15.0,1.0
6007.0,16.0,0.781477
6007.0,17.0,0.351132
6007.0,18.0,0.149983
6007.0,19.0,1.0
6007.0,20.0,0.974319
6007.0,21.0,0.77343
6007.0,22.0,0.847032
6007.0,23.0,0.833769
6007.0,24.0,0.4746
6007.0,25.0,0.0
6007.0,26.0,1.0
6007.0,27.0,1.0
6007.0,28.0,0.761829
6007.0,29.0,0.002613
6007.0,30.0,1.0
6007.0,31.0,0.444144
6007.0,32.0,1.0
6007.0,33.0,0.598653
6007.0,34.0,0.830492
6007.0,35.0,0.863982
6007.0,36.0,1.0
6008.0,0.0,0.998797
6008.0,1.0,0.710738
6008.0,2.0,0.993512
6008.0,3.0,0.004396
6008.0,4.0,1.0
6008.0,5.0,1.0
6008.0,6.0,0.763996
6008.0,7.0,0.868283
6008.0,8.0,0.539386
6008.0,9.0,0.715263
6008.0,10.0,0.047823
6008.0,11.0,0.376633
6008.0,12.0,0.735209
6008.0,13.0,1.0
6008.0,14.0,1.0
6008.0,15.0,1.0
6008.0,16.0,0.788451
6008.0,17.0,0.354908
6008.0,18.0,0.151034
6008.0,19.0,1.0
6008.0,20.0,0.97422
6008.0,21.0,0.784367
6008.0,22.0,0.851444
6008.0,23.0,0.838636
6008.0,24.0,0.477075
6008.0,25.0,0.0
6008.0,26.0,1.0
6008.0,27.0,1.0
6008.0,28.0,0.76294
6008.0,29.0,0.00268
6008.0,30.0,1.0
6008.0,31.0,0.446486
6008.0,32.0,1.0
6008.0,33.0,0.6045
6008.0,34.0,0.83172
6008.0,35.0,0.865958
6008.0,36.0,1.0
6009.0,0.0,0.998523
6009.0,1.0,0.692103
6009.0,2.0,0.993448
6009.0,3.0,0.003996
6009.0,4.0,1.0
6009.0,5.0,1.0
6009.0,6.0,0.743752
6009.0,7.0,0.851181
6009.0,8.0,0.516915
6009.0,9.0,0.712991
6009.0,10.0,0.037401
6009.0,11.0,0.373793
6009.0,12.0,0.731623
6009.0,13.0,1.0
6009.0,14.0,1.0
6009.0,15.0,1.0
6009.0,16.0,0.758822
6009.0,17.0,0.339445
6009.0,18.0,0.14633
6009.0,19.0,1.0
6009.0,20.0,0.974063
6009.0,21.0,0.73335
6009.0,22.0,0.83592
6009.0,23.0,0.818947
6009.0,24.0,0.466748
6009.0,25.0,0.0
6009.0,26.0,1.0
6009.0,27.0,1.0
6009.0,28.0,0.757277
6009.0,29.0,0.002376
6009.0,30.0,1.0
6009.0,31.0,0.437594
6009.0,32.0,1.0
6009.0,33.0,0.58143
6009.0,34.0,0.827827
6009.0,35.0,0.856943
6009.0,36.0,1.0
6010.0,0.0,0.998167
6010.0,1.0,0.674861
6010.0,2.0,0.993365
6010.0,3.0,0.003648
6010.0,4.0,1.0
6010.0,5.0,1.0
6010.0,6.0,0.724377
6010.0,7.0,0.833574
6010.0,8.0,0.496026
6010.0,9.0,0.711101
6010.0,10.0,0.029631
6010.0,11.0,0.370804
6010.0,12.0,0.727659
6010.0,13.0,1.0
6010.0,14.0,1.0
6010.0,15.0,1.0
6010.0,16.0,0.729221
6010.0,17.0,0.326283
6010.0,18.0,0.14293
6010.0,19.0,1.0
6010.0,20.0,0.974044
6010.0,21.0,0.681316
6010.0,22.0,0.820252
6010.0,23.0,0.798943
6010.0,24.0,0.457457
6010.0,25.0,0.0
6010.0,26.0,1.0
6010.0,27.0,1.0
6010.0,28.0,0.751932
6010.0,29.0,0.002058
6010.0,30.0,1.0
6010.0,31.0,0.429513
6010.0,32.0,1.0
6010.0,33.0,0.560024
6010.0,34.0,0.824944
6010.0,35.0,0.848367
6010.0,36.0,1.0
7000.0,0.0,0.999622
7000.0,1.0,0.664938
7000.0,2.0,0.997441
7000.0,3.0,0.000805
7000.0,4.0,1.0
7000.0,5.0,1.0
7000.0,6.0,0.715408
7000.0,7.0,0.834623
7000.0,8.0,0.503958
7000.0,9.0,0.706142
7000.0,10.0,0.024114
7000.0,11.0,0.396847
7000.0,12.0,0.744233
7000.0,13.0,1.0
7000.0,14.0,1.0
7000.0,15.0,1.0
7000.0,16.0,0.727825
7000.0,17.0,0.32671
7000.0,18.0,0.134748
7000.0,19.0,1.0
7000.0,20.0,0.985156
7000.0,21.0,0.682518
7000.0,22.0,0.81689
7000.0,23.0,0.793905
7000.0,24.0,0.459984
7000.0,25.0,0.0
7000.0,26.0,1.0
7000.0,27.0,1.0
7000.0,28.0,0.753375
7000.0,29.0,0.00114
7000.0,30.0,1.0
7000.0,31.0,0.437331
7000.0,32.0,1.0
7000.0,33.0,0.5633
7000.0,34.0,0.828648
7000.0,35.0,0.843233
7000.0,36.0,1.0
7001.0,0.0,0.999647
7001.0,1.0,0.669661
7001.0,2.0,0.99745
7001.0,3.0,0.0008
7001.0,4.0,1.0
7001.0,5.0,1.0
7001.0,6.0,0.720316
7001.0,7.0,0.838999
7001.0,8.0,0.509498
7001.0,9.0,0.706842
7001.0,10.0,0.025271
7001.0,11.0,0.397564
7001.0,12.0,0.744806
7001.0,13.0,1.0
7001.0,14.0,1.0
7001.0,15.0,1.0
7001.0,16.0,0.736124
7001.0,17.0,0.330109
7001.0,18.0,0.135782
7001.0,19.0,1.0
7001.0,20.0,0.985115
7001.0,21.0,0.69721
7001.0,22.0,0.820951
7001.0,23.0,0.799739
7001.0,24.0,0.463636
7001.0,25.0,0.0
7001.0,26.0,1.0
7001.0,27.0,1.0
7001.0,28.0,0.754649
7001.0,29.0,0.001181
7001.0,30.0,1.0
7001.0,31.0,0.439743
7001.0,32.0,1.0
7001.0,33.0,0.569715
7001.0,34.0,0.82895
7001.0,35.0,0.84559
7001.0,36.0,1.0
7002.0,0.0,0.999663
7002.0,1.0,0.674407
7002.0,2.0,0.997474
7002.0,3.0,0.000815
7002.0,4.0,1.0
7002.0,5.0,1.0
7002.0,6.0,0.726432
7002.0,7.0,0.843954
7002.0,8.0,0.516037
7002.0,9.0,0.706672
7002.0,10.0,0.027084
7002.0,11.0,0.398778
7002.0,12.0,0.745967
7002.0,13.0,1.0
7002.0,14.0,1.0
7002.0,15.0,1.0
7002.0,16.0,0.744639
7002.0,17.0,0.334218
7002.0,18.0,0.136315
7002.0,19.0,1.0
7002.0,20.0,0.985222
7002.0,21.0,0.711608
7002.0,22.0,0.824723
7002.0,23.0,0.805877
7002.0,24.0,0.466521
7002.0,25.0,0.0
7002.0,26.0,1.0
7002.0,27.0,1.0
7002.0,28.0,0.755819
7002.0,29.0,0.001298
7002.0,30.0,1.0
7002.0,31.0,0.441901
7002.0,32.0,1.0
7002.0,33.0,0.575818
7002.0,34.0,0.829888
7002.0,35.0,0.8478
7002.0,36.0,1.0
7003.0,0.0,0.999699
7003.0,1.0,0.679154
7003.0,2.0,0.99755
7003.0,3.0,0.000895
7003.0,4.0,1.0
7003.0,5.0,1.0
7003.0,6.0,0.731861
7003.0,7.0,0.848279
7003.0,8.0,0.521225
7003.0,9.0,0.707019
7003.0,10.0,0.029052
7003.0,11.0,0.399589
7003.0,12.0,0.747743
7003.0,13.0,1.0
7003.0,14.0,1.0
7003.0,15.0,1.0
7003.0,16.0,0.752139
7003.0,17.0,0.338307
7003.0,18.0,0.136954
7003.0,19.0,1.0
7003.0,20.0,0.98523
7003.0,21.0,0.725066
7003.0,22.0,0.828259
7003.0,23.0,0.810476
7003.0,24.0,0.468652
7003.0,25.0,0.0
7003.0,26.0,1.0
7003.0,27.0,1.0
7003.0,28.0,0.756454
7003.0,29.0,0.001354
7003.0,30.0,1.0
7003.0,31.0,0.443545
7003.0,32.0,1.0
7003.0,33.0,0.581545
7003.0,34.0,0.830098
7003.0,35.0,0.850974
7003.0,36.0,1.0
7004.0,0.0,0.999711
7004.0,1.0,0.683455
7004.0,2.0,0.997551
7004.0,3.0,0.0009
7004.0,4.0,1.0
7004.0,5.0,1.0
7004.0,6.0,0.737604
7004.0,7.0,0.852586
7004.0,8.0,0.526757
7004.0,9.0,0.708318
7004.0,10.0,0.030702
7004.0,11.0,0.400685
7004.0,12.0,0.748068
7004.0,13.0,1.0
7004.0,14.0,1.0
7004.0,15.0,1.0
7004.0,16.0,0.759847
7004.0,17.0,0.342852
7004.0,18.0,0.138695
7004.0,19.0,1.0
7004.0,20.0,0.985074
7004.0,21.0,0.737822
7004.0,22.0,0.831791
7004.0,23.0,0.815465
7004.0,24.0,0.470707
7004.0,25.0,0.0
7004.0,26.0,1.0
7004.0,27.0,1.0
7004.0,28.0,0.757869
7004.0,29.0,0.001396
7004.0,30.0,1.0
7004.0,31.0,0.446007
7004.0,32.0,1.0
7004.0,33.0,0.586663
7004.0,34.0,0.830215
7004.0,35.0,0.853576
7004.0,36.0,1.0
7005.0,0.0,0.999755
7005.0,1.0,0.687824
7005.0,2.0,0.997545
7005.0,3.0,0.000942
7005.0,4.0,1.0
7005.0,5.0,1.0
7005.0,6.0,0.742824
7005.0,7.0,0.856589
7005.0,8.0,0.531982
7005.0,9.0,0.708209
7005.0,10.0,0.032457
7005.0,11.0,0.40185
7005.0,12.0,0.749526
7005.0,13.0,1.0
7005.0,14.0,1.0
7005.0,15.0,1.0
7005.0,16.0,0.767452
7005.0,17.0,0.346151
7005.0,18.0,0.139695
7005.0,19.0,1.0
7005.0,20.0,0.985117
7005.0,21.0,0.75062
7005.0,22.0,0.835598
7005.0,23.0,0.820721
7005.0,24.0,0.47428
7005.0,25.0,0.0
7005.0,26.0,1.0
7005.0,27.0,1.0
7005.0,28.0,0.759942
7005.0,29.0,0.001416
7005.0,30.0,1.0
7005.0,31.0,0.448075
7005.0,32.0,1.0
7005.0,33.0,0.592431
7005.0,34.0,0.830794
7005.0,35.0,0.855926
7005.0,36.0,1.0
7006.0,0.0,0.99977
7006.0,1.0,0.692861
7006.0,2.0,0.997612
7006.0,3.0,0.000968
7006.0,4.0,1.0
7006.0,5.0,1.0
7006.0,6.0,0.747945
7006.0,7.0,0.859949
7006.0,8.0,0.5377
7006.0,9.0,0.70872
7006.0,10.0,0.034496
7006.0,11.0,0.402427
7006.0,12.0,0.750411
7006.0,13.0,1.0
7006.0,14.0,1.0
7006.0,15.0,1.0
7006.0,16.0,0.77397
7006.0,17.0,0.350314
7006.0,18.0,0.141297
7006.0,19.0,1.0
7006.0,20.0,0.985171
7006.0,21.0,0.762638
7006.0,22.0,0.839709
7006.0,23.0,0.826321
7006.0,24.0,0.476839
7006.0,25.0,0.0
7006.0,26.0,1.0
7006.0,27.0,1.0
7006.0,28.0,0.760078
7006.0,29.0,0.001393
7006.0,30.0,1.0
7006.0,31.0,0.449672
7006.0,32.0,1.0
7006.0,33.0,0.596884
7006.0,34.0,0.831729
7006.0,35.0,0.858188
7006.0,36.0,1.0
7007.0,0.0,0.999782
7007.0,1.0,0.697534
7007.0,2.0,0.997626
7007.0,3.0,0.000938
7007.0,4.0,1.0
7007.0,5.0,1.0
7007.0,6.0,0.753571
7007.0,7.0,0.863506
7007.0,8.0,0.543168
7007.0,9.0,0.709031
7007.0,10.0,0.036793
7007.0,11.0,0.402606
7007.0,12.0,0.7508
7007.0,13.0,1.0
7007.0,14.0,1.0
7007.0,15.0,1.0
7007.0,16.0,0.780646
7007.0,17.0,0.35407
7007.0,18.0,0.142703
7007.0,19.0,1.0
7007.0,20.0,0.985201
7007.0,21.0,0.774242
7007.0,22.0,0.843267
7007.0,23.0,0.831175
7007.0,24.0,0.479464
7007.0,25.0,0.0
7007.0,26.0,1.0
7007.0,27.0,1.0
7007.0,28.0,0.761553
7007.0,29.0,0.00139
7007.0,30.0,1.0
7007.0,31.0,0.451409
7007.0,32.0,1.0
7007.0,33.0,0.60166
7007.0,34.0,0.832114
7007.0,35.0,0.860411
7007.0,36.0,1.0
7008.0,0.0,0.999816
7008.0,1.0,0.701909
7008.0,2.0,0.997613
7008.0,3.0,0.000993
7008.0,4.0,1.0
7008.0,5.0,1.0
7008.0,6.0,0.758466
7008.0,7.0,0.867318
7008.0,8.0,0.549051
7008.0,9.0,0.709671
7008.0,10.0,0.038998
7008.0,11.0,0.402979
7008.0,12.0,0.751374
7008.0,13.0,1.0
7008.0,14.0,1.0
7008.0,15.0,1.0
7008.0,16.0,0.787125
7008.0,17.0,0.357984
7008.0,18.0,0.143409
7008.0,19.0,1.0
7008.0,20.0,0.985255
7008.0,21.0,0.785079
7008.0,22.0,0.84677
7008.0,23.0,0.836137
7008.0,24.0,0.481209
7008.0,25.0,0.0
7008.0,26.0,1.0
7008.0,27.0,1.0
7008.0,28.0,0.763101
7008.0,29.0,0.001442
7008.0,30.0,1.0
7008.0,31.0,0.453773
7008.0,32.0,1.0
7008.0,33.0,0.60675
7008.0,34.0,0.83345
7008.0,35.0,0.862624
7008.0,36.0,1.0
7009.0,0.0,0.999769
7009.0,1.0,0.682287
7009.0,2.0,0.997582
7009.0,3.0,0.001006
7009.0,4.0,1.0
7009.0,5.0,1.0
7009.0,6.0,0.738236
7009.0,7.0,0.850282
7009.0,8.0,0.526367
7009.0,9.0,0.707862
7009.0,10.0,0.030271
7009.0,11.0,0.400127
7009.0,12.0,0.747678
7009.0,13.0,1.0
7009.0,14.0,1.0
7009.0,15.0,1.0
7009.0,16.0,0.758043
7009.0,17.0,0.343122
7009.0,18.0,0.139086
7009.0,19.0,1.0
7009.0,20.0,0.985384
7009.0,21.0,0.734143
7009.0,22.0,0.830154
7009.0,23.0,0.816547
7009.0,24.0,0.471577
7009.0,25.0,0.0
7009.0,26.0,1.0
7009.0,27.0,1.0
7009.0,28.0,0.756022
7009.0,29.0,0.001312
7009.0,30.0,1.0
7009.0,31.0,0.44375
7009.0,32.0,1.0
7009.0,33.0,0.584275
7009.0,34.0,0.830702
7009.0,35.0,0.853952
7009.0,36.0,1.0
7010.0,0.0,0.999705
7010.0,1.0,0.664112
7010.0,2.0,0.997515
7010.0,3.0,0.000922
7010.0,4.0,1.0
7010.0,5.0,1.0
7010.0,6.0,0.718509
7010.0,7.0,0.833158
7010.0,8.0,0.505371
7010.0,9.0,0.705553
7010.0,10.0,0.023759
7010.0,11.0,0.397532
7010.0,12.0,0.745108
7010.0,13.0,1.0
7010.0,14.0,1.0
7010.0,15.0,1.0
7010.0,16.0,0.729459
7010.0,17.0,0.329072
7010.0,18.0,0.135398
7010.0,19.0,1.0
7010.0,20.0,0.985256
7010.0,21.0,0.682861
7010.0,22.0,0.813763
7010.0,23.0,0.796121
7010.0,24.0,0.461931
7010.0,25.0,0.0
7010.0,26.0,1.0
7010.0,27.0,1.0
7010.0,28.0,0.750494
7010.0,29.0,0.001245
7010.0,30.0,1.0
7010.0,31.0,0.43517
7010.0,32.0,1.0
7010.0,33.0,0.562846
7010.0,34.0,0.82748
7010.0,35.0,0.844281
7010.0,36.0,1.0
8000.0,0.0,1.0
8000.0,1.0,0.6708
8000.0,2.0,0.999238
8000.0,3.0,3.0e-05
8000.0,4.0,1.0
8000.0,5.0,1.0
8000.0,6.0,0.72047
8000.0,7.0,0.83429
8000.0,8.0,0.502725
8000.0,9.0,0.712611
8000.0,10.0,0.024051
8000.0,11.0,0.37368
8000.0,12.0,0.748583
8000.0,13.0,1.0
8000.0,14.0,1.0
8000.0,15.0,1.0
8000.0,16.0,0.726923
8000.0,17.0,0.339672
8000.0,18.0,0.151046
8000.0,19.0,1.0
8000.0,20.0,0.988527
8000.0,21.0,0.684765
8000.0,22.0,0.812334
8000.0,23.0,0.797475
8000.0,24.0,0.465987
8000.0,25.0,0.0
8000.0,26.0,1.0
8000.0,27.0,1.0
8000.0,28.0,0.756394
8000.0,29.0,0.0
8000.0,30.0,1.0
8000.0,31.0,0.426177
8000.0,32.0,1.0
8000.0,33.0,0.562897
8000.0,34.0,0.826926
8000.0,35.0,0.848037
8000.0,36.0,1.0
8001.0,0.0,1.0
8001.0,1.0,0.675586
8001.0,2.0,0.999242
8001.0,3.0,2.8e-05
8001.0,4.0,1.0
8001.0,5.0,1.0
8001.0,6.0,0.725447
8001.0,7.0,0.839146
8001.0,8.0,0.508125
8001.0,9.0,0.713201
8001.0,10.0,0.025811
8001.0,11.0,0.374605
8001.0,12.0,0.74934
8001.0,13.0,1.0
8001.0,14.0,1.0
8001.0,15.0,1.0
8001.0,16.0,0.735387
8001.0,17.0,0.343288
8001.0,18.0,0.152315
8001.0,19.0,1.0
8001.0,20.0,0.988591
8001.0,21.0,0.699743
8001.0,22.0,0.816228
8001.0,23.0,0.802867
8001.0,24.0,0.467837
8001.0,25.0,0.0
8001.0,26.0,1.0
8001.0,27.0,1.0
8001.0,28.0,0.757543
8001.0,29.0,0.0
8001.0,30.0,1.0
8001.0,31.0,0.428932
8001.0,32.0,1.0
8001.0,33.0,0.567543
8001.0,34.0,0.828272
8001.0,35.0,0.850271
8001.0,36.0,1.0
8002.0,0.0,1.0
8002.0,1.0,0.680173
8002.0,2.0,0.999235
8002.0,3.0,3.2e-05
8002.0,4.0,1.0
8002.0,5.0,1.0
8002.0,6.0,0.730637
8002.0,7.0,0.842998
8002.0,8.0,0.513257
8002.0,9.0,0.713125
8002.0,10.0,0.027495
8002.0,11.0,0.374922
8002.0,12.0,0.750876
8002.0,13.0,1.0
8002.0,14.0,1.0
8002.0,15.0,1.0
8002.0,16.0,0.742851
8002.0,17.0,0.346521
8002.0,18.0,0.15343
8002.0,19.0,1.0
8002.0,20.0,0.988728
8002.0,21.0,0.714618
8002.0,22.0,0.821082
8002.0,23.0,0.807837
8002.0,24.0,0.470717
8002.0,25.0,0.0
8002.0,26.0,1.0
8002.0,27.0,1.0
8002.0,28.0,0.758101
8002.0,29.0,0.0
8002.0,30.0,1.0
8002.0,31.0,0.431351
8002.0,32.0,1.0
8002.0,33.0,0.573049
8002.0,34.0,0.829295
8002.0,35.0,0.852623
8002.0,36.0,1.0
8003.0,0.0,1.0
8003.0,1.0,0.684291
8003.0,2.0,0.999217
8003.0,3.0,2.8e-05
8003.0,4.0,1.0
8003.0,5.0,1.0
8003.0,6.0,0.735748
8003.0,7.0,0.847818
8003.0,8.0,0.519517
8003.0,9.0,0.713815
8003.0,10.0,0.029224
8003.0,11.0,0.376256
8003.0,12.0,0.751451
8003.0,13.0,1.0
8003.0,14.0,1.0
8003.0,15.0,1.0
8003.0,16.0,0.751025
8003.0,17.0,0.350566
8003.0,18.0,0.154849
8003.0,19.0,1.0
8003.0,20.0,0.988679
8003.0,21.0,0.727827
8003.0,22.0,0.825155
8003.0,23.0,0.813695
8003.0,24.0,0.473231
8003.0,25.0,0.0
8003.0,26.0,1.0
8003.0,27.0,1.0
8003.0,28.0,0.759856
8003.0,29.0,0.0
8003.0,30.0,1.0
8003.0,31.0,0.433635
8003.0,32.0,1.0
8003.0,33.0,0.578617
8003.0,34.0,0.82946
8003.0,35.0,0.854632
8003.0,36.0,1.0
8004.0,0.0,1.0
8004.0,1.0,0.689661
8004.0,2.0,0.999199
8004.0,3.0,3.0e-05
8004.0,4.0,1.0
8004.0,5.0,1.0
8004.0,6.0,0.741057
8004.0,7.0,0.851617
8004.0,8.0,0.524326
8004.0,9.0,0.715317
8004.0,10.0,0.030764
8004.0,11.0,0.377002
8004.0,12.0,0.752932
8004.0,13.0,1.0
8004.0,14.0,1.0
8004.0,15.0,1.0
8004.0,16.0,0.75856
8004.0,17.0,0.354737
8004.0,18.0,0.156057
8004.0,19.0,1.0
8004.0,20.0,0.988669
8004.0,21.0,0.741378
8004.0,22.0,0.829583
8004.0,23.0,0.819273
8004.0,24.0,0.475479
8004.0,25.0,0.0
8004.0,26.0,1.0
8004.0,27.0,1.0
8004.0,28.0,0.760687
8004.0,29.0,0.0
8004.0,30.0,1.0
8004.0,31.0,0.435235
8004.0,32.0,1.0
8004.0,33.0,0.58381
8004.0,34.0,0.83005
8004.0,35.0,0.856809
8004.0,36.0,1.0
8005.0,0.0,1.0
8005.0,1.0,0.694619
8005.0,2.0,0.999221
8005.0,3.0,3.9e-05
8005.0,4.0,1.0
8005.0,5.0,1.0
8005.0,6.0,0.746076
8005.0,7.0,0.855587
8005.0,8.0,0.529498
8005.0,9.0,0.715991
8005.0,10.0,0.032524
8005.0,11.0,0.37742
8005.0,12.0,0.753513
8005.0,13.0,1.0
8005.0,14.0,1.0
8005.0,15.0,1.0
8005.0,16.0,0.766115
8005.0,17.0,0.357654
8005.0,18.0,0.157564
8005.0,19.0,1.0
8005.0,20.0,0.988792
8005.0,21.0,0.754365
8005.0,22.0,0.833943
8005.0,23.0,0.824365
8005.0,24.0,0.477447
8005.0,25.0,0.0
8005.0,26.0,1.0
8005.0,27.0,1.0
8005.0,28.0,0.762536
8005.0,29.0,0.0
8005.0,30.0,1.0
8005.0,31.0,0.437632
8005.0,32.0,1.0
8005.0,33.0,0.589911
8005.0,34.0,0.830309
8005.0,35.0,0.85872
8005.0,36.0,1.0
8006.0,0.0,1.0
8006.0,1.0,0.698267
8006.0,2.0,0.999267
8006.0,3.0,4.9e-05
8006.0,4.0,1.0
8006.0,5.0,1.0
8006.0,6.0,0.750804
8006.0,7.0,0.859589
8006.0,8.0,0.535232
8006.0,9.0,0.716198
8006.0,10.0,0.034617
8006.0,11.0,0.377537
8006.0,12.0,0.753707
8006.0,13.0,1.0
8006.0,14.0,1.0
8006.0,15.0,1.0
8006.0,16.0,0.773048
8006.0,17.0,0.361958
8006.0,18.0,0.158651
8006.0,19.0,1.0
8006.0,20.0,0.988913
8006.0,21.0,0.765378
8006.0,22.0,0.838246
8006.0,23.0,0.828986
8006.0,24.0,0.479751
8006.0,25.0,0.0
8006.0,26.0,1.0
8006.0,27.0,1.0
8006.0,28.0,0.764527
8006.0,29.0,0.0
8006.0,30.0,1.0
8006.0,31.0,0.439653
8006.0,32.0,1.0
8006.0,33.0,0.595546
8006.0,34.0,0.830965
8006.0,35.0,0.86119
8006.0,36.0,1.0
8007.0,0.0,1.0
8007.0,1.0,0.702521
8007.0,2.0,0.999259
8007.0,3.0,5.3e-05
8007.0,4.0,1.0
8007.0,5.0,1.0
8007.0,6.0,0.755252
8007.0,7.0,0.863777
8007.0,8.0,0.541113
8007.0,9.0,0.717418
8007.0,10.0,0.036848
8007.0,11.0,0.377978
8007.0,12.0,0.754958
8007.0,13.0,1.0
8007.0,14.0,1.0
8007.0,15.0,1.0
8007.0,16.0,0.779694
8007.0,17.0,0.365538
8007.0,18.0,0.159723
8007.0,19.0,1.0
8007.0,20.0,0.98901
8007.0,21.0,0.77641
8007.0,22.0,0.841993
8007.0,23.0,0.833398
8007.0,24.0,0.482341
8007.0,25.0,0.0
8007.0,26.0,1.0
8007.0,27.0,1.0
8007.0,28.0,0.766047
8007.0,29.0,0.0
8007.0,30.0,1.0
8007.0,31.0,0.442047
8007.0,32.0,1.0
8007.0,33.0,0.601118
8007.0,34.0,0.831997
8007.0,35.0,0.863373
8007.0,36.0,1.0
8008.0,0.0,1.0
8008.0,1.0,0.706505
8008.0,2.0,0.999257
8008.0,3.0,6.2e-05
8008.0,4.0,1.0
8008.0,5.0,1.0
8008.0,6.0,0.760092
8008.0,7.0,0.867726
8008.0,8.0,0.546626
8008.0,9.0,0.717712
8008.0,10.0,0.039086
8008.0,11.0,0.378796
8008.0,12.0,0.756149
8008.0,13.0,1.0
8008.0,14.0,1.0
8008.0,15.0,1.0
8008.0,16.0,0.786772
8008.0,17.0,0.369593
8008.0,18.0,0.161005
8008.0,19.0,1.0
8008.0,20.0,0.989045
8008.0,21.0,0.786938
8008.0,22.0,0.845956
8008.0,23.0,0.837959
8008.0,24.0,0.484839
8008.0,25.0,0.0
8008.0,26.0,1.0
8008.0,27.0,1.0
8008.0,28.0,0.767836
8008.0,29.0,0.0
8008.0,30.0,1.0
8008.0,31.0,0.444004
8008.0,32.0,1.0
8008.0,33.0,0.607019
8008.0,34.0,0.832406
8008.0,35.0,0.865365
8008.0,36.0,1.0
8009.0,0.0,1.0
8009.0,1.0,0.687668
8009.0,2.0,0.999231
8009.0,3.0,5.5e-05
8009.0,4.0,1.0
8009.0,5.0,1.0
8009.0,6.0,0.740876
8009.0,7.0,0.851056
8009.0,8.0,0.524264
8009.0,9.0,0.716321
8009.0,10.0,0.030552
8009.0,11.0,0.375702
8009.0,12.0,0.752702
8009.0,13.0,1.0
8009.0,14.0,1.0
8009.0,15.0,1.0
8009.0,16.0,0.757611
8009.0,17.0,0.352617
8009.0,18.0,0.155869
8009.0,19.0,1.0
8009.0,20.0,0.98903
8009.0,21.0,0.735558
8009.0,22.0,0.830358
8009.0,23.0,0.818406
8009.0,24.0,0.473697
8009.0,25.0,0.0
8009.0,26.0,1.0
8009.0,27.0,1.0
8009.0,28.0,0.762503
8009.0,29.0,0.0
8009.0,30.0,1.0
8009.0,31.0,0.435781
8009.0,32.0,1.0
8009.0,33.0,0.584738
8009.0,34.0,0.829648
8009.0,35.0,0.856818
8009.0,36.0,1.0
8010.0,0.0,1.0
8010.0,1.0,0.669737
8010.0,2.0,0.999221
8010.0,3.0,5.4e-05
8010.0,4.0,1.0
8010.0,5.0,1.0
8010.0,6.0,0.720802
8010.0,7.0,0.834796
8010.0,8.0,0.503021
8010.0,9.0,0.715139
8010.0,10.0,0.023922
8010.0,11.0,0.372652
8010.0,12.0,0.749557
8010.0,13.0,1.0
8010.0,14.0,1.0
8010.0,15.0,1.0
8010.0,16.0,0.728611
8010.0,17.0,0.337486
8010.0,18.0,0.152145
8010.0,19.0,1.0
8010.0,20.0,0.98918
8010.0,21.0,0.68323
8010.0,22.0,0.814182
8010.0,23.0,0.797781
8010.0,24.0,0.464474
8010.0,25.0,0.0
8010.0,26.0,1.0
8010.0,27.0,1.0
8010.0,28.0,0.756573
8010.0,29.0,0.0
8010.0,30.0,1.0
8010.0,31.0,0.427643
8010.0,32.0,1.0
8010.0,33.0,0.563101
8010.0,34.0,0.826619
8010.0,35.0,0.848205
8010.0,36.0,1.0
9000.0,0.0,1.0
9000.0,1.0,0.670435
9000.0,2.0,0.999103
9000.0,3.0,0.000108
9000.0,4.0,1.0
9000.0,5.0,1.0
9000.0,6.0,0.720553
9000.0,7.0,0.833688
9000.0,8.0,0.49923
9000.0,9.0,0.705805
9000.0,10.0,0.034207
9000.0,11.0,0.366606
9000.0,12.0,0.748149
9000.0,13.0,1.0
9000.0,14.0,1.0
9000.0,15.0,1.0
9000.0,16.0,0.727325
9000.0,17.0,0.331145
9000.0,18.0,0.146089
9000.0,19.0,1.0
9000.0,20.0,0.993013
9000.0,21.0,0.686122
9000.0,22.0,0.812745
9000.0,23.0,0.791275
9000.0,24.0,0.45366
9000.0,25.0,0.0
9000.0,26.0,1.0
9000.0,27.0,1.0
9000.0,28.0,0.749631
9000.0,29.0,0.0
9000.0,30.0,1.0
9000.0,31.0,0.418885
9000.0,32.0,1.0
9000.0,33.0,0.555836
9000.0,34.0,0.818548
9000.0,35.0,0.852417
9000.0,36.0,1.0
9001.0,0.0,1.0
9001.0,1.0,0.674553
9001.0,2.0,0.999083
9001.0,3.0,0.00011
9001.0,4.0,1.0
9001.0,5.0,1.0
9001.0,6.0,0.726131
9001.0,7.0,0.838501
9001.0,8.0,0.504618
9001.0,9.0,0.705839
9001.0,10.0,0.036151
9001.0,11.0,0.367396
9001.0,12.0,0.749036
9001.0,13.0,1.0
9001.0,14.0,1.0
9001.0,15.0,1.0
9001.0,16.0,0.736172
9001.0,17.0,0.334591
9001.0,18.0,0.147228
9001.0,19.0,1.0
9001.0,20.0,0.993192
9001.0,21.0,0.700753
9001.0,22.0,0.816466
9001.0,23.0,0.797389
9001.0,24.0,0.455921
9001.0,25.0,0.0
9001.0,26.0,1.0
9001.0,27.0,1.0
9001.0,28.0,0.750925
9001.0,29.0,0.0
9001.0,30.0,1.0
9001.0,31.0,0.420426
9001.0,32.0,1.0
9001.0,33.0,0.561453
9001.0,34.0,0.819714
9001.0,35.0,0.854808
9001.0,36.0,1.0
9002.0,0.0,1.0
9002.0,1.0,0.678898
9002.0,2.0,0.999119
9002.0,3.0,0.000129
9002.0,4.0,1.0
9002.0,5.0,1.0
9002.0,6.0,0.730445
9002.0,7.0,0.843118
9002.0,8.0,0.510162
9002.0,9.0,0.705209
9002.0,10.0,0.03857
9002.0,11.0,0.368214
9002.0,12.0,0.750413
9002.0,13.0,1.0
9002.0,14.0,1.0
9002.0,15.0,1.0
9002.0,16.0,0.743709
9002.0,17.0,0.337358
9002.0,18.0,0.148036
9002.0,19.0,1.0
9002.0,20.0,0.993019
9002.0,21.0,0.715283
9002.0,22.0,0.819895
9002.0,23.0,0.801937
9002.0,24.0,0.457334
9002.0,25.0,0.0
9002.0,26.0,1.0
9002.0,27.0,1.0
9002.0,28.0,0.752954
9002.0,29.0,0.0
9002.0,30.0,1.0
9002.0,31.0,0.423432
9002.0,32.0,1.0
9002.0,33.0,0.56731
9002.0,34.0,0.820786
9002.0,35.0,0.856771
9002.0,36.0,1.0
9003.0,0.0,1.0
9003.0,1.0,0.682954
9003.0,2.0,0.999177
9003.0,3.0,0.000127
9003.0,4.0,1.0
9003.0,5.0,1.0
9003.0,6.0,0.735441
9003.0,7.0,0.847697
9003.0,8.0,0.516699
9003.0,9.0,0.706164
9003.0,10.0,0.040837
9003.0,11.0,0.369135
9003.0,12.0,0.751418
9003.0,13.0,1.0
9003.0,14.0,1.0
9003.0,15.0,1.0
9003.0,16.0,0.751811
9003.0,17.0,0.340157
9003.0,18.0,0.149191
9003.0,19.0,1.0
9003.0,20.0,0.992997
9003.0,21.0,0.728961
9003.0,22.0,0.824414
9003.0,23.0,0.807721
9003.0,24.0,0.460167
9003.0,25.0,0.0
9003.0,26.0,1.0
9003.0,27.0,1.0
9003.0,28.0,0.754906
9003.0,29.0,0.0
9003.0,30.0,1.0
9003.0,31.0,0.424967
9003.0,32.0,1.0
9003.0,33.0,0.572851
9003.0,34.0,0.822073
9003.0,35.0,0.859398
9003.0,36.0,1.0
9004.0,0.0,1.0
9004.0,1.0,0.687088
9004.0,2.0,0.999228
9004.0,3.0,0.000151
9004.0,4.0,1.0
9004.0,5.0,1.0
9004.0,6.0,0.740966
9004.0,7.0,0.851886
9004.0,8.0,0.522585
9004.0,9.0,0.706113
9004.0,10.0,0.043516
9004.0,11.0,0.368409
9004.0,12.0,0.752639
9004.0,13.0,1.0
9004.0,14.0,1.0
9004.0,15.0,1.0
9004.0,16.0,0.759933
9004.0,17.0,0.343879
9004.0,18.0,0.150994
9004.0,19.0,1.0
9004.0,20.0,0.99305
9004.0,21.0,0.741683
9004.0,22.0,0.828393
9004.0,23.0,0.812975
9004.0,24.0,0.462805
9004.0,25.0,0.0
9004.0,26.0,1.0
9004.0,27.0,1.0
9004.0,28.0,0.756156
9004.0,29.0,0.0
9004.0,30.0,1.0
9004.0,31.0,0.426885
9004.0,32.0,1.0
9004.0,33.0,0.578068
9004.0,34.0,0.822619
9004.0,35.0,0.861849
9004.0,36.0,1.0
9005.0,0.0,1.0
9005.0,1.0,0.692289
9005.0,2.0,0.999271
9005.0,3.0,0.000153
9005.0,4.0,1.0
9005.0,5.0,1.0
9005.0,6.0,0.746176
9005.0,7.0,0.855964
9005.0,8.0,0.528264
9005.0,9.0,0.706831
9005.0,10.0,0.046262
9005.0,11.0,0.369131
9005.0,12.0,0.75423
9005.0,13.0,1.0
9005.0,14.0,1.0
9005.0,15.0,1.0
9005.0,16.0,0.766164
9005.0,17.0,0.348218
9005.0,18.0,0.15231
9005.0,19.0,1.0
9005.0,20.0,0.993017
9005.0,21.0,0.753397
9005.0,22.0,0.833039
9005.0,23.0,0.817547
9005.0,24.0,0.465887
9005.0,25.0,0.0
9005.0,26.0,1.0
9005.0,27.0,1.0
9005.0,28.0,0.757811
9005.0,29.0,0.0
9005.0,30.0,1.0
9005.0,31.0,0.428946
9005.0,32.0,1.0
9005.0,33.0,0.583639
9005.0,34.0,0.822682
9005.0,35.0,0.863675
9005.0,36.0,1.0
9006.0,0.0,1.0
9006.0,1.0,0.697083
9006.0,2.0,0.999276
9006.0,3.0,0.00015
9006.0,4.0,1.0
9006.0,5.0,1.0
9006.0,6.0,0.75041
9006.0,7.0,0.86062
9006.0,8.0,0.533706
9006.0,9.0,0.707137
9006.0,10.0,0.049078
9006.0,11.0,0.370796
9006.0,12.0,0.754604
9006.0,13.0,1.0
9006.0,14.0,1.0
9006.0,15.0,1.0
9006.0,16.0,0.773395
9006.0,17.0,0.351899
9006.0,18.0,0.153541
9006.0,19.0,1.0
9006.0,20.0,0.993074
9006.0,21.0,0.7654
9006.0,22.0,0.837315
9006.0,23.0,0.822144
9006.0,24.0,0.467753
9006.0,25.0,0.0
9006.0,26.0,1.0
9006.0,27.0,1.0
9006.0,28.0,0.760254
9006.0,29.0,0.0
9006.0,30.0,1.0
9006.0,31.0,0.43088
9006.0,32.0,1.0
9006.0,33.0,0.589693
9006.0,34.0,0.823059
9006.0,35.0,0.865882
9006.0,36.0,1.0
9007.0,0.0,1.0
9007.0,1.0,0.701131
9007.0,2.0,0.999242
9007.0,3.0,0.00014
9007.0,4.0,1.0
9007.0,5.0,1.0
9007.0,6.0,0.755225
9007.0,7.0,0.864518
9007.0,8.0,0.539525
9007.0,9.0,0.707714
9007.0,10.0,0.052503
9007.0,11.0,0.371276
9007.0,12.0,0.756111
9007.0,13.0,1.0
9007.0,14.0,1.0
9007.0,15.0,1.0
9007.0,16.0,0.779467
9007.0,17.0,0.35594
9007.0,18.0,0.154928
9007.0,19.0,1.0
9007.0,20.0,0.993141
9007.0,21.0,0.776508
9007.0,22.0,0.841181
9007.0,23.0,0.827043
9007.0,24.0,0.470193
9007.0,25.0,0.0
9007.0,26.0,1.0
9007.0,27.0,1.0
9007.0,28.0,0.761843
9007.0,29.0,0.0
9007.0,30.0,1.0
9007.0,31.0,0.433182
9007.0,32.0,1.0
9007.0,33.0,0.595795
9007.0,34.0,0.824477
9007.0,35.0,0.867938
9007.0,36.0,1.0
9008.0,0.0,1.0
9008.0,1.0,0.704835
9008.0,2.0,0.999243
9008.0,3.0,0.000156
9008.0,4.0,1.0
9008.0,5.0,1.0
9008.0,6.0,0.760243
9008.0,7.0,0.867817
9008.0,8.0,0.544332
9008.0,9.0,0.708698
9008.0,10.0,0.055135
9008.0,11.0,0.371542
9008.0,12.0,0.756328
9008.0,13.0,1.0
9008.0,14.0,1.0
9008.0,15.0,1.0
9008.0,16.0,0.785764
9008.0,17.0,0.36085
9008.0,18.0,0.156514
9008.0,19.0,1.0
9008.0,20.0,0.993192
9008.0,21.0,0.786577
9008.0,22.0,0.845267
9008.0,23.0,0.832255
9008.0,24.0,0.473693
9008.0,25.0,0.0
9008.0,26.0,1.0
9008.0,27.0,1.0
9008.0,28.0,0.762823
9008.0,29.0,0.0
9008.0,30.0,1.0
9008.0,31.0,0.435963
9008.0,32.0,1.0
9008.0,33.0,0.600566
9008.0,34.0,0.826233
9008.0,35.0,0.869861
9008.0,36.0,1.0
9009.0,0.0,1.0
9009.0,1.0,0.685595
9009.0,2.0,0.999251
9009.0,3.0,0.000153
9009.0,4.0,1.0
9009.0,5.0,1.0
9009.0,6.0,0.741158
9009.0,7.0,0.850703
9009.0,8.0,0.521328
9009.0,9.0,0.705735
9009.0,10.0,0.043078
9009.0,11.0,0.369161
9009.0,12.0,0.752229
9009.0,13.0,1.0
9009.0,14.0,1.0
9009.0,15.0,1.0
9009.0,16.0,0.755899
9009.0,17.0,0.344769
9009.0,18.0,0.152564
9009.0,19.0,1.0
9009.0,20.0,0.993219
9009.0,21.0,0.736203
9009.0,22.0,0.829025
9009.0,23.0,0.813268
9009.0,24.0,0.463292
9009.0,25.0,0.0
9009.0,26.0,1.0
9009.0,27.0,1.0
9009.0,28.0,0.757315
9009.0,29.0,0.0
9009.0,30.0,1.0
9009.0,31.0,0.426555
9009.0,32.0,1.0
9009.0,33.0,0.577254
9009.0,34.0,0.823191
9009.0,35.0,0.861147
9009.0,36.0,1.0
9010.0,0.0,1.0
9010.0,1.0,0.666348
9010.0,2.0,0.999252
9010.0,3.0,0.000119
9010.0,4.0,1.0
9010.0,5.0,1.0
9010.0,6.0,0.72248
9010.0,7.0,0.833647
9010.0,8.0,0.499843
9010.0,9.0,0.703207
9010.0,10.0,0.034113
9010.0,11.0,0.367055
9010.0,12.0,0.748089
9010.0,13.0,1.0
9010.0,14.0,1.0
9010.0,15.0,1.0
9010.0,16.0,0.726576
9010.0,17.0,0.331107
9010.0,18.0,0.148027
9010.0,19.0,1.0
9010.0,20.0,0.993316
9010.0,21.0,0.686018
9010.0,22.0,0.812383
9010.0,23.0,0.792367
9010.0,24.0,0.453519
9010.0,25.0,0.0
9010.0,26.0,1.0
9010.0,27.0,1.0
9010.0,28.0,0.750988
9010.0,29.0,0.0
9010.0,30.0,1.0
9010.0,31.0,0.419043
9010.0,32.0,1.0
9010.0,33.0,0.555771
9010.0,34.0,0.82074
9010.0,35.0,0.852117
9010.0,36.0,1.0
10000.0,0.0,1.0
10000.0,1.0,0.667218
10000.0,2.0,0.999805
10000.0,3.0,0.0
10000.0,4.0,1.0
10000.0,5.0,1.0
10000.0,6.0,0.726675
10000.0,7.0,0.829127
10000.0,8.0,0.499477
10000.0,9.0,0.70958
10000.0,10.0,0.037526
10000.0,11.0,0.341105
10000.0,12.0,0.73987
10000.0,13.0,1.0
10000.0,14.0,1.0
10000.0,15.0,1.0
10000.0,16.0,0.730849
10000.0,17.0,0.335336
10000.0,18.0,0.139746
10000.0,19.0,1.0
10000.0,20.0,0.998343
10000.0,21.0,0.684359
10000.0,22.0,0.815945
10000.0,23.0,0.798144
10000.0,24.0,0.452872
10000.0,25.0,0.0
10000.0,26.0,1.0
10000.0,27.0,1.0
10000.0,28.0,0.749475
10000.0,29.0,0.0
10000.0,30.0,1.0
10000.0,31.0,0.427772
10000.0,32.0,1.0
10000.0,33.0,0.556577
10000.0,34.0,0.81584
10000.0,35.0,0.841426
10000.0,36.0,1.0
10001.0,0.0,1.0
10001.0,1.0,0.672124
10001.0,2.0,0.99978
10001.0,3.0,0.0
10001.0,4.0,1.0
10001.0,5.0,1.0
10001.0,6.0,0.731808
10001.0,7.0,0.833849
10001.0,8.0,0.505584
10001.0,9.0,0.710036
10001.0,10.0,0.039836
10001.0,11.0,0.342502
10001.0,12.0,0.740675
10001.0,13.0,1.0
10001.0,14.0,1.0
10001.0,15.0,1.0
10001.0,16.0,0.739051
10001.0,17.0,0.340117
10001.0,18.0,0.140555
10001.0,19.0,1.0
10001.0,20.0,0.998344
10001.0,21.0,0.699609
10001.0,22.0,0.820535
10001.0,23.0,0.803886
10001.0,24.0,0.45464
10001.0,25.0,0.0
10001.0,26.0,1.0
10001.0,27.0,1.0
10001.0,28.0,0.751258
10001.0,29.0,0.0
10001.0,30.0,1.0
10001.0,31.0,0.43083
10001.0,32.0,1.0
10001.0,33.0,0.563292
10001.0,34.0,0.816873
10001.0,35.0,0.843931
10001.0,36.0,1.0
10002.0,0.0,1.0
10002.0,1.0,0.67704
10002.0,2.0,0.999771
10002.0,3.0,0.0
10002.0,4.0,1.0
10002.0,5.0,1.0
10002.0,6.0,0.737608
10002.0,7.0,0.838004
10002.0,8.0,0.511737
10002.0,9.0,0.711367
10002.0,10.0,0.042088
10002.0,11.0,0.343912
10002.0,12.0,0.742188
10002.0,13.0,1.0
10002.0,14.0,1.0
10002.0,15.0,1.0
10002.0,16.0,0.74732
10002.0,17.0,0.342811
10002.0,18.0,0.141859
10002.0,19.0,1.0
10002.0,20.0,0.998356
10002.0,21.0,0.714156
10002.0,22.0,0.824589
10002.0,23.0,0.809184
10002.0,24.0,0.457609
10002.0,25.0,0.0
10002.0,26.0,1.0
10002.0,27.0,1.0
10002.0,28.0,0.751861
10002.0,29.0,0.0
10002.0,30.0,1.0
10002.0,31.0,0.433211
10002.0,32.0,1.0
10002.0,33.0,0.569181
10002.0,34.0,0.818105
10002.0,35.0,0.845795
10002.0,36.0,1.0
10003.0,0.0,1.0
10003.0,1.0,0.682546
10003.0,2.0,0.99977
10003.0,3.0,0.0
10003.0,4.0,1.0
10003.0,5.0,1.0
10003.0,6.0,0.742442
10003.0,7.0,0.842931
10003.0,8.0,0.517975
10003.0,9.0,0.711305
10003.0,10.0,0.044412
10003.0,11.0,0.343684
10003.0,12.0,0.743332
10003.0,13.0,1.0
10003.0,14.0,1.0
10003.0,15.0,1.0
10003.0,16.0,0.754807
10003.0,17.0,0.346352
10003.0,18.0,0.14257
10003.0,19.0,1.0
10003.0,20.0,0.998347
10003.0,21.0,0.727956
10003.0,22.0,0.829181
10003.0,23.0,0.813918
10003.0,24.0,0.459209
10003.0,25.0,0.0
10003.0,26.0,1.0
10003.0,27.0,1.0
10003.0,28.0,0.753768
10003.0,29.0,0.0
10003.0,30.0,1.0
10003.0,31.0,0.435075
10003.0,32.0,1.0
10003.0,33.0,0.574423
10003.0,34.0,0.818383
10003.0,35.0,0.84807
10003.0,36.0,1.0
10004.0,0.0,1.0
10004.0,1.0,0.687365
10004.0,2.0,0.999772
10004.0,3.0,0.0
10004.0,4.0,1.0
10004.0,5.0,1.0
10004.0,6.0,0.746735
10004.0,7.0,0.847677
10004.0,8.0,0.524133
10004.0,9.0,0.711624
10004.0,10.0,0.047033
10004.0,11.0,0.343948
10004.0,12.0,0.744493
10004.0,13.0,1.0
10004.0,14.0,1.0
10004.0,15.0,1.0
10004.0,16.0,0.762103
10004.0,17.0,0.349959
10004.0,18.0,0.143282
10004.0,19.0,1.0
10004.0,20.0,0.998357
10004.0,21.0,0.740586
10004.0,22.0,0.833623
10004.0,23.0,0.818369
10004.0,24.0,0.461992
10004.0,25.0,0.0
10004.0,26.0,1.0
10004.0,27.0,1.0
10004.0,28.0,0.75544
10004.0,29.0,0.0
10004.0,30.0,1.0
10004.0,31.0,0.437488
10004.0,32.0,1.0
10004.0,33.0,0.580476
10004.0,34.0,0.819828
10004.0,35.0,0.850389
10004.0,36.0,1.0
10005.0,0.0,1.0
10005.0,1.0,0.69302
10005.0,2.0,0.999785
10005.0,3.0,0.0
10005.0,4.0,1.0
10005.0,5.0,1.0
10005.0,6.0,0.751718
10005.0,7.0,0.852029
10005.0,8.0,0.53007
10005.0,9.0,0.712409
10005.0,10.0,0.04969
10005.0,11.0,0.345398
10005.0,12.0,0.745339
10005.0,13.0,1.0
10005.0,14.0,1.0
10005.0,15.0,1.0
10005.0,16.0,0.769313
10005.0,17.0,0.354238
10005.0,18.0,0.144037
10005.0,19.0,1.0
10005.0,20.0,0.998301
10005.0,21.0,0.753342
10005.0,22.0,0.837115
10005.0,23.0,0.822487
10005.0,24.0,0.464676
10005.0,25.0,0.0
10005.0,26.0,1.0
10005.0,27.0,1.0
10005.0,28.0,0.756818
10005.0,29.0,0.0
10005.0,30.0,1.0
10005.0,31.0,0.43935
10005.0,32.0,1.0
10005.0,33.0,0.58667
10005.0,34.0,0.821156
10005.0,35.0,0.852858
10005.0,36.0,1.0
10006.0,0.0,1.0
10006.0,1.0,0.697662
10006.0,2.0,0.999796
10006.0,3.0,0.0
10006.0,4.0,1.0
10006.0,5.0,1.0
10006.0,6.0,0.755937
10006.0,7.0,0.85604
10006.0,8.0,0.535508
10006.0,9.0,0.713444
10006.0,10.0,0.052383
10006.0,11.0,0.345803
10006.0,12.0,0.746837
10006.0,13.0,1.0
10006.0,14.0,1.0
10006.0,15.0,1.0
10006.0,16.0,0.777231
10006.0,17.0,0.357356
10006.0,18.0,0.145175
10006.0,19.0,1.0
10006.0,20.0,0.99833
10006.0,21.0,0.765277
10006.0,22.0,0.841579
10006.0,23.0,0.827147
10006.0,24.0,0.467603
10006.0,25.0,0.0
10006.0,26.0,1.0
10006.0,27.0,1.0
10006.0,28.0,0.758343
10006.0,29.0,0.0
10006.0,30.0,1.0
10006.0,31.0,0.440856
10006.0,32.0,1.0
10006.0,33.0,0.591818
10006.0,34.0,0.821659
10006.0,35.0,0.855991
10006.0,36.0,1.0
10007.0,0.0,1.0
10007.0,1.0,0.70175
10007.0,2.0,0.999799
10007.0,3.0,0.0
10007.0,4.0,1.0
10007.0,5.0,1.0
10007.0,6.0,0.761626
10007.0,7.0,0.860199
10007.0,8.0,0.54133
10007.0,9.0,0.713852
10007.0,10.0,0.055724
10007.0,11.0,0.346246
10007.0,12.0,0.748506
10007.0,13.0,1.0
10007.0,14.0,1.0
10007.0,15.0,1.0
10007.0,16.0,0.784087
10007.0,17.0,0.361387
10007.0,18.0,0.146034
10007.0,19.0,1.0
10007.0,20.0,0.99831
10007.0,21.0,0.776164
10007.0,22.0,0.845697
10007.0,23.0,0.831425
10007.0,24.0,0.469581
10007.0,25.0,0.0
10007.0,26.0,1.0
10007.0,27.0,1.0
10007.0,28.0,0.7597
10007.0,29.0,0.0
10007.0,30.0,1.0
10007.0,31.0,0.442955
10007.0,32.0,1.0
10007.0,33.0,0.596807
10007.0,34.0,0.822662
10007.0,35.0,0.858453
10007.0,36.0,1.0
10008.0,0.0,1.0
10008.0,1.0,0.706817
10008.0,2.0,0.999842
10008.0,3.0,0.0
10008.0,4.0,1.0
10008.0,5.0,1.0
10008.0,6.0,0.766245
10008.0,7.0,0.863689
10008.0,8.0,0.547214
10008.0,9.0,0.714457
10008.0,10.0,0.059094
10008.0,11.0,0.346491
10008.0,12.0,0.749618
10008.0,13.0,1.0
10008.0,14.0,1.0
10008.0,15.0,1.0
10008.0,16.0,0.790755
10008.0,17.0,0.365623
10008.0,18.0,0.14685
10008.0,19.0,1.0
10008.0,20.0,0.998303
10008.0,21.0,0.786827
10008.0,22.0,0.850111
10008.0,23.0,0.835385
10008.0,24.0,0.471457
10008.0,25.0,0.0
10008.0,26.0,1.0
10008.0,27.0,1.0
10008.0,28.0,0.761173
10008.0,29.0,0.0
10008.0,30.0,1.0
10008.0,31.0,0.444495
10008.0,32.0,1.0
10008.0,33.0,0.602522
10008.0,34.0,0.823365
10008.0,35.0,0.861175
10008.0,36.0,1.0
10009.0,0.0,1.0
10009.0,1.0,0.688088
10009.0,2.0,0.999829
10009.0,3.0,0.0
10009.0,4.0,1.0
10009.0,5.0,1.0
10009.0,6.0,0.745624
10009.0,7.0,0.846977
10009.0,8.0,0.525
10009.0,9.0,0.711668
10009.0,10.0,0.046105
10009.0,11.0,0.344027
10009.0,12.0,0.745529
10009.0,13.0,1.0
10009.0,14.0,1.0
10009.0,15.0,1.0
10009.0,16.0,0.762284
10009.0,17.0,0.349087
10009.0,18.0,0.142611
10009.0,19.0,1.0
10009.0,20.0,0.99834
10009.0,21.0,0.736051
10009.0,22.0,0.833357
10009.0,23.0,0.815168
10009.0,24.0,0.461464
10009.0,25.0,0.0
10009.0,26.0,1.0
10009.0,27.0,1.0
10009.0,28.0,0.75576
10009.0,29.0,0.0
10009.0,30.0,1.0
10009.0,31.0,0.435143
10009.0,32.0,1.0
10009.0,33.0,0.579981
10009.0,34.0,0.820213
10009.0,35.0,0.851938
10009.0,36.0,1.0
10010.0,0.0,1.0
10010.0,1.0,0.66981
10010.0,2.0,0.999828
10010.0,3.0,0.0
10010.0,4.0,1.0
10010.0,5.0,1.0
10010.0,6.0,0.725741
10010.0,7.0,0.829517
10010.0,8.0,0.504186
10010.0,9.0,0.709883
10010.0,10.0,0.036668
10010.0,11.0,0.341892
10010.0,12.0,0.742036
10010.0,13.0,1.0
10010.0,14.0,1.0
10010.0,15.0,1.0
10010.0,16.0,0.733258
10010.0,17.0,0.33389
10010.0,18.0,0.139306
10010.0,19.0,1.0
10010.0,20.0,0.998373
10010.0,21.0,0.684532
10010.0,22.0,0.816904
10010.0,23.0,0.794378
10010.0,24.0,0.451942
10010.0,25.0,0.0
10010.0,26.0,1.0
10010.0,27.0,1.0
10010.0,28.0,0.75089
10010.0,29.0,0.0
10010.0,30.0,1.0
10010.0,31.0,0.428014
10010.0,32.0,1.0
10010.0,33.0,0.559147
10010.0,34.0,0.817032
10010.0,35.0,0.842802
10010.0,36.0,1.0
