FREQUENCIES 
Gen,mut_id,mut_freq
1.0,0.0,0.5
1.0,1.0,0.5
1.0,2.0,0.5
1.0,3.0,0.5
1.0,4.0,0.5
1.0,5.0,0.5
1.0,6.0,0.5
1.0,7.0,0.5
1.0,8.0,0.5
1.0,9.0,0.5
1.0,10.0,0.5
1.0,11.0,0.5
1.0,12.0,0.5
1.0,13.0,0.5
1.0,14.0,0.5
1.0,15.0,0.5
1.0,16.0,0.5
1.0,17.0,0.5
1000.0,0.0,0.846083
1000.0,1.0,0.695878
1000.0,2.0,0.801546
1000.0,3.0,0.821801
1000.0,4.0,0.985897
1000.0,5.0,0.906663
1000.0,6.0,0.998765
1000.0,7.0,0.652544
1000.0,8.0,0.666561
1000.0,9.0,1.0
1000.0,10.0,0.324815
1000.0,11.0,1.0
1000.0,12.0,0.623437
1000.0,13.0,1.0
1000.0,14.0,0.676304
1000.0,15.0,1.0
1000.0,16.0,1.0
1000.0,17.0,1.0
1001.0,0.0,0.856684
1001.0,1.0,0.706334
1001.0,2.0,0.764193
1001.0,3.0,0.796029
1001.0,4.0,0.986935
1001.0,5.0,0.915944
1001.0,6.0,0.998814
1001.0,7.0,0.674013
1001.0,8.0,0.678502
1001.0,9.0,1.0
1001.0,10.0,0.435211
1001.0,11.0,1.0
1001.0,12.0,0.628814
1001.0,13.0,1.0
1001.0,14.0,0.685918
1001.0,15.0,1.0
1001.0,16.0,1.0
1001.0,17.0,1.0
1002.0,0.0,0.866091
1002.0,1.0,0.715417
1002.0,2.0,0.725949
1002.0,3.0,0.771897
1002.0,4.0,0.987894
1002.0,5.0,0.924795
1002.0,6.0,0.998882
1002.0,7.0,0.693632
1002.0,8.0,0.690132
1002.0,9.0,1.0
1002.0,10.0,0.551603
1002.0,11.0,1.0
1002.0,12.0,0.63409
1002.0,13.0,1.0
1002.0,14.0,0.695656
1002.0,15.0,1.0
1002.0,16.0,1.0
1002.0,17.0,1.0
1003.0,0.0,0.874122
1003.0,1.0,0.725294
1003.0,2.0,0.691477
1003.0,3.0,0.753571
1003.0,4.0,0.988874
1003.0,5.0,0.932736
1003.0,6.0,0.998938
1003.0,7.0,0.712015
1003.0,8.0,0.701084
1003.0,9.0,1.0
1003.0,10.0,0.660549
1003.0,11.0,1.0
1003.0,12.0,0.6394
1003.0,13.0,1.0
1003.0,14.0,0.704461
1003.0,15.0,1.0
1003.0,16.0,1.0
1003.0,17.0,1.0
1004.0,0.0,0.881581
1004.0,1.0,0.733716
1004.0,2.0,0.663943
1004.0,3.0,0.741808
1004.0,4.0,0.98969
1004.0,5.0,0.939702
1004.0,6.0,0.998917
1004.0,7.0,0.729132
1004.0,8.0,0.709913
1004.0,9.0,1.0
1004.0,10.0,0.754475
1004.0,11.0,1.0
1004.0,12.0,0.644012
1004.0,13.0,1.0
1004.0,14.0,0.713423
1004.0,15.0,1.0
1004.0,16.0,1.0
1004.0,17.0,1.0
1005.0,0.0,0.889057
1005.0,1.0,0.741294
1005.0,2.0,0.643988
1005.0,3.0,0.737412
1005.0,4.0,0.990473
1005.0,5.0,0.946186
1005.0,6.0,0.999007
1005.0,7.0,0.745365
1005.0,8.0,0.718723
1005.0,9.0,1.0
1005.0,10.0,0.828724
1005.0,11.0,1.0
1005.0,12.0,0.649282
1005.0,13.0,1.0
1005.0,14.0,0.721362
1005.0,15.0,1.0
1005.0,16.0,1.0
1005.0,17.0,1.0
1006.0,0.0,0.895741
1006.0,1.0,0.749275
1006.0,2.0,0.631802
1006.0,3.0,0.738704
1006.0,4.0,0.991013
1006.0,5.0,0.951665
1006.0,6.0,0.999035
1006.0,7.0,0.761169
1006.0,8.0,0.726943
1006.0,9.0,1.0
1006.0,10.0,0.884006
1006.0,11.0,1.0
1006.0,12.0,0.653958
1006.0,13.0,1.0
1006.0,14.0,0.730125
1006.0,15.0,1.0
1006.0,16.0,1.0
1006.0,17.0,1.0
1007.0,0.0,0.901113
1007.0,1.0,0.757302
1007.0,2.0,0.626432
1007.0,3.0,0.74494
1007.0,4.0,0.991692
1007.0,5.0,0.956732
1007.0,6.0,0.999047
1007.0,7.0,0.774827
1007.0,8.0,0.734165
1007.0,9.0,1.0
1007.0,10.0,0.923073
1007.0,11.0,1.0
1007.0,12.0,0.659083
1007.0,13.0,1.0
1007.0,14.0,0.737953
1007.0,15.0,1.0
1007.0,16.0,1.0
1007.0,17.0,1.0
1008.0,0.0,0.906427
1008.0,1.0,0.765263
1008.0,2.0,0.625193
1008.0,3.0,0.753463
1008.0,4.0,0.992449
1008.0,5.0,0.961311
1008.0,6.0,0.999094
1008.0,7.0,0.78815
1008.0,8.0,0.741313
1008.0,9.0,1.0
1008.0,10.0,0.94986
1008.0,11.0,1.0
1008.0,12.0,0.663443
1008.0,13.0,1.0
1008.0,14.0,0.745815
1008.0,15.0,1.0
1008.0,16.0,1.0
1008.0,17.0,1.0
1009.0,0.0,0.876084
1009.0,1.0,0.726959
1009.0,2.0,0.744881
1009.0,3.0,0.801445
1009.0,4.0,0.989126
1009.0,5.0,0.935725
1009.0,6.0,0.998934
1009.0,7.0,0.717786
1009.0,8.0,0.701587
1009.0,9.0,1.0
1009.0,10.0,0.519862
1009.0,11.0,1.0
1009.0,12.0,0.64198
1009.0,13.0,1.0
1009.0,14.0,0.708355
1009.0,15.0,1.0
1009.0,16.0,1.0
1009.0,17.0,1.0
1010.0,0.0,0.846747
1010.0,1.0,0.695195
1010.0,2.0,0.799714
1010.0,3.0,0.822597
1010.0,4.0,0.985621
1010.0,5.0,0.904499
1010.0,6.0,0.998787
1010.0,7.0,0.649554
1010.0,8.0,0.669985
1010.0,9.0,1.0
1010.0,10.0,0.324765
1010.0,11.0,1.0
1010.0,12.0,0.624695
1010.0,13.0,1.0
1010.0,14.0,0.676899
1010.0,15.0,1.0
1010.0,16.0,1.0
1010.0,17.0,1.0
2000.0,0.0,0.847947
2000.0,1.0,0.706744
2000.0,2.0,0.795165
2000.0,3.0,0.820757
2000.0,4.0,0.992222
2000.0,5.0,0.890425
2000.0,6.0,1.0
2000.0,7.0,0.648977
2000.0,8.0,0.672874
2000.0,9.0,1.0
2000.0,10.0,0.32601
2000.0,11.0,1.0
2000.0,12.0,0.622652
2000.0,13.0,1.0
2000.0,14.0,0.683846
2000.0,15.0,1.0
2000.0,16.0,1.0
2000.0,17.0,1.0
2001.0,0.0,0.857643
2001.0,1.0,0.715953
2001.0,2.0,0.760589
2001.0,3.0,0.793298
2001.0,4.0,0.992698
2001.0,5.0,0.901858
2001.0,6.0,1.0
2001.0,7.0,0.670915
2001.0,8.0,0.683508
2001.0,9.0,1.0
2001.0,10.0,0.435006
2001.0,11.0,1.0
2001.0,12.0,0.629028
2001.0,13.0,1.0
2001.0,14.0,0.693853
2001.0,15.0,1.0
2001.0,16.0,1.0
2001.0,17.0,1.0
2002.0,0.0,0.86649
2002.0,1.0,0.724569
2002.0,2.0,0.724525
2002.0,3.0,0.767424
2002.0,4.0,0.993221
2002.0,5.0,0.911991
2002.0,6.0,1.0
2002.0,7.0,0.690743
2002.0,8.0,0.693461
2002.0,9.0,1.0
2002.0,10.0,0.549716
2002.0,11.0,1.0
2002.0,12.0,0.635214
2002.0,13.0,1.0
2002.0,14.0,0.70191
2002.0,15.0,1.0
2002.0,16.0,1.0
2002.0,17.0,1.0
2003.0,0.0,0.875016
2003.0,1.0,0.732511
2003.0,2.0,0.691216
2003.0,3.0,0.746985
2003.0,4.0,0.993664
2003.0,5.0,0.921142
2003.0,6.0,1.0
2003.0,7.0,0.70924
2003.0,8.0,0.702487
2003.0,9.0,1.0
2003.0,10.0,0.65979
2003.0,11.0,1.0
2003.0,12.0,0.640928
2003.0,13.0,1.0
2003.0,14.0,0.710297
2003.0,15.0,1.0
2003.0,16.0,1.0
2003.0,17.0,1.0
2004.0,0.0,0.882979
2004.0,1.0,0.741204
2004.0,2.0,0.66448
2004.0,3.0,0.733998
2004.0,4.0,0.994173
2004.0,5.0,0.929263
2004.0,6.0,1.0
2004.0,7.0,0.726785
2004.0,8.0,0.71067
2004.0,9.0,1.0
2004.0,10.0,0.753562
2004.0,11.0,1.0
2004.0,12.0,0.64571
2004.0,13.0,1.0
2004.0,14.0,0.718125
2004.0,15.0,1.0
2004.0,16.0,1.0
2004.0,17.0,1.0
2005.0,0.0,0.889279
2005.0,1.0,0.749287
2005.0,2.0,0.645421
2005.0,3.0,0.728499
2005.0,4.0,0.994734
2005.0,5.0,0.936555
2005.0,6.0,1.0
2005.0,7.0,0.742726
2005.0,8.0,0.719739
2005.0,9.0,1.0
2005.0,10.0,0.827895
2005.0,11.0,1.0
2005.0,12.0,0.650226
2005.0,13.0,1.0
2005.0,14.0,0.726558
2005.0,15.0,1.0
2005.0,16.0,1.0
2005.0,17.0,1.0
2006.0,0.0,0.895208
2006.0,1.0,0.756079
2006.0,2.0,0.634488
2006.0,3.0,0.730093
2006.0,4.0,0.99512
2006.0,5.0,0.943466
2006.0,6.0,1.0
2006.0,7.0,0.758072
2006.0,8.0,0.727956
2006.0,9.0,1.0
2006.0,10.0,0.883295
2006.0,11.0,1.0
2006.0,12.0,0.654479
2006.0,13.0,1.0
2006.0,14.0,0.735245
2006.0,15.0,1.0
2006.0,16.0,1.0
2006.0,17.0,1.0
2007.0,0.0,0.901042
2007.0,1.0,0.763671
2007.0,2.0,0.62827
2007.0,3.0,0.73537
2007.0,4.0,0.995458
2007.0,5.0,0.949035
2007.0,6.0,1.0
2007.0,7.0,0.772388
2007.0,8.0,0.736041
2007.0,9.0,1.0
2007.0,10.0,0.922687
2007.0,11.0,1.0
2007.0,12.0,0.659295
2007.0,13.0,1.0
2007.0,14.0,0.743943
2007.0,15.0,1.0
2007.0,16.0,1.0
2007.0,17.0,1.0
2008.0,0.0,0.906841
2008.0,1.0,0.77056
2008.0,2.0,0.627492
2008.0,3.0,0.743301
2008.0,4.0,0.995844
2008.0,5.0,0.954274
2008.0,6.0,1.0
2008.0,7.0,0.786482
2008.0,8.0,0.743561
2008.0,9.0,1.0
2008.0,10.0,0.949765
2008.0,11.0,1.0
2008.0,12.0,0.663477
2008.0,13.0,1.0
2008.0,14.0,0.75126
2008.0,15.0,1.0
2008.0,16.0,1.0
2008.0,17.0,1.0
2009.0,0.0,0.877124
2009.0,1.0,0.739266
2009.0,2.0,0.745063
2009.0,3.0,0.799116
2009.0,4.0,0.994103
2009.0,5.0,0.92329
2009.0,6.0,1.0
2009.0,7.0,0.714365
2009.0,8.0,0.70608
2009.0,9.0,1.0
2009.0,10.0,0.522716
2009.0,11.0,1.0
2009.0,12.0,0.642568
2009.0,13.0,1.0
2009.0,14.0,0.715354
2009.0,15.0,1.0
2009.0,16.0,1.0
2009.0,17.0,1.0
2010.0,0.0,0.848198
2010.0,1.0,0.707998
2010.0,2.0,0.798873
2010.0,3.0,0.823211
2010.0,4.0,0.991922
2010.0,5.0,0.888708
2010.0,6.0,1.0
2010.0,7.0,0.645951
2010.0,8.0,0.675112
2010.0,9.0,1.0
2010.0,10.0,0.325462
2010.0,11.0,1.0
2010.0,12.0,0.625048
2010.0,13.0,1.0
2010.0,14.0,0.68371
2010.0,15.0,1.0
2010.0,16.0,1.0
2010.0,17.0,1.0
3000.0,0.0,0.847035
3000.0,1.0,0.700968
3000.0,2.0,0.801927
3000.0,3.0,0.823719
3000.0,4.0,0.995092
3000.0,5.0,0.90737
3000.0,6.0,1.0
3000.0,7.0,0.648081
3000.0,8.0,0.672022
3000.0,9.0,1.0
3000.0,10.0,0.324724
3000.0,11.0,1.0
3000.0,12.0,0.619163
3000.0,13.0,1.0
3000.0,14.0,0.679291
3000.0,15.0,1.0
3000.0,16.0,1.0
3000.0,17.0,1.0
3001.0,0.0,0.857331
3001.0,1.0,0.71067
3001.0,2.0,0.764275
3001.0,3.0,0.796348
3001.0,4.0,0.995426
3001.0,5.0,0.916819
3001.0,6.0,1.0
3001.0,7.0,0.669983
3001.0,8.0,0.682127
3001.0,9.0,1.0
3001.0,10.0,0.434607
3001.0,11.0,1.0
3001.0,12.0,0.624554
3001.0,13.0,1.0
3001.0,14.0,0.688183
3001.0,15.0,1.0
3001.0,16.0,1.0
3001.0,17.0,1.0
3002.0,0.0,0.866356
3002.0,1.0,0.719828
3002.0,2.0,0.726171
3002.0,3.0,0.771344
3002.0,4.0,0.995762
3002.0,5.0,0.925288
3002.0,6.0,1.0
3002.0,7.0,0.690123
3002.0,8.0,0.691577
3002.0,9.0,1.0
3002.0,10.0,0.548793
3002.0,11.0,1.0
3002.0,12.0,0.629204
3002.0,13.0,1.0
3002.0,14.0,0.696468
3002.0,15.0,1.0
3002.0,16.0,1.0
3002.0,17.0,1.0
3003.0,0.0,0.874369
3003.0,1.0,0.728545
3003.0,2.0,0.69222
3003.0,3.0,0.751624
3003.0,4.0,0.996084
3003.0,5.0,0.933058
3003.0,6.0,1.0
3003.0,7.0,0.710167
3003.0,8.0,0.700686
3003.0,9.0,1.0
3003.0,10.0,0.657692
3003.0,11.0,1.0
3003.0,12.0,0.633994
3003.0,13.0,1.0
3003.0,14.0,0.705671
3003.0,15.0,1.0
3003.0,16.0,1.0
3003.0,17.0,1.0
3004.0,0.0,0.881927
3004.0,1.0,0.736486
3004.0,2.0,0.664048
3004.0,3.0,0.739388
3004.0,4.0,0.996337
3004.0,5.0,0.940452
3004.0,6.0,1.0
3004.0,7.0,0.727085
3004.0,8.0,0.710445
3004.0,9.0,1.0
3004.0,10.0,0.751409
3004.0,11.0,1.0
3004.0,12.0,0.638905
3004.0,13.0,1.0
3004.0,14.0,0.713788
3004.0,15.0,1.0
3004.0,16.0,1.0
3004.0,17.0,1.0
3005.0,0.0,0.88947
3005.0,1.0,0.744055
3005.0,2.0,0.644485
3005.0,3.0,0.7346
3005.0,4.0,0.996594
3005.0,5.0,0.946322
3005.0,6.0,1.0
3005.0,7.0,0.743948
3005.0,8.0,0.718457
3005.0,9.0,1.0
3005.0,10.0,0.826253
3005.0,11.0,1.0
3005.0,12.0,0.643671
3005.0,13.0,1.0
3005.0,14.0,0.721499
3005.0,15.0,1.0
3005.0,16.0,1.0
3005.0,17.0,1.0
3006.0,0.0,0.896145
3006.0,1.0,0.751845
3006.0,2.0,0.631637
3006.0,3.0,0.735854
3006.0,4.0,0.996793
3006.0,5.0,0.95205
3006.0,6.0,1.0
3006.0,7.0,0.758708
3006.0,8.0,0.7267
3006.0,9.0,1.0
3006.0,10.0,0.882063
3006.0,11.0,1.0
3006.0,12.0,0.648636
3006.0,13.0,1.0
3006.0,14.0,0.729876
3006.0,15.0,1.0
3006.0,16.0,1.0
3006.0,17.0,1.0
3007.0,0.0,0.902319
3007.0,1.0,0.758818
3007.0,2.0,0.625929
3007.0,3.0,0.74101
3007.0,4.0,0.996984
3007.0,5.0,0.957286
3007.0,6.0,1.0
3007.0,7.0,0.773505
3007.0,8.0,0.73458
3007.0,9.0,1.0
3007.0,10.0,0.92225
3007.0,11.0,1.0
3007.0,12.0,0.654045
3007.0,13.0,1.0
3007.0,14.0,0.738198
3007.0,15.0,1.0
3007.0,16.0,1.0
3007.0,17.0,1.0
3008.0,0.0,0.907929
3008.0,1.0,0.766317
3008.0,2.0,0.624152
3008.0,3.0,0.749745
3008.0,4.0,0.997182
3008.0,5.0,0.961398
3008.0,6.0,1.0
3008.0,7.0,0.787213
3008.0,8.0,0.742075
3008.0,9.0,1.0
3008.0,10.0,0.949038
3008.0,11.0,1.0
3008.0,12.0,0.658153
3008.0,13.0,1.0
3008.0,14.0,0.746319
3008.0,15.0,1.0
3008.0,16.0,1.0
3008.0,17.0,1.0
3009.0,0.0,0.876782
3009.0,1.0,0.73243
3009.0,2.0,0.744218
3009.0,3.0,0.801461
3009.0,4.0,0.995545
3009.0,5.0,0.938389
3009.0,6.0,1.0
3009.0,7.0,0.718442
3009.0,8.0,0.705863
3009.0,9.0,1.0
3009.0,10.0,0.520531
3009.0,11.0,1.0
3009.0,12.0,0.633484
3009.0,13.0,1.0
3009.0,14.0,0.71051
3009.0,15.0,1.0
3009.0,16.0,1.0
3009.0,17.0,1.0
3010.0,0.0,0.847192
3010.0,1.0,0.700394
3010.0,2.0,0.799707
3010.0,3.0,0.824447
3010.0,4.0,0.994166
3010.0,5.0,0.908627
3010.0,6.0,1.0
3010.0,7.0,0.650429
3010.0,8.0,0.674719
3010.0,9.0,1.0
3010.0,10.0,0.324826
3010.0,11.0,1.0
3010.0,12.0,0.614288
3010.0,13.0,1.0
3010.0,14.0,0.677514
3010.0,15.0,1.0
3010.0,16.0,1.0
3010.0,17.0,1.0
4000.0,0.0,0.846323
4000.0,1.0,0.700019
4000.0,2.0,0.808714
4000.0,3.0,0.820792
4000.0,4.0,0.996235
4000.0,5.0,0.904974
4000.0,6.0,1.0
4000.0,7.0,0.643098
4000.0,8.0,0.672525
4000.0,9.0,1.0
4000.0,10.0,0.325074
4000.0,11.0,1.0
4000.0,12.0,0.615009
4000.0,13.0,1.0
4000.0,14.0,0.673676
4000.0,15.0,1.0
4000.0,16.0,1.0
4000.0,17.0,1.0
4001.0,0.0,0.856223
4001.0,1.0,0.709508
4001.0,2.0,0.771152
4001.0,3.0,0.793836
4001.0,4.0,0.996507
4001.0,5.0,0.914719
4001.0,6.0,1.0
4001.0,7.0,0.665617
4001.0,8.0,0.682542
4001.0,9.0,1.0
4001.0,10.0,0.434917
4001.0,11.0,1.0
4001.0,12.0,0.620617
4001.0,13.0,1.0
4001.0,14.0,0.684501
4001.0,15.0,1.0
4001.0,16.0,1.0
4001.0,17.0,1.0
4002.0,0.0,0.865124
4002.0,1.0,0.718284
4002.0,2.0,0.73245
4002.0,3.0,0.767817
4002.0,4.0,0.996816
4002.0,5.0,0.92396
4002.0,6.0,1.0
4002.0,7.0,0.686146
4002.0,8.0,0.692795
4002.0,9.0,1.0
4002.0,10.0,0.549818
4002.0,11.0,1.0
4002.0,12.0,0.625127
4002.0,13.0,1.0
4002.0,14.0,0.695287
4002.0,15.0,1.0
4002.0,16.0,1.0
4002.0,17.0,1.0
4003.0,0.0,0.873529
4003.0,1.0,0.726717
4003.0,2.0,0.697601
4003.0,3.0,0.7473
4003.0,4.0,0.996981
4003.0,5.0,0.93211
4003.0,6.0,1.0
4003.0,7.0,0.704087
4003.0,8.0,0.701192
4003.0,9.0,1.0
4003.0,10.0,0.65914
4003.0,11.0,1.0
4003.0,12.0,0.62966
4003.0,13.0,1.0
4003.0,14.0,0.705134
4003.0,15.0,1.0
4003.0,16.0,1.0
4003.0,17.0,1.0
4004.0,0.0,0.880627
4004.0,1.0,0.735506
4004.0,2.0,0.670124
4004.0,3.0,0.735734
4004.0,4.0,0.997176
4004.0,5.0,0.939181
4004.0,6.0,1.0
4004.0,7.0,0.721225
4004.0,8.0,0.710014
4004.0,9.0,1.0
4004.0,10.0,0.752039
4004.0,11.0,1.0
4004.0,12.0,0.634484
4004.0,13.0,1.0
4004.0,14.0,0.714132
4004.0,15.0,1.0
4004.0,16.0,1.0
4004.0,17.0,1.0
4005.0,0.0,0.887686
4005.0,1.0,0.743139
4005.0,2.0,0.649927
4005.0,3.0,0.730881
4005.0,4.0,0.997341
4005.0,5.0,0.945861
4005.0,6.0,1.0
4005.0,7.0,0.737852
4005.0,8.0,0.718342
4005.0,9.0,1.0
4005.0,10.0,0.826476
4005.0,11.0,1.0
4005.0,12.0,0.639927
4005.0,13.0,1.0
4005.0,14.0,0.722888
4005.0,15.0,1.0
4005.0,16.0,1.0
4005.0,17.0,1.0
4006.0,0.0,0.894013
4006.0,1.0,0.751578
4006.0,2.0,0.637437
4006.0,3.0,0.732188
4006.0,4.0,0.997639
4006.0,5.0,0.951446
4006.0,6.0,1.0
4006.0,7.0,0.753768
4006.0,8.0,0.725857
4006.0,9.0,1.0
4006.0,10.0,0.88197
4006.0,11.0,1.0
4006.0,12.0,0.644776
4006.0,13.0,1.0
4006.0,14.0,0.73066
4006.0,15.0,1.0
4006.0,16.0,1.0
4006.0,17.0,1.0
4007.0,0.0,0.900119
4007.0,1.0,0.759348
4007.0,2.0,0.631237
4007.0,3.0,0.738182
4007.0,4.0,0.997869
4007.0,5.0,0.956413
4007.0,6.0,1.0
4007.0,7.0,0.768101
4007.0,8.0,0.734053
4007.0,9.0,1.0
4007.0,10.0,0.921827
4007.0,11.0,1.0
4007.0,12.0,0.649637
4007.0,13.0,1.0
4007.0,14.0,0.739412
4007.0,15.0,1.0
4007.0,16.0,1.0
4007.0,17.0,1.0
4008.0,0.0,0.90552
4008.0,1.0,0.766669
4008.0,2.0,0.630547
4008.0,3.0,0.746767
4008.0,4.0,0.99808
4008.0,5.0,0.961024
4008.0,6.0,1.0
4008.0,7.0,0.781459
4008.0,8.0,0.741302
4008.0,9.0,1.0
4008.0,10.0,0.949622
4008.0,11.0,1.0
4008.0,12.0,0.653874
4008.0,13.0,1.0
4008.0,14.0,0.747647
4008.0,15.0,1.0
4008.0,16.0,1.0
4008.0,17.0,1.0
4009.0,0.0,0.872585
4009.0,1.0,0.733066
4009.0,2.0,0.750205
4009.0,3.0,0.799334
4009.0,4.0,0.997316
4009.0,5.0,0.934584
4009.0,6.0,1.0
4009.0,7.0,0.710503
4009.0,8.0,0.705863
4009.0,9.0,1.0
4009.0,10.0,0.521188
4009.0,11.0,1.0
4009.0,12.0,0.631327
4009.0,13.0,1.0
4009.0,14.0,0.707709
4009.0,15.0,1.0
4009.0,16.0,1.0
4009.0,17.0,1.0
4010.0,0.0,0.840792
4010.0,1.0,0.701922
4010.0,2.0,0.805792
4010.0,3.0,0.823313
4010.0,4.0,0.996444
4010.0,5.0,0.904312
4010.0,6.0,1.0
4010.0,7.0,0.641032
4010.0,8.0,0.674964
4010.0,9.0,1.0
4010.0,10.0,0.325714
4010.0,11.0,1.0
4010.0,12.0,0.613925
4010.0,13.0,1.0
4010.0,14.0,0.674868
4010.0,15.0,1.0
4010.0,16.0,1.0
4010.0,17.0,1.0
5000.0,0.0,0.844485
5000.0,1.0,0.698191
5000.0,2.0,0.805431
5000.0,3.0,0.820285
5000.0,4.0,1.0
5000.0,5.0,0.890054
5000.0,6.0,1.0
5000.0,7.0,0.653761
5000.0,8.0,0.672099
5000.0,9.0,1.0
5000.0,10.0,0.32459
5000.0,11.0,1.0
5000.0,12.0,0.630657
5000.0,13.0,1.0
5000.0,14.0,0.682278
5000.0,15.0,1.0
5000.0,16.0,1.0
5000.0,17.0,1.0
5001.0,0.0,0.854539
5001.0,1.0,0.708938
5001.0,2.0,0.768152
5001.0,3.0,0.79459
5001.0,4.0,1.0
5001.0,5.0,0.901056
5001.0,6.0,1.0
5001.0,7.0,0.674896
5001.0,8.0,0.682069
5001.0,9.0,1.0
5001.0,10.0,0.434246
5001.0,11.0,1.0
5001.0,12.0,0.635611
5001.0,13.0,1.0
5001.0,14.0,0.691144
5001.0,15.0,1.0
5001.0,16.0,1.0
5001.0,17.0,1.0
5002.0,0.0,0.863771
5002.0,1.0,0.718565
5002.0,2.0,0.730373
5002.0,3.0,0.771518
5002.0,4.0,1.0
5002.0,5.0,0.910953
5002.0,6.0,1.0
5002.0,7.0,0.694543
5002.0,8.0,0.692301
5002.0,9.0,1.0
5002.0,10.0,0.548957
5002.0,11.0,1.0
5002.0,12.0,0.640169
5002.0,13.0,1.0
5002.0,14.0,0.700743
5002.0,15.0,1.0
5002.0,16.0,1.0
5002.0,17.0,1.0
5003.0,0.0,0.872188
5003.0,1.0,0.727557
5003.0,2.0,0.696227
5003.0,3.0,0.752675
5003.0,4.0,1.0
5003.0,5.0,0.920389
5003.0,6.0,1.0
5003.0,7.0,0.712045
5003.0,8.0,0.701189
5003.0,9.0,1.0
5003.0,10.0,0.658784
5003.0,11.0,1.0
5003.0,12.0,0.644989
5003.0,13.0,1.0
5003.0,14.0,0.708915
5003.0,15.0,1.0
5003.0,16.0,1.0
5003.0,17.0,1.0
5004.0,0.0,0.879749
5004.0,1.0,0.735921
5004.0,2.0,0.668966
5004.0,3.0,0.740549
5004.0,4.0,1.0
5004.0,5.0,0.928761
5004.0,6.0,1.0
5004.0,7.0,0.729046
5004.0,8.0,0.709622
5004.0,9.0,1.0
5004.0,10.0,0.752264
5004.0,11.0,1.0
5004.0,12.0,0.648848
5004.0,13.0,1.0
5004.0,14.0,0.71703
5004.0,15.0,1.0
5004.0,16.0,1.0
5004.0,17.0,1.0
5005.0,0.0,0.886958
5005.0,1.0,0.744028
5005.0,2.0,0.649888
5005.0,3.0,0.735531
5005.0,4.0,1.0
5005.0,5.0,0.936853
5005.0,6.0,1.0
5005.0,7.0,0.745059
5005.0,8.0,0.718273
5005.0,9.0,1.0
5005.0,10.0,0.827256
5005.0,11.0,1.0
5005.0,12.0,0.653485
5005.0,13.0,1.0
5005.0,14.0,0.724177
5005.0,15.0,1.0
5005.0,16.0,1.0
5005.0,17.0,1.0
5006.0,0.0,0.893359
5006.0,1.0,0.751579
5006.0,2.0,0.638919
5006.0,3.0,0.737743
5006.0,4.0,1.0
5006.0,5.0,0.943368
5006.0,6.0,1.0
5006.0,7.0,0.759882
5006.0,8.0,0.725547
5006.0,9.0,1.0
5006.0,10.0,0.882783
5006.0,11.0,1.0
5006.0,12.0,0.656751
5006.0,13.0,1.0
5006.0,14.0,0.731623
5006.0,15.0,1.0
5006.0,16.0,1.0
5006.0,17.0,1.0
5007.0,0.0,0.899133
5007.0,1.0,0.758969
5007.0,2.0,0.633621
5007.0,3.0,0.743059
5007.0,4.0,1.0
5007.0,5.0,0.949166
5007.0,6.0,1.0
5007.0,7.0,0.774608
5007.0,8.0,0.731496
5007.0,9.0,1.0
5007.0,10.0,0.922462
5007.0,11.0,1.0
5007.0,12.0,0.66052
5007.0,13.0,1.0
5007.0,14.0,0.738732
5007.0,15.0,1.0
5007.0,16.0,1.0
5007.0,17.0,1.0
5008.0,0.0,0.905114
5008.0,1.0,0.765983
5008.0,2.0,0.633084
5008.0,3.0,0.752458
5008.0,4.0,1.0
5008.0,5.0,0.954323
5008.0,6.0,1.0
5008.0,7.0,0.787994
5008.0,8.0,0.738372
5008.0,9.0,1.0
5008.0,10.0,0.949519
5008.0,11.0,1.0
5008.0,12.0,0.664201
5008.0,13.0,1.0
5008.0,14.0,0.746242
5008.0,15.0,1.0
5008.0,16.0,1.0
5008.0,17.0,1.0
5009.0,0.0,0.877553
5009.0,1.0,0.731424
5009.0,2.0,0.749959
5009.0,3.0,0.800555
5009.0,4.0,1.0
5009.0,5.0,0.9255
5009.0,6.0,1.0
5009.0,7.0,0.718157
5009.0,8.0,0.703493
5009.0,9.0,1.0
5009.0,10.0,0.521285
5009.0,11.0,1.0
5009.0,12.0,0.643442
5009.0,13.0,1.0
5009.0,14.0,0.709136
5009.0,15.0,1.0
5009.0,16.0,1.0
5009.0,17.0,1.0
5010.0,0.0,0.84869
5010.0,1.0,0.701671
5010.0,2.0,0.805018
5010.0,3.0,0.821722
5010.0,4.0,1.0
5010.0,5.0,0.891943
5010.0,6.0,1.0
5010.0,7.0,0.652136
5010.0,8.0,0.672561
5010.0,9.0,1.0
5010.0,10.0,0.324345
5010.0,11.0,1.0
5010.0,12.0,0.625906
5010.0,13.0,1.0
5010.0,14.0,0.675692
5010.0,15.0,1.0
5010.0,16.0,1.0
5010.0,17.0,1.0
6000.0,0.0,0.850113
6000.0,1.0,0.697555
6000.0,2.0,0.801972
6000.0,3.0,0.820612
6000.0,4.0,1.0
6000.0,5.0,0.902557
6000.0,6.0,1.0
6000.0,7.0,0.650086
6000.0,8.0,0.671997
6000.0,9.0,1.0
6000.0,10.0,0.32438
6000.0,11.0,1.0
6000.0,12.0,0.626223
6000.0,13.0,1.0
6000.0,14.0,0.680603
6000.0,15.0,1.0
6000.0,16.0,1.0
6000.0,17.0,1.0
6001.0,0.0,0.859277
6001.0,1.0,0.706391
6001.0,2.0,0.764606
6001.0,3.0,0.795382
6001.0,4.0,1.0
6001.0,5.0,0.912749
6001.0,6.0,1.0
6001.0,7.0,0.672375
6001.0,8.0,0.682809
6001.0,9.0,1.0
6001.0,10.0,0.434531
6001.0,11.0,1.0
6001.0,12.0,0.631045
6001.0,13.0,1.0
6001.0,14.0,0.690542
6001.0,15.0,1.0
6001.0,16.0,1.0
6001.0,17.0,1.0
6002.0,0.0,0.868584
6002.0,1.0,0.715377
6002.0,2.0,0.725955
6002.0,3.0,0.7716
6002.0,4.0,1.0
6002.0,5.0,0.921921
6002.0,6.0,1.0
6002.0,7.0,0.691722
6002.0,8.0,0.691246
6002.0,9.0,1.0
6002.0,10.0,0.550142
6002.0,11.0,1.0
6002.0,12.0,0.636244
6002.0,13.0,1.0
6002.0,14.0,0.700595
6002.0,15.0,1.0
6002.0,16.0,1.0
6002.0,17.0,1.0
6003.0,0.0,0.876459
6003.0,1.0,0.724681
6003.0,2.0,0.692202
6003.0,3.0,0.753563
6003.0,4.0,1.0
6003.0,5.0,0.929912
6003.0,6.0,1.0
6003.0,7.0,0.710288
6003.0,8.0,0.701128
6003.0,9.0,1.0
6003.0,10.0,0.660102
6003.0,11.0,1.0
6003.0,12.0,0.641133
6003.0,13.0,1.0
6003.0,14.0,0.709563
6003.0,15.0,1.0
6003.0,16.0,1.0
6003.0,17.0,1.0
6004.0,0.0,0.882975
6004.0,1.0,0.733112
6004.0,2.0,0.664278
6004.0,3.0,0.742406
6004.0,4.0,1.0
6004.0,5.0,0.937239
6004.0,6.0,1.0
6004.0,7.0,0.728287
6004.0,8.0,0.71009
6004.0,9.0,1.0
6004.0,10.0,0.754461
6004.0,11.0,1.0
6004.0,12.0,0.646015
6004.0,13.0,1.0
6004.0,14.0,0.718189
6004.0,15.0,1.0
6004.0,16.0,1.0
6004.0,17.0,1.0
6005.0,0.0,0.890418
6005.0,1.0,0.740488
6005.0,2.0,0.645046
6005.0,3.0,0.738924
6005.0,4.0,1.0
6005.0,5.0,0.943938
6005.0,6.0,1.0
6005.0,7.0,0.744635
6005.0,8.0,0.718564
6005.0,9.0,1.0
6005.0,10.0,0.828725
6005.0,11.0,1.0
6005.0,12.0,0.651221
6005.0,13.0,1.0
6005.0,14.0,0.726021
6005.0,15.0,1.0
6005.0,16.0,1.0
6005.0,17.0,1.0
6006.0,0.0,0.896654
6006.0,1.0,0.749056
6006.0,2.0,0.632192
6006.0,3.0,0.740651
6006.0,4.0,1.0
6006.0,5.0,0.949768
6006.0,6.0,1.0
6006.0,7.0,0.759667
6006.0,8.0,0.726404
6006.0,9.0,1.0
6006.0,10.0,0.884164
6006.0,11.0,1.0
6006.0,12.0,0.65548
6006.0,13.0,1.0
6006.0,14.0,0.734414
6006.0,15.0,1.0
6006.0,16.0,1.0
6006.0,17.0,1.0
6007.0,0.0,0.903003
6007.0,1.0,0.75646
6007.0,2.0,0.626368
6007.0,3.0,0.745907
6007.0,4.0,1.0
6007.0,5.0,0.954972
6007.0,6.0,1.0
6007.0,7.0,0.774499
6007.0,8.0,0.733805
6007.0,9.0,1.0
6007.0,10.0,0.923397
6007.0,11.0,1.0
6007.0,12.0,0.659829
6007.0,13.0,1.0
6007.0,14.0,0.743001
6007.0,15.0,1.0
6007.0,16.0,1.0
6007.0,17.0,1.0
6008.0,0.0,0.908556
6008.0,1.0,0.762388
6008.0,2.0,0.625142
6008.0,3.0,0.754197
6008.0,4.0,1.0
6008.0,5.0,0.960105
6008.0,6.0,1.0
6008.0,7.0,0.787602
6008.0,8.0,0.74121
6008.0,9.0,1.0
6008.0,10.0,0.949981
6008.0,11.0,1.0
6008.0,12.0,0.66484
6008.0,13.0,1.0
6008.0,14.0,0.750109
6008.0,15.0,1.0
6008.0,16.0,1.0
6008.0,17.0,1.0
6009.0,0.0,0.876937
6009.0,1.0,0.729321
6009.0,2.0,0.743026
6009.0,3.0,0.801179
6009.0,4.0,1.0
6009.0,5.0,0.934309
6009.0,6.0,1.0
6009.0,7.0,0.715075
6009.0,8.0,0.705577
6009.0,9.0,1.0
6009.0,10.0,0.519671
6009.0,11.0,1.0
6009.0,12.0,0.642639
6009.0,13.0,1.0
6009.0,14.0,0.715901
6009.0,15.0,1.0
6009.0,16.0,1.0
6009.0,17.0,1.0
6010.0,0.0,0.846567
6010.0,1.0,0.69778
6010.0,2.0,0.797558
6010.0,3.0,0.819915
6010.0,4.0,1.0
6010.0,5.0,0.903854
6010.0,6.0,1.0
6010.0,7.0,0.646773
6010.0,8.0,0.674966
6010.0,9.0,1.0
6010.0,10.0,0.323784
6010.0,11.0,1.0
6010.0,12.0,0.625226
6010.0,13.0,1.0
6010.0,14.0,0.683069
6010.0,15.0,1.0
6010.0,16.0,1.0
6010.0,17.0,1.0
7000.0,0.0,0.852319
7000.0,1.0,0.708801
7000.0,2.0,0.804272
7000.0,3.0,0.823327
7000.0,4.0,1.0
7000.0,5.0,0.904444
7000.0,6.0,1.0
7000.0,7.0,0.650882
7000.0,8.0,0.667029
7000.0,9.0,1.0
7000.0,10.0,0.324988
7000.0,11.0,1.0
7000.0,12.0,0.615484
7000.0,13.0,1.0
7000.0,14.0,0.679579
7000.0,15.0,1.0
7000.0,16.0,1.0
7000.0,17.0,1.0
7001.0,0.0,0.86103
7001.0,1.0,0.717744
7001.0,2.0,0.766724
7001.0,3.0,0.797392
7001.0,4.0,1.0
7001.0,5.0,0.914281
7001.0,6.0,1.0
7001.0,7.0,0.672636
7001.0,8.0,0.67742
7001.0,9.0,1.0
7001.0,10.0,0.434567
7001.0,11.0,1.0
7001.0,12.0,0.620414
7001.0,13.0,1.0
7001.0,14.0,0.689184
7001.0,15.0,1.0
7001.0,16.0,1.0
7001.0,17.0,1.0
7002.0,0.0,0.869717
7002.0,1.0,0.726894
7002.0,2.0,0.728519
7002.0,3.0,0.772657
7002.0,4.0,1.0
7002.0,5.0,0.923126
7002.0,6.0,1.0
7002.0,7.0,0.692805
7002.0,8.0,0.688144
7002.0,9.0,1.0
7002.0,10.0,0.549557
7002.0,11.0,1.0
7002.0,12.0,0.624883
7002.0,13.0,1.0
7002.0,14.0,0.698302
7002.0,15.0,1.0
7002.0,16.0,1.0
7002.0,17.0,1.0
7003.0,0.0,0.877859
7003.0,1.0,0.735413
7003.0,2.0,0.693357
7003.0,3.0,0.753846
7003.0,4.0,1.0
7003.0,5.0,0.930914
7003.0,6.0,1.0
7003.0,7.0,0.710315
7003.0,8.0,0.698133
7003.0,9.0,1.0
7003.0,10.0,0.65828
7003.0,11.0,1.0
7003.0,12.0,0.629372
7003.0,13.0,1.0
7003.0,14.0,0.706155
7003.0,15.0,1.0
7003.0,16.0,1.0
7003.0,17.0,1.0
7004.0,0.0,0.88534
7004.0,1.0,0.743221
7004.0,2.0,0.665043
7004.0,3.0,0.742002
7004.0,4.0,1.0
7004.0,5.0,0.938367
7004.0,6.0,1.0
7004.0,7.0,0.727577
7004.0,8.0,0.707369
7004.0,9.0,1.0
7004.0,10.0,0.752455
7004.0,11.0,1.0
7004.0,12.0,0.634739
7004.0,13.0,1.0
7004.0,14.0,0.714327
7004.0,15.0,1.0
7004.0,16.0,1.0
7004.0,17.0,1.0
7005.0,0.0,0.892093
7005.0,1.0,0.751258
7005.0,2.0,0.644703
7005.0,3.0,0.736437
7005.0,4.0,1.0
7005.0,5.0,0.94475
7005.0,6.0,1.0
7005.0,7.0,0.744537
7005.0,8.0,0.715456
7005.0,9.0,1.0
7005.0,10.0,0.827821
7005.0,11.0,1.0
7005.0,12.0,0.638932
7005.0,13.0,1.0
7005.0,14.0,0.722808
7005.0,15.0,1.0
7005.0,16.0,1.0
7005.0,17.0,1.0
7006.0,0.0,0.89851
7006.0,1.0,0.758757
7006.0,2.0,0.631978
7006.0,3.0,0.737611
7006.0,4.0,1.0
7006.0,5.0,0.950612
7006.0,6.0,1.0
7006.0,7.0,0.76018
7006.0,8.0,0.723301
7006.0,9.0,1.0
7006.0,10.0,0.883317
7006.0,11.0,1.0
7006.0,12.0,0.643296
7006.0,13.0,1.0
7006.0,14.0,0.731154
7006.0,15.0,1.0
7006.0,16.0,1.0
7006.0,17.0,1.0
7007.0,0.0,0.904212
7007.0,1.0,0.765898
7007.0,2.0,0.625498
7007.0,3.0,0.743114
7007.0,4.0,1.0
7007.0,5.0,0.956022
7007.0,6.0,1.0
7007.0,7.0,0.774614
7007.0,8.0,0.731418
7007.0,9.0,1.0
7007.0,10.0,0.9227
7007.0,11.0,1.0
7007.0,12.0,0.647533
7007.0,13.0,1.0
7007.0,14.0,0.739386
7007.0,15.0,1.0
7007.0,16.0,1.0
7007.0,17.0,1.0
7008.0,0.0,0.909635
7008.0,1.0,0.773402
7008.0,2.0,0.623668
7008.0,3.0,0.751657
7008.0,4.0,1.0
7008.0,5.0,0.96075
7008.0,6.0,1.0
7008.0,7.0,0.78745
7008.0,8.0,0.738586
7008.0,9.0,1.0
7008.0,10.0,0.949424
7008.0,11.0,1.0
7008.0,12.0,0.650919
7008.0,13.0,1.0
7008.0,14.0,0.746635
7008.0,15.0,1.0
7008.0,16.0,1.0
7008.0,17.0,1.0
7009.0,0.0,0.878517
7009.0,1.0,0.736761
7009.0,2.0,0.748532
7009.0,3.0,0.800214
7009.0,4.0,1.0
7009.0,5.0,0.935152
7009.0,6.0,1.0
7009.0,7.0,0.716709
7009.0,8.0,0.699978
7009.0,9.0,1.0
7009.0,10.0,0.518892
7009.0,11.0,1.0
7009.0,12.0,0.63058
7009.0,13.0,1.0
7009.0,14.0,0.709457
7009.0,15.0,1.0
7009.0,16.0,1.0
7009.0,17.0,1.0
7010.0,0.0,0.849503
7010.0,1.0,0.704236
7010.0,2.0,0.805832
7010.0,3.0,0.821542
7010.0,4.0,1.0
7010.0,5.0,0.904429
7010.0,6.0,1.0
7010.0,7.0,0.648777
7010.0,8.0,0.668671
7010.0,9.0,1.0
7010.0,10.0,0.32426
7010.0,11.0,1.0
7010.0,12.0,0.613747
7010.0,13.0,1.0
7010.0,14.0,0.675751
7010.0,15.0,1.0
7010.0,16.0,1.0
7010.0,17.0,1.0
8000.0,0.0,0.845549
8000.0,1.0,0.715793
8000.0,2.0,0.800245
8000.0,3.0,0.828085
8000.0,4.0,1.0
8000.0,5.0,0.876757
8000.0,6.0,1.0
8000.0,7.0,0.644699
8000.0,8.0,0.674273
8000.0,9.0,1.0
8000.0,10.0,0.325128
8000.0,11.0,1.0
8000.0,12.0,0.618218
8000.0,13.0,1.0
8000.0,14.0,0.676511
8000.0,15.0,1.0
8000.0,16.0,1.0
8000.0,17.0,1.0
8001.0,0.0,0.855327
8001.0,1.0,0.725444
8001.0,2.0,0.761975
8001.0,3.0,0.801193
8001.0,4.0,1.0
8001.0,5.0,0.88986
8001.0,6.0,1.0
8001.0,7.0,0.666222
8001.0,8.0,0.68422
8001.0,9.0,1.0
8001.0,10.0,0.434822
8001.0,11.0,1.0
8001.0,12.0,0.623667
8001.0,13.0,1.0
8001.0,14.0,0.686058
8001.0,15.0,1.0
8001.0,16.0,1.0
8001.0,17.0,1.0
8002.0,0.0,0.864424
8002.0,1.0,0.73404
8002.0,2.0,0.72382
8002.0,3.0,0.775845
8002.0,4.0,1.0
8002.0,5.0,0.90104
8002.0,6.0,1.0
8002.0,7.0,0.686422
8002.0,8.0,0.694156
8002.0,9.0,1.0
8002.0,10.0,0.548934
8002.0,11.0,1.0
8002.0,12.0,0.628851
8002.0,13.0,1.0
8002.0,14.0,0.695461
8002.0,15.0,1.0
8002.0,16.0,1.0
8002.0,17.0,1.0
8003.0,0.0,0.872883
8003.0,1.0,0.742292
8003.0,2.0,0.689645
8003.0,3.0,0.755413
8003.0,4.0,1.0
8003.0,5.0,0.911479
8003.0,6.0,1.0
8003.0,7.0,0.704959
8003.0,8.0,0.70369
8003.0,9.0,1.0
8003.0,10.0,0.658292
8003.0,11.0,1.0
8003.0,12.0,0.634172
8003.0,13.0,1.0
8003.0,14.0,0.703719
8003.0,15.0,1.0
8003.0,16.0,1.0
8003.0,17.0,1.0
8004.0,0.0,0.880477
8004.0,1.0,0.750923
8004.0,2.0,0.661724
8004.0,3.0,0.742067
8004.0,4.0,1.0
8004.0,5.0,0.920678
8004.0,6.0,1.0
8004.0,7.0,0.723126
8004.0,8.0,0.712685
8004.0,9.0,1.0
8004.0,10.0,0.753333
8004.0,11.0,1.0
8004.0,12.0,0.639116
8004.0,13.0,1.0
8004.0,14.0,0.712327
8004.0,15.0,1.0
8004.0,16.0,1.0
8004.0,17.0,1.0
8005.0,0.0,0.887578
8005.0,1.0,0.758261
8005.0,2.0,0.641312
8005.0,3.0,0.736829
8005.0,4.0,1.0
8005.0,5.0,0.929387
8005.0,6.0,1.0
8005.0,7.0,0.739679
8005.0,8.0,0.719923
8005.0,9.0,1.0
8005.0,10.0,0.828318
8005.0,11.0,1.0
8005.0,12.0,0.64467
8005.0,13.0,1.0
8005.0,14.0,0.720513
8005.0,15.0,1.0
8005.0,16.0,1.0
8005.0,17.0,1.0
8006.0,0.0,0.894002
8006.0,1.0,0.766034
8006.0,2.0,0.62997
8006.0,3.0,0.738095
8006.0,4.0,1.0
8006.0,5.0,0.937149
8006.0,6.0,1.0
8006.0,7.0,0.75571
8006.0,8.0,0.727504
8006.0,9.0,1.0
8006.0,10.0,0.883435
8006.0,11.0,1.0
8006.0,12.0,0.649204
8006.0,13.0,1.0
8006.0,14.0,0.728831
8006.0,15.0,1.0
8006.0,16.0,1.0
8006.0,17.0,1.0
8007.0,0.0,0.900107
8007.0,1.0,0.773443
8007.0,2.0,0.624695
8007.0,3.0,0.743181
8007.0,4.0,1.0
8007.0,5.0,0.94367
8007.0,6.0,1.0
8007.0,7.0,0.770599
8007.0,8.0,0.734814
8007.0,9.0,1.0
8007.0,10.0,0.922626
8007.0,11.0,1.0
8007.0,12.0,0.653608
8007.0,13.0,1.0
8007.0,14.0,0.736851
8007.0,15.0,1.0
8007.0,16.0,1.0
8007.0,17.0,1.0
8008.0,0.0,0.905937
8008.0,1.0,0.779685
8008.0,2.0,0.623967
8008.0,3.0,0.751009
8008.0,4.0,1.0
8008.0,5.0,0.949309
8008.0,6.0,1.0
8008.0,7.0,0.784468
8008.0,8.0,0.741957
8008.0,9.0,1.0
8008.0,10.0,0.949504
8008.0,11.0,1.0
8008.0,12.0,0.657337
8008.0,13.0,1.0
8008.0,14.0,0.744766
8008.0,15.0,1.0
8008.0,16.0,1.0
8008.0,17.0,1.0
8009.0,0.0,0.874338
8009.0,1.0,0.74895
8009.0,2.0,0.742456
8009.0,3.0,0.800908
8009.0,4.0,1.0
8009.0,5.0,0.915771
8009.0,6.0,1.0
8009.0,7.0,0.715492
8009.0,8.0,0.706261
8009.0,9.0,1.0
8009.0,10.0,0.521587
8009.0,11.0,1.0
8009.0,12.0,0.638063
8009.0,13.0,1.0
8009.0,14.0,0.71072
8009.0,15.0,1.0
8009.0,16.0,1.0
8009.0,17.0,1.0
8010.0,0.0,0.844235
8010.0,1.0,0.719671
8010.0,2.0,0.798278
8010.0,3.0,0.823818
8010.0,4.0,1.0
8010.0,5.0,0.877845
8010.0,6.0,1.0
8010.0,7.0,0.647525
8010.0,8.0,0.674587
8010.0,9.0,1.0
8010.0,10.0,0.325391
8010.0,11.0,1.0
8010.0,12.0,0.621154
8010.0,13.0,1.0
8010.0,14.0,0.678813
8010.0,15.0,1.0
8010.0,16.0,1.0
8010.0,17.0,1.0
9000.0,0.0,0.853612
9000.0,1.0,0.695154
9000.0,2.0,0.793498
9000.0,3.0,0.828915
9000.0,4.0,1.0
9000.0,5.0,0.886877
9000.0,6.0,1.0
9000.0,7.0,0.647148
9000.0,8.0,0.673184
9000.0,9.0,1.0
9000.0,10.0,0.324492
9000.0,11.0,1.0
9000.0,12.0,0.625011
9000.0,13.0,1.0
9000.0,14.0,0.673223
9000.0,15.0,1.0
9000.0,16.0,1.0
9000.0,17.0,1.0
9001.0,0.0,0.863261
9001.0,1.0,0.705077
9001.0,2.0,0.758647
9001.0,3.0,0.799635
9001.0,4.0,1.0
9001.0,5.0,0.898379
9001.0,6.0,1.0
9001.0,7.0,0.668705
9001.0,8.0,0.683639
9001.0,9.0,1.0
9001.0,10.0,0.433099
9001.0,11.0,1.0
9001.0,12.0,0.629753
9001.0,13.0,1.0
9001.0,14.0,0.681952
9001.0,15.0,1.0
9001.0,16.0,1.0
9001.0,17.0,1.0
9002.0,0.0,0.871828
9002.0,1.0,0.713871
9002.0,2.0,0.722731
9002.0,3.0,0.772332
9002.0,4.0,1.0
9002.0,5.0,0.908671
9002.0,6.0,1.0
9002.0,7.0,0.689128
9002.0,8.0,0.694075
9002.0,9.0,1.0
9002.0,10.0,0.547882
9002.0,11.0,1.0
9002.0,12.0,0.634188
9002.0,13.0,1.0
9002.0,14.0,0.690934
9002.0,15.0,1.0
9002.0,16.0,1.0
9002.0,17.0,1.0
9003.0,0.0,0.879615
9003.0,1.0,0.722531
9003.0,2.0,0.690755
9003.0,3.0,0.750962
9003.0,4.0,1.0
9003.0,5.0,0.918044
9003.0,6.0,1.0
9003.0,7.0,0.707646
9003.0,8.0,0.70277
9003.0,9.0,1.0
9003.0,10.0,0.656449
9003.0,11.0,1.0
9003.0,12.0,0.639313
9003.0,13.0,1.0
9003.0,14.0,0.699122
9003.0,15.0,1.0
9003.0,16.0,1.0
9003.0,17.0,1.0
9004.0,0.0,0.886675
9004.0,1.0,0.730861
9004.0,2.0,0.663783
9004.0,3.0,0.736915
9004.0,4.0,1.0
9004.0,5.0,0.926618
9004.0,6.0,1.0
9004.0,7.0,0.724569
9004.0,8.0,0.71189
9004.0,9.0,1.0
9004.0,10.0,0.751499
9004.0,11.0,1.0
9004.0,12.0,0.642966
9004.0,13.0,1.0
9004.0,14.0,0.707982
9004.0,15.0,1.0
9004.0,16.0,1.0
9004.0,17.0,1.0
9005.0,0.0,0.893348
9005.0,1.0,0.738698
9005.0,2.0,0.644111
9005.0,3.0,0.730847
9005.0,4.0,1.0
9005.0,5.0,0.93421
9005.0,6.0,1.0
9005.0,7.0,0.740031
9005.0,8.0,0.720356
9005.0,9.0,1.0
9005.0,10.0,0.826661
9005.0,11.0,1.0
9005.0,12.0,0.647607
9005.0,13.0,1.0
9005.0,14.0,0.71655
9005.0,15.0,1.0
9005.0,16.0,1.0
9005.0,17.0,1.0
9006.0,0.0,0.899229
9006.0,1.0,0.746715
9006.0,2.0,0.631586
9006.0,3.0,0.730778
9006.0,4.0,1.0
9006.0,5.0,0.940994
9006.0,6.0,1.0
9006.0,7.0,0.755441
9006.0,8.0,0.728234
9006.0,9.0,1.0
9006.0,10.0,0.882473
9006.0,11.0,1.0
9006.0,12.0,0.652697
9006.0,13.0,1.0
9006.0,14.0,0.725043
9006.0,15.0,1.0
9006.0,16.0,1.0
9006.0,17.0,1.0
9007.0,0.0,0.90488
9007.0,1.0,0.753926
9007.0,2.0,0.626806
9007.0,3.0,0.735639
9007.0,4.0,1.0
9007.0,5.0,0.946981
9007.0,6.0,1.0
9007.0,7.0,0.770184
9007.0,8.0,0.735559
9007.0,9.0,1.0
9007.0,10.0,0.921787
9007.0,11.0,1.0
9007.0,12.0,0.657024
9007.0,13.0,1.0
9007.0,14.0,0.73355
9007.0,15.0,1.0
9007.0,16.0,1.0
9007.0,17.0,1.0
9008.0,0.0,0.910267
9008.0,1.0,0.760825
9008.0,2.0,0.625398
9008.0,3.0,0.744539
9008.0,4.0,1.0
9008.0,5.0,0.952639
9008.0,6.0,1.0
9008.0,7.0,0.783771
9008.0,8.0,0.743126
9008.0,9.0,1.0
9008.0,10.0,0.94915
9008.0,11.0,1.0
9008.0,12.0,0.660671
9008.0,13.0,1.0
9008.0,14.0,0.741113
9008.0,15.0,1.0
9008.0,16.0,1.0
9008.0,17.0,1.0
9009.0,0.0,0.8814
9009.0,1.0,0.727411
9009.0,2.0,0.741907
9009.0,3.0,0.79952
9009.0,4.0,1.0
9009.0,5.0,0.922958
9009.0,6.0,1.0
9009.0,7.0,0.712831
9009.0,8.0,0.709949
9009.0,9.0,1.0
9009.0,10.0,0.520402
9009.0,11.0,1.0
9009.0,12.0,0.643383
9009.0,13.0,1.0
9009.0,14.0,0.706125
9009.0,15.0,1.0
9009.0,16.0,1.0
9009.0,17.0,1.0
9010.0,0.0,0.85322
9010.0,1.0,0.695973
9010.0,2.0,0.794363
9010.0,3.0,0.826012
9010.0,4.0,1.0
9010.0,5.0,0.888432
9010.0,6.0,1.0
9010.0,7.0,0.64592
9010.0,8.0,0.678475
9010.0,9.0,1.0
9010.0,10.0,0.324606
9010.0,11.0,1.0
9010.0,12.0,0.627111
9010.0,13.0,1.0
9010.0,14.0,0.674052
9010.0,15.0,1.0
9010.0,16.0,1.0
9010.0,17.0,1.0
10000.0,0.0,0.852127
10000.0,1.0,0.710439
10000.0,2.0,0.801993
10000.0,3.0,0.820343
10000.0,4.0,1.0
10000.0,5.0,0.888342
10000.0,6.0,1.0
10000.0,7.0,0.649995
10000.0,8.0,0.676506
10000.0,9.0,1.0
10000.0,10.0,0.325181
10000.0,11.0,1.0
10000.0,12.0,0.621038
10000.0,13.0,1.0
10000.0,14.0,0.688638
10000.0,15.0,1.0
10000.0,16.0,1.0
10000.0,17.0,1.0
10001.0,0.0,0.861835
10001.0,1.0,0.719942
10001.0,2.0,0.763862
10001.0,3.0,0.795256
10001.0,4.0,1.0
10001.0,5.0,0.899588
10001.0,6.0,1.0
10001.0,7.0,0.67216
10001.0,8.0,0.686617
10001.0,9.0,1.0
10001.0,10.0,0.433801
10001.0,11.0,1.0
10001.0,12.0,0.626225
10001.0,13.0,1.0
10001.0,14.0,0.697875
10001.0,15.0,1.0
10001.0,16.0,1.0
10001.0,17.0,1.0
10002.0,0.0,0.871147
10002.0,1.0,0.728617
10002.0,2.0,0.725884
10002.0,3.0,0.771485
10002.0,4.0,1.0
10002.0,5.0,0.909886
10002.0,6.0,1.0
10002.0,7.0,0.693033
10002.0,8.0,0.697138
10002.0,9.0,1.0
10002.0,10.0,0.548146
10002.0,11.0,1.0
10002.0,12.0,0.630821
10002.0,13.0,1.0
10002.0,14.0,0.706447
10002.0,15.0,1.0
10002.0,16.0,1.0
10002.0,17.0,1.0
10003.0,0.0,0.879195
10003.0,1.0,0.737392
10003.0,2.0,0.691195
10003.0,3.0,0.75284
10003.0,4.0,1.0
10003.0,5.0,0.919354
10003.0,6.0,1.0
10003.0,7.0,0.711963
10003.0,8.0,0.706141
10003.0,9.0,1.0
10003.0,10.0,0.657706
10003.0,11.0,1.0
10003.0,12.0,0.635329
10003.0,13.0,1.0
10003.0,14.0,0.714746
10003.0,15.0,1.0
10003.0,16.0,1.0
10003.0,17.0,1.0
10004.0,0.0,0.886357
10004.0,1.0,0.745678
10004.0,2.0,0.663439
10004.0,3.0,0.741421
10004.0,4.0,1.0
10004.0,5.0,0.927748
10004.0,6.0,1.0
10004.0,7.0,0.729557
10004.0,8.0,0.714331
10004.0,9.0,1.0
10004.0,10.0,0.752244
10004.0,11.0,1.0
10004.0,12.0,0.640308
10004.0,13.0,1.0
10004.0,14.0,0.722852
10004.0,15.0,1.0
10004.0,16.0,1.0
10004.0,17.0,1.0
10005.0,0.0,0.893041
10005.0,1.0,0.753247
10005.0,2.0,0.6455
10005.0,3.0,0.736911
10005.0,4.0,1.0
10005.0,5.0,0.935214
10005.0,6.0,1.0
10005.0,7.0,0.745544
10005.0,8.0,0.721821
10005.0,9.0,1.0
10005.0,10.0,0.827477
10005.0,11.0,1.0
10005.0,12.0,0.6449
10005.0,13.0,1.0
10005.0,14.0,0.731163
10005.0,15.0,1.0
10005.0,16.0,1.0
10005.0,17.0,1.0
10006.0,0.0,0.899208
10006.0,1.0,0.7599
10006.0,2.0,0.633599
10006.0,3.0,0.738592
10006.0,4.0,1.0
10006.0,5.0,0.941955
10006.0,6.0,1.0
10006.0,7.0,0.76058
10006.0,8.0,0.729984
10006.0,9.0,1.0
10006.0,10.0,0.883124
10006.0,11.0,1.0
10006.0,12.0,0.649049
10006.0,13.0,1.0
10006.0,14.0,0.738673
10006.0,15.0,1.0
10006.0,16.0,1.0
10006.0,17.0,1.0
10007.0,0.0,0.904284
10007.0,1.0,0.767612
10007.0,2.0,0.628822
10007.0,3.0,0.744187
10007.0,4.0,1.0
10007.0,5.0,0.947781
10007.0,6.0,1.0
10007.0,7.0,0.77479
10007.0,8.0,0.737082
10007.0,9.0,1.0
10007.0,10.0,0.922991
10007.0,11.0,1.0
10007.0,12.0,0.65278
10007.0,13.0,1.0
10007.0,14.0,0.746741
10007.0,15.0,1.0
10007.0,16.0,1.0
10007.0,17.0,1.0
10008.0,0.0,0.909767
10008.0,1.0,0.77388
10008.0,2.0,0.62863
10008.0,3.0,0.752698
10008.0,4.0,1.0
10008.0,5.0,0.952821
10008.0,6.0,1.0
10008.0,7.0,0.788201
10008.0,8.0,0.743352
10008.0,9.0,1.0
10008.0,10.0,0.949632
10008.0,11.0,1.0
10008.0,12.0,0.65743
10008.0,13.0,1.0
10008.0,14.0,0.75429
10008.0,15.0,1.0
10008.0,16.0,1.0
10008.0,17.0,1.0
10009.0,0.0,0.88004
10009.0,1.0,0.741444
10009.0,2.0,0.74822
10009.0,3.0,0.799444
10009.0,4.0,1.0
10009.0,5.0,0.923301
10009.0,6.0,1.0
10009.0,7.0,0.719104
10009.0,8.0,0.705397
10009.0,9.0,1.0
10009.0,10.0,0.520624
10009.0,11.0,1.0
10009.0,12.0,0.637437
10009.0,13.0,1.0
10009.0,14.0,0.718091
10009.0,15.0,1.0
10009.0,16.0,1.0
10009.0,17.0,1.0
10010.0,0.0,0.851096
10010.0,1.0,0.710111
10010.0,2.0,0.803159
10010.0,3.0,0.820317
10010.0,4.0,1.0
10010.0,5.0,0.889054
10010.0,6.0,1.0
10010.0,7.0,0.653399
10010.0,8.0,0.674757
10010.0,9.0,1.0
10010.0,10.0,0.325316
10010.0,11.0,1.0
10010.0,12.0,0.621654
10010.0,13.0,1.0
10010.0,14.0,0.686085
10010.0,15.0,1.0
10010.0,16.0,1.0
10010.0,17.0,1.0
