FREQUENCIES 
Gen,mut_id,mut_freq
1.0,0.0,0.5
1.0,1.0,0.5
1.0,2.0,0.5
1.0,3.0,0.5
1.0,4.0,0.5
1.0,5.0,0.5
1.0,6.0,0.5
1.0,7.0,0.5
1.0,8.0,0.5
1.0,9.0,0.5
1.0,10.0,0.5
1.0,11.0,0.5
1.0,12.0,0.5
1.0,13.0,0.5
1.0,14.0,0.5
1.0,15.0,0.5
1.0,16.0,0.5
1.0,17.0,0.5
1.0,18.0,0.5
1.0,19.0,0.5
1.0,20.0,0.5
1.0,21.0,0.5
1.0,22.0,0.5
1.0,23.0,0.5
1.0,24.0,0.5
1.0,25.0,0.5
1.0,26.0,0.5
1.0,27.0,0.5
1.0,28.0,0.5
1.0,29.0,0.5
1.0,30.0,0.5
1.0,31.0,0.5
1.0,32.0,0.5
1.0,33.0,0.5
1.0,34.0,0.5
1.0,35.0,0.5
1.0,36.0,0.5
1000.0,0.0,0.362821
1000.0,1.0,0.990513
1000.0,2.0,0.674253
1000.0,3.0,0.909897
1000.0,4.0,0.997548
1000.0,5.0,1.0
1000.0,6.0,0.502613
1000.0,7.0,0.431073
1000.0,8.0,0.501939
1000.0,9.0,0.793272
1000.0,10.0,1.0
1000.0,11.0,0.540639
1000.0,12.0,0.757229
1000.0,13.0,1.0
1000.0,14.0,1.0
1000.0,15.0,0.99995
1000.0,16.0,0.708358
1000.0,17.0,0.573511
1000.0,18.0,1.0
1000.0,19.0,0.830463
1000.0,20.0,0.763999
1000.0,21.0,0.496362
1000.0,22.0,0.672703
1000.0,23.0,0.939342
1000.0,24.0,0.999012
1000.0,25.0,0.823207
1000.0,26.0,0.132811
1000.0,27.0,0.686342
1000.0,28.0,0.624108
1000.0,29.0,0.925194
1000.0,30.0,0.726305
1000.0,31.0,0.655455
1000.0,32.0,0.631691
1000.0,33.0,0.999985
1000.0,34.0,0.80301
1000.0,35.0,0.831106
1000.0,36.0,0.648448
1001.0,0.0,0.372301
1001.0,1.0,0.990762
1001.0,2.0,0.674726
1001.0,3.0,0.910857
1001.0,4.0,0.997508
1001.0,5.0,1.0
1001.0,6.0,0.507958
1001.0,7.0,0.472171
1001.0,8.0,0.502125
1001.0,9.0,0.79512
1001.0,10.0,1.0
1001.0,11.0,0.541262
1001.0,12.0,0.761174
1001.0,13.0,1.0
1001.0,14.0,1.0
1001.0,15.0,0.999958
1001.0,16.0,0.709516
1001.0,17.0,0.573941
1001.0,18.0,1.0
1001.0,19.0,0.831255
1001.0,20.0,0.764922
1001.0,21.0,0.499748
1001.0,22.0,0.686847
1001.0,23.0,0.940206
1001.0,24.0,0.999009
1001.0,25.0,0.827992
1001.0,26.0,0.136059
1001.0,27.0,0.718156
1001.0,28.0,0.624831
1001.0,29.0,0.92971
1001.0,30.0,0.72685
1001.0,31.0,0.656373
1001.0,32.0,0.633344
1001.0,33.0,0.999981
1001.0,34.0,0.803412
1001.0,35.0,0.832077
1001.0,36.0,0.648911
1002.0,0.0,0.381514
1002.0,1.0,0.990914
1002.0,2.0,0.676872
1002.0,3.0,0.911928
1002.0,4.0,0.99758
1002.0,5.0,1.0
1002.0,6.0,0.512684
1002.0,7.0,0.514891
1002.0,8.0,0.502654
1002.0,9.0,0.796397
1002.0,10.0,1.0
1002.0,11.0,0.541269
1002.0,12.0,0.765552
1002.0,13.0,1.0
1002.0,14.0,1.0
1002.0,15.0,0.999961
1002.0,16.0,0.709855
1002.0,17.0,0.574881
1002.0,18.0,1.0
1002.0,19.0,0.83183
1002.0,20.0,0.765877
1002.0,21.0,0.502894
1002.0,22.0,0.699703
1002.0,23.0,0.941061
1002.0,24.0,0.99903
1002.0,25.0,0.83311
1002.0,26.0,0.139354
1002.0,27.0,0.747247
1002.0,28.0,0.624819
1002.0,29.0,0.934172
1002.0,30.0,0.727902
1002.0,31.0,0.656876
1002.0,32.0,0.634575
1002.0,33.0,0.999987
1002.0,34.0,0.803724
1002.0,35.0,0.832483
1002.0,36.0,0.649163
1003.0,0.0,0.391054
1003.0,1.0,0.990848
1003.0,2.0,0.677887
1003.0,3.0,0.912801
1003.0,4.0,0.997623
1003.0,5.0,1.0
1003.0,6.0,0.517515
1003.0,7.0,0.55618
1003.0,8.0,0.503062
1003.0,9.0,0.79672
1003.0,10.0,1.0
1003.0,11.0,0.542329
1003.0,12.0,0.769607
1003.0,13.0,1.0
1003.0,14.0,1.0
1003.0,15.0,0.999976
1003.0,16.0,0.709943
1003.0,17.0,0.575368
1003.0,18.0,1.0
1003.0,19.0,0.832999
1003.0,20.0,0.76743
1003.0,21.0,0.508079
1003.0,22.0,0.712654
1003.0,23.0,0.941995
1003.0,24.0,0.999086
1003.0,25.0,0.838109
1003.0,26.0,0.142801
1003.0,27.0,0.772062
1003.0,28.0,0.624324
1003.0,29.0,0.938082
1003.0,30.0,0.728784
1003.0,31.0,0.657609
1003.0,32.0,0.635452
1003.0,33.0,0.999988
1003.0,34.0,0.803562
1003.0,35.0,0.832406
1003.0,36.0,0.649415
1004.0,0.0,0.401052
1004.0,1.0,0.991128
1004.0,2.0,0.678832
1004.0,3.0,0.913605
1004.0,4.0,0.997596
1004.0,5.0,1.0
1004.0,6.0,0.523096
1004.0,7.0,0.595807
1004.0,8.0,0.502811
1004.0,9.0,0.79831
1004.0,10.0,1.0
1004.0,11.0,0.542555
1004.0,12.0,0.773829
1004.0,13.0,1.0
1004.0,14.0,1.0
1004.0,15.0,0.999977
1004.0,16.0,0.7096
1004.0,17.0,0.576297
1004.0,18.0,1.0
1004.0,19.0,0.833335
1004.0,20.0,0.769231
1004.0,21.0,0.511317
1004.0,22.0,0.725329
1004.0,23.0,0.942994
1004.0,24.0,0.999174
1004.0,25.0,0.843088
1004.0,26.0,0.147272
1004.0,27.0,0.794776
1004.0,28.0,0.624547
1004.0,29.0,0.941574
1004.0,30.0,0.729687
1004.0,31.0,0.657772
1004.0,32.0,0.637323
1004.0,33.0,0.999985
1004.0,34.0,0.804284
1004.0,35.0,0.833756
1004.0,36.0,0.650141
1005.0,0.0,0.410439
1005.0,1.0,0.991211
1005.0,2.0,0.679782
1005.0,3.0,0.91443
1005.0,4.0,0.99761
1005.0,5.0,1.0
1005.0,6.0,0.528269
1005.0,7.0,0.633805
1005.0,8.0,0.503456
1005.0,9.0,0.800487
1005.0,10.0,1.0
1005.0,11.0,0.542476
1005.0,12.0,0.777244
1005.0,13.0,1.0
1005.0,14.0,1.0
1005.0,15.0,0.99997
1005.0,16.0,0.709455
1005.0,17.0,0.577709
1005.0,18.0,1.0
1005.0,19.0,0.834153
1005.0,20.0,0.771018
1005.0,21.0,0.515257
1005.0,22.0,0.736419
1005.0,23.0,0.944171
1005.0,24.0,0.999242
1005.0,25.0,0.848109
1005.0,26.0,0.150384
1005.0,27.0,0.81425
1005.0,28.0,0.625739
1005.0,29.0,0.945341
1005.0,30.0,0.73086
1005.0,31.0,0.658356
1005.0,32.0,0.639202
1005.0,33.0,0.999987
1005.0,34.0,0.80413
1005.0,35.0,0.834317
1005.0,36.0,0.650571
1006.0,0.0,0.41956
1006.0,1.0,0.991391
1006.0,2.0,0.680632
1006.0,3.0,0.91492
1006.0,4.0,0.997469
1006.0,5.0,1.0
1006.0,6.0,0.533417
1006.0,7.0,0.670222
1006.0,8.0,0.503605
1006.0,9.0,0.801065
1006.0,10.0,1.0
1006.0,11.0,0.543333
1006.0,12.0,0.78091
1006.0,13.0,1.0
1006.0,14.0,1.0
1006.0,15.0,0.999968
1006.0,16.0,0.710067
1006.0,17.0,0.578523
1006.0,18.0,1.0
1006.0,19.0,0.834584
1006.0,20.0,0.77264
1006.0,21.0,0.518924
1006.0,22.0,0.747552
1006.0,23.0,0.944855
1006.0,24.0,0.999339
1006.0,25.0,0.852704
1006.0,26.0,0.153991
1006.0,27.0,0.832137
1006.0,28.0,0.625922
1006.0,29.0,0.948694
1006.0,30.0,0.731661
1006.0,31.0,0.658657
1006.0,32.0,0.639897
1006.0,33.0,0.999986
1006.0,34.0,0.804858
1006.0,35.0,0.834865
1006.0,36.0,0.650839
1007.0,0.0,0.428399
1007.0,1.0,0.991457
1007.0,2.0,0.68112
1007.0,3.0,0.916121
1007.0,4.0,0.997455
1007.0,5.0,1.0
1007.0,6.0,0.539056
1007.0,7.0,0.703747
1007.0,8.0,0.503641
1007.0,9.0,0.802684
1007.0,10.0,1.0
1007.0,11.0,0.544539
1007.0,12.0,0.784893
1007.0,13.0,1.0
1007.0,14.0,1.0
1007.0,15.0,0.999975
1007.0,16.0,0.709962
1007.0,17.0,0.578789
1007.0,18.0,1.0
1007.0,19.0,0.835988
1007.0,20.0,0.774082
1007.0,21.0,0.522317
1007.0,22.0,0.75799
1007.0,23.0,0.945844
1007.0,24.0,0.999343
1007.0,25.0,0.857759
1007.0,26.0,0.157494
1007.0,27.0,0.847729
1007.0,28.0,0.626915
1007.0,29.0,0.951996
1007.0,30.0,0.731868
1007.0,31.0,0.659163
1007.0,32.0,0.641527
1007.0,33.0,0.99999
1007.0,34.0,0.805231
1007.0,35.0,0.835657
1007.0,36.0,0.651
1008.0,0.0,0.437254
1008.0,1.0,0.991599
1008.0,2.0,0.681896
1008.0,3.0,0.9171
1008.0,4.0,0.997464
1008.0,5.0,1.0
1008.0,6.0,0.54311
1008.0,7.0,0.734179
1008.0,8.0,0.503323
1008.0,9.0,0.803252
1008.0,10.0,1.0
1008.0,11.0,0.545615
1008.0,12.0,0.788312
1008.0,13.0,1.0
1008.0,14.0,1.0
1008.0,15.0,0.999977
1008.0,16.0,0.710279
1008.0,17.0,0.579147
1008.0,18.0,1.0
1008.0,19.0,0.835736
1008.0,20.0,0.775535
1008.0,21.0,0.526432
1008.0,22.0,0.767403
1008.0,23.0,0.946483
1008.0,24.0,0.999363
1008.0,25.0,0.862362
1008.0,26.0,0.160712
1008.0,27.0,0.861763
1008.0,28.0,0.627712
1008.0,29.0,0.955001
1008.0,30.0,0.732497
1008.0,31.0,0.660217
1008.0,32.0,0.642971
1008.0,33.0,0.999992
1008.0,34.0,0.805759
1008.0,35.0,0.836036
1008.0,36.0,0.651785
1009.0,0.0,0.392818
1009.0,1.0,0.99129
1009.0,2.0,0.679447
1009.0,3.0,0.913334
1009.0,4.0,0.997365
1009.0,5.0,1.0
1009.0,6.0,0.520664
1009.0,7.0,0.565265
1009.0,8.0,0.502293
1009.0,9.0,0.799067
1009.0,10.0,1.0
1009.0,11.0,0.541905
1009.0,12.0,0.770308
1009.0,13.0,1.0
1009.0,14.0,1.0
1009.0,15.0,0.999978
1009.0,16.0,0.710029
1009.0,17.0,0.576965
1009.0,18.0,1.0
1009.0,19.0,0.834151
1009.0,20.0,0.769303
1009.0,21.0,0.511045
1009.0,22.0,0.713347
1009.0,23.0,0.943355
1009.0,24.0,0.999303
1009.0,25.0,0.841216
1009.0,26.0,0.144527
1009.0,27.0,0.778432
1009.0,28.0,0.626249
1009.0,29.0,0.93991
1009.0,30.0,0.729703
1009.0,31.0,0.656686
1009.0,32.0,0.637812
1009.0,33.0,0.999983
1009.0,34.0,0.804071
1009.0,35.0,0.834969
1009.0,36.0,0.650727
1010.0,0.0,0.361357
1010.0,1.0,0.990931
1010.0,2.0,0.677673
1010.0,3.0,0.91009
1010.0,4.0,0.997449
1010.0,5.0,1.0
1010.0,6.0,0.503789
1010.0,7.0,0.43169
1010.0,8.0,0.501629
1010.0,9.0,0.796282
1010.0,10.0,1.0
1010.0,11.0,0.539107
1010.0,12.0,0.755713
1010.0,13.0,1.0
1010.0,14.0,1.0
1010.0,15.0,0.999975
1010.0,16.0,0.709903
1010.0,17.0,0.575685
1010.0,18.0,1.0
1010.0,19.0,0.8324
1010.0,20.0,0.763985
1010.0,21.0,0.500217
1010.0,22.0,0.671051
1010.0,23.0,0.940814
1010.0,24.0,0.999301
1010.0,25.0,0.823071
1010.0,26.0,0.133983
1010.0,27.0,0.686209
1010.0,28.0,0.625351
1010.0,29.0,0.925361
1010.0,30.0,0.727845
1010.0,31.0,0.654742
1010.0,32.0,0.633962
1010.0,33.0,0.999985
1010.0,34.0,0.803376
1010.0,35.0,0.834444
1010.0,36.0,0.650035
2000.0,0.0,0.358932
2000.0,1.0,0.999795
2000.0,2.0,0.760849
2000.0,3.0,0.935951
2000.0,4.0,1.0
2000.0,5.0,1.0
2000.0,6.0,0.501939
2000.0,7.0,0.427091
2000.0,8.0,0.478117
2000.0,9.0,0.93257
2000.0,10.0,1.0
2000.0,11.0,0.551333
2000.0,12.0,0.75289
2000.0,13.0,1.0
2000.0,14.0,1.0
2000.0,15.0,1.0
2000.0,16.0,0.801405
2000.0,17.0,0.632903
2000.0,18.0,1.0
2000.0,19.0,0.930998
2000.0,20.0,0.857102
2000.0,21.0,0.496858
2000.0,22.0,0.677575
2000.0,23.0,0.956581
2000.0,24.0,1.0
2000.0,25.0,0.834968
2000.0,26.0,0.031939
2000.0,27.0,0.68778
2000.0,28.0,0.743102
2000.0,29.0,0.92289
2000.0,30.0,0.757562
2000.0,31.0,0.682586
2000.0,32.0,0.666832
2000.0,33.0,1.0
2000.0,34.0,0.877578
2000.0,35.0,0.945688
2000.0,36.0,0.642045
2001.0,0.0,0.368834
2001.0,1.0,0.999777
2001.0,2.0,0.761326
2001.0,3.0,0.936369
2001.0,4.0,1.0
2001.0,5.0,1.0
2001.0,6.0,0.507081
2001.0,7.0,0.468583
2001.0,8.0,0.478455
2001.0,9.0,0.933194
2001.0,10.0,1.0
2001.0,11.0,0.552255
2001.0,12.0,0.757166
2001.0,13.0,1.0
2001.0,14.0,1.0
2001.0,15.0,1.0
2001.0,16.0,0.801613
2001.0,17.0,0.634061
2001.0,18.0,1.0
2001.0,19.0,0.931442
2001.0,20.0,0.858461
2001.0,21.0,0.499266
2001.0,22.0,0.692006
2001.0,23.0,0.957207
2001.0,24.0,1.0
2001.0,25.0,0.840134
2001.0,26.0,0.033144
2001.0,27.0,0.719631
2001.0,28.0,0.744231
2001.0,29.0,0.927468
2001.0,30.0,0.757929
2001.0,31.0,0.683539
2001.0,32.0,0.668
2001.0,33.0,1.0
2001.0,34.0,0.877591
2001.0,35.0,0.945933
2001.0,36.0,0.642257
2002.0,0.0,0.378948
2002.0,1.0,0.999769
2002.0,2.0,0.761935
2002.0,3.0,0.93696
2002.0,4.0,1.0
2002.0,5.0,1.0
2002.0,6.0,0.51219
2002.0,7.0,0.510155
2002.0,8.0,0.478662
2002.0,9.0,0.933649
2002.0,10.0,1.0
2002.0,11.0,0.553586
2002.0,12.0,0.762159
2002.0,13.0,1.0
2002.0,14.0,1.0
2002.0,15.0,1.0
2002.0,16.0,0.802046
2002.0,17.0,0.634693
2002.0,18.0,1.0
2002.0,19.0,0.931949
2002.0,20.0,0.86012
2002.0,21.0,0.503217
2002.0,22.0,0.70514
2002.0,23.0,0.957405
2002.0,24.0,1.0
2002.0,25.0,0.845012
2002.0,26.0,0.0339
2002.0,27.0,0.74759
2002.0,28.0,0.74441
2002.0,29.0,0.931801
2002.0,30.0,0.75889
2002.0,31.0,0.684309
2002.0,32.0,0.669616
2002.0,33.0,1.0
2002.0,34.0,0.878092
2002.0,35.0,0.946138
2002.0,36.0,0.642236
2003.0,0.0,0.38894
2003.0,1.0,0.999748
2003.0,2.0,0.763011
2003.0,3.0,0.937771
2003.0,4.0,1.0
2003.0,5.0,1.0
2003.0,6.0,0.517046
2003.0,7.0,0.551877
2003.0,8.0,0.479062
2003.0,9.0,0.934386
2003.0,10.0,1.0
2003.0,11.0,0.553797
2003.0,12.0,0.767188
2003.0,13.0,1.0
2003.0,14.0,1.0
2003.0,15.0,1.0
2003.0,16.0,0.802545
2003.0,17.0,0.635153
2003.0,18.0,1.0
2003.0,19.0,0.932133
2003.0,20.0,0.861009
2003.0,21.0,0.506471
2003.0,22.0,0.71726
2003.0,23.0,0.9577
2003.0,24.0,1.0
2003.0,25.0,0.850082
2003.0,26.0,0.03477
2003.0,27.0,0.772274
2003.0,28.0,0.745017
2003.0,29.0,0.935822
2003.0,30.0,0.759395
2003.0,31.0,0.68524
2003.0,32.0,0.671165
2003.0,33.0,1.0
2003.0,34.0,0.878556
2003.0,35.0,0.945906
2003.0,36.0,0.642409
2004.0,0.0,0.399437
2004.0,1.0,0.999745
2004.0,2.0,0.763478
2004.0,3.0,0.938364
2004.0,4.0,1.0
2004.0,5.0,1.0
2004.0,6.0,0.522248
2004.0,7.0,0.592112
2004.0,8.0,0.479016
2004.0,9.0,0.93468
2004.0,10.0,1.0
2004.0,11.0,0.554019
2004.0,12.0,0.770972
2004.0,13.0,1.0
2004.0,14.0,1.0
2004.0,15.0,1.0
2004.0,16.0,0.802367
2004.0,17.0,0.635454
2004.0,18.0,1.0
2004.0,19.0,0.932734
2004.0,20.0,0.862092
2004.0,21.0,0.509887
2004.0,22.0,0.729423
2004.0,23.0,0.958203
2004.0,24.0,1.0
2004.0,25.0,0.854241
2004.0,26.0,0.035695
2004.0,27.0,0.794511
2004.0,28.0,0.745396
2004.0,29.0,0.939778
2004.0,30.0,0.760035
2004.0,31.0,0.685817
2004.0,32.0,0.672133
2004.0,33.0,1.0
2004.0,34.0,0.878286
2004.0,35.0,0.946031
2004.0,36.0,0.642477
2005.0,0.0,0.40832
2005.0,1.0,0.999752
2005.0,2.0,0.764053
2005.0,3.0,0.938901
2005.0,4.0,1.0
2005.0,5.0,1.0
2005.0,6.0,0.527783
2005.0,7.0,0.629297
2005.0,8.0,0.479744
2005.0,9.0,0.934976
2005.0,10.0,1.0
2005.0,11.0,0.554713
2005.0,12.0,0.774891
2005.0,13.0,1.0
2005.0,14.0,1.0
2005.0,15.0,1.0
2005.0,16.0,0.802508
2005.0,17.0,0.636083
2005.0,18.0,1.0
2005.0,19.0,0.932517
2005.0,20.0,0.862721
2005.0,21.0,0.514182
2005.0,22.0,0.741311
2005.0,23.0,0.958816
2005.0,24.0,1.0
2005.0,25.0,0.858338
2005.0,26.0,0.036947
2005.0,27.0,0.814488
2005.0,28.0,0.745622
2005.0,29.0,0.943996
2005.0,30.0,0.761589
2005.0,31.0,0.686039
2005.0,32.0,0.673944
2005.0,33.0,1.0
2005.0,34.0,0.87902
2005.0,35.0,0.945962
2005.0,36.0,0.64297
2006.0,0.0,0.417332
2006.0,1.0,0.999749
2006.0,2.0,0.764926
2006.0,3.0,0.939272
2006.0,4.0,1.0
2006.0,5.0,1.0
2006.0,6.0,0.532405
2006.0,7.0,0.665073
2006.0,8.0,0.479769
2006.0,9.0,0.935771
2006.0,10.0,1.0
2006.0,11.0,0.555039
2006.0,12.0,0.779078
2006.0,13.0,1.0
2006.0,14.0,1.0
2006.0,15.0,1.0
2006.0,16.0,0.801974
2006.0,17.0,0.637429
2006.0,18.0,1.0
2006.0,19.0,0.932548
2006.0,20.0,0.863957
2006.0,21.0,0.517777
2006.0,22.0,0.752411
2006.0,23.0,0.959241
2006.0,24.0,1.0
2006.0,25.0,0.862942
2006.0,26.0,0.038034
2006.0,27.0,0.832065
2006.0,28.0,0.745912
2006.0,29.0,0.947781
2006.0,30.0,0.761835
2006.0,31.0,0.685599
2006.0,32.0,0.675183
2006.0,33.0,1.0
2006.0,34.0,0.878569
2006.0,35.0,0.946266
2006.0,36.0,0.644111
2007.0,0.0,0.426807
2007.0,1.0,0.999753
2007.0,2.0,0.766131
2007.0,3.0,0.939786
2007.0,4.0,1.0
2007.0,5.0,1.0
2007.0,6.0,0.537796
2007.0,7.0,0.698976
2007.0,8.0,0.48103
2007.0,9.0,0.936143
2007.0,10.0,1.0
2007.0,11.0,0.555769
2007.0,12.0,0.782105
2007.0,13.0,1.0
2007.0,14.0,1.0
2007.0,15.0,1.0
2007.0,16.0,0.802552
2007.0,17.0,0.637425
2007.0,18.0,1.0
2007.0,19.0,0.932866
2007.0,20.0,0.865091
2007.0,21.0,0.520758
2007.0,22.0,0.761597
2007.0,23.0,0.959816
2007.0,24.0,1.0
2007.0,25.0,0.866917
2007.0,26.0,0.039392
2007.0,27.0,0.847636
2007.0,28.0,0.74629
2007.0,29.0,0.950957
2007.0,30.0,0.762975
2007.0,31.0,0.686653
2007.0,32.0,0.676458
2007.0,33.0,1.0
2007.0,34.0,0.878172
2007.0,35.0,0.946173
2007.0,36.0,0.644856
2008.0,0.0,0.436602
2008.0,1.0,0.999727
2008.0,2.0,0.76684
2008.0,3.0,0.940653
2008.0,4.0,1.0
2008.0,5.0,1.0
2008.0,6.0,0.542721
2008.0,7.0,0.729362
2008.0,8.0,0.481663
2008.0,9.0,0.936762
2008.0,10.0,1.0
2008.0,11.0,0.556911
2008.0,12.0,0.786215
2008.0,13.0,1.0
2008.0,14.0,1.0
2008.0,15.0,1.0
2008.0,16.0,0.802826
2008.0,17.0,0.637537
2008.0,18.0,1.0
2008.0,19.0,0.932757
2008.0,20.0,0.866338
2008.0,21.0,0.524825
2008.0,22.0,0.771472
2008.0,23.0,0.96047
2008.0,24.0,1.0
2008.0,25.0,0.87069
2008.0,26.0,0.04058
2008.0,27.0,0.861584
2008.0,28.0,0.746132
2008.0,29.0,0.95409
2008.0,30.0,0.763103
2008.0,31.0,0.687634
2008.0,32.0,0.677796
2008.0,33.0,1.0
2008.0,34.0,0.87842
2008.0,35.0,0.946477
2008.0,36.0,0.645096
2009.0,0.0,0.393726
2009.0,1.0,0.999713
2009.0,2.0,0.764535
2009.0,3.0,0.937113
2009.0,4.0,1.0
2009.0,5.0,1.0
2009.0,6.0,0.52075
2009.0,7.0,0.560229
2009.0,8.0,0.479952
2009.0,9.0,0.934557
2009.0,10.0,1.0
2009.0,11.0,0.553467
2009.0,12.0,0.768192
2009.0,13.0,1.0
2009.0,14.0,1.0
2009.0,15.0,1.0
2009.0,16.0,0.801995
2009.0,17.0,0.63613
2009.0,18.0,1.0
2009.0,19.0,0.932302
2009.0,20.0,0.861893
2009.0,21.0,0.510476
2009.0,22.0,0.717781
2009.0,23.0,0.958117
2009.0,24.0,1.0
2009.0,25.0,0.850592
2009.0,26.0,0.035799
2009.0,27.0,0.779027
2009.0,28.0,0.744385
2009.0,29.0,0.938596
2009.0,30.0,0.760878
2009.0,31.0,0.683515
2009.0,32.0,0.672428
2009.0,33.0,1.0
2009.0,34.0,0.877811
2009.0,35.0,0.945905
2009.0,36.0,0.642419
2010.0,0.0,0.362874
2010.0,1.0,0.999715
2010.0,2.0,0.762923
2010.0,3.0,0.934697
2010.0,4.0,1.0
2010.0,5.0,1.0
2010.0,6.0,0.50447
2010.0,7.0,0.427142
2010.0,8.0,0.479318
2010.0,9.0,0.933552
2010.0,10.0,1.0
2010.0,11.0,0.551192
2010.0,12.0,0.754182
2010.0,13.0,1.0
2010.0,14.0,1.0
2010.0,15.0,1.0
2010.0,16.0,0.802248
2010.0,17.0,0.635135
2010.0,18.0,1.0
2010.0,19.0,0.931822
2010.0,20.0,0.858439
2010.0,21.0,0.500085
2010.0,22.0,0.675277
2010.0,23.0,0.956453
2010.0,24.0,1.0
2010.0,25.0,0.833312
2010.0,26.0,0.032369
2010.0,27.0,0.6863
2010.0,28.0,0.744105
2010.0,29.0,0.923814
2010.0,30.0,0.758447
2010.0,31.0,0.681459
2010.0,32.0,0.667525
2010.0,33.0,1.0
2010.0,34.0,0.877306
2010.0,35.0,0.945417
2010.0,36.0,0.641306
3000.0,0.0,0.365421
3000.0,1.0,1.0
3000.0,2.0,0.829881
3000.0,3.0,0.94255
3000.0,4.0,1.0
3000.0,5.0,1.0
3000.0,6.0,0.500376
3000.0,7.0,0.424795
3000.0,8.0,0.477814
3000.0,9.0,0.982661
3000.0,10.0,1.0
3000.0,11.0,0.559482
3000.0,12.0,0.750854
3000.0,13.0,1.0
3000.0,14.0,1.0
3000.0,15.0,1.0
3000.0,16.0,0.857516
3000.0,17.0,0.687057
3000.0,18.0,1.0
3000.0,19.0,0.962038
3000.0,20.0,0.912029
3000.0,21.0,0.500436
3000.0,22.0,0.677028
3000.0,23.0,0.959514
3000.0,24.0,1.0
3000.0,25.0,0.830898
3000.0,26.0,0.010015
3000.0,27.0,0.685824
3000.0,28.0,0.844749
3000.0,29.0,0.920674
3000.0,30.0,0.767415
3000.0,31.0,0.72279
3000.0,32.0,0.648311
3000.0,33.0,1.0
3000.0,34.0,0.923146
3000.0,35.0,0.977901
3000.0,36.0,0.658055
3001.0,0.0,0.37443
3001.0,1.0,1.0
3001.0,2.0,0.83076
3001.0,3.0,0.943196
3001.0,4.0,1.0
3001.0,5.0,1.0
3001.0,6.0,0.50631
3001.0,7.0,0.467281
3001.0,8.0,0.478062
3001.0,9.0,0.982479
3001.0,10.0,1.0
3001.0,11.0,0.559933
3001.0,12.0,0.75562
3001.0,13.0,1.0
3001.0,14.0,1.0
3001.0,15.0,1.0
3001.0,16.0,0.857367
3001.0,17.0,0.686905
3001.0,18.0,1.0
3001.0,19.0,0.962148
3001.0,20.0,0.912493
3001.0,21.0,0.50274
3001.0,22.0,0.690601
3001.0,23.0,0.960074
3001.0,24.0,1.0
3001.0,25.0,0.835481
3001.0,26.0,0.010096
3001.0,27.0,0.716219
3001.0,28.0,0.845462
3001.0,29.0,0.925115
3001.0,30.0,0.767459
3001.0,31.0,0.723527
3001.0,32.0,0.649064
3001.0,33.0,1.0
3001.0,34.0,0.922855
3001.0,35.0,0.978024
3001.0,36.0,0.658639
3002.0,0.0,0.384184
3002.0,1.0,1.0
3002.0,2.0,0.832174
3002.0,3.0,0.943924
3002.0,4.0,1.0
3002.0,5.0,1.0
3002.0,6.0,0.511648
3002.0,7.0,0.509066
3002.0,8.0,0.478152
3002.0,9.0,0.982624
3002.0,10.0,1.0
3002.0,11.0,0.560184
3002.0,12.0,0.759915
3002.0,13.0,1.0
3002.0,14.0,1.0
3002.0,15.0,1.0
3002.0,16.0,0.857255
3002.0,17.0,0.687597
3002.0,18.0,1.0
3002.0,19.0,0.962337
3002.0,20.0,0.913134
3002.0,21.0,0.505536
3002.0,22.0,0.704506
3002.0,23.0,0.960626
3002.0,24.0,1.0
3002.0,25.0,0.840704
3002.0,26.0,0.010469
3002.0,27.0,0.744954
3002.0,28.0,0.845175
3002.0,29.0,0.929332
3002.0,30.0,0.767941
3002.0,31.0,0.72414
3002.0,32.0,0.650174
3002.0,33.0,1.0
3002.0,34.0,0.922922
3002.0,35.0,0.978355
3002.0,36.0,0.658995
3003.0,0.0,0.392533
3003.0,1.0,1.0
3003.0,2.0,0.832346
3003.0,3.0,0.944108
3003.0,4.0,1.0
3003.0,5.0,1.0
3003.0,6.0,0.516397
3003.0,7.0,0.550484
3003.0,8.0,0.478354
3003.0,9.0,0.982915
3003.0,10.0,1.0
3003.0,11.0,0.560395
3003.0,12.0,0.76401
3003.0,13.0,1.0
3003.0,14.0,1.0
3003.0,15.0,1.0
3003.0,16.0,0.857444
3003.0,17.0,0.688193
3003.0,18.0,1.0
3003.0,19.0,0.962318
3003.0,20.0,0.913832
3003.0,21.0,0.507937
3003.0,22.0,0.718608
3003.0,23.0,0.961407
3003.0,24.0,1.0
3003.0,25.0,0.845138
3003.0,26.0,0.010956
3003.0,27.0,0.770266
3003.0,28.0,0.845306
3003.0,29.0,0.933223
3003.0,30.0,0.768518
3003.0,31.0,0.726216
3003.0,32.0,0.650359
3003.0,33.0,1.0
3003.0,34.0,0.922766
3003.0,35.0,0.978352
3003.0,36.0,0.659765
3004.0,0.0,0.402471
3004.0,1.0,1.0
3004.0,2.0,0.832941
3004.0,3.0,0.944871
3004.0,4.0,1.0
3004.0,5.0,1.0
3004.0,6.0,0.521247
3004.0,7.0,0.59054
3004.0,8.0,0.476684
3004.0,9.0,0.983
3004.0,10.0,1.0
3004.0,11.0,0.561966
3004.0,12.0,0.768489
3004.0,13.0,1.0
3004.0,14.0,1.0
3004.0,15.0,1.0
3004.0,16.0,0.856742
3004.0,17.0,0.688395
3004.0,18.0,1.0
3004.0,19.0,0.962543
3004.0,20.0,0.91403
3004.0,21.0,0.511341
3004.0,22.0,0.73068
3004.0,23.0,0.961722
3004.0,24.0,1.0
3004.0,25.0,0.849421
3004.0,26.0,0.011248
3004.0,27.0,0.793048
3004.0,28.0,0.845798
3004.0,29.0,0.937084
3004.0,30.0,0.769377
3004.0,31.0,0.727386
3004.0,32.0,0.652026
3004.0,33.0,1.0
3004.0,34.0,0.922749
3004.0,35.0,0.978609
3004.0,36.0,0.659904
3005.0,0.0,0.412252
3005.0,1.0,1.0
3005.0,2.0,0.833355
3005.0,3.0,0.945205
3005.0,4.0,1.0
3005.0,5.0,1.0
3005.0,6.0,0.526091
3005.0,7.0,0.628879
3005.0,8.0,0.475854
3005.0,9.0,0.983116
3005.0,10.0,1.0
3005.0,11.0,0.562795
3005.0,12.0,0.77247
3005.0,13.0,1.0
3005.0,14.0,1.0
3005.0,15.0,1.0
3005.0,16.0,0.85719
3005.0,17.0,0.689528
3005.0,18.0,1.0
3005.0,19.0,0.962486
3005.0,20.0,0.914614
3005.0,21.0,0.514341
3005.0,22.0,0.742245
3005.0,23.0,0.962242
3005.0,24.0,1.0
3005.0,25.0,0.8547
3005.0,26.0,0.011515
3005.0,27.0,0.813432
3005.0,28.0,0.84644
3005.0,29.0,0.94124
3005.0,30.0,0.77096
3005.0,31.0,0.728601
3005.0,32.0,0.652766
3005.0,33.0,1.0
3005.0,34.0,0.922925
3005.0,35.0,0.9786
3005.0,36.0,0.660628
3006.0,0.0,0.421134
3006.0,1.0,1.0
3006.0,2.0,0.834223
3006.0,3.0,0.945819
3006.0,4.0,1.0
3006.0,5.0,1.0
3006.0,6.0,0.531326
3006.0,7.0,0.665191
3006.0,8.0,0.475877
3006.0,9.0,0.983091
3006.0,10.0,1.0
3006.0,11.0,0.562731
3006.0,12.0,0.776007
3006.0,13.0,1.0
3006.0,14.0,1.0
3006.0,15.0,1.0
3006.0,16.0,0.857275
3006.0,17.0,0.690427
3006.0,18.0,1.0
3006.0,19.0,0.962731
3006.0,20.0,0.914947
3006.0,21.0,0.517568
3006.0,22.0,0.753462
3006.0,23.0,0.962489
3006.0,24.0,1.0
3006.0,25.0,0.859121
3006.0,26.0,0.011868
3006.0,27.0,0.830599
3006.0,28.0,0.846857
3006.0,29.0,0.944964
3006.0,30.0,0.771789
3006.0,31.0,0.730171
3006.0,32.0,0.65426
3006.0,33.0,1.0
3006.0,34.0,0.923204
3006.0,35.0,0.978822
3006.0,36.0,0.661492
3007.0,0.0,0.431348
3007.0,1.0,1.0
3007.0,2.0,0.83462
3007.0,3.0,0.946439
3007.0,4.0,1.0
3007.0,5.0,1.0
3007.0,6.0,0.53683
3007.0,7.0,0.69853
3007.0,8.0,0.475148
3007.0,9.0,0.983316
3007.0,10.0,1.0
3007.0,11.0,0.56367
3007.0,12.0,0.779743
3007.0,13.0,1.0
3007.0,14.0,1.0
3007.0,15.0,1.0
3007.0,16.0,0.857294
3007.0,17.0,0.691738
3007.0,18.0,1.0
3007.0,19.0,0.962928
3007.0,20.0,0.915501
3007.0,21.0,0.520943
3007.0,22.0,0.763232
3007.0,23.0,0.962903
3007.0,24.0,1.0
3007.0,25.0,0.863408
3007.0,26.0,0.012268
3007.0,27.0,0.846035
3007.0,28.0,0.847125
3007.0,29.0,0.947872
3007.0,30.0,0.772313
3007.0,31.0,0.730322
3007.0,32.0,0.655033
3007.0,33.0,1.0
3007.0,34.0,0.923604
3007.0,35.0,0.979003
3007.0,36.0,0.6609
3008.0,0.0,0.439561
3008.0,1.0,1.0
3008.0,2.0,0.835251
3008.0,3.0,0.947075
3008.0,4.0,1.0
3008.0,5.0,1.0
3008.0,6.0,0.54278
3008.0,7.0,0.729961
3008.0,8.0,0.474514
3008.0,9.0,0.98335
3008.0,10.0,1.0
3008.0,11.0,0.563512
3008.0,12.0,0.783182
3008.0,13.0,1.0
3008.0,14.0,1.0
3008.0,15.0,1.0
3008.0,16.0,0.857605
3008.0,17.0,0.692492
3008.0,18.0,1.0
3008.0,19.0,0.963088
3008.0,20.0,0.916166
3008.0,21.0,0.525126
3008.0,22.0,0.773339
3008.0,23.0,0.963261
3008.0,24.0,1.0
3008.0,25.0,0.867731
3008.0,26.0,0.012609
3008.0,27.0,0.859749
3008.0,28.0,0.84778
3008.0,29.0,0.951203
3008.0,30.0,0.773292
3008.0,31.0,0.731089
3008.0,32.0,0.656484
3008.0,33.0,1.0
3008.0,34.0,0.923506
3008.0,35.0,0.979229
3008.0,36.0,0.661404
3009.0,0.0,0.395967
3009.0,1.0,1.0
3009.0,2.0,0.83317
3009.0,3.0,0.943831
3009.0,4.0,1.0
3009.0,5.0,1.0
3009.0,6.0,0.519118
3009.0,7.0,0.560109
3009.0,8.0,0.474522
3009.0,9.0,0.982882
3009.0,10.0,1.0
3009.0,11.0,0.559996
3009.0,12.0,0.764745
3009.0,13.0,1.0
3009.0,14.0,1.0
3009.0,15.0,1.0
3009.0,16.0,0.857099
3009.0,17.0,0.690057
3009.0,18.0,1.0
3009.0,19.0,0.962452
3009.0,20.0,0.913397
3009.0,21.0,0.510125
3009.0,22.0,0.720522
3009.0,23.0,0.960758
3009.0,24.0,1.0
3009.0,25.0,0.847688
3009.0,26.0,0.010927
3009.0,27.0,0.775789
3009.0,28.0,0.847693
3009.0,29.0,0.935234
3009.0,30.0,0.771028
3009.0,31.0,0.726978
3009.0,32.0,0.650886
3009.0,33.0,1.0
3009.0,34.0,0.922779
3009.0,35.0,0.979197
3009.0,36.0,0.658693
3010.0,0.0,0.3639
3010.0,1.0,1.0
3010.0,2.0,0.831637
3010.0,3.0,0.941139
3010.0,4.0,1.0
3010.0,5.0,1.0
3010.0,6.0,0.501903
3010.0,7.0,0.427329
3010.0,8.0,0.47342
3010.0,9.0,0.982648
3010.0,10.0,1.0
3010.0,11.0,0.557064
3010.0,12.0,0.749558
3010.0,13.0,1.0
3010.0,14.0,1.0
3010.0,15.0,1.0
3010.0,16.0,0.856525
3010.0,17.0,0.687881
3010.0,18.0,1.0
3010.0,19.0,0.962046
3010.0,20.0,0.911415
3010.0,21.0,0.500095
3010.0,22.0,0.677411
3010.0,23.0,0.959074
3010.0,24.0,1.0
3010.0,25.0,0.831107
3010.0,26.0,0.009645
3010.0,27.0,0.681223
3010.0,28.0,0.846766
3010.0,29.0,0.919057
3010.0,30.0,0.769606
3010.0,31.0,0.723502
3010.0,32.0,0.645997
3010.0,33.0,1.0
3010.0,34.0,0.922356
3010.0,35.0,0.978629
3010.0,36.0,0.65628
4000.0,0.0,0.361366
4000.0,1.0,1.0
4000.0,2.0,0.88146
4000.0,3.0,0.938124
4000.0,4.0,1.0
4000.0,5.0,1.0
4000.0,6.0,0.499933
4000.0,7.0,0.428584
4000.0,8.0,0.475278
4000.0,9.0,0.997747
4000.0,10.0,1.0
4000.0,11.0,0.558973
4000.0,12.0,0.75472
4000.0,13.0,1.0
4000.0,14.0,1.0
4000.0,15.0,1.0
4000.0,16.0,0.885579
4000.0,17.0,0.70246
4000.0,18.0,1.0
4000.0,19.0,0.981463
4000.0,20.0,0.940589
4000.0,21.0,0.494943
4000.0,22.0,0.677087
4000.0,23.0,0.961491
4000.0,24.0,1.0
4000.0,25.0,0.829257
4000.0,26.0,0.003268
4000.0,27.0,0.682085
4000.0,28.0,0.891741
4000.0,29.0,0.921997
4000.0,30.0,0.774536
4000.0,31.0,0.732718
4000.0,32.0,0.671868
4000.0,33.0,1.0
4000.0,34.0,0.944416
4000.0,35.0,0.987362
4000.0,36.0,0.673939
4001.0,0.0,0.369808
4001.0,1.0,1.0
4001.0,2.0,0.881801
4001.0,3.0,0.938579
4001.0,4.0,1.0
4001.0,5.0,1.0
4001.0,6.0,0.50464
4001.0,7.0,0.47014
4001.0,8.0,0.475174
4001.0,9.0,0.997808
4001.0,10.0,1.0
4001.0,11.0,0.559735
4001.0,12.0,0.757832
4001.0,13.0,1.0
4001.0,14.0,1.0
4001.0,15.0,1.0
4001.0,16.0,0.885543
4001.0,17.0,0.703396
4001.0,18.0,1.0
4001.0,19.0,0.981668
4001.0,20.0,0.941023
4001.0,21.0,0.498178
4001.0,22.0,0.691208
4001.0,23.0,0.961932
4001.0,24.0,1.0
4001.0,25.0,0.833754
4001.0,26.0,0.003348
4001.0,27.0,0.715011
4001.0,28.0,0.891742
4001.0,29.0,0.926887
4001.0,30.0,0.774758
4001.0,31.0,0.733243
4001.0,32.0,0.672546
4001.0,33.0,1.0
4001.0,34.0,0.9445
4001.0,35.0,0.987118
4001.0,36.0,0.67532
4002.0,0.0,0.378845
4002.0,1.0,1.0
4002.0,2.0,0.882398
4002.0,3.0,0.939266
4002.0,4.0,1.0
4002.0,5.0,1.0
4002.0,6.0,0.509553
4002.0,7.0,0.510827
4002.0,8.0,0.47504
4002.0,9.0,0.997896
4002.0,10.0,1.0
4002.0,11.0,0.560453
4002.0,12.0,0.761806
4002.0,13.0,1.0
4002.0,14.0,1.0
4002.0,15.0,1.0
4002.0,16.0,0.885604
4002.0,17.0,0.704154
4002.0,18.0,1.0
4002.0,19.0,0.981811
4002.0,20.0,0.941592
4002.0,21.0,0.50202
4002.0,22.0,0.705148
4002.0,23.0,0.962307
4002.0,24.0,1.0
4002.0,25.0,0.837993
4002.0,26.0,0.003553
4002.0,27.0,0.743774
4002.0,28.0,0.892012
4002.0,29.0,0.930984
4002.0,30.0,0.77471
4002.0,31.0,0.734211
4002.0,32.0,0.673079
4002.0,33.0,1.0
4002.0,34.0,0.944563
4002.0,35.0,0.987181
4002.0,36.0,0.676171
4003.0,0.0,0.389005
4003.0,1.0,1.0
4003.0,2.0,0.882864
4003.0,3.0,0.939874
4003.0,4.0,1.0
4003.0,5.0,1.0
4003.0,6.0,0.514388
4003.0,7.0,0.551418
4003.0,8.0,0.474416
4003.0,9.0,0.997912
4003.0,10.0,1.0
4003.0,11.0,0.561944
4003.0,12.0,0.765562
4003.0,13.0,1.0
4003.0,14.0,1.0
4003.0,15.0,1.0
4003.0,16.0,0.886197
4003.0,17.0,0.703941
4003.0,18.0,1.0
4003.0,19.0,0.981814
4003.0,20.0,0.942107
4003.0,21.0,0.50485
4003.0,22.0,0.718398
4003.0,23.0,0.962445
4003.0,24.0,1.0
4003.0,25.0,0.842338
4003.0,26.0,0.003599
4003.0,27.0,0.770235
4003.0,28.0,0.891756
4003.0,29.0,0.935345
4003.0,30.0,0.775501
4003.0,31.0,0.734268
4003.0,32.0,0.674597
4003.0,33.0,1.0
4003.0,34.0,0.944401
4003.0,35.0,0.987291
4003.0,36.0,0.676202
4004.0,0.0,0.397937
4004.0,1.0,1.0
4004.0,2.0,0.883259
4004.0,3.0,0.940569
4004.0,4.0,1.0
4004.0,5.0,1.0
4004.0,6.0,0.519731
4004.0,7.0,0.590642
4004.0,8.0,0.474475
4004.0,9.0,0.997919
4004.0,10.0,1.0
4004.0,11.0,0.562974
4004.0,12.0,0.769285
4004.0,13.0,1.0
4004.0,14.0,1.0
4004.0,15.0,1.0
4004.0,16.0,0.886286
4004.0,17.0,0.703746
4004.0,18.0,1.0
4004.0,19.0,0.982117
4004.0,20.0,0.942492
4004.0,21.0,0.508894
4004.0,22.0,0.73141
4004.0,23.0,0.962525
4004.0,24.0,1.0
4004.0,25.0,0.846502
4004.0,26.0,0.003729
4004.0,27.0,0.793042
4004.0,28.0,0.891872
4004.0,29.0,0.939338
4004.0,30.0,0.776046
4004.0,31.0,0.734823
4004.0,32.0,0.67581
4004.0,33.0,1.0
4004.0,34.0,0.944417
4004.0,35.0,0.98731
4004.0,36.0,0.676709
4005.0,0.0,0.407569
4005.0,1.0,1.0
4005.0,2.0,0.883616
4005.0,3.0,0.940671
4005.0,4.0,1.0
4005.0,5.0,1.0
4005.0,6.0,0.524698
4005.0,7.0,0.628949
4005.0,8.0,0.475372
4005.0,9.0,0.997995
4005.0,10.0,1.0
4005.0,11.0,0.56325
4005.0,12.0,0.773623
4005.0,13.0,1.0
4005.0,14.0,1.0
4005.0,15.0,1.0
4005.0,16.0,0.886657
4005.0,17.0,0.704401
4005.0,18.0,1.0
4005.0,19.0,0.982405
4005.0,20.0,0.942972
4005.0,21.0,0.513183
4005.0,22.0,0.743584
4005.0,23.0,0.962671
4005.0,24.0,1.0
4005.0,25.0,0.850434
4005.0,26.0,0.003757
4005.0,27.0,0.813206
4005.0,28.0,0.892127
4005.0,29.0,0.943166
4005.0,30.0,0.776697
4005.0,31.0,0.734723
4005.0,32.0,0.67723
4005.0,33.0,1.0
4005.0,34.0,0.944214
4005.0,35.0,0.987276
4005.0,36.0,0.67751
4006.0,0.0,0.416455
4006.0,1.0,1.0
4006.0,2.0,0.883923
4006.0,3.0,0.941692
4006.0,4.0,1.0
4006.0,5.0,1.0
4006.0,6.0,0.530604
4006.0,7.0,0.665348
4006.0,8.0,0.474027
4006.0,9.0,0.997957
4006.0,10.0,1.0
4006.0,11.0,0.564776
4006.0,12.0,0.777591
4006.0,13.0,1.0
4006.0,14.0,1.0
4006.0,15.0,1.0
4006.0,16.0,0.886616
4006.0,17.0,0.703992
4006.0,18.0,1.0
4006.0,19.0,0.982409
4006.0,20.0,0.943311
4006.0,21.0,0.517047
4006.0,22.0,0.754411
4006.0,23.0,0.962887
4006.0,24.0,1.0
4006.0,25.0,0.855013
4006.0,26.0,0.003874
4006.0,27.0,0.831105
4006.0,28.0,0.892708
4006.0,29.0,0.946193
4006.0,30.0,0.777827
4006.0,31.0,0.735274
4006.0,32.0,0.677701
4006.0,33.0,1.0
4006.0,34.0,0.944127
4006.0,35.0,0.987098
4006.0,36.0,0.678324
4007.0,0.0,0.426078
4007.0,1.0,1.0
4007.0,2.0,0.884284
4007.0,3.0,0.942255
4007.0,4.0,1.0
4007.0,5.0,1.0
4007.0,6.0,0.53524
4007.0,7.0,0.698585
4007.0,8.0,0.474063
4007.0,9.0,0.998023
4007.0,10.0,1.0
4007.0,11.0,0.565735
4007.0,12.0,0.781217
4007.0,13.0,1.0
4007.0,14.0,1.0
4007.0,15.0,1.0
4007.0,16.0,0.886571
4007.0,17.0,0.704797
4007.0,18.0,1.0
4007.0,19.0,0.982568
4007.0,20.0,0.943544
4007.0,21.0,0.521166
4007.0,22.0,0.764485
4007.0,23.0,0.96355
4007.0,24.0,1.0
4007.0,25.0,0.859394
4007.0,26.0,0.003875
4007.0,27.0,0.846448
4007.0,28.0,0.892827
4007.0,29.0,0.949553
4007.0,30.0,0.778309
4007.0,31.0,0.736238
4007.0,32.0,0.678658
4007.0,33.0,1.0
4007.0,34.0,0.943944
4007.0,35.0,0.987057
4007.0,36.0,0.678596
4008.0,0.0,0.435076
4008.0,1.0,1.0
4008.0,2.0,0.884485
4008.0,3.0,0.942859
4008.0,4.0,1.0
4008.0,5.0,1.0
4008.0,6.0,0.53961
4008.0,7.0,0.729519
4008.0,8.0,0.474532
4008.0,9.0,0.997998
4008.0,10.0,1.0
4008.0,11.0,0.566004
4008.0,12.0,0.784806
4008.0,13.0,1.0
4008.0,14.0,1.0
4008.0,15.0,1.0
4008.0,16.0,0.887049
4008.0,17.0,0.705432
4008.0,18.0,1.0
4008.0,19.0,0.982601
4008.0,20.0,0.94351
4008.0,21.0,0.52405
4008.0,22.0,0.77397
4008.0,23.0,0.964218
4008.0,24.0,1.0
4008.0,25.0,0.864109
4008.0,26.0,0.003928
4008.0,27.0,0.860798
4008.0,28.0,0.893001
4008.0,29.0,0.952719
4008.0,30.0,0.779575
4008.0,31.0,0.737157
4008.0,32.0,0.680128
4008.0,33.0,1.0
4008.0,34.0,0.943631
4008.0,35.0,0.987118
4008.0,36.0,0.678934
4009.0,0.0,0.39175
4009.0,1.0,1.0
4009.0,2.0,0.882974
4009.0,3.0,0.939711
4009.0,4.0,1.0
4009.0,5.0,1.0
4009.0,6.0,0.517318
4009.0,7.0,0.558502
4009.0,8.0,0.475785
4009.0,9.0,0.997979
4009.0,10.0,1.0
4009.0,11.0,0.563311
4009.0,12.0,0.767237
4009.0,13.0,1.0
4009.0,14.0,1.0
4009.0,15.0,1.0
4009.0,16.0,0.887084
4009.0,17.0,0.704257
4009.0,18.0,1.0
4009.0,19.0,0.981982
4009.0,20.0,0.941588
4009.0,21.0,0.508769
4009.0,22.0,0.720603
4009.0,23.0,0.962403
4009.0,24.0,1.0
4009.0,25.0,0.843236
4009.0,26.0,0.003469
4009.0,27.0,0.777109
4009.0,28.0,0.89236
4009.0,29.0,0.937193
4009.0,30.0,0.776717
4009.0,31.0,0.733694
4009.0,32.0,0.675307
4009.0,33.0,1.0
4009.0,34.0,0.943011
4009.0,35.0,0.986904
4009.0,36.0,0.677142
4010.0,0.0,0.360129
4010.0,1.0,1.0
4010.0,2.0,0.881905
4010.0,3.0,0.937221
4010.0,4.0,1.0
4010.0,5.0,1.0
4010.0,6.0,0.50149
4010.0,7.0,0.425537
4010.0,8.0,0.476076
4010.0,9.0,0.997947
4010.0,10.0,1.0
4010.0,11.0,0.559741
4010.0,12.0,0.752616
4010.0,13.0,1.0
4010.0,14.0,1.0
4010.0,15.0,1.0
4010.0,16.0,0.887238
4010.0,17.0,0.702258
4010.0,18.0,1.0
4010.0,19.0,0.981596
4010.0,20.0,0.940338
4010.0,21.0,0.498362
4010.0,22.0,0.677029
4010.0,23.0,0.960771
4010.0,24.0,1.0
4010.0,25.0,0.825355
4010.0,26.0,0.003104
4010.0,27.0,0.683995
4010.0,28.0,0.891877
4010.0,29.0,0.92167
4010.0,30.0,0.774213
4010.0,31.0,0.731373
4010.0,32.0,0.670753
4010.0,33.0,1.0
4010.0,34.0,0.942222
4010.0,35.0,0.98675
4010.0,36.0,0.675344
5000.0,0.0,0.368217
5000.0,1.0,1.0
5000.0,2.0,0.914561
5000.0,3.0,0.939383
5000.0,4.0,1.0
5000.0,5.0,1.0
5000.0,6.0,0.497117
5000.0,7.0,0.426539
5000.0,8.0,0.465128
5000.0,9.0,1.0
5000.0,10.0,1.0
5000.0,11.0,0.574476
5000.0,12.0,0.756881
5000.0,13.0,1.0
5000.0,14.0,1.0
5000.0,15.0,1.0
5000.0,16.0,0.906186
5000.0,17.0,0.748655
5000.0,18.0,1.0
5000.0,19.0,0.993897
5000.0,20.0,0.945352
5000.0,21.0,0.500732
5000.0,22.0,0.675502
5000.0,23.0,0.957284
5000.0,24.0,1.0
5000.0,25.0,0.831176
5000.0,26.0,0.0
5000.0,27.0,0.679023
5000.0,28.0,0.935464
5000.0,29.0,0.915465
5000.0,30.0,0.774653
5000.0,31.0,0.731044
5000.0,32.0,0.658627
5000.0,33.0,1.0
5000.0,34.0,0.9651
5000.0,35.0,0.996454
5000.0,36.0,0.670149
5001.0,0.0,0.377614
5001.0,1.0,1.0
5001.0,2.0,0.914461
5001.0,3.0,0.940054
5001.0,4.0,1.0
5001.0,5.0,1.0
5001.0,6.0,0.500928
5001.0,7.0,0.467695
5001.0,8.0,0.465017
5001.0,9.0,1.0
5001.0,10.0,1.0
5001.0,11.0,0.575462
5001.0,12.0,0.761221
5001.0,13.0,1.0
5001.0,14.0,1.0
5001.0,15.0,1.0
5001.0,16.0,0.906383
5001.0,17.0,0.749282
5001.0,18.0,1.0
5001.0,19.0,0.99391
5001.0,20.0,0.945642
5001.0,21.0,0.502694
5001.0,22.0,0.688934
5001.0,23.0,0.958118
5001.0,24.0,1.0
5001.0,25.0,0.835385
5001.0,26.0,0.0
5001.0,27.0,0.710621
5001.0,28.0,0.935476
5001.0,29.0,0.920116
5001.0,30.0,0.774706
5001.0,31.0,0.731321
5001.0,32.0,0.659415
5001.0,33.0,1.0
5001.0,34.0,0.964892
5001.0,35.0,0.996463
5001.0,36.0,0.670772
5002.0,0.0,0.386102
5002.0,1.0,1.0
5002.0,2.0,0.914482
5002.0,3.0,0.940933
5002.0,4.0,1.0
5002.0,5.0,1.0
5002.0,6.0,0.505402
5002.0,7.0,0.508617
5002.0,8.0,0.465112
5002.0,9.0,1.0
5002.0,10.0,1.0
5002.0,11.0,0.575915
5002.0,12.0,0.76503
5002.0,13.0,1.0
5002.0,14.0,1.0
5002.0,15.0,1.0
5002.0,16.0,0.906271
5002.0,17.0,0.750097
5002.0,18.0,1.0
5002.0,19.0,0.993786
5002.0,20.0,0.946342
5002.0,21.0,0.505754
5002.0,22.0,0.703665
5002.0,23.0,0.958385
5002.0,24.0,1.0
5002.0,25.0,0.840335
5002.0,26.0,0.0
5002.0,27.0,0.739772
5002.0,28.0,0.935653
5002.0,29.0,0.924859
5002.0,30.0,0.775399
5002.0,31.0,0.732562
5002.0,32.0,0.660615
5002.0,33.0,1.0
5002.0,34.0,0.965004
5002.0,35.0,0.996469
5002.0,36.0,0.671114
5003.0,0.0,0.395029
5003.0,1.0,1.0
5003.0,2.0,0.914602
5003.0,3.0,0.94187
5003.0,4.0,1.0
5003.0,5.0,1.0
5003.0,6.0,0.510895
5003.0,7.0,0.549562
5003.0,8.0,0.464901
5003.0,9.0,1.0
5003.0,10.0,1.0
5003.0,11.0,0.576114
5003.0,12.0,0.769329
5003.0,13.0,1.0
5003.0,14.0,1.0
5003.0,15.0,1.0
5003.0,16.0,0.906319
5003.0,17.0,0.751357
5003.0,18.0,1.0
5003.0,19.0,0.993825
5003.0,20.0,0.946661
5003.0,21.0,0.508879
5003.0,22.0,0.716641
5003.0,23.0,0.958521
5003.0,24.0,1.0
5003.0,25.0,0.845882
5003.0,26.0,0.0
5003.0,27.0,0.765496
5003.0,28.0,0.935696
5003.0,29.0,0.929591
5003.0,30.0,0.775673
5003.0,31.0,0.733482
5003.0,32.0,0.660914
5003.0,33.0,1.0
5003.0,34.0,0.965261
5003.0,35.0,0.996497
5003.0,36.0,0.671835
5004.0,0.0,0.404484
5004.0,1.0,1.0
5004.0,2.0,0.914962
5004.0,3.0,0.942511
5004.0,4.0,1.0
5004.0,5.0,1.0
5004.0,6.0,0.516044
5004.0,7.0,0.588972
5004.0,8.0,0.465032
5004.0,9.0,1.0
5004.0,10.0,1.0
5004.0,11.0,0.576638
5004.0,12.0,0.773425
5004.0,13.0,1.0
5004.0,14.0,1.0
5004.0,15.0,1.0
5004.0,16.0,0.906661
5004.0,17.0,0.751258
5004.0,18.0,1.0
5004.0,19.0,0.993909
5004.0,20.0,0.94691
5004.0,21.0,0.511192
5004.0,22.0,0.728735
5004.0,23.0,0.95937
5004.0,24.0,1.0
5004.0,25.0,0.850699
5004.0,26.0,0.0
5004.0,27.0,0.788774
5004.0,28.0,0.935714
5004.0,29.0,0.933801
5004.0,30.0,0.776845
5004.0,31.0,0.734545
5004.0,32.0,0.660938
5004.0,33.0,1.0
5004.0,34.0,0.965351
5004.0,35.0,0.996496
5004.0,36.0,0.673037
5005.0,0.0,0.413316
5005.0,1.0,1.0
5005.0,2.0,0.915337
5005.0,3.0,0.942943
5005.0,4.0,1.0
5005.0,5.0,1.0
5005.0,6.0,0.520274
5005.0,7.0,0.627446
5005.0,8.0,0.464617
5005.0,9.0,1.0
5005.0,10.0,1.0
5005.0,11.0,0.577725
5005.0,12.0,0.777169
5005.0,13.0,1.0
5005.0,14.0,1.0
5005.0,15.0,1.0
5005.0,16.0,0.906639
5005.0,17.0,0.751926
5005.0,18.0,1.0
5005.0,19.0,0.993987
5005.0,20.0,0.947532
5005.0,21.0,0.514203
5005.0,22.0,0.73963
5005.0,23.0,0.959737
5005.0,24.0,1.0
5005.0,25.0,0.855172
5005.0,26.0,0.0
5005.0,27.0,0.810019
5005.0,28.0,0.936081
5005.0,29.0,0.937885
5005.0,30.0,0.777724
5005.0,31.0,0.735615
5005.0,32.0,0.662058
5005.0,33.0,1.0
5005.0,34.0,0.965478
5005.0,35.0,0.996598
5005.0,36.0,0.673626
5006.0,0.0,0.422356
5006.0,1.0,1.0
5006.0,2.0,0.915481
5006.0,3.0,0.943655
5006.0,4.0,1.0
5006.0,5.0,1.0
5006.0,6.0,0.524868
5006.0,7.0,0.663416
5006.0,8.0,0.465289
5006.0,9.0,1.0
5006.0,10.0,1.0
5006.0,11.0,0.577896
5006.0,12.0,0.780644
5006.0,13.0,1.0
5006.0,14.0,1.0
5006.0,15.0,1.0
5006.0,16.0,0.906641
5006.0,17.0,0.752531
5006.0,18.0,1.0
5006.0,19.0,0.994016
5006.0,20.0,0.947914
5006.0,21.0,0.516708
5006.0,22.0,0.750089
5006.0,23.0,0.960429
5006.0,24.0,1.0
5006.0,25.0,0.860123
5006.0,26.0,0.0
5006.0,27.0,0.827932
5006.0,28.0,0.936393
5006.0,29.0,0.941843
5006.0,30.0,0.778398
5006.0,31.0,0.73644
5006.0,32.0,0.66356
5006.0,33.0,1.0
5006.0,34.0,0.965453
5006.0,35.0,0.996662
5006.0,36.0,0.67471
5007.0,0.0,0.43129
5007.0,1.0,1.0
5007.0,2.0,0.915806
5007.0,3.0,0.944601
5007.0,4.0,1.0
5007.0,5.0,1.0
5007.0,6.0,0.530254
5007.0,7.0,0.697259
5007.0,8.0,0.465957
5007.0,9.0,1.0
5007.0,10.0,1.0
5007.0,11.0,0.578274
5007.0,12.0,0.78482
5007.0,13.0,1.0
5007.0,14.0,1.0
5007.0,15.0,1.0
5007.0,16.0,0.906723
5007.0,17.0,0.75294
5007.0,18.0,1.0
5007.0,19.0,0.994223
5007.0,20.0,0.948284
5007.0,21.0,0.520436
5007.0,22.0,0.760863
5007.0,23.0,0.960931
5007.0,24.0,1.0
5007.0,25.0,0.864247
5007.0,26.0,0.0
5007.0,27.0,0.843882
5007.0,28.0,0.93604
5007.0,29.0,0.945936
5007.0,30.0,0.780263
5007.0,31.0,0.736753
5007.0,32.0,0.664985
5007.0,33.0,1.0
5007.0,34.0,0.965738
5007.0,35.0,0.996606
5007.0,36.0,0.675887
5008.0,0.0,0.439233
5008.0,1.0,1.0
5008.0,2.0,0.916086
5008.0,3.0,0.94553
5008.0,4.0,1.0
5008.0,5.0,1.0
5008.0,6.0,0.535772
5008.0,7.0,0.728571
5008.0,8.0,0.466282
5008.0,9.0,1.0
5008.0,10.0,1.0
5008.0,11.0,0.578614
5008.0,12.0,0.7885
5008.0,13.0,1.0
5008.0,14.0,1.0
5008.0,15.0,1.0
5008.0,16.0,0.906641
5008.0,17.0,0.753269
5008.0,18.0,1.0
5008.0,19.0,0.994235
5008.0,20.0,0.948806
5008.0,21.0,0.524478
5008.0,22.0,0.770962
5008.0,23.0,0.961481
5008.0,24.0,1.0
5008.0,25.0,0.868835
5008.0,26.0,0.0
5008.0,27.0,0.858346
5008.0,28.0,0.936106
5008.0,29.0,0.949135
5008.0,30.0,0.780282
5008.0,31.0,0.737333
5008.0,32.0,0.666407
5008.0,33.0,1.0
5008.0,34.0,0.965717
5008.0,35.0,0.996613
5008.0,36.0,0.677318
5009.0,0.0,0.396782
5009.0,1.0,1.0
5009.0,2.0,0.914857
5009.0,3.0,0.942296
5009.0,4.0,1.0
5009.0,5.0,1.0
5009.0,6.0,0.513694
5009.0,7.0,0.558671
5009.0,8.0,0.465425
5009.0,9.0,1.0
5009.0,10.0,1.0
5009.0,11.0,0.57592
5009.0,12.0,0.770387
5009.0,13.0,1.0
5009.0,14.0,1.0
5009.0,15.0,1.0
5009.0,16.0,0.905999
5009.0,17.0,0.751573
5009.0,18.0,1.0
5009.0,19.0,0.994181
5009.0,20.0,0.947306
5009.0,21.0,0.5104
5009.0,22.0,0.717492
5009.0,23.0,0.959129
5009.0,24.0,1.0
5009.0,25.0,0.848809
5009.0,26.0,0.0
5009.0,27.0,0.774651
5009.0,28.0,0.935683
5009.0,29.0,0.932314
5009.0,30.0,0.777629
5009.0,31.0,0.733999
5009.0,32.0,0.660301
5009.0,33.0,1.0
5009.0,34.0,0.965826
5009.0,35.0,0.996584
5009.0,36.0,0.674701
5010.0,0.0,0.36514
5010.0,1.0,1.0
5010.0,2.0,0.913717
5010.0,3.0,0.939427
5010.0,4.0,1.0
5010.0,5.0,1.0
5010.0,6.0,0.497468
5010.0,7.0,0.425547
5010.0,8.0,0.464909
5010.0,9.0,1.0
5010.0,10.0,1.0
5010.0,11.0,0.573562
5010.0,12.0,0.756364
5010.0,13.0,1.0
5010.0,14.0,1.0
5010.0,15.0,1.0
5010.0,16.0,0.906045
5010.0,17.0,0.750107
5010.0,18.0,1.0
5010.0,19.0,0.994199
5010.0,20.0,0.945927
5010.0,21.0,0.499797
5010.0,22.0,0.674319
5010.0,23.0,0.957497
5010.0,24.0,1.0
5010.0,25.0,0.832267
5010.0,26.0,0.0
5010.0,27.0,0.681479
5010.0,28.0,0.935046
5010.0,29.0,0.9158
5010.0,30.0,0.7763
5010.0,31.0,0.731861
5010.0,32.0,0.655298
5010.0,33.0,1.0
5010.0,34.0,0.96577
5010.0,35.0,0.996575
5010.0,36.0,0.672916
6000.0,0.0,0.354638
6000.0,1.0,1.0
6000.0,2.0,0.938412
6000.0,3.0,0.937276
6000.0,4.0,1.0
6000.0,5.0,1.0
6000.0,6.0,0.502546
6000.0,7.0,0.426947
6000.0,8.0,0.451688
6000.0,9.0,1.0
6000.0,10.0,1.0
6000.0,11.0,0.544838
6000.0,12.0,0.754551
6000.0,13.0,1.0
6000.0,14.0,1.0
6000.0,15.0,1.0
6000.0,16.0,0.936293
6000.0,17.0,0.75705
6000.0,18.0,1.0
6000.0,19.0,0.995317
6000.0,20.0,0.945427
6000.0,21.0,0.49733
6000.0,22.0,0.677022
6000.0,23.0,0.960955
6000.0,24.0,1.0
6000.0,25.0,0.825351
6000.0,26.0,0.0
6000.0,27.0,0.688324
6000.0,28.0,0.963851
6000.0,29.0,0.908189
6000.0,30.0,0.772519
6000.0,31.0,0.72826
6000.0,32.0,0.670697
6000.0,33.0,1.0
6000.0,34.0,0.96236
6000.0,35.0,0.997264
6000.0,36.0,0.673271
6001.0,0.0,0.363815
6001.0,1.0,1.0
6001.0,2.0,0.938599
6001.0,3.0,0.938189
6001.0,4.0,1.0
6001.0,5.0,1.0
6001.0,6.0,0.508171
6001.0,7.0,0.468078
6001.0,8.0,0.451955
6001.0,9.0,1.0
6001.0,10.0,1.0
6001.0,11.0,0.546236
6001.0,12.0,0.758437
6001.0,13.0,1.0
6001.0,14.0,1.0
6001.0,15.0,1.0
6001.0,16.0,0.936169
6001.0,17.0,0.757579
6001.0,18.0,1.0
6001.0,19.0,0.995149
6001.0,20.0,0.945858
6001.0,21.0,0.500551
6001.0,22.0,0.690712
6001.0,23.0,0.961476
6001.0,24.0,1.0
6001.0,25.0,0.830759
6001.0,26.0,0.0
6001.0,27.0,0.719469
6001.0,28.0,0.963955
6001.0,29.0,0.913561
6001.0,30.0,0.773628
6001.0,31.0,0.72925
6001.0,32.0,0.670771
6001.0,33.0,1.0
6001.0,34.0,0.962744
6001.0,35.0,0.997305
6001.0,36.0,0.673839
6002.0,0.0,0.373895
6002.0,1.0,1.0
6002.0,2.0,0.939149
6002.0,3.0,0.939497
6002.0,4.0,1.0
6002.0,5.0,1.0
6002.0,6.0,0.513649
6002.0,7.0,0.50981
6002.0,8.0,0.452104
6002.0,9.0,1.0
6002.0,10.0,1.0
6002.0,11.0,0.546523
6002.0,12.0,0.763813
6002.0,13.0,1.0
6002.0,14.0,1.0
6002.0,15.0,1.0
6002.0,16.0,0.936022
6002.0,17.0,0.758048
6002.0,18.0,1.0
6002.0,19.0,0.995231
6002.0,20.0,0.945739
6002.0,21.0,0.503886
6002.0,22.0,0.704553
6002.0,23.0,0.961794
6002.0,24.0,1.0
6002.0,25.0,0.835749
6002.0,26.0,0.0
6002.0,27.0,0.748205
6002.0,28.0,0.964255
6002.0,29.0,0.918598
6002.0,30.0,0.775256
6002.0,31.0,0.730251
6002.0,32.0,0.671707
6002.0,33.0,1.0
6002.0,34.0,0.962606
6002.0,35.0,0.997335
6002.0,36.0,0.67423
6003.0,0.0,0.383721
6003.0,1.0,1.0
6003.0,2.0,0.939399
6003.0,3.0,0.940404
6003.0,4.0,1.0
6003.0,5.0,1.0
6003.0,6.0,0.519491
6003.0,7.0,0.550501
6003.0,8.0,0.451992
6003.0,9.0,1.0
6003.0,10.0,1.0
6003.0,11.0,0.547728
6003.0,12.0,0.76846
6003.0,13.0,1.0
6003.0,14.0,1.0
6003.0,15.0,1.0
6003.0,16.0,0.935927
6003.0,17.0,0.758692
6003.0,18.0,1.0
6003.0,19.0,0.995109
6003.0,20.0,0.945976
6003.0,21.0,0.506558
6003.0,22.0,0.717176
6003.0,23.0,0.962081
6003.0,24.0,1.0
6003.0,25.0,0.839926
6003.0,26.0,0.0
6003.0,27.0,0.774064
6003.0,28.0,0.964488
6003.0,29.0,0.923711
6003.0,30.0,0.775621
6003.0,31.0,0.730272
6003.0,32.0,0.673519
6003.0,33.0,1.0
6003.0,34.0,0.963001
6003.0,35.0,0.997288
6003.0,36.0,0.675112
6004.0,0.0,0.39392
6004.0,1.0,1.0
6004.0,2.0,0.939797
6004.0,3.0,0.94097
6004.0,4.0,1.0
6004.0,5.0,1.0
6004.0,6.0,0.524272
6004.0,7.0,0.590698
6004.0,8.0,0.452058
6004.0,9.0,1.0
6004.0,10.0,1.0
6004.0,11.0,0.549151
6004.0,12.0,0.772702
6004.0,13.0,1.0
6004.0,14.0,1.0
6004.0,15.0,1.0
6004.0,16.0,0.93607
6004.0,17.0,0.75937
6004.0,18.0,1.0
6004.0,19.0,0.99518
6004.0,20.0,0.946458
6004.0,21.0,0.510079
6004.0,22.0,0.729157
6004.0,23.0,0.962622
6004.0,24.0,1.0
6004.0,25.0,0.845207
6004.0,26.0,0.0
6004.0,27.0,0.796521
6004.0,28.0,0.965087
6004.0,29.0,0.928579
6004.0,30.0,0.775719
6004.0,31.0,0.731777
6004.0,32.0,0.674004
6004.0,33.0,1.0
6004.0,34.0,0.963332
6004.0,35.0,0.997244
6004.0,36.0,0.676093
6005.0,0.0,0.404437
6005.0,1.0,1.0
6005.0,2.0,0.939836
6005.0,3.0,0.941454
6005.0,4.0,1.0
6005.0,5.0,1.0
6005.0,6.0,0.529354
6005.0,7.0,0.629355
6005.0,8.0,0.452244
6005.0,9.0,1.0
6005.0,10.0,1.0
6005.0,11.0,0.550465
6005.0,12.0,0.777196
6005.0,13.0,1.0
6005.0,14.0,1.0
6005.0,15.0,1.0
6005.0,16.0,0.936485
6005.0,17.0,0.759137
6005.0,18.0,1.0
6005.0,19.0,0.995206
6005.0,20.0,0.946589
6005.0,21.0,0.512683
6005.0,22.0,0.740776
6005.0,23.0,0.963008
6005.0,24.0,1.0
6005.0,25.0,0.850579
6005.0,26.0,0.0
6005.0,27.0,0.816053
6005.0,28.0,0.965159
6005.0,29.0,0.933192
6005.0,30.0,0.776474
6005.0,31.0,0.732744
6005.0,32.0,0.674928
6005.0,33.0,1.0
6005.0,34.0,0.963509
6005.0,35.0,0.997263
6005.0,36.0,0.676437
6006.0,0.0,0.414377
6006.0,1.0,1.0
6006.0,2.0,0.940034
6006.0,3.0,0.941922
6006.0,4.0,1.0
6006.0,5.0,1.0
6006.0,6.0,0.534581
6006.0,7.0,0.665366
6006.0,8.0,0.4526
6006.0,9.0,1.0
6006.0,10.0,1.0
6006.0,11.0,0.551864
6006.0,12.0,0.780934
6006.0,13.0,1.0
6006.0,14.0,1.0
6006.0,15.0,1.0
6006.0,16.0,0.936345
6006.0,17.0,0.760214
6006.0,18.0,1.0
6006.0,19.0,0.99513
6006.0,20.0,0.947076
6006.0,21.0,0.515874
6006.0,22.0,0.751336
6006.0,23.0,0.963419
6006.0,24.0,1.0
6006.0,25.0,0.855823
6006.0,26.0,0.0
6006.0,27.0,0.83324
6006.0,28.0,0.965217
6006.0,29.0,0.937437
6006.0,30.0,0.777849
6006.0,31.0,0.732871
6006.0,32.0,0.675996
6006.0,33.0,1.0
6006.0,34.0,0.963918
6006.0,35.0,0.997288
6006.0,36.0,0.676486
6007.0,0.0,0.424401
6007.0,1.0,1.0
6007.0,2.0,0.940574
6007.0,3.0,0.94259
6007.0,4.0,1.0
6007.0,5.0,1.0
6007.0,6.0,0.539449
6007.0,7.0,0.698672
6007.0,8.0,0.452454
6007.0,9.0,1.0
6007.0,10.0,1.0
6007.0,11.0,0.553043
6007.0,12.0,0.78476
6007.0,13.0,1.0
6007.0,14.0,1.0
6007.0,15.0,1.0
6007.0,16.0,0.936488
6007.0,17.0,0.760808
6007.0,18.0,1.0
6007.0,19.0,0.995135
6007.0,20.0,0.947621
6007.0,21.0,0.518973
6007.0,22.0,0.761697
6007.0,23.0,0.963693
6007.0,24.0,1.0
6007.0,25.0,0.860347
6007.0,26.0,0.0
6007.0,27.0,0.848516
6007.0,28.0,0.965584
6007.0,29.0,0.941626
6007.0,30.0,0.778185
6007.0,31.0,0.733831
6007.0,32.0,0.677503
6007.0,33.0,1.0
6007.0,34.0,0.963956
6007.0,35.0,0.997277
6007.0,36.0,0.676193
6008.0,0.0,0.434002
6008.0,1.0,1.0
6008.0,2.0,0.940531
6008.0,3.0,0.943313
6008.0,4.0,1.0
6008.0,5.0,1.0
6008.0,6.0,0.544572
6008.0,7.0,0.729362
6008.0,8.0,0.452793
6008.0,9.0,1.0
6008.0,10.0,1.0
6008.0,11.0,0.553399
6008.0,12.0,0.788101
6008.0,13.0,1.0
6008.0,14.0,1.0
6008.0,15.0,1.0
6008.0,16.0,0.936554
6008.0,17.0,0.761376
6008.0,18.0,1.0
6008.0,19.0,0.995144
6008.0,20.0,0.947693
6008.0,21.0,0.523336
6008.0,22.0,0.771244
6008.0,23.0,0.96438
6008.0,24.0,1.0
6008.0,25.0,0.865028
6008.0,26.0,0.0
6008.0,27.0,0.862109
6008.0,28.0,0.965335
6008.0,29.0,0.945131
6008.0,30.0,0.778704
6008.0,31.0,0.735011
6008.0,32.0,0.678903
6008.0,33.0,1.0
6008.0,34.0,0.964051
6008.0,35.0,0.997329
6008.0,36.0,0.677053
6009.0,0.0,0.391175
6009.0,1.0,1.0
6009.0,2.0,0.940041
6009.0,3.0,0.939957
6009.0,4.0,1.0
6009.0,5.0,1.0
6009.0,6.0,0.522435
6009.0,7.0,0.558946
6009.0,8.0,0.45317
6009.0,9.0,1.0
6009.0,10.0,1.0
6009.0,11.0,0.549018
6009.0,12.0,0.770301
6009.0,13.0,1.0
6009.0,14.0,1.0
6009.0,15.0,1.0
6009.0,16.0,0.936047
6009.0,17.0,0.758961
6009.0,18.0,1.0
6009.0,19.0,0.994894
6009.0,20.0,0.945725
6009.0,21.0,0.508589
6009.0,22.0,0.718901
6009.0,23.0,0.962492
6009.0,24.0,1.0
6009.0,25.0,0.843691
6009.0,26.0,0.0
6009.0,27.0,0.778728
6009.0,28.0,0.965034
6009.0,29.0,0.927329
6009.0,30.0,0.775675
6009.0,31.0,0.732246
6009.0,32.0,0.673658
6009.0,33.0,1.0
6009.0,34.0,0.964125
6009.0,35.0,0.997144
6009.0,36.0,0.674668
6010.0,0.0,0.360287
6010.0,1.0,1.0
6010.0,2.0,0.939101
6010.0,3.0,0.937366
6010.0,4.0,1.0
6010.0,5.0,1.0
6010.0,6.0,0.504781
6010.0,7.0,0.426829
6010.0,8.0,0.452691
6010.0,9.0,1.0
6010.0,10.0,1.0
6010.0,11.0,0.545812
6010.0,12.0,0.75539
6010.0,13.0,1.0
6010.0,14.0,1.0
6010.0,15.0,1.0
6010.0,16.0,0.93575
6010.0,17.0,0.758003
6010.0,18.0,1.0
6010.0,19.0,0.994918
6010.0,20.0,0.943842
6010.0,21.0,0.498899
6010.0,22.0,0.67631
6010.0,23.0,0.960303
6010.0,24.0,1.0
6010.0,25.0,0.826178
6010.0,26.0,0.0
6010.0,27.0,0.686392
6010.0,28.0,0.965065
6010.0,29.0,0.909614
6010.0,30.0,0.773241
6010.0,31.0,0.72885
6010.0,32.0,0.670892
6010.0,33.0,1.0
6010.0,34.0,0.963772
6010.0,35.0,0.997191
6010.0,36.0,0.67359
7000.0,0.0,0.359501
7000.0,1.0,1.0
7000.0,2.0,0.953157
7000.0,3.0,0.938718
7000.0,4.0,1.0
7000.0,5.0,1.0
7000.0,6.0,0.488838
7000.0,7.0,0.426019
7000.0,8.0,0.448715
7000.0,9.0,1.0
7000.0,10.0,1.0
7000.0,11.0,0.567313
7000.0,12.0,0.757614
7000.0,13.0,1.0
7000.0,14.0,1.0
7000.0,15.0,1.0
7000.0,16.0,0.959968
7000.0,17.0,0.796467
7000.0,18.0,1.0
7000.0,19.0,0.998716
7000.0,20.0,0.952276
7000.0,21.0,0.488543
7000.0,22.0,0.675021
7000.0,23.0,0.967175
7000.0,24.0,1.0
7000.0,25.0,0.82982
7000.0,26.0,0.0
7000.0,27.0,0.680452
7000.0,28.0,0.982768
7000.0,29.0,0.911132
7000.0,30.0,0.779848
7000.0,31.0,0.741832
7000.0,32.0,0.666058
7000.0,33.0,1.0
7000.0,34.0,0.974889
7000.0,35.0,0.999839
7000.0,36.0,0.659122
7001.0,0.0,0.368516
7001.0,1.0,1.0
7001.0,2.0,0.953294
7001.0,3.0,0.939556
7001.0,4.0,1.0
7001.0,5.0,1.0
7001.0,6.0,0.494442
7001.0,7.0,0.467272
7001.0,8.0,0.449122
7001.0,9.0,1.0
7001.0,10.0,1.0
7001.0,11.0,0.56885
7001.0,12.0,0.761835
7001.0,13.0,1.0
7001.0,14.0,1.0
7001.0,15.0,1.0
7001.0,16.0,0.959936
7001.0,17.0,0.7968
7001.0,18.0,1.0
7001.0,19.0,0.998726
7001.0,20.0,0.952584
7001.0,21.0,0.490576
7001.0,22.0,0.689273
7001.0,23.0,0.967528
7001.0,24.0,1.0
7001.0,25.0,0.834818
7001.0,26.0,0.0
7001.0,27.0,0.713131
7001.0,28.0,0.983044
7001.0,29.0,0.916484
7001.0,30.0,0.780365
7001.0,31.0,0.741994
7001.0,32.0,0.667403
7001.0,33.0,1.0
7001.0,34.0,0.974685
7001.0,35.0,0.99983
7001.0,36.0,0.659485
7002.0,0.0,0.377876
7002.0,1.0,1.0
7002.0,2.0,0.953613
7002.0,3.0,0.940154
7002.0,4.0,1.0
7002.0,5.0,1.0
7002.0,6.0,0.499492
7002.0,7.0,0.508981
7002.0,8.0,0.447915
7002.0,9.0,1.0
7002.0,10.0,1.0
7002.0,11.0,0.569883
7002.0,12.0,0.766199
7002.0,13.0,1.0
7002.0,14.0,1.0
7002.0,15.0,1.0
7002.0,16.0,0.959488
7002.0,17.0,0.796615
7002.0,18.0,1.0
7002.0,19.0,0.998728
7002.0,20.0,0.952714
7002.0,21.0,0.493594
7002.0,22.0,0.703039
7002.0,23.0,0.967849
7002.0,24.0,1.0
7002.0,25.0,0.840068
7002.0,26.0,0.0
7002.0,27.0,0.741577
7002.0,28.0,0.982992
7002.0,29.0,0.921495
7002.0,30.0,0.780839
7002.0,31.0,0.743588
7002.0,32.0,0.669194
7002.0,33.0,1.0
7002.0,34.0,0.974412
7002.0,35.0,0.99981
7002.0,36.0,0.66006
7003.0,0.0,0.388366
7003.0,1.0,1.0
7003.0,2.0,0.953905
7003.0,3.0,0.940718
7003.0,4.0,1.0
7003.0,5.0,1.0
7003.0,6.0,0.503857
7003.0,7.0,0.549695
7003.0,8.0,0.447953
7003.0,9.0,1.0
7003.0,10.0,1.0
7003.0,11.0,0.570626
7003.0,12.0,0.770597
7003.0,13.0,1.0
7003.0,14.0,1.0
7003.0,15.0,1.0
7003.0,16.0,0.959616
7003.0,17.0,0.796988
7003.0,18.0,1.0
7003.0,19.0,0.998774
7003.0,20.0,0.952986
7003.0,21.0,0.495528
7003.0,22.0,0.716034
7003.0,23.0,0.968038
7003.0,24.0,1.0
7003.0,25.0,0.844574
7003.0,26.0,0.0
7003.0,27.0,0.767375
7003.0,28.0,0.982853
7003.0,29.0,0.926761
7003.0,30.0,0.78174
7003.0,31.0,0.743766
7003.0,32.0,0.671069
7003.0,33.0,1.0
7003.0,34.0,0.974316
7003.0,35.0,0.999836
7003.0,36.0,0.660684
7004.0,0.0,0.397563
7004.0,1.0,1.0
7004.0,2.0,0.954463
7004.0,3.0,0.941306
7004.0,4.0,1.0
7004.0,5.0,1.0
7004.0,6.0,0.509546
7004.0,7.0,0.589681
7004.0,8.0,0.448064
7004.0,9.0,1.0
7004.0,10.0,1.0
7004.0,11.0,0.571013
7004.0,12.0,0.775061
7004.0,13.0,1.0
7004.0,14.0,1.0
7004.0,15.0,1.0
7004.0,16.0,0.959585
7004.0,17.0,0.797208
7004.0,18.0,1.0
7004.0,19.0,0.998798
7004.0,20.0,0.953383
7004.0,21.0,0.499086
7004.0,22.0,0.728357
7004.0,23.0,0.968406
7004.0,24.0,1.0
7004.0,25.0,0.849135
7004.0,26.0,0.0
7004.0,27.0,0.789831
7004.0,28.0,0.982814
7004.0,29.0,0.931252
7004.0,30.0,0.781809
7004.0,31.0,0.744163
7004.0,32.0,0.672249
7004.0,33.0,1.0
7004.0,34.0,0.974564
7004.0,35.0,0.99985
7004.0,36.0,0.66099
7005.0,0.0,0.408973
7005.0,1.0,1.0
7005.0,2.0,0.954253
7005.0,3.0,0.942079
7005.0,4.0,1.0
7005.0,5.0,1.0
7005.0,6.0,0.515434
7005.0,7.0,0.627974
7005.0,8.0,0.447557
7005.0,9.0,1.0
7005.0,10.0,1.0
7005.0,11.0,0.570966
7005.0,12.0,0.779285
7005.0,13.0,1.0
7005.0,14.0,1.0
7005.0,15.0,1.0
7005.0,16.0,0.959354
7005.0,17.0,0.797563
7005.0,18.0,1.0
7005.0,19.0,0.998816
7005.0,20.0,0.953873
7005.0,21.0,0.502019
7005.0,22.0,0.739036
7005.0,23.0,0.968708
7005.0,24.0,1.0
7005.0,25.0,0.854036
7005.0,26.0,0.0
7005.0,27.0,0.809922
7005.0,28.0,0.982672
7005.0,29.0,0.935794
7005.0,30.0,0.782887
7005.0,31.0,0.744784
7005.0,32.0,0.673598
7005.0,33.0,1.0
7005.0,34.0,0.974521
7005.0,35.0,0.999867
7005.0,36.0,0.661327
7006.0,0.0,0.419156
7006.0,1.0,1.0
7006.0,2.0,0.954423
7006.0,3.0,0.942685
7006.0,4.0,1.0
7006.0,5.0,1.0
7006.0,6.0,0.520731
7006.0,7.0,0.664279
7006.0,8.0,0.446736
7006.0,9.0,1.0
7006.0,10.0,1.0
7006.0,11.0,0.572715
7006.0,12.0,0.78282
7006.0,13.0,1.0
7006.0,14.0,1.0
7006.0,15.0,1.0
7006.0,16.0,0.9593
7006.0,17.0,0.79755
7006.0,18.0,1.0
7006.0,19.0,0.998781
7006.0,20.0,0.954407
7006.0,21.0,0.505867
7006.0,22.0,0.748972
7006.0,23.0,0.969147
7006.0,24.0,1.0
7006.0,25.0,0.85879
7006.0,26.0,0.0
7006.0,27.0,0.827929
7006.0,28.0,0.98288
7006.0,29.0,0.939455
7006.0,30.0,0.783932
7006.0,31.0,0.745169
7006.0,32.0,0.675095
7006.0,33.0,1.0
7006.0,34.0,0.974429
7006.0,35.0,0.999861
7006.0,36.0,0.662048
7007.0,0.0,0.428222
7007.0,1.0,1.0
7007.0,2.0,0.955052
7007.0,3.0,0.943714
7007.0,4.0,1.0
7007.0,5.0,1.0
7007.0,6.0,0.524346
7007.0,7.0,0.697917
7007.0,8.0,0.446789
7007.0,9.0,1.0
7007.0,10.0,1.0
7007.0,11.0,0.573574
7007.0,12.0,0.786525
7007.0,13.0,1.0
7007.0,14.0,1.0
7007.0,15.0,1.0
7007.0,16.0,0.959107
7007.0,17.0,0.797991
7007.0,18.0,1.0
7007.0,19.0,0.998798
7007.0,20.0,0.954766
7007.0,21.0,0.509274
7007.0,22.0,0.758093
7007.0,23.0,0.969438
7007.0,24.0,1.0
7007.0,25.0,0.863133
7007.0,26.0,0.0
7007.0,27.0,0.844145
7007.0,28.0,0.983087
7007.0,29.0,0.943575
7007.0,30.0,0.78476
7007.0,31.0,0.744879
7007.0,32.0,0.676116
7007.0,33.0,1.0
7007.0,34.0,0.974568
7007.0,35.0,0.999844
7007.0,36.0,0.662696
7008.0,0.0,0.437683
7008.0,1.0,1.0
7008.0,2.0,0.955556
7008.0,3.0,0.944554
7008.0,4.0,1.0
7008.0,5.0,1.0
7008.0,6.0,0.529827
7008.0,7.0,0.728454
7008.0,8.0,0.446581
7008.0,9.0,1.0
7008.0,10.0,1.0
7008.0,11.0,0.574104
7008.0,12.0,0.78995
7008.0,13.0,1.0
7008.0,14.0,1.0
7008.0,15.0,1.0
7008.0,16.0,0.958768
7008.0,17.0,0.798058
7008.0,18.0,1.0
7008.0,19.0,0.998767
7008.0,20.0,0.954771
7008.0,21.0,0.51282
7008.0,22.0,0.768492
7008.0,23.0,0.96995
7008.0,24.0,1.0
7008.0,25.0,0.86776
7008.0,26.0,0.0
7008.0,27.0,0.858744
7008.0,28.0,0.983195
7008.0,29.0,0.947103
7008.0,30.0,0.785418
7008.0,31.0,0.746054
7008.0,32.0,0.678384
7008.0,33.0,1.0
7008.0,34.0,0.974669
7008.0,35.0,0.999837
7008.0,36.0,0.663203
7009.0,0.0,0.394568
7009.0,1.0,1.0
7009.0,2.0,0.954953
7009.0,3.0,0.941497
7009.0,4.0,1.0
7009.0,5.0,1.0
7009.0,6.0,0.506911
7009.0,7.0,0.5588
7009.0,8.0,0.445609
7009.0,9.0,1.0
7009.0,10.0,1.0
7009.0,11.0,0.569198
7009.0,12.0,0.774102
7009.0,13.0,1.0
7009.0,14.0,1.0
7009.0,15.0,1.0
7009.0,16.0,0.959191
7009.0,17.0,0.79653
7009.0,18.0,1.0
7009.0,19.0,0.998752
7009.0,20.0,0.953436
7009.0,21.0,0.499054
7009.0,22.0,0.715849
7009.0,23.0,0.968157
7009.0,24.0,1.0
7009.0,25.0,0.847066
7009.0,26.0,0.0
7009.0,27.0,0.773708
7009.0,28.0,0.983438
7009.0,29.0,0.929913
7009.0,30.0,0.782109
7009.0,31.0,0.742857
7009.0,32.0,0.672344
7009.0,33.0,1.0
7009.0,34.0,0.974698
7009.0,35.0,0.999857
7009.0,36.0,0.659814
7010.0,0.0,0.362848
7010.0,1.0,1.0
7010.0,2.0,0.95447
7010.0,3.0,0.939067
7010.0,4.0,1.0
7010.0,5.0,1.0
7010.0,6.0,0.489565
7010.0,7.0,0.42564
7010.0,8.0,0.444971
7010.0,9.0,1.0
7010.0,10.0,1.0
7010.0,11.0,0.567343
7010.0,12.0,0.760042
7010.0,13.0,1.0
7010.0,14.0,1.0
7010.0,15.0,1.0
7010.0,16.0,0.959246
7010.0,17.0,0.7949
7010.0,18.0,1.0
7010.0,19.0,0.998741
7010.0,20.0,0.952778
7010.0,21.0,0.489094
7010.0,22.0,0.673275
7010.0,23.0,0.966378
7010.0,24.0,1.0
7010.0,25.0,0.830736
7010.0,26.0,0.0
7010.0,27.0,0.680498
7010.0,28.0,0.983384
7010.0,29.0,0.913785
7010.0,30.0,0.77983
7010.0,31.0,0.739683
7010.0,32.0,0.668413
7010.0,33.0,1.0
7010.0,34.0,0.974668
7010.0,35.0,0.999858
7010.0,36.0,0.658076
8000.0,0.0,0.3612
8000.0,1.0,1.0
8000.0,2.0,0.955179
8000.0,3.0,0.932956
8000.0,4.0,1.0
8000.0,5.0,1.0
8000.0,6.0,0.491328
8000.0,7.0,0.42672
8000.0,8.0,0.488468
8000.0,9.0,1.0
8000.0,10.0,1.0
8000.0,11.0,0.551973
8000.0,12.0,0.755576
8000.0,13.0,1.0
8000.0,14.0,1.0
8000.0,15.0,1.0
8000.0,16.0,0.967007
8000.0,17.0,0.814106
8000.0,18.0,1.0
8000.0,19.0,0.998652
8000.0,20.0,0.950278
8000.0,21.0,0.491464
8000.0,22.0,0.675984
8000.0,23.0,0.965178
8000.0,24.0,1.0
8000.0,25.0,0.824648
8000.0,26.0,0.0
8000.0,27.0,0.682439
8000.0,28.0,0.995567
8000.0,29.0,0.919264
8000.0,30.0,0.775363
8000.0,31.0,0.726299
8000.0,32.0,0.647479
8000.0,33.0,1.0
8000.0,34.0,0.97884
8000.0,35.0,1.0
8000.0,36.0,0.663075
8001.0,0.0,0.370144
8001.0,1.0,1.0
8001.0,2.0,0.955823
8001.0,3.0,0.934056
8001.0,4.0,1.0
8001.0,5.0,1.0
8001.0,6.0,0.496666
8001.0,7.0,0.46751
8001.0,8.0,0.487975
8001.0,9.0,1.0
8001.0,10.0,1.0
8001.0,11.0,0.551651
8001.0,12.0,0.75916
8001.0,13.0,1.0
8001.0,14.0,1.0
8001.0,15.0,1.0
8001.0,16.0,0.966967
8001.0,17.0,0.813639
8001.0,18.0,1.0
8001.0,19.0,0.998662
8001.0,20.0,0.950311
8001.0,21.0,0.493732
8001.0,22.0,0.689848
8001.0,23.0,0.96507
8001.0,24.0,1.0
8001.0,25.0,0.829402
8001.0,26.0,0.0
8001.0,27.0,0.713745
8001.0,28.0,0.995399
8001.0,29.0,0.923756
8001.0,30.0,0.775691
8001.0,31.0,0.727499
8001.0,32.0,0.64937
8001.0,33.0,1.0
8001.0,34.0,0.978936
8001.0,35.0,1.0
8001.0,36.0,0.664366
8002.0,0.0,0.380307
8002.0,1.0,1.0
8002.0,2.0,0.95621
8002.0,3.0,0.934623
8002.0,4.0,1.0
8002.0,5.0,1.0
8002.0,6.0,0.500909
8002.0,7.0,0.508907
8002.0,8.0,0.487922
8002.0,9.0,1.0
8002.0,10.0,1.0
8002.0,11.0,0.552033
8002.0,12.0,0.763681
8002.0,13.0,1.0
8002.0,14.0,1.0
8002.0,15.0,1.0
8002.0,16.0,0.966883
8002.0,17.0,0.814117
8002.0,18.0,1.0
8002.0,19.0,0.998647
8002.0,20.0,0.95081
8002.0,21.0,0.495848
8002.0,22.0,0.70332
8002.0,23.0,0.965507
8002.0,24.0,1.0
8002.0,25.0,0.834652
8002.0,26.0,0.0
8002.0,27.0,0.742301
8002.0,28.0,0.995402
8002.0,29.0,0.928255
8002.0,30.0,0.777066
8002.0,31.0,0.728275
8002.0,32.0,0.650256
8002.0,33.0,1.0
8002.0,34.0,0.978901
8002.0,35.0,1.0
8002.0,36.0,0.664289
8003.0,0.0,0.390295
8003.0,1.0,1.0
8003.0,2.0,0.956313
8003.0,3.0,0.935742
8003.0,4.0,1.0
8003.0,5.0,1.0
8003.0,6.0,0.505816
8003.0,7.0,0.549838
8003.0,8.0,0.486589
8003.0,9.0,1.0
8003.0,10.0,1.0
8003.0,11.0,0.552772
8003.0,12.0,0.767708
8003.0,13.0,1.0
8003.0,14.0,1.0
8003.0,15.0,1.0
8003.0,16.0,0.966996
8003.0,17.0,0.814626
8003.0,18.0,1.0
8003.0,19.0,0.998644
8003.0,20.0,0.951229
8003.0,21.0,0.499449
8003.0,22.0,0.716551
8003.0,23.0,0.96606
8003.0,24.0,1.0
8003.0,25.0,0.839365
8003.0,26.0,0.0
8003.0,27.0,0.767363
8003.0,28.0,0.995413
8003.0,29.0,0.932874
8003.0,30.0,0.778114
8003.0,31.0,0.729587
8003.0,32.0,0.651266
8003.0,33.0,1.0
8003.0,34.0,0.978786
8003.0,35.0,1.0
8003.0,36.0,0.664357
8004.0,0.0,0.399562
8004.0,1.0,1.0
8004.0,2.0,0.956621
8004.0,3.0,0.936147
8004.0,4.0,1.0
8004.0,5.0,1.0
8004.0,6.0,0.510097
8004.0,7.0,0.590247
8004.0,8.0,0.487161
8004.0,9.0,1.0
8004.0,10.0,1.0
8004.0,11.0,0.553433
8004.0,12.0,0.772393
8004.0,13.0,1.0
8004.0,14.0,1.0
8004.0,15.0,1.0
8004.0,16.0,0.967001
8004.0,17.0,0.814521
8004.0,18.0,1.0
8004.0,19.0,0.998649
8004.0,20.0,0.951494
8004.0,21.0,0.502761
8004.0,22.0,0.728262
8004.0,23.0,0.966834
8004.0,24.0,1.0
8004.0,25.0,0.843827
8004.0,26.0,0.0
8004.0,27.0,0.790877
8004.0,28.0,0.995445
8004.0,29.0,0.937297
8004.0,30.0,0.779168
8004.0,31.0,0.730066
8004.0,32.0,0.65199
8004.0,33.0,1.0
8004.0,34.0,0.978617
8004.0,35.0,1.0
8004.0,36.0,0.665065
8005.0,0.0,0.407977
8005.0,1.0,1.0
8005.0,2.0,0.956877
8005.0,3.0,0.936527
8005.0,4.0,1.0
8005.0,5.0,1.0
8005.0,6.0,0.515069
8005.0,7.0,0.627791
8005.0,8.0,0.486751
8005.0,9.0,1.0
8005.0,10.0,1.0
8005.0,11.0,0.553821
8005.0,12.0,0.777011
8005.0,13.0,1.0
8005.0,14.0,1.0
8005.0,15.0,1.0
8005.0,16.0,0.966825
8005.0,17.0,0.815058
8005.0,18.0,1.0
8005.0,19.0,0.998647
8005.0,20.0,0.951908
8005.0,21.0,0.506353
8005.0,22.0,0.740113
8005.0,23.0,0.967411
8005.0,24.0,1.0
8005.0,25.0,0.848507
8005.0,26.0,0.0
8005.0,27.0,0.811114
8005.0,28.0,0.995493
8005.0,29.0,0.940927
8005.0,30.0,0.779868
8005.0,31.0,0.731224
8005.0,32.0,0.65348
8005.0,33.0,1.0
8005.0,34.0,0.978838
8005.0,35.0,1.0
8005.0,36.0,0.665144
8006.0,0.0,0.416641
8006.0,1.0,1.0
8006.0,2.0,0.957314
8006.0,3.0,0.937312
8006.0,4.0,1.0
8006.0,5.0,1.0
8006.0,6.0,0.520956
8006.0,7.0,0.664567
8006.0,8.0,0.486943
8006.0,9.0,1.0
8006.0,10.0,1.0
8006.0,11.0,0.553935
8006.0,12.0,0.780808
8006.0,13.0,1.0
8006.0,14.0,1.0
8006.0,15.0,1.0
8006.0,16.0,0.966664
8006.0,17.0,0.815298
8006.0,18.0,1.0
8006.0,19.0,0.998655
8006.0,20.0,0.952372
8006.0,21.0,0.509436
8006.0,22.0,0.75065
8006.0,23.0,0.968123
8006.0,24.0,1.0
8006.0,25.0,0.853113
8006.0,26.0,0.0
8006.0,27.0,0.828848
8006.0,28.0,0.995585
8006.0,29.0,0.944983
8006.0,30.0,0.780008
8006.0,31.0,0.732525
8006.0,32.0,0.654702
8006.0,33.0,1.0
8006.0,34.0,0.97923
8006.0,35.0,1.0
8006.0,36.0,0.666038
8007.0,0.0,0.425996
8007.0,1.0,1.0
8007.0,2.0,0.957244
8007.0,3.0,0.937941
8007.0,4.0,1.0
8007.0,5.0,1.0
8007.0,6.0,0.526013
8007.0,7.0,0.697801
8007.0,8.0,0.487383
8007.0,9.0,1.0
8007.0,10.0,1.0
8007.0,11.0,0.555983
8007.0,12.0,0.784876
8007.0,13.0,1.0
8007.0,14.0,1.0
8007.0,15.0,1.0
8007.0,16.0,0.966746
8007.0,17.0,0.815946
8007.0,18.0,1.0
8007.0,19.0,0.998683
8007.0,20.0,0.953111
8007.0,21.0,0.512908
8007.0,22.0,0.761486
8007.0,23.0,0.968672
8007.0,24.0,1.0
8007.0,25.0,0.858062
8007.0,26.0,0.0
8007.0,27.0,0.844961
8007.0,28.0,0.995628
8007.0,29.0,0.948552
8007.0,30.0,0.780183
8007.0,31.0,0.733451
8007.0,32.0,0.656292
8007.0,33.0,1.0
8007.0,34.0,0.979299
8007.0,35.0,1.0
8007.0,36.0,0.6671
8008.0,0.0,0.434997
8008.0,1.0,1.0
8008.0,2.0,0.957688
8008.0,3.0,0.938733
8008.0,4.0,1.0
8008.0,5.0,1.0
8008.0,6.0,0.530474
8008.0,7.0,0.728879
8008.0,8.0,0.48789
8008.0,9.0,1.0
8008.0,10.0,1.0
8008.0,11.0,0.556052
8008.0,12.0,0.78912
8008.0,13.0,1.0
8008.0,14.0,1.0
8008.0,15.0,1.0
8008.0,16.0,0.966821
8008.0,17.0,0.815878
8008.0,18.0,1.0
8008.0,19.0,0.998672
8008.0,20.0,0.953794
8008.0,21.0,0.516754
8008.0,22.0,0.771621
8008.0,23.0,0.968961
8008.0,24.0,1.0
8008.0,25.0,0.863182
8008.0,26.0,0.0
8008.0,27.0,0.859406
8008.0,28.0,0.995636
8008.0,29.0,0.95156
8008.0,30.0,0.78079
8008.0,31.0,0.734448
8008.0,32.0,0.657256
8008.0,33.0,1.0
8008.0,34.0,0.97898
8008.0,35.0,1.0
8008.0,36.0,0.668446
8009.0,0.0,0.391708
8009.0,1.0,1.0
8009.0,2.0,0.956695
8009.0,3.0,0.935816
8009.0,4.0,1.0
8009.0,5.0,1.0
8009.0,6.0,0.507576
8009.0,7.0,0.558137
8009.0,8.0,0.488001
8009.0,9.0,1.0
8009.0,10.0,1.0
8009.0,11.0,0.552628
8009.0,12.0,0.770572
8009.0,13.0,1.0
8009.0,14.0,1.0
8009.0,15.0,1.0
8009.0,16.0,0.966902
8009.0,17.0,0.814287
8009.0,18.0,1.0
8009.0,19.0,0.998619
8009.0,20.0,0.952364
8009.0,21.0,0.503236
8009.0,22.0,0.718741
8009.0,23.0,0.966772
8009.0,24.0,1.0
8009.0,25.0,0.842969
8009.0,26.0,0.0
8009.0,27.0,0.774888
8009.0,28.0,0.995672
8009.0,29.0,0.93536
8009.0,30.0,0.778147
8009.0,31.0,0.731668
8009.0,32.0,0.650953
8009.0,33.0,1.0
8009.0,34.0,0.978926
8009.0,35.0,1.0
8009.0,36.0,0.666806
8010.0,0.0,0.359678
8010.0,1.0,1.0
8010.0,2.0,0.95656
8010.0,3.0,0.93317
8010.0,4.0,1.0
8010.0,5.0,1.0
8010.0,6.0,0.490695
8010.0,7.0,0.425684
8010.0,8.0,0.488588
8010.0,9.0,1.0
8010.0,10.0,1.0
8010.0,11.0,0.551195
8010.0,12.0,0.755908
8010.0,13.0,1.0
8010.0,14.0,1.0
8010.0,15.0,1.0
8010.0,16.0,0.966684
8010.0,17.0,0.813112
8010.0,18.0,1.0
8010.0,19.0,0.998562
8010.0,20.0,0.951283
8010.0,21.0,0.492633
8010.0,22.0,0.676134
8010.0,23.0,0.965211
8010.0,24.0,1.0
8010.0,25.0,0.826227
8010.0,26.0,0.0
8010.0,27.0,0.681797
8010.0,28.0,0.995701
8010.0,29.0,0.919262
8010.0,30.0,0.775883
8010.0,31.0,0.728775
8010.0,32.0,0.647178
8010.0,33.0,1.0
8010.0,34.0,0.978589
8010.0,35.0,1.0
8010.0,36.0,0.666257
9000.0,0.0,0.351275
9000.0,1.0,1.0
9000.0,2.0,0.964327
9000.0,3.0,0.936243
9000.0,4.0,1.0
9000.0,5.0,1.0
9000.0,6.0,0.509235
9000.0,7.0,0.422501
9000.0,8.0,0.493473
9000.0,9.0,1.0
9000.0,10.0,1.0
9000.0,11.0,0.553352
9000.0,12.0,0.756199
9000.0,13.0,1.0
9000.0,14.0,1.0
9000.0,15.0,1.0
9000.0,16.0,0.972523
9000.0,17.0,0.834887
9000.0,18.0,1.0
9000.0,19.0,0.999725
9000.0,20.0,0.958149
9000.0,21.0,0.501715
9000.0,22.0,0.674893
9000.0,23.0,0.96461
9000.0,24.0,1.0
9000.0,25.0,0.836649
9000.0,26.0,0.0
9000.0,27.0,0.680523
9000.0,28.0,0.996953
9000.0,29.0,0.918745
9000.0,30.0,0.775421
9000.0,31.0,0.718671
9000.0,32.0,0.658708
9000.0,33.0,1.0
9000.0,34.0,0.979584
9000.0,35.0,1.0
9000.0,36.0,0.674691
9001.0,0.0,0.360097
9001.0,1.0,1.0
9001.0,2.0,0.964275
9001.0,3.0,0.936992
9001.0,4.0,1.0
9001.0,5.0,1.0
9001.0,6.0,0.513918
9001.0,7.0,0.463722
9001.0,8.0,0.493347
9001.0,9.0,1.0
9001.0,10.0,1.0
9001.0,11.0,0.554234
9001.0,12.0,0.760412
9001.0,13.0,1.0
9001.0,14.0,1.0
9001.0,15.0,1.0
9001.0,16.0,0.972338
9001.0,17.0,0.835193
9001.0,18.0,1.0
9001.0,19.0,0.999741
9001.0,20.0,0.958228
9001.0,21.0,0.504354
9001.0,22.0,0.690076
9001.0,23.0,0.964481
9001.0,24.0,1.0
9001.0,25.0,0.841293
9001.0,26.0,0.0
9001.0,27.0,0.713212
9001.0,28.0,0.997002
9001.0,29.0,0.923253
9001.0,30.0,0.776238
9001.0,31.0,0.720071
9001.0,32.0,0.660614
9001.0,33.0,1.0
9001.0,34.0,0.979681
9001.0,35.0,1.0
9001.0,36.0,0.674077
9002.0,0.0,0.370017
9002.0,1.0,1.0
9002.0,2.0,0.964373
9002.0,3.0,0.938083
9002.0,4.0,1.0
9002.0,5.0,1.0
9002.0,6.0,0.518383
9002.0,7.0,0.50578
9002.0,8.0,0.494139
9002.0,9.0,1.0
9002.0,10.0,1.0
9002.0,11.0,0.55525
9002.0,12.0,0.764844
9002.0,13.0,1.0
9002.0,14.0,1.0
9002.0,15.0,1.0
9002.0,16.0,0.972352
9002.0,17.0,0.835542
9002.0,18.0,1.0
9002.0,19.0,0.999708
9002.0,20.0,0.958586
9002.0,21.0,0.507269
9002.0,22.0,0.703616
9002.0,23.0,0.964801
9002.0,24.0,1.0
9002.0,25.0,0.845761
9002.0,26.0,0.0
9002.0,27.0,0.742226
9002.0,28.0,0.997027
9002.0,29.0,0.927697
9002.0,30.0,0.776601
9002.0,31.0,0.721571
9002.0,32.0,0.6622
9002.0,33.0,1.0
9002.0,34.0,0.97969
9002.0,35.0,1.0
9002.0,36.0,0.674817
9003.0,0.0,0.379299
9003.0,1.0,1.0
9003.0,2.0,0.964329
9003.0,3.0,0.938684
9003.0,4.0,1.0
9003.0,5.0,1.0
9003.0,6.0,0.524331
9003.0,7.0,0.547356
9003.0,8.0,0.494012
9003.0,9.0,1.0
9003.0,10.0,1.0
9003.0,11.0,0.556036
9003.0,12.0,0.769033
9003.0,13.0,1.0
9003.0,14.0,1.0
9003.0,15.0,1.0
9003.0,16.0,0.972353
9003.0,17.0,0.835724
9003.0,18.0,1.0
9003.0,19.0,0.999716
9003.0,20.0,0.959122
9003.0,21.0,0.510838
9003.0,22.0,0.717184
9003.0,23.0,0.965602
9003.0,24.0,1.0
9003.0,25.0,0.850168
9003.0,26.0,0.0
9003.0,27.0,0.768238
9003.0,28.0,0.996992
9003.0,29.0,0.932013
9003.0,30.0,0.776894
9003.0,31.0,0.722649
9003.0,32.0,0.663645
9003.0,33.0,1.0
9003.0,34.0,0.979601
9003.0,35.0,1.0
9003.0,36.0,0.674544
9004.0,0.0,0.388005
9004.0,1.0,1.0
9004.0,2.0,0.964541
9004.0,3.0,0.939557
9004.0,4.0,1.0
9004.0,5.0,1.0
9004.0,6.0,0.529782
9004.0,7.0,0.5866
9004.0,8.0,0.494367
9004.0,9.0,1.0
9004.0,10.0,1.0
9004.0,11.0,0.55637
9004.0,12.0,0.773768
9004.0,13.0,1.0
9004.0,14.0,1.0
9004.0,15.0,1.0
9004.0,16.0,0.972582
9004.0,17.0,0.836511
9004.0,18.0,1.0
9004.0,19.0,0.999705
9004.0,20.0,0.959332
9004.0,21.0,0.514475
9004.0,22.0,0.729782
9004.0,23.0,0.966021
9004.0,24.0,1.0
9004.0,25.0,0.854549
9004.0,26.0,0.0
9004.0,27.0,0.791055
9004.0,28.0,0.997057
9004.0,29.0,0.936195
9004.0,30.0,0.777183
9004.0,31.0,0.723926
9004.0,32.0,0.665259
9004.0,33.0,1.0
9004.0,34.0,0.979468
9004.0,35.0,1.0
9004.0,36.0,0.675896
9005.0,0.0,0.397982
9005.0,1.0,1.0
9005.0,2.0,0.964616
9005.0,3.0,0.939867
9005.0,4.0,1.0
9005.0,5.0,1.0
9005.0,6.0,0.534495
9005.0,7.0,0.625471
9005.0,8.0,0.493676
9005.0,9.0,1.0
9005.0,10.0,1.0
9005.0,11.0,0.558028
9005.0,12.0,0.778089
9005.0,13.0,1.0
9005.0,14.0,1.0
9005.0,15.0,1.0
9005.0,16.0,0.972781
9005.0,17.0,0.83712
9005.0,18.0,1.0
9005.0,19.0,0.999681
9005.0,20.0,0.959677
9005.0,21.0,0.517821
9005.0,22.0,0.741405
9005.0,23.0,0.966451
9005.0,24.0,1.0
9005.0,25.0,0.859361
9005.0,26.0,0.0
9005.0,27.0,0.811228
9005.0,28.0,0.997051
9005.0,29.0,0.940135
9005.0,30.0,0.77844
9005.0,31.0,0.723953
9005.0,32.0,0.666125
9005.0,33.0,1.0
9005.0,34.0,0.979367
9005.0,35.0,1.0
9005.0,36.0,0.67728
9006.0,0.0,0.407358
9006.0,1.0,1.0
9006.0,2.0,0.965096
9006.0,3.0,0.940573
9006.0,4.0,1.0
9006.0,5.0,1.0
9006.0,6.0,0.539495
9006.0,7.0,0.661011
9006.0,8.0,0.493352
9006.0,9.0,1.0
9006.0,10.0,1.0
9006.0,11.0,0.558863
9006.0,12.0,0.78242
9006.0,13.0,1.0
9006.0,14.0,1.0
9006.0,15.0,1.0
9006.0,16.0,0.972851
9006.0,17.0,0.837455
9006.0,18.0,1.0
9006.0,19.0,0.999733
9006.0,20.0,0.959813
9006.0,21.0,0.520642
9006.0,22.0,0.752762
9006.0,23.0,0.967076
9006.0,24.0,1.0
9006.0,25.0,0.864159
9006.0,26.0,0.0
9006.0,27.0,0.828989
9006.0,28.0,0.997015
9006.0,29.0,0.944131
9006.0,30.0,0.778846
9006.0,31.0,0.725526
9006.0,32.0,0.666886
9006.0,33.0,1.0
9006.0,34.0,0.97959
9006.0,35.0,1.0
9006.0,36.0,0.67832
9007.0,0.0,0.416853
9007.0,1.0,1.0
9007.0,2.0,0.965033
9007.0,3.0,0.941196
9007.0,4.0,1.0
9007.0,5.0,1.0
9007.0,6.0,0.543846
9007.0,7.0,0.6946
9007.0,8.0,0.493846
9007.0,9.0,1.0
9007.0,10.0,1.0
9007.0,11.0,0.55873
9007.0,12.0,0.786376
9007.0,13.0,1.0
9007.0,14.0,1.0
9007.0,15.0,1.0
9007.0,16.0,0.972896
9007.0,17.0,0.837663
9007.0,18.0,1.0
9007.0,19.0,0.999728
9007.0,20.0,0.959927
9007.0,21.0,0.523652
9007.0,22.0,0.762946
9007.0,23.0,0.967551
9007.0,24.0,1.0
9007.0,25.0,0.868483
9007.0,26.0,0.0
9007.0,27.0,0.844563
9007.0,28.0,0.997022
9007.0,29.0,0.94793
9007.0,30.0,0.779477
9007.0,31.0,0.726842
9007.0,32.0,0.667913
9007.0,33.0,1.0
9007.0,34.0,0.979592
9007.0,35.0,1.0
9007.0,36.0,0.678669
9008.0,0.0,0.425651
9008.0,1.0,1.0
9008.0,2.0,0.965116
9008.0,3.0,0.942028
9008.0,4.0,1.0
9008.0,5.0,1.0
9008.0,6.0,0.548815
9008.0,7.0,0.725592
9008.0,8.0,0.493509
9008.0,9.0,1.0
9008.0,10.0,1.0
9008.0,11.0,0.558862
9008.0,12.0,0.789194
9008.0,13.0,1.0
9008.0,14.0,1.0
9008.0,15.0,1.0
9008.0,16.0,0.972803
9008.0,17.0,0.837881
9008.0,18.0,1.0
9008.0,19.0,0.999746
9008.0,20.0,0.960096
9008.0,21.0,0.526687
9008.0,22.0,0.773038
9008.0,23.0,0.96815
9008.0,24.0,1.0
9008.0,25.0,0.872052
9008.0,26.0,0.0
9008.0,27.0,0.859218
9008.0,28.0,0.997023
9008.0,29.0,0.951321
9008.0,30.0,0.780076
9008.0,31.0,0.727724
9008.0,32.0,0.66912
9008.0,33.0,1.0
9008.0,34.0,0.979733
9008.0,35.0,1.0
9008.0,36.0,0.679483
9009.0,0.0,0.381974
9009.0,1.0,1.0
9009.0,2.0,0.964407
9009.0,3.0,0.938797
9009.0,4.0,1.0
9009.0,5.0,1.0
9009.0,6.0,0.525861
9009.0,7.0,0.555382
9009.0,8.0,0.493741
9009.0,9.0,1.0
9009.0,10.0,1.0
9009.0,11.0,0.55643
9009.0,12.0,0.770834
9009.0,13.0,1.0
9009.0,14.0,1.0
9009.0,15.0,1.0
9009.0,16.0,0.972764
9009.0,17.0,0.836655
9009.0,18.0,1.0
9009.0,19.0,0.999754
9009.0,20.0,0.958561
9009.0,21.0,0.511713
9009.0,22.0,0.719864
9009.0,23.0,0.966468
9009.0,24.0,1.0
9009.0,25.0,0.85303
9009.0,26.0,0.0
9009.0,27.0,0.774831
9009.0,28.0,0.997023
9009.0,29.0,0.934844
9009.0,30.0,0.77689
9009.0,31.0,0.723561
9009.0,32.0,0.662547
9009.0,33.0,1.0
9009.0,34.0,0.979288
9009.0,35.0,1.0
9009.0,36.0,0.678427
9010.0,0.0,0.350501
9010.0,1.0,1.0
9010.0,2.0,0.96401
9010.0,3.0,0.935862
9010.0,4.0,1.0
9010.0,5.0,1.0
9010.0,6.0,0.509841
9010.0,7.0,0.423192
9010.0,8.0,0.493765
9010.0,9.0,1.0
9010.0,10.0,1.0
9010.0,11.0,0.552916
9010.0,12.0,0.756969
9010.0,13.0,1.0
9010.0,14.0,1.0
9010.0,15.0,1.0
9010.0,16.0,0.972995
9010.0,17.0,0.835782
9010.0,18.0,1.0
9010.0,19.0,0.999746
9010.0,20.0,0.957564
9010.0,21.0,0.500561
9010.0,22.0,0.677603
9010.0,23.0,0.964908
9010.0,24.0,1.0
9010.0,25.0,0.836933
9010.0,26.0,0.0
9010.0,27.0,0.68049
9010.0,28.0,0.996985
9010.0,29.0,0.919602
9010.0,30.0,0.774688
9010.0,31.0,0.721294
9010.0,32.0,0.657768
9010.0,33.0,1.0
9010.0,34.0,0.979191
9010.0,35.0,1.0
9010.0,36.0,0.677826
10000.0,0.0,0.350898
10000.0,1.0,1.0
10000.0,2.0,0.972356
10000.0,3.0,0.939152
10000.0,4.0,1.0
10000.0,5.0,1.0
10000.0,6.0,0.500909
10000.0,7.0,0.425081
10000.0,8.0,0.453733
10000.0,9.0,1.0
10000.0,10.0,1.0
10000.0,11.0,0.551621
10000.0,12.0,0.755275
10000.0,13.0,1.0
10000.0,14.0,1.0
10000.0,15.0,1.0
10000.0,16.0,0.98274
10000.0,17.0,0.843518
10000.0,18.0,1.0
10000.0,19.0,0.999928
10000.0,20.0,0.960069
10000.0,21.0,0.50067
10000.0,22.0,0.674462
10000.0,23.0,0.958355
10000.0,24.0,1.0
10000.0,25.0,0.827838
10000.0,26.0,0.0
10000.0,27.0,0.68406
10000.0,28.0,0.999174
10000.0,29.0,0.911543
10000.0,30.0,0.765818
10000.0,31.0,0.729843
10000.0,32.0,0.649203
10000.0,33.0,1.0
10000.0,34.0,0.975601
10000.0,35.0,1.0
10000.0,36.0,0.664637
10001.0,0.0,0.360211
10001.0,1.0,1.0
10001.0,2.0,0.972275
10001.0,3.0,0.939962
10001.0,4.0,1.0
10001.0,5.0,1.0
10001.0,6.0,0.505528
10001.0,7.0,0.467144
10001.0,8.0,0.45459
10001.0,9.0,1.0
10001.0,10.0,1.0
10001.0,11.0,0.552863
10001.0,12.0,0.759036
10001.0,13.0,1.0
10001.0,14.0,1.0
10001.0,15.0,1.0
10001.0,16.0,0.982672
10001.0,17.0,0.843875
10001.0,18.0,1.0
10001.0,19.0,0.999924
10001.0,20.0,0.960498
10001.0,21.0,0.503661
10001.0,22.0,0.688575
10001.0,23.0,0.959239
10001.0,24.0,1.0
10001.0,25.0,0.832757
10001.0,26.0,0.0
10001.0,27.0,0.715785
10001.0,28.0,0.999216
10001.0,29.0,0.916715
10001.0,30.0,0.766312
10001.0,31.0,0.730076
10001.0,32.0,0.650795
10001.0,33.0,1.0
10001.0,34.0,0.975577
10001.0,35.0,1.0
10001.0,36.0,0.665638
10002.0,0.0,0.370405
10002.0,1.0,1.0
10002.0,2.0,0.972603
10002.0,3.0,0.94089
10002.0,4.0,1.0
10002.0,5.0,1.0
10002.0,6.0,0.510338
10002.0,7.0,0.508372
10002.0,8.0,0.454815
10002.0,9.0,1.0
10002.0,10.0,1.0
10002.0,11.0,0.553464
10002.0,12.0,0.76336
10002.0,13.0,1.0
10002.0,14.0,1.0
10002.0,15.0,1.0
10002.0,16.0,0.982761
10002.0,17.0,0.844567
10002.0,18.0,1.0
10002.0,19.0,0.999928
10002.0,20.0,0.960826
10002.0,21.0,0.507522
10002.0,22.0,0.702271
10002.0,23.0,0.959486
10002.0,24.0,1.0
10002.0,25.0,0.837614
10002.0,26.0,0.0
10002.0,27.0,0.744122
10002.0,28.0,0.999253
10002.0,29.0,0.921621
10002.0,30.0,0.766675
10002.0,31.0,0.730689
10002.0,32.0,0.651904
10002.0,33.0,1.0
10002.0,34.0,0.975881
10002.0,35.0,1.0
10002.0,36.0,0.665997
10003.0,0.0,0.379118
10003.0,1.0,1.0
10003.0,2.0,0.972947
10003.0,3.0,0.942066
10003.0,4.0,1.0
10003.0,5.0,1.0
10003.0,6.0,0.515309
10003.0,7.0,0.549321
10003.0,8.0,0.455202
10003.0,9.0,1.0
10003.0,10.0,1.0
10003.0,11.0,0.554397
10003.0,12.0,0.768448
10003.0,13.0,1.0
10003.0,14.0,1.0
10003.0,15.0,1.0
10003.0,16.0,0.982763
10003.0,17.0,0.844912
10003.0,18.0,1.0
10003.0,19.0,0.999919
10003.0,20.0,0.961065
10003.0,21.0,0.510308
10003.0,22.0,0.715771
10003.0,23.0,0.959718
10003.0,24.0,1.0
10003.0,25.0,0.842575
10003.0,26.0,0.0
10003.0,27.0,0.769645
10003.0,28.0,0.999247
10003.0,29.0,0.926238
10003.0,30.0,0.767505
10003.0,31.0,0.731241
10003.0,32.0,0.652791
10003.0,33.0,1.0
10003.0,34.0,0.97562
10003.0,35.0,1.0
10003.0,36.0,0.666089
10004.0,0.0,0.388677
10004.0,1.0,1.0
10004.0,2.0,0.972871
10004.0,3.0,0.942727
10004.0,4.0,1.0
10004.0,5.0,1.0
10004.0,6.0,0.520562
10004.0,7.0,0.59006
10004.0,8.0,0.455002
10004.0,9.0,1.0
10004.0,10.0,1.0
10004.0,11.0,0.555296
10004.0,12.0,0.772611
10004.0,13.0,1.0
10004.0,14.0,1.0
10004.0,15.0,1.0
10004.0,16.0,0.982751
10004.0,17.0,0.845482
10004.0,18.0,1.0
10004.0,19.0,0.999929
10004.0,20.0,0.961707
10004.0,21.0,0.51348
10004.0,22.0,0.727538
10004.0,23.0,0.960668
10004.0,24.0,1.0
10004.0,25.0,0.84722
10004.0,26.0,0.0
10004.0,27.0,0.791908
10004.0,28.0,0.999237
10004.0,29.0,0.930825
10004.0,30.0,0.768057
10004.0,31.0,0.732468
10004.0,32.0,0.653922
10004.0,33.0,1.0
10004.0,34.0,0.975602
10004.0,35.0,1.0
10004.0,36.0,0.666336
10005.0,0.0,0.398344
10005.0,1.0,1.0
10005.0,2.0,0.972882
10005.0,3.0,0.943269
10005.0,4.0,1.0
10005.0,5.0,1.0
10005.0,6.0,0.525566
10005.0,7.0,0.62824
10005.0,8.0,0.455167
10005.0,9.0,1.0
10005.0,10.0,1.0
10005.0,11.0,0.556069
10005.0,12.0,0.776547
10005.0,13.0,1.0
10005.0,14.0,1.0
10005.0,15.0,1.0
10005.0,16.0,0.983
10005.0,17.0,0.845597
10005.0,18.0,1.0
10005.0,19.0,0.999913
10005.0,20.0,0.961876
10005.0,21.0,0.516877
10005.0,22.0,0.73873
10005.0,23.0,0.960976
10005.0,24.0,1.0
10005.0,25.0,0.85168
10005.0,26.0,0.0
10005.0,27.0,0.811593
10005.0,28.0,0.999194
10005.0,29.0,0.935061
10005.0,30.0,0.768633
10005.0,31.0,0.732756
10005.0,32.0,0.654468
10005.0,33.0,1.0
10005.0,34.0,0.975845
10005.0,35.0,1.0
10005.0,36.0,0.666893
10006.0,0.0,0.407897
10006.0,1.0,1.0
10006.0,2.0,0.973089
10006.0,3.0,0.943796
10006.0,4.0,1.0
10006.0,5.0,1.0
10006.0,6.0,0.530683
10006.0,7.0,0.664321
10006.0,8.0,0.455013
10006.0,9.0,1.0
10006.0,10.0,1.0
10006.0,11.0,0.556973
10006.0,12.0,0.780561
10006.0,13.0,1.0
10006.0,14.0,1.0
10006.0,15.0,1.0
10006.0,16.0,0.983042
10006.0,17.0,0.845787
10006.0,18.0,1.0
10006.0,19.0,0.999911
10006.0,20.0,0.962098
10006.0,21.0,0.520348
10006.0,22.0,0.749042
10006.0,23.0,0.961641
10006.0,24.0,1.0
10006.0,25.0,0.855773
10006.0,26.0,0.0
10006.0,27.0,0.829835
10006.0,28.0,0.999182
10006.0,29.0,0.939048
10006.0,30.0,0.768773
10006.0,31.0,0.732894
10006.0,32.0,0.655352
10006.0,33.0,1.0
10006.0,34.0,0.976116
10006.0,35.0,1.0
10006.0,36.0,0.667242
10007.0,0.0,0.415914
10007.0,1.0,1.0
10007.0,2.0,0.972878
10007.0,3.0,0.944688
10007.0,4.0,1.0
10007.0,5.0,1.0
10007.0,6.0,0.536366
10007.0,7.0,0.698137
10007.0,8.0,0.455645
10007.0,9.0,1.0
10007.0,10.0,1.0
10007.0,11.0,0.55789
10007.0,12.0,0.784296
10007.0,13.0,1.0
10007.0,14.0,1.0
10007.0,15.0,1.0
10007.0,16.0,0.983193
10007.0,17.0,0.845583
10007.0,18.0,1.0
10007.0,19.0,0.999915
10007.0,20.0,0.962573
10007.0,21.0,0.523993
10007.0,22.0,0.758969
10007.0,23.0,0.962285
10007.0,24.0,1.0
10007.0,25.0,0.860178
10007.0,26.0,0.0
10007.0,27.0,0.846231
10007.0,28.0,0.999155
10007.0,29.0,0.94294
10007.0,30.0,0.768594
10007.0,31.0,0.733745
10007.0,32.0,0.656057
10007.0,33.0,1.0
10007.0,34.0,0.976151
10007.0,35.0,1.0
10007.0,36.0,0.667176
10008.0,0.0,0.425871
10008.0,1.0,1.0
10008.0,2.0,0.972933
10008.0,3.0,0.945544
10008.0,4.0,1.0
10008.0,5.0,1.0
10008.0,6.0,0.54137
10008.0,7.0,0.729376
10008.0,8.0,0.4562
10008.0,9.0,1.0
10008.0,10.0,1.0
10008.0,11.0,0.558851
10008.0,12.0,0.787401
10008.0,13.0,1.0
10008.0,14.0,1.0
10008.0,15.0,1.0
10008.0,16.0,0.983161
10008.0,17.0,0.84627
10008.0,18.0,1.0
10008.0,19.0,0.999908
10008.0,20.0,0.963064
10008.0,21.0,0.526988
10008.0,22.0,0.768537
10008.0,23.0,0.962835
10008.0,24.0,1.0
10008.0,25.0,0.864114
10008.0,26.0,0.0
10008.0,27.0,0.860132
10008.0,28.0,0.999197
10008.0,29.0,0.946188
10008.0,30.0,0.76919
10008.0,31.0,0.734181
10008.0,32.0,0.657855
10008.0,33.0,1.0
10008.0,34.0,0.975738
10008.0,35.0,1.0
10008.0,36.0,0.667371
10009.0,0.0,0.381927
10009.0,1.0,1.0
10009.0,2.0,0.972344
10009.0,3.0,0.942512
10009.0,4.0,1.0
10009.0,5.0,1.0
10009.0,6.0,0.517443
10009.0,7.0,0.559548
10009.0,8.0,0.455576
10009.0,9.0,1.0
10009.0,10.0,1.0
10009.0,11.0,0.55563
10009.0,12.0,0.769827
10009.0,13.0,1.0
10009.0,14.0,1.0
10009.0,15.0,1.0
10009.0,16.0,0.982923
10009.0,17.0,0.845138
10009.0,18.0,1.0
10009.0,19.0,0.999894
10009.0,20.0,0.961431
10009.0,21.0,0.512126
10009.0,22.0,0.715198
10009.0,23.0,0.961002
10009.0,24.0,1.0
10009.0,25.0,0.843285
10009.0,26.0,0.0
10009.0,27.0,0.776906
10009.0,28.0,0.999233
10009.0,29.0,0.928656
10009.0,30.0,0.766061
10009.0,31.0,0.73143
10009.0,32.0,0.65269
10009.0,33.0,1.0
10009.0,34.0,0.975484
10009.0,35.0,1.0
10009.0,36.0,0.664923
10010.0,0.0,0.35151
10010.0,1.0,1.0
10010.0,2.0,0.972117
10010.0,3.0,0.940147
10010.0,4.0,1.0
10010.0,5.0,1.0
10010.0,6.0,0.500675
10010.0,7.0,0.427056
10010.0,8.0,0.455197
10010.0,9.0,1.0
10010.0,10.0,1.0
10010.0,11.0,0.553598
10010.0,12.0,0.756865
10010.0,13.0,1.0
10010.0,14.0,1.0
10010.0,15.0,1.0
10010.0,16.0,0.982855
10010.0,17.0,0.844624
10010.0,18.0,1.0
10010.0,19.0,0.999907
10010.0,20.0,0.960689
10010.0,21.0,0.500249
10010.0,22.0,0.672508
10010.0,23.0,0.960062
10010.0,24.0,1.0
10010.0,25.0,0.826811
10010.0,26.0,0.0
10010.0,27.0,0.684169
10010.0,28.0,0.999259
10010.0,29.0,0.911487
10010.0,30.0,0.763915
10010.0,31.0,0.728462
10010.0,32.0,0.648943
10010.0,33.0,1.0
10010.0,34.0,0.975656
10010.0,35.0,1.0
10010.0,36.0,0.663415
