FREQUENCIES 
Gen,mut_id,mut_freq
1.0,0.0,0.5
1.0,1.0,0.5
1.0,2.0,0.5
1.0,3.0,0.5
1.0,4.0,0.5
1.0,5.0,0.5
1.0,6.0,0.5
1.0,7.0,0.5
1.0,8.0,0.5
1.0,9.0,0.5
1.0,10.0,0.5
1.0,11.0,0.5
1.0,12.0,0.5
1.0,13.0,0.5
1.0,14.0,0.5
1.0,15.0,0.5
1.0,16.0,0.5
1.0,17.0,0.5
1000.0,0.0,0.841823
1000.0,1.0,1.0
1000.0,2.0,0.570969
1000.0,3.0,0.630501
1000.0,4.0,0.559593
1000.0,5.0,0.746343
1000.0,6.0,0.412674
1000.0,7.0,0.911059
1000.0,8.0,1.0
1000.0,9.0,0.616084
1000.0,10.0,0.001733
1000.0,11.0,0.566596
1000.0,12.0,0.758467
1000.0,13.0,0.326654
1000.0,14.0,0.786892
1000.0,15.0,0.995622
1000.0,16.0,0.999972
1000.0,17.0,0.871312
1001.0,0.0,0.849483
1001.0,1.0,1.0
1001.0,2.0,0.57243
1001.0,3.0,0.673858
1001.0,4.0,0.597094
1001.0,5.0,0.757892
1001.0,6.0,0.424743
1001.0,7.0,0.912309
1001.0,8.0,1.0
1001.0,9.0,0.618496
1001.0,10.0,0.001967
1001.0,11.0,0.580541
1001.0,12.0,0.762606
1001.0,13.0,0.345555
1001.0,14.0,0.789199
1001.0,15.0,0.995583
1001.0,16.0,0.999984
1001.0,17.0,0.879903
1002.0,0.0,0.856874
1002.0,1.0,1.0
1002.0,2.0,0.573259
1002.0,3.0,0.712882
1002.0,4.0,0.633487
1002.0,5.0,0.769689
1002.0,6.0,0.43704
1002.0,7.0,0.913289
1002.0,8.0,1.0
1002.0,9.0,0.621313
1002.0,10.0,0.002207
1002.0,11.0,0.594438
1002.0,12.0,0.766769
1002.0,13.0,0.366774
1002.0,14.0,0.792099
1002.0,15.0,0.995509
1002.0,16.0,0.99998
1002.0,17.0,0.888278
1003.0,0.0,0.86491
1003.0,1.0,1.0
1003.0,2.0,0.575804
1003.0,3.0,0.748804
1003.0,4.0,0.671136
1003.0,5.0,0.780081
1003.0,6.0,0.450233
1003.0,7.0,0.914636
1003.0,8.0,1.0
1003.0,9.0,0.622865
1003.0,10.0,0.00258
1003.0,11.0,0.608341
1003.0,12.0,0.771854
1003.0,13.0,0.387279
1003.0,14.0,0.795223
1003.0,15.0,0.99557
1003.0,16.0,0.999983
1003.0,17.0,0.895909
1004.0,0.0,0.872012
1004.0,1.0,1.0
1004.0,2.0,0.577971
1004.0,3.0,0.780143
1004.0,4.0,0.707291
1004.0,5.0,0.789807
1004.0,6.0,0.463014
1004.0,7.0,0.915628
1004.0,8.0,1.0
1004.0,9.0,0.625583
1004.0,10.0,0.002923
1004.0,11.0,0.622417
1004.0,12.0,0.776881
1004.0,13.0,0.409994
1004.0,14.0,0.79814
1004.0,15.0,0.995652
1004.0,16.0,0.999988
1004.0,17.0,0.90233
1005.0,0.0,0.879253
1005.0,1.0,1.0
1005.0,2.0,0.579997
1005.0,3.0,0.807824
1005.0,4.0,0.741261
1005.0,5.0,0.799618
1005.0,6.0,0.4762
1005.0,7.0,0.916892
1005.0,8.0,1.0
1005.0,9.0,0.628289
1005.0,10.0,0.003301
1005.0,11.0,0.635035
1005.0,12.0,0.781014
1005.0,13.0,0.432184
1005.0,14.0,0.800284
1005.0,15.0,0.995636
1005.0,16.0,0.99999
1005.0,17.0,0.908321
1006.0,0.0,0.884944
1006.0,1.0,1.0
1006.0,2.0,0.582057
1006.0,3.0,0.832577
1006.0,4.0,0.773741
1006.0,5.0,0.808
1006.0,6.0,0.488782
1006.0,7.0,0.917898
1006.0,8.0,1.0
1006.0,9.0,0.630683
1006.0,10.0,0.003667
1006.0,11.0,0.647302
1006.0,12.0,0.785325
1006.0,13.0,0.454378
1006.0,14.0,0.803019
1006.0,15.0,0.995699
1006.0,16.0,0.999996
1006.0,17.0,0.91485
1007.0,0.0,0.890666
1007.0,1.0,1.0
1007.0,2.0,0.584928
1007.0,3.0,0.854349
1007.0,4.0,0.803335
1007.0,5.0,0.816268
1007.0,6.0,0.501318
1007.0,7.0,0.919149
1007.0,8.0,1.0
1007.0,9.0,0.633447
1007.0,10.0,0.004126
1007.0,11.0,0.65996
1007.0,12.0,0.789208
1007.0,13.0,0.47646
1007.0,14.0,0.805739
1007.0,15.0,0.995732
1007.0,16.0,0.999995
1007.0,17.0,0.920601
1008.0,0.0,0.8962
1008.0,1.0,1.0
1008.0,2.0,0.587399
1008.0,3.0,0.873805
1008.0,4.0,0.830453
1008.0,5.0,0.824549
1008.0,6.0,0.51473
1008.0,7.0,0.920105
1008.0,8.0,1.0
1008.0,9.0,0.636153
1008.0,10.0,0.004564
1008.0,11.0,0.672563
1008.0,12.0,0.79371
1008.0,13.0,0.498208
1008.0,14.0,0.809042
1008.0,15.0,0.995743
1008.0,16.0,0.999996
1008.0,17.0,0.925948
1009.0,0.0,0.868659
1009.0,1.0,1.0
1009.0,2.0,0.576843
1009.0,3.0,0.75483
1009.0,4.0,0.690074
1009.0,5.0,0.784416
1009.0,6.0,0.454364
1009.0,7.0,0.91605
1009.0,8.0,1.0
1009.0,9.0,0.624457
1009.0,10.0,0.002521
1009.0,11.0,0.615222
1009.0,12.0,0.776193
1009.0,13.0,0.398575
1009.0,14.0,0.79876
1009.0,15.0,0.995484
1009.0,16.0,0.999991
1009.0,17.0,0.8995
1010.0,0.0,0.842442
1010.0,1.0,1.0
1010.0,2.0,0.569297
1010.0,3.0,0.63094
1010.0,4.0,0.562097
1010.0,5.0,0.745806
1010.0,6.0,0.412014
1010.0,7.0,0.912452
1010.0,8.0,1.0
1010.0,9.0,0.613396
1010.0,10.0,0.001546
1010.0,11.0,0.568218
1010.0,12.0,0.760028
1010.0,13.0,0.326038
1010.0,14.0,0.789757
1010.0,15.0,0.995667
1010.0,16.0,0.99999
1010.0,17.0,0.871253
2000.0,0.0,0.843995
2000.0,1.0,1.0
2000.0,2.0,0.576396
2000.0,3.0,0.630918
2000.0,4.0,0.560018
2000.0,5.0,0.745518
2000.0,6.0,0.411631
2000.0,7.0,0.984581
2000.0,8.0,1.0
2000.0,9.0,0.614357
2000.0,10.0,0.0
2000.0,11.0,0.567992
2000.0,12.0,0.755669
2000.0,13.0,0.320881
2000.0,14.0,0.810066
2000.0,15.0,1.0
2000.0,16.0,1.0
2000.0,17.0,0.872901
2001.0,0.0,0.851361
2001.0,1.0,1.0
2001.0,2.0,0.577761
2001.0,3.0,0.673319
2001.0,4.0,0.597296
2001.0,5.0,0.7573
2001.0,6.0,0.423941
2001.0,7.0,0.984776
2001.0,8.0,1.0
2001.0,9.0,0.617016
2001.0,10.0,0.0
2001.0,11.0,0.580886
2001.0,12.0,0.761174
2001.0,13.0,0.340817
2001.0,14.0,0.812986
2001.0,15.0,1.0
2001.0,16.0,1.0
2001.0,17.0,0.881688
2002.0,0.0,0.858453
2002.0,1.0,1.0
2002.0,2.0,0.580492
2002.0,3.0,0.711738
2002.0,4.0,0.633764
2002.0,5.0,0.76895
2002.0,6.0,0.436959
2002.0,7.0,0.985112
2002.0,8.0,1.0
2002.0,9.0,0.619832
2002.0,10.0,0.0
2002.0,11.0,0.594609
2002.0,12.0,0.765853
2002.0,13.0,0.361667
2002.0,14.0,0.815593
2002.0,15.0,1.0
2002.0,16.0,1.0
2002.0,17.0,0.889196
2003.0,0.0,0.865229
2003.0,1.0,1.0
2003.0,2.0,0.582828
2003.0,3.0,0.747102
2003.0,4.0,0.670727
2003.0,5.0,0.779127
2003.0,6.0,0.449006
2003.0,7.0,0.985165
2003.0,8.0,1.0
2003.0,9.0,0.622802
2003.0,10.0,0.0
2003.0,11.0,0.607037
2003.0,12.0,0.769888
2003.0,13.0,0.383914
2003.0,14.0,0.818118
2003.0,15.0,1.0
2003.0,16.0,1.0
2003.0,17.0,0.896576
2004.0,0.0,0.871676
2004.0,1.0,1.0
2004.0,2.0,0.58597
2004.0,3.0,0.778317
2004.0,4.0,0.706823
2004.0,5.0,0.789539
2004.0,6.0,0.461911
2004.0,7.0,0.985229
2004.0,8.0,1.0
2004.0,9.0,0.6249
2004.0,10.0,0.0
2004.0,11.0,0.62035
2004.0,12.0,0.774485
2004.0,13.0,0.406112
2004.0,14.0,0.819976
2004.0,15.0,1.0
2004.0,16.0,1.0
2004.0,17.0,0.903796
2005.0,0.0,0.87872
2005.0,1.0,1.0
2005.0,2.0,0.586988
2005.0,3.0,0.806541
2005.0,4.0,0.741048
2005.0,5.0,0.798215
2005.0,6.0,0.474872
2005.0,7.0,0.985354
2005.0,8.0,1.0
2005.0,9.0,0.627726
2005.0,10.0,0.0
2005.0,11.0,0.63321
2005.0,12.0,0.778416
2005.0,13.0,0.427619
2005.0,14.0,0.822848
2005.0,15.0,1.0
2005.0,16.0,1.0
2005.0,17.0,0.910543
2006.0,0.0,0.884166
2006.0,1.0,1.0
2006.0,2.0,0.589202
2006.0,3.0,0.832136
2006.0,4.0,0.772616
2006.0,5.0,0.807391
2006.0,6.0,0.487176
2006.0,7.0,0.985463
2006.0,8.0,1.0
2006.0,9.0,0.629641
2006.0,10.0,0.0
2006.0,11.0,0.647148
2006.0,12.0,0.783063
2006.0,13.0,0.44968
2006.0,14.0,0.82538
2006.0,15.0,1.0
2006.0,16.0,1.0
2006.0,17.0,0.917168
2007.0,0.0,0.889937
2007.0,1.0,1.0
2007.0,2.0,0.591368
2007.0,3.0,0.854155
2007.0,4.0,0.802486
2007.0,5.0,0.815932
2007.0,6.0,0.50016
2007.0,7.0,0.985694
2007.0,8.0,1.0
2007.0,9.0,0.631437
2007.0,10.0,0.0
2007.0,11.0,0.659675
2007.0,12.0,0.787018
2007.0,13.0,0.471697
2007.0,14.0,0.828093
2007.0,15.0,1.0
2007.0,16.0,1.0
2007.0,17.0,0.922944
2008.0,0.0,0.895737
2008.0,1.0,1.0
2008.0,2.0,0.593885
2008.0,3.0,0.873308
2008.0,4.0,0.829421
2008.0,5.0,0.823996
2008.0,6.0,0.514034
2008.0,7.0,0.985952
2008.0,8.0,1.0
2008.0,9.0,0.634014
2008.0,10.0,0.0
2008.0,11.0,0.672714
2008.0,12.0,0.790826
2008.0,13.0,0.494234
2008.0,14.0,0.830828
2008.0,15.0,1.0
2008.0,16.0,1.0
2008.0,17.0,0.927996
2009.0,0.0,0.868522
2009.0,1.0,1.0
2009.0,2.0,0.583617
2009.0,3.0,0.755121
2009.0,4.0,0.688611
2009.0,5.0,0.783807
2009.0,6.0,0.453769
2009.0,7.0,0.985283
2009.0,8.0,1.0
2009.0,9.0,0.621903
2009.0,10.0,0.0
2009.0,11.0,0.615407
2009.0,12.0,0.772444
2009.0,13.0,0.395681
2009.0,14.0,0.81965
2009.0,15.0,1.0
2009.0,16.0,1.0
2009.0,17.0,0.901513
2010.0,0.0,0.842569
2010.0,1.0,1.0
2010.0,2.0,0.575455
2010.0,3.0,0.632002
2010.0,4.0,0.560271
2010.0,5.0,0.744927
2010.0,6.0,0.409998
2010.0,7.0,0.984696
2010.0,8.0,1.0
2010.0,9.0,0.612239
2010.0,10.0,0.0
2010.0,11.0,0.568866
2010.0,12.0,0.75663
2010.0,13.0,0.324087
2010.0,14.0,0.810623
2010.0,15.0,1.0
2010.0,16.0,1.0
2010.0,17.0,0.873479
3000.0,0.0,0.84291
3000.0,1.0,1.0
3000.0,2.0,0.578183
3000.0,3.0,0.632325
3000.0,4.0,0.558932
3000.0,5.0,0.743836
3000.0,6.0,0.408898
3000.0,7.0,0.994516
3000.0,8.0,1.0
3000.0,9.0,0.613054
3000.0,10.0,0.0
3000.0,11.0,0.568779
3000.0,12.0,0.758718
3000.0,13.0,0.322322
3000.0,14.0,0.823203
3000.0,15.0,1.0
3000.0,16.0,1.0
3000.0,17.0,0.874352
3001.0,0.0,0.850947
3001.0,1.0,1.0
3001.0,2.0,0.580588
3001.0,3.0,0.674229
3001.0,4.0,0.594766
3001.0,5.0,0.755864
3001.0,6.0,0.42076
3001.0,7.0,0.994558
3001.0,8.0,1.0
3001.0,9.0,0.616507
3001.0,10.0,0.0
3001.0,11.0,0.58215
3001.0,12.0,0.763259
3001.0,13.0,0.3418
3001.0,14.0,0.825391
3001.0,15.0,1.0
3001.0,16.0,1.0
3001.0,17.0,0.882102
3002.0,0.0,0.858896
3002.0,1.0,1.0
3002.0,2.0,0.583453
3002.0,3.0,0.712798
3002.0,4.0,0.630898
3002.0,5.0,0.766592
3002.0,6.0,0.432946
3002.0,7.0,0.994605
3002.0,8.0,1.0
3002.0,9.0,0.619401
3002.0,10.0,0.0
3002.0,11.0,0.596663
3002.0,12.0,0.767766
3002.0,13.0,0.36199
3002.0,14.0,0.827607
3002.0,15.0,1.0
3002.0,16.0,1.0
3002.0,17.0,0.890099
3003.0,0.0,0.865851
3003.0,1.0,1.0
3003.0,2.0,0.586043
3003.0,3.0,0.748244
3003.0,4.0,0.668477
3003.0,5.0,0.777208
3003.0,6.0,0.446071
3003.0,7.0,0.994656
3003.0,8.0,1.0
3003.0,9.0,0.621484
3003.0,10.0,0.0
3003.0,11.0,0.609555
3003.0,12.0,0.772118
3003.0,13.0,0.384033
3003.0,14.0,0.830475
3003.0,15.0,1.0
3003.0,16.0,1.0
3003.0,17.0,0.897601
3004.0,0.0,0.87251
3004.0,1.0,1.0
3004.0,2.0,0.588526
3004.0,3.0,0.779484
3004.0,4.0,0.703755
3004.0,5.0,0.787802
3004.0,6.0,0.459098
3004.0,7.0,0.994812
3004.0,8.0,1.0
3004.0,9.0,0.624259
3004.0,10.0,0.0
3004.0,11.0,0.62242
3004.0,12.0,0.776575
3004.0,13.0,0.406453
3004.0,14.0,0.832722
3004.0,15.0,1.0
3004.0,16.0,1.0
3004.0,17.0,0.903865
3005.0,0.0,0.879249
3005.0,1.0,1.0
3005.0,2.0,0.59048
3005.0,3.0,0.808277
3005.0,4.0,0.738482
3005.0,5.0,0.797863
3005.0,6.0,0.472964
3005.0,7.0,0.99501
3005.0,8.0,1.0
3005.0,9.0,0.625742
3005.0,10.0,0.0
3005.0,11.0,0.63468
3005.0,12.0,0.780979
3005.0,13.0,0.429213
3005.0,14.0,0.83557
3005.0,15.0,1.0
3005.0,16.0,1.0
3005.0,17.0,0.909847
3006.0,0.0,0.885177
3006.0,1.0,1.0
3006.0,2.0,0.592733
3006.0,3.0,0.832865
3006.0,4.0,0.770362
3006.0,5.0,0.80649
3006.0,6.0,0.486027
3006.0,7.0,0.995071
3006.0,8.0,1.0
3006.0,9.0,0.628399
3006.0,10.0,0.0
3006.0,11.0,0.647464
3006.0,12.0,0.78549
3006.0,13.0,0.451265
3006.0,14.0,0.838215
3006.0,15.0,1.0
3006.0,16.0,1.0
3006.0,17.0,0.915783
3007.0,0.0,0.890544
3007.0,1.0,1.0
3007.0,2.0,0.595029
3007.0,3.0,0.85495
3007.0,4.0,0.800242
3007.0,5.0,0.815996
3007.0,6.0,0.499135
3007.0,7.0,0.995112
3007.0,8.0,1.0
3007.0,9.0,0.631535
3007.0,10.0,0.0
3007.0,11.0,0.659734
3007.0,12.0,0.78986
3007.0,13.0,0.472912
3007.0,14.0,0.840509
3007.0,15.0,1.0
3007.0,16.0,1.0
3007.0,17.0,0.921286
3008.0,0.0,0.89605
3008.0,1.0,1.0
3008.0,2.0,0.59728
3008.0,3.0,0.874407
3008.0,4.0,0.827478
3008.0,5.0,0.823839
3008.0,6.0,0.512499
3008.0,7.0,0.995155
3008.0,8.0,1.0
3008.0,9.0,0.633527
3008.0,10.0,0.0
3008.0,11.0,0.672379
3008.0,12.0,0.793513
3008.0,13.0,0.494659
3008.0,14.0,0.843154
3008.0,15.0,1.0
3008.0,16.0,1.0
3008.0,17.0,0.926455
3009.0,0.0,0.869614
3009.0,1.0,1.0
3009.0,2.0,0.586286
3009.0,3.0,0.756152
3009.0,4.0,0.685391
3009.0,5.0,0.783142
3009.0,6.0,0.452574
3009.0,7.0,0.994945
3009.0,8.0,1.0
3009.0,9.0,0.622732
3009.0,10.0,0.0
3009.0,11.0,0.614259
3009.0,12.0,0.774572
3009.0,13.0,0.394307
3009.0,14.0,0.832326
3009.0,15.0,1.0
3009.0,16.0,1.0
3009.0,17.0,0.900113
3010.0,0.0,0.844247
3010.0,1.0,1.0
3010.0,2.0,0.578124
3010.0,3.0,0.631392
3010.0,4.0,0.557865
3010.0,5.0,0.743343
3010.0,6.0,0.408368
3010.0,7.0,0.994781
3010.0,8.0,1.0
3010.0,9.0,0.615435
3010.0,10.0,0.0
3010.0,11.0,0.567734
3010.0,12.0,0.758206
3010.0,13.0,0.322581
3010.0,14.0,0.822455
3010.0,15.0,1.0
3010.0,16.0,1.0
3010.0,17.0,0.872768
4000.0,0.0,0.842749
4000.0,1.0,1.0
4000.0,2.0,0.576522
4000.0,3.0,0.631002
4000.0,4.0,0.557912
4000.0,5.0,0.746662
4000.0,6.0,0.409586
4000.0,7.0,0.999171
4000.0,8.0,1.0
4000.0,9.0,0.614395
4000.0,10.0,0.0
4000.0,11.0,0.564971
4000.0,12.0,0.754401
4000.0,13.0,0.322316
4000.0,14.0,0.826536
4000.0,15.0,1.0
4000.0,16.0,1.0
4000.0,17.0,0.871984
4001.0,0.0,0.850249
4001.0,1.0,1.0
4001.0,2.0,0.578895
4001.0,3.0,0.673179
4001.0,4.0,0.59493
4001.0,5.0,0.759101
4001.0,6.0,0.42146
4001.0,7.0,0.999158
4001.0,8.0,1.0
4001.0,9.0,0.616333
4001.0,10.0,0.0
4001.0,11.0,0.579724
4001.0,12.0,0.758798
4001.0,13.0,0.341648
4001.0,14.0,0.829158
4001.0,15.0,1.0
4001.0,16.0,1.0
4001.0,17.0,0.880336
4002.0,0.0,0.857706
4002.0,1.0,1.0
4002.0,2.0,0.581132
4002.0,3.0,0.711594
4002.0,4.0,0.632138
4002.0,5.0,0.770843
4002.0,6.0,0.433789
4002.0,7.0,0.999188
4002.0,8.0,1.0
4002.0,9.0,0.619224
4002.0,10.0,0.0
4002.0,11.0,0.593741
4002.0,12.0,0.763384
4002.0,13.0,0.362857
4002.0,14.0,0.83159
4002.0,15.0,1.0
4002.0,16.0,1.0
4002.0,17.0,0.888016
4003.0,0.0,0.86459
4003.0,1.0,1.0
4003.0,2.0,0.584128
4003.0,3.0,0.747986
4003.0,4.0,0.66809
4003.0,5.0,0.781518
4003.0,6.0,0.446276
4003.0,7.0,0.999247
4003.0,8.0,1.0
4003.0,9.0,0.621407
4003.0,10.0,0.0
4003.0,11.0,0.607449
4003.0,12.0,0.768229
4003.0,13.0,0.384089
4003.0,14.0,0.834052
4003.0,15.0,1.0
4003.0,16.0,1.0
4003.0,17.0,0.895758
4004.0,0.0,0.871337
4004.0,1.0,1.0
4004.0,2.0,0.586512
4004.0,3.0,0.779734
4004.0,4.0,0.703262
4004.0,5.0,0.791519
4004.0,6.0,0.460345
4004.0,7.0,0.999196
4004.0,8.0,1.0
4004.0,9.0,0.623887
4004.0,10.0,0.0
4004.0,11.0,0.620459
4004.0,12.0,0.772899
4004.0,13.0,0.405116
4004.0,14.0,0.836726
4004.0,15.0,1.0
4004.0,16.0,1.0
4004.0,17.0,0.902833
4005.0,0.0,0.878144
4005.0,1.0,1.0
4005.0,2.0,0.589377
4005.0,3.0,0.807736
4005.0,4.0,0.737617
4005.0,5.0,0.801513
4005.0,6.0,0.473432
4005.0,7.0,0.999181
4005.0,8.0,1.0
4005.0,9.0,0.626516
4005.0,10.0,0.0
4005.0,11.0,0.63352
4005.0,12.0,0.77706
4005.0,13.0,0.42722
4005.0,14.0,0.839266
4005.0,15.0,1.0
4005.0,16.0,1.0
4005.0,17.0,0.909724
4006.0,0.0,0.884261
4006.0,1.0,1.0
4006.0,2.0,0.591417
4006.0,3.0,0.832065
4006.0,4.0,0.770133
4006.0,5.0,0.810428
4006.0,6.0,0.486315
4006.0,7.0,0.999247
4006.0,8.0,1.0
4006.0,9.0,0.629605
4006.0,10.0,0.0
4006.0,11.0,0.646081
4006.0,12.0,0.780538
4006.0,13.0,0.44894
4006.0,14.0,0.841626
4006.0,15.0,1.0
4006.0,16.0,1.0
4006.0,17.0,0.915393
4007.0,0.0,0.889869
4007.0,1.0,1.0
4007.0,2.0,0.594096
4007.0,3.0,0.854068
4007.0,4.0,0.800199
4007.0,5.0,0.818693
4007.0,6.0,0.500122
4007.0,7.0,0.999226
4007.0,8.0,1.0
4007.0,9.0,0.632271
4007.0,10.0,0.0
4007.0,11.0,0.658935
4007.0,12.0,0.785132
4007.0,13.0,0.47082
4007.0,14.0,0.843777
4007.0,15.0,1.0
4007.0,16.0,1.0
4007.0,17.0,0.921622
4008.0,0.0,0.895124
4008.0,1.0,1.0
4008.0,2.0,0.59638
4008.0,3.0,0.873241
4008.0,4.0,0.826928
4008.0,5.0,0.827034
4008.0,6.0,0.513375
4008.0,7.0,0.999196
4008.0,8.0,1.0
4008.0,9.0,0.63429
4008.0,10.0,0.0
4008.0,11.0,0.6719
4008.0,12.0,0.789116
4008.0,13.0,0.493046
4008.0,14.0,0.846629
4008.0,15.0,1.0
4008.0,16.0,1.0
4008.0,17.0,0.927075
4009.0,0.0,0.869234
4009.0,1.0,1.0
4009.0,2.0,0.58621
4009.0,3.0,0.754728
4009.0,4.0,0.685953
4009.0,5.0,0.7884
4009.0,6.0,0.452992
4009.0,7.0,0.999166
4009.0,8.0,1.0
4009.0,9.0,0.622383
4009.0,10.0,0.0
4009.0,11.0,0.613422
4009.0,12.0,0.769554
4009.0,13.0,0.392486
4009.0,14.0,0.83609
4009.0,15.0,1.0
4009.0,16.0,1.0
4009.0,17.0,0.90048
4010.0,0.0,0.844865
4010.0,1.0,1.0
4010.0,2.0,0.578952
4010.0,3.0,0.630074
4010.0,4.0,0.558177
4010.0,5.0,0.750664
4010.0,6.0,0.408717
4010.0,7.0,0.999133
4010.0,8.0,1.0
4010.0,9.0,0.610595
4010.0,10.0,0.0
4010.0,11.0,0.566252
4010.0,12.0,0.752763
4010.0,13.0,0.320925
4010.0,14.0,0.826946
4010.0,15.0,1.0
4010.0,16.0,1.0
4010.0,17.0,0.872595
5000.0,0.0,0.845924
5000.0,1.0,1.0
5000.0,2.0,0.571345
5000.0,3.0,0.632566
5000.0,4.0,0.553791
5000.0,5.0,0.738282
5000.0,6.0,0.410138
5000.0,7.0,1.0
5000.0,8.0,1.0
5000.0,9.0,0.617469
5000.0,10.0,0.0
5000.0,11.0,0.570097
5000.0,12.0,0.758615
5000.0,13.0,0.324194
5000.0,14.0,0.833384
5000.0,15.0,1.0
5000.0,16.0,1.0
5000.0,17.0,0.869226
5001.0,0.0,0.853237
5001.0,1.0,1.0
5001.0,2.0,0.572895
5001.0,3.0,0.674364
5001.0,4.0,0.589164
5001.0,5.0,0.751141
5001.0,6.0,0.422893
5001.0,7.0,1.0
5001.0,8.0,1.0
5001.0,9.0,0.620314
5001.0,10.0,0.0
5001.0,11.0,0.583053
5001.0,12.0,0.763198
5001.0,13.0,0.344187
5001.0,14.0,0.835484
5001.0,15.0,1.0
5001.0,16.0,1.0
5001.0,17.0,0.877939
5002.0,0.0,0.860027
5002.0,1.0,1.0
5002.0,2.0,0.575963
5002.0,3.0,0.712554
5002.0,4.0,0.626392
5002.0,5.0,0.763444
5002.0,6.0,0.436016
5002.0,7.0,1.0
5002.0,8.0,1.0
5002.0,9.0,0.622853
5002.0,10.0,0.0
5002.0,11.0,0.596162
5002.0,12.0,0.768119
5002.0,13.0,0.365563
5002.0,14.0,0.838216
5002.0,15.0,1.0
5002.0,16.0,1.0
5002.0,17.0,0.885804
5003.0,0.0,0.866955
5003.0,1.0,1.0
5003.0,2.0,0.578505
5003.0,3.0,0.747382
5003.0,4.0,0.663274
5003.0,5.0,0.774869
5003.0,6.0,0.448994
5003.0,7.0,1.0
5003.0,8.0,1.0
5003.0,9.0,0.626205
5003.0,10.0,0.0
5003.0,11.0,0.608953
5003.0,12.0,0.772613
5003.0,13.0,0.386262
5003.0,14.0,0.840032
5003.0,15.0,1.0
5003.0,16.0,1.0
5003.0,17.0,0.89401
5004.0,0.0,0.873684
5004.0,1.0,1.0
5004.0,2.0,0.579905
5004.0,3.0,0.778273
5004.0,4.0,0.698556
5004.0,5.0,0.785175
5004.0,6.0,0.46217
5004.0,7.0,1.0
5004.0,8.0,1.0
5004.0,9.0,0.628114
5004.0,10.0,0.0
5004.0,11.0,0.621699
5004.0,12.0,0.77712
5004.0,13.0,0.40752
5004.0,14.0,0.841711
5004.0,15.0,1.0
5004.0,16.0,1.0
5004.0,17.0,0.901038
5005.0,0.0,0.879972
5005.0,1.0,1.0
5005.0,2.0,0.581887
5005.0,3.0,0.806869
5005.0,4.0,0.733002
5005.0,5.0,0.794932
5005.0,6.0,0.475051
5005.0,7.0,1.0
5005.0,8.0,1.0
5005.0,9.0,0.631362
5005.0,10.0,0.0
5005.0,11.0,0.633966
5005.0,12.0,0.781402
5005.0,13.0,0.429787
5005.0,14.0,0.843965
5005.0,15.0,1.0
5005.0,16.0,1.0
5005.0,17.0,0.907588
5006.0,0.0,0.885874
5006.0,1.0,1.0
5006.0,2.0,0.585008
5006.0,3.0,0.832149
5006.0,4.0,0.765594
5006.0,5.0,0.803848
5006.0,6.0,0.488563
5006.0,7.0,1.0
5006.0,8.0,1.0
5006.0,9.0,0.633476
5006.0,10.0,0.0
5006.0,11.0,0.646461
5006.0,12.0,0.785836
5006.0,13.0,0.452472
5006.0,14.0,0.845963
5006.0,15.0,1.0
5006.0,16.0,1.0
5006.0,17.0,0.9138
5007.0,0.0,0.891581
5007.0,1.0,1.0
5007.0,2.0,0.588113
5007.0,3.0,0.854645
5007.0,4.0,0.795134
5007.0,5.0,0.812072
5007.0,6.0,0.501339
5007.0,7.0,1.0
5007.0,8.0,1.0
5007.0,9.0,0.636678
5007.0,10.0,0.0
5007.0,11.0,0.659555
5007.0,12.0,0.789519
5007.0,13.0,0.475693
5007.0,14.0,0.847922
5007.0,15.0,1.0
5007.0,16.0,1.0
5007.0,17.0,0.919722
5008.0,0.0,0.896799
5008.0,1.0,1.0
5008.0,2.0,0.589956
5008.0,3.0,0.873898
5008.0,4.0,0.822629
5008.0,5.0,0.819959
5008.0,6.0,0.514118
5008.0,7.0,1.0
5008.0,8.0,1.0
5008.0,9.0,0.638194
5008.0,10.0,0.0
5008.0,11.0,0.6718
5008.0,12.0,0.793838
5008.0,13.0,0.497231
5008.0,14.0,0.849962
5008.0,15.0,1.0
5008.0,16.0,1.0
5008.0,17.0,0.925581
5009.0,0.0,0.870513
5009.0,1.0,1.0
5009.0,2.0,0.580571
5009.0,3.0,0.755677
5009.0,4.0,0.68112
5009.0,5.0,0.780396
5009.0,6.0,0.453181
5009.0,7.0,1.0
5009.0,8.0,1.0
5009.0,9.0,0.62729
5009.0,10.0,0.0
5009.0,11.0,0.614433
5009.0,12.0,0.775033
5009.0,13.0,0.397733
5009.0,14.0,0.840429
5009.0,15.0,1.0
5009.0,16.0,1.0
5009.0,17.0,0.897958
5010.0,0.0,0.84396
5010.0,1.0,1.0
5010.0,2.0,0.573382
5010.0,3.0,0.63101
5010.0,4.0,0.552827
5010.0,5.0,0.741361
5010.0,6.0,0.408322
5010.0,7.0,1.0
5010.0,8.0,1.0
5010.0,9.0,0.618194
5010.0,10.0,0.0
5010.0,11.0,0.569461
5010.0,12.0,0.758902
5010.0,13.0,0.323292
5010.0,14.0,0.831907
5010.0,15.0,1.0
5010.0,16.0,1.0
5010.0,17.0,0.870233
6000.0,0.0,0.841578
6000.0,1.0,1.0
6000.0,2.0,0.559799
6000.0,3.0,0.630626
6000.0,4.0,0.554584
6000.0,5.0,0.74331
6000.0,6.0,0.412953
6000.0,7.0,1.0
6000.0,8.0,1.0
6000.0,9.0,0.608462
6000.0,10.0,0.0
6000.0,11.0,0.57101
6000.0,12.0,0.7557
6000.0,13.0,0.327876
6000.0,14.0,0.829314
6000.0,15.0,1.0
6000.0,16.0,1.0
6000.0,17.0,0.867699
6001.0,0.0,0.84942
6001.0,1.0,1.0
6001.0,2.0,0.561743
6001.0,3.0,0.673254
6001.0,4.0,0.590677
6001.0,5.0,0.75497
6001.0,6.0,0.424672
6001.0,7.0,1.0
6001.0,8.0,1.0
6001.0,9.0,0.611626
6001.0,10.0,0.0
6001.0,11.0,0.584427
6001.0,12.0,0.760733
6001.0,13.0,0.348681
6001.0,14.0,0.831577
6001.0,15.0,1.0
6001.0,16.0,1.0
6001.0,17.0,0.876429
6002.0,0.0,0.857038
6002.0,1.0,1.0
6002.0,2.0,0.562686
6002.0,3.0,0.71209
6002.0,4.0,0.628334
6002.0,5.0,0.766019
6002.0,6.0,0.437702
6002.0,7.0,1.0
6002.0,8.0,1.0
6002.0,9.0,0.61424
6002.0,10.0,0.0
6002.0,11.0,0.597229
6002.0,12.0,0.765462
6002.0,13.0,0.369787
6002.0,14.0,0.833977
6002.0,15.0,1.0
6002.0,16.0,1.0
6002.0,17.0,0.884156
6003.0,0.0,0.864237
6003.0,1.0,1.0
6003.0,2.0,0.564892
6003.0,3.0,0.747891
6003.0,4.0,0.664602
6003.0,5.0,0.776759
6003.0,6.0,0.451269
6003.0,7.0,1.0
6003.0,8.0,1.0
6003.0,9.0,0.616481
6003.0,10.0,0.0
6003.0,11.0,0.610366
6003.0,12.0,0.769914
6003.0,13.0,0.391219
6003.0,14.0,0.836405
6003.0,15.0,1.0
6003.0,16.0,1.0
6003.0,17.0,0.892003
6004.0,0.0,0.870965
6004.0,1.0,1.0
6004.0,2.0,0.567127
6004.0,3.0,0.779422
6004.0,4.0,0.701222
6004.0,5.0,0.787038
6004.0,6.0,0.464085
6004.0,7.0,1.0
6004.0,8.0,1.0
6004.0,9.0,0.617935
6004.0,10.0,0.0
6004.0,11.0,0.623544
6004.0,12.0,0.77473
6004.0,13.0,0.413106
6004.0,14.0,0.838956
6004.0,15.0,1.0
6004.0,16.0,1.0
6004.0,17.0,0.899103
6005.0,0.0,0.877892
6005.0,1.0,1.0
6005.0,2.0,0.56935
6005.0,3.0,0.808165
6005.0,4.0,0.736112
6005.0,5.0,0.796735
6005.0,6.0,0.477581
6005.0,7.0,1.0
6005.0,8.0,1.0
6005.0,9.0,0.62026
6005.0,10.0,0.0
6005.0,11.0,0.637058
6005.0,12.0,0.77876
6005.0,13.0,0.435617
6005.0,14.0,0.841608
6005.0,15.0,1.0
6005.0,16.0,1.0
6005.0,17.0,0.906052
6006.0,0.0,0.883479
6006.0,1.0,1.0
6006.0,2.0,0.570995
6006.0,3.0,0.833439
6006.0,4.0,0.768943
6006.0,5.0,0.80599
6006.0,6.0,0.491081
6006.0,7.0,1.0
6006.0,8.0,1.0
6006.0,9.0,0.622272
6006.0,10.0,0.0
6006.0,11.0,0.650117
6006.0,12.0,0.782164
6006.0,13.0,0.458052
6006.0,14.0,0.844259
6006.0,15.0,1.0
6006.0,16.0,1.0
6006.0,17.0,0.912446
6007.0,0.0,0.889128
6007.0,1.0,1.0
6007.0,2.0,0.574138
6007.0,3.0,0.855394
6007.0,4.0,0.798169
6007.0,5.0,0.81459
6007.0,6.0,0.504541
6007.0,7.0,1.0
6007.0,8.0,1.0
6007.0,9.0,0.625323
6007.0,10.0,0.0
6007.0,11.0,0.662649
6007.0,12.0,0.785663
6007.0,13.0,0.480026
6007.0,14.0,0.846521
6007.0,15.0,1.0
6007.0,16.0,1.0
6007.0,17.0,0.918436
6008.0,0.0,0.894459
6008.0,1.0,1.0
6008.0,2.0,0.576424
6008.0,3.0,0.873812
6008.0,4.0,0.826522
6008.0,5.0,0.822425
6008.0,6.0,0.517453
6008.0,7.0,1.0
6008.0,8.0,1.0
6008.0,9.0,0.628984
6008.0,10.0,0.0
6008.0,11.0,0.674902
6008.0,12.0,0.789087
6008.0,13.0,0.501734
6008.0,14.0,0.849308
6008.0,15.0,1.0
6008.0,16.0,1.0
6008.0,17.0,0.924457
6009.0,0.0,0.868292
6009.0,1.0,1.0
6009.0,2.0,0.566207
6009.0,3.0,0.75536
6009.0,4.0,0.684348
6009.0,5.0,0.782454
6009.0,6.0,0.457183
6009.0,7.0,1.0
6009.0,8.0,1.0
6009.0,9.0,0.617801
6009.0,10.0,0.0
6009.0,11.0,0.617774
6009.0,12.0,0.770832
6009.0,13.0,0.402353
6009.0,14.0,0.839155
6009.0,15.0,1.0
6009.0,16.0,1.0
6009.0,17.0,0.896734
6010.0,0.0,0.843352
6010.0,1.0,1.0
6010.0,2.0,0.558167
6010.0,3.0,0.630841
6010.0,4.0,0.556166
6010.0,5.0,0.743546
6010.0,6.0,0.41284
6010.0,7.0,1.0
6010.0,8.0,1.0
6010.0,9.0,0.60934
6010.0,10.0,0.0
6010.0,11.0,0.572659
6010.0,12.0,0.754932
6010.0,13.0,0.328142
6010.0,14.0,0.831189
6010.0,15.0,1.0
6010.0,16.0,1.0
6010.0,17.0,0.867628
7000.0,0.0,0.841187
7000.0,1.0,1.0
7000.0,2.0,0.564793
7000.0,3.0,0.632493
7000.0,4.0,0.555706
7000.0,5.0,0.748336
7000.0,6.0,0.408721
7000.0,7.0,1.0
7000.0,8.0,1.0
7000.0,9.0,0.612406
7000.0,10.0,0.0
7000.0,11.0,0.56797
7000.0,12.0,0.757754
7000.0,13.0,0.320237
7000.0,14.0,0.827232
7000.0,15.0,1.0
7000.0,16.0,1.0
7000.0,17.0,0.871159
7001.0,0.0,0.849311
7001.0,1.0,1.0
7001.0,2.0,0.566683
7001.0,3.0,0.675672
7001.0,4.0,0.592924
7001.0,5.0,0.759942
7001.0,6.0,0.420526
7001.0,7.0,1.0
7001.0,8.0,1.0
7001.0,9.0,0.615317
7001.0,10.0,0.0
7001.0,11.0,0.580531
7001.0,12.0,0.762658
7001.0,13.0,0.340031
7001.0,14.0,0.829294
7001.0,15.0,1.0
7001.0,16.0,1.0
7001.0,17.0,0.879657
7002.0,0.0,0.85712
7002.0,1.0,1.0
7002.0,2.0,0.569925
7002.0,3.0,0.714774
7002.0,4.0,0.629905
7002.0,5.0,0.770716
7002.0,6.0,0.433826
7002.0,7.0,1.0
7002.0,8.0,1.0
7002.0,9.0,0.618319
7002.0,10.0,0.0
7002.0,11.0,0.594206
7002.0,12.0,0.767162
7002.0,13.0,0.361021
7002.0,14.0,0.831713
7002.0,15.0,1.0
7002.0,16.0,1.0
7002.0,17.0,0.887813
7003.0,0.0,0.86454
7003.0,1.0,1.0
7003.0,2.0,0.572906
7003.0,3.0,0.749832
7003.0,4.0,0.666992
7003.0,5.0,0.781576
7003.0,6.0,0.44629
7003.0,7.0,1.0
7003.0,8.0,1.0
7003.0,9.0,0.621785
7003.0,10.0,0.0
7003.0,11.0,0.607652
7003.0,12.0,0.771944
7003.0,13.0,0.383313
7003.0,14.0,0.833384
7003.0,15.0,1.0
7003.0,16.0,1.0
7003.0,17.0,0.895849
7004.0,0.0,0.87159
7004.0,1.0,1.0
7004.0,2.0,0.575325
7004.0,3.0,0.781773
7004.0,4.0,0.703178
7004.0,5.0,0.791395
7004.0,6.0,0.459121
7004.0,7.0,1.0
7004.0,8.0,1.0
7004.0,9.0,0.624677
7004.0,10.0,0.0
7004.0,11.0,0.621288
7004.0,12.0,0.775912
7004.0,13.0,0.404008
7004.0,14.0,0.835671
7004.0,15.0,1.0
7004.0,16.0,1.0
7004.0,17.0,0.903436
7005.0,0.0,0.877927
7005.0,1.0,1.0
7005.0,2.0,0.578749
7005.0,3.0,0.810546
7005.0,4.0,0.7375
7005.0,5.0,0.800808
7005.0,6.0,0.472044
7005.0,7.0,1.0
7005.0,8.0,1.0
7005.0,9.0,0.627394
7005.0,10.0,0.0
7005.0,11.0,0.634699
7005.0,12.0,0.780443
7005.0,13.0,0.425517
7005.0,14.0,0.83754
7005.0,15.0,1.0
7005.0,16.0,1.0
7005.0,17.0,0.910013
7006.0,0.0,0.884332
7006.0,1.0,1.0
7006.0,2.0,0.581141
7006.0,3.0,0.835012
7006.0,4.0,0.769604
7006.0,5.0,0.809298
7006.0,6.0,0.485836
7006.0,7.0,1.0
7006.0,8.0,1.0
7006.0,9.0,0.630301
7006.0,10.0,0.0
7006.0,11.0,0.648232
7006.0,12.0,0.784963
7006.0,13.0,0.447598
7006.0,14.0,0.839748
7006.0,15.0,1.0
7006.0,16.0,1.0
7006.0,17.0,0.91597
7007.0,0.0,0.890067
7007.0,1.0,1.0
7007.0,2.0,0.583405
7007.0,3.0,0.856363
7007.0,4.0,0.800134
7007.0,5.0,0.817111
7007.0,6.0,0.498716
7007.0,7.0,1.0
7007.0,8.0,1.0
7007.0,9.0,0.632388
7007.0,10.0,0.0
7007.0,11.0,0.660995
7007.0,12.0,0.789127
7007.0,13.0,0.469178
7007.0,14.0,0.842303
7007.0,15.0,1.0
7007.0,16.0,1.0
7007.0,17.0,0.922101
7008.0,0.0,0.895543
7008.0,1.0,1.0
7008.0,2.0,0.58544
7008.0,3.0,0.875357
7008.0,4.0,0.827105
7008.0,5.0,0.824352
7008.0,6.0,0.512241
7008.0,7.0,1.0
7008.0,8.0,1.0
7008.0,9.0,0.635176
7008.0,10.0,0.0
7008.0,11.0,0.673919
7008.0,12.0,0.79342
7008.0,13.0,0.491016
7008.0,14.0,0.84482
7008.0,15.0,1.0
7008.0,16.0,1.0
7008.0,17.0,0.927347
7009.0,0.0,0.868564
7009.0,1.0,1.0
7009.0,2.0,0.574655
7009.0,3.0,0.757645
7009.0,4.0,0.685794
7009.0,5.0,0.785759
7009.0,6.0,0.454332
7009.0,7.0,1.0
7009.0,8.0,1.0
7009.0,9.0,0.624083
7009.0,10.0,0.0
7009.0,11.0,0.616551
7009.0,12.0,0.774745
7009.0,13.0,0.392448
7009.0,14.0,0.834363
7009.0,15.0,1.0
7009.0,16.0,1.0
7009.0,17.0,0.901537
7010.0,0.0,0.842118
7010.0,1.0,1.0
7010.0,2.0,0.56551
7010.0,3.0,0.634161
7010.0,4.0,0.557434
7010.0,5.0,0.748661
7010.0,6.0,0.410591
7010.0,7.0,1.0
7010.0,8.0,1.0
7010.0,9.0,0.614186
7010.0,10.0,0.0
7010.0,11.0,0.570745
7010.0,12.0,0.758674
7010.0,13.0,0.320389
7010.0,14.0,0.825821
7010.0,15.0,1.0
7010.0,16.0,1.0
7010.0,17.0,0.87415
8000.0,0.0,0.845944
8000.0,1.0,1.0
8000.0,2.0,0.557314
8000.0,3.0,0.631042
8000.0,4.0,0.557221
8000.0,5.0,0.740686
8000.0,6.0,0.407251
8000.0,7.0,1.0
8000.0,8.0,1.0
8000.0,9.0,0.611571
8000.0,10.0,0.0
8000.0,11.0,0.569708
8000.0,12.0,0.754293
8000.0,13.0,0.321954
8000.0,14.0,0.828115
8000.0,15.0,1.0
8000.0,16.0,1.0
8000.0,17.0,0.868917
8001.0,0.0,0.852766
8001.0,1.0,1.0
8001.0,2.0,0.559361
8001.0,3.0,0.673941
8001.0,4.0,0.593817
8001.0,5.0,0.752383
8001.0,6.0,0.419419
8001.0,7.0,1.0
8001.0,8.0,1.0
8001.0,9.0,0.614594
8001.0,10.0,0.0
8001.0,11.0,0.58347
8001.0,12.0,0.75915
8001.0,13.0,0.341109
8001.0,14.0,0.830618
8001.0,15.0,1.0
8001.0,16.0,1.0
8001.0,17.0,0.876758
8002.0,0.0,0.860007
8002.0,1.0,1.0
8002.0,2.0,0.562212
8002.0,3.0,0.713048
8002.0,4.0,0.630809
8002.0,5.0,0.763716
8002.0,6.0,0.431724
8002.0,7.0,1.0
8002.0,8.0,1.0
8002.0,9.0,0.616981
8002.0,10.0,0.0
8002.0,11.0,0.597001
8002.0,12.0,0.764122
8002.0,13.0,0.36205
8002.0,14.0,0.832259
8002.0,15.0,1.0
8002.0,16.0,1.0
8002.0,17.0,0.884266
8003.0,0.0,0.867458
8003.0,1.0,1.0
8003.0,2.0,0.564847
8003.0,3.0,0.748455
8003.0,4.0,0.667501
8003.0,5.0,0.775071
8003.0,6.0,0.444402
8003.0,7.0,1.0
8003.0,8.0,1.0
8003.0,9.0,0.620307
8003.0,10.0,0.0
8003.0,11.0,0.610424
8003.0,12.0,0.769229
8003.0,13.0,0.382886
8003.0,14.0,0.834455
8003.0,15.0,1.0
8003.0,16.0,1.0
8003.0,17.0,0.892619
8004.0,0.0,0.874296
8004.0,1.0,1.0
8004.0,2.0,0.567809
8004.0,3.0,0.780458
8004.0,4.0,0.703757
8004.0,5.0,0.785474
8004.0,6.0,0.458397
8004.0,7.0,1.0
8004.0,8.0,1.0
8004.0,9.0,0.623283
8004.0,10.0,0.0
8004.0,11.0,0.623104
8004.0,12.0,0.773739
8004.0,13.0,0.404424
8004.0,14.0,0.837036
8004.0,15.0,1.0
8004.0,16.0,1.0
8004.0,17.0,0.899812
8005.0,0.0,0.880242
8005.0,1.0,1.0
8005.0,2.0,0.569849
8005.0,3.0,0.80894
8005.0,4.0,0.737765
8005.0,5.0,0.795417
8005.0,6.0,0.471977
8005.0,7.0,1.0
8005.0,8.0,1.0
8005.0,9.0,0.625377
8005.0,10.0,0.0
8005.0,11.0,0.63663
8005.0,12.0,0.778788
8005.0,13.0,0.426356
8005.0,14.0,0.840238
8005.0,15.0,1.0
8005.0,16.0,1.0
8005.0,17.0,0.906989
8006.0,0.0,0.886601
8006.0,1.0,1.0
8006.0,2.0,0.571544
8006.0,3.0,0.834001
8006.0,4.0,0.771014
8006.0,5.0,0.804362
8006.0,6.0,0.486594
8006.0,7.0,1.0
8006.0,8.0,1.0
8006.0,9.0,0.628305
8006.0,10.0,0.0
8006.0,11.0,0.649915
8006.0,12.0,0.783096
8006.0,13.0,0.448675
8006.0,14.0,0.842919
8006.0,15.0,1.0
8006.0,16.0,1.0
8006.0,17.0,0.913477
8007.0,0.0,0.892344
8007.0,1.0,1.0
8007.0,2.0,0.574406
8007.0,3.0,0.856162
8007.0,4.0,0.800301
8007.0,5.0,0.813048
8007.0,6.0,0.50112
8007.0,7.0,1.0
8007.0,8.0,1.0
8007.0,9.0,0.631035
8007.0,10.0,0.0
8007.0,11.0,0.662295
8007.0,12.0,0.787484
8007.0,13.0,0.470311
8007.0,14.0,0.845528
8007.0,15.0,1.0
8007.0,16.0,1.0
8007.0,17.0,0.919282
8008.0,0.0,0.897256
8008.0,1.0,1.0
8008.0,2.0,0.576577
8008.0,3.0,0.87519
8008.0,4.0,0.827915
8008.0,5.0,0.82071
8008.0,6.0,0.515759
8008.0,7.0,1.0
8008.0,8.0,1.0
8008.0,9.0,0.633818
8008.0,10.0,0.0
8008.0,11.0,0.674771
8008.0,12.0,0.791863
8008.0,13.0,0.491736
8008.0,14.0,0.847966
8008.0,15.0,1.0
8008.0,16.0,1.0
8008.0,17.0,0.92516
8009.0,0.0,0.87046
8009.0,1.0,1.0
8009.0,2.0,0.565303
8009.0,3.0,0.756188
8009.0,4.0,0.685734
8009.0,5.0,0.780096
8009.0,6.0,0.454475
8009.0,7.0,1.0
8009.0,8.0,1.0
8009.0,9.0,0.623743
8009.0,10.0,0.0
8009.0,11.0,0.617424
8009.0,12.0,0.772622
8009.0,13.0,0.394673
8009.0,14.0,0.838174
8009.0,15.0,1.0
8009.0,16.0,1.0
8009.0,17.0,0.897794
8010.0,0.0,0.844911
8010.0,1.0,1.0
8010.0,2.0,0.55585
8010.0,3.0,0.631585
8010.0,4.0,0.558311
8010.0,5.0,0.741657
8010.0,6.0,0.41074
8010.0,7.0,1.0
8010.0,8.0,1.0
8010.0,9.0,0.614241
8010.0,10.0,0.0
8010.0,11.0,0.570878
8010.0,12.0,0.757106
8010.0,13.0,0.323282
8010.0,14.0,0.82873
8010.0,15.0,1.0
8010.0,16.0,1.0
8010.0,17.0,0.869596
9000.0,0.0,0.842769
9000.0,1.0,1.0
9000.0,2.0,0.564021
9000.0,3.0,0.628254
9000.0,4.0,0.558498
9000.0,5.0,0.742619
9000.0,6.0,0.414809
9000.0,7.0,1.0
9000.0,8.0,1.0
9000.0,9.0,0.611824
9000.0,10.0,0.0
9000.0,11.0,0.571794
9000.0,12.0,0.759407
9000.0,13.0,0.322204
9000.0,14.0,0.812336
9000.0,15.0,1.0
9000.0,16.0,1.0
9000.0,17.0,0.874688
9001.0,0.0,0.850251
9001.0,1.0,1.0
9001.0,2.0,0.566579
9001.0,3.0,0.670746
9001.0,4.0,0.594695
9001.0,5.0,0.754744
9001.0,6.0,0.427159
9001.0,7.0,1.0
9001.0,8.0,1.0
9001.0,9.0,0.614635
9001.0,10.0,0.0
9001.0,11.0,0.584356
9001.0,12.0,0.763882
9001.0,13.0,0.342113
9001.0,14.0,0.815293
9001.0,15.0,1.0
9001.0,16.0,1.0
9001.0,17.0,0.882812
9002.0,0.0,0.857746
9002.0,1.0,1.0
9002.0,2.0,0.569028
9002.0,3.0,0.709546
9002.0,4.0,0.632265
9002.0,5.0,0.766379
9002.0,6.0,0.439693
9002.0,7.0,1.0
9002.0,8.0,1.0
9002.0,9.0,0.616969
9002.0,10.0,0.0
9002.0,11.0,0.597843
9002.0,12.0,0.768475
9002.0,13.0,0.363151
9002.0,14.0,0.817525
9002.0,15.0,1.0
9002.0,16.0,1.0
9002.0,17.0,0.891014
9003.0,0.0,0.864403
9003.0,1.0,1.0
9003.0,2.0,0.57182
9003.0,3.0,0.745164
9003.0,4.0,0.668792
9003.0,5.0,0.776644
9003.0,6.0,0.451942
9003.0,7.0,1.0
9003.0,8.0,1.0
9003.0,9.0,0.619389
9003.0,10.0,0.0
9003.0,11.0,0.610565
9003.0,12.0,0.773494
9003.0,13.0,0.383791
9003.0,14.0,0.820036
9003.0,15.0,1.0
9003.0,16.0,1.0
9003.0,17.0,0.898788
9004.0,0.0,0.871298
9004.0,1.0,1.0
9004.0,2.0,0.573706
9004.0,3.0,0.776622
9004.0,4.0,0.704391
9004.0,5.0,0.786411
9004.0,6.0,0.465743
9004.0,7.0,1.0
9004.0,8.0,1.0
9004.0,9.0,0.622428
9004.0,10.0,0.0
9004.0,11.0,0.623407
9004.0,12.0,0.778397
9004.0,13.0,0.405574
9004.0,14.0,0.822745
9004.0,15.0,1.0
9004.0,16.0,1.0
9004.0,17.0,0.905824
9005.0,0.0,0.877311
9005.0,1.0,1.0
9005.0,2.0,0.575963
9005.0,3.0,0.805782
9005.0,4.0,0.738445
9005.0,5.0,0.79543
9005.0,6.0,0.478719
9005.0,7.0,1.0
9005.0,8.0,1.0
9005.0,9.0,0.625723
9005.0,10.0,0.0
9005.0,11.0,0.636755
9005.0,12.0,0.782946
9005.0,13.0,0.427538
9005.0,14.0,0.825044
9005.0,15.0,1.0
9005.0,16.0,1.0
9005.0,17.0,0.912708
9006.0,0.0,0.884051
9006.0,1.0,1.0
9006.0,2.0,0.578553
9006.0,3.0,0.831177
9006.0,4.0,0.76986
9006.0,5.0,0.803744
9006.0,6.0,0.492154
9006.0,7.0,1.0
9006.0,8.0,1.0
9006.0,9.0,0.62931
9006.0,10.0,0.0
9006.0,11.0,0.649686
9006.0,12.0,0.786845
9006.0,13.0,0.449566
9006.0,14.0,0.827383
9006.0,15.0,1.0
9006.0,16.0,1.0
9006.0,17.0,0.918946
9007.0,0.0,0.889954
9007.0,1.0,1.0
9007.0,2.0,0.581102
9007.0,3.0,0.853449
9007.0,4.0,0.799853
9007.0,5.0,0.812084
9007.0,6.0,0.505417
9007.0,7.0,1.0
9007.0,8.0,1.0
9007.0,9.0,0.632667
9007.0,10.0,0.0
9007.0,11.0,0.663054
9007.0,12.0,0.790691
9007.0,13.0,0.471347
9007.0,14.0,0.829932
9007.0,15.0,1.0
9007.0,16.0,1.0
9007.0,17.0,0.924745
9008.0,0.0,0.895336
9008.0,1.0,1.0
9008.0,2.0,0.583269
9008.0,3.0,0.872816
9008.0,4.0,0.826708
9008.0,5.0,0.820681
9008.0,6.0,0.519659
9008.0,7.0,1.0
9008.0,8.0,1.0
9008.0,9.0,0.635442
9008.0,10.0,0.0
9008.0,11.0,0.675955
9008.0,12.0,0.794696
9008.0,13.0,0.493687
9008.0,14.0,0.832645
9008.0,15.0,1.0
9008.0,16.0,1.0
9008.0,17.0,0.92952
9009.0,0.0,0.869171
9009.0,1.0,1.0
9009.0,2.0,0.573603
9009.0,3.0,0.753305
9009.0,4.0,0.684186
9009.0,5.0,0.781504
9009.0,6.0,0.459063
9009.0,7.0,1.0
9009.0,8.0,1.0
9009.0,9.0,0.623904
9009.0,10.0,0.0
9009.0,11.0,0.61803
9009.0,12.0,0.776104
9009.0,13.0,0.394782
9009.0,14.0,0.820573
9009.0,15.0,1.0
9009.0,16.0,1.0
9009.0,17.0,0.903483
9010.0,0.0,0.843925
9010.0,1.0,1.0
9010.0,2.0,0.564855
9010.0,3.0,0.629249
9010.0,4.0,0.557192
9010.0,5.0,0.742907
9010.0,6.0,0.414329
9010.0,7.0,1.0
9010.0,8.0,1.0
9010.0,9.0,0.613795
9010.0,10.0,0.0
9010.0,11.0,0.571864
9010.0,12.0,0.760465
9010.0,13.0,0.321078
9010.0,14.0,0.810983
9010.0,15.0,1.0
9010.0,16.0,1.0
9010.0,17.0,0.875364
10000.0,0.0,0.842855
10000.0,1.0,1.0
10000.0,2.0,0.569664
10000.0,3.0,0.631554
10000.0,4.0,0.554565
10000.0,5.0,0.742047
10000.0,6.0,0.410418
10000.0,7.0,1.0
10000.0,8.0,1.0
10000.0,9.0,0.614456
10000.0,10.0,0.0
10000.0,11.0,0.567301
10000.0,12.0,0.755994
10000.0,13.0,0.323497
10000.0,14.0,0.82354
10000.0,15.0,1.0
10000.0,16.0,1.0
10000.0,17.0,0.870394
10001.0,0.0,0.850729
10001.0,1.0,1.0
10001.0,2.0,0.571977
10001.0,3.0,0.674378
10001.0,4.0,0.591538
10001.0,5.0,0.754198
10001.0,6.0,0.42258
10001.0,7.0,1.0
10001.0,8.0,1.0
10001.0,9.0,0.61761
10001.0,10.0,0.0
10001.0,11.0,0.580635
10001.0,12.0,0.760901
10001.0,13.0,0.34395
10001.0,14.0,0.826188
10001.0,15.0,1.0
10001.0,16.0,1.0
10001.0,17.0,0.878847
10002.0,0.0,0.858225
10002.0,1.0,1.0
10002.0,2.0,0.573538
10002.0,3.0,0.712955
10002.0,4.0,0.628749
10002.0,5.0,0.766028
10002.0,6.0,0.435386
10002.0,7.0,1.0
10002.0,8.0,1.0
10002.0,9.0,0.620764
10002.0,10.0,0.0
10002.0,11.0,0.593651
10002.0,12.0,0.765336
10002.0,13.0,0.363835
10002.0,14.0,0.82851
10002.0,15.0,1.0
10002.0,16.0,1.0
10002.0,17.0,0.887299
10003.0,0.0,0.865557
10003.0,1.0,1.0
10003.0,2.0,0.575755
10003.0,3.0,0.747542
10003.0,4.0,0.666475
10003.0,5.0,0.776867
10003.0,6.0,0.448361
10003.0,7.0,1.0
10003.0,8.0,1.0
10003.0,9.0,0.623289
10003.0,10.0,0.0
10003.0,11.0,0.60764
10003.0,12.0,0.769848
10003.0,13.0,0.385462
10003.0,14.0,0.831
10003.0,15.0,1.0
10003.0,16.0,1.0
10003.0,17.0,0.894685
10004.0,0.0,0.872587
10004.0,1.0,1.0
10004.0,2.0,0.578333
10004.0,3.0,0.77963
10004.0,4.0,0.701196
10004.0,5.0,0.78758
10004.0,6.0,0.462028
10004.0,7.0,1.0
10004.0,8.0,1.0
10004.0,9.0,0.625562
10004.0,10.0,0.0
10004.0,11.0,0.620764
10004.0,12.0,0.773965
10004.0,13.0,0.407167
10004.0,14.0,0.833601
10004.0,15.0,1.0
10004.0,16.0,1.0
10004.0,17.0,0.902124
10005.0,0.0,0.878601
10005.0,1.0,1.0
10005.0,2.0,0.580808
10005.0,3.0,0.807682
10005.0,4.0,0.73495
10005.0,5.0,0.797427
10005.0,6.0,0.47527
10005.0,7.0,1.0
10005.0,8.0,1.0
10005.0,9.0,0.627787
10005.0,10.0,0.0
10005.0,11.0,0.633931
10005.0,12.0,0.778919
10005.0,13.0,0.429383
10005.0,14.0,0.836239
10005.0,15.0,1.0
10005.0,16.0,1.0
10005.0,17.0,0.908721
10006.0,0.0,0.88509
10006.0,1.0,1.0
10006.0,2.0,0.583109
10006.0,3.0,0.832629
10006.0,4.0,0.767859
10006.0,5.0,0.806476
10006.0,6.0,0.488975
10006.0,7.0,1.0
10006.0,8.0,1.0
10006.0,9.0,0.630808
10006.0,10.0,0.0
10006.0,11.0,0.647018
10006.0,12.0,0.782806
10006.0,13.0,0.451608
10006.0,14.0,0.838869
10006.0,15.0,1.0
10006.0,16.0,1.0
10006.0,17.0,0.914842
10007.0,0.0,0.890769
10007.0,1.0,1.0
10007.0,2.0,0.585558
10007.0,3.0,0.854723
10007.0,4.0,0.797808
10007.0,5.0,0.815071
10007.0,6.0,0.50164
10007.0,7.0,1.0
10007.0,8.0,1.0
10007.0,9.0,0.633208
10007.0,10.0,0.0
10007.0,11.0,0.659625
10007.0,12.0,0.787028
10007.0,13.0,0.474376
10007.0,14.0,0.841209
10007.0,15.0,1.0
10007.0,16.0,1.0
10007.0,17.0,0.920738
10008.0,0.0,0.896459
10008.0,1.0,1.0
10008.0,2.0,0.588219
10008.0,3.0,0.873751
10008.0,4.0,0.825524
10008.0,5.0,0.822731
10008.0,6.0,0.515341
10008.0,7.0,1.0
10008.0,8.0,1.0
10008.0,9.0,0.635983
10008.0,10.0,0.0
10008.0,11.0,0.672049
10008.0,12.0,0.791394
10008.0,13.0,0.496234
10008.0,14.0,0.843981
10008.0,15.0,1.0
10008.0,16.0,1.0
10008.0,17.0,0.925513
10009.0,0.0,0.869741
10009.0,1.0,1.0
10009.0,2.0,0.576808
10009.0,3.0,0.756006
10009.0,4.0,0.683771
10009.0,5.0,0.782217
10009.0,6.0,0.454999
10009.0,7.0,1.0
10009.0,8.0,1.0
10009.0,9.0,0.624204
10009.0,10.0,0.0
10009.0,11.0,0.614128
10009.0,12.0,0.772246
10009.0,13.0,0.396425
10009.0,14.0,0.833081
10009.0,15.0,1.0
10009.0,16.0,1.0
10009.0,17.0,0.898153
10010.0,0.0,0.84369
10010.0,1.0,1.0
10010.0,2.0,0.567957
10010.0,3.0,0.631403
10010.0,4.0,0.554793
10010.0,5.0,0.743657
10010.0,6.0,0.411623
10010.0,7.0,1.0
10010.0,8.0,1.0
10010.0,9.0,0.613675
10010.0,10.0,0.0
10010.0,11.0,0.566315
10010.0,12.0,0.754913
10010.0,13.0,0.322395
10010.0,14.0,0.823644
10010.0,15.0,1.0
10010.0,16.0,1.0
10010.0,17.0,0.869643
