FREQUENCIES 
Gen,mut_id,mut_freq
1.0,0.0,0.5
1.0,1.0,0.5
1.0,2.0,0.5
1.0,3.0,0.5
1.0,4.0,0.5
1.0,5.0,0.5
1.0,6.0,0.5
1.0,7.0,0.5
1.0,8.0,0.5
1.0,9.0,0.5
1.0,10.0,0.5
1.0,11.0,0.5
1.0,12.0,0.5
1.0,13.0,0.5
1.0,14.0,0.5
1.0,15.0,0.5
1.0,16.0,0.5
1.0,17.0,0.5
1.0,18.0,0.5
1.0,19.0,0.5
1.0,20.0,0.5
1.0,21.0,0.5
1.0,22.0,0.5
1.0,23.0,0.5
1.0,24.0,0.5
1.0,25.0,0.5
1.0,26.0,0.5
1.0,27.0,0.5
1.0,28.0,0.5
1.0,29.0,0.5
1.0,30.0,0.5
1.0,31.0,0.5
1.0,32.0,0.5
1.0,33.0,0.5
1.0,34.0,0.5
1.0,35.0,0.5
1.0,36.0,0.5
1000.0,0.0,0.504853
1000.0,1.0,0.980518
1000.0,2.0,0.674907
1000.0,3.0,0.715606
1000.0,4.0,0.938245
1000.0,5.0,1.0
1000.0,6.0,0.996422
1000.0,7.0,0.993639
1000.0,8.0,0.319984
1000.0,9.0,0.989026
1000.0,10.0,0.567816
1000.0,11.0,0.988533
1000.0,12.0,0.452675
1000.0,13.0,0.4221
1000.0,14.0,0.714479
1000.0,15.0,0.627673
1000.0,16.0,0.693388
1000.0,17.0,0.576215
1000.0,18.0,0.516437
1000.0,19.0,0.488279
1000.0,20.0,0.870094
1000.0,21.0,0.670156
1000.0,22.0,0.735058
1000.0,23.0,0.736567
1000.0,24.0,0.540142
1000.0,25.0,0.559589
1000.0,26.0,0.366721
1000.0,27.0,1.0
1000.0,28.0,0.998843
1000.0,29.0,0.839363
1000.0,30.0,0.963702
1000.0,31.0,0.632136
1000.0,32.0,0.597959
1000.0,33.0,0.238665
1000.0,34.0,0.631788
1000.0,35.0,0.632277
1000.0,36.0,0.999446
1001.0,0.0,0.510418
1001.0,1.0,0.981346
1001.0,2.0,0.676144
1001.0,3.0,0.716179
1001.0,4.0,0.940157
1001.0,5.0,1.0
1001.0,6.0,0.996572
1001.0,7.0,0.993916
1001.0,8.0,0.320738
1001.0,9.0,0.989113
1001.0,10.0,0.569173
1001.0,11.0,0.988765
1001.0,12.0,0.458198
1001.0,13.0,0.423225
1001.0,14.0,0.714894
1001.0,15.0,0.635904
1001.0,16.0,0.695408
1001.0,17.0,0.637992
1001.0,18.0,0.517752
1001.0,19.0,0.487994
1001.0,20.0,0.870496
1001.0,21.0,0.67098
1001.0,22.0,0.741875
1001.0,23.0,0.741345
1001.0,24.0,0.540786
1001.0,25.0,0.546215
1001.0,26.0,0.372125
1001.0,27.0,1.0
1001.0,28.0,0.998905
1001.0,29.0,0.840491
1001.0,30.0,0.963904
1001.0,31.0,0.633213
1001.0,32.0,0.599815
1001.0,33.0,0.240031
1001.0,34.0,0.631254
1001.0,35.0,0.641716
1001.0,36.0,0.999462
1002.0,0.0,0.516368
1002.0,1.0,0.982079
1002.0,2.0,0.677434
1002.0,3.0,0.717468
1002.0,4.0,0.941679
1002.0,5.0,1.0
1002.0,6.0,0.996676
1002.0,7.0,0.993959
1002.0,8.0,0.321922
1002.0,9.0,0.989182
1002.0,10.0,0.570137
1002.0,11.0,0.988955
1002.0,12.0,0.466118
1002.0,13.0,0.424896
1002.0,14.0,0.716451
1002.0,15.0,0.643323
1002.0,16.0,0.697485
1002.0,17.0,0.6935
1002.0,18.0,0.519588
1002.0,19.0,0.488142
1002.0,20.0,0.87052
1002.0,21.0,0.671572
1002.0,22.0,0.749049
1002.0,23.0,0.746735
1002.0,24.0,0.540532
1002.0,25.0,0.535471
1002.0,26.0,0.37911
1002.0,27.0,1.0
1002.0,28.0,0.998948
1002.0,29.0,0.842392
1002.0,30.0,0.964074
1002.0,31.0,0.635759
1002.0,32.0,0.602413
1002.0,33.0,0.241373
1002.0,34.0,0.631808
1002.0,35.0,0.65144
1002.0,36.0,0.999453
1003.0,0.0,0.522759
1003.0,1.0,0.982497
1003.0,2.0,0.67839
1003.0,3.0,0.719032
1003.0,4.0,0.9437
1003.0,5.0,1.0
1003.0,6.0,0.996752
1003.0,7.0,0.99411
1003.0,8.0,0.32307
1003.0,9.0,0.989229
1003.0,10.0,0.571322
1003.0,11.0,0.988992
1003.0,12.0,0.472069
1003.0,13.0,0.426143
1003.0,14.0,0.716958
1003.0,15.0,0.650911
1003.0,16.0,0.699334
1003.0,17.0,0.740292
1003.0,18.0,0.521913
1003.0,19.0,0.488222
1003.0,20.0,0.871276
1003.0,21.0,0.673636
1003.0,22.0,0.756488
1003.0,23.0,0.751124
1003.0,24.0,0.541855
1003.0,25.0,0.52711
1003.0,26.0,0.386209
1003.0,27.0,1.0
1003.0,28.0,0.999
1003.0,29.0,0.843932
1003.0,30.0,0.96467
1003.0,31.0,0.638184
1003.0,32.0,0.604565
1003.0,33.0,0.243402
1003.0,34.0,0.632417
1003.0,35.0,0.661662
1003.0,36.0,0.999472
1004.0,0.0,0.529437
1004.0,1.0,0.983114
1004.0,2.0,0.678817
1004.0,3.0,0.719862
1004.0,4.0,0.944474
1004.0,5.0,1.0
1004.0,6.0,0.996856
1004.0,7.0,0.994177
1004.0,8.0,0.324942
1004.0,9.0,0.989239
1004.0,10.0,0.572021
1004.0,11.0,0.989083
1004.0,12.0,0.478765
1004.0,13.0,0.427019
1004.0,14.0,0.717355
1004.0,15.0,0.657372
1004.0,16.0,0.701459
1004.0,17.0,0.780075
1004.0,18.0,0.523219
1004.0,19.0,0.488438
1004.0,20.0,0.872135
1004.0,21.0,0.675317
1004.0,22.0,0.763242
1004.0,23.0,0.75556
1004.0,24.0,0.542287
1004.0,25.0,0.521026
1004.0,26.0,0.394206
1004.0,27.0,1.0
1004.0,28.0,0.999031
1004.0,29.0,0.844901
1004.0,30.0,0.964721
1004.0,31.0,0.640122
1004.0,32.0,0.607483
1004.0,33.0,0.244972
1004.0,34.0,0.633118
1004.0,35.0,0.671458
1004.0,36.0,0.9995
1005.0,0.0,0.534981
1005.0,1.0,0.983564
1005.0,2.0,0.678903
1005.0,3.0,0.720034
1005.0,4.0,0.945852
1005.0,5.0,1.0
1005.0,6.0,0.996893
1005.0,7.0,0.99436
1005.0,8.0,0.325888
1005.0,9.0,0.98924
1005.0,10.0,0.572265
1005.0,11.0,0.989467
1005.0,12.0,0.485347
1005.0,13.0,0.428429
1005.0,14.0,0.71831
1005.0,15.0,0.666104
1005.0,16.0,0.70306
1005.0,17.0,0.813264
1005.0,18.0,0.52504
1005.0,19.0,0.488545
1005.0,20.0,0.87327
1005.0,21.0,0.677009
1005.0,22.0,0.768777
1005.0,23.0,0.760565
1005.0,24.0,0.543709
1005.0,25.0,0.51783
1005.0,26.0,0.401087
1005.0,27.0,1.0
1005.0,28.0,0.999037
1005.0,29.0,0.846851
1005.0,30.0,0.965175
1005.0,31.0,0.64134
1005.0,32.0,0.609475
1005.0,33.0,0.246974
1005.0,34.0,0.633556
1005.0,35.0,0.680864
1005.0,36.0,0.999533
1006.0,0.0,0.54128
1006.0,1.0,0.983947
1006.0,2.0,0.679875
1006.0,3.0,0.720379
1006.0,4.0,0.946926
1006.0,5.0,1.0
1006.0,6.0,0.996985
1006.0,7.0,0.994497
1006.0,8.0,0.326352
1006.0,9.0,0.989181
1006.0,10.0,0.572833
1006.0,11.0,0.989734
1006.0,12.0,0.491962
1006.0,13.0,0.429371
1006.0,14.0,0.71854
1006.0,15.0,0.672682
1006.0,16.0,0.704828
1006.0,17.0,0.840966
1006.0,18.0,0.525897
1006.0,19.0,0.48802
1006.0,20.0,0.873612
1006.0,21.0,0.67875
1006.0,22.0,0.7746
1006.0,23.0,0.765633
1006.0,24.0,0.544566
1006.0,25.0,0.515832
1006.0,26.0,0.40763
1006.0,27.0,1.0
1006.0,28.0,0.999089
1006.0,29.0,0.84742
1006.0,30.0,0.965295
1006.0,31.0,0.643793
1006.0,32.0,0.61235
1006.0,33.0,0.248686
1006.0,34.0,0.633919
1006.0,35.0,0.691104
1006.0,36.0,0.999561
1007.0,0.0,0.547578
1007.0,1.0,0.984433
1007.0,2.0,0.680309
1007.0,3.0,0.720702
1007.0,4.0,0.947787
1007.0,5.0,1.0
1007.0,6.0,0.997093
1007.0,7.0,0.994551
1007.0,8.0,0.326848
1007.0,9.0,0.989244
1007.0,10.0,0.573765
1007.0,11.0,0.989829
1007.0,12.0,0.498079
1007.0,13.0,0.430719
1007.0,14.0,0.719294
1007.0,15.0,0.679662
1007.0,16.0,0.706814
1007.0,17.0,0.864927
1007.0,18.0,0.527049
1007.0,19.0,0.487839
1007.0,20.0,0.873865
1007.0,21.0,0.679502
1007.0,22.0,0.781733
1007.0,23.0,0.770075
1007.0,24.0,0.545895
1007.0,25.0,0.515042
1007.0,26.0,0.414812
1007.0,27.0,1.0
1007.0,28.0,0.999184
1007.0,29.0,0.848912
1007.0,30.0,0.965605
1007.0,31.0,0.646878
1007.0,32.0,0.615038
1007.0,33.0,0.250399
1007.0,34.0,0.633642
1007.0,35.0,0.702062
1007.0,36.0,0.999584
1008.0,0.0,0.553354
1008.0,1.0,0.984825
1008.0,2.0,0.681176
1008.0,3.0,0.721433
1008.0,4.0,0.948942
1008.0,5.0,1.0
1008.0,6.0,0.997112
1008.0,7.0,0.994588
1008.0,8.0,0.328316
1008.0,9.0,0.98943
1008.0,10.0,0.573519
1008.0,11.0,0.990018
1008.0,12.0,0.504462
1008.0,13.0,0.43186
1008.0,14.0,0.719347
1008.0,15.0,0.685595
1008.0,16.0,0.708668
1008.0,17.0,0.88491
1008.0,18.0,0.528724
1008.0,19.0,0.488164
1008.0,20.0,0.874
1008.0,21.0,0.680113
1008.0,22.0,0.787591
1008.0,23.0,0.775354
1008.0,24.0,0.54574
1008.0,25.0,0.515942
1008.0,26.0,0.422332
1008.0,27.0,1.0
1008.0,28.0,0.999215
1008.0,29.0,0.849614
1008.0,30.0,0.965902
1008.0,31.0,0.650672
1008.0,32.0,0.61803
1008.0,33.0,0.25174
1008.0,34.0,0.633586
1008.0,35.0,0.712403
1008.0,36.0,0.999598
1009.0,0.0,0.526199
1009.0,1.0,0.982942
1009.0,2.0,0.678242
1009.0,3.0,0.718338
1009.0,4.0,0.94313
1009.0,5.0,1.0
1009.0,6.0,0.99689
1009.0,7.0,0.994065
1009.0,8.0,0.323211
1009.0,9.0,0.989013
1009.0,10.0,0.568701
1009.0,11.0,0.989595
1009.0,12.0,0.473214
1009.0,13.0,0.426014
1009.0,14.0,0.718415
1009.0,15.0,0.653212
1009.0,16.0,0.700047
1009.0,17.0,0.746746
1009.0,18.0,0.523757
1009.0,19.0,0.487639
1009.0,20.0,0.872648
1009.0,21.0,0.675475
1009.0,22.0,0.757466
1009.0,23.0,0.752545
1009.0,24.0,0.543917
1009.0,25.0,0.527815
1009.0,26.0,0.389177
1009.0,27.0,1.0
1009.0,28.0,0.999171
1009.0,29.0,0.84384
1009.0,30.0,0.965567
1009.0,31.0,0.639616
1009.0,32.0,0.607401
1009.0,33.0,0.242747
1009.0,34.0,0.632597
1009.0,35.0,0.666385
1009.0,36.0,0.999602
1010.0,0.0,0.506169
1010.0,1.0,0.981475
1010.0,2.0,0.676254
1010.0,3.0,0.71632
1010.0,4.0,0.938447
1010.0,5.0,1.0
1010.0,6.0,0.99656
1010.0,7.0,0.993626
1010.0,8.0,0.319475
1010.0,9.0,0.988772
1010.0,10.0,0.565182
1010.0,11.0,0.989402
1010.0,12.0,0.451008
1010.0,13.0,0.423129
1010.0,14.0,0.717352
1010.0,15.0,0.627882
1010.0,16.0,0.694678
1010.0,17.0,0.574178
1010.0,18.0,0.519044
1010.0,19.0,0.487604
1010.0,20.0,0.871242
1010.0,21.0,0.671635
1010.0,22.0,0.733752
1010.0,23.0,0.734507
1010.0,24.0,0.542062
1010.0,25.0,0.55783
1010.0,26.0,0.366696
1010.0,27.0,1.0
1010.0,28.0,0.999115
1010.0,29.0,0.83982
1010.0,30.0,0.965549
1010.0,31.0,0.631957
1010.0,32.0,0.599195
1010.0,33.0,0.236638
1010.0,34.0,0.631442
1010.0,35.0,0.631579
1010.0,36.0,0.999609
2000.0,0.0,0.509657
2000.0,1.0,0.996884
2000.0,2.0,0.711994
2000.0,3.0,0.808669
2000.0,4.0,0.947092
2000.0,5.0,1.0
2000.0,6.0,1.0
2000.0,7.0,1.0
2000.0,8.0,0.263668
2000.0,9.0,0.997087
2000.0,10.0,0.583702
2000.0,11.0,0.999385
2000.0,12.0,0.451259
2000.0,13.0,0.411234
2000.0,14.0,0.816112
2000.0,15.0,0.628644
2000.0,16.0,0.69529
2000.0,17.0,0.572482
2000.0,18.0,0.518018
2000.0,19.0,0.466489
2000.0,20.0,0.951874
2000.0,21.0,0.760254
2000.0,22.0,0.737235
2000.0,23.0,0.73884
2000.0,24.0,0.554144
2000.0,25.0,0.564092
2000.0,26.0,0.364489
2000.0,27.0,1.0
2000.0,28.0,1.0
2000.0,29.0,0.845024
2000.0,30.0,0.999205
2000.0,31.0,0.673635
2000.0,32.0,0.60368
2000.0,33.0,0.184964
2000.0,34.0,0.701441
2000.0,35.0,0.571514
2000.0,36.0,1.0
2001.0,0.0,0.515275
2001.0,1.0,0.997103
2001.0,2.0,0.712049
2001.0,3.0,0.809422
2001.0,4.0,0.947903
2001.0,5.0,1.0
2001.0,6.0,1.0
2001.0,7.0,1.0
2001.0,8.0,0.264196
2001.0,9.0,0.997041
2001.0,10.0,0.584462
2001.0,11.0,0.999396
2001.0,12.0,0.456918
2001.0,13.0,0.41213
2001.0,14.0,0.81606
2001.0,15.0,0.635327
2001.0,16.0,0.697064
2001.0,17.0,0.635517
2001.0,18.0,0.51949
2001.0,19.0,0.466934
2001.0,20.0,0.951986
2001.0,21.0,0.761727
2001.0,22.0,0.744435
2001.0,23.0,0.742484
2001.0,24.0,0.554128
2001.0,25.0,0.55095
2001.0,26.0,0.370317
2001.0,27.0,1.0
2001.0,28.0,1.0
2001.0,29.0,0.846207
2001.0,30.0,0.999251
2001.0,31.0,0.675776
2001.0,32.0,0.604899
2001.0,33.0,0.186689
2001.0,34.0,0.701026
2001.0,35.0,0.581
2001.0,36.0,1.0
2002.0,0.0,0.521685
2002.0,1.0,0.997197
2002.0,2.0,0.712052
2002.0,3.0,0.810348
2002.0,4.0,0.948993
2002.0,5.0,1.0
2002.0,6.0,1.0
2002.0,7.0,1.0
2002.0,8.0,0.265196
2002.0,9.0,0.997016
2002.0,10.0,0.585107
2002.0,11.0,0.999432
2002.0,12.0,0.464143
2002.0,13.0,0.413283
2002.0,14.0,0.816198
2002.0,15.0,0.642591
2002.0,16.0,0.698389
2002.0,17.0,0.690062
2002.0,18.0,0.521199
2002.0,19.0,0.466863
2002.0,20.0,0.952288
2002.0,21.0,0.763747
2002.0,22.0,0.751977
2002.0,23.0,0.747447
2002.0,24.0,0.55532
2002.0,25.0,0.541348
2002.0,26.0,0.376874
2002.0,27.0,1.0
2002.0,28.0,1.0
2002.0,29.0,0.846857
2002.0,30.0,0.999239
2002.0,31.0,0.677702
2002.0,32.0,0.607798
2002.0,33.0,0.18848
2002.0,34.0,0.701158
2002.0,35.0,0.590655
2002.0,36.0,1.0
2003.0,0.0,0.527996
2003.0,1.0,0.997268
2003.0,2.0,0.712123
2003.0,3.0,0.810808
2003.0,4.0,0.95035
2003.0,5.0,1.0
2003.0,6.0,1.0
2003.0,7.0,1.0
2003.0,8.0,0.264975
2003.0,9.0,0.996984
2003.0,10.0,0.585674
2003.0,11.0,0.999421
2003.0,12.0,0.470995
2003.0,13.0,0.41463
2003.0,14.0,0.815968
2003.0,15.0,0.649993
2003.0,16.0,0.700124
2003.0,17.0,0.736681
2003.0,18.0,0.522176
2003.0,19.0,0.466858
2003.0,20.0,0.952946
2003.0,21.0,0.76475
2003.0,22.0,0.75897
2003.0,23.0,0.753431
2003.0,24.0,0.555514
2003.0,25.0,0.534871
2003.0,26.0,0.383865
2003.0,27.0,1.0
2003.0,28.0,1.0
2003.0,29.0,0.849084
2003.0,30.0,0.999235
2003.0,31.0,0.6803
2003.0,32.0,0.610355
2003.0,33.0,0.190365
2003.0,34.0,0.701837
2003.0,35.0,0.600605
2003.0,36.0,1.0
2004.0,0.0,0.534283
2004.0,1.0,0.997337
2004.0,2.0,0.712771
2004.0,3.0,0.811536
2004.0,4.0,0.951081
2004.0,5.0,1.0
2004.0,6.0,1.0
2004.0,7.0,1.0
2004.0,8.0,0.265348
2004.0,9.0,0.996879
2004.0,10.0,0.586449
2004.0,11.0,0.999411
2004.0,12.0,0.47848
2004.0,13.0,0.416322
2004.0,14.0,0.815525
2004.0,15.0,0.65751
2004.0,16.0,0.70281
2004.0,17.0,0.776816
2004.0,18.0,0.523268
2004.0,19.0,0.467105
2004.0,20.0,0.953303
2004.0,21.0,0.764977
2004.0,22.0,0.765956
2004.0,23.0,0.758793
2004.0,24.0,0.555657
2004.0,25.0,0.529934
2004.0,26.0,0.391117
2004.0,27.0,1.0
2004.0,28.0,1.0
2004.0,29.0,0.84995
2004.0,30.0,0.99923
2004.0,31.0,0.682963
2004.0,32.0,0.613265
2004.0,33.0,0.192286
2004.0,34.0,0.702839
2004.0,35.0,0.610343
2004.0,36.0,1.0
2005.0,0.0,0.540082
2005.0,1.0,0.99743
2005.0,2.0,0.713681
2005.0,3.0,0.812196
2005.0,4.0,0.952521
2005.0,5.0,1.0
2005.0,6.0,1.0
2005.0,7.0,1.0
2005.0,8.0,0.265969
2005.0,9.0,0.996773
2005.0,10.0,0.588554
2005.0,11.0,0.999436
2005.0,12.0,0.48507
2005.0,13.0,0.417998
2005.0,14.0,0.816604
2005.0,15.0,0.664342
2005.0,16.0,0.704803
2005.0,17.0,0.81041
2005.0,18.0,0.52548
2005.0,19.0,0.467394
2005.0,20.0,0.953581
2005.0,21.0,0.766429
2005.0,22.0,0.772478
2005.0,23.0,0.763752
2005.0,24.0,0.556306
2005.0,25.0,0.525664
2005.0,26.0,0.398821
2005.0,27.0,1.0
2005.0,28.0,1.0
2005.0,29.0,0.851474
2005.0,30.0,0.99922
2005.0,31.0,0.68426
2005.0,32.0,0.616327
2005.0,33.0,0.193437
2005.0,34.0,0.703425
2005.0,35.0,0.620861
2005.0,36.0,1.0
2006.0,0.0,0.546348
2006.0,1.0,0.997632
2006.0,2.0,0.714495
2006.0,3.0,0.813001
2006.0,4.0,0.953348
2006.0,5.0,1.0
2006.0,6.0,1.0
2006.0,7.0,1.0
2006.0,8.0,0.267236
2006.0,9.0,0.996752
2006.0,10.0,0.589092
2006.0,11.0,0.999463
2006.0,12.0,0.491733
2006.0,13.0,0.419457
2006.0,14.0,0.817689
2006.0,15.0,0.670755
2006.0,16.0,0.706939
2006.0,17.0,0.838848
2006.0,18.0,0.527256
2006.0,19.0,0.467296
2006.0,20.0,0.953493
2006.0,21.0,0.767456
2006.0,22.0,0.778583
2006.0,23.0,0.768772
2006.0,24.0,0.556614
2006.0,25.0,0.523913
2006.0,26.0,0.406383
2006.0,27.0,1.0
2006.0,28.0,1.0
2006.0,29.0,0.85213
2006.0,30.0,0.999278
2006.0,31.0,0.686899
2006.0,32.0,0.61868
2006.0,33.0,0.195438
2006.0,34.0,0.703562
2006.0,35.0,0.630515
2006.0,36.0,1.0
2007.0,0.0,0.552477
2007.0,1.0,0.997741
2007.0,2.0,0.715766
2007.0,3.0,0.813165
2007.0,4.0,0.954612
2007.0,5.0,1.0
2007.0,6.0,1.0
2007.0,7.0,1.0
2007.0,8.0,0.268878
2007.0,9.0,0.996695
2007.0,10.0,0.589568
2007.0,11.0,0.999433
2007.0,12.0,0.497637
2007.0,13.0,0.420877
2007.0,14.0,0.81775
2007.0,15.0,0.677196
2007.0,16.0,0.70862
2007.0,17.0,0.863446
2007.0,18.0,0.528451
2007.0,19.0,0.466969
2007.0,20.0,0.953665
2007.0,21.0,0.768729
2007.0,22.0,0.784761
2007.0,23.0,0.773581
2007.0,24.0,0.557411
2007.0,25.0,0.523074
2007.0,26.0,0.413569
2007.0,27.0,1.0
2007.0,28.0,1.0
2007.0,29.0,0.852865
2007.0,30.0,0.999305
2007.0,31.0,0.689676
2007.0,32.0,0.621494
2007.0,33.0,0.197325
2007.0,34.0,0.703663
2007.0,35.0,0.639919
2007.0,36.0,1.0
2008.0,0.0,0.558923
2008.0,1.0,0.997701
2008.0,2.0,0.716312
2008.0,3.0,0.813777
2008.0,4.0,0.955576
2008.0,5.0,1.0
2008.0,6.0,1.0
2008.0,7.0,1.0
2008.0,8.0,0.270117
2008.0,9.0,0.996856
2008.0,10.0,0.590885
2008.0,11.0,0.999431
2008.0,12.0,0.505544
2008.0,13.0,0.422241
2008.0,14.0,0.817987
2008.0,15.0,0.68357
2008.0,16.0,0.710731
2008.0,17.0,0.883137
2008.0,18.0,0.529325
2008.0,19.0,0.467413
2008.0,20.0,0.953956
2008.0,21.0,0.769768
2008.0,22.0,0.790659
2008.0,23.0,0.778359
2008.0,24.0,0.558519
2008.0,25.0,0.524105
2008.0,26.0,0.420473
2008.0,27.0,1.0
2008.0,28.0,1.0
2008.0,29.0,0.854331
2008.0,30.0,0.99934
2008.0,31.0,0.692668
2008.0,32.0,0.624152
2008.0,33.0,0.199261
2008.0,34.0,0.704712
2008.0,35.0,0.649426
2008.0,36.0,1.0
2009.0,0.0,0.531597
2009.0,1.0,0.997337
2009.0,2.0,0.713906
2009.0,3.0,0.811649
2009.0,4.0,0.950684
2009.0,5.0,1.0
2009.0,6.0,1.0
2009.0,7.0,1.0
2009.0,8.0,0.266989
2009.0,9.0,0.996715
2009.0,10.0,0.587119
2009.0,11.0,0.999436
2009.0,12.0,0.475591
2009.0,13.0,0.415623
2009.0,14.0,0.817209
2009.0,15.0,0.651314
2009.0,16.0,0.701167
2009.0,17.0,0.744145
2009.0,18.0,0.521855
2009.0,19.0,0.465621
2009.0,20.0,0.953211
2009.0,21.0,0.764833
2009.0,22.0,0.761013
2009.0,23.0,0.755704
2009.0,24.0,0.55585
2009.0,25.0,0.536712
2009.0,26.0,0.387443
2009.0,27.0,1.0
2009.0,28.0,1.0
2009.0,29.0,0.84982
2009.0,30.0,0.999332
2009.0,31.0,0.681372
2009.0,32.0,0.613261
2009.0,33.0,0.190897
2009.0,34.0,0.704373
2009.0,35.0,0.60318
2009.0,36.0,1.0
2010.0,0.0,0.511661
2010.0,1.0,0.997091
2010.0,2.0,0.711043
2010.0,3.0,0.810125
2010.0,4.0,0.946364
2010.0,5.0,1.0
2010.0,6.0,1.0
2010.0,7.0,1.0
2010.0,8.0,0.264921
2010.0,9.0,0.996605
2010.0,10.0,0.583893
2010.0,11.0,0.999449
2010.0,12.0,0.453122
2010.0,13.0,0.410653
2010.0,14.0,0.816205
2010.0,15.0,0.625462
2010.0,16.0,0.693532
2010.0,17.0,0.572379
2010.0,18.0,0.516167
2010.0,19.0,0.463688
2010.0,20.0,0.952566
2010.0,21.0,0.762354
2010.0,22.0,0.737808
2010.0,23.0,0.738347
2010.0,24.0,0.555275
2010.0,25.0,0.566606
2010.0,26.0,0.364738
2010.0,27.0,1.0
2010.0,28.0,1.0
2010.0,29.0,0.845094
2010.0,30.0,0.999311
2010.0,31.0,0.673708
2010.0,32.0,0.605043
2010.0,33.0,0.1854
2010.0,34.0,0.703551
2010.0,35.0,0.57038
2010.0,36.0,1.0
3000.0,0.0,0.518534
3000.0,1.0,0.999641
3000.0,2.0,0.738736
3000.0,3.0,0.828491
3000.0,4.0,0.943341
3000.0,5.0,1.0
3000.0,6.0,1.0
3000.0,7.0,1.0
3000.0,8.0,0.248213
3000.0,9.0,0.999303
3000.0,10.0,0.602908
3000.0,11.0,1.0
3000.0,12.0,0.452785
3000.0,13.0,0.408296
3000.0,14.0,0.86045
3000.0,15.0,0.626369
3000.0,16.0,0.687867
3000.0,17.0,0.576486
3000.0,18.0,0.519293
3000.0,19.0,0.449468
3000.0,20.0,0.982265
3000.0,21.0,0.833478
3000.0,22.0,0.740126
3000.0,23.0,0.729448
3000.0,24.0,0.540452
3000.0,25.0,0.565965
3000.0,26.0,0.371187
3000.0,27.0,1.0
3000.0,28.0,1.0
3000.0,29.0,0.845792
3000.0,30.0,0.999997
3000.0,31.0,0.720168
3000.0,32.0,0.61132
3000.0,33.0,0.175611
3000.0,34.0,0.767688
3000.0,35.0,0.51919
3000.0,36.0,1.0
3001.0,0.0,0.524023
3001.0,1.0,0.999654
3001.0,2.0,0.738838
3001.0,3.0,0.828871
3001.0,4.0,0.944708
3001.0,5.0,1.0
3001.0,6.0,1.0
3001.0,7.0,1.0
3001.0,8.0,0.248822
3001.0,9.0,0.999303
3001.0,10.0,0.604062
3001.0,11.0,1.0
3001.0,12.0,0.459241
3001.0,13.0,0.409601
3001.0,14.0,0.860794
3001.0,15.0,0.634048
3001.0,16.0,0.690113
3001.0,17.0,0.638583
3001.0,18.0,0.520577
3001.0,19.0,0.449253
3001.0,20.0,0.982381
3001.0,21.0,0.834131
3001.0,22.0,0.746775
3001.0,23.0,0.735286
3001.0,24.0,0.540607
3001.0,25.0,0.554103
3001.0,26.0,0.376796
3001.0,27.0,1.0
3001.0,28.0,1.0
3001.0,29.0,0.847671
3001.0,30.0,0.999997
3001.0,31.0,0.722896
3001.0,32.0,0.613452
3001.0,33.0,0.176754
3001.0,34.0,0.768032
3001.0,35.0,0.528827
3001.0,36.0,1.0
3002.0,0.0,0.530113
3002.0,1.0,0.999637
3002.0,2.0,0.740066
3002.0,3.0,0.828579
3002.0,4.0,0.946042
3002.0,5.0,1.0
3002.0,6.0,1.0
3002.0,7.0,1.0
3002.0,8.0,0.24931
3002.0,9.0,0.999298
3002.0,10.0,0.605242
3002.0,11.0,1.0
3002.0,12.0,0.465526
3002.0,13.0,0.410647
3002.0,14.0,0.861271
3002.0,15.0,0.641987
3002.0,16.0,0.691955
3002.0,17.0,0.692584
3002.0,18.0,0.521559
3002.0,19.0,0.448564
3002.0,20.0,0.982634
3002.0,21.0,0.834482
3002.0,22.0,0.753604
3002.0,23.0,0.740472
3002.0,24.0,0.540768
3002.0,25.0,0.545361
3002.0,26.0,0.383602
3002.0,27.0,1.0
3002.0,28.0,1.0
3002.0,29.0,0.849034
3002.0,30.0,0.999996
3002.0,31.0,0.724707
3002.0,32.0,0.615543
3002.0,33.0,0.178672
3002.0,34.0,0.768092
3002.0,35.0,0.538311
3002.0,36.0,1.0
3003.0,0.0,0.536284
3003.0,1.0,0.999641
3003.0,2.0,0.739991
3003.0,3.0,0.829621
3003.0,4.0,0.947525
3003.0,5.0,1.0
3003.0,6.0,1.0
3003.0,7.0,1.0
3003.0,8.0,0.250608
3003.0,9.0,0.999278
3003.0,10.0,0.60606
3003.0,11.0,1.0
3003.0,12.0,0.472407
3003.0,13.0,0.410968
3003.0,14.0,0.86081
3003.0,15.0,0.650269
3003.0,16.0,0.693267
3003.0,17.0,0.73977
3003.0,18.0,0.522635
3003.0,19.0,0.448674
3003.0,20.0,0.982569
3003.0,21.0,0.835331
3003.0,22.0,0.761414
3003.0,23.0,0.746039
3003.0,24.0,0.54122
3003.0,25.0,0.538476
3003.0,26.0,0.390299
3003.0,27.0,1.0
3003.0,28.0,1.0
3003.0,29.0,0.849683
3003.0,30.0,0.999992
3003.0,31.0,0.726909
3003.0,32.0,0.617894
3003.0,33.0,0.180035
3003.0,34.0,0.768483
3003.0,35.0,0.547976
3003.0,36.0,1.0
3004.0,0.0,0.542317
3004.0,1.0,0.99963
3004.0,2.0,0.740191
3004.0,3.0,0.830033
3004.0,4.0,0.948506
3004.0,5.0,1.0
3004.0,6.0,1.0
3004.0,7.0,1.0
3004.0,8.0,0.251919
3004.0,9.0,0.999276
3004.0,10.0,0.607489
3004.0,11.0,1.0
3004.0,12.0,0.47905
3004.0,13.0,0.412486
3004.0,14.0,0.860895
3004.0,15.0,0.657364
3004.0,16.0,0.695503
3004.0,17.0,0.779184
3004.0,18.0,0.523896
3004.0,19.0,0.447578
3004.0,20.0,0.982534
3004.0,21.0,0.835778
3004.0,22.0,0.768381
3004.0,23.0,0.750406
3004.0,24.0,0.542794
3004.0,25.0,0.533881
3004.0,26.0,0.397894
3004.0,27.0,1.0
3004.0,28.0,1.0
3004.0,29.0,0.850768
3004.0,30.0,0.999992
3004.0,31.0,0.729411
3004.0,32.0,0.619451
3004.0,33.0,0.182257
3004.0,34.0,0.767883
3004.0,35.0,0.557192
3004.0,36.0,1.0
3005.0,0.0,0.54878
3005.0,1.0,0.999616
3005.0,2.0,0.740565
3005.0,3.0,0.830559
3005.0,4.0,0.949724
3005.0,5.0,1.0
3005.0,6.0,1.0
3005.0,7.0,1.0
3005.0,8.0,0.252553
3005.0,9.0,0.999291
3005.0,10.0,0.609235
3005.0,11.0,1.0
3005.0,12.0,0.485642
3005.0,13.0,0.413522
3005.0,14.0,0.861366
3005.0,15.0,0.664442
3005.0,16.0,0.697238
3005.0,17.0,0.812615
3005.0,18.0,0.525241
3005.0,19.0,0.447532
3005.0,20.0,0.982451
3005.0,21.0,0.836272
3005.0,22.0,0.775646
3005.0,23.0,0.755234
3005.0,24.0,0.543315
3005.0,25.0,0.531081
3005.0,26.0,0.404965
3005.0,27.0,1.0
3005.0,28.0,1.0
3005.0,29.0,0.851607
3005.0,30.0,0.999992
3005.0,31.0,0.732094
3005.0,32.0,0.622444
3005.0,33.0,0.184591
3005.0,34.0,0.768643
3005.0,35.0,0.566293
3005.0,36.0,1.0
3006.0,0.0,0.555027
3006.0,1.0,0.999619
3006.0,2.0,0.741203
3006.0,3.0,0.831313
3006.0,4.0,0.950349
3006.0,5.0,1.0
3006.0,6.0,1.0
3006.0,7.0,1.0
3006.0,8.0,0.253281
3006.0,9.0,0.999294
3006.0,10.0,0.610628
3006.0,11.0,1.0
3006.0,12.0,0.493227
3006.0,13.0,0.414563
3006.0,14.0,0.862084
3006.0,15.0,0.671353
3006.0,16.0,0.699082
3006.0,17.0,0.841384
3006.0,18.0,0.526063
3006.0,19.0,0.447641
3006.0,20.0,0.982371
3006.0,21.0,0.83675
3006.0,22.0,0.781767
3006.0,23.0,0.760149
3006.0,24.0,0.543608
3006.0,25.0,0.530207
3006.0,26.0,0.412025
3006.0,27.0,1.0
3006.0,28.0,1.0
3006.0,29.0,0.852984
3006.0,30.0,0.999992
3006.0,31.0,0.734039
3006.0,32.0,0.624015
3006.0,33.0,0.186303
3006.0,34.0,0.769006
3006.0,35.0,0.576074
3006.0,36.0,1.0
3007.0,0.0,0.559656
3007.0,1.0,0.999605
3007.0,2.0,0.741445
3007.0,3.0,0.832552
3007.0,4.0,0.951385
3007.0,5.0,1.0
3007.0,6.0,1.0
3007.0,7.0,1.0
3007.0,8.0,0.255111
3007.0,9.0,0.999344
3007.0,10.0,0.611656
3007.0,11.0,1.0
3007.0,12.0,0.500503
3007.0,13.0,0.414341
3007.0,14.0,0.862089
3007.0,15.0,0.678824
3007.0,16.0,0.701175
3007.0,17.0,0.864472
3007.0,18.0,0.528772
3007.0,19.0,0.44835
3007.0,20.0,0.982577
3007.0,21.0,0.837587
3007.0,22.0,0.788172
3007.0,23.0,0.764499
3007.0,24.0,0.544504
3007.0,25.0,0.530451
3007.0,26.0,0.418979
3007.0,27.0,1.0
3007.0,28.0,1.0
3007.0,29.0,0.853472
3007.0,30.0,0.999992
3007.0,31.0,0.736045
3007.0,32.0,0.62569
3007.0,33.0,0.188007
3007.0,34.0,0.769266
3007.0,35.0,0.58567
3007.0,36.0,1.0
3008.0,0.0,0.566317
3008.0,1.0,0.999621
3008.0,2.0,0.74178
3008.0,3.0,0.832497
3008.0,4.0,0.952635
3008.0,5.0,1.0
3008.0,6.0,1.0
3008.0,7.0,1.0
3008.0,8.0,0.255361
3008.0,9.0,0.999312
3008.0,10.0,0.612188
3008.0,11.0,1.0
3008.0,12.0,0.506675
3008.0,13.0,0.416132
3008.0,14.0,0.86191
3008.0,15.0,0.685556
3008.0,16.0,0.703133
3008.0,17.0,0.884174
3008.0,18.0,0.530512
3008.0,19.0,0.448175
3008.0,20.0,0.982685
3008.0,21.0,0.83811
3008.0,22.0,0.793378
3008.0,23.0,0.769111
3008.0,24.0,0.544819
3008.0,25.0,0.530868
3008.0,26.0,0.426547
3008.0,27.0,1.0
3008.0,28.0,1.0
3008.0,29.0,0.854721
3008.0,30.0,0.999993
3008.0,31.0,0.737907
3008.0,32.0,0.628642
3008.0,33.0,0.190048
3008.0,34.0,0.769302
3008.0,35.0,0.595371
3008.0,36.0,1.0
3009.0,0.0,0.539474
3009.0,1.0,0.999515
3009.0,2.0,0.739284
3009.0,3.0,0.830401
3009.0,4.0,0.947556
3009.0,5.0,1.0
3009.0,6.0,1.0
3009.0,7.0,1.0
3009.0,8.0,0.252186
3009.0,9.0,0.999289
3009.0,10.0,0.607545
3009.0,11.0,1.0
3009.0,12.0,0.476159
3009.0,13.0,0.409572
3009.0,14.0,0.861118
3009.0,15.0,0.653095
3009.0,16.0,0.694103
3009.0,17.0,0.746886
3009.0,18.0,0.523047
3009.0,19.0,0.445614
3009.0,20.0,0.982352
3009.0,21.0,0.835304
3009.0,22.0,0.763417
3009.0,23.0,0.746846
3009.0,24.0,0.54248
3009.0,25.0,0.540014
3009.0,26.0,0.392395
3009.0,27.0,1.0
3009.0,28.0,1.0
3009.0,29.0,0.849317
3009.0,30.0,0.999995
3009.0,31.0,0.727891
3009.0,32.0,0.619167
3009.0,33.0,0.182574
3009.0,34.0,0.76851
3009.0,35.0,0.551401
3009.0,36.0,1.0
3010.0,0.0,0.517831
3010.0,1.0,0.999483
3010.0,2.0,0.73666
3010.0,3.0,0.82863
3010.0,4.0,0.943299
3010.0,5.0,1.0
3010.0,6.0,1.0
3010.0,7.0,1.0
3010.0,8.0,0.250113
3010.0,9.0,0.999254
3010.0,10.0,0.604449
3010.0,11.0,1.0
3010.0,12.0,0.45402
3010.0,13.0,0.405344
3010.0,14.0,0.860279
3010.0,15.0,0.628026
3010.0,16.0,0.687095
3010.0,17.0,0.574497
3010.0,18.0,0.518034
3010.0,19.0,0.444496
3010.0,20.0,0.982407
3010.0,21.0,0.832191
3010.0,22.0,0.740103
3010.0,23.0,0.728902
3010.0,24.0,0.539022
3010.0,25.0,0.566165
3010.0,26.0,0.367676
3010.0,27.0,1.0
3010.0,28.0,1.0
3010.0,29.0,0.844695
3010.0,30.0,0.999997
3010.0,31.0,0.720996
3010.0,32.0,0.611583
3010.0,33.0,0.176973
3010.0,34.0,0.76764
3010.0,35.0,0.51952
3010.0,36.0,1.0
4000.0,0.0,0.518858
4000.0,1.0,1.0
4000.0,2.0,0.730854
4000.0,3.0,0.840622
4000.0,4.0,0.941505
4000.0,5.0,1.0
4000.0,6.0,1.0
4000.0,7.0,1.0
4000.0,8.0,0.244612
4000.0,9.0,0.99982
4000.0,10.0,0.621569
4000.0,11.0,1.0
4000.0,12.0,0.453615
4000.0,13.0,0.38841
4000.0,14.0,0.906396
4000.0,15.0,0.626492
4000.0,16.0,0.690646
4000.0,17.0,0.575271
4000.0,18.0,0.501032
4000.0,19.0,0.418184
4000.0,20.0,0.991545
4000.0,21.0,0.86661
4000.0,22.0,0.739127
4000.0,23.0,0.731794
4000.0,24.0,0.550248
4000.0,25.0,0.567344
4000.0,26.0,0.369466
4000.0,27.0,1.0
4000.0,28.0,1.0
4000.0,29.0,0.845123
4000.0,30.0,1.0
4000.0,31.0,0.743285
4000.0,32.0,0.611702
4000.0,33.0,0.161121
4000.0,34.0,0.84331
4000.0,35.0,0.516529
4000.0,36.0,1.0
4001.0,0.0,0.5239
4001.0,1.0,1.0
4001.0,2.0,0.731302
4001.0,3.0,0.840794
4001.0,4.0,0.942866
4001.0,5.0,1.0
4001.0,6.0,1.0
4001.0,7.0,1.0
4001.0,8.0,0.243833
4001.0,9.0,0.999841
4001.0,10.0,0.622264
4001.0,11.0,1.0
4001.0,12.0,0.460641
4001.0,13.0,0.389701
4001.0,14.0,0.907095
4001.0,15.0,0.634213
4001.0,16.0,0.692462
4001.0,17.0,0.637215
4001.0,18.0,0.50269
4001.0,19.0,0.41827
4001.0,20.0,0.991429
4001.0,21.0,0.86657
4001.0,22.0,0.74626
4001.0,23.0,0.736782
4001.0,24.0,0.55097
4001.0,25.0,0.555034
4001.0,26.0,0.377047
4001.0,27.0,1.0
4001.0,28.0,1.0
4001.0,29.0,0.84575
4001.0,30.0,1.0
4001.0,31.0,0.745147
4001.0,32.0,0.614923
4001.0,33.0,0.161891
4001.0,34.0,0.843176
4001.0,35.0,0.525159
4001.0,36.0,1.0
4002.0,0.0,0.529488
4002.0,1.0,1.0
4002.0,2.0,0.731771
4002.0,3.0,0.841331
4002.0,4.0,0.944045
4002.0,5.0,1.0
4002.0,6.0,1.0
4002.0,7.0,1.0
4002.0,8.0,0.243935
4002.0,9.0,0.999835
4002.0,10.0,0.622678
4002.0,11.0,1.0
4002.0,12.0,0.466935
4002.0,13.0,0.390552
4002.0,14.0,0.907121
4002.0,15.0,0.641801
4002.0,16.0,0.694636
4002.0,17.0,0.691608
4002.0,18.0,0.50377
4002.0,19.0,0.417377
4002.0,20.0,0.991582
4002.0,21.0,0.86776
4002.0,22.0,0.752576
4002.0,23.0,0.741651
4002.0,24.0,0.552119
4002.0,25.0,0.544886
4002.0,26.0,0.383352
4002.0,27.0,1.0
4002.0,28.0,1.0
4002.0,29.0,0.846765
4002.0,30.0,1.0
4002.0,31.0,0.747825
4002.0,32.0,0.617582
4002.0,33.0,0.163696
4002.0,34.0,0.843519
4002.0,35.0,0.535146
4002.0,36.0,1.0
4003.0,0.0,0.535415
4003.0,1.0,1.0
4003.0,2.0,0.732869
4003.0,3.0,0.842293
4003.0,4.0,0.945349
4003.0,5.0,1.0
4003.0,6.0,1.0
4003.0,7.0,1.0
4003.0,8.0,0.244132
4003.0,9.0,0.999834
4003.0,10.0,0.624227
4003.0,11.0,1.0
4003.0,12.0,0.474109
4003.0,13.0,0.391158
4003.0,14.0,0.907731
4003.0,15.0,0.648373
4003.0,16.0,0.696762
4003.0,17.0,0.737862
4003.0,18.0,0.504457
4003.0,19.0,0.417069
4003.0,20.0,0.991666
4003.0,21.0,0.868613
4003.0,22.0,0.759824
4003.0,23.0,0.746482
4003.0,24.0,0.551791
4003.0,25.0,0.537054
4003.0,26.0,0.390603
4003.0,27.0,1.0
4003.0,28.0,1.0
4003.0,29.0,0.847868
4003.0,30.0,1.0
4003.0,31.0,0.749825
4003.0,32.0,0.620762
4003.0,33.0,0.165253
4003.0,34.0,0.843396
4003.0,35.0,0.544893
4003.0,36.0,1.0
4004.0,0.0,0.541463
4004.0,1.0,1.0
4004.0,2.0,0.732975
4004.0,3.0,0.842603
4004.0,4.0,0.947021
4004.0,5.0,1.0
4004.0,6.0,1.0
4004.0,7.0,1.0
4004.0,8.0,0.244421
4004.0,9.0,0.999834
4004.0,10.0,0.624845
4004.0,11.0,1.0
4004.0,12.0,0.481505
4004.0,13.0,0.392552
4004.0,14.0,0.907718
4004.0,15.0,0.655753
4004.0,16.0,0.698956
4004.0,17.0,0.77794
4004.0,18.0,0.506278
4004.0,19.0,0.417613
4004.0,20.0,0.99171
4004.0,21.0,0.869215
4004.0,22.0,0.766575
4004.0,23.0,0.751828
4004.0,24.0,0.552093
4004.0,25.0,0.532024
4004.0,26.0,0.397372
4004.0,27.0,1.0
4004.0,28.0,1.0
4004.0,29.0,0.848831
4004.0,30.0,1.0
4004.0,31.0,0.752217
4004.0,32.0,0.623
4004.0,33.0,0.166566
4004.0,34.0,0.842785
4004.0,35.0,0.553609
4004.0,36.0,1.0
4005.0,0.0,0.546648
4005.0,1.0,1.0
4005.0,2.0,0.732922
4005.0,3.0,0.843204
4005.0,4.0,0.948226
4005.0,5.0,1.0
4005.0,6.0,1.0
4005.0,7.0,1.0
4005.0,8.0,0.244962
4005.0,9.0,0.999848
4005.0,10.0,0.625485
4005.0,11.0,1.0
4005.0,12.0,0.488518
4005.0,13.0,0.39395
4005.0,14.0,0.907716
4005.0,15.0,0.663108
4005.0,16.0,0.70058
4005.0,17.0,0.811666
4005.0,18.0,0.507863
4005.0,19.0,0.417584
4005.0,20.0,0.991738
4005.0,21.0,0.869498
4005.0,22.0,0.773457
4005.0,23.0,0.756702
4005.0,24.0,0.553011
4005.0,25.0,0.528588
4005.0,26.0,0.405094
4005.0,27.0,1.0
4005.0,28.0,1.0
4005.0,29.0,0.849981
4005.0,30.0,1.0
4005.0,31.0,0.754759
4005.0,32.0,0.624833
4005.0,33.0,0.168641
4005.0,34.0,0.84289
4005.0,35.0,0.563662
4005.0,36.0,1.0
4006.0,0.0,0.552154
4006.0,1.0,1.0
4006.0,2.0,0.733461
4006.0,3.0,0.844013
4006.0,4.0,0.949422
4006.0,5.0,1.0
4006.0,6.0,1.0
4006.0,7.0,1.0
4006.0,8.0,0.245567
4006.0,9.0,0.999851
4006.0,10.0,0.626582
4006.0,11.0,1.0
4006.0,12.0,0.495206
4006.0,13.0,0.396561
4006.0,14.0,0.907534
4006.0,15.0,0.669583
4006.0,16.0,0.703521
4006.0,17.0,0.839905
4006.0,18.0,0.5082
4006.0,19.0,0.418112
4006.0,20.0,0.991857
4006.0,21.0,0.869615
4006.0,22.0,0.779674
4006.0,23.0,0.762369
4006.0,24.0,0.553683
4006.0,25.0,0.526932
4006.0,26.0,0.411385
4006.0,27.0,1.0
4006.0,28.0,1.0
4006.0,29.0,0.851147
4006.0,30.0,1.0
4006.0,31.0,0.756492
4006.0,32.0,0.626126
4006.0,33.0,0.170166
4006.0,34.0,0.842145
4006.0,35.0,0.574373
4006.0,36.0,1.0
4007.0,0.0,0.557436
4007.0,1.0,1.0
4007.0,2.0,0.733831
4007.0,3.0,0.845194
4007.0,4.0,0.950383
4007.0,5.0,1.0
4007.0,6.0,1.0
4007.0,7.0,1.0
4007.0,8.0,0.246082
4007.0,9.0,0.99983
4007.0,10.0,0.627699
4007.0,11.0,1.0
4007.0,12.0,0.501286
4007.0,13.0,0.398502
4007.0,14.0,0.908001
4007.0,15.0,0.67644
4007.0,16.0,0.705596
4007.0,17.0,0.864177
4007.0,18.0,0.509545
4007.0,19.0,0.418108
4007.0,20.0,0.991876
4007.0,21.0,0.869992
4007.0,22.0,0.786437
4007.0,23.0,0.767622
4007.0,24.0,0.554436
4007.0,25.0,0.526631
4007.0,26.0,0.41889
4007.0,27.0,1.0
4007.0,28.0,1.0
4007.0,29.0,0.85221
4007.0,30.0,1.0
4007.0,31.0,0.758425
4007.0,32.0,0.628413
4007.0,33.0,0.172424
4007.0,34.0,0.842744
4007.0,35.0,0.584712
4007.0,36.0,1.0
4008.0,0.0,0.562859
4008.0,1.0,1.0
4008.0,2.0,0.733898
4008.0,3.0,0.84595
4008.0,4.0,0.951649
4008.0,5.0,1.0
4008.0,6.0,1.0
4008.0,7.0,1.0
4008.0,8.0,0.247292
4008.0,9.0,0.999828
4008.0,10.0,0.628177
4008.0,11.0,1.0
4008.0,12.0,0.507244
4008.0,13.0,0.399822
4008.0,14.0,0.908538
4008.0,15.0,0.683616
4008.0,16.0,0.707557
4008.0,17.0,0.884464
4008.0,18.0,0.511692
4008.0,19.0,0.419176
4008.0,20.0,0.991818
4008.0,21.0,0.870277
4008.0,22.0,0.79169
4008.0,23.0,0.772535
4008.0,24.0,0.554819
4008.0,25.0,0.527024
4008.0,26.0,0.426398
4008.0,27.0,1.0
4008.0,28.0,1.0
4008.0,29.0,0.852927
4008.0,30.0,1.0
4008.0,31.0,0.761062
4008.0,32.0,0.630683
4008.0,33.0,0.173538
4008.0,34.0,0.843142
4008.0,35.0,0.595553
4008.0,36.0,1.0
4009.0,0.0,0.535742
4009.0,1.0,1.0
4009.0,2.0,0.732835
4009.0,3.0,0.843076
4009.0,4.0,0.946499
4009.0,5.0,1.0
4009.0,6.0,1.0
4009.0,7.0,1.0
4009.0,8.0,0.24559
4009.0,9.0,0.999836
4009.0,10.0,0.623686
4009.0,11.0,1.0
4009.0,12.0,0.477143
4009.0,13.0,0.393503
4009.0,14.0,0.90743
4009.0,15.0,0.651907
4009.0,16.0,0.699141
4009.0,17.0,0.746986
4009.0,18.0,0.505663
4009.0,19.0,0.419231
4009.0,20.0,0.991693
4009.0,21.0,0.868228
4009.0,22.0,0.763457
4009.0,23.0,0.750085
4009.0,24.0,0.551549
4009.0,25.0,0.539386
4009.0,26.0,0.393278
4009.0,27.0,1.0
4009.0,28.0,1.0
4009.0,29.0,0.848276
4009.0,30.0,1.0
4009.0,31.0,0.751797
4009.0,32.0,0.620581
4009.0,33.0,0.167184
4009.0,34.0,0.842009
4009.0,35.0,0.550985
4009.0,36.0,1.0
4010.0,0.0,0.515629
4010.0,1.0,1.0
4010.0,2.0,0.730963
4010.0,3.0,0.84118
4010.0,4.0,0.942872
4010.0,5.0,1.0
4010.0,6.0,1.0
4010.0,7.0,1.0
4010.0,8.0,0.244385
4010.0,9.0,0.999862
4010.0,10.0,0.621023
4010.0,11.0,1.0
4010.0,12.0,0.455435
4010.0,13.0,0.389596
4010.0,14.0,0.906586
4010.0,15.0,0.627465
4010.0,16.0,0.692161
4010.0,17.0,0.575367
4010.0,18.0,0.501981
4010.0,19.0,0.418588
4010.0,20.0,0.991757
4010.0,21.0,0.866151
4010.0,22.0,0.740467
4010.0,23.0,0.732237
4010.0,24.0,0.549475
4010.0,25.0,0.569449
4010.0,26.0,0.369903
4010.0,27.0,1.0
4010.0,28.0,1.0
4010.0,29.0,0.844558
4010.0,30.0,1.0
4010.0,31.0,0.744322
4010.0,32.0,0.611754
4010.0,33.0,0.162053
4010.0,34.0,0.841625
4010.0,35.0,0.518899
4010.0,36.0,1.0
5000.0,0.0,0.526502
5000.0,1.0,1.0
5000.0,2.0,0.735971
5000.0,3.0,0.855222
5000.0,4.0,0.939612
5000.0,5.0,1.0
5000.0,6.0,1.0
5000.0,7.0,1.0
5000.0,8.0,0.257922
5000.0,9.0,1.0
5000.0,10.0,0.610538
5000.0,11.0,1.0
5000.0,12.0,0.455978
5000.0,13.0,0.395642
5000.0,14.0,0.933145
5000.0,15.0,0.62779
5000.0,16.0,0.673095
5000.0,17.0,0.571046
5000.0,18.0,0.517358
5000.0,19.0,0.41818
5000.0,20.0,0.998376
5000.0,21.0,0.903407
5000.0,22.0,0.739064
5000.0,23.0,0.737851
5000.0,24.0,0.54461
5000.0,25.0,0.565119
5000.0,26.0,0.376745
5000.0,27.0,1.0
5000.0,28.0,1.0
5000.0,29.0,0.847303
5000.0,30.0,1.0
5000.0,31.0,0.781816
5000.0,32.0,0.603087
5000.0,33.0,0.153265
5000.0,34.0,0.882166
5000.0,35.0,0.504161
5000.0,36.0,1.0
5001.0,0.0,0.532337
5001.0,1.0,1.0
5001.0,2.0,0.736048
5001.0,3.0,0.855346
5001.0,4.0,0.940977
5001.0,5.0,1.0
5001.0,6.0,1.0
5001.0,7.0,1.0
5001.0,8.0,0.258589
5001.0,9.0,1.0
5001.0,10.0,0.610977
5001.0,11.0,1.0
5001.0,12.0,0.462137
5001.0,13.0,0.39636
5001.0,14.0,0.932834
5001.0,15.0,0.635102
5001.0,16.0,0.675254
5001.0,17.0,0.633888
5001.0,18.0,0.518461
5001.0,19.0,0.417946
5001.0,20.0,0.998471
5001.0,21.0,0.903848
5001.0,22.0,0.746017
5001.0,23.0,0.743241
5001.0,24.0,0.544399
5001.0,25.0,0.552206
5001.0,26.0,0.38382
5001.0,27.0,1.0
5001.0,28.0,1.0
5001.0,29.0,0.848038
5001.0,30.0,1.0
5001.0,31.0,0.783703
5001.0,32.0,0.604665
5001.0,33.0,0.154178
5001.0,34.0,0.881731
5001.0,35.0,0.512692
5001.0,36.0,1.0
5002.0,0.0,0.537692
5002.0,1.0,1.0
5002.0,2.0,0.736878
5002.0,3.0,0.855748
5002.0,4.0,0.942538
5002.0,5.0,1.0
5002.0,6.0,1.0
5002.0,7.0,1.0
5002.0,8.0,0.25941
5002.0,9.0,1.0
5002.0,10.0,0.612115
5002.0,11.0,1.0
5002.0,12.0,0.469079
5002.0,13.0,0.396948
5002.0,14.0,0.932903
5002.0,15.0,0.642724
5002.0,16.0,0.677704
5002.0,17.0,0.688056
5002.0,18.0,0.52018
5002.0,19.0,0.418523
5002.0,20.0,0.998488
5002.0,21.0,0.903931
5002.0,22.0,0.75303
5002.0,23.0,0.748333
5002.0,24.0,0.545024
5002.0,25.0,0.542271
5002.0,26.0,0.390071
5002.0,27.0,1.0
5002.0,28.0,1.0
5002.0,29.0,0.84937
5002.0,30.0,1.0
5002.0,31.0,0.785763
5002.0,32.0,0.607382
5002.0,33.0,0.155949
5002.0,34.0,0.881949
5002.0,35.0,0.52181
5002.0,36.0,1.0
5003.0,0.0,0.543646
5003.0,1.0,1.0
5003.0,2.0,0.736997
5003.0,3.0,0.856183
5003.0,4.0,0.943622
5003.0,5.0,1.0
5003.0,6.0,1.0
5003.0,7.0,1.0
5003.0,8.0,0.259722
5003.0,9.0,1.0
5003.0,10.0,0.613111
5003.0,11.0,1.0
5003.0,12.0,0.475706
5003.0,13.0,0.398024
5003.0,14.0,0.933193
5003.0,15.0,0.649558
5003.0,16.0,0.678684
5003.0,17.0,0.735788
5003.0,18.0,0.521354
5003.0,19.0,0.418651
5003.0,20.0,0.99849
5003.0,21.0,0.904541
5003.0,22.0,0.760391
5003.0,23.0,0.753478
5003.0,24.0,0.545719
5003.0,25.0,0.535226
5003.0,26.0,0.397326
5003.0,27.0,1.0
5003.0,28.0,1.0
5003.0,29.0,0.850588
5003.0,30.0,1.0
5003.0,31.0,0.787975
5003.0,32.0,0.611068
5003.0,33.0,0.157348
5003.0,34.0,0.882238
5003.0,35.0,0.53181
5003.0,36.0,1.0
5004.0,0.0,0.549766
5004.0,1.0,1.0
5004.0,2.0,0.737293
5004.0,3.0,0.857207
5004.0,4.0,0.944545
5004.0,5.0,1.0
5004.0,6.0,1.0
5004.0,7.0,1.0
5004.0,8.0,0.260319
5004.0,9.0,1.0
5004.0,10.0,0.613336
5004.0,11.0,1.0
5004.0,12.0,0.481896
5004.0,13.0,0.398602
5004.0,14.0,0.933556
5004.0,15.0,0.657104
5004.0,16.0,0.680765
5004.0,17.0,0.775862
5004.0,18.0,0.522382
5004.0,19.0,0.419181
5004.0,20.0,0.998525
5004.0,21.0,0.904562
5004.0,22.0,0.766493
5004.0,23.0,0.758795
5004.0,24.0,0.546833
5004.0,25.0,0.530656
5004.0,26.0,0.404276
5004.0,27.0,1.0
5004.0,28.0,1.0
5004.0,29.0,0.851945
5004.0,30.0,1.0
5004.0,31.0,0.790364
5004.0,32.0,0.613402
5004.0,33.0,0.158623
5004.0,34.0,0.882006
5004.0,35.0,0.541044
5004.0,36.0,1.0
5005.0,0.0,0.556134
5005.0,1.0,1.0
5005.0,2.0,0.737627
5005.0,3.0,0.857947
5005.0,4.0,0.945416
5005.0,5.0,1.0
5005.0,6.0,1.0
5005.0,7.0,1.0
5005.0,8.0,0.260646
5005.0,9.0,1.0
5005.0,10.0,0.614484
5005.0,11.0,1.0
5005.0,12.0,0.48811
5005.0,13.0,0.400228
5005.0,14.0,0.933652
5005.0,15.0,0.664559
5005.0,16.0,0.682448
5005.0,17.0,0.809682
5005.0,18.0,0.524179
5005.0,19.0,0.419027
5005.0,20.0,0.998526
5005.0,21.0,0.904888
5005.0,22.0,0.773239
5005.0,23.0,0.763704
5005.0,24.0,0.54824
5005.0,25.0,0.52677
5005.0,26.0,0.412428
5005.0,27.0,1.0
5005.0,28.0,1.0
5005.0,29.0,0.852843
5005.0,30.0,1.0
5005.0,31.0,0.792165
5005.0,32.0,0.615634
5005.0,33.0,0.160245
5005.0,34.0,0.881693
5005.0,35.0,0.550772
5005.0,36.0,1.0
5006.0,0.0,0.561481
5006.0,1.0,1.0
5006.0,2.0,0.737618
5006.0,3.0,0.858012
5006.0,4.0,0.946418
5006.0,5.0,1.0
5006.0,6.0,1.0
5006.0,7.0,1.0
5006.0,8.0,0.26125
5006.0,9.0,1.0
5006.0,10.0,0.615118
5006.0,11.0,1.0
5006.0,12.0,0.495324
5006.0,13.0,0.400736
5006.0,14.0,0.93393
5006.0,15.0,0.671133
5006.0,16.0,0.684763
5006.0,17.0,0.838527
5006.0,18.0,0.526346
5006.0,19.0,0.419251
5006.0,20.0,0.998481
5006.0,21.0,0.905655
5006.0,22.0,0.77966
5006.0,23.0,0.768771
5006.0,24.0,0.548658
5006.0,25.0,0.525088
5006.0,26.0,0.420247
5006.0,27.0,1.0
5006.0,28.0,1.0
5006.0,29.0,0.853755
5006.0,30.0,1.0
5006.0,31.0,0.793543
5006.0,32.0,0.618366
5006.0,33.0,0.161938
5006.0,34.0,0.881644
5006.0,35.0,0.559976
5006.0,36.0,1.0
5007.0,0.0,0.567381
5007.0,1.0,1.0
5007.0,2.0,0.738123
5007.0,3.0,0.858021
5007.0,4.0,0.947599
5007.0,5.0,1.0
5007.0,6.0,1.0
5007.0,7.0,1.0
5007.0,8.0,0.261508
5007.0,9.0,1.0
5007.0,10.0,0.61592
5007.0,11.0,1.0
5007.0,12.0,0.501698
5007.0,13.0,0.402683
5007.0,14.0,0.934211
5007.0,15.0,0.677691
5007.0,16.0,0.68588
5007.0,17.0,0.862669
5007.0,18.0,0.527709
5007.0,19.0,0.41936
5007.0,20.0,0.998485
5007.0,21.0,0.906271
5007.0,22.0,0.785605
5007.0,23.0,0.772425
5007.0,24.0,0.548602
5007.0,25.0,0.524222
5007.0,26.0,0.427231
5007.0,27.0,1.0
5007.0,28.0,1.0
5007.0,29.0,0.854808
5007.0,30.0,1.0
5007.0,31.0,0.795325
5007.0,32.0,0.620113
5007.0,33.0,0.163331
5007.0,34.0,0.881959
5007.0,35.0,0.569951
5007.0,36.0,1.0
5008.0,0.0,0.57303
5008.0,1.0,1.0
5008.0,2.0,0.737613
5008.0,3.0,0.85791
5008.0,4.0,0.949134
5008.0,5.0,1.0
5008.0,6.0,1.0
5008.0,7.0,1.0
5008.0,8.0,0.262323
5008.0,9.0,1.0
5008.0,10.0,0.616783
5008.0,11.0,1.0
5008.0,12.0,0.508529
5008.0,13.0,0.404182
5008.0,14.0,0.934692
5008.0,15.0,0.683147
5008.0,16.0,0.688314
5008.0,17.0,0.883501
5008.0,18.0,0.529284
5008.0,19.0,0.419332
5008.0,20.0,0.998453
5008.0,21.0,0.906662
5008.0,22.0,0.791359
5008.0,23.0,0.776106
5008.0,24.0,0.549231
5008.0,25.0,0.524985
5008.0,26.0,0.435548
5008.0,27.0,1.0
5008.0,28.0,1.0
5008.0,29.0,0.856007
5008.0,30.0,1.0
5008.0,31.0,0.796903
5008.0,32.0,0.621938
5008.0,33.0,0.165133
5008.0,34.0,0.882156
5008.0,35.0,0.580569
5008.0,36.0,1.0
5009.0,0.0,0.546534
5009.0,1.0,1.0
5009.0,2.0,0.736037
5009.0,3.0,0.85667
5009.0,4.0,0.943861
5009.0,5.0,1.0
5009.0,6.0,1.0
5009.0,7.0,1.0
5009.0,8.0,0.258217
5009.0,9.0,1.0
5009.0,10.0,0.611655
5009.0,11.0,1.0
5009.0,12.0,0.477908
5009.0,13.0,0.39809
5009.0,14.0,0.934007
5009.0,15.0,0.650415
5009.0,16.0,0.679012
5009.0,17.0,0.746035
5009.0,18.0,0.523561
5009.0,19.0,0.418423
5009.0,20.0,0.998348
5009.0,21.0,0.904971
5009.0,22.0,0.76162
5009.0,23.0,0.754492
5009.0,24.0,0.547998
5009.0,25.0,0.536476
5009.0,26.0,0.4018
5009.0,27.0,1.0
5009.0,28.0,1.0
5009.0,29.0,0.851066
5009.0,30.0,1.0
5009.0,31.0,0.787684
5009.0,32.0,0.610775
5009.0,33.0,0.159065
5009.0,34.0,0.88111
5009.0,35.0,0.53613
5009.0,36.0,1.0
5010.0,0.0,0.526544
5010.0,1.0,1.0
5010.0,2.0,0.733925
5010.0,3.0,0.854407
5010.0,4.0,0.939559
5010.0,5.0,1.0
5010.0,6.0,1.0
5010.0,7.0,1.0
5010.0,8.0,0.256076
5010.0,9.0,1.0
5010.0,10.0,0.608063
5010.0,11.0,1.0
5010.0,12.0,0.455609
5010.0,13.0,0.394183
5010.0,14.0,0.933379
5010.0,15.0,0.624894
5010.0,16.0,0.672995
5010.0,17.0,0.57314
5010.0,18.0,0.518839
5010.0,19.0,0.418067
5010.0,20.0,0.998247
5010.0,21.0,0.903792
5010.0,22.0,0.738275
5010.0,23.0,0.736543
5010.0,24.0,0.545868
5010.0,25.0,0.565083
5010.0,26.0,0.377598
5010.0,27.0,1.0
5010.0,28.0,1.0
5010.0,29.0,0.847175
5010.0,30.0,1.0
5010.0,31.0,0.780344
5010.0,32.0,0.601906
5010.0,33.0,0.155028
5010.0,34.0,0.881342
5010.0,35.0,0.504256
5010.0,36.0,1.0
6000.0,0.0,0.515739
6000.0,1.0,1.0
6000.0,2.0,0.733559
6000.0,3.0,0.860247
6000.0,4.0,0.944678
6000.0,5.0,1.0
6000.0,6.0,1.0
6000.0,7.0,1.0
6000.0,8.0,0.262975
6000.0,9.0,1.0
6000.0,10.0,0.595553
6000.0,11.0,1.0
6000.0,12.0,0.45614
6000.0,13.0,0.402973
6000.0,14.0,0.961182
6000.0,15.0,0.627045
6000.0,16.0,0.685185
6000.0,17.0,0.575078
6000.0,18.0,0.526284
6000.0,19.0,0.408723
6000.0,20.0,0.998763
6000.0,21.0,0.930644
6000.0,22.0,0.741544
6000.0,23.0,0.739719
6000.0,24.0,0.544524
6000.0,25.0,0.566346
6000.0,26.0,0.367684
6000.0,27.0,1.0
6000.0,28.0,1.0
6000.0,29.0,0.846808
6000.0,30.0,1.0
6000.0,31.0,0.820863
6000.0,32.0,0.58844
6000.0,33.0,0.14302
6000.0,34.0,0.900882
6000.0,35.0,0.483785
6000.0,36.0,1.0
6001.0,0.0,0.519942
6001.0,1.0,1.0
6001.0,2.0,0.733865
6001.0,3.0,0.860143
6001.0,4.0,0.945758
6001.0,5.0,1.0
6001.0,6.0,1.0
6001.0,7.0,1.0
6001.0,8.0,0.263326
6001.0,9.0,1.0
6001.0,10.0,0.596501
6001.0,11.0,1.0
6001.0,12.0,0.462459
6001.0,13.0,0.404889
6001.0,14.0,0.961254
6001.0,15.0,0.633687
6001.0,16.0,0.687143
6001.0,17.0,0.637776
6001.0,18.0,0.527688
6001.0,19.0,0.408218
6001.0,20.0,0.998764
6001.0,21.0,0.931024
6001.0,22.0,0.748539
6001.0,23.0,0.745212
6001.0,24.0,0.545522
6001.0,25.0,0.553949
6001.0,26.0,0.373117
6001.0,27.0,1.0
6001.0,28.0,1.0
6001.0,29.0,0.8477
6001.0,30.0,1.0
6001.0,31.0,0.82292
6001.0,32.0,0.59128
6001.0,33.0,0.144364
6001.0,34.0,0.901143
6001.0,35.0,0.491388
6001.0,36.0,1.0
6002.0,0.0,0.526182
6002.0,1.0,1.0
6002.0,2.0,0.73423
6002.0,3.0,0.860705
6002.0,4.0,0.94699
6002.0,5.0,1.0
6002.0,6.0,1.0
6002.0,7.0,1.0
6002.0,8.0,0.263627
6002.0,9.0,1.0
6002.0,10.0,0.597559
6002.0,11.0,1.0
6002.0,12.0,0.469936
6002.0,13.0,0.40578
6002.0,14.0,0.961534
6002.0,15.0,0.641089
6002.0,16.0,0.689695
6002.0,17.0,0.69178
6002.0,18.0,0.529232
6002.0,19.0,0.407828
6002.0,20.0,0.998802
6002.0,21.0,0.931216
6002.0,22.0,0.754971
6002.0,23.0,0.74982
6002.0,24.0,0.546295
6002.0,25.0,0.545053
6002.0,26.0,0.380082
6002.0,27.0,1.0
6002.0,28.0,1.0
6002.0,29.0,0.849197
6002.0,30.0,1.0
6002.0,31.0,0.824403
6002.0,32.0,0.59436
6002.0,33.0,0.146086
6002.0,34.0,0.901277
6002.0,35.0,0.500373
6002.0,36.0,1.0
6003.0,0.0,0.532495
6003.0,1.0,1.0
6003.0,2.0,0.734954
6003.0,3.0,0.86083
6003.0,4.0,0.948104
6003.0,5.0,1.0
6003.0,6.0,1.0
6003.0,7.0,1.0
6003.0,8.0,0.263674
6003.0,9.0,1.0
6003.0,10.0,0.598004
6003.0,11.0,1.0
6003.0,12.0,0.476134
6003.0,13.0,0.407805
6003.0,14.0,0.961809
6003.0,15.0,0.648124
6003.0,16.0,0.69212
6003.0,17.0,0.738275
6003.0,18.0,0.531039
6003.0,19.0,0.408645
6003.0,20.0,0.998718
6003.0,21.0,0.931374
6003.0,22.0,0.761548
6003.0,23.0,0.755129
6003.0,24.0,0.54648
6003.0,25.0,0.537309
6003.0,26.0,0.387574
6003.0,27.0,1.0
6003.0,28.0,1.0
6003.0,29.0,0.850614
6003.0,30.0,1.0
6003.0,31.0,0.826123
6003.0,32.0,0.596522
6003.0,33.0,0.147975
6003.0,34.0,0.90097
6003.0,35.0,0.509931
6003.0,36.0,1.0
6004.0,0.0,0.538533
6004.0,1.0,1.0
6004.0,2.0,0.73586
6004.0,3.0,0.861629
6004.0,4.0,0.949539
6004.0,5.0,1.0
6004.0,6.0,1.0
6004.0,7.0,1.0
6004.0,8.0,0.264395
6004.0,9.0,1.0
6004.0,10.0,0.600371
6004.0,11.0,1.0
6004.0,12.0,0.482578
6004.0,13.0,0.409717
6004.0,14.0,0.962124
6004.0,15.0,0.654681
6004.0,16.0,0.69515
6004.0,17.0,0.778175
6004.0,18.0,0.532872
6004.0,19.0,0.408875
6004.0,20.0,0.998733
6004.0,21.0,0.931392
6004.0,22.0,0.768077
6004.0,23.0,0.760594
6004.0,24.0,0.547631
6004.0,25.0,0.531626
6004.0,26.0,0.394952
6004.0,27.0,1.0
6004.0,28.0,1.0
6004.0,29.0,0.852257
6004.0,30.0,1.0
6004.0,31.0,0.827512
6004.0,32.0,0.599388
6004.0,33.0,0.149482
6004.0,34.0,0.900536
6004.0,35.0,0.519322
6004.0,36.0,1.0
6005.0,0.0,0.544961
6005.0,1.0,1.0
6005.0,2.0,0.736504
6005.0,3.0,0.861793
6005.0,4.0,0.951085
6005.0,5.0,1.0
6005.0,6.0,1.0
6005.0,7.0,1.0
6005.0,8.0,0.265722
6005.0,9.0,1.0
6005.0,10.0,0.601306
6005.0,11.0,1.0
6005.0,12.0,0.489396
6005.0,13.0,0.411078
6005.0,14.0,0.962177
6005.0,15.0,0.661992
6005.0,16.0,0.697304
6005.0,17.0,0.811753
6005.0,18.0,0.534305
6005.0,19.0,0.409176
6005.0,20.0,0.998695
6005.0,21.0,0.931971
6005.0,22.0,0.774585
6005.0,23.0,0.765552
6005.0,24.0,0.548486
6005.0,25.0,0.527788
6005.0,26.0,0.402821
6005.0,27.0,1.0
6005.0,28.0,1.0
6005.0,29.0,0.853229
6005.0,30.0,1.0
6005.0,31.0,0.828862
6005.0,32.0,0.602405
6005.0,33.0,0.150759
6005.0,34.0,0.90047
6005.0,35.0,0.529125
6005.0,36.0,1.0
6006.0,0.0,0.55149
6006.0,1.0,1.0
6006.0,2.0,0.737297
6006.0,3.0,0.861575
6006.0,4.0,0.952387
6006.0,5.0,1.0
6006.0,6.0,1.0
6006.0,7.0,1.0
6006.0,8.0,0.26599
6006.0,9.0,1.0
6006.0,10.0,0.602571
6006.0,11.0,1.0
6006.0,12.0,0.496159
6006.0,13.0,0.412704
6006.0,14.0,0.962032
6006.0,15.0,0.668792
6006.0,16.0,0.699156
6006.0,17.0,0.839736
6006.0,18.0,0.536082
6006.0,19.0,0.408924
6006.0,20.0,0.998699
6006.0,21.0,0.932526
6006.0,22.0,0.781205
6006.0,23.0,0.769885
6006.0,24.0,0.550218
6006.0,25.0,0.526371
6006.0,26.0,0.410165
6006.0,27.0,1.0
6006.0,28.0,1.0
6006.0,29.0,0.854037
6006.0,30.0,1.0
6006.0,31.0,0.830529
6006.0,32.0,0.605242
6006.0,33.0,0.152479
6006.0,34.0,0.900489
6006.0,35.0,0.537524
6006.0,36.0,1.0
6007.0,0.0,0.557514
6007.0,1.0,1.0
6007.0,2.0,0.737434
6007.0,3.0,0.862456
6007.0,4.0,0.953324
6007.0,5.0,1.0
6007.0,6.0,1.0
6007.0,7.0,1.0
6007.0,8.0,0.266791
6007.0,9.0,1.0
6007.0,10.0,0.603314
6007.0,11.0,1.0
6007.0,12.0,0.502386
6007.0,13.0,0.414224
6007.0,14.0,0.962464
6007.0,15.0,0.675769
6007.0,16.0,0.70141
6007.0,17.0,0.8639
6007.0,18.0,0.537625
6007.0,19.0,0.409505
6007.0,20.0,0.998762
6007.0,21.0,0.932668
6007.0,22.0,0.787505
6007.0,23.0,0.774339
6007.0,24.0,0.551174
6007.0,25.0,0.525282
6007.0,26.0,0.417987
6007.0,27.0,1.0
6007.0,28.0,1.0
6007.0,29.0,0.854769
6007.0,30.0,1.0
6007.0,31.0,0.831983
6007.0,32.0,0.607528
6007.0,33.0,0.153966
6007.0,34.0,0.900961
6007.0,35.0,0.547656
6007.0,36.0,1.0
6008.0,0.0,0.563591
6008.0,1.0,1.0
6008.0,2.0,0.737742
6008.0,3.0,0.862864
6008.0,4.0,0.954038
6008.0,5.0,1.0
6008.0,6.0,1.0
6008.0,7.0,1.0
6008.0,8.0,0.266941
6008.0,9.0,1.0
6008.0,10.0,0.603468
6008.0,11.0,1.0
6008.0,12.0,0.508425
6008.0,13.0,0.415807
6008.0,14.0,0.962351
6008.0,15.0,0.682957
6008.0,16.0,0.703221
6008.0,17.0,0.884106
6008.0,18.0,0.539244
6008.0,19.0,0.408651
6008.0,20.0,0.99879
6008.0,21.0,0.932875
6008.0,22.0,0.792969
6008.0,23.0,0.779282
6008.0,24.0,0.551508
6008.0,25.0,0.525958
6008.0,26.0,0.425319
6008.0,27.0,1.0
6008.0,28.0,1.0
6008.0,29.0,0.855735
6008.0,30.0,1.0
6008.0,31.0,0.834143
6008.0,32.0,0.610398
6008.0,33.0,0.155786
6008.0,34.0,0.901727
6008.0,35.0,0.556347
6008.0,36.0,1.0
6009.0,0.0,0.53567
6009.0,1.0,1.0
6009.0,2.0,0.736127
6009.0,3.0,0.861168
6009.0,4.0,0.94944
6009.0,5.0,1.0
6009.0,6.0,1.0
6009.0,7.0,1.0
6009.0,8.0,0.263875
6009.0,9.0,1.0
6009.0,10.0,0.59947
6009.0,11.0,1.0
6009.0,12.0,0.477389
6009.0,13.0,0.411729
6009.0,14.0,0.962325
6009.0,15.0,0.650605
6009.0,16.0,0.693802
6009.0,17.0,0.746735
6009.0,18.0,0.532476
6009.0,19.0,0.407474
6009.0,20.0,0.998809
6009.0,21.0,0.932085
6009.0,22.0,0.764163
6009.0,23.0,0.757394
6009.0,24.0,0.549539
6009.0,25.0,0.537172
6009.0,26.0,0.391957
6009.0,27.0,1.0
6009.0,28.0,1.0
6009.0,29.0,0.850534
6009.0,30.0,1.0
6009.0,31.0,0.826611
6009.0,32.0,0.599413
6009.0,33.0,0.149194
6009.0,34.0,0.901217
6009.0,35.0,0.513512
6009.0,36.0,1.0
6010.0,0.0,0.514844
6010.0,1.0,1.0
6010.0,2.0,0.735531
6010.0,3.0,0.859889
6010.0,4.0,0.945271
6010.0,5.0,1.0
6010.0,6.0,1.0
6010.0,7.0,1.0
6010.0,8.0,0.261278
6010.0,9.0,1.0
6010.0,10.0,0.596497
6010.0,11.0,1.0
6010.0,12.0,0.454694
6010.0,13.0,0.408024
6010.0,14.0,0.962074
6010.0,15.0,0.625188
6010.0,16.0,0.687379
6010.0,17.0,0.576053
6010.0,18.0,0.52822
6010.0,19.0,0.405039
6010.0,20.0,0.998765
6010.0,21.0,0.930641
6010.0,22.0,0.740214
6010.0,23.0,0.739383
6010.0,24.0,0.545927
6010.0,25.0,0.566558
6010.0,26.0,0.369259
6010.0,27.0,1.0
6010.0,28.0,1.0
6010.0,29.0,0.846176
6010.0,30.0,1.0
6010.0,31.0,0.820311
6010.0,32.0,0.590458
6010.0,33.0,0.144788
6010.0,34.0,0.900655
6010.0,35.0,0.483156
6010.0,36.0,1.0
7000.0,0.0,0.524243
7000.0,1.0,1.0
7000.0,2.0,0.738484
7000.0,3.0,0.84826
7000.0,4.0,0.943588
7000.0,5.0,1.0
7000.0,6.0,1.0
7000.0,7.0,1.0
7000.0,8.0,0.258608
7000.0,9.0,1.0
7000.0,10.0,0.603679
7000.0,11.0,1.0
7000.0,12.0,0.454463
7000.0,13.0,0.406799
7000.0,14.0,0.97926
7000.0,15.0,0.624478
7000.0,16.0,0.684841
7000.0,17.0,0.575705
7000.0,18.0,0.511971
7000.0,19.0,0.413641
7000.0,20.0,0.999415
7000.0,21.0,0.947117
7000.0,22.0,0.732399
7000.0,23.0,0.737241
7000.0,24.0,0.532385
7000.0,25.0,0.562901
7000.0,26.0,0.368809
7000.0,27.0,1.0
7000.0,28.0,1.0
7000.0,29.0,0.850483
7000.0,30.0,1.0
7000.0,31.0,0.841435
7000.0,32.0,0.5987
7000.0,33.0,0.147374
7000.0,34.0,0.913257
7000.0,35.0,0.481234
7000.0,36.0,1.0
7001.0,0.0,0.529468
7001.0,1.0,1.0
7001.0,2.0,0.738996
7001.0,3.0,0.848205
7001.0,4.0,0.945379
7001.0,5.0,1.0
7001.0,6.0,1.0
7001.0,7.0,1.0
7001.0,8.0,0.259322
7001.0,9.0,1.0
7001.0,10.0,0.60435
7001.0,11.0,1.0
7001.0,12.0,0.460318
7001.0,13.0,0.407995
7001.0,14.0,0.97916
7001.0,15.0,0.631978
7001.0,16.0,0.686602
7001.0,17.0,0.638178
7001.0,18.0,0.513203
7001.0,19.0,0.413599
7001.0,20.0,0.999412
7001.0,21.0,0.947525
7001.0,22.0,0.73874
7001.0,23.0,0.742654
7001.0,24.0,0.53289
7001.0,25.0,0.550325
7001.0,26.0,0.374614
7001.0,27.0,1.0
7001.0,28.0,1.0
7001.0,29.0,0.851469
7001.0,30.0,1.0
7001.0,31.0,0.843015
7001.0,32.0,0.601906
7001.0,33.0,0.148338
7001.0,34.0,0.913323
7001.0,35.0,0.488897
7001.0,36.0,1.0
7002.0,0.0,0.53565
7002.0,1.0,1.0
7002.0,2.0,0.739898
7002.0,3.0,0.848933
7002.0,4.0,0.946524
7002.0,5.0,1.0
7002.0,6.0,1.0
7002.0,7.0,1.0
7002.0,8.0,0.258752
7002.0,9.0,1.0
7002.0,10.0,0.604641
7002.0,11.0,1.0
7002.0,12.0,0.466815
7002.0,13.0,0.408566
7002.0,14.0,0.979271
7002.0,15.0,0.64013
7002.0,16.0,0.689337
7002.0,17.0,0.692824
7002.0,18.0,0.514513
7002.0,19.0,0.41389
7002.0,20.0,0.999367
7002.0,21.0,0.947695
7002.0,22.0,0.746166
7002.0,23.0,0.747657
7002.0,24.0,0.532317
7002.0,25.0,0.540809
7002.0,26.0,0.381189
7002.0,27.0,1.0
7002.0,28.0,1.0
7002.0,29.0,0.852584
7002.0,30.0,1.0
7002.0,31.0,0.844538
7002.0,32.0,0.604452
7002.0,33.0,0.149436
7002.0,34.0,0.913154
7002.0,35.0,0.497873
7002.0,36.0,1.0
7003.0,0.0,0.541611
7003.0,1.0,1.0
7003.0,2.0,0.740165
7003.0,3.0,0.849087
7003.0,4.0,0.947834
7003.0,5.0,1.0
7003.0,6.0,1.0
7003.0,7.0,1.0
7003.0,8.0,0.258775
7003.0,9.0,1.0
7003.0,10.0,0.606009
7003.0,11.0,1.0
7003.0,12.0,0.473393
7003.0,13.0,0.410252
7003.0,14.0,0.979133
7003.0,15.0,0.647029
7003.0,16.0,0.691406
7003.0,17.0,0.739154
7003.0,18.0,0.515635
7003.0,19.0,0.412792
7003.0,20.0,0.999377
7003.0,21.0,0.94784
7003.0,22.0,0.753084
7003.0,23.0,0.753
7003.0,24.0,0.534162
7003.0,25.0,0.53399
7003.0,26.0,0.3887
7003.0,27.0,1.0
7003.0,28.0,1.0
7003.0,29.0,0.853827
7003.0,30.0,1.0
7003.0,31.0,0.8455
7003.0,32.0,0.60677
7003.0,33.0,0.15129
7003.0,34.0,0.913399
7003.0,35.0,0.506951
7003.0,36.0,1.0
7004.0,0.0,0.547542
7004.0,1.0,1.0
7004.0,2.0,0.740151
7004.0,3.0,0.849419
7004.0,4.0,0.948952
7004.0,5.0,1.0
7004.0,6.0,1.0
7004.0,7.0,1.0
7004.0,8.0,0.258038
7004.0,9.0,1.0
7004.0,10.0,0.607442
7004.0,11.0,1.0
7004.0,12.0,0.481064
7004.0,13.0,0.411204
7004.0,14.0,0.979177
7004.0,15.0,0.65484
7004.0,16.0,0.694454
7004.0,17.0,0.778981
7004.0,18.0,0.517114
7004.0,19.0,0.413087
7004.0,20.0,0.999392
7004.0,21.0,0.947845
7004.0,22.0,0.760314
7004.0,23.0,0.757889
7004.0,24.0,0.534402
7004.0,25.0,0.529204
7004.0,26.0,0.3957
7004.0,27.0,1.0
7004.0,28.0,1.0
7004.0,29.0,0.854678
7004.0,30.0,1.0
7004.0,31.0,0.846469
7004.0,32.0,0.60987
7004.0,33.0,0.152779
7004.0,34.0,0.913398
7004.0,35.0,0.516398
7004.0,36.0,1.0
7005.0,0.0,0.553829
7005.0,1.0,1.0
7005.0,2.0,0.740322
7005.0,3.0,0.850122
7005.0,4.0,0.949526
7005.0,5.0,1.0
7005.0,6.0,1.0
7005.0,7.0,1.0
7005.0,8.0,0.258934
7005.0,9.0,1.0
7005.0,10.0,0.608589
7005.0,11.0,1.0
7005.0,12.0,0.48805
7005.0,13.0,0.412203
7005.0,14.0,0.979212
7005.0,15.0,0.662685
7005.0,16.0,0.697621
7005.0,17.0,0.81314
7005.0,18.0,0.517545
7005.0,19.0,0.413271
7005.0,20.0,0.999368
7005.0,21.0,0.947818
7005.0,22.0,0.767566
7005.0,23.0,0.76364
7005.0,24.0,0.535411
7005.0,25.0,0.526293
7005.0,26.0,0.402641
7005.0,27.0,1.0
7005.0,28.0,1.0
7005.0,29.0,0.856217
7005.0,30.0,1.0
7005.0,31.0,0.848096
7005.0,32.0,0.612974
7005.0,33.0,0.154324
7005.0,34.0,0.913323
7005.0,35.0,0.525811
7005.0,36.0,1.0
7006.0,0.0,0.559478
7006.0,1.0,1.0
7006.0,2.0,0.740719
7006.0,3.0,0.850656
7006.0,4.0,0.95048
7006.0,5.0,1.0
7006.0,6.0,1.0
7006.0,7.0,1.0
7006.0,8.0,0.259008
7006.0,9.0,1.0
7006.0,10.0,0.60956
7006.0,11.0,1.0
7006.0,12.0,0.495507
7006.0,13.0,0.412628
7006.0,14.0,0.979243
7006.0,15.0,0.669834
7006.0,16.0,0.700518
7006.0,17.0,0.84072
7006.0,18.0,0.519213
7006.0,19.0,0.413668
7006.0,20.0,0.99938
7006.0,21.0,0.94791
7006.0,22.0,0.77292
7006.0,23.0,0.7682
7006.0,24.0,0.536945
7006.0,25.0,0.525065
7006.0,26.0,0.40947
7006.0,27.0,1.0
7006.0,28.0,1.0
7006.0,29.0,0.857797
7006.0,30.0,1.0
7006.0,31.0,0.84972
7006.0,32.0,0.614906
7006.0,33.0,0.156112
7006.0,34.0,0.913412
7006.0,35.0,0.535026
7006.0,36.0,1.0
7007.0,0.0,0.564969
7007.0,1.0,1.0
7007.0,2.0,0.740573
7007.0,3.0,0.850692
7007.0,4.0,0.951583
7007.0,5.0,1.0
7007.0,6.0,1.0
7007.0,7.0,1.0
7007.0,8.0,0.260014
7007.0,9.0,1.0
7007.0,10.0,0.610711
7007.0,11.0,1.0
7007.0,12.0,0.501805
7007.0,13.0,0.412702
7007.0,14.0,0.979396
7007.0,15.0,0.676688
7007.0,16.0,0.70297
7007.0,17.0,0.8642
7007.0,18.0,0.520358
7007.0,19.0,0.414126
7007.0,20.0,0.999345
7007.0,21.0,0.948368
7007.0,22.0,0.778692
7007.0,23.0,0.77277
7007.0,24.0,0.537288
7007.0,25.0,0.524687
7007.0,26.0,0.416927
7007.0,27.0,1.0
7007.0,28.0,1.0
7007.0,29.0,0.858602
7007.0,30.0,1.0
7007.0,31.0,0.85151
7007.0,32.0,0.617667
7007.0,33.0,0.158111
7007.0,34.0,0.913536
7007.0,35.0,0.545016
7007.0,36.0,1.0
7008.0,0.0,0.571294
7008.0,1.0,1.0
7008.0,2.0,0.741378
7008.0,3.0,0.850896
7008.0,4.0,0.952702
7008.0,5.0,1.0
7008.0,6.0,1.0
7008.0,7.0,1.0
7008.0,8.0,0.260084
7008.0,9.0,1.0
7008.0,10.0,0.612033
7008.0,11.0,1.0
7008.0,12.0,0.508471
7008.0,13.0,0.414211
7008.0,14.0,0.979459
7008.0,15.0,0.683528
7008.0,16.0,0.704577
7008.0,17.0,0.884459
7008.0,18.0,0.522368
7008.0,19.0,0.414095
7008.0,20.0,0.999338
7008.0,21.0,0.948477
7008.0,22.0,0.785124
7008.0,23.0,0.776854
7008.0,24.0,0.537059
7008.0,25.0,0.52465
7008.0,26.0,0.424665
7008.0,27.0,1.0
7008.0,28.0,1.0
7008.0,29.0,0.859483
7008.0,30.0,1.0
7008.0,31.0,0.853771
7008.0,32.0,0.62068
7008.0,33.0,0.159824
7008.0,34.0,0.913437
7008.0,35.0,0.555187
7008.0,36.0,1.0
7009.0,0.0,0.544348
7009.0,1.0,1.0
7009.0,2.0,0.739631
7009.0,3.0,0.849092
7009.0,4.0,0.947696
7009.0,5.0,1.0
7009.0,6.0,1.0
7009.0,7.0,1.0
7009.0,8.0,0.258212
7009.0,9.0,1.0
7009.0,10.0,0.607731
7009.0,11.0,1.0
7009.0,12.0,0.477093
7009.0,13.0,0.408794
7009.0,14.0,0.979357
7009.0,15.0,0.65183
7009.0,16.0,0.695196
7009.0,17.0,0.747535
7009.0,18.0,0.51606
7009.0,19.0,0.412988
7009.0,20.0,0.999317
7009.0,21.0,0.947565
7009.0,22.0,0.755956
7009.0,23.0,0.754688
7009.0,24.0,0.533971
7009.0,25.0,0.535282
7009.0,26.0,0.391605
7009.0,27.0,1.0
7009.0,28.0,1.0
7009.0,29.0,0.854233
7009.0,30.0,1.0
7009.0,31.0,0.846509
7009.0,32.0,0.610291
7009.0,33.0,0.152855
7009.0,34.0,0.912636
7009.0,35.0,0.513144
7009.0,36.0,1.0
7010.0,0.0,0.524242
7010.0,1.0,1.0
7010.0,2.0,0.738687
7010.0,3.0,0.847705
7010.0,4.0,0.943846
7010.0,5.0,1.0
7010.0,6.0,1.0
7010.0,7.0,1.0
7010.0,8.0,0.256882
7010.0,9.0,1.0
7010.0,10.0,0.604422
7010.0,11.0,1.0
7010.0,12.0,0.453583
7010.0,13.0,0.404652
7010.0,14.0,0.979017
7010.0,15.0,0.626741
7010.0,16.0,0.688078
7010.0,17.0,0.576799
7010.0,18.0,0.51219
7010.0,19.0,0.413406
7010.0,20.0,0.999304
7010.0,21.0,0.94723
7010.0,22.0,0.732988
7010.0,23.0,0.736967
7010.0,24.0,0.531191
7010.0,25.0,0.562678
7010.0,26.0,0.368131
7010.0,27.0,1.0
7010.0,28.0,1.0
7010.0,29.0,0.850076
7010.0,30.0,1.0
7010.0,31.0,0.840477
7010.0,32.0,0.601937
7010.0,33.0,0.148128
7010.0,34.0,0.912813
7010.0,35.0,0.48426
7010.0,36.0,1.0
8000.0,0.0,0.514814
8000.0,1.0,1.0
8000.0,2.0,0.724301
8000.0,3.0,0.849635
8000.0,4.0,0.9396
8000.0,5.0,1.0
8000.0,6.0,1.0
8000.0,7.0,1.0
8000.0,8.0,0.257943
8000.0,9.0,1.0
8000.0,10.0,0.607754
8000.0,11.0,1.0
8000.0,12.0,0.449408
8000.0,13.0,0.400909
8000.0,14.0,0.984439
8000.0,15.0,0.628741
8000.0,16.0,0.680643
8000.0,17.0,0.579059
8000.0,18.0,0.507928
8000.0,19.0,0.395534
8000.0,20.0,0.999724
8000.0,21.0,0.95608
8000.0,22.0,0.739914
8000.0,23.0,0.736655
8000.0,24.0,0.535311
8000.0,25.0,0.564642
8000.0,26.0,0.370125
8000.0,27.0,1.0
8000.0,28.0,1.0
8000.0,29.0,0.843234
8000.0,30.0,1.0
8000.0,31.0,0.8713
8000.0,32.0,0.593038
8000.0,33.0,0.145726
8000.0,34.0,0.917611
8000.0,35.0,0.465345
8000.0,36.0,1.0
8001.0,0.0,0.520606
8001.0,1.0,1.0
8001.0,2.0,0.724717
8001.0,3.0,0.850008
8001.0,4.0,0.941509
8001.0,5.0,1.0
8001.0,6.0,1.0
8001.0,7.0,1.0
8001.0,8.0,0.258297
8001.0,9.0,1.0
8001.0,10.0,0.608359
8001.0,11.0,1.0
8001.0,12.0,0.455285
8001.0,13.0,0.40248
8001.0,14.0,0.98438
8001.0,15.0,0.636719
8001.0,16.0,0.682924
8001.0,17.0,0.641188
8001.0,18.0,0.509737
8001.0,19.0,0.395105
8001.0,20.0,0.999723
8001.0,21.0,0.956334
8001.0,22.0,0.747623
8001.0,23.0,0.741966
8001.0,24.0,0.536305
8001.0,25.0,0.552034
8001.0,26.0,0.376843
8001.0,27.0,1.0
8001.0,28.0,1.0
8001.0,29.0,0.844012
8001.0,30.0,1.0
8001.0,31.0,0.871855
8001.0,32.0,0.595998
8001.0,33.0,0.146746
8001.0,34.0,0.917369
8001.0,35.0,0.473007
8001.0,36.0,1.0
8002.0,0.0,0.52597
8002.0,1.0,1.0
8002.0,2.0,0.725132
8002.0,3.0,0.850793
8002.0,4.0,0.942949
8002.0,5.0,1.0
8002.0,6.0,1.0
8002.0,7.0,1.0
8002.0,8.0,0.258351
8002.0,9.0,1.0
8002.0,10.0,0.609474
8002.0,11.0,1.0
8002.0,12.0,0.462572
8002.0,13.0,0.403452
8002.0,14.0,0.984495
8002.0,15.0,0.643391
8002.0,16.0,0.684471
8002.0,17.0,0.69551
8002.0,18.0,0.510925
8002.0,19.0,0.395136
8002.0,20.0,0.99972
8002.0,21.0,0.956024
8002.0,22.0,0.754687
8002.0,23.0,0.7473
8002.0,24.0,0.53651
8002.0,25.0,0.542288
8002.0,26.0,0.383669
8002.0,27.0,1.0
8002.0,28.0,1.0
8002.0,29.0,0.845466
8002.0,30.0,1.0
8002.0,31.0,0.872955
8002.0,32.0,0.598517
8002.0,33.0,0.148603
8002.0,34.0,0.917478
8002.0,35.0,0.482078
8002.0,36.0,1.0
8003.0,0.0,0.532221
8003.0,1.0,1.0
8003.0,2.0,0.725382
8003.0,3.0,0.851009
8003.0,4.0,0.944096
8003.0,5.0,1.0
8003.0,6.0,1.0
8003.0,7.0,1.0
8003.0,8.0,0.258741
8003.0,9.0,1.0
8003.0,10.0,0.611098
8003.0,11.0,1.0
8003.0,12.0,0.469921
8003.0,13.0,0.404783
8003.0,14.0,0.984463
8003.0,15.0,0.650793
8003.0,16.0,0.686128
8003.0,17.0,0.741264
8003.0,18.0,0.512715
8003.0,19.0,0.394139
8003.0,20.0,0.99974
8003.0,21.0,0.956005
8003.0,22.0,0.761671
8003.0,23.0,0.752116
8003.0,24.0,0.53675
8003.0,25.0,0.534525
8003.0,26.0,0.391378
8003.0,27.0,1.0
8003.0,28.0,1.0
8003.0,29.0,0.846294
8003.0,30.0,1.0
8003.0,31.0,0.874361
8003.0,32.0,0.600682
8003.0,33.0,0.150083
8003.0,34.0,0.917184
8003.0,35.0,0.490744
8003.0,36.0,1.0
8004.0,0.0,0.538169
8004.0,1.0,1.0
8004.0,2.0,0.726233
8004.0,3.0,0.850993
8004.0,4.0,0.945118
8004.0,5.0,1.0
8004.0,6.0,1.0
8004.0,7.0,1.0
8004.0,8.0,0.258967
8004.0,9.0,1.0
8004.0,10.0,0.611567
8004.0,11.0,1.0
8004.0,12.0,0.476138
8004.0,13.0,0.405866
8004.0,14.0,0.984494
8004.0,15.0,0.658842
8004.0,16.0,0.687721
8004.0,17.0,0.779889
8004.0,18.0,0.516278
8004.0,19.0,0.393828
8004.0,20.0,0.999743
8004.0,21.0,0.956248
8004.0,22.0,0.767628
8004.0,23.0,0.757104
8004.0,24.0,0.537759
8004.0,25.0,0.530123
8004.0,26.0,0.398653
8004.0,27.0,1.0
8004.0,28.0,1.0
8004.0,29.0,0.847487
8004.0,30.0,1.0
8004.0,31.0,0.875814
8004.0,32.0,0.603258
8004.0,33.0,0.152072
8004.0,34.0,0.91772
8004.0,35.0,0.499149
8004.0,36.0,1.0
8005.0,0.0,0.54339
8005.0,1.0,1.0
8005.0,2.0,0.726912
8005.0,3.0,0.85142
8005.0,4.0,0.946431
8005.0,5.0,1.0
8005.0,6.0,1.0
8005.0,7.0,1.0
8005.0,8.0,0.259495
8005.0,9.0,1.0
8005.0,10.0,0.612665
8005.0,11.0,1.0
8005.0,12.0,0.483264
8005.0,13.0,0.406988
8005.0,14.0,0.984637
8005.0,15.0,0.666378
8005.0,16.0,0.689702
8005.0,17.0,0.813473
8005.0,18.0,0.517737
8005.0,19.0,0.394769
8005.0,20.0,0.999758
8005.0,21.0,0.956457
8005.0,22.0,0.774131
8005.0,23.0,0.761671
8005.0,24.0,0.538255
8005.0,25.0,0.526869
8005.0,26.0,0.406186
8005.0,27.0,1.0
8005.0,28.0,1.0
8005.0,29.0,0.848571
8005.0,30.0,1.0
8005.0,31.0,0.877332
8005.0,32.0,0.606682
8005.0,33.0,0.153224
8005.0,34.0,0.917993
8005.0,35.0,0.508052
8005.0,36.0,1.0
8006.0,0.0,0.54938
8006.0,1.0,1.0
8006.0,2.0,0.727407
8006.0,3.0,0.85167
8006.0,4.0,0.948037
8006.0,5.0,1.0
8006.0,6.0,1.0
8006.0,7.0,1.0
8006.0,8.0,0.259391
8006.0,9.0,1.0
8006.0,10.0,0.613609
8006.0,11.0,1.0
8006.0,12.0,0.490149
8006.0,13.0,0.408111
8006.0,14.0,0.984822
8006.0,15.0,0.674661
8006.0,16.0,0.691362
8006.0,17.0,0.840966
8006.0,18.0,0.518803
8006.0,19.0,0.394079
8006.0,20.0,0.999746
8006.0,21.0,0.956459
8006.0,22.0,0.780544
8006.0,23.0,0.766878
8006.0,24.0,0.537989
8006.0,25.0,0.525851
8006.0,26.0,0.414236
8006.0,27.0,1.0
8006.0,28.0,1.0
8006.0,29.0,0.8503
8006.0,30.0,1.0
8006.0,31.0,0.879417
8006.0,32.0,0.609241
8006.0,33.0,0.154735
8006.0,34.0,0.917902
8006.0,35.0,0.517153
8006.0,36.0,1.0
8007.0,0.0,0.555069
8007.0,1.0,1.0
8007.0,2.0,0.728141
8007.0,3.0,0.852815
8007.0,4.0,0.949251
8007.0,5.0,1.0
8007.0,6.0,1.0
8007.0,7.0,1.0
8007.0,8.0,0.259683
8007.0,9.0,1.0
8007.0,10.0,0.614369
8007.0,11.0,1.0
8007.0,12.0,0.495788
8007.0,13.0,0.40934
8007.0,14.0,0.984985
8007.0,15.0,0.682318
8007.0,16.0,0.69329
8007.0,17.0,0.863978
8007.0,18.0,0.519712
8007.0,19.0,0.393701
8007.0,20.0,0.999766
8007.0,21.0,0.956541
8007.0,22.0,0.786027
8007.0,23.0,0.770578
8007.0,24.0,0.538405
8007.0,25.0,0.526697
8007.0,26.0,0.421769
8007.0,27.0,1.0
8007.0,28.0,1.0
8007.0,29.0,0.85143
8007.0,30.0,1.0
8007.0,31.0,0.881
8007.0,32.0,0.612008
8007.0,33.0,0.155924
8007.0,34.0,0.917565
8007.0,35.0,0.526951
8007.0,36.0,1.0
8008.0,0.0,0.560652
8008.0,1.0,1.0
8008.0,2.0,0.727716
8008.0,3.0,0.853888
8008.0,4.0,0.950531
8008.0,5.0,1.0
8008.0,6.0,1.0
8008.0,7.0,1.0
8008.0,8.0,0.26035
8008.0,9.0,1.0
8008.0,10.0,0.614613
8008.0,11.0,1.0
8008.0,12.0,0.502612
8008.0,13.0,0.410054
8008.0,14.0,0.985092
8008.0,15.0,0.688331
8008.0,16.0,0.696129
8008.0,17.0,0.884723
8008.0,18.0,0.52144
8008.0,19.0,0.394402
8008.0,20.0,0.999748
8008.0,21.0,0.956834
8008.0,22.0,0.791479
8008.0,23.0,0.774182
8008.0,24.0,0.539102
8008.0,25.0,0.526464
8008.0,26.0,0.429153
8008.0,27.0,1.0
8008.0,28.0,1.0
8008.0,29.0,0.85179
8008.0,30.0,1.0
8008.0,31.0,0.882491
8008.0,32.0,0.615458
8008.0,33.0,0.157014
8008.0,34.0,0.917346
8008.0,35.0,0.536935
8008.0,36.0,1.0
8009.0,0.0,0.534122
8009.0,1.0,1.0
8009.0,2.0,0.726054
8009.0,3.0,0.850887
8009.0,4.0,0.945225
8009.0,5.0,1.0
8009.0,6.0,1.0
8009.0,7.0,1.0
8009.0,8.0,0.258529
8009.0,9.0,1.0
8009.0,10.0,0.609206
8009.0,11.0,1.0
8009.0,12.0,0.471813
8009.0,13.0,0.404839
8009.0,14.0,0.984873
8009.0,15.0,0.656109
8009.0,16.0,0.686053
8009.0,17.0,0.748474
8009.0,18.0,0.514611
8009.0,19.0,0.393996
8009.0,20.0,0.999765
8009.0,21.0,0.956071
8009.0,22.0,0.762081
8009.0,23.0,0.752482
8009.0,24.0,0.535947
8009.0,25.0,0.537111
8009.0,26.0,0.396309
8009.0,27.0,1.0
8009.0,28.0,1.0
8009.0,29.0,0.846821
8009.0,30.0,1.0
8009.0,31.0,0.876569
8009.0,32.0,0.603952
8009.0,33.0,0.150519
8009.0,34.0,0.916909
8009.0,35.0,0.496068
8009.0,36.0,1.0
8010.0,0.0,0.514536
8010.0,1.0,1.0
8010.0,2.0,0.724313
8010.0,3.0,0.849283
8010.0,4.0,0.940483
8010.0,5.0,1.0
8010.0,6.0,1.0
8010.0,7.0,1.0
8010.0,8.0,0.258819
8010.0,9.0,1.0
8010.0,10.0,0.605949
8010.0,11.0,1.0
8010.0,12.0,0.450122
8010.0,13.0,0.401048
8010.0,14.0,0.984749
8010.0,15.0,0.631082
8010.0,16.0,0.679318
8010.0,17.0,0.577342
8010.0,18.0,0.509572
8010.0,19.0,0.393118
8010.0,20.0,0.999782
8010.0,21.0,0.954972
8010.0,22.0,0.738785
8010.0,23.0,0.734791
8010.0,24.0,0.533357
8010.0,25.0,0.565129
8010.0,26.0,0.373371
8010.0,27.0,1.0
8010.0,28.0,1.0
8010.0,29.0,0.84269
8010.0,30.0,1.0
8010.0,31.0,0.871528
8010.0,32.0,0.595927
8010.0,33.0,0.146769
8010.0,34.0,0.916583
8010.0,35.0,0.466315
8010.0,36.0,1.0
9000.0,0.0,0.521787
9000.0,1.0,1.0
9000.0,2.0,0.726155
9000.0,3.0,0.860651
9000.0,4.0,0.952654
9000.0,5.0,1.0
9000.0,6.0,1.0
9000.0,7.0,1.0
9000.0,8.0,0.250045
9000.0,9.0,1.0
9000.0,10.0,0.598742
9000.0,11.0,1.0
9000.0,12.0,0.453759
9000.0,13.0,0.408243
9000.0,14.0,0.990733
9000.0,15.0,0.62951
9000.0,16.0,0.68707
9000.0,17.0,0.577304
9000.0,18.0,0.518805
9000.0,19.0,0.408493
9000.0,20.0,1.0
9000.0,21.0,0.961043
9000.0,22.0,0.731784
9000.0,23.0,0.729441
9000.0,24.0,0.545264
9000.0,25.0,0.561708
9000.0,26.0,0.371088
9000.0,27.0,1.0
9000.0,28.0,1.0
9000.0,29.0,0.84786
9000.0,30.0,1.0
9000.0,31.0,0.874352
9000.0,32.0,0.588345
9000.0,33.0,0.150927
9000.0,34.0,0.937326
9000.0,35.0,0.465812
9000.0,36.0,1.0
9001.0,0.0,0.527094
9001.0,1.0,1.0
9001.0,2.0,0.726759
9001.0,3.0,0.861022
9001.0,4.0,0.953626
9001.0,5.0,1.0
9001.0,6.0,1.0
9001.0,7.0,1.0
9001.0,8.0,0.250487
9001.0,9.0,1.0
9001.0,10.0,0.60008
9001.0,11.0,1.0
9001.0,12.0,0.459271
9001.0,13.0,0.409516
9001.0,14.0,0.990727
9001.0,15.0,0.63682
9001.0,16.0,0.688612
9001.0,17.0,0.639658
9001.0,18.0,0.520104
9001.0,19.0,0.408677
9001.0,20.0,1.0
9001.0,21.0,0.961078
9001.0,22.0,0.739055
9001.0,23.0,0.735096
9001.0,24.0,0.545722
9001.0,25.0,0.549837
9001.0,26.0,0.377188
9001.0,27.0,1.0
9001.0,28.0,1.0
9001.0,29.0,0.848916
9001.0,30.0,1.0
9001.0,31.0,0.87579
9001.0,32.0,0.590231
9001.0,33.0,0.151992
9001.0,34.0,0.937502
9001.0,35.0,0.474536
9001.0,36.0,1.0
9002.0,0.0,0.533607
9002.0,1.0,1.0
9002.0,2.0,0.727445
9002.0,3.0,0.861401
9002.0,4.0,0.954452
9002.0,5.0,1.0
9002.0,6.0,1.0
9002.0,7.0,1.0
9002.0,8.0,0.250523
9002.0,9.0,1.0
9002.0,10.0,0.600048
9002.0,11.0,1.0
9002.0,12.0,0.465863
9002.0,13.0,0.410927
9002.0,14.0,0.990592
9002.0,15.0,0.644946
9002.0,16.0,0.69099
9002.0,17.0,0.694399
9002.0,18.0,0.521107
9002.0,19.0,0.409388
9002.0,20.0,1.0
9002.0,21.0,0.961462
9002.0,22.0,0.746546
9002.0,23.0,0.739882
9002.0,24.0,0.547102
9002.0,25.0,0.540054
9002.0,26.0,0.384383
9002.0,27.0,1.0
9002.0,28.0,1.0
9002.0,29.0,0.850161
9002.0,30.0,1.0
9002.0,31.0,0.876988
9002.0,32.0,0.593411
9002.0,33.0,0.153211
9002.0,34.0,0.937433
9002.0,35.0,0.483376
9002.0,36.0,1.0
9003.0,0.0,0.53942
9003.0,1.0,1.0
9003.0,2.0,0.727268
9003.0,3.0,0.861611
9003.0,4.0,0.955551
9003.0,5.0,1.0
9003.0,6.0,1.0
9003.0,7.0,1.0
9003.0,8.0,0.251289
9003.0,9.0,1.0
9003.0,10.0,0.600558
9003.0,11.0,1.0
9003.0,12.0,0.47389
9003.0,13.0,0.41146
9003.0,14.0,0.990652
9003.0,15.0,0.652756
9003.0,16.0,0.692647
9003.0,17.0,0.741298
9003.0,18.0,0.522926
9003.0,19.0,0.41006
9003.0,20.0,1.0
9003.0,21.0,0.961972
9003.0,22.0,0.754766
9003.0,23.0,0.745281
9003.0,24.0,0.548269
9003.0,25.0,0.53307
9003.0,26.0,0.391673
9003.0,27.0,1.0
9003.0,28.0,1.0
9003.0,29.0,0.851136
9003.0,30.0,1.0
9003.0,31.0,0.87824
9003.0,32.0,0.596726
9003.0,33.0,0.155068
9003.0,34.0,0.937244
9003.0,35.0,0.492392
9003.0,36.0,1.0
9004.0,0.0,0.54469
9004.0,1.0,1.0
9004.0,2.0,0.727842
9004.0,3.0,0.862498
9004.0,4.0,0.95647
9004.0,5.0,1.0
9004.0,6.0,1.0
9004.0,7.0,1.0
9004.0,8.0,0.252069
9004.0,9.0,1.0
9004.0,10.0,0.601356
9004.0,11.0,1.0
9004.0,12.0,0.48011
9004.0,13.0,0.413469
9004.0,14.0,0.99068
9004.0,15.0,0.660871
9004.0,16.0,0.69452
9004.0,17.0,0.78034
9004.0,18.0,0.523078
9004.0,19.0,0.410576
9004.0,20.0,1.0
9004.0,21.0,0.962347
9004.0,22.0,0.761795
9004.0,23.0,0.749923
9004.0,24.0,0.548954
9004.0,25.0,0.528499
9004.0,26.0,0.399306
9004.0,27.0,1.0
9004.0,28.0,1.0
9004.0,29.0,0.852517
9004.0,30.0,1.0
9004.0,31.0,0.87916
9004.0,32.0,0.599068
9004.0,33.0,0.156951
9004.0,34.0,0.937348
9004.0,35.0,0.501677
9004.0,36.0,1.0
9005.0,0.0,0.551025
9005.0,1.0,1.0
9005.0,2.0,0.728636
9005.0,3.0,0.862586
9005.0,4.0,0.957434
9005.0,5.0,1.0
9005.0,6.0,1.0
9005.0,7.0,1.0
9005.0,8.0,0.253091
9005.0,9.0,1.0
9005.0,10.0,0.602336
9005.0,11.0,1.0
9005.0,12.0,0.487279
9005.0,13.0,0.413962
9005.0,14.0,0.990715
9005.0,15.0,0.668114
9005.0,16.0,0.696577
9005.0,17.0,0.812856
9005.0,18.0,0.525059
9005.0,19.0,0.410407
9005.0,20.0,1.0
9005.0,21.0,0.962402
9005.0,22.0,0.768316
9005.0,23.0,0.754536
9005.0,24.0,0.55072
9005.0,25.0,0.525795
9005.0,26.0,0.406838
9005.0,27.0,1.0
9005.0,28.0,1.0
9005.0,29.0,0.853939
9005.0,30.0,1.0
9005.0,31.0,0.88027
9005.0,32.0,0.601008
9005.0,33.0,0.158828
9005.0,34.0,0.937078
9005.0,35.0,0.510625
9005.0,36.0,1.0
9006.0,0.0,0.556681
9006.0,1.0,1.0
9006.0,2.0,0.729796
9006.0,3.0,0.862928
9006.0,4.0,0.958422
9006.0,5.0,1.0
9006.0,6.0,1.0
9006.0,7.0,1.0
9006.0,8.0,0.253334
9006.0,9.0,1.0
9006.0,10.0,0.603233
9006.0,11.0,1.0
9006.0,12.0,0.493201
9006.0,13.0,0.415311
9006.0,14.0,0.990741
9006.0,15.0,0.674974
9006.0,16.0,0.699477
9006.0,17.0,0.840871
9006.0,18.0,0.526881
9006.0,19.0,0.410766
9006.0,20.0,1.0
9006.0,21.0,0.96284
9006.0,22.0,0.774546
9006.0,23.0,0.759342
9006.0,24.0,0.55065
9006.0,25.0,0.524504
9006.0,26.0,0.413655
9006.0,27.0,1.0
9006.0,28.0,1.0
9006.0,29.0,0.855408
9006.0,30.0,1.0
9006.0,31.0,0.881226
9006.0,32.0,0.603493
9006.0,33.0,0.16049
9006.0,34.0,0.937368
9006.0,35.0,0.520836
9006.0,36.0,1.0
9007.0,0.0,0.56235
9007.0,1.0,1.0
9007.0,2.0,0.730055
9007.0,3.0,0.863153
9007.0,4.0,0.959092
9007.0,5.0,1.0
9007.0,6.0,1.0
9007.0,7.0,1.0
9007.0,8.0,0.253456
9007.0,9.0,1.0
9007.0,10.0,0.604633
9007.0,11.0,1.0
9007.0,12.0,0.499229
9007.0,13.0,0.41648
9007.0,14.0,0.990711
9007.0,15.0,0.681067
9007.0,16.0,0.701315
9007.0,17.0,0.865072
9007.0,18.0,0.528184
9007.0,19.0,0.411146
9007.0,20.0,1.0
9007.0,21.0,0.962842
9007.0,22.0,0.780838
9007.0,23.0,0.764525
9007.0,24.0,0.551511
9007.0,25.0,0.524392
9007.0,26.0,0.42137
9007.0,27.0,1.0
9007.0,28.0,1.0
9007.0,29.0,0.856829
9007.0,30.0,1.0
9007.0,31.0,0.882586
9007.0,32.0,0.606512
9007.0,33.0,0.162199
9007.0,34.0,0.937821
9007.0,35.0,0.53039
9007.0,36.0,1.0
9008.0,0.0,0.567608
9008.0,1.0,1.0
9008.0,2.0,0.731096
9008.0,3.0,0.863523
9008.0,4.0,0.960103
9008.0,5.0,1.0
9008.0,6.0,1.0
9008.0,7.0,1.0
9008.0,8.0,0.25387
9008.0,9.0,1.0
9008.0,10.0,0.605078
9008.0,11.0,1.0
9008.0,12.0,0.506022
9008.0,13.0,0.417779
9008.0,14.0,0.990886
9008.0,15.0,0.688035
9008.0,16.0,0.702815
9008.0,17.0,0.885161
9008.0,18.0,0.529259
9008.0,19.0,0.411257
9008.0,20.0,1.0
9008.0,21.0,0.963006
9008.0,22.0,0.787129
9008.0,23.0,0.768703
9008.0,24.0,0.552588
9008.0,25.0,0.525616
9008.0,26.0,0.427599
9008.0,27.0,1.0
9008.0,28.0,1.0
9008.0,29.0,0.857978
9008.0,30.0,1.0
9008.0,31.0,0.884044
9008.0,32.0,0.608149
9008.0,33.0,0.163902
9008.0,34.0,0.937814
9008.0,35.0,0.540017
9008.0,36.0,1.0
9009.0,0.0,0.541337
9009.0,1.0,1.0
9009.0,2.0,0.729598
9009.0,3.0,0.862024
9009.0,4.0,0.956239
9009.0,5.0,1.0
9009.0,6.0,1.0
9009.0,7.0,1.0
9009.0,8.0,0.25068
9009.0,9.0,1.0
9009.0,10.0,0.601105
9009.0,11.0,1.0
9009.0,12.0,0.474601
9009.0,13.0,0.413129
9009.0,14.0,0.990799
9009.0,15.0,0.6553
9009.0,16.0,0.694
9009.0,17.0,0.748307
9009.0,18.0,0.523064
9009.0,19.0,0.411563
9009.0,20.0,1.0
9009.0,21.0,0.962072
9009.0,22.0,0.758084
9009.0,23.0,0.745686
9009.0,24.0,0.550146
9009.0,25.0,0.537565
9009.0,26.0,0.394572
9009.0,27.0,1.0
9009.0,28.0,1.0
9009.0,29.0,0.852622
9009.0,30.0,1.0
9009.0,31.0,0.878062
9009.0,32.0,0.596513
9009.0,33.0,0.157388
9009.0,34.0,0.937759
9009.0,35.0,0.497755
9009.0,36.0,1.0
9010.0,0.0,0.52068
9010.0,1.0,1.0
9010.0,2.0,0.727332
9010.0,3.0,0.861006
9010.0,4.0,0.952596
9010.0,5.0,1.0
9010.0,6.0,1.0
9010.0,7.0,1.0
9010.0,8.0,0.248193
9010.0,9.0,1.0
9010.0,10.0,0.598611
9010.0,11.0,1.0
9010.0,12.0,0.451832
9010.0,13.0,0.409908
9010.0,14.0,0.990619
9010.0,15.0,0.630921
9010.0,16.0,0.68662
9010.0,17.0,0.577063
9010.0,18.0,0.519394
9010.0,19.0,0.410757
9010.0,20.0,1.0
9010.0,21.0,0.961946
9010.0,22.0,0.734694
9010.0,23.0,0.728172
9010.0,24.0,0.546908
9010.0,25.0,0.564301
9010.0,26.0,0.370945
9010.0,27.0,1.0
9010.0,28.0,1.0
9010.0,29.0,0.848029
9010.0,30.0,1.0
9010.0,31.0,0.873323
9010.0,32.0,0.588343
9010.0,33.0,0.152496
9010.0,34.0,0.937777
9010.0,35.0,0.467729
9010.0,36.0,1.0
10000.0,0.0,0.516671
10000.0,1.0,1.0
10000.0,2.0,0.739599
10000.0,3.0,0.841039
10000.0,4.0,0.942086
10000.0,5.0,1.0
10000.0,6.0,1.0
10000.0,7.0,1.0
10000.0,8.0,0.237646
10000.0,9.0,1.0
10000.0,10.0,0.610936
10000.0,11.0,1.0
10000.0,12.0,0.448765
10000.0,13.0,0.402898
10000.0,14.0,0.992622
10000.0,15.0,0.627094
10000.0,16.0,0.684899
10000.0,17.0,0.577845
10000.0,18.0,0.514057
10000.0,19.0,0.405738
10000.0,20.0,1.0
10000.0,21.0,0.965596
10000.0,22.0,0.734144
10000.0,23.0,0.733035
10000.0,24.0,0.544944
10000.0,25.0,0.566045
10000.0,26.0,0.367348
10000.0,27.0,1.0
10000.0,28.0,1.0
10000.0,29.0,0.844717
10000.0,30.0,1.0
10000.0,31.0,0.870321
10000.0,32.0,0.597656
10000.0,33.0,0.159659
10000.0,34.0,0.952437
10000.0,35.0,0.462049
10000.0,36.0,1.0
10001.0,0.0,0.522027
10001.0,1.0,1.0
10001.0,2.0,0.739479
10001.0,3.0,0.841659
10001.0,4.0,0.943221
10001.0,5.0,1.0
10001.0,6.0,1.0
10001.0,7.0,1.0
10001.0,8.0,0.238844
10001.0,9.0,1.0
10001.0,10.0,0.611325
10001.0,11.0,1.0
10001.0,12.0,0.455623
10001.0,13.0,0.404065
10001.0,14.0,0.992643
10001.0,15.0,0.634796
10001.0,16.0,0.687097
10001.0,17.0,0.640163
10001.0,18.0,0.516278
10001.0,19.0,0.406142
10001.0,20.0,1.0
10001.0,21.0,0.965677
10001.0,22.0,0.741301
10001.0,23.0,0.738505
10001.0,24.0,0.544226
10001.0,25.0,0.5541
10001.0,26.0,0.374059
10001.0,27.0,1.0
10001.0,28.0,1.0
10001.0,29.0,0.845623
10001.0,30.0,1.0
10001.0,31.0,0.872461
10001.0,32.0,0.599843
10001.0,33.0,0.161123
10001.0,34.0,0.952429
10001.0,35.0,0.470958
10001.0,36.0,1.0
10002.0,0.0,0.527722
10002.0,1.0,1.0
10002.0,2.0,0.740374
10002.0,3.0,0.842078
10002.0,4.0,0.944475
10002.0,5.0,1.0
10002.0,6.0,1.0
10002.0,7.0,1.0
10002.0,8.0,0.239334
10002.0,9.0,1.0
10002.0,10.0,0.612835
10002.0,11.0,1.0
10002.0,12.0,0.462334
10002.0,13.0,0.404233
10002.0,14.0,0.992686
10002.0,15.0,0.641526
10002.0,16.0,0.688857
10002.0,17.0,0.695122
10002.0,18.0,0.518601
10002.0,19.0,0.406761
10002.0,20.0,1.0
10002.0,21.0,0.965863
10002.0,22.0,0.748235
10002.0,23.0,0.743327
10002.0,24.0,0.544252
10002.0,25.0,0.543315
10002.0,26.0,0.382042
10002.0,27.0,1.0
10002.0,28.0,1.0
10002.0,29.0,0.846781
10002.0,30.0,1.0
10002.0,31.0,0.873513
10002.0,32.0,0.602027
10002.0,33.0,0.162274
10002.0,34.0,0.952542
10002.0,35.0,0.47935
10002.0,36.0,1.0
10003.0,0.0,0.533866
10003.0,1.0,1.0
10003.0,2.0,0.740685
10003.0,3.0,0.843
10003.0,4.0,0.945944
10003.0,5.0,1.0
10003.0,6.0,1.0
10003.0,7.0,1.0
10003.0,8.0,0.239877
10003.0,9.0,1.0
10003.0,10.0,0.613874
10003.0,11.0,1.0
10003.0,12.0,0.469242
10003.0,13.0,0.405867
10003.0,14.0,0.992683
10003.0,15.0,0.648437
10003.0,16.0,0.69138
10003.0,17.0,0.741831
10003.0,18.0,0.51989
10003.0,19.0,0.407043
10003.0,20.0,1.0
10003.0,21.0,0.966313
10003.0,22.0,0.75561
10003.0,23.0,0.748605
10003.0,24.0,0.544555
10003.0,25.0,0.535409
10003.0,26.0,0.389119
10003.0,27.0,1.0
10003.0,28.0,1.0
10003.0,29.0,0.847853
10003.0,30.0,1.0
10003.0,31.0,0.874383
10003.0,32.0,0.603899
10003.0,33.0,0.164027
10003.0,34.0,0.952388
10003.0,35.0,0.487851
10003.0,36.0,1.0
10004.0,0.0,0.539959
10004.0,1.0,1.0
10004.0,2.0,0.740554
10004.0,3.0,0.843564
10004.0,4.0,0.946902
10004.0,5.0,1.0
10004.0,6.0,1.0
10004.0,7.0,1.0
10004.0,8.0,0.239858
10004.0,9.0,1.0
10004.0,10.0,0.615068
10004.0,11.0,1.0
10004.0,12.0,0.475571
10004.0,13.0,0.406928
10004.0,14.0,0.992649
10004.0,15.0,0.656264
10004.0,16.0,0.693066
10004.0,17.0,0.780413
10004.0,18.0,0.521862
10004.0,19.0,0.407005
10004.0,20.0,1.0
10004.0,21.0,0.96641
10004.0,22.0,0.762118
10004.0,23.0,0.753466
10004.0,24.0,0.544309
10004.0,25.0,0.530039
10004.0,26.0,0.396357
10004.0,27.0,1.0
10004.0,28.0,1.0
10004.0,29.0,0.849284
10004.0,30.0,1.0
10004.0,31.0,0.875372
10004.0,32.0,0.606061
10004.0,33.0,0.166018
10004.0,34.0,0.952041
10004.0,35.0,0.49738
10004.0,36.0,1.0
10005.0,0.0,0.54509
10005.0,1.0,1.0
10005.0,2.0,0.740566
10005.0,3.0,0.844206
10005.0,4.0,0.948076
10005.0,5.0,1.0
10005.0,6.0,1.0
10005.0,7.0,1.0
10005.0,8.0,0.240875
10005.0,9.0,1.0
10005.0,10.0,0.615562
10005.0,11.0,1.0
10005.0,12.0,0.48193
10005.0,13.0,0.407983
10005.0,14.0,0.992821
10005.0,15.0,0.663485
10005.0,16.0,0.695205
10005.0,17.0,0.813352
10005.0,18.0,0.523079
10005.0,19.0,0.407003
10005.0,20.0,1.0
10005.0,21.0,0.966546
10005.0,22.0,0.76859
10005.0,23.0,0.758381
10005.0,24.0,0.54515
10005.0,25.0,0.526798
10005.0,26.0,0.403341
10005.0,27.0,1.0
10005.0,28.0,1.0
10005.0,29.0,0.850431
10005.0,30.0,1.0
10005.0,31.0,0.876615
10005.0,32.0,0.60865
10005.0,33.0,0.167713
10005.0,34.0,0.95205
10005.0,35.0,0.505795
10005.0,36.0,1.0
10006.0,0.0,0.551673
10006.0,1.0,1.0
10006.0,2.0,0.740471
10006.0,3.0,0.845123
10006.0,4.0,0.949347
10006.0,5.0,1.0
10006.0,6.0,1.0
10006.0,7.0,1.0
10006.0,8.0,0.241161
10006.0,9.0,1.0
10006.0,10.0,0.616494
10006.0,11.0,1.0
10006.0,12.0,0.489055
10006.0,13.0,0.409073
10006.0,14.0,0.992875
10006.0,15.0,0.670582
10006.0,16.0,0.69633
10006.0,17.0,0.841083
10006.0,18.0,0.524262
10006.0,19.0,0.406644
10006.0,20.0,1.0
10006.0,21.0,0.966488
10006.0,22.0,0.775127
10006.0,23.0,0.763252
10006.0,24.0,0.545365
10006.0,25.0,0.525554
10006.0,26.0,0.410456
10006.0,27.0,1.0
10006.0,28.0,1.0
10006.0,29.0,0.851739
10006.0,30.0,1.0
10006.0,31.0,0.877832
10006.0,32.0,0.610203
10006.0,33.0,0.168952
10006.0,34.0,0.95201
10006.0,35.0,0.51509
10006.0,36.0,1.0
10007.0,0.0,0.55767
10007.0,1.0,1.0
10007.0,2.0,0.740901
10007.0,3.0,0.84609
10007.0,4.0,0.950357
10007.0,5.0,1.0
10007.0,6.0,1.0
10007.0,7.0,1.0
10007.0,8.0,0.242037
10007.0,9.0,1.0
10007.0,10.0,0.617223
10007.0,11.0,1.0
10007.0,12.0,0.495578
10007.0,13.0,0.410522
10007.0,14.0,0.99293
10007.0,15.0,0.678571
10007.0,16.0,0.699258
10007.0,17.0,0.864774
10007.0,18.0,0.525287
10007.0,19.0,0.407295
10007.0,20.0,1.0
10007.0,21.0,0.966658
10007.0,22.0,0.780842
10007.0,23.0,0.767221
10007.0,24.0,0.546097
10007.0,25.0,0.525281
10007.0,26.0,0.417877
10007.0,27.0,1.0
10007.0,28.0,1.0
10007.0,29.0,0.852999
10007.0,30.0,1.0
10007.0,31.0,0.879475
10007.0,32.0,0.613709
10007.0,33.0,0.170003
10007.0,34.0,0.952145
10007.0,35.0,0.524569
10007.0,36.0,1.0
10008.0,0.0,0.563251
10008.0,1.0,1.0
10008.0,2.0,0.741249
10008.0,3.0,0.846631
10008.0,4.0,0.95177
10008.0,5.0,1.0
10008.0,6.0,1.0
10008.0,7.0,1.0
10008.0,8.0,0.242819
10008.0,9.0,1.0
10008.0,10.0,0.618336
10008.0,11.0,1.0
10008.0,12.0,0.501824
10008.0,13.0,0.411643
10008.0,14.0,0.993004
10008.0,15.0,0.685808
10008.0,16.0,0.700444
10008.0,17.0,0.884564
10008.0,18.0,0.527139
10008.0,19.0,0.407608
10008.0,20.0,1.0
10008.0,21.0,0.966819
10008.0,22.0,0.785997
10008.0,23.0,0.772187
10008.0,24.0,0.546377
10008.0,25.0,0.527343
10008.0,26.0,0.425596
10008.0,27.0,1.0
10008.0,28.0,1.0
10008.0,29.0,0.853748
10008.0,30.0,1.0
10008.0,31.0,0.880587
10008.0,32.0,0.616117
10008.0,33.0,0.171153
10008.0,34.0,0.951824
10008.0,35.0,0.533838
10008.0,36.0,1.0
10009.0,0.0,0.537466
10009.0,1.0,1.0
10009.0,2.0,0.73902
10009.0,3.0,0.844159
10009.0,4.0,0.947013
10009.0,5.0,1.0
10009.0,6.0,1.0
10009.0,7.0,1.0
10009.0,8.0,0.239113
10009.0,9.0,1.0
10009.0,10.0,0.614387
10009.0,11.0,1.0
10009.0,12.0,0.47191
10009.0,13.0,0.406972
10009.0,14.0,0.99294
10009.0,15.0,0.653505
10009.0,16.0,0.691944
10009.0,17.0,0.74849
10009.0,18.0,0.520469
10009.0,19.0,0.407337
10009.0,20.0,1.0
10009.0,21.0,0.966413
10009.0,22.0,0.756385
10009.0,23.0,0.750441
10009.0,24.0,0.54513
10009.0,25.0,0.538805
10009.0,26.0,0.393436
10009.0,27.0,1.0
10009.0,28.0,1.0
10009.0,29.0,0.848307
10009.0,30.0,1.0
10009.0,31.0,0.874878
10009.0,32.0,0.605239
10009.0,33.0,0.163601
10009.0,34.0,0.951899
10009.0,35.0,0.492983
10009.0,36.0,1.0
10010.0,0.0,0.51678
10010.0,1.0,1.0
10010.0,2.0,0.737834
10010.0,3.0,0.841819
10010.0,4.0,0.942931
10010.0,5.0,1.0
10010.0,6.0,1.0
10010.0,7.0,1.0
10010.0,8.0,0.237217
10010.0,9.0,1.0
10010.0,10.0,0.612107
10010.0,11.0,1.0
10010.0,12.0,0.448316
10010.0,13.0,0.401757
10010.0,14.0,0.99283
10010.0,15.0,0.628549
10010.0,16.0,0.685093
10010.0,17.0,0.577754
10010.0,18.0,0.514756
10010.0,19.0,0.407627
10010.0,20.0,1.0
10010.0,21.0,0.965633
10010.0,22.0,0.732717
10010.0,23.0,0.733201
10010.0,24.0,0.543785
10010.0,25.0,0.567162
10010.0,26.0,0.37033
10010.0,27.0,1.0
10010.0,28.0,1.0
10010.0,29.0,0.843612
10010.0,30.0,1.0
10010.0,31.0,0.869816
10010.0,32.0,0.596182
10010.0,33.0,0.158214
10010.0,34.0,0.951443
10010.0,35.0,0.463867
10010.0,36.0,1.0
