FREQUENCIES 
Gen,mut_id,mut_freq
1.0,0.0,0.5
1.0,1.0,0.5
1.0,2.0,0.5
1.0,3.0,0.5
1.0,4.0,0.5
1.0,5.0,0.5
1.0,6.0,0.5
1.0,7.0,0.5
1.0,8.0,0.5
1.0,9.0,0.5
1.0,10.0,0.5
1.0,11.0,0.5
1.0,12.0,0.5
1.0,13.0,0.5
1.0,14.0,0.5
1.0,15.0,0.5
1.0,16.0,0.5
1.0,17.0,0.5
1.0,18.0,0.5
1.0,19.0,0.5
1.0,20.0,0.5
1.0,21.0,0.5
1.0,22.0,0.5
1.0,23.0,0.5
1.0,24.0,0.5
1.0,25.0,0.5
1.0,26.0,0.5
1.0,27.0,0.5
1.0,28.0,0.5
1.0,29.0,0.5
1.0,30.0,0.5
1.0,31.0,0.5
1.0,32.0,0.5
1.0,33.0,0.5
1.0,34.0,0.5
1.0,35.0,0.5
1.0,36.0,0.5
1000.0,0.0,0.989319
1000.0,1.0,0.954311
1000.0,2.0,0.498132
1000.0,3.0,0.544882
1000.0,4.0,1.0
1000.0,5.0,0.864873
1000.0,6.0,1.0
1000.0,7.0,0.668957
1000.0,8.0,1.0
1000.0,9.0,0.468295
1000.0,10.0,0.546608
1000.0,11.0,0.811906
1000.0,12.0,0.652518
1000.0,13.0,0.67501
1000.0,14.0,0.46532
1000.0,15.0,0.973908
1000.0,16.0,0.553204
1000.0,17.0,0.637908
1000.0,18.0,0.969675
1000.0,19.0,0.945094
1000.0,20.0,0.316312
1000.0,21.0,0.750183
1000.0,22.0,0.845955
1000.0,23.0,0.822176
1000.0,24.0,0.957669
1000.0,25.0,0.863819
1000.0,26.0,1.0
1000.0,27.0,0.606441
1000.0,28.0,0.653387
1000.0,29.0,0.998456
1000.0,30.0,0.64263
1000.0,31.0,0.898402
1000.0,32.0,0.025851
1000.0,33.0,0.790262
1000.0,34.0,0.0
1000.0,35.0,1.0
1000.0,36.0,1.0
1001.0,0.0,0.989333
1001.0,1.0,0.954712
1001.0,2.0,0.518327
1001.0,3.0,0.547496
1001.0,4.0,1.0
1001.0,5.0,0.866124
1001.0,6.0,1.0
1001.0,7.0,0.66982
1001.0,8.0,1.0
1001.0,9.0,0.470028
1001.0,10.0,0.546452
1001.0,11.0,0.825266
1001.0,12.0,0.662936
1001.0,13.0,0.675859
1001.0,14.0,0.466045
1001.0,15.0,0.974702
1001.0,16.0,0.563067
1001.0,17.0,0.639149
1001.0,18.0,0.969911
1001.0,19.0,0.946613
1001.0,20.0,0.321426
1001.0,21.0,0.751056
1001.0,22.0,0.846824
1001.0,23.0,0.824251
1001.0,24.0,0.957535
1001.0,25.0,0.865956
1001.0,26.0,1.0
1001.0,27.0,0.606832
1001.0,28.0,0.656477
1001.0,29.0,0.998529
1001.0,30.0,0.646898
1001.0,31.0,0.89918
1001.0,32.0,0.026085
1001.0,33.0,0.792353
1001.0,34.0,0.0
1001.0,35.0,1.0
1001.0,36.0,1.0
1002.0,0.0,0.989726
1002.0,1.0,0.95517
1002.0,2.0,0.539111
1002.0,3.0,0.551839
1002.0,4.0,1.0
1002.0,5.0,0.866895
1002.0,6.0,1.0
1002.0,7.0,0.669815
1002.0,8.0,1.0
1002.0,9.0,0.471773
1002.0,10.0,0.546714
1002.0,11.0,0.838262
1002.0,12.0,0.672722
1002.0,13.0,0.676231
1002.0,14.0,0.467573
1002.0,15.0,0.975536
1002.0,16.0,0.572304
1002.0,17.0,0.641034
1002.0,18.0,0.970229
1002.0,19.0,0.947931
1002.0,20.0,0.328114
1002.0,21.0,0.751916
1002.0,22.0,0.847688
1002.0,23.0,0.826296
1002.0,24.0,0.957819
1002.0,25.0,0.867025
1002.0,26.0,1.0
1002.0,27.0,0.607886
1002.0,28.0,0.658115
1002.0,29.0,0.998603
1002.0,30.0,0.65106
1002.0,31.0,0.899777
1002.0,32.0,0.026401
1002.0,33.0,0.793852
1002.0,34.0,0.0
1002.0,35.0,1.0
1002.0,36.0,1.0
1003.0,0.0,0.990054
1003.0,1.0,0.955715
1003.0,2.0,0.559587
1003.0,3.0,0.555145
1003.0,4.0,1.0
1003.0,5.0,0.868689
1003.0,6.0,1.0
1003.0,7.0,0.670036
1003.0,8.0,1.0
1003.0,9.0,0.473824
1003.0,10.0,0.547753
1003.0,11.0,0.84996
1003.0,12.0,0.682857
1003.0,13.0,0.677325
1003.0,14.0,0.467772
1003.0,15.0,0.976298
1003.0,16.0,0.581524
1003.0,17.0,0.642856
1003.0,18.0,0.970612
1003.0,19.0,0.949192
1003.0,20.0,0.333851
1003.0,21.0,0.752967
1003.0,22.0,0.84847
1003.0,23.0,0.827807
1003.0,24.0,0.958086
1003.0,25.0,0.867995
1003.0,26.0,1.0
1003.0,27.0,0.608939
1003.0,28.0,0.660419
1003.0,29.0,0.99867
1003.0,30.0,0.655471
1003.0,31.0,0.900373
1003.0,32.0,0.026494
1003.0,33.0,0.795249
1003.0,34.0,0.0
1003.0,35.0,1.0
1003.0,36.0,1.0
1004.0,0.0,0.990443
1004.0,1.0,0.956119
1004.0,2.0,0.578498
1004.0,3.0,0.557949
1004.0,4.0,1.0
1004.0,5.0,0.869969
1004.0,6.0,1.0
1004.0,7.0,0.671073
1004.0,8.0,1.0
1004.0,9.0,0.47574
1004.0,10.0,0.549298
1004.0,11.0,0.860856
1004.0,12.0,0.691912
1004.0,13.0,0.67736
1004.0,14.0,0.467617
1004.0,15.0,0.977109
1004.0,16.0,0.589877
1004.0,17.0,0.64422
1004.0,18.0,0.970701
1004.0,19.0,0.950481
1004.0,20.0,0.338892
1004.0,21.0,0.753714
1004.0,22.0,0.848931
1004.0,23.0,0.82929
1004.0,24.0,0.958495
1004.0,25.0,0.868982
1004.0,26.0,1.0
1004.0,27.0,0.6098
1004.0,28.0,0.662412
1004.0,29.0,0.99876
1004.0,30.0,0.65992
1004.0,31.0,0.90084
1004.0,32.0,0.026961
1004.0,33.0,0.796228
1004.0,34.0,0.0
1004.0,35.0,1.0
1004.0,36.0,1.0
1005.0,0.0,0.990857
1005.0,1.0,0.956528
1005.0,2.0,0.596292
1005.0,3.0,0.561985
1005.0,4.0,1.0
1005.0,5.0,0.871927
1005.0,6.0,1.0
1005.0,7.0,0.671787
1005.0,8.0,1.0
1005.0,9.0,0.477576
1005.0,10.0,0.549395
1005.0,11.0,0.870882
1005.0,12.0,0.701213
1005.0,13.0,0.677994
1005.0,14.0,0.467396
1005.0,15.0,0.977925
1005.0,16.0,0.598747
1005.0,17.0,0.64545
1005.0,18.0,0.970713
1005.0,19.0,0.952133
1005.0,20.0,0.343588
1005.0,21.0,0.754561
1005.0,22.0,0.84988
1005.0,23.0,0.831578
1005.0,24.0,0.958723
1005.0,25.0,0.869565
1005.0,26.0,1.0
1005.0,27.0,0.611364
1005.0,28.0,0.664822
1005.0,29.0,0.998883
1005.0,30.0,0.66446
1005.0,31.0,0.901584
1005.0,32.0,0.027084
1005.0,33.0,0.798235
1005.0,34.0,0.0
1005.0,35.0,1.0
1005.0,36.0,1.0
1006.0,0.0,0.991176
1006.0,1.0,0.956678
1006.0,2.0,0.614403
1006.0,3.0,0.565496
1006.0,4.0,1.0
1006.0,5.0,0.87291
1006.0,6.0,1.0
1006.0,7.0,0.673075
1006.0,8.0,1.0
1006.0,9.0,0.480338
1006.0,10.0,0.5491
1006.0,11.0,0.880882
1006.0,12.0,0.709449
1006.0,13.0,0.679017
1006.0,14.0,0.46809
1006.0,15.0,0.978506
1006.0,16.0,0.606579
1006.0,17.0,0.646803
1006.0,18.0,0.971071
1006.0,19.0,0.95357
1006.0,20.0,0.348788
1006.0,21.0,0.755502
1006.0,22.0,0.850765
1006.0,23.0,0.834134
1006.0,24.0,0.958772
1006.0,25.0,0.870436
1006.0,26.0,1.0
1006.0,27.0,0.612204
1006.0,28.0,0.667151
1006.0,29.0,0.998896
1006.0,30.0,0.669069
1006.0,31.0,0.90263
1006.0,32.0,0.02706
1006.0,33.0,0.799358
1006.0,34.0,0.0
1006.0,35.0,1.0
1006.0,36.0,1.0
1007.0,0.0,0.991392
1007.0,1.0,0.956867
1007.0,2.0,0.630249
1007.0,3.0,0.569105
1007.0,4.0,1.0
1007.0,5.0,0.873845
1007.0,6.0,1.0
1007.0,7.0,0.674303
1007.0,8.0,1.0
1007.0,9.0,0.482343
1007.0,10.0,0.549181
1007.0,11.0,0.8901
1007.0,12.0,0.718068
1007.0,13.0,0.679399
1007.0,14.0,0.468644
1007.0,15.0,0.978972
1007.0,16.0,0.614875
1007.0,17.0,0.648382
1007.0,18.0,0.971392
1007.0,19.0,0.954757
1007.0,20.0,0.353639
1007.0,21.0,0.757496
1007.0,22.0,0.85187
1007.0,23.0,0.836161
1007.0,24.0,0.958794
1007.0,25.0,0.871275
1007.0,26.0,1.0
1007.0,27.0,0.613085
1007.0,28.0,0.66972
1007.0,29.0,0.998934
1007.0,30.0,0.672306
1007.0,31.0,0.903126
1007.0,32.0,0.027156
1007.0,33.0,0.80043
1007.0,34.0,0.0
1007.0,35.0,1.0
1007.0,36.0,1.0
1008.0,0.0,0.991528
1008.0,1.0,0.957027
1008.0,2.0,0.645789
1008.0,3.0,0.572723
1008.0,4.0,1.0
1008.0,5.0,0.875376
1008.0,6.0,1.0
1008.0,7.0,0.674554
1008.0,8.0,1.0
1008.0,9.0,0.484271
1008.0,10.0,0.549629
1008.0,11.0,0.898956
1008.0,12.0,0.725676
1008.0,13.0,0.680121
1008.0,14.0,0.469119
1008.0,15.0,0.979393
1008.0,16.0,0.622535
1008.0,17.0,0.650371
1008.0,18.0,0.971789
1008.0,19.0,0.955172
1008.0,20.0,0.358936
1008.0,21.0,0.757941
1008.0,22.0,0.85256
1008.0,23.0,0.837463
1008.0,24.0,0.959182
1008.0,25.0,0.872362
1008.0,26.0,1.0
1008.0,27.0,0.614818
1008.0,28.0,0.671714
1008.0,29.0,0.998908
1008.0,30.0,0.676839
1008.0,31.0,0.904199
1008.0,32.0,0.027301
1008.0,33.0,0.801487
1008.0,34.0,0.0
1008.0,35.0,1.0
1008.0,36.0,1.0
1009.0,0.0,0.990579
1009.0,1.0,0.956062
1009.0,2.0,0.567249
1009.0,3.0,0.557159
1009.0,4.0,1.0
1009.0,5.0,0.869957
1009.0,6.0,1.0
1009.0,7.0,0.671504
1009.0,8.0,1.0
1009.0,9.0,0.475245
1009.0,10.0,0.54752
1009.0,11.0,0.859115
1009.0,12.0,0.689703
1009.0,13.0,0.679493
1009.0,14.0,0.467994
1009.0,15.0,0.976865
1009.0,16.0,0.586909
1009.0,17.0,0.644066
1009.0,18.0,0.970256
1009.0,19.0,0.950345
1009.0,20.0,0.334805
1009.0,21.0,0.754974
1009.0,22.0,0.849809
1009.0,23.0,0.830193
1009.0,24.0,0.958915
1009.0,25.0,0.867716
1009.0,26.0,1.0
1009.0,27.0,0.610399
1009.0,28.0,0.663164
1009.0,29.0,0.998731
1009.0,30.0,0.659216
1009.0,31.0,0.900666
1009.0,32.0,0.025929
1009.0,33.0,0.797311
1009.0,34.0,0.0
1009.0,35.0,1.0
1009.0,36.0,1.0
1010.0,0.0,0.989827
1010.0,1.0,0.955266
1010.0,2.0,0.498303
1010.0,3.0,0.54298
1010.0,4.0,1.0
1010.0,5.0,0.864311
1010.0,6.0,1.0
1010.0,7.0,0.669188
1010.0,8.0,1.0
1010.0,9.0,0.468548
1010.0,10.0,0.544875
1010.0,11.0,0.812321
1010.0,12.0,0.653824
1010.0,13.0,0.678328
1010.0,14.0,0.467163
1010.0,15.0,0.974064
1010.0,16.0,0.553411
1010.0,17.0,0.637581
1010.0,18.0,0.968913
1010.0,19.0,0.945428
1010.0,20.0,0.314771
1010.0,21.0,0.751348
1010.0,22.0,0.847268
1010.0,23.0,0.822778
1010.0,24.0,0.958576
1010.0,25.0,0.863523
1010.0,26.0,1.0
1010.0,27.0,0.605627
1010.0,28.0,0.655149
1010.0,29.0,0.998601
1010.0,30.0,0.642619
1010.0,31.0,0.898108
1010.0,32.0,0.024646
1010.0,33.0,0.792352
1010.0,34.0,0.0
1010.0,35.0,1.0
1010.0,36.0,1.0
2000.0,0.0,0.999997
2000.0,1.0,0.993498
2000.0,2.0,0.49672
2000.0,3.0,0.537448
2000.0,4.0,1.0
2000.0,5.0,0.899446
2000.0,6.0,1.0
2000.0,7.0,0.77568
2000.0,8.0,1.0
2000.0,9.0,0.468349
2000.0,10.0,0.562472
2000.0,11.0,0.792654
2000.0,12.0,0.656896
2000.0,13.0,0.72999
2000.0,14.0,0.435426
2000.0,15.0,0.99439
2000.0,16.0,0.550532
2000.0,17.0,0.650732
2000.0,18.0,0.990062
2000.0,19.0,0.957256
2000.0,20.0,0.313328
2000.0,21.0,0.811621
2000.0,22.0,0.885162
2000.0,23.0,0.831773
2000.0,24.0,0.981046
2000.0,25.0,0.860771
2000.0,26.0,1.0
2000.0,27.0,0.639032
2000.0,28.0,0.643643
2000.0,29.0,1.0
2000.0,30.0,0.634283
2000.0,31.0,0.902531
2000.0,32.0,0.001331
2000.0,33.0,0.792828
2000.0,34.0,0.0
2000.0,35.0,1.0
2000.0,36.0,1.0
2001.0,0.0,0.999991
2001.0,1.0,0.993455
2001.0,2.0,0.51817
2001.0,3.0,0.541831
2001.0,4.0,1.0
2001.0,5.0,0.900515
2001.0,6.0,1.0
2001.0,7.0,0.775602
2001.0,8.0,1.0
2001.0,9.0,0.469937
2001.0,10.0,0.562939
2001.0,11.0,0.807051
2001.0,12.0,0.667401
2001.0,13.0,0.73026
2001.0,14.0,0.435564
2001.0,15.0,0.994654
2001.0,16.0,0.558913
2001.0,17.0,0.651801
2001.0,18.0,0.99015
2001.0,19.0,0.958344
2001.0,20.0,0.318114
2001.0,21.0,0.812881
2001.0,22.0,0.886026
2001.0,23.0,0.834273
2001.0,24.0,0.98105
2001.0,25.0,0.862134
2001.0,26.0,1.0
2001.0,27.0,0.640042
2001.0,28.0,0.645767
2001.0,29.0,1.0
2001.0,30.0,0.637994
2001.0,31.0,0.903164
2001.0,32.0,0.001292
2001.0,33.0,0.793985
2001.0,34.0,0.0
2001.0,35.0,1.0
2001.0,36.0,1.0
2002.0,0.0,0.999993
2002.0,1.0,0.993563
2002.0,2.0,0.538476
2002.0,3.0,0.545715
2002.0,4.0,1.0
2002.0,5.0,0.902665
2002.0,6.0,1.0
2002.0,7.0,0.776196
2002.0,8.0,1.0
2002.0,9.0,0.472348
2002.0,10.0,0.56265
2002.0,11.0,0.82077
2002.0,12.0,0.676631
2002.0,13.0,0.730652
2002.0,14.0,0.436978
2002.0,15.0,0.99498
2002.0,16.0,0.567814
2002.0,17.0,0.653928
2002.0,18.0,0.990205
2002.0,19.0,0.95914
2002.0,20.0,0.324145
2002.0,21.0,0.813377
2002.0,22.0,0.886842
2002.0,23.0,0.836431
2002.0,24.0,0.981117
2002.0,25.0,0.863619
2002.0,26.0,1.0
2002.0,27.0,0.641844
2002.0,28.0,0.648243
2002.0,29.0,1.0
2002.0,30.0,0.64167
2002.0,31.0,0.904118
2002.0,32.0,0.001305
2002.0,33.0,0.794918
2002.0,34.0,0.0
2002.0,35.0,1.0
2002.0,36.0,1.0
2003.0,0.0,0.999993
2003.0,1.0,0.993654
2003.0,2.0,0.557871
2003.0,3.0,0.548906
2003.0,4.0,1.0
2003.0,5.0,0.903731
2003.0,6.0,1.0
2003.0,7.0,0.77676
2003.0,8.0,1.0
2003.0,9.0,0.473793
2003.0,10.0,0.563404
2003.0,11.0,0.833345
2003.0,12.0,0.685494
2003.0,13.0,0.731121
2003.0,14.0,0.436826
2003.0,15.0,0.995121
2003.0,16.0,0.57645
2003.0,17.0,0.655584
2003.0,18.0,0.990443
2003.0,19.0,0.959989
2003.0,20.0,0.330418
2003.0,21.0,0.813664
2003.0,22.0,0.887278
2003.0,23.0,0.838021
2003.0,24.0,0.981064
2003.0,25.0,0.86471
2003.0,26.0,1.0
2003.0,27.0,0.643498
2003.0,28.0,0.650852
2003.0,29.0,1.0
2003.0,30.0,0.64593
2003.0,31.0,0.904912
2003.0,32.0,0.001323
2003.0,33.0,0.796136
2003.0,34.0,0.0
2003.0,35.0,1.0
2003.0,36.0,1.0
2004.0,0.0,0.999992
2004.0,1.0,0.993545
2004.0,2.0,0.577147
2004.0,3.0,0.552365
2004.0,4.0,1.0
2004.0,5.0,0.905243
2004.0,6.0,1.0
2004.0,7.0,0.776899
2004.0,8.0,1.0
2004.0,9.0,0.47608
2004.0,10.0,0.563005
2004.0,11.0,0.845561
2004.0,12.0,0.694201
2004.0,13.0,0.732823
2004.0,14.0,0.437247
2004.0,15.0,0.995351
2004.0,16.0,0.584945
2004.0,17.0,0.656948
2004.0,18.0,0.990708
2004.0,19.0,0.961025
2004.0,20.0,0.336109
2004.0,21.0,0.814358
2004.0,22.0,0.887801
2004.0,23.0,0.839751
2004.0,24.0,0.981082
2004.0,25.0,0.865925
2004.0,26.0,1.0
2004.0,27.0,0.645461
2004.0,28.0,0.652674
2004.0,29.0,1.0
2004.0,30.0,0.650037
2004.0,31.0,0.905581
2004.0,32.0,0.001247
2004.0,33.0,0.797338
2004.0,34.0,0.0
2004.0,35.0,1.0
2004.0,36.0,1.0
2005.0,0.0,0.999989
2005.0,1.0,0.993579
2005.0,2.0,0.595247
2005.0,3.0,0.557604
2005.0,4.0,1.0
2005.0,5.0,0.906184
2005.0,6.0,1.0
2005.0,7.0,0.777293
2005.0,8.0,1.0
2005.0,9.0,0.477315
2005.0,10.0,0.564151
2005.0,11.0,0.857042
2005.0,12.0,0.701947
2005.0,13.0,0.733827
2005.0,14.0,0.437428
2005.0,15.0,0.995491
2005.0,16.0,0.593767
2005.0,17.0,0.658939
2005.0,18.0,0.990724
2005.0,19.0,0.961921
2005.0,20.0,0.342321
2005.0,21.0,0.815564
2005.0,22.0,0.887935
2005.0,23.0,0.841931
2005.0,24.0,0.981062
2005.0,25.0,0.867635
2005.0,26.0,1.0
2005.0,27.0,0.6467
2005.0,28.0,0.65477
2005.0,29.0,1.0
2005.0,30.0,0.654474
2005.0,31.0,0.90679
2005.0,32.0,0.001244
2005.0,33.0,0.798495
2005.0,34.0,0.0
2005.0,35.0,1.0
2005.0,36.0,1.0
2006.0,0.0,0.999988
2006.0,1.0,0.993707
2006.0,2.0,0.612717
2006.0,3.0,0.561385
2006.0,4.0,1.0
2006.0,5.0,0.907179
2006.0,6.0,1.0
2006.0,7.0,0.777122
2006.0,8.0,1.0
2006.0,9.0,0.479095
2006.0,10.0,0.564604
2006.0,11.0,0.867623
2006.0,12.0,0.710572
2006.0,13.0,0.733696
2006.0,14.0,0.438239
2006.0,15.0,0.995673
2006.0,16.0,0.602162
2006.0,17.0,0.660602
2006.0,18.0,0.99101
2006.0,19.0,0.962827
2006.0,20.0,0.348117
2006.0,21.0,0.816384
2006.0,22.0,0.889085
2006.0,23.0,0.843548
2006.0,24.0,0.980993
2006.0,25.0,0.868755
2006.0,26.0,1.0
2006.0,27.0,0.64821
2006.0,28.0,0.656883
2006.0,29.0,1.0
2006.0,30.0,0.657617
2006.0,31.0,0.907684
2006.0,32.0,0.001269
2006.0,33.0,0.800259
2006.0,34.0,0.0
2006.0,35.0,1.0
2006.0,36.0,1.0
2007.0,0.0,0.99999
2007.0,1.0,0.993747
2007.0,2.0,0.628439
2007.0,3.0,0.56518
2007.0,4.0,1.0
2007.0,5.0,0.907946
2007.0,6.0,1.0
2007.0,7.0,0.777574
2007.0,8.0,1.0
2007.0,9.0,0.480432
2007.0,10.0,0.564347
2007.0,11.0,0.878188
2007.0,12.0,0.718085
2007.0,13.0,0.733671
2007.0,14.0,0.439129
2007.0,15.0,0.996021
2007.0,16.0,0.610645
2007.0,17.0,0.66262
2007.0,18.0,0.991113
2007.0,19.0,0.963767
2007.0,20.0,0.35387
2007.0,21.0,0.816411
2007.0,22.0,0.889916
2007.0,23.0,0.84499
2007.0,24.0,0.981019
2007.0,25.0,0.869845
2007.0,26.0,1.0
2007.0,27.0,0.649856
2007.0,28.0,0.659073
2007.0,29.0,1.0
2007.0,30.0,0.661898
2007.0,31.0,0.90842
2007.0,32.0,0.00129
2007.0,33.0,0.801193
2007.0,34.0,0.0
2007.0,35.0,1.0
2007.0,36.0,1.0
2008.0,0.0,0.999992
2008.0,1.0,0.993742
2008.0,2.0,0.644607
2008.0,3.0,0.568641
2008.0,4.0,1.0
2008.0,5.0,0.908833
2008.0,6.0,1.0
2008.0,7.0,0.777895
2008.0,8.0,1.0
2008.0,9.0,0.483098
2008.0,10.0,0.565892
2008.0,11.0,0.887718
2008.0,12.0,0.726035
2008.0,13.0,0.734491
2008.0,14.0,0.439667
2008.0,15.0,0.99622
2008.0,16.0,0.618959
2008.0,17.0,0.663864
2008.0,18.0,0.991152
2008.0,19.0,0.96468
2008.0,20.0,0.359534
2008.0,21.0,0.816967
2008.0,22.0,0.89031
2008.0,23.0,0.84695
2008.0,24.0,0.981017
2008.0,25.0,0.87121
2008.0,26.0,1.0
2008.0,27.0,0.651727
2008.0,28.0,0.660737
2008.0,29.0,1.0
2008.0,30.0,0.666233
2008.0,31.0,0.909098
2008.0,32.0,0.001313
2008.0,33.0,0.802122
2008.0,34.0,0.0
2008.0,35.0,1.0
2008.0,36.0,1.0
2009.0,0.0,0.999988
2009.0,1.0,0.993634
2009.0,2.0,0.564451
2009.0,3.0,0.553158
2009.0,4.0,1.0
2009.0,5.0,0.904605
2009.0,6.0,1.0
2009.0,7.0,0.775714
2009.0,8.0,1.0
2009.0,9.0,0.474554
2009.0,10.0,0.563945
2009.0,11.0,0.843923
2009.0,12.0,0.688657
2009.0,13.0,0.733171
2009.0,14.0,0.437783
2009.0,15.0,0.995755
2009.0,16.0,0.583695
2009.0,17.0,0.656095
2009.0,18.0,0.990839
2009.0,19.0,0.960398
2009.0,20.0,0.335695
2009.0,21.0,0.813939
2009.0,22.0,0.888022
2009.0,23.0,0.839945
2009.0,24.0,0.981133
2009.0,25.0,0.866558
2009.0,26.0,1.0
2009.0,27.0,0.646344
2009.0,28.0,0.650584
2009.0,29.0,1.0
2009.0,30.0,0.648487
2009.0,31.0,0.905702
2009.0,32.0,0.001221
2009.0,33.0,0.796639
2009.0,34.0,0.0
2009.0,35.0,1.0
2009.0,36.0,1.0
2010.0,0.0,0.999993
2010.0,1.0,0.99353
2010.0,2.0,0.495153
2010.0,3.0,0.538061
2010.0,4.0,1.0
2010.0,5.0,0.900513
2010.0,6.0,1.0
2010.0,7.0,0.772957
2010.0,8.0,1.0
2010.0,9.0,0.467455
2010.0,10.0,0.563485
2010.0,11.0,0.794509
2010.0,12.0,0.65271
2010.0,13.0,0.731776
2010.0,14.0,0.436058
2010.0,15.0,0.995257
2010.0,16.0,0.550889
2010.0,17.0,0.649248
2010.0,18.0,0.990586
2010.0,19.0,0.956451
2010.0,20.0,0.315276
2010.0,21.0,0.811768
2010.0,22.0,0.885919
2010.0,23.0,0.832944
2010.0,24.0,0.981185
2010.0,25.0,0.861782
2010.0,26.0,1.0
2010.0,27.0,0.641909
2010.0,28.0,0.639839
2010.0,29.0,1.0
2010.0,30.0,0.632324
2010.0,31.0,0.902577
2010.0,32.0,0.001179
2010.0,33.0,0.791666
2010.0,34.0,0.0
2010.0,35.0,1.0
2010.0,36.0,1.0
3000.0,0.0,1.0
3000.0,1.0,0.998965
3000.0,2.0,0.493556
3000.0,3.0,0.53673
3000.0,4.0,1.0
3000.0,5.0,0.908171
3000.0,6.0,1.0
3000.0,7.0,0.840104
3000.0,8.0,1.0
3000.0,9.0,0.464326
3000.0,10.0,0.559589
3000.0,11.0,0.79025
3000.0,12.0,0.649975
3000.0,13.0,0.764904
3000.0,14.0,0.38445
3000.0,15.0,0.999389
3000.0,16.0,0.549134
3000.0,17.0,0.639647
3000.0,18.0,0.993613
3000.0,19.0,0.964046
3000.0,20.0,0.316096
3000.0,21.0,0.829531
3000.0,22.0,0.894473
3000.0,23.0,0.825521
3000.0,24.0,0.985491
3000.0,25.0,0.863492
3000.0,26.0,1.0
3000.0,27.0,0.654244
3000.0,28.0,0.650104
3000.0,29.0,1.0
3000.0,30.0,0.635922
3000.0,31.0,0.90354
3000.0,32.0,0.0
3000.0,33.0,0.786397
3000.0,34.0,0.0
3000.0,35.0,1.0
3000.0,36.0,1.0
3001.0,0.0,1.0
3001.0,1.0,0.998944
3001.0,2.0,0.514012
3001.0,3.0,0.540791
3001.0,4.0,1.0
3001.0,5.0,0.909352
3001.0,6.0,1.0
3001.0,7.0,0.840695
3001.0,8.0,1.0
3001.0,9.0,0.466168
3001.0,10.0,0.560221
3001.0,11.0,0.80413
3001.0,12.0,0.659898
3001.0,13.0,0.765258
3001.0,14.0,0.384427
3001.0,15.0,0.999404
3001.0,16.0,0.558409
3001.0,17.0,0.640121
3001.0,18.0,0.993696
3001.0,19.0,0.965317
3001.0,20.0,0.321296
3001.0,21.0,0.829898
3001.0,22.0,0.894951
3001.0,23.0,0.826586
3001.0,24.0,0.985355
3001.0,25.0,0.864148
3001.0,26.0,1.0
3001.0,27.0,0.655576
3001.0,28.0,0.652529
3001.0,29.0,1.0
3001.0,30.0,0.639978
3001.0,31.0,0.904861
3001.0,32.0,0.0
3001.0,33.0,0.787757
3001.0,34.0,0.0
3001.0,35.0,1.0
3001.0,36.0,1.0
3002.0,0.0,1.0
3002.0,1.0,0.998932
3002.0,2.0,0.534702
3002.0,3.0,0.544398
3002.0,4.0,1.0
3002.0,5.0,0.910655
3002.0,6.0,1.0
3002.0,7.0,0.841352
3002.0,8.0,1.0
3002.0,9.0,0.468768
3002.0,10.0,0.560968
3002.0,11.0,0.817776
3002.0,12.0,0.669808
3002.0,13.0,0.764804
3002.0,14.0,0.384211
3002.0,15.0,0.999392
3002.0,16.0,0.568029
3002.0,17.0,0.64186
3002.0,18.0,0.993711
3002.0,19.0,0.966202
3002.0,20.0,0.326803
3002.0,21.0,0.830624
3002.0,22.0,0.895415
3002.0,23.0,0.828351
3002.0,24.0,0.985189
3002.0,25.0,0.864507
3002.0,26.0,1.0
3002.0,27.0,0.656778
3002.0,28.0,0.655971
3002.0,29.0,1.0
3002.0,30.0,0.644507
3002.0,31.0,0.905646
3002.0,32.0,0.0
3002.0,33.0,0.790042
3002.0,34.0,0.0
3002.0,35.0,1.0
3002.0,36.0,1.0
3003.0,0.0,1.0
3003.0,1.0,0.998997
3003.0,2.0,0.555382
3003.0,3.0,0.547959
3003.0,4.0,1.0
3003.0,5.0,0.911359
3003.0,6.0,1.0
3003.0,7.0,0.842106
3003.0,8.0,1.0
3003.0,9.0,0.469973
3003.0,10.0,0.561805
3003.0,11.0,0.830748
3003.0,12.0,0.678865
3003.0,13.0,0.764714
3003.0,14.0,0.385294
3003.0,15.0,0.999363
3003.0,16.0,0.577093
3003.0,17.0,0.644217
3003.0,18.0,0.993796
3003.0,19.0,0.966952
3003.0,20.0,0.332526
3003.0,21.0,0.831881
3003.0,22.0,0.895817
3003.0,23.0,0.830114
3003.0,24.0,0.985117
3003.0,25.0,0.864829
3003.0,26.0,1.0
3003.0,27.0,0.657929
3003.0,28.0,0.658566
3003.0,29.0,1.0
3003.0,30.0,0.649401
3003.0,31.0,0.906858
3003.0,32.0,0.0
3003.0,33.0,0.791419
3003.0,34.0,0.0
3003.0,35.0,1.0
3003.0,36.0,1.0
3004.0,0.0,1.0
3004.0,1.0,0.999018
3004.0,2.0,0.5747
3004.0,3.0,0.551316
3004.0,4.0,1.0
3004.0,5.0,0.911988
3004.0,6.0,1.0
3004.0,7.0,0.842703
3004.0,8.0,1.0
3004.0,9.0,0.471621
3004.0,10.0,0.562582
3004.0,11.0,0.843075
3004.0,12.0,0.687421
3004.0,13.0,0.765235
3004.0,14.0,0.386065
3004.0,15.0,0.999387
3004.0,16.0,0.586173
3004.0,17.0,0.647243
3004.0,18.0,0.993982
3004.0,19.0,0.967794
3004.0,20.0,0.337589
3004.0,21.0,0.831969
3004.0,22.0,0.896611
3004.0,23.0,0.831923
3004.0,24.0,0.985337
3004.0,25.0,0.865249
3004.0,26.0,1.0
3004.0,27.0,0.659262
3004.0,28.0,0.661593
3004.0,29.0,1.0
3004.0,30.0,0.653671
3004.0,31.0,0.907763
3004.0,32.0,0.0
3004.0,33.0,0.792913
3004.0,34.0,0.0
3004.0,35.0,1.0
3004.0,36.0,1.0
3005.0,0.0,1.0
3005.0,1.0,0.999035
3005.0,2.0,0.593229
3005.0,3.0,0.555383
3005.0,4.0,1.0
3005.0,5.0,0.912963
3005.0,6.0,1.0
3005.0,7.0,0.843564
3005.0,8.0,1.0
3005.0,9.0,0.473317
3005.0,10.0,0.563407
3005.0,11.0,0.85421
3005.0,12.0,0.696422
3005.0,13.0,0.76575
3005.0,14.0,0.386056
3005.0,15.0,0.999423
3005.0,16.0,0.594302
3005.0,17.0,0.649398
3005.0,18.0,0.99409
3005.0,19.0,0.968701
3005.0,20.0,0.343527
3005.0,21.0,0.832395
3005.0,22.0,0.897162
3005.0,23.0,0.834513
3005.0,24.0,0.985338
3005.0,25.0,0.866822
3005.0,26.0,1.0
3005.0,27.0,0.660646
3005.0,28.0,0.663397
3005.0,29.0,1.0
3005.0,30.0,0.658681
3005.0,31.0,0.90821
3005.0,32.0,0.0
3005.0,33.0,0.794271
3005.0,34.0,0.0
3005.0,35.0,1.0
3005.0,36.0,1.0
3006.0,0.0,1.0
3006.0,1.0,0.999034
3006.0,2.0,0.610261
3006.0,3.0,0.559
3006.0,4.0,1.0
3006.0,5.0,0.913615
3006.0,6.0,1.0
3006.0,7.0,0.844422
3006.0,8.0,1.0
3006.0,9.0,0.475538
3006.0,10.0,0.563784
3006.0,11.0,0.865333
3006.0,12.0,0.706018
3006.0,13.0,0.766423
3006.0,14.0,0.385738
3006.0,15.0,0.999418
3006.0,16.0,0.602858
3006.0,17.0,0.651444
3006.0,18.0,0.994126
3006.0,19.0,0.96952
3006.0,20.0,0.349557
3006.0,21.0,0.832974
3006.0,22.0,0.898047
3006.0,23.0,0.836592
3006.0,24.0,0.985509
3006.0,25.0,0.867618
3006.0,26.0,1.0
3006.0,27.0,0.661779
3006.0,28.0,0.666632
3006.0,29.0,1.0
3006.0,30.0,0.662832
3006.0,31.0,0.908821
3006.0,32.0,0.0
3006.0,33.0,0.795608
3006.0,34.0,0.0
3006.0,35.0,1.0
3006.0,36.0,1.0
3007.0,0.0,1.0
3007.0,1.0,0.99906
3007.0,2.0,0.627167
3007.0,3.0,0.562462
3007.0,4.0,1.0
3007.0,5.0,0.914274
3007.0,6.0,1.0
3007.0,7.0,0.84496
3007.0,8.0,1.0
3007.0,9.0,0.477094
3007.0,10.0,0.56411
3007.0,11.0,0.875981
3007.0,12.0,0.7147
3007.0,13.0,0.766916
3007.0,14.0,0.386136
3007.0,15.0,0.999465
3007.0,16.0,0.611509
3007.0,17.0,0.653404
3007.0,18.0,0.994103
3007.0,19.0,0.970014
3007.0,20.0,0.355285
3007.0,21.0,0.833331
3007.0,22.0,0.898496
3007.0,23.0,0.838718
3007.0,24.0,0.985631
3007.0,25.0,0.867981
3007.0,26.0,1.0
3007.0,27.0,0.66322
3007.0,28.0,0.668853
3007.0,29.0,1.0
3007.0,30.0,0.666872
3007.0,31.0,0.909584
3007.0,32.0,0.0
3007.0,33.0,0.796911
3007.0,34.0,0.0
3007.0,35.0,1.0
3007.0,36.0,1.0
3008.0,0.0,1.0
3008.0,1.0,0.999073
3008.0,2.0,0.643357
3008.0,3.0,0.566313
3008.0,4.0,1.0
3008.0,5.0,0.915402
3008.0,6.0,1.0
3008.0,7.0,0.845965
3008.0,8.0,1.0
3008.0,9.0,0.479162
3008.0,10.0,0.564942
3008.0,11.0,0.885365
3008.0,12.0,0.722715
3008.0,13.0,0.767647
3008.0,14.0,0.38641
3008.0,15.0,0.999513
3008.0,16.0,0.619382
3008.0,17.0,0.655339
3008.0,18.0,0.994159
3008.0,19.0,0.970802
3008.0,20.0,0.361403
3008.0,21.0,0.833805
3008.0,22.0,0.899392
3008.0,23.0,0.840462
3008.0,24.0,0.985787
3008.0,25.0,0.869289
3008.0,26.0,1.0
3008.0,27.0,0.664402
3008.0,28.0,0.671199
3008.0,29.0,1.0
3008.0,30.0,0.670432
3008.0,31.0,0.910098
3008.0,32.0,0.0
3008.0,33.0,0.798338
3008.0,34.0,0.0
3008.0,35.0,1.0
3008.0,36.0,1.0
3009.0,0.0,1.0
3009.0,1.0,0.999044
3009.0,2.0,0.564052
3009.0,3.0,0.549445
3009.0,4.0,1.0
3009.0,5.0,0.911512
3009.0,6.0,1.0
3009.0,7.0,0.843833
3009.0,8.0,1.0
3009.0,9.0,0.471264
3009.0,10.0,0.563055
3009.0,11.0,0.840772
3009.0,12.0,0.685911
3009.0,13.0,0.766519
3009.0,14.0,0.385964
3009.0,15.0,0.999463
3009.0,16.0,0.583508
3009.0,17.0,0.647597
3009.0,18.0,0.993978
3009.0,19.0,0.967784
3009.0,20.0,0.337282
3009.0,21.0,0.830924
3009.0,22.0,0.897265
3009.0,23.0,0.83283
3009.0,24.0,0.985753
3009.0,25.0,0.864526
3009.0,26.0,1.0
3009.0,27.0,0.65896
3009.0,28.0,0.661706
3009.0,29.0,1.0
3009.0,30.0,0.653464
3009.0,31.0,0.906901
3009.0,32.0,0.0
3009.0,33.0,0.792222
3009.0,34.0,0.0
3009.0,35.0,1.0
3009.0,36.0,1.0
3010.0,0.0,1.0
3010.0,1.0,0.999058
3010.0,2.0,0.495832
3010.0,3.0,0.534778
3010.0,4.0,1.0
3010.0,5.0,0.90785
3010.0,6.0,1.0
3010.0,7.0,0.842247
3010.0,8.0,1.0
3010.0,9.0,0.464664
3010.0,10.0,0.562989
3010.0,11.0,0.790311
3010.0,12.0,0.649472
3010.0,13.0,0.766421
3010.0,14.0,0.385381
3010.0,15.0,0.99942
3010.0,16.0,0.550487
3010.0,17.0,0.640622
3010.0,18.0,0.993803
3010.0,19.0,0.964291
3010.0,20.0,0.315664
3010.0,21.0,0.828786
3010.0,22.0,0.894639
3010.0,23.0,0.825639
3010.0,24.0,0.985809
3010.0,25.0,0.860014
3010.0,26.0,1.0
3010.0,27.0,0.654645
3010.0,28.0,0.652178
3010.0,29.0,1.0
3010.0,30.0,0.637286
3010.0,31.0,0.904085
3010.0,32.0,0.0
3010.0,33.0,0.786988
3010.0,34.0,0.0
3010.0,35.0,1.0
3010.0,36.0,1.0
4000.0,0.0,1.0
4000.0,1.0,0.999957
4000.0,2.0,0.49552
4000.0,3.0,0.528998
4000.0,4.0,1.0
4000.0,5.0,0.91537
4000.0,6.0,1.0
4000.0,7.0,0.87827
4000.0,8.0,1.0
4000.0,9.0,0.458067
4000.0,10.0,0.569575
4000.0,11.0,0.787666
4000.0,12.0,0.654843
4000.0,13.0,0.801525
4000.0,14.0,0.362065
4000.0,15.0,1.0
4000.0,16.0,0.550798
4000.0,17.0,0.636289
4000.0,18.0,0.993379
4000.0,19.0,0.965783
4000.0,20.0,0.310156
4000.0,21.0,0.833864
4000.0,22.0,0.895318
4000.0,23.0,0.82723
4000.0,24.0,0.994645
4000.0,25.0,0.866947
4000.0,26.0,1.0
4000.0,27.0,0.651171
4000.0,28.0,0.653059
4000.0,29.0,1.0
4000.0,30.0,0.642435
4000.0,31.0,0.902945
4000.0,32.0,0.0
4000.0,33.0,0.781876
4000.0,34.0,0.0
4000.0,35.0,1.0
4000.0,36.0,1.0
4001.0,0.0,1.0
4001.0,1.0,0.999962
4001.0,2.0,0.516428
4001.0,3.0,0.532969
4001.0,4.0,1.0
4001.0,5.0,0.916292
4001.0,6.0,1.0
4001.0,7.0,0.87831
4001.0,8.0,1.0
4001.0,9.0,0.460134
4001.0,10.0,0.569517
4001.0,11.0,0.802312
4001.0,12.0,0.664108
4001.0,13.0,0.802999
4001.0,14.0,0.363052
4001.0,15.0,1.0
4001.0,16.0,0.558695
4001.0,17.0,0.63877
4001.0,18.0,0.993516
4001.0,19.0,0.966417
4001.0,20.0,0.315816
4001.0,21.0,0.834105
4001.0,22.0,0.896132
4001.0,23.0,0.828733
4001.0,24.0,0.994729
4001.0,25.0,0.868285
4001.0,26.0,1.0
4001.0,27.0,0.652716
4001.0,28.0,0.656192
4001.0,29.0,1.0
4001.0,30.0,0.646516
4001.0,31.0,0.903383
4001.0,32.0,0.0
4001.0,33.0,0.783006
4001.0,34.0,0.0
4001.0,35.0,1.0
4001.0,36.0,1.0
4002.0,0.0,1.0
4002.0,1.0,0.999958
4002.0,2.0,0.537514
4002.0,3.0,0.537207
4002.0,4.0,1.0
4002.0,5.0,0.917429
4002.0,6.0,1.0
4002.0,7.0,0.878463
4002.0,8.0,1.0
4002.0,9.0,0.462674
4002.0,10.0,0.569709
4002.0,11.0,0.816298
4002.0,12.0,0.67361
4002.0,13.0,0.803187
4002.0,14.0,0.363032
4002.0,15.0,1.0
4002.0,16.0,0.568658
4002.0,17.0,0.639753
4002.0,18.0,0.993555
4002.0,19.0,0.96725
4002.0,20.0,0.3213
4002.0,21.0,0.83442
4002.0,22.0,0.896834
4002.0,23.0,0.830233
4002.0,24.0,0.994728
4002.0,25.0,0.86902
4002.0,26.0,1.0
4002.0,27.0,0.653913
4002.0,28.0,0.659274
4002.0,29.0,1.0
4002.0,30.0,0.649981
4002.0,31.0,0.90374
4002.0,32.0,0.0
4002.0,33.0,0.783956
4002.0,34.0,0.0
4002.0,35.0,1.0
4002.0,36.0,1.0
4003.0,0.0,1.0
4003.0,1.0,0.999956
4003.0,2.0,0.557594
4003.0,3.0,0.541644
4003.0,4.0,1.0
4003.0,5.0,0.9187
4003.0,6.0,1.0
4003.0,7.0,0.87891
4003.0,8.0,1.0
4003.0,9.0,0.464163
4003.0,10.0,0.57012
4003.0,11.0,0.830039
4003.0,12.0,0.682985
4003.0,13.0,0.803396
4003.0,14.0,0.364032
4003.0,15.0,1.0
4003.0,16.0,0.576472
4003.0,17.0,0.641847
4003.0,18.0,0.99365
4003.0,19.0,0.968012
4003.0,20.0,0.326303
4003.0,21.0,0.834894
4003.0,22.0,0.897467
4003.0,23.0,0.83261
4003.0,24.0,0.994687
4003.0,25.0,0.869778
4003.0,26.0,1.0
4003.0,27.0,0.655248
4003.0,28.0,0.66117
4003.0,29.0,1.0
4003.0,30.0,0.653535
4003.0,31.0,0.904162
4003.0,32.0,0.0
4003.0,33.0,0.785265
4003.0,34.0,0.0
4003.0,35.0,1.0
4003.0,36.0,1.0
4004.0,0.0,1.0
4004.0,1.0,0.999967
4004.0,2.0,0.57649
4004.0,3.0,0.545436
4004.0,4.0,1.0
4004.0,5.0,0.919689
4004.0,6.0,1.0
4004.0,7.0,0.878513
4004.0,8.0,1.0
4004.0,9.0,0.465857
4004.0,10.0,0.571142
4004.0,11.0,0.842664
4004.0,12.0,0.69255
4004.0,13.0,0.803897
4004.0,14.0,0.364072
4004.0,15.0,1.0
4004.0,16.0,0.585361
4004.0,17.0,0.643234
4004.0,18.0,0.993697
4004.0,19.0,0.96885
4004.0,20.0,0.331808
4004.0,21.0,0.83509
4004.0,22.0,0.898115
4004.0,23.0,0.834343
4004.0,24.0,0.994639
4004.0,25.0,0.870933
4004.0,26.0,1.0
4004.0,27.0,0.656332
4004.0,28.0,0.663589
4004.0,29.0,1.0
4004.0,30.0,0.657313
4004.0,31.0,0.904988
4004.0,32.0,0.0
4004.0,33.0,0.786503
4004.0,34.0,0.0
4004.0,35.0,1.0
4004.0,36.0,1.0
4005.0,0.0,1.0
4005.0,1.0,0.999962
4005.0,2.0,0.593591
4005.0,3.0,0.54921
4005.0,4.0,1.0
4005.0,5.0,0.920576
4005.0,6.0,1.0
4005.0,7.0,0.878734
4005.0,8.0,1.0
4005.0,9.0,0.46776
4005.0,10.0,0.572019
4005.0,11.0,0.853669
4005.0,12.0,0.701748
4005.0,13.0,0.804171
4005.0,14.0,0.364286
4005.0,15.0,1.0
4005.0,16.0,0.593139
4005.0,17.0,0.644543
4005.0,18.0,0.993866
4005.0,19.0,0.969631
4005.0,20.0,0.336723
4005.0,21.0,0.835356
4005.0,22.0,0.898448
4005.0,23.0,0.83584
4005.0,24.0,0.994658
4005.0,25.0,0.872025
4005.0,26.0,1.0
4005.0,27.0,0.657937
4005.0,28.0,0.666175
4005.0,29.0,1.0
4005.0,30.0,0.661251
4005.0,31.0,0.906048
4005.0,32.0,0.0
4005.0,33.0,0.78807
4005.0,34.0,0.0
4005.0,35.0,1.0
4005.0,36.0,1.0
4006.0,0.0,1.0
4006.0,1.0,0.999963
4006.0,2.0,0.610823
4006.0,3.0,0.552828
4006.0,4.0,1.0
4006.0,5.0,0.921245
4006.0,6.0,1.0
4006.0,7.0,0.879312
4006.0,8.0,1.0
4006.0,9.0,0.470074
4006.0,10.0,0.57296
4006.0,11.0,0.864404
4006.0,12.0,0.709176
4006.0,13.0,0.804739
4006.0,14.0,0.364081
4006.0,15.0,1.0
4006.0,16.0,0.601925
4006.0,17.0,0.646168
4006.0,18.0,0.993867
4006.0,19.0,0.970159
4006.0,20.0,0.341501
4006.0,21.0,0.835835
4006.0,22.0,0.899152
4006.0,23.0,0.838109
4006.0,24.0,0.994706
4006.0,25.0,0.872629
4006.0,26.0,1.0
4006.0,27.0,0.660007
4006.0,28.0,0.668452
4006.0,29.0,1.0
4006.0,30.0,0.664633
4006.0,31.0,0.906698
4006.0,32.0,0.0
4006.0,33.0,0.789126
4006.0,34.0,0.0
4006.0,35.0,1.0
4006.0,36.0,1.0
4007.0,0.0,1.0
4007.0,1.0,0.999967
4007.0,2.0,0.626518
4007.0,3.0,0.556483
4007.0,4.0,1.0
4007.0,5.0,0.922053
4007.0,6.0,1.0
4007.0,7.0,0.879235
4007.0,8.0,1.0
4007.0,9.0,0.47199
4007.0,10.0,0.572829
4007.0,11.0,0.874193
4007.0,12.0,0.717389
4007.0,13.0,0.805993
4007.0,14.0,0.363971
4007.0,15.0,1.0
4007.0,16.0,0.609929
4007.0,17.0,0.647401
4007.0,18.0,0.993845
4007.0,19.0,0.970911
4007.0,20.0,0.347338
4007.0,21.0,0.835873
4007.0,22.0,0.899859
4007.0,23.0,0.83992
4007.0,24.0,0.994691
4007.0,25.0,0.873637
4007.0,26.0,1.0
4007.0,27.0,0.660266
4007.0,28.0,0.671515
4007.0,29.0,1.0
4007.0,30.0,0.669279
4007.0,31.0,0.907287
4007.0,32.0,0.0
4007.0,33.0,0.791133
4007.0,34.0,0.0
4007.0,35.0,1.0
4007.0,36.0,1.0
4008.0,0.0,1.0
4008.0,1.0,0.999958
4008.0,2.0,0.642491
4008.0,3.0,0.561082
4008.0,4.0,1.0
4008.0,5.0,0.922494
4008.0,6.0,1.0
4008.0,7.0,0.879788
4008.0,8.0,1.0
4008.0,9.0,0.474141
4008.0,10.0,0.573345
4008.0,11.0,0.883792
4008.0,12.0,0.725253
4008.0,13.0,0.805974
4008.0,14.0,0.364405
4008.0,15.0,1.0
4008.0,16.0,0.617211
4008.0,17.0,0.64882
4008.0,18.0,0.993883
4008.0,19.0,0.971471
4008.0,20.0,0.352584
4008.0,21.0,0.836291
4008.0,22.0,0.900743
4008.0,23.0,0.841662
4008.0,24.0,0.994712
4008.0,25.0,0.873881
4008.0,26.0,1.0
4008.0,27.0,0.661354
4008.0,28.0,0.674581
4008.0,29.0,1.0
4008.0,30.0,0.673449
4008.0,31.0,0.907903
4008.0,32.0,0.0
4008.0,33.0,0.792411
4008.0,34.0,0.0
4008.0,35.0,1.0
4008.0,36.0,1.0
4009.0,0.0,1.0
4009.0,1.0,0.999949
4009.0,2.0,0.563838
4009.0,3.0,0.545177
4009.0,4.0,1.0
4009.0,5.0,0.918476
4009.0,6.0,1.0
4009.0,7.0,0.878402
4009.0,8.0,1.0
4009.0,9.0,0.466075
4009.0,10.0,0.571523
4009.0,11.0,0.839454
4009.0,12.0,0.689797
4009.0,13.0,0.805149
4009.0,14.0,0.36424
4009.0,15.0,1.0
4009.0,16.0,0.581472
4009.0,17.0,0.641965
4009.0,18.0,0.993504
4009.0,19.0,0.967942
4009.0,20.0,0.328329
4009.0,21.0,0.833518
4009.0,22.0,0.898872
4009.0,23.0,0.833537
4009.0,24.0,0.994868
4009.0,25.0,0.869669
4009.0,26.0,1.0
4009.0,27.0,0.657294
4009.0,28.0,0.664653
4009.0,29.0,1.0
4009.0,30.0,0.656535
4009.0,31.0,0.905155
4009.0,32.0,0.0
4009.0,33.0,0.786791
4009.0,34.0,0.0
4009.0,35.0,1.0
4009.0,36.0,1.0
4010.0,0.0,1.0
4010.0,1.0,0.999952
4010.0,2.0,0.494836
4010.0,3.0,0.530284
4010.0,4.0,1.0
4010.0,5.0,0.91471
4010.0,6.0,1.0
4010.0,7.0,0.876801
4010.0,8.0,1.0
4010.0,9.0,0.459298
4010.0,10.0,0.569946
4010.0,11.0,0.789021
4010.0,12.0,0.654438
4010.0,13.0,0.804359
4010.0,14.0,0.362927
4010.0,15.0,1.0
4010.0,16.0,0.548569
4010.0,17.0,0.636553
4010.0,18.0,0.993253
4010.0,19.0,0.964825
4010.0,20.0,0.307007
4010.0,21.0,0.831455
4010.0,22.0,0.897081
4010.0,23.0,0.826159
4010.0,24.0,0.994874
4010.0,25.0,0.866172
4010.0,26.0,1.0
4010.0,27.0,0.65358
4010.0,28.0,0.655224
4010.0,29.0,1.0
4010.0,30.0,0.640405
4010.0,31.0,0.902373
4010.0,32.0,0.0
4010.0,33.0,0.781767
4010.0,34.0,0.0
4010.0,35.0,1.0
4010.0,36.0,1.0
5000.0,0.0,1.0
5000.0,1.0,1.0
5000.0,2.0,0.494632
5000.0,3.0,0.53572
5000.0,4.0,1.0
5000.0,5.0,0.905915
5000.0,6.0,1.0
5000.0,7.0,0.897735
5000.0,8.0,1.0
5000.0,9.0,0.453026
5000.0,10.0,0.582708
5000.0,11.0,0.784748
5000.0,12.0,0.651472
5000.0,13.0,0.839788
5000.0,14.0,0.372851
5000.0,15.0,1.0
5000.0,16.0,0.546378
5000.0,17.0,0.632652
5000.0,18.0,0.99671
5000.0,19.0,0.960078
5000.0,20.0,0.312852
5000.0,21.0,0.849408
5000.0,22.0,0.893538
5000.0,23.0,0.822302
5000.0,24.0,0.997908
5000.0,25.0,0.866128
5000.0,26.0,1.0
5000.0,27.0,0.645068
5000.0,28.0,0.653074
5000.0,29.0,1.0
5000.0,30.0,0.641978
5000.0,31.0,0.905962
5000.0,32.0,0.0
5000.0,33.0,0.791849
5000.0,34.0,0.0
5000.0,35.0,1.0
5000.0,36.0,1.0
5001.0,0.0,1.0
5001.0,1.0,1.0
5001.0,2.0,0.515104
5001.0,3.0,0.539563
5001.0,4.0,1.0
5001.0,5.0,0.906917
5001.0,6.0,1.0
5001.0,7.0,0.898261
5001.0,8.0,1.0
5001.0,9.0,0.45587
5001.0,10.0,0.583301
5001.0,11.0,0.798986
5001.0,12.0,0.662805
5001.0,13.0,0.839804
5001.0,14.0,0.372275
5001.0,15.0,1.0
5001.0,16.0,0.555419
5001.0,17.0,0.633474
5001.0,18.0,0.99675
5001.0,19.0,0.961088
5001.0,20.0,0.31884
5001.0,21.0,0.849868
5001.0,22.0,0.893791
5001.0,23.0,0.823807
5001.0,24.0,0.997875
5001.0,25.0,0.867125
5001.0,26.0,1.0
5001.0,27.0,0.646574
5001.0,28.0,0.655141
5001.0,29.0,1.0
5001.0,30.0,0.645747
5001.0,31.0,0.906921
5001.0,32.0,0.0
5001.0,33.0,0.794258
5001.0,34.0,0.0
5001.0,35.0,1.0
5001.0,36.0,1.0
5002.0,0.0,1.0
5002.0,1.0,1.0
5002.0,2.0,0.535339
5002.0,3.0,0.542881
5002.0,4.0,1.0
5002.0,5.0,0.90773
5002.0,6.0,1.0
5002.0,7.0,0.898577
5002.0,8.0,1.0
5002.0,9.0,0.457726
5002.0,10.0,0.583222
5002.0,11.0,0.812655
5002.0,12.0,0.672911
5002.0,13.0,0.839726
5002.0,14.0,0.372984
5002.0,15.0,1.0
5002.0,16.0,0.564728
5002.0,17.0,0.634563
5002.0,18.0,0.996837
5002.0,19.0,0.961953
5002.0,20.0,0.324245
5002.0,21.0,0.850741
5002.0,22.0,0.89492
5002.0,23.0,0.825264
5002.0,24.0,0.997868
5002.0,25.0,0.86853
5002.0,26.0,1.0
5002.0,27.0,0.648086
5002.0,28.0,0.657585
5002.0,29.0,1.0
5002.0,30.0,0.649615
5002.0,31.0,0.907759
5002.0,32.0,0.0
5002.0,33.0,0.795778
5002.0,34.0,0.0
5002.0,35.0,1.0
5002.0,36.0,1.0
5003.0,0.0,1.0
5003.0,1.0,1.0
5003.0,2.0,0.555256
5003.0,3.0,0.54781
5003.0,4.0,1.0
5003.0,5.0,0.908925
5003.0,6.0,1.0
5003.0,7.0,0.898456
5003.0,8.0,1.0
5003.0,9.0,0.460358
5003.0,10.0,0.583453
5003.0,11.0,0.826879
5003.0,12.0,0.682695
5003.0,13.0,0.839835
5003.0,14.0,0.373941
5003.0,15.0,1.0
5003.0,16.0,0.573351
5003.0,17.0,0.636664
5003.0,18.0,0.996829
5003.0,19.0,0.962986
5003.0,20.0,0.329748
5003.0,21.0,0.851596
5003.0,22.0,0.89554
5003.0,23.0,0.826718
5003.0,24.0,0.997957
5003.0,25.0,0.869698
5003.0,26.0,1.0
5003.0,27.0,0.648801
5003.0,28.0,0.659074
5003.0,29.0,1.0
5003.0,30.0,0.655136
5003.0,31.0,0.908783
5003.0,32.0,0.0
5003.0,33.0,0.797494
5003.0,34.0,0.0
5003.0,35.0,1.0
5003.0,36.0,1.0
5004.0,0.0,1.0
5004.0,1.0,1.0
5004.0,2.0,0.574161
5004.0,3.0,0.551326
5004.0,4.0,1.0
5004.0,5.0,0.909958
5004.0,6.0,1.0
5004.0,7.0,0.898769
5004.0,8.0,1.0
5004.0,9.0,0.462353
5004.0,10.0,0.583746
5004.0,11.0,0.839152
5004.0,12.0,0.692126
5004.0,13.0,0.840529
5004.0,14.0,0.374176
5004.0,15.0,1.0
5004.0,16.0,0.581592
5004.0,17.0,0.638423
5004.0,18.0,0.997008
5004.0,19.0,0.964032
5004.0,20.0,0.335591
5004.0,21.0,0.852674
5004.0,22.0,0.896283
5004.0,23.0,0.828532
5004.0,24.0,0.997987
5004.0,25.0,0.870787
5004.0,26.0,1.0
5004.0,27.0,0.650531
5004.0,28.0,0.662027
5004.0,29.0,1.0
5004.0,30.0,0.659154
5004.0,31.0,0.909848
5004.0,32.0,0.0
5004.0,33.0,0.798638
5004.0,34.0,0.0
5004.0,35.0,1.0
5004.0,36.0,1.0
5005.0,0.0,1.0
5005.0,1.0,1.0
5005.0,2.0,0.592763
5005.0,3.0,0.554207
5005.0,4.0,1.0
5005.0,5.0,0.910771
5005.0,6.0,1.0
5005.0,7.0,0.899091
5005.0,8.0,1.0
5005.0,9.0,0.464019
5005.0,10.0,0.583463
5005.0,11.0,0.850577
5005.0,12.0,0.700265
5005.0,13.0,0.840791
5005.0,14.0,0.374325
5005.0,15.0,1.0
5005.0,16.0,0.58949
5005.0,17.0,0.639139
5005.0,18.0,0.996976
5005.0,19.0,0.965097
5005.0,20.0,0.341351
5005.0,21.0,0.852919
5005.0,22.0,0.897179
5005.0,23.0,0.829737
5005.0,24.0,0.997972
5005.0,25.0,0.871718
5005.0,26.0,1.0
5005.0,27.0,0.651906
5005.0,28.0,0.664885
5005.0,29.0,1.0
5005.0,30.0,0.66353
5005.0,31.0,0.910309
5005.0,32.0,0.0
5005.0,33.0,0.800157
5005.0,34.0,0.0
5005.0,35.0,1.0
5005.0,36.0,1.0
5006.0,0.0,1.0
5006.0,1.0,1.0
5006.0,2.0,0.610551
5006.0,3.0,0.558431
5006.0,4.0,1.0
5006.0,5.0,0.911863
5006.0,6.0,1.0
5006.0,7.0,0.899387
5006.0,8.0,1.0
5006.0,9.0,0.465537
5006.0,10.0,0.583923
5006.0,11.0,0.861811
5006.0,12.0,0.708266
5006.0,13.0,0.84085
5006.0,14.0,0.375043
5006.0,15.0,1.0
5006.0,16.0,0.597548
5006.0,17.0,0.641155
5006.0,18.0,0.99706
5006.0,19.0,0.965825
5006.0,20.0,0.346391
5006.0,21.0,0.853274
5006.0,22.0,0.897745
5006.0,23.0,0.831801
5006.0,24.0,0.997903
5006.0,25.0,0.873088
5006.0,26.0,1.0
5006.0,27.0,0.653203
5006.0,28.0,0.667383
5006.0,29.0,1.0
5006.0,30.0,0.668234
5006.0,31.0,0.91085
5006.0,32.0,0.0
5006.0,33.0,0.801621
5006.0,34.0,0.0
5006.0,35.0,1.0
5006.0,36.0,1.0
5007.0,0.0,1.0
5007.0,1.0,1.0
5007.0,2.0,0.627877
5007.0,3.0,0.56244
5007.0,4.0,1.0
5007.0,5.0,0.913192
5007.0,6.0,1.0
5007.0,7.0,0.899862
5007.0,8.0,1.0
5007.0,9.0,0.467169
5007.0,10.0,0.584815
5007.0,11.0,0.872129
5007.0,12.0,0.716463
5007.0,13.0,0.841409
5007.0,14.0,0.375698
5007.0,15.0,1.0
5007.0,16.0,0.605148
5007.0,17.0,0.643351
5007.0,18.0,0.997042
5007.0,19.0,0.966245
5007.0,20.0,0.352355
5007.0,21.0,0.853998
5007.0,22.0,0.898106
5007.0,23.0,0.833796
5007.0,24.0,0.997918
5007.0,25.0,0.873839
5007.0,26.0,1.0
5007.0,27.0,0.653991
5007.0,28.0,0.669925
5007.0,29.0,1.0
5007.0,30.0,0.672614
5007.0,31.0,0.911913
5007.0,32.0,0.0
5007.0,33.0,0.802579
5007.0,34.0,0.0
5007.0,35.0,1.0
5007.0,36.0,1.0
5008.0,0.0,1.0
5008.0,1.0,1.0
5008.0,2.0,0.644328
5008.0,3.0,0.566778
5008.0,4.0,1.0
5008.0,5.0,0.913987
5008.0,6.0,1.0
5008.0,7.0,0.899803
5008.0,8.0,1.0
5008.0,9.0,0.468554
5008.0,10.0,0.585125
5008.0,11.0,0.881843
5008.0,12.0,0.72395
5008.0,13.0,0.841465
5008.0,14.0,0.375105
5008.0,15.0,1.0
5008.0,16.0,0.613434
5008.0,17.0,0.644806
5008.0,18.0,0.997019
5008.0,19.0,0.967224
5008.0,20.0,0.357107
5008.0,21.0,0.854969
5008.0,22.0,0.898127
5008.0,23.0,0.836299
5008.0,24.0,0.997931
5008.0,25.0,0.874856
5008.0,26.0,1.0
5008.0,27.0,0.655859
5008.0,28.0,0.672806
5008.0,29.0,1.0
5008.0,30.0,0.67742
5008.0,31.0,0.91257
5008.0,32.0,0.0
5008.0,33.0,0.803465
5008.0,34.0,0.0
5008.0,35.0,1.0
5008.0,36.0,1.0
5009.0,0.0,1.0
5009.0,1.0,1.0
5009.0,2.0,0.565795
5009.0,3.0,0.550336
5009.0,4.0,1.0
5009.0,5.0,0.909639
5009.0,6.0,1.0
5009.0,7.0,0.898758
5009.0,8.0,1.0
5009.0,9.0,0.460152
5009.0,10.0,0.583313
5009.0,11.0,0.836163
5009.0,12.0,0.689117
5009.0,13.0,0.840437
5009.0,14.0,0.373157
5009.0,15.0,1.0
5009.0,16.0,0.578271
5009.0,17.0,0.638196
5009.0,18.0,0.996801
5009.0,19.0,0.963698
5009.0,20.0,0.332181
5009.0,21.0,0.852587
5009.0,22.0,0.895788
5009.0,23.0,0.828546
5009.0,24.0,0.997879
5009.0,25.0,0.870224
5009.0,26.0,1.0
5009.0,27.0,0.650959
5009.0,28.0,0.662171
5009.0,29.0,1.0
5009.0,30.0,0.659857
5009.0,31.0,0.909092
5009.0,32.0,0.0
5009.0,33.0,0.798837
5009.0,34.0,0.0
5009.0,35.0,1.0
5009.0,36.0,1.0
5010.0,0.0,1.0
5010.0,1.0,1.0
5010.0,2.0,0.496758
5010.0,3.0,0.53554
5010.0,4.0,1.0
5010.0,5.0,0.905643
5010.0,6.0,1.0
5010.0,7.0,0.89834
5010.0,8.0,1.0
5010.0,9.0,0.452618
5010.0,10.0,0.582101
5010.0,11.0,0.784701
5010.0,12.0,0.653669
5010.0,13.0,0.839396
5010.0,14.0,0.371928
5010.0,15.0,1.0
5010.0,16.0,0.545233
5010.0,17.0,0.632573
5010.0,18.0,0.996738
5010.0,19.0,0.960234
5010.0,20.0,0.31179
5010.0,21.0,0.850834
5010.0,22.0,0.892961
5010.0,23.0,0.821306
5010.0,24.0,0.997818
5010.0,25.0,0.865915
5010.0,26.0,1.0
5010.0,27.0,0.646232
5010.0,28.0,0.653421
5010.0,29.0,1.0
5010.0,30.0,0.643155
5010.0,31.0,0.90641
5010.0,32.0,0.0
5010.0,33.0,0.793538
5010.0,34.0,0.0
5010.0,35.0,1.0
5010.0,36.0,1.0
6000.0,0.0,1.0
6000.0,1.0,1.0
6000.0,2.0,0.496379
6000.0,3.0,0.542039
6000.0,4.0,1.0
6000.0,5.0,0.90114
6000.0,6.0,1.0
6000.0,7.0,0.912031
6000.0,8.0,1.0
6000.0,9.0,0.456983
6000.0,10.0,0.583876
6000.0,11.0,0.786025
6000.0,12.0,0.649751
6000.0,13.0,0.873392
6000.0,14.0,0.347161
6000.0,15.0,1.0
6000.0,16.0,0.545313
6000.0,17.0,0.635948
6000.0,18.0,0.997613
6000.0,19.0,0.962816
6000.0,20.0,0.316249
6000.0,21.0,0.852117
6000.0,22.0,0.883885
6000.0,23.0,0.830741
6000.0,24.0,0.999262
6000.0,25.0,0.853773
6000.0,26.0,1.0
6000.0,27.0,0.633792
6000.0,28.0,0.650348
6000.0,29.0,1.0
6000.0,30.0,0.644315
6000.0,31.0,0.90429
6000.0,32.0,0.0
6000.0,33.0,0.79711
6000.0,34.0,0.0
6000.0,35.0,1.0
6000.0,36.0,1.0
6001.0,0.0,1.0
6001.0,1.0,1.0
6001.0,2.0,0.517856
6001.0,3.0,0.546193
6001.0,4.0,1.0
6001.0,5.0,0.901551
6001.0,6.0,1.0
6001.0,7.0,0.912099
6001.0,8.0,1.0
6001.0,9.0,0.45942
6001.0,10.0,0.584037
6001.0,11.0,0.80018
6001.0,12.0,0.66011
6001.0,13.0,0.873301
6001.0,14.0,0.348281
6001.0,15.0,1.0
6001.0,16.0,0.55304
6001.0,17.0,0.637739
6001.0,18.0,0.997568
6001.0,19.0,0.963879
6001.0,20.0,0.321438
6001.0,21.0,0.852488
6001.0,22.0,0.884072
6001.0,23.0,0.832182
6001.0,24.0,0.999244
6001.0,25.0,0.855437
6001.0,26.0,1.0
6001.0,27.0,0.634575
6001.0,28.0,0.652605
6001.0,29.0,1.0
6001.0,30.0,0.648515
6001.0,31.0,0.904724
6001.0,32.0,0.0
6001.0,33.0,0.798804
6001.0,34.0,0.0
6001.0,35.0,1.0
6001.0,36.0,1.0
6002.0,0.0,1.0
6002.0,1.0,1.0
6002.0,2.0,0.537204
6002.0,3.0,0.549969
6002.0,4.0,1.0
6002.0,5.0,0.902182
6002.0,6.0,1.0
6002.0,7.0,0.912486
6002.0,8.0,1.0
6002.0,9.0,0.460763
6002.0,10.0,0.583826
6002.0,11.0,0.814622
6002.0,12.0,0.670258
6002.0,13.0,0.87338
6002.0,14.0,0.348063
6002.0,15.0,1.0
6002.0,16.0,0.562696
6002.0,17.0,0.638885
6002.0,18.0,0.997592
6002.0,19.0,0.964909
6002.0,20.0,0.32735
6002.0,21.0,0.85273
6002.0,22.0,0.885091
6002.0,23.0,0.834771
6002.0,24.0,0.999229
6002.0,25.0,0.857033
6002.0,26.0,1.0
6002.0,27.0,0.635563
6002.0,28.0,0.655889
6002.0,29.0,1.0
6002.0,30.0,0.652273
6002.0,31.0,0.905377
6002.0,32.0,0.0
6002.0,33.0,0.799918
6002.0,34.0,0.0
6002.0,35.0,1.0
6002.0,36.0,1.0
6003.0,0.0,1.0
6003.0,1.0,1.0
6003.0,2.0,0.557116
6003.0,3.0,0.553942
6003.0,4.0,1.0
6003.0,5.0,0.903411
6003.0,6.0,1.0
6003.0,7.0,0.91285
6003.0,8.0,1.0
6003.0,9.0,0.462835
6003.0,10.0,0.583801
6003.0,11.0,0.827569
6003.0,12.0,0.679053
6003.0,13.0,0.874071
6003.0,14.0,0.34835
6003.0,15.0,1.0
6003.0,16.0,0.57185
6003.0,17.0,0.64145
6003.0,18.0,0.99752
6003.0,19.0,0.966136
6003.0,20.0,0.332968
6003.0,21.0,0.853201
6003.0,22.0,0.886158
6003.0,23.0,0.836859
6003.0,24.0,0.999252
6003.0,25.0,0.857595
6003.0,26.0,1.0
6003.0,27.0,0.636859
6003.0,28.0,0.657433
6003.0,29.0,1.0
6003.0,30.0,0.65735
6003.0,31.0,0.906116
6003.0,32.0,0.0
6003.0,33.0,0.801038
6003.0,34.0,0.0
6003.0,35.0,1.0
6003.0,36.0,1.0
6004.0,0.0,1.0
6004.0,1.0,1.0
6004.0,2.0,0.576045
6004.0,3.0,0.558523
6004.0,4.0,1.0
6004.0,5.0,0.904879
6004.0,6.0,1.0
6004.0,7.0,0.913158
6004.0,8.0,1.0
6004.0,9.0,0.46502
6004.0,10.0,0.5846
6004.0,11.0,0.839341
6004.0,12.0,0.688193
6004.0,13.0,0.873676
6004.0,14.0,0.347791
6004.0,15.0,1.0
6004.0,16.0,0.58024
6004.0,17.0,0.64221
6004.0,18.0,0.997535
6004.0,19.0,0.966954
6004.0,20.0,0.338388
6004.0,21.0,0.853275
6004.0,22.0,0.88678
6004.0,23.0,0.838394
6004.0,24.0,0.99928
6004.0,25.0,0.858806
6004.0,26.0,1.0
6004.0,27.0,0.638575
6004.0,28.0,0.659739
6004.0,29.0,1.0
6004.0,30.0,0.662629
6004.0,31.0,0.907004
6004.0,32.0,0.0
6004.0,33.0,0.80235
6004.0,34.0,0.0
6004.0,35.0,1.0
6004.0,36.0,1.0
6005.0,0.0,1.0
6005.0,1.0,1.0
6005.0,2.0,0.594154
6005.0,3.0,0.562073
6005.0,4.0,1.0
6005.0,5.0,0.906021
6005.0,6.0,1.0
6005.0,7.0,0.912916
6005.0,8.0,1.0
6005.0,9.0,0.467012
6005.0,10.0,0.58484
6005.0,11.0,0.850821
6005.0,12.0,0.696885
6005.0,13.0,0.874163
6005.0,14.0,0.348074
6005.0,15.0,1.0
6005.0,16.0,0.588872
6005.0,17.0,0.644148
6005.0,18.0,0.99764
6005.0,19.0,0.96779
6005.0,20.0,0.344394
6005.0,21.0,0.853587
6005.0,22.0,0.887196
6005.0,23.0,0.840492
6005.0,24.0,0.999287
6005.0,25.0,0.859431
6005.0,26.0,1.0
6005.0,27.0,0.640086
6005.0,28.0,0.661605
6005.0,29.0,1.0
6005.0,30.0,0.665723
6005.0,31.0,0.907614
6005.0,32.0,0.0
6005.0,33.0,0.803302
6005.0,34.0,0.0
6005.0,35.0,1.0
6005.0,36.0,1.0
6006.0,0.0,1.0
6006.0,1.0,1.0
6006.0,2.0,0.611823
6006.0,3.0,0.565923
6006.0,4.0,1.0
6006.0,5.0,0.906692
6006.0,6.0,1.0
6006.0,7.0,0.913435
6006.0,8.0,1.0
6006.0,9.0,0.468239
6006.0,10.0,0.585438
6006.0,11.0,0.862323
6006.0,12.0,0.705891
6006.0,13.0,0.874338
6006.0,14.0,0.348346
6006.0,15.0,1.0
6006.0,16.0,0.597065
6006.0,17.0,0.646515
6006.0,18.0,0.997764
6006.0,19.0,0.968476
6006.0,20.0,0.350557
6006.0,21.0,0.854042
6006.0,22.0,0.887825
6006.0,23.0,0.842271
6006.0,24.0,0.999227
6006.0,25.0,0.861072
6006.0,26.0,1.0
6006.0,27.0,0.641729
6006.0,28.0,0.663412
6006.0,29.0,1.0
6006.0,30.0,0.669055
6006.0,31.0,0.908118
6006.0,32.0,0.0
6006.0,33.0,0.8048
6006.0,34.0,0.0
6006.0,35.0,1.0
6006.0,36.0,1.0
6007.0,0.0,1.0
6007.0,1.0,1.0
6007.0,2.0,0.629008
6007.0,3.0,0.569734
6007.0,4.0,1.0
6007.0,5.0,0.907501
6007.0,6.0,1.0
6007.0,7.0,0.913201
6007.0,8.0,1.0
6007.0,9.0,0.469141
6007.0,10.0,0.585494
6007.0,11.0,0.872601
6007.0,12.0,0.714957
6007.0,13.0,0.874905
6007.0,14.0,0.348333
6007.0,15.0,1.0
6007.0,16.0,0.605855
6007.0,17.0,0.647924
6007.0,18.0,0.997759
6007.0,19.0,0.969428
6007.0,20.0,0.356005
6007.0,21.0,0.854754
6007.0,22.0,0.888359
6007.0,23.0,0.843582
6007.0,24.0,0.999186
6007.0,25.0,0.86221
6007.0,26.0,1.0
6007.0,27.0,0.642462
6007.0,28.0,0.66625
6007.0,29.0,1.0
6007.0,30.0,0.672807
6007.0,31.0,0.908549
6007.0,32.0,0.0
6007.0,33.0,0.806276
6007.0,34.0,0.0
6007.0,35.0,1.0
6007.0,36.0,1.0
6008.0,0.0,1.0
6008.0,1.0,1.0
6008.0,2.0,0.644327
6008.0,3.0,0.573355
6008.0,4.0,1.0
6008.0,5.0,0.908202
6008.0,6.0,1.0
6008.0,7.0,0.913735
6008.0,8.0,1.0
6008.0,9.0,0.471665
6008.0,10.0,0.585416
6008.0,11.0,0.882196
6008.0,12.0,0.722591
6008.0,13.0,0.875119
6008.0,14.0,0.349132
6008.0,15.0,1.0
6008.0,16.0,0.613218
6008.0,17.0,0.64952
6008.0,18.0,0.997777
6008.0,19.0,0.970483
6008.0,20.0,0.361751
6008.0,21.0,0.855197
6008.0,22.0,0.889058
6008.0,23.0,0.844661
6008.0,24.0,0.999247
6008.0,25.0,0.863113
6008.0,26.0,1.0
6008.0,27.0,0.643545
6008.0,28.0,0.669324
6008.0,29.0,1.0
6008.0,30.0,0.677352
6008.0,31.0,0.90876
6008.0,32.0,0.0
6008.0,33.0,0.808174
6008.0,34.0,0.0
6008.0,35.0,1.0
6008.0,36.0,1.0
6009.0,0.0,1.0
6009.0,1.0,1.0
6009.0,2.0,0.565674
6009.0,3.0,0.556934
6009.0,4.0,1.0
6009.0,5.0,0.903859
6009.0,6.0,1.0
6009.0,7.0,0.912209
6009.0,8.0,1.0
6009.0,9.0,0.464142
6009.0,10.0,0.583762
6009.0,11.0,0.836237
6009.0,12.0,0.686645
6009.0,13.0,0.874023
6009.0,14.0,0.348541
6009.0,15.0,1.0
6009.0,16.0,0.578358
6009.0,17.0,0.642886
6009.0,18.0,0.997621
6009.0,19.0,0.967104
6009.0,20.0,0.336521
6009.0,21.0,0.853194
6009.0,22.0,0.887103
6009.0,23.0,0.837618
6009.0,24.0,0.999248
6009.0,25.0,0.859346
6009.0,26.0,1.0
6009.0,27.0,0.638203
6009.0,28.0,0.659545
6009.0,29.0,1.0
6009.0,30.0,0.660018
6009.0,31.0,0.906239
6009.0,32.0,0.0
6009.0,33.0,0.802926
6009.0,34.0,0.0
6009.0,35.0,1.0
6009.0,36.0,1.0
6010.0,0.0,1.0
6010.0,1.0,1.0
6010.0,2.0,0.49615
6010.0,3.0,0.541054
6010.0,4.0,1.0
6010.0,5.0,0.89982
6010.0,6.0,1.0
6010.0,7.0,0.911149
6010.0,8.0,1.0
6010.0,9.0,0.457079
6010.0,10.0,0.582361
6010.0,11.0,0.783826
6010.0,12.0,0.650394
6010.0,13.0,0.873172
6010.0,14.0,0.349382
6010.0,15.0,1.0
6010.0,16.0,0.545674
6010.0,17.0,0.637093
6010.0,18.0,0.997535
6010.0,19.0,0.964009
6010.0,20.0,0.315652
6010.0,21.0,0.851333
6010.0,22.0,0.884531
6010.0,23.0,0.830727
6010.0,24.0,0.999221
6010.0,25.0,0.854827
6010.0,26.0,1.0
6010.0,27.0,0.633093
6010.0,28.0,0.649438
6010.0,29.0,1.0
6010.0,30.0,0.644354
6010.0,31.0,0.90379
6010.0,32.0,0.0
6010.0,33.0,0.797789
6010.0,34.0,0.0
6010.0,35.0,1.0
6010.0,36.0,1.0
7000.0,0.0,1.0
7000.0,1.0,1.0
7000.0,2.0,0.493559
7000.0,3.0,0.535898
7000.0,4.0,1.0
7000.0,5.0,0.907857
7000.0,6.0,1.0
7000.0,7.0,0.932006
7000.0,8.0,1.0
7000.0,9.0,0.456106
7000.0,10.0,0.57883
7000.0,11.0,0.787746
7000.0,12.0,0.656501
7000.0,13.0,0.867672
7000.0,14.0,0.333348
7000.0,15.0,1.0
7000.0,16.0,0.548728
7000.0,17.0,0.641088
7000.0,18.0,0.99802
7000.0,19.0,0.959114
7000.0,20.0,0.309128
7000.0,21.0,0.84915
7000.0,22.0,0.892024
7000.0,23.0,0.823191
7000.0,24.0,1.0
7000.0,25.0,0.86715
7000.0,26.0,1.0
7000.0,27.0,0.635783
7000.0,28.0,0.649479
7000.0,29.0,1.0
7000.0,30.0,0.634633
7000.0,31.0,0.902049
7000.0,32.0,0.0
7000.0,33.0,0.790222
7000.0,34.0,0.0
7000.0,35.0,1.0
7000.0,36.0,1.0
7001.0,0.0,1.0
7001.0,1.0,1.0
7001.0,2.0,0.513873
7001.0,3.0,0.539969
7001.0,4.0,1.0
7001.0,5.0,0.909189
7001.0,6.0,1.0
7001.0,7.0,0.932338
7001.0,8.0,1.0
7001.0,9.0,0.457407
7001.0,10.0,0.578713
7001.0,11.0,0.801734
7001.0,12.0,0.666538
7001.0,13.0,0.868721
7001.0,14.0,0.334334
7001.0,15.0,1.0
7001.0,16.0,0.557606
7001.0,17.0,0.642292
7001.0,18.0,0.998006
7001.0,19.0,0.960018
7001.0,20.0,0.31455
7001.0,21.0,0.849894
7001.0,22.0,0.892275
7001.0,23.0,0.825691
7001.0,24.0,1.0
7001.0,25.0,0.86897
7001.0,26.0,1.0
7001.0,27.0,0.636716
7001.0,28.0,0.651523
7001.0,29.0,1.0
7001.0,30.0,0.638765
7001.0,31.0,0.902766
7001.0,32.0,0.0
7001.0,33.0,0.790882
7001.0,34.0,0.0
7001.0,35.0,1.0
7001.0,36.0,1.0
7002.0,0.0,1.0
7002.0,1.0,1.0
7002.0,2.0,0.534618
7002.0,3.0,0.543642
7002.0,4.0,1.0
7002.0,5.0,0.910435
7002.0,6.0,1.0
7002.0,7.0,0.932182
7002.0,8.0,1.0
7002.0,9.0,0.459902
7002.0,10.0,0.579005
7002.0,11.0,0.81555
7002.0,12.0,0.675723
7002.0,13.0,0.868579
7002.0,14.0,0.334859
7002.0,15.0,1.0
7002.0,16.0,0.566881
7002.0,17.0,0.643892
7002.0,18.0,0.997979
7002.0,19.0,0.960978
7002.0,20.0,0.320305
7002.0,21.0,0.850029
7002.0,22.0,0.892665
7002.0,23.0,0.827445
7002.0,24.0,1.0
7002.0,25.0,0.869309
7002.0,26.0,1.0
7002.0,27.0,0.638533
7002.0,28.0,0.654195
7002.0,29.0,1.0
7002.0,30.0,0.643486
7002.0,31.0,0.902979
7002.0,32.0,0.0
7002.0,33.0,0.792716
7002.0,34.0,0.0
7002.0,35.0,1.0
7002.0,36.0,1.0
7003.0,0.0,1.0
7003.0,1.0,1.0
7003.0,2.0,0.554072
7003.0,3.0,0.546706
7003.0,4.0,1.0
7003.0,5.0,0.911914
7003.0,6.0,1.0
7003.0,7.0,0.932245
7003.0,8.0,1.0
7003.0,9.0,0.462067
7003.0,10.0,0.57933
7003.0,11.0,0.828551
7003.0,12.0,0.684543
7003.0,13.0,0.86903
7003.0,14.0,0.335161
7003.0,15.0,1.0
7003.0,16.0,0.576023
7003.0,17.0,0.646203
7003.0,18.0,0.998011
7003.0,19.0,0.96241
7003.0,20.0,0.326773
7003.0,21.0,0.850291
7003.0,22.0,0.893254
7003.0,23.0,0.828934
7003.0,24.0,1.0
7003.0,25.0,0.870606
7003.0,26.0,1.0
7003.0,27.0,0.639009
7003.0,28.0,0.656219
7003.0,29.0,1.0
7003.0,30.0,0.647913
7003.0,31.0,0.903935
7003.0,32.0,0.0
7003.0,33.0,0.794683
7003.0,34.0,0.0
7003.0,35.0,1.0
7003.0,36.0,1.0
7004.0,0.0,1.0
7004.0,1.0,1.0
7004.0,2.0,0.574721
7004.0,3.0,0.551062
7004.0,4.0,1.0
7004.0,5.0,0.912693
7004.0,6.0,1.0
7004.0,7.0,0.932801
7004.0,8.0,1.0
7004.0,9.0,0.463048
7004.0,10.0,0.579392
7004.0,11.0,0.840905
7004.0,12.0,0.693717
7004.0,13.0,0.869013
7004.0,14.0,0.335258
7004.0,15.0,1.0
7004.0,16.0,0.585787
7004.0,17.0,0.646836
7004.0,18.0,0.998027
7004.0,19.0,0.963189
7004.0,20.0,0.332665
7004.0,21.0,0.8505
7004.0,22.0,0.893818
7004.0,23.0,0.831251
7004.0,24.0,1.0
7004.0,25.0,0.871547
7004.0,26.0,1.0
7004.0,27.0,0.64056
7004.0,28.0,0.658362
7004.0,29.0,1.0
7004.0,30.0,0.65179
7004.0,31.0,0.904575
7004.0,32.0,0.0
7004.0,33.0,0.795585
7004.0,34.0,0.0
7004.0,35.0,1.0
7004.0,36.0,1.0
7005.0,0.0,1.0
7005.0,1.0,1.0
7005.0,2.0,0.593037
7005.0,3.0,0.554489
7005.0,4.0,1.0
7005.0,5.0,0.913844
7005.0,6.0,1.0
7005.0,7.0,0.933345
7005.0,8.0,1.0
7005.0,9.0,0.465576
7005.0,10.0,0.580288
7005.0,11.0,0.852755
7005.0,12.0,0.702909
7005.0,13.0,0.8695
7005.0,14.0,0.335507
7005.0,15.0,1.0
7005.0,16.0,0.594849
7005.0,17.0,0.648532
7005.0,18.0,0.998051
7005.0,19.0,0.964219
7005.0,20.0,0.338544
7005.0,21.0,0.851493
7005.0,22.0,0.894705
7005.0,23.0,0.832899
7005.0,24.0,1.0
7005.0,25.0,0.872713
7005.0,26.0,1.0
7005.0,27.0,0.641679
7005.0,28.0,0.66037
7005.0,29.0,1.0
7005.0,30.0,0.655931
7005.0,31.0,0.90556
7005.0,32.0,0.0
7005.0,33.0,0.796931
7005.0,34.0,0.0
7005.0,35.0,1.0
7005.0,36.0,1.0
7006.0,0.0,1.0
7006.0,1.0,1.0
7006.0,2.0,0.61073
7006.0,3.0,0.558139
7006.0,4.0,1.0
7006.0,5.0,0.914896
7006.0,6.0,1.0
7006.0,7.0,0.933591
7006.0,8.0,1.0
7006.0,9.0,0.467373
7006.0,10.0,0.581773
7006.0,11.0,0.863981
7006.0,12.0,0.711084
7006.0,13.0,0.869312
7006.0,14.0,0.336223
7006.0,15.0,1.0
7006.0,16.0,0.603894
7006.0,17.0,0.649777
7006.0,18.0,0.998086
7006.0,19.0,0.965295
7006.0,20.0,0.343676
7006.0,21.0,0.851914
7006.0,22.0,0.895078
7006.0,23.0,0.835005
7006.0,24.0,1.0
7006.0,25.0,0.873651
7006.0,26.0,1.0
7006.0,27.0,0.643008
7006.0,28.0,0.662699
7006.0,29.0,1.0
7006.0,30.0,0.659609
7006.0,31.0,0.905774
7006.0,32.0,0.0
7006.0,33.0,0.798288
7006.0,34.0,0.0
7006.0,35.0,1.0
7006.0,36.0,1.0
7007.0,0.0,1.0
7007.0,1.0,1.0
7007.0,2.0,0.628628
7007.0,3.0,0.561958
7007.0,4.0,1.0
7007.0,5.0,0.915252
7007.0,6.0,1.0
7007.0,7.0,0.933704
7007.0,8.0,1.0
7007.0,9.0,0.469822
7007.0,10.0,0.582246
7007.0,11.0,0.874463
7007.0,12.0,0.719457
7007.0,13.0,0.870082
7007.0,14.0,0.336331
7007.0,15.0,1.0
7007.0,16.0,0.61215
7007.0,17.0,0.651667
7007.0,18.0,0.9981
7007.0,19.0,0.966228
7007.0,20.0,0.349373
7007.0,21.0,0.852554
7007.0,22.0,0.895596
7007.0,23.0,0.836969
7007.0,24.0,1.0
7007.0,25.0,0.875067
7007.0,26.0,1.0
7007.0,27.0,0.643707
7007.0,28.0,0.665733
7007.0,29.0,1.0
7007.0,30.0,0.662402
7007.0,31.0,0.906269
7007.0,32.0,0.0
7007.0,33.0,0.799535
7007.0,34.0,0.0
7007.0,35.0,1.0
7007.0,36.0,1.0
7008.0,0.0,1.0
7008.0,1.0,1.0
7008.0,2.0,0.6452
7008.0,3.0,0.565015
7008.0,4.0,1.0
7008.0,5.0,0.916284
7008.0,6.0,1.0
7008.0,7.0,0.933576
7008.0,8.0,1.0
7008.0,9.0,0.471342
7008.0,10.0,0.583161
7008.0,11.0,0.883688
7008.0,12.0,0.727428
7008.0,13.0,0.870823
7008.0,14.0,0.336018
7008.0,15.0,1.0
7008.0,16.0,0.62072
7008.0,17.0,0.65388
7008.0,18.0,0.998119
7008.0,19.0,0.967048
7008.0,20.0,0.356349
7008.0,21.0,0.853155
7008.0,22.0,0.896098
7008.0,23.0,0.838632
7008.0,24.0,1.0
7008.0,25.0,0.875997
7008.0,26.0,1.0
7008.0,27.0,0.644987
7008.0,28.0,0.668274
7008.0,29.0,1.0
7008.0,30.0,0.666263
7008.0,31.0,0.906702
7008.0,32.0,0.0
7008.0,33.0,0.801098
7008.0,34.0,0.0
7008.0,35.0,1.0
7008.0,36.0,1.0
7009.0,0.0,1.0
7009.0,1.0,1.0
7009.0,2.0,0.565269
7009.0,3.0,0.54837
7009.0,4.0,1.0
7009.0,5.0,0.912582
7009.0,6.0,1.0
7009.0,7.0,0.932805
7009.0,8.0,1.0
7009.0,9.0,0.463698
7009.0,10.0,0.580836
7009.0,11.0,0.838827
7009.0,12.0,0.692193
7009.0,13.0,0.869899
7009.0,14.0,0.334922
7009.0,15.0,1.0
7009.0,16.0,0.585257
7009.0,17.0,0.646363
7009.0,18.0,0.998084
7009.0,19.0,0.963605
7009.0,20.0,0.331618
7009.0,21.0,0.851079
7009.0,22.0,0.89322
7009.0,23.0,0.831034
7009.0,24.0,1.0
7009.0,25.0,0.871845
7009.0,26.0,1.0
7009.0,27.0,0.640664
7009.0,28.0,0.657912
7009.0,29.0,1.0
7009.0,30.0,0.64839
7009.0,31.0,0.903235
7009.0,32.0,0.0
7009.0,33.0,0.795458
7009.0,34.0,0.0
7009.0,35.0,1.0
7009.0,36.0,1.0
7010.0,0.0,1.0
7010.0,1.0,1.0
7010.0,2.0,0.496429
7010.0,3.0,0.534411
7010.0,4.0,1.0
7010.0,5.0,0.909244
7010.0,6.0,1.0
7010.0,7.0,0.932009
7010.0,8.0,1.0
7010.0,9.0,0.456983
7010.0,10.0,0.579834
7010.0,11.0,0.787307
7010.0,12.0,0.656981
7010.0,13.0,0.868718
7010.0,14.0,0.333521
7010.0,15.0,1.0
7010.0,16.0,0.552697
7010.0,17.0,0.64042
7010.0,18.0,0.998051
7010.0,19.0,0.960118
7010.0,20.0,0.310557
7010.0,21.0,0.849244
7010.0,22.0,0.890388
7010.0,23.0,0.823849
7010.0,24.0,1.0
7010.0,25.0,0.867946
7010.0,26.0,1.0
7010.0,27.0,0.636291
7010.0,28.0,0.648074
7010.0,29.0,1.0
7010.0,30.0,0.632888
7010.0,31.0,0.900687
7010.0,32.0,0.0
7010.0,33.0,0.789996
7010.0,34.0,0.0
7010.0,35.0,1.0
7010.0,36.0,1.0
8000.0,0.0,1.0
8000.0,1.0,1.0
8000.0,2.0,0.492326
8000.0,3.0,0.535401
8000.0,4.0,1.0
8000.0,5.0,0.913169
8000.0,6.0,1.0
8000.0,7.0,0.943666
8000.0,8.0,1.0
8000.0,9.0,0.454386
8000.0,10.0,0.571713
8000.0,11.0,0.786143
8000.0,12.0,0.652269
8000.0,13.0,0.887675
8000.0,14.0,0.338901
8000.0,15.0,1.0
8000.0,16.0,0.554012
8000.0,17.0,0.632285
8000.0,18.0,0.997064
8000.0,19.0,0.954438
8000.0,20.0,0.313235
8000.0,21.0,0.838095
8000.0,22.0,0.885797
8000.0,23.0,0.825288
8000.0,24.0,1.0
8000.0,25.0,0.868146
8000.0,26.0,1.0
8000.0,27.0,0.645498
8000.0,28.0,0.656522
8000.0,29.0,1.0
8000.0,30.0,0.630118
8000.0,31.0,0.906185
8000.0,32.0,0.0
8000.0,33.0,0.792789
8000.0,34.0,0.0
8000.0,35.0,1.0
8000.0,36.0,1.0
8001.0,0.0,1.0
8001.0,1.0,1.0
8001.0,2.0,0.512485
8001.0,3.0,0.539308
8001.0,4.0,1.0
8001.0,5.0,0.914591
8001.0,6.0,1.0
8001.0,7.0,0.943814
8001.0,8.0,1.0
8001.0,9.0,0.456119
8001.0,10.0,0.5721
8001.0,11.0,0.800298
8001.0,12.0,0.662263
8001.0,13.0,0.887474
8001.0,14.0,0.339419
8001.0,15.0,1.0
8001.0,16.0,0.562996
8001.0,17.0,0.634188
8001.0,18.0,0.997074
8001.0,19.0,0.955629
8001.0,20.0,0.318687
8001.0,21.0,0.838865
8001.0,22.0,0.887053
8001.0,23.0,0.827151
8001.0,24.0,1.0
8001.0,25.0,0.868899
8001.0,26.0,1.0
8001.0,27.0,0.647052
8001.0,28.0,0.659034
8001.0,29.0,1.0
8001.0,30.0,0.634617
8001.0,31.0,0.907054
8001.0,32.0,0.0
8001.0,33.0,0.794198
8001.0,34.0,0.0
8001.0,35.0,1.0
8001.0,36.0,1.0
8002.0,0.0,1.0
8002.0,1.0,1.0
8002.0,2.0,0.53297
8002.0,3.0,0.543097
8002.0,4.0,1.0
8002.0,5.0,0.915574
8002.0,6.0,1.0
8002.0,7.0,0.944407
8002.0,8.0,1.0
8002.0,9.0,0.457689
8002.0,10.0,0.572176
8002.0,11.0,0.813284
8002.0,12.0,0.671951
8002.0,13.0,0.887686
8002.0,14.0,0.339201
8002.0,15.0,1.0
8002.0,16.0,0.571291
8002.0,17.0,0.636692
8002.0,18.0,0.997057
8002.0,19.0,0.95663
8002.0,20.0,0.324941
8002.0,21.0,0.839524
8002.0,22.0,0.88814
8002.0,23.0,0.828898
8002.0,24.0,1.0
8002.0,25.0,0.868988
8002.0,26.0,1.0
8002.0,27.0,0.64853
8002.0,28.0,0.660607
8002.0,29.0,1.0
8002.0,30.0,0.638622
8002.0,31.0,0.907612
8002.0,32.0,0.0
8002.0,33.0,0.795652
8002.0,34.0,0.0
8002.0,35.0,1.0
8002.0,36.0,1.0
8003.0,0.0,1.0
8003.0,1.0,1.0
8003.0,2.0,0.552464
8003.0,3.0,0.54586
8003.0,4.0,1.0
8003.0,5.0,0.917069
8003.0,6.0,1.0
8003.0,7.0,0.944706
8003.0,8.0,1.0
8003.0,9.0,0.459533
8003.0,10.0,0.572807
8003.0,11.0,0.826838
8003.0,12.0,0.681372
8003.0,13.0,0.88776
8003.0,14.0,0.33924
8003.0,15.0,1.0
8003.0,16.0,0.57976
8003.0,17.0,0.637717
8003.0,18.0,0.997109
8003.0,19.0,0.957664
8003.0,20.0,0.329732
8003.0,21.0,0.840209
8003.0,22.0,0.88863
8003.0,23.0,0.831352
8003.0,24.0,1.0
8003.0,25.0,0.870004
8003.0,26.0,1.0
8003.0,27.0,0.649096
8003.0,28.0,0.663793
8003.0,29.0,1.0
8003.0,30.0,0.642826
8003.0,31.0,0.908689
8003.0,32.0,0.0
8003.0,33.0,0.797676
8003.0,34.0,0.0
8003.0,35.0,1.0
8003.0,36.0,1.0
8004.0,0.0,1.0
8004.0,1.0,1.0
8004.0,2.0,0.572304
8004.0,3.0,0.550061
8004.0,4.0,1.0
8004.0,5.0,0.917953
8004.0,6.0,1.0
8004.0,7.0,0.945388
8004.0,8.0,1.0
8004.0,9.0,0.462637
8004.0,10.0,0.573698
8004.0,11.0,0.838692
8004.0,12.0,0.690599
8004.0,13.0,0.888752
8004.0,14.0,0.339921
8004.0,15.0,1.0
8004.0,16.0,0.588657
8004.0,17.0,0.639025
8004.0,18.0,0.997153
8004.0,19.0,0.958971
8004.0,20.0,0.335259
8004.0,21.0,0.840453
8004.0,22.0,0.889195
8004.0,23.0,0.833378
8004.0,24.0,1.0
8004.0,25.0,0.870923
8004.0,26.0,1.0
8004.0,27.0,0.650418
8004.0,28.0,0.666782
8004.0,29.0,1.0
8004.0,30.0,0.647186
8004.0,31.0,0.909763
8004.0,32.0,0.0
8004.0,33.0,0.798557
8004.0,34.0,0.0
8004.0,35.0,1.0
8004.0,36.0,1.0
8005.0,0.0,1.0
8005.0,1.0,1.0
8005.0,2.0,0.590867
8005.0,3.0,0.553634
8005.0,4.0,1.0
8005.0,5.0,0.919081
8005.0,6.0,1.0
8005.0,7.0,0.945445
8005.0,8.0,1.0
8005.0,9.0,0.464739
8005.0,10.0,0.574206
8005.0,11.0,0.850203
8005.0,12.0,0.699588
8005.0,13.0,0.888571
8005.0,14.0,0.340231
8005.0,15.0,1.0
8005.0,16.0,0.597357
8005.0,17.0,0.640225
8005.0,18.0,0.997192
8005.0,19.0,0.959807
8005.0,20.0,0.341136
8005.0,21.0,0.84058
8005.0,22.0,0.889912
8005.0,23.0,0.835372
8005.0,24.0,1.0
8005.0,25.0,0.871999
8005.0,26.0,1.0
8005.0,27.0,0.652412
8005.0,28.0,0.669462
8005.0,29.0,1.0
8005.0,30.0,0.651942
8005.0,31.0,0.910237
8005.0,32.0,0.0
8005.0,33.0,0.799849
8005.0,34.0,0.0
8005.0,35.0,1.0
8005.0,36.0,1.0
8006.0,0.0,1.0
8006.0,1.0,1.0
8006.0,2.0,0.608415
8006.0,3.0,0.557707
8006.0,4.0,1.0
8006.0,5.0,0.919998
8006.0,6.0,1.0
8006.0,7.0,0.945997
8006.0,8.0,1.0
8006.0,9.0,0.466692
8006.0,10.0,0.57443
8006.0,11.0,0.861742
8006.0,12.0,0.707859
8006.0,13.0,0.88824
8006.0,14.0,0.340086
8006.0,15.0,1.0
8006.0,16.0,0.605325
8006.0,17.0,0.641559
8006.0,18.0,0.99732
8006.0,19.0,0.960651
8006.0,20.0,0.34686
8006.0,21.0,0.841641
8006.0,22.0,0.890908
8006.0,23.0,0.83683
8006.0,24.0,1.0
8006.0,25.0,0.873402
8006.0,26.0,1.0
8006.0,27.0,0.654613
8006.0,28.0,0.671455
8006.0,29.0,1.0
8006.0,30.0,0.656984
8006.0,31.0,0.910509
8006.0,32.0,0.0
8006.0,33.0,0.801392
8006.0,34.0,0.0
8006.0,35.0,1.0
8006.0,36.0,1.0
8007.0,0.0,1.0
8007.0,1.0,1.0
8007.0,2.0,0.625162
8007.0,3.0,0.561658
8007.0,4.0,1.0
8007.0,5.0,0.920697
8007.0,6.0,1.0
8007.0,7.0,0.945999
8007.0,8.0,1.0
8007.0,9.0,0.468849
8007.0,10.0,0.573009
8007.0,11.0,0.871539
8007.0,12.0,0.715494
8007.0,13.0,0.888629
8007.0,14.0,0.341055
8007.0,15.0,1.0
8007.0,16.0,0.613407
8007.0,17.0,0.642874
8007.0,18.0,0.997353
8007.0,19.0,0.961534
8007.0,20.0,0.352679
8007.0,21.0,0.841806
8007.0,22.0,0.891144
8007.0,23.0,0.838092
8007.0,24.0,1.0
8007.0,25.0,0.874497
8007.0,26.0,1.0
8007.0,27.0,0.656628
8007.0,28.0,0.673559
8007.0,29.0,1.0
8007.0,30.0,0.661984
8007.0,31.0,0.91121
8007.0,32.0,0.0
8007.0,33.0,0.802405
8007.0,34.0,0.0
8007.0,35.0,1.0
8007.0,36.0,1.0
8008.0,0.0,1.0
8008.0,1.0,1.0
8008.0,2.0,0.641319
8008.0,3.0,0.564776
8008.0,4.0,1.0
8008.0,5.0,0.921779
8008.0,6.0,1.0
8008.0,7.0,0.945948
8008.0,8.0,1.0
8008.0,9.0,0.471068
8008.0,10.0,0.573878
8008.0,11.0,0.881488
8008.0,12.0,0.723118
8008.0,13.0,0.888814
8008.0,14.0,0.341756
8008.0,15.0,1.0
8008.0,16.0,0.621364
8008.0,17.0,0.644634
8008.0,18.0,0.997326
8008.0,19.0,0.962715
8008.0,20.0,0.358526
8008.0,21.0,0.842507
8008.0,22.0,0.891867
8008.0,23.0,0.839723
8008.0,24.0,1.0
8008.0,25.0,0.875408
8008.0,26.0,1.0
8008.0,27.0,0.658076
8008.0,28.0,0.676372
8008.0,29.0,1.0
8008.0,30.0,0.666147
8008.0,31.0,0.9116
8008.0,32.0,0.0
8008.0,33.0,0.803923
8008.0,34.0,0.0
8008.0,35.0,1.0
8008.0,36.0,1.0
8009.0,0.0,1.0
8009.0,1.0,1.0
8009.0,2.0,0.562017
8009.0,3.0,0.549215
8009.0,4.0,1.0
8009.0,5.0,0.917689
8009.0,6.0,1.0
8009.0,7.0,0.945807
8009.0,8.0,1.0
8009.0,9.0,0.463289
8009.0,10.0,0.573495
8009.0,11.0,0.835862
8009.0,12.0,0.687726
8009.0,13.0,0.888268
8009.0,14.0,0.340542
8009.0,15.0,1.0
8009.0,16.0,0.585554
8009.0,17.0,0.637832
8009.0,18.0,0.997301
8009.0,19.0,0.958664
8009.0,20.0,0.333185
8009.0,21.0,0.841068
8009.0,22.0,0.889007
8009.0,23.0,0.832272
8009.0,24.0,1.0
8009.0,25.0,0.87025
8009.0,26.0,1.0
8009.0,27.0,0.652877
8009.0,28.0,0.667083
8009.0,29.0,1.0
8009.0,30.0,0.648863
8009.0,31.0,0.908121
8009.0,32.0,0.0
8009.0,33.0,0.79743
8009.0,34.0,0.0
8009.0,35.0,1.0
8009.0,36.0,1.0
8010.0,0.0,1.0
8010.0,1.0,1.0
8010.0,2.0,0.492331
8010.0,3.0,0.534579
8010.0,4.0,1.0
8010.0,5.0,0.914209
8010.0,6.0,1.0
8010.0,7.0,0.945678
8010.0,8.0,1.0
8010.0,9.0,0.456193
8010.0,10.0,0.572409
8010.0,11.0,0.784231
8010.0,12.0,0.652565
8010.0,13.0,0.887308
8010.0,14.0,0.338663
8010.0,15.0,1.0
8010.0,16.0,0.552439
8010.0,17.0,0.631949
8010.0,18.0,0.997212
8010.0,19.0,0.95457
8010.0,20.0,0.311998
8010.0,21.0,0.839095
8010.0,22.0,0.886266
8010.0,23.0,0.824826
8010.0,24.0,1.0
8010.0,25.0,0.865862
8010.0,26.0,1.0
8010.0,27.0,0.648302
8010.0,28.0,0.657747
8010.0,29.0,1.0
8010.0,30.0,0.63338
8010.0,31.0,0.905226
8010.0,32.0,0.0
8010.0,33.0,0.793236
8010.0,34.0,0.0
8010.0,35.0,1.0
8010.0,36.0,1.0
9000.0,0.0,1.0
9000.0,1.0,1.0
9000.0,2.0,0.496159
9000.0,3.0,0.532459
9000.0,4.0,1.0
9000.0,5.0,0.90374
9000.0,6.0,1.0
9000.0,7.0,0.950362
9000.0,8.0,1.0
9000.0,9.0,0.463952
9000.0,10.0,0.573226
9000.0,11.0,0.782902
9000.0,12.0,0.654178
9000.0,13.0,0.871462
9000.0,14.0,0.33569
9000.0,15.0,1.0
9000.0,16.0,0.545617
9000.0,17.0,0.642783
9000.0,18.0,0.998646
9000.0,19.0,0.956725
9000.0,20.0,0.313607
9000.0,21.0,0.854599
9000.0,22.0,0.884537
9000.0,23.0,0.826182
9000.0,24.0,1.0
9000.0,25.0,0.860542
9000.0,26.0,1.0
9000.0,27.0,0.656248
9000.0,28.0,0.646091
9000.0,29.0,1.0
9000.0,30.0,0.642485
9000.0,31.0,0.901109
9000.0,32.0,0.0
9000.0,33.0,0.791608
9000.0,34.0,0.0
9000.0,35.0,1.0
9000.0,36.0,1.0
9001.0,0.0,1.0
9001.0,1.0,1.0
9001.0,2.0,0.516877
9001.0,3.0,0.536778
9001.0,4.0,1.0
9001.0,5.0,0.90512
9001.0,6.0,1.0
9001.0,7.0,0.950155
9001.0,8.0,1.0
9001.0,9.0,0.466769
9001.0,10.0,0.573694
9001.0,11.0,0.796985
9001.0,12.0,0.664687
9001.0,13.0,0.87157
9001.0,14.0,0.335622
9001.0,15.0,1.0
9001.0,16.0,0.554074
9001.0,17.0,0.643411
9001.0,18.0,0.998661
9001.0,19.0,0.957932
9001.0,20.0,0.319405
9001.0,21.0,0.856087
9001.0,22.0,0.885185
9001.0,23.0,0.82789
9001.0,24.0,1.0
9001.0,25.0,0.861489
9001.0,26.0,1.0
9001.0,27.0,0.657445
9001.0,28.0,0.648887
9001.0,29.0,1.0
9001.0,30.0,0.646841
9001.0,31.0,0.90216
9001.0,32.0,0.0
9001.0,33.0,0.792765
9001.0,34.0,0.0
9001.0,35.0,1.0
9001.0,36.0,1.0
9002.0,0.0,1.0
9002.0,1.0,1.0
9002.0,2.0,0.537219
9002.0,3.0,0.541909
9002.0,4.0,1.0
9002.0,5.0,0.906307
9002.0,6.0,1.0
9002.0,7.0,0.949799
9002.0,8.0,1.0
9002.0,9.0,0.468813
9002.0,10.0,0.573996
9002.0,11.0,0.810667
9002.0,12.0,0.673909
9002.0,13.0,0.871903
9002.0,14.0,0.33596
9002.0,15.0,1.0
9002.0,16.0,0.562806
9002.0,17.0,0.644981
9002.0,18.0,0.998672
9002.0,19.0,0.95916
9002.0,20.0,0.324872
9002.0,21.0,0.856707
9002.0,22.0,0.885805
9002.0,23.0,0.829818
9002.0,24.0,1.0
9002.0,25.0,0.863328
9002.0,26.0,1.0
9002.0,27.0,0.657868
9002.0,28.0,0.651305
9002.0,29.0,1.0
9002.0,30.0,0.650491
9002.0,31.0,0.903022
9002.0,32.0,0.0
9002.0,33.0,0.794437
9002.0,34.0,0.0
9002.0,35.0,1.0
9002.0,36.0,1.0
9003.0,0.0,1.0
9003.0,1.0,1.0
9003.0,2.0,0.557227
9003.0,3.0,0.545531
9003.0,4.0,1.0
9003.0,5.0,0.907719
9003.0,6.0,1.0
9003.0,7.0,0.949787
9003.0,8.0,1.0
9003.0,9.0,0.470972
9003.0,10.0,0.573673
9003.0,11.0,0.824154
9003.0,12.0,0.683497
9003.0,13.0,0.871942
9003.0,14.0,0.335681
9003.0,15.0,1.0
9003.0,16.0,0.571564
9003.0,17.0,0.646558
9003.0,18.0,0.998721
9003.0,19.0,0.959926
9003.0,20.0,0.330545
9003.0,21.0,0.857506
9003.0,22.0,0.886417
9003.0,23.0,0.832093
9003.0,24.0,1.0
9003.0,25.0,0.864679
9003.0,26.0,1.0
9003.0,27.0,0.658585
9003.0,28.0,0.654337
9003.0,29.0,1.0
9003.0,30.0,0.655287
9003.0,31.0,0.904296
9003.0,32.0,0.0
9003.0,33.0,0.79537
9003.0,34.0,0.0
9003.0,35.0,1.0
9003.0,36.0,1.0
9004.0,0.0,1.0
9004.0,1.0,1.0
9004.0,2.0,0.577374
9004.0,3.0,0.548962
9004.0,4.0,1.0
9004.0,5.0,0.90864
9004.0,6.0,1.0
9004.0,7.0,0.949936
9004.0,8.0,1.0
9004.0,9.0,0.473149
9004.0,10.0,0.57294
9004.0,11.0,0.836917
9004.0,12.0,0.692786
9004.0,13.0,0.872804
9004.0,14.0,0.336233
9004.0,15.0,1.0
9004.0,16.0,0.580172
9004.0,17.0,0.648532
9004.0,18.0,0.998756
9004.0,19.0,0.961091
9004.0,20.0,0.335923
9004.0,21.0,0.857296
9004.0,22.0,0.88736
9004.0,23.0,0.833472
9004.0,24.0,1.0
9004.0,25.0,0.865856
9004.0,26.0,1.0
9004.0,27.0,0.66039
9004.0,28.0,0.65753
9004.0,29.0,1.0
9004.0,30.0,0.659073
9004.0,31.0,0.905578
9004.0,32.0,0.0
9004.0,33.0,0.795955
9004.0,34.0,0.0
9004.0,35.0,1.0
9004.0,36.0,1.0
9005.0,0.0,1.0
9005.0,1.0,1.0
9005.0,2.0,0.595221
9005.0,3.0,0.551936
9005.0,4.0,1.0
9005.0,5.0,0.909829
9005.0,6.0,1.0
9005.0,7.0,0.950065
9005.0,8.0,1.0
9005.0,9.0,0.475082
9005.0,10.0,0.573132
9005.0,11.0,0.84893
9005.0,12.0,0.701628
9005.0,13.0,0.873285
9005.0,14.0,0.336041
9005.0,15.0,1.0
9005.0,16.0,0.589279
9005.0,17.0,0.650176
9005.0,18.0,0.998739
9005.0,19.0,0.962159
9005.0,20.0,0.341686
9005.0,21.0,0.857493
9005.0,22.0,0.887712
9005.0,23.0,0.835189
9005.0,24.0,1.0
9005.0,25.0,0.867133
9005.0,26.0,1.0
9005.0,27.0,0.661914
9005.0,28.0,0.659158
9005.0,29.0,1.0
9005.0,30.0,0.662642
9005.0,31.0,0.906889
9005.0,32.0,0.0
9005.0,33.0,0.796911
9005.0,34.0,0.0
9005.0,35.0,1.0
9005.0,36.0,1.0
9006.0,0.0,1.0
9006.0,1.0,1.0
9006.0,2.0,0.612875
9006.0,3.0,0.555855
9006.0,4.0,1.0
9006.0,5.0,0.911209
9006.0,6.0,1.0
9006.0,7.0,0.950137
9006.0,8.0,1.0
9006.0,9.0,0.476921
9006.0,10.0,0.572725
9006.0,11.0,0.860291
9006.0,12.0,0.709596
9006.0,13.0,0.874154
9006.0,14.0,0.336276
9006.0,15.0,1.0
9006.0,16.0,0.597612
9006.0,17.0,0.652604
9006.0,18.0,0.998785
9006.0,19.0,0.962768
9006.0,20.0,0.347798
9006.0,21.0,0.858085
9006.0,22.0,0.888497
9006.0,23.0,0.837062
9006.0,24.0,1.0
9006.0,25.0,0.868139
9006.0,26.0,1.0
9006.0,27.0,0.662864
9006.0,28.0,0.661245
9006.0,29.0,1.0
9006.0,30.0,0.666654
9006.0,31.0,0.907541
9006.0,32.0,0.0
9006.0,33.0,0.798649
9006.0,34.0,0.0
9006.0,35.0,1.0
9006.0,36.0,1.0
9007.0,0.0,1.0
9007.0,1.0,1.0
9007.0,2.0,0.629299
9007.0,3.0,0.559771
9007.0,4.0,1.0
9007.0,5.0,0.912524
9007.0,6.0,1.0
9007.0,7.0,0.950138
9007.0,8.0,1.0
9007.0,9.0,0.478977
9007.0,10.0,0.572798
9007.0,11.0,0.870332
9007.0,12.0,0.718759
9007.0,13.0,0.874207
9007.0,14.0,0.336522
9007.0,15.0,1.0
9007.0,16.0,0.606552
9007.0,17.0,0.653855
9007.0,18.0,0.998769
9007.0,19.0,0.963673
9007.0,20.0,0.35416
9007.0,21.0,0.858563
9007.0,22.0,0.889119
9007.0,23.0,0.839211
9007.0,24.0,1.0
9007.0,25.0,0.869274
9007.0,26.0,1.0
9007.0,27.0,0.663228
9007.0,28.0,0.663758
9007.0,29.0,1.0
9007.0,30.0,0.670949
9007.0,31.0,0.908214
9007.0,32.0,0.0
9007.0,33.0,0.799696
9007.0,34.0,0.0
9007.0,35.0,1.0
9007.0,36.0,1.0
9008.0,0.0,1.0
9008.0,1.0,1.0
9008.0,2.0,0.644658
9008.0,3.0,0.563329
9008.0,4.0,1.0
9008.0,5.0,0.913311
9008.0,6.0,1.0
9008.0,7.0,0.950223
9008.0,8.0,1.0
9008.0,9.0,0.480911
9008.0,10.0,0.57421
9008.0,11.0,0.880167
9008.0,12.0,0.725476
9008.0,13.0,0.874349
9008.0,14.0,0.337017
9008.0,15.0,1.0
9008.0,16.0,0.614332
9008.0,17.0,0.655943
9008.0,18.0,0.998801
9008.0,19.0,0.96443
9008.0,20.0,0.359837
9008.0,21.0,0.858985
9008.0,22.0,0.889784
9008.0,23.0,0.840442
9008.0,24.0,1.0
9008.0,25.0,0.870164
9008.0,26.0,1.0
9008.0,27.0,0.663334
9008.0,28.0,0.666085
9008.0,29.0,1.0
9008.0,30.0,0.674817
9008.0,31.0,0.909136
9008.0,32.0,0.0
9008.0,33.0,0.800804
9008.0,34.0,0.0
9008.0,35.0,1.0
9008.0,36.0,1.0
9009.0,0.0,1.0
9009.0,1.0,1.0
9009.0,2.0,0.564843
9009.0,3.0,0.547222
9009.0,4.0,1.0
9009.0,5.0,0.908848
9009.0,6.0,1.0
9009.0,7.0,0.94943
9009.0,8.0,1.0
9009.0,9.0,0.473485
9009.0,10.0,0.572415
9009.0,11.0,0.834158
9009.0,12.0,0.688981
9009.0,13.0,0.872689
9009.0,14.0,0.335889
9009.0,15.0,1.0
9009.0,16.0,0.579265
9009.0,17.0,0.649071
9009.0,18.0,0.998738
9009.0,19.0,0.9612
9009.0,20.0,0.335145
9009.0,21.0,0.857166
9009.0,22.0,0.88723
9009.0,23.0,0.832809
9009.0,24.0,1.0
9009.0,25.0,0.865568
9009.0,26.0,1.0
9009.0,27.0,0.659105
9009.0,28.0,0.655891
9009.0,29.0,1.0
9009.0,30.0,0.65714
9009.0,31.0,0.906093
9009.0,32.0,0.0
9009.0,33.0,0.794814
9009.0,34.0,0.0
9009.0,35.0,1.0
9009.0,36.0,1.0
9010.0,0.0,1.0
9010.0,1.0,1.0
9010.0,2.0,0.496193
9010.0,3.0,0.532847
9010.0,4.0,1.0
9010.0,5.0,0.904755
9010.0,6.0,1.0
9010.0,7.0,0.948938
9010.0,8.0,1.0
9010.0,9.0,0.466226
9010.0,10.0,0.571738
9010.0,11.0,0.782999
9010.0,12.0,0.652951
9010.0,13.0,0.871202
9010.0,14.0,0.334777
9010.0,15.0,1.0
9010.0,16.0,0.546795
9010.0,17.0,0.642709
9010.0,18.0,0.998672
9010.0,19.0,0.957611
9010.0,20.0,0.313939
9010.0,21.0,0.854973
9010.0,22.0,0.884678
9010.0,23.0,0.826433
9010.0,24.0,1.0
9010.0,25.0,0.86122
9010.0,26.0,1.0
9010.0,27.0,0.654437
9010.0,28.0,0.646855
9010.0,29.0,1.0
9010.0,30.0,0.641731
9010.0,31.0,0.903294
9010.0,32.0,0.0
9010.0,33.0,0.790448
9010.0,34.0,0.0
9010.0,35.0,1.0
9010.0,36.0,1.0
10000.0,0.0,1.0
10000.0,1.0,1.0
10000.0,2.0,0.494318
10000.0,3.0,0.54155
10000.0,4.0,1.0
10000.0,5.0,0.906721
10000.0,6.0,1.0
10000.0,7.0,0.960181
10000.0,8.0,1.0
10000.0,9.0,0.460677
10000.0,10.0,0.566018
10000.0,11.0,0.787546
10000.0,12.0,0.65188
10000.0,13.0,0.873164
10000.0,14.0,0.362544
10000.0,15.0,1.0
10000.0,16.0,0.544858
10000.0,17.0,0.629527
10000.0,18.0,0.998959
10000.0,19.0,0.957616
10000.0,20.0,0.312504
10000.0,21.0,0.850005
10000.0,22.0,0.889897
10000.0,23.0,0.826814
10000.0,24.0,1.0
10000.0,25.0,0.868754
10000.0,26.0,1.0
10000.0,27.0,0.660957
10000.0,28.0,0.648106
10000.0,29.0,1.0
10000.0,30.0,0.639297
10000.0,31.0,0.901089
10000.0,32.0,0.0
10000.0,33.0,0.781299
10000.0,34.0,0.0
10000.0,35.0,1.0
10000.0,36.0,1.0
10001.0,0.0,1.0
10001.0,1.0,1.0
10001.0,2.0,0.515263
10001.0,3.0,0.546091
10001.0,4.0,1.0
10001.0,5.0,0.908082
10001.0,6.0,1.0
10001.0,7.0,0.96066
10001.0,8.0,1.0
10001.0,9.0,0.462165
10001.0,10.0,0.566009
10001.0,11.0,0.801972
10001.0,12.0,0.661329
10001.0,13.0,0.873919
10001.0,14.0,0.362704
10001.0,15.0,1.0
10001.0,16.0,0.554021
10001.0,17.0,0.631363
10001.0,18.0,0.998971
10001.0,19.0,0.958784
10001.0,20.0,0.317388
10001.0,21.0,0.850508
10001.0,22.0,0.890635
10001.0,23.0,0.828601
10001.0,24.0,1.0
10001.0,25.0,0.869971
10001.0,26.0,1.0
10001.0,27.0,0.6624
10001.0,28.0,0.649882
10001.0,29.0,1.0
10001.0,30.0,0.644016
10001.0,31.0,0.902123
10001.0,32.0,0.0
10001.0,33.0,0.782687
10001.0,34.0,0.0
10001.0,35.0,1.0
10001.0,36.0,1.0
10002.0,0.0,1.0
10002.0,1.0,1.0
10002.0,2.0,0.535285
10002.0,3.0,0.550533
10002.0,4.0,1.0
10002.0,5.0,0.908857
10002.0,6.0,1.0
10002.0,7.0,0.96096
10002.0,8.0,1.0
10002.0,9.0,0.464046
10002.0,10.0,0.566006
10002.0,11.0,0.815669
10002.0,12.0,0.670728
10002.0,13.0,0.873753
10002.0,14.0,0.362631
10002.0,15.0,1.0
10002.0,16.0,0.56234
10002.0,17.0,0.633799
10002.0,18.0,0.998991
10002.0,19.0,0.959983
10002.0,20.0,0.322916
10002.0,21.0,0.851006
10002.0,22.0,0.89115
10002.0,23.0,0.830694
10002.0,24.0,1.0
10002.0,25.0,0.871152
10002.0,26.0,1.0
10002.0,27.0,0.662511
10002.0,28.0,0.653398
10002.0,29.0,1.0
10002.0,30.0,0.648334
10002.0,31.0,0.902535
10002.0,32.0,0.0
10002.0,33.0,0.783273
10002.0,34.0,0.0
10002.0,35.0,1.0
10002.0,36.0,1.0
10003.0,0.0,1.0
10003.0,1.0,1.0
10003.0,2.0,0.55527
10003.0,3.0,0.554885
10003.0,4.0,1.0
10003.0,5.0,0.909705
10003.0,6.0,1.0
10003.0,7.0,0.961208
10003.0,8.0,1.0
10003.0,9.0,0.466394
10003.0,10.0,0.566858
10003.0,11.0,0.828292
10003.0,12.0,0.680856
10003.0,13.0,0.874068
10003.0,14.0,0.363382
10003.0,15.0,1.0
10003.0,16.0,0.571479
10003.0,17.0,0.635378
10003.0,18.0,0.998983
10003.0,19.0,0.960915
10003.0,20.0,0.328409
10003.0,21.0,0.851297
10003.0,22.0,0.892217
10003.0,23.0,0.832536
10003.0,24.0,1.0
10003.0,25.0,0.872047
10003.0,26.0,1.0
10003.0,27.0,0.663668
10003.0,28.0,0.655136
10003.0,29.0,1.0
10003.0,30.0,0.652612
10003.0,31.0,0.903003
10003.0,32.0,0.0
10003.0,33.0,0.785114
10003.0,34.0,0.0
10003.0,35.0,1.0
10003.0,36.0,1.0
10004.0,0.0,1.0
10004.0,1.0,1.0
10004.0,2.0,0.574474
10004.0,3.0,0.558422
10004.0,4.0,1.0
10004.0,5.0,0.911094
10004.0,6.0,1.0
10004.0,7.0,0.961087
10004.0,8.0,1.0
10004.0,9.0,0.467847
10004.0,10.0,0.567427
10004.0,11.0,0.84077
10004.0,12.0,0.688638
10004.0,13.0,0.873861
10004.0,14.0,0.364016
10004.0,15.0,1.0
10004.0,16.0,0.581058
10004.0,17.0,0.637518
10004.0,18.0,0.998992
10004.0,19.0,0.961599
10004.0,20.0,0.333734
10004.0,21.0,0.851937
10004.0,22.0,0.892697
10004.0,23.0,0.833959
10004.0,24.0,1.0
10004.0,25.0,0.872774
10004.0,26.0,1.0
10004.0,27.0,0.66523
10004.0,28.0,0.658394
10004.0,29.0,1.0
10004.0,30.0,0.657171
10004.0,31.0,0.903905
10004.0,32.0,0.0
10004.0,33.0,0.787202
10004.0,34.0,0.0
10004.0,35.0,1.0
10004.0,36.0,1.0
10005.0,0.0,1.0
10005.0,1.0,1.0
10005.0,2.0,0.592857
10005.0,3.0,0.562373
10005.0,4.0,1.0
10005.0,5.0,0.912385
10005.0,6.0,1.0
10005.0,7.0,0.961354
10005.0,8.0,1.0
10005.0,9.0,0.469733
10005.0,10.0,0.567198
10005.0,11.0,0.852493
10005.0,12.0,0.696915
10005.0,13.0,0.874562
10005.0,14.0,0.365276
10005.0,15.0,1.0
10005.0,16.0,0.58949
10005.0,17.0,0.639605
10005.0,18.0,0.999041
10005.0,19.0,0.962632
10005.0,20.0,0.339814
10005.0,21.0,0.851831
10005.0,22.0,0.893011
10005.0,23.0,0.835596
10005.0,24.0,1.0
10005.0,25.0,0.873629
10005.0,26.0,1.0
10005.0,27.0,0.666449
10005.0,28.0,0.661148
10005.0,29.0,1.0
10005.0,30.0,0.662379
10005.0,31.0,0.90451
10005.0,32.0,0.0
10005.0,33.0,0.788713
10005.0,34.0,0.0
10005.0,35.0,1.0
10005.0,36.0,1.0
10006.0,0.0,1.0
10006.0,1.0,1.0
10006.0,2.0,0.610618
10006.0,3.0,0.565524
10006.0,4.0,1.0
10006.0,5.0,0.913193
10006.0,6.0,1.0
10006.0,7.0,0.961548
10006.0,8.0,1.0
10006.0,9.0,0.471584
10006.0,10.0,0.567322
10006.0,11.0,0.863768
10006.0,12.0,0.705733
10006.0,13.0,0.874321
10006.0,14.0,0.365613
10006.0,15.0,1.0
10006.0,16.0,0.599216
10006.0,17.0,0.641402
10006.0,18.0,0.999053
10006.0,19.0,0.963412
10006.0,20.0,0.345528
10006.0,21.0,0.852398
10006.0,22.0,0.893441
10006.0,23.0,0.83722
10006.0,24.0,1.0
10006.0,25.0,0.874165
10006.0,26.0,1.0
10006.0,27.0,0.667198
10006.0,28.0,0.663873
10006.0,29.0,1.0
10006.0,30.0,0.666815
10006.0,31.0,0.905413
10006.0,32.0,0.0
10006.0,33.0,0.789729
10006.0,34.0,0.0
10006.0,35.0,1.0
10006.0,36.0,1.0
10007.0,0.0,1.0
10007.0,1.0,1.0
10007.0,2.0,0.628029
10007.0,3.0,0.569287
10007.0,4.0,1.0
10007.0,5.0,0.914647
10007.0,6.0,1.0
10007.0,7.0,0.961547
10007.0,8.0,1.0
10007.0,9.0,0.474193
10007.0,10.0,0.566887
10007.0,11.0,0.874191
10007.0,12.0,0.714002
10007.0,13.0,0.874802
10007.0,14.0,0.365959
10007.0,15.0,1.0
10007.0,16.0,0.607169
10007.0,17.0,0.642876
10007.0,18.0,0.999022
10007.0,19.0,0.964266
10007.0,20.0,0.35084
10007.0,21.0,0.85203
10007.0,22.0,0.894025
10007.0,23.0,0.838378
10007.0,24.0,1.0
10007.0,25.0,0.874716
10007.0,26.0,1.0
10007.0,27.0,0.668801
10007.0,28.0,0.665823
10007.0,29.0,1.0
10007.0,30.0,0.671651
10007.0,31.0,0.905419
10007.0,32.0,0.0
10007.0,33.0,0.791246
10007.0,34.0,0.0
10007.0,35.0,1.0
10007.0,36.0,1.0
10008.0,0.0,1.0
10008.0,1.0,1.0
10008.0,2.0,0.644092
10008.0,3.0,0.572748
10008.0,4.0,1.0
10008.0,5.0,0.915943
10008.0,6.0,1.0
10008.0,7.0,0.961629
10008.0,8.0,1.0
10008.0,9.0,0.475894
10008.0,10.0,0.566933
10008.0,11.0,0.883962
10008.0,12.0,0.721827
10008.0,13.0,0.874839
10008.0,14.0,0.366292
10008.0,15.0,1.0
10008.0,16.0,0.614821
10008.0,17.0,0.644308
10008.0,18.0,0.999044
10008.0,19.0,0.965016
10008.0,20.0,0.356214
10008.0,21.0,0.852685
10008.0,22.0,0.894526
10008.0,23.0,0.840367
10008.0,24.0,1.0
10008.0,25.0,0.875558
10008.0,26.0,1.0
10008.0,27.0,0.669433
10008.0,28.0,0.668782
10008.0,29.0,1.0
10008.0,30.0,0.674607
10008.0,31.0,0.906451
10008.0,32.0,0.0
10008.0,33.0,0.79218
10008.0,34.0,0.0
10008.0,35.0,1.0
10008.0,36.0,1.0
10009.0,0.0,1.0
10009.0,1.0,1.0
10009.0,2.0,0.56505
10009.0,3.0,0.556073
10009.0,4.0,1.0
10009.0,5.0,0.911778
10009.0,6.0,1.0
10009.0,7.0,0.961123
10009.0,8.0,1.0
10009.0,9.0,0.468114
10009.0,10.0,0.565759
10009.0,11.0,0.838216
10009.0,12.0,0.685865
10009.0,13.0,0.874099
10009.0,14.0,0.364385
10009.0,15.0,1.0
10009.0,16.0,0.579281
10009.0,17.0,0.637595
10009.0,18.0,0.999008
10009.0,19.0,0.961549
10009.0,20.0,0.332682
10009.0,21.0,0.849686
10009.0,22.0,0.891626
10009.0,23.0,0.832878
10009.0,24.0,1.0
10009.0,25.0,0.871332
10009.0,26.0,1.0
10009.0,27.0,0.663257
10009.0,28.0,0.658595
10009.0,29.0,1.0
10009.0,30.0,0.65722
10009.0,31.0,0.903646
10009.0,32.0,0.0
10009.0,33.0,0.786477
10009.0,34.0,0.0
10009.0,35.0,1.0
10009.0,36.0,1.0
10010.0,0.0,1.0
10010.0,1.0,1.0
10010.0,2.0,0.494879
10010.0,3.0,0.541881
10010.0,4.0,1.0
10010.0,5.0,0.907825
10010.0,6.0,1.0
10010.0,7.0,0.960629
10010.0,8.0,1.0
10010.0,9.0,0.460817
10010.0,10.0,0.564897
10010.0,11.0,0.78628
10010.0,12.0,0.649805
10010.0,13.0,0.872936
10010.0,14.0,0.361928
10010.0,15.0,1.0
10010.0,16.0,0.546505
10010.0,17.0,0.631749
10010.0,18.0,0.998996
10010.0,19.0,0.957224
10010.0,20.0,0.312397
10010.0,21.0,0.847629
10010.0,22.0,0.889717
10010.0,23.0,0.826404
10010.0,24.0,1.0
10010.0,25.0,0.867622
10010.0,26.0,1.0
10010.0,27.0,0.657877
10010.0,28.0,0.649015
10010.0,29.0,1.0
10010.0,30.0,0.641139
10010.0,31.0,0.900632
10010.0,32.0,0.0
10010.0,33.0,0.78194
10010.0,34.0,0.0
10010.0,35.0,1.0
10010.0,36.0,1.0
