FREQUENCIES 
Gen,mut_id,mut_freq
1.0,0.0,0.5
1.0,1.0,0.5
1.0,2.0,0.5
1.0,3.0,0.5
1.0,4.0,0.5
1.0,5.0,0.5
1.0,6.0,0.5
1.0,7.0,0.5
1.0,8.0,0.5
1.0,9.0,0.5
1.0,10.0,0.5
1.0,11.0,0.5
1.0,12.0,0.5
1.0,13.0,0.5
1.0,14.0,0.5
1.0,15.0,0.5
1.0,16.0,0.5
1.0,17.0,0.5
1000.0,0.0,0.990869
1000.0,1.0,0.02683
1000.0,2.0,0.010322
1000.0,3.0,0.049832
1000.0,4.0,0.27313
1000.0,5.0,0.417685
1000.0,6.0,0.276702
1000.0,7.0,1.0
1000.0,8.0,0.000917
1000.0,9.0,0.254465
1000.0,10.0,0.272075
1000.0,11.0,0.029079
1000.0,12.0,0.069377
1000.0,13.0,0.948372
1000.0,14.0,0.014929
1000.0,15.0,0.015684
1000.0,16.0,0.848507
1000.0,17.0,0.322281
1001.0,0.0,0.992048
1001.0,1.0,0.026817
1001.0,2.0,0.010429
1001.0,3.0,0.050853
1001.0,4.0,0.279348
1001.0,5.0,0.42046
1001.0,6.0,0.285612
1001.0,7.0,1.0
1001.0,8.0,0.000985
1001.0,9.0,0.261729
1001.0,10.0,0.274071
1001.0,11.0,0.030385
1001.0,12.0,0.07021
1001.0,13.0,0.951174
1001.0,14.0,0.015338
1001.0,15.0,0.015924
1001.0,16.0,0.849152
1001.0,17.0,0.346481
1002.0,0.0,0.993173
1002.0,1.0,0.027294
1002.0,2.0,0.010883
1002.0,3.0,0.052016
1002.0,4.0,0.285823
1002.0,5.0,0.423234
1002.0,6.0,0.295558
1002.0,7.0,1.0
1002.0,8.0,0.001027
1002.0,9.0,0.268982
1002.0,10.0,0.276421
1002.0,11.0,0.03125
1002.0,12.0,0.07102
1002.0,13.0,0.953535
1002.0,14.0,0.015861
1002.0,15.0,0.016138
1002.0,16.0,0.851053
1002.0,17.0,0.369458
1003.0,0.0,0.994157
1003.0,1.0,0.027792
1003.0,2.0,0.011099
1003.0,3.0,0.053365
1003.0,4.0,0.292823
1003.0,5.0,0.426045
1003.0,6.0,0.304686
1003.0,7.0,1.0
1003.0,8.0,0.001047
1003.0,9.0,0.276712
1003.0,10.0,0.278311
1003.0,11.0,0.03231
1003.0,12.0,0.072304
1003.0,13.0,0.956001
1003.0,14.0,0.016021
1003.0,15.0,0.016481
1003.0,16.0,0.852079
1003.0,17.0,0.39343
1004.0,0.0,0.994984
1004.0,1.0,0.027995
1004.0,2.0,0.011581
1004.0,3.0,0.05438
1004.0,4.0,0.299159
1004.0,5.0,0.428388
1004.0,6.0,0.314735
1004.0,7.0,1.0
1004.0,8.0,0.001136
1004.0,9.0,0.285151
1004.0,10.0,0.281083
1004.0,11.0,0.03388
1004.0,12.0,0.073876
1004.0,13.0,0.957952
1004.0,14.0,0.0167
1004.0,15.0,0.016896
1004.0,16.0,0.852535
1004.0,17.0,0.41682
1005.0,0.0,0.995655
1005.0,1.0,0.028329
1005.0,2.0,0.012069
1005.0,3.0,0.055604
1005.0,4.0,0.306061
1005.0,5.0,0.430409
1005.0,6.0,0.323981
1005.0,7.0,1.0
1005.0,8.0,0.001203
1005.0,9.0,0.292614
1005.0,10.0,0.283267
1005.0,11.0,0.035158
1005.0,12.0,0.075064
1005.0,13.0,0.960099
1005.0,14.0,0.017186
1005.0,15.0,0.017244
1005.0,16.0,0.854311
1005.0,17.0,0.439731
1006.0,0.0,0.996079
1006.0,1.0,0.02884
1006.0,2.0,0.012512
1006.0,3.0,0.056751
1006.0,4.0,0.312563
1006.0,5.0,0.433129
1006.0,6.0,0.334192
1006.0,7.0,1.0
1006.0,8.0,0.001259
1006.0,9.0,0.300788
1006.0,10.0,0.285417
1006.0,11.0,0.036574
1006.0,12.0,0.076221
1006.0,13.0,0.962053
1006.0,14.0,0.017872
1006.0,15.0,0.017387
1006.0,16.0,0.855413
1006.0,17.0,0.461385
1007.0,0.0,0.996633
1007.0,1.0,0.029238
1007.0,2.0,0.013113
1007.0,3.0,0.058008
1007.0,4.0,0.319915
1007.0,5.0,0.435504
1007.0,6.0,0.343791
1007.0,7.0,1.0
1007.0,8.0,0.001341
1007.0,9.0,0.309281
1007.0,10.0,0.287863
1007.0,11.0,0.037987
1007.0,12.0,0.077687
1007.0,13.0,0.963978
1007.0,14.0,0.018735
1007.0,15.0,0.017305
1007.0,16.0,0.856358
1007.0,17.0,0.483049
1008.0,0.0,0.996992
1008.0,1.0,0.029691
1008.0,2.0,0.013549
1008.0,3.0,0.058791
1008.0,4.0,0.327101
1008.0,5.0,0.438183
1008.0,6.0,0.35316
1008.0,7.0,1.0
1008.0,8.0,0.001401
1008.0,9.0,0.317922
1008.0,10.0,0.289916
1008.0,11.0,0.03927
1008.0,12.0,0.079325
1008.0,13.0,0.965615
1008.0,14.0,0.01917
1008.0,15.0,0.01768
1008.0,16.0,0.857508
1008.0,17.0,0.50393
1009.0,0.0,0.994769
1009.0,1.0,0.027937
1009.0,2.0,0.01175
1009.0,3.0,0.054351
1009.0,4.0,0.298317
1009.0,5.0,0.427848
1009.0,6.0,0.312853
1009.0,7.0,1.0
1009.0,8.0,0.001076
1009.0,9.0,0.282944
1009.0,10.0,0.280499
1009.0,11.0,0.03374
1009.0,12.0,0.073914
1009.0,13.0,0.958036
1009.0,14.0,0.01658
1009.0,15.0,0.016261
1009.0,16.0,0.852777
1009.0,17.0,0.407965
1010.0,0.0,0.991291
1010.0,1.0,0.026462
1010.0,2.0,0.010254
1010.0,3.0,0.050566
1010.0,4.0,0.273081
1010.0,5.0,0.417806
1010.0,6.0,0.276721
1010.0,7.0,1.0
1010.0,8.0,0.000795
1010.0,9.0,0.253994
1010.0,10.0,0.271537
1010.0,11.0,0.029094
1010.0,12.0,0.06938
1010.0,13.0,0.949098
1010.0,14.0,0.014509
1010.0,15.0,0.014973
1010.0,16.0,0.848573
1010.0,17.0,0.322768
2000.0,0.0,1.0
2000.0,1.0,0.006787
2000.0,2.0,0.0
2000.0,3.0,0.049372
2000.0,4.0,0.275705
2000.0,5.0,0.378325
2000.0,6.0,0.276501
2000.0,7.0,1.0
2000.0,8.0,0.0
2000.0,9.0,0.255755
2000.0,10.0,0.264353
2000.0,11.0,0.002705
2000.0,12.0,0.022178
2000.0,13.0,0.980409
2000.0,14.0,0.000386
2000.0,15.0,0.001616
2000.0,16.0,0.874448
2000.0,17.0,0.32206
2001.0,0.0,1.0
2001.0,1.0,0.00699
2001.0,2.0,0.0
2001.0,3.0,0.050934
2001.0,4.0,0.282507
2001.0,5.0,0.380738
2001.0,6.0,0.286034
2001.0,7.0,1.0
2001.0,8.0,0.0
2001.0,9.0,0.263537
2001.0,10.0,0.266639
2001.0,11.0,0.00279
2001.0,12.0,0.022551
2001.0,13.0,0.981357
2001.0,14.0,0.000421
2001.0,15.0,0.001599
2001.0,16.0,0.875164
2001.0,17.0,0.346277
2002.0,0.0,1.0
2002.0,1.0,0.007034
2002.0,2.0,0.0
2002.0,3.0,0.051858
2002.0,4.0,0.288184
2002.0,5.0,0.383811
2002.0,6.0,0.29481
2002.0,7.0,1.0
2002.0,8.0,0.0
2002.0,9.0,0.270976
2002.0,10.0,0.268362
2002.0,11.0,0.002825
2002.0,12.0,0.023154
2002.0,13.0,0.982155
2002.0,14.0,0.000406
2002.0,15.0,0.001626
2002.0,16.0,0.875803
2002.0,17.0,0.369849
2003.0,0.0,1.0
2003.0,1.0,0.007172
2003.0,2.0,0.0
2003.0,3.0,0.052606
2003.0,4.0,0.295068
2003.0,5.0,0.38625
2003.0,6.0,0.304122
2003.0,7.0,1.0
2003.0,8.0,0.0
2003.0,9.0,0.277956
2003.0,10.0,0.270941
2003.0,11.0,0.002955
2003.0,12.0,0.02365
2003.0,13.0,0.983231
2003.0,14.0,0.000446
2003.0,15.0,0.001633
2003.0,16.0,0.876
2003.0,17.0,0.393508
2004.0,0.0,1.0
2004.0,1.0,0.00733
2004.0,2.0,0.0
2004.0,3.0,0.054006
2004.0,4.0,0.301789
2004.0,5.0,0.38868
2004.0,6.0,0.313417
2004.0,7.0,1.0
2004.0,8.0,0.0
2004.0,9.0,0.286133
2004.0,10.0,0.272539
2004.0,11.0,0.003084
2004.0,12.0,0.024114
2004.0,13.0,0.98389
2004.0,14.0,0.000492
2004.0,15.0,0.001674
2004.0,16.0,0.876771
2004.0,17.0,0.416468
2005.0,0.0,1.0
2005.0,1.0,0.007542
2005.0,2.0,0.0
2005.0,3.0,0.055219
2005.0,4.0,0.30785
2005.0,5.0,0.390284
2005.0,6.0,0.322793
2005.0,7.0,1.0
2005.0,8.0,0.0
2005.0,9.0,0.293902
2005.0,10.0,0.274497
2005.0,11.0,0.003159
2005.0,12.0,0.024579
2005.0,13.0,0.984925
2005.0,14.0,0.000538
2005.0,15.0,0.001785
2005.0,16.0,0.877438
2005.0,17.0,0.438482
2006.0,0.0,1.0
2006.0,1.0,0.00761
2006.0,2.0,0.0
2006.0,3.0,0.056281
2006.0,4.0,0.314969
2006.0,5.0,0.39192
2006.0,6.0,0.332744
2006.0,7.0,1.0
2006.0,8.0,0.0
2006.0,9.0,0.302218
2006.0,10.0,0.276851
2006.0,11.0,0.003163
2006.0,12.0,0.02529
2006.0,13.0,0.985667
2006.0,14.0,0.000595
2006.0,15.0,0.001797
2006.0,16.0,0.878597
2006.0,17.0,0.460978
2007.0,0.0,1.0
2007.0,1.0,0.007703
2007.0,2.0,0.0
2007.0,3.0,0.057533
2007.0,4.0,0.321907
2007.0,5.0,0.395288
2007.0,6.0,0.342349
2007.0,7.0,1.0
2007.0,8.0,0.0
2007.0,9.0,0.31034
2007.0,10.0,0.27908
2007.0,11.0,0.003353
2007.0,12.0,0.0259
2007.0,13.0,0.986464
2007.0,14.0,0.000605
2007.0,15.0,0.001901
2007.0,16.0,0.879247
2007.0,17.0,0.482761
2008.0,0.0,1.0
2008.0,1.0,0.007793
2008.0,2.0,0.0
2008.0,3.0,0.058875
2008.0,4.0,0.328774
2008.0,5.0,0.398384
2008.0,6.0,0.351092
2008.0,7.0,1.0
2008.0,8.0,0.0
2008.0,9.0,0.319083
2008.0,10.0,0.281487
2008.0,11.0,0.003451
2008.0,12.0,0.026612
2008.0,13.0,0.987234
2008.0,14.0,0.000584
2008.0,15.0,0.001929
2008.0,16.0,0.879733
2008.0,17.0,0.503166
2009.0,0.0,1.0
2009.0,1.0,0.007454
2009.0,2.0,0.0
2009.0,3.0,0.054317
2009.0,4.0,0.299985
2009.0,5.0,0.387639
2009.0,6.0,0.312214
2009.0,7.0,1.0
2009.0,8.0,0.0
2009.0,9.0,0.284699
2009.0,10.0,0.272469
2009.0,11.0,0.002974
2009.0,12.0,0.024722
2009.0,13.0,0.984138
2009.0,14.0,0.000473
2009.0,15.0,0.001709
2009.0,16.0,0.876118
2009.0,17.0,0.407512
2010.0,0.0,1.0
2010.0,1.0,0.006929
2010.0,2.0,0.0
2010.0,3.0,0.050331
2010.0,4.0,0.274478
2010.0,5.0,0.377004
2010.0,6.0,0.277413
2010.0,7.0,1.0
2010.0,8.0,0.0
2010.0,9.0,0.255985
2010.0,10.0,0.264597
2010.0,11.0,0.002649
2010.0,12.0,0.023216
2010.0,13.0,0.980448
2010.0,14.0,0.000425
2010.0,15.0,0.001502
2010.0,16.0,0.872122
2010.0,17.0,0.323342
3000.0,0.0,1.0
3000.0,1.0,0.002681
3000.0,2.0,0.0
3000.0,3.0,0.048213
3000.0,4.0,0.272277
3000.0,5.0,0.366902
3000.0,6.0,0.27941
3000.0,7.0,1.0
3000.0,8.0,0.0
3000.0,9.0,0.259265
3000.0,10.0,0.25133
3000.0,11.0,0.00017
3000.0,12.0,0.018711
3000.0,13.0,0.995535
3000.0,14.0,0.0
3000.0,15.0,0.0
3000.0,16.0,0.883271
3000.0,17.0,0.318679
3001.0,0.0,1.0
3001.0,1.0,0.002703
3001.0,2.0,0.0
3001.0,3.0,0.049464
3001.0,4.0,0.278539
3001.0,5.0,0.369476
3001.0,6.0,0.288797
3001.0,7.0,1.0
3001.0,8.0,0.0
3001.0,9.0,0.266682
3001.0,10.0,0.25421
3001.0,11.0,0.000193
3001.0,12.0,0.019091
3001.0,13.0,0.995782
3001.0,14.0,0.0
3001.0,15.0,0.0
3001.0,16.0,0.884154
3001.0,17.0,0.342321
3002.0,0.0,1.0
3002.0,1.0,0.002711
3002.0,2.0,0.0
3002.0,3.0,0.050515
3002.0,4.0,0.284533
3002.0,5.0,0.372096
3002.0,6.0,0.298355
3002.0,7.0,1.0
3002.0,8.0,0.0
3002.0,9.0,0.274706
3002.0,10.0,0.256242
3002.0,11.0,0.000189
3002.0,12.0,0.019353
3002.0,13.0,0.996035
3002.0,14.0,0.0
3002.0,15.0,0.0
3002.0,16.0,0.884773
3002.0,17.0,0.366246
3003.0,0.0,1.0
3003.0,1.0,0.002667
3003.0,2.0,0.0
3003.0,3.0,0.051136
3003.0,4.0,0.292003
3003.0,5.0,0.373849
3003.0,6.0,0.308242
3003.0,7.0,1.0
3003.0,8.0,0.0
3003.0,9.0,0.282881
3003.0,10.0,0.259053
3003.0,11.0,0.000201
3003.0,12.0,0.01978
3003.0,13.0,0.996247
3003.0,14.0,0.0
3003.0,15.0,0.0
3003.0,16.0,0.886484
3003.0,17.0,0.390045
3004.0,0.0,1.0
3004.0,1.0,0.002728
3004.0,2.0,0.0
3004.0,3.0,0.052228
3004.0,4.0,0.299277
3004.0,5.0,0.375857
3004.0,6.0,0.318092
3004.0,7.0,1.0
3004.0,8.0,0.0
3004.0,9.0,0.290987
3004.0,10.0,0.261932
3004.0,11.0,0.000213
3004.0,12.0,0.020333
3004.0,13.0,0.996394
3004.0,14.0,0.0
3004.0,15.0,0.0
3004.0,16.0,0.88768
3004.0,17.0,0.412753
3005.0,0.0,1.0
3005.0,1.0,0.002785
3005.0,2.0,0.0
3005.0,3.0,0.05333
3005.0,4.0,0.306538
3005.0,5.0,0.378058
3005.0,6.0,0.326884
3005.0,7.0,1.0
3005.0,8.0,0.0
3005.0,9.0,0.299287
3005.0,10.0,0.263413
3005.0,11.0,0.000232
3005.0,12.0,0.020942
3005.0,13.0,0.996601
3005.0,14.0,0.0
3005.0,15.0,0.0
3005.0,16.0,0.888462
3005.0,17.0,0.435181
3006.0,0.0,1.0
3006.0,1.0,0.002707
3006.0,2.0,0.0
3006.0,3.0,0.054483
3006.0,4.0,0.31309
3006.0,5.0,0.38074
3006.0,6.0,0.335835
3006.0,7.0,1.0
3006.0,8.0,0.0
3006.0,9.0,0.307305
3006.0,10.0,0.26498
3006.0,11.0,0.000245
3006.0,12.0,0.02139
3006.0,13.0,0.996788
3006.0,14.0,0.0
3006.0,15.0,0.0
3006.0,16.0,0.889689
3006.0,17.0,0.457157
3007.0,0.0,1.0
3007.0,1.0,0.002772
3007.0,2.0,0.0
3007.0,3.0,0.055564
3007.0,4.0,0.31958
3007.0,5.0,0.382521
3007.0,6.0,0.345989
3007.0,7.0,1.0
3007.0,8.0,0.0
3007.0,9.0,0.315531
3007.0,10.0,0.26767
3007.0,11.0,0.000289
3007.0,12.0,0.02179
3007.0,13.0,0.996959
3007.0,14.0,0.0
3007.0,15.0,0.0
3007.0,16.0,0.890635
3007.0,17.0,0.478645
3008.0,0.0,1.0
3008.0,1.0,0.002806
3008.0,2.0,0.0
3008.0,3.0,0.056351
3008.0,4.0,0.327021
3008.0,5.0,0.385196
3008.0,6.0,0.3554
3008.0,7.0,1.0
3008.0,8.0,0.0
3008.0,9.0,0.324242
3008.0,10.0,0.270106
3008.0,11.0,0.000294
3008.0,12.0,0.022578
3008.0,13.0,0.99722
3008.0,14.0,0.0
3008.0,15.0,0.0
3008.0,16.0,0.890665
3008.0,17.0,0.499438
3009.0,0.0,1.0
3009.0,1.0,0.002614
3009.0,2.0,0.0
3009.0,3.0,0.052337
3009.0,4.0,0.298427
3009.0,5.0,0.37562
3009.0,6.0,0.316606
3009.0,7.0,1.0
3009.0,8.0,0.0
3009.0,9.0,0.288282
3009.0,10.0,0.262312
3009.0,11.0,0.00028
3009.0,12.0,0.020565
3009.0,13.0,0.996617
3009.0,14.0,0.0
3009.0,15.0,0.0
3009.0,16.0,0.886601
3009.0,17.0,0.404881
3010.0,0.0,1.0
3010.0,1.0,0.002482
3010.0,2.0,0.0
3010.0,3.0,0.048442
3010.0,4.0,0.27282
3010.0,5.0,0.366673
3010.0,6.0,0.280665
3010.0,7.0,1.0
3010.0,8.0,0.0
3010.0,9.0,0.260225
3010.0,10.0,0.253562
3010.0,11.0,0.000269
3010.0,12.0,0.018879
3010.0,13.0,0.995816
3010.0,14.0,0.0
3010.0,15.0,0.0
3010.0,16.0,0.883299
3010.0,17.0,0.320357
4000.0,0.0,1.0
4000.0,1.0,0.00138
4000.0,2.0,0.0
4000.0,3.0,0.046819
4000.0,4.0,0.27183
4000.0,5.0,0.361648
4000.0,6.0,0.277959
4000.0,7.0,1.0
4000.0,8.0,0.0
4000.0,9.0,0.25759
4000.0,10.0,0.252799
4000.0,11.0,0.0
4000.0,12.0,0.011172
4000.0,13.0,0.999445
4000.0,14.0,0.0
4000.0,15.0,0.0
4000.0,16.0,0.891453
4000.0,17.0,0.322461
4001.0,0.0,1.0
4001.0,1.0,0.001452
4001.0,2.0,0.0
4001.0,3.0,0.047579
4001.0,4.0,0.278363
4001.0,5.0,0.364445
4001.0,6.0,0.287132
4001.0,7.0,1.0
4001.0,8.0,0.0
4001.0,9.0,0.265655
4001.0,10.0,0.254836
4001.0,11.0,0.0
4001.0,12.0,0.011488
4001.0,13.0,0.999506
4001.0,14.0,0.0
4001.0,15.0,0.0
4001.0,16.0,0.891697
4001.0,17.0,0.345968
4002.0,0.0,1.0
4002.0,1.0,0.001452
4002.0,2.0,0.0
4002.0,3.0,0.048503
4002.0,4.0,0.285634
4002.0,5.0,0.366477
4002.0,6.0,0.296136
4002.0,7.0,1.0
4002.0,8.0,0.0
4002.0,9.0,0.272796
4002.0,10.0,0.256409
4002.0,11.0,0.0
4002.0,12.0,0.011646
4002.0,13.0,0.999486
4002.0,14.0,0.0
4002.0,15.0,0.0
4002.0,16.0,0.891921
4002.0,17.0,0.369522
4003.0,0.0,1.0
4003.0,1.0,0.001468
4003.0,2.0,0.0
4003.0,3.0,0.0495
4003.0,4.0,0.292309
4003.0,5.0,0.369939
4003.0,6.0,0.305826
4003.0,7.0,1.0
4003.0,8.0,0.0
4003.0,9.0,0.280301
4003.0,10.0,0.258047
4003.0,11.0,0.0
4003.0,12.0,0.011784
4003.0,13.0,0.999475
4003.0,14.0,0.0
4003.0,15.0,0.0
4003.0,16.0,0.892817
4003.0,17.0,0.393537
4004.0,0.0,1.0
4004.0,1.0,0.001479
4004.0,2.0,0.0
4004.0,3.0,0.050271
4004.0,4.0,0.299844
4004.0,5.0,0.372686
4004.0,6.0,0.315343
4004.0,7.0,1.0
4004.0,8.0,0.0
4004.0,9.0,0.287867
4004.0,10.0,0.260195
4004.0,11.0,0.0
4004.0,12.0,0.012053
4004.0,13.0,0.999477
4004.0,14.0,0.0
4004.0,15.0,0.0
4004.0,16.0,0.894266
4004.0,17.0,0.417231
4005.0,0.0,1.0
4005.0,1.0,0.00153
4005.0,2.0,0.0
4005.0,3.0,0.051083
4005.0,4.0,0.306893
4005.0,5.0,0.374837
4005.0,6.0,0.324813
4005.0,7.0,1.0
4005.0,8.0,0.0
4005.0,9.0,0.295295
4005.0,10.0,0.261489
4005.0,11.0,0.0
4005.0,12.0,0.012366
4005.0,13.0,0.999503
4005.0,14.0,0.0
4005.0,15.0,0.0
4005.0,16.0,0.894997
4005.0,17.0,0.439782
4006.0,0.0,1.0
4006.0,1.0,0.001515
4006.0,2.0,0.0
4006.0,3.0,0.052133
4006.0,4.0,0.313276
4006.0,5.0,0.377992
4006.0,6.0,0.334224
4006.0,7.0,1.0
4006.0,8.0,0.0
4006.0,9.0,0.304243
4006.0,10.0,0.263248
4006.0,11.0,0.0
4006.0,12.0,0.012309
4006.0,13.0,0.999526
4006.0,14.0,0.0
4006.0,15.0,0.0
4006.0,16.0,0.895363
4006.0,17.0,0.462422
4007.0,0.0,1.0
4007.0,1.0,0.001471
4007.0,2.0,0.0
4007.0,3.0,0.053332
4007.0,4.0,0.320782
4007.0,5.0,0.379485
4007.0,6.0,0.344382
4007.0,7.0,1.0
4007.0,8.0,0.0
4007.0,9.0,0.312594
4007.0,10.0,0.266438
4007.0,11.0,0.0
4007.0,12.0,0.012792
4007.0,13.0,0.999542
4007.0,14.0,0.0
4007.0,15.0,0.0
4007.0,16.0,0.89631
4007.0,17.0,0.483904
4008.0,0.0,1.0
4008.0,1.0,0.001442
4008.0,2.0,0.0
4008.0,3.0,0.054356
4008.0,4.0,0.327306
4008.0,5.0,0.381654
4008.0,6.0,0.353934
4008.0,7.0,1.0
4008.0,8.0,0.0
4008.0,9.0,0.320888
4008.0,10.0,0.268077
4008.0,11.0,0.0
4008.0,12.0,0.013094
4008.0,13.0,0.999573
4008.0,14.0,0.0
4008.0,15.0,0.0
4008.0,16.0,0.897027
4008.0,17.0,0.504695
4009.0,0.0,1.0
4009.0,1.0,0.001374
4009.0,2.0,0.0
4009.0,3.0,0.050255
4009.0,4.0,0.298518
4009.0,5.0,0.371241
4009.0,6.0,0.314889
4009.0,7.0,1.0
4009.0,8.0,0.0
4009.0,9.0,0.285225
4009.0,10.0,0.258847
4009.0,11.0,0.0
4009.0,12.0,0.012009
4009.0,13.0,0.999491
4009.0,14.0,0.0
4009.0,15.0,0.0
4009.0,16.0,0.893778
4009.0,17.0,0.407805
4010.0,0.0,1.0
4010.0,1.0,0.001236
4010.0,2.0,0.0
4010.0,3.0,0.046583
4010.0,4.0,0.273272
4010.0,5.0,0.361052
4010.0,6.0,0.279071
4010.0,7.0,1.0
4010.0,8.0,0.0
4010.0,9.0,0.256621
4010.0,10.0,0.25072
4010.0,11.0,0.0
4010.0,12.0,0.011119
4010.0,13.0,0.999418
4010.0,14.0,0.0
4010.0,15.0,0.0
4010.0,16.0,0.890521
4010.0,17.0,0.322711
5000.0,0.0,1.0
5000.0,1.0,0.000433
5000.0,2.0,0.0
5000.0,3.0,0.050606
5000.0,4.0,0.276837
5000.0,5.0,0.352039
5000.0,6.0,0.277028
5000.0,7.0,1.0
5000.0,8.0,0.0
5000.0,9.0,0.257752
5000.0,10.0,0.257578
5000.0,11.0,0.0
5000.0,12.0,0.010619
5000.0,13.0,1.0
5000.0,14.0,0.0
5000.0,15.0,0.0
5000.0,16.0,0.890165
5000.0,17.0,0.32296
5001.0,0.0,1.0
5001.0,1.0,0.00045
5001.0,2.0,0.0
5001.0,3.0,0.051663
5001.0,4.0,0.284206
5001.0,5.0,0.354769
5001.0,6.0,0.287031
5001.0,7.0,1.0
5001.0,8.0,0.0
5001.0,9.0,0.265087
5001.0,10.0,0.259569
5001.0,11.0,0.0
5001.0,12.0,0.01075
5001.0,13.0,1.0
5001.0,14.0,0.0
5001.0,15.0,0.0
5001.0,16.0,0.891325
5001.0,17.0,0.346464
5002.0,0.0,1.0
5002.0,1.0,0.000472
5002.0,2.0,0.0
5002.0,3.0,0.052568
5002.0,4.0,0.29065
5002.0,5.0,0.357949
5002.0,6.0,0.296271
5002.0,7.0,1.0
5002.0,8.0,0.0
5002.0,9.0,0.272607
5002.0,10.0,0.261292
5002.0,11.0,0.0
5002.0,12.0,0.011048
5002.0,13.0,1.0
5002.0,14.0,0.0
5002.0,15.0,0.0
5002.0,16.0,0.892163
5002.0,17.0,0.370494
5003.0,0.0,1.0
5003.0,1.0,0.000499
5003.0,2.0,0.0
5003.0,3.0,0.053535
5003.0,4.0,0.297231
5003.0,5.0,0.360171
5003.0,6.0,0.304948
5003.0,7.0,1.0
5003.0,8.0,0.0
5003.0,9.0,0.280005
5003.0,10.0,0.262892
5003.0,11.0,0.0
5003.0,12.0,0.011162
5003.0,13.0,1.0
5003.0,14.0,0.0
5003.0,15.0,0.0
5003.0,16.0,0.893236
5003.0,17.0,0.394387
5004.0,0.0,1.0
5004.0,1.0,0.000493
5004.0,2.0,0.0
5004.0,3.0,0.054201
5004.0,4.0,0.304038
5004.0,5.0,0.36298
5004.0,6.0,0.314138
5004.0,7.0,1.0
5004.0,8.0,0.0
5004.0,9.0,0.288286
5004.0,10.0,0.265318
5004.0,11.0,0.0
5004.0,12.0,0.011368
5004.0,13.0,1.0
5004.0,14.0,0.0
5004.0,15.0,0.0
5004.0,16.0,0.89421
5004.0,17.0,0.417609
5005.0,0.0,1.0
5005.0,1.0,0.000543
5005.0,2.0,0.0
5005.0,3.0,0.056026
5005.0,4.0,0.310427
5005.0,5.0,0.364951
5005.0,6.0,0.324979
5005.0,7.0,1.0
5005.0,8.0,0.0
5005.0,9.0,0.296503
5005.0,10.0,0.267265
5005.0,11.0,0.0
5005.0,12.0,0.011666
5005.0,13.0,1.0
5005.0,14.0,0.0
5005.0,15.0,0.0
5005.0,16.0,0.894992
5005.0,17.0,0.439676
5006.0,0.0,1.0
5006.0,1.0,0.00054
5006.0,2.0,0.0
5006.0,3.0,0.057254
5006.0,4.0,0.316482
5006.0,5.0,0.367687
5006.0,6.0,0.33491
5006.0,7.0,1.0
5006.0,8.0,0.0
5006.0,9.0,0.304358
5006.0,10.0,0.270304
5006.0,11.0,0.0
5006.0,12.0,0.012015
5006.0,13.0,1.0
5006.0,14.0,0.0
5006.0,15.0,0.0
5006.0,16.0,0.895853
5006.0,17.0,0.462095
5007.0,0.0,1.0
5007.0,1.0,0.00056
5007.0,2.0,0.0
5007.0,3.0,0.058108
5007.0,4.0,0.323447
5007.0,5.0,0.370406
5007.0,6.0,0.344098
5007.0,7.0,1.0
5007.0,8.0,0.0
5007.0,9.0,0.312696
5007.0,10.0,0.272232
5007.0,11.0,0.0
5007.0,12.0,0.012245
5007.0,13.0,1.0
5007.0,14.0,0.0
5007.0,15.0,0.0
5007.0,16.0,0.896701
5007.0,17.0,0.482832
5008.0,0.0,1.0
5008.0,1.0,0.000583
5008.0,2.0,0.0
5008.0,3.0,0.059098
5008.0,4.0,0.33128
5008.0,5.0,0.373371
5008.0,6.0,0.353166
5008.0,7.0,1.0
5008.0,8.0,0.0
5008.0,9.0,0.321476
5008.0,10.0,0.274248
5008.0,11.0,0.0
5008.0,12.0,0.012502
5008.0,13.0,1.0
5008.0,14.0,0.0
5008.0,15.0,0.0
5008.0,16.0,0.897595
5008.0,17.0,0.503764
5009.0,0.0,1.0
5009.0,1.0,0.000548
5009.0,2.0,0.0
5009.0,3.0,0.054608
5009.0,4.0,0.302368
5009.0,5.0,0.362396
5009.0,6.0,0.313414
5009.0,7.0,1.0
5009.0,8.0,0.0
5009.0,9.0,0.285818
5009.0,10.0,0.264975
5009.0,11.0,0.0
5009.0,12.0,0.011533
5009.0,13.0,1.0
5009.0,14.0,0.0
5009.0,15.0,0.0
5009.0,16.0,0.894355
5009.0,17.0,0.407738
5010.0,0.0,1.0
5010.0,1.0,0.000515
5010.0,2.0,0.0
5010.0,3.0,0.050179
5010.0,4.0,0.276309
5010.0,5.0,0.35304
5010.0,6.0,0.277841
5010.0,7.0,1.0
5010.0,8.0,0.0
5010.0,9.0,0.257072
5010.0,10.0,0.256017
5010.0,11.0,0.0
5010.0,12.0,0.010527
5010.0,13.0,1.0
5010.0,14.0,0.0
5010.0,15.0,0.0
5010.0,16.0,0.891781
5010.0,17.0,0.323345
6000.0,0.0,1.0
6000.0,1.0,0.000145
6000.0,2.0,0.0
6000.0,3.0,0.04971
6000.0,4.0,0.265841
6000.0,5.0,0.351214
6000.0,6.0,0.272722
6000.0,7.0,1.0
6000.0,8.0,0.0
6000.0,9.0,0.25567
6000.0,10.0,0.254672
6000.0,11.0,0.0
6000.0,12.0,0.005764
6000.0,13.0,1.0
6000.0,14.0,0.0
6000.0,15.0,0.0
6000.0,16.0,0.886147
6000.0,17.0,0.323587
6001.0,0.0,1.0
6001.0,1.0,0.000146
6001.0,2.0,0.0
6001.0,3.0,0.050778
6001.0,4.0,0.272097
6001.0,5.0,0.353527
6001.0,6.0,0.281428
6001.0,7.0,1.0
6001.0,8.0,0.0
6001.0,9.0,0.263435
6001.0,10.0,0.257103
6001.0,11.0,0.0
6001.0,12.0,0.0059
6001.0,13.0,1.0
6001.0,14.0,0.0
6001.0,15.0,0.0
6001.0,16.0,0.886187
6001.0,17.0,0.347544
6002.0,0.0,1.0
6002.0,1.0,0.000146
6002.0,2.0,0.0
6002.0,3.0,0.051872
6002.0,4.0,0.278415
6002.0,5.0,0.355618
6002.0,6.0,0.290777
6002.0,7.0,1.0
6002.0,8.0,0.0
6002.0,9.0,0.270642
6002.0,10.0,0.25947
6002.0,11.0,0.0
6002.0,12.0,0.006129
6002.0,13.0,1.0
6002.0,14.0,0.0
6002.0,15.0,0.0
6002.0,16.0,0.887265
6002.0,17.0,0.371655
6003.0,0.0,1.0
6003.0,1.0,0.000157
6003.0,2.0,0.0
6003.0,3.0,0.052678
6003.0,4.0,0.284899
6003.0,5.0,0.35792
6003.0,6.0,0.299073
6003.0,7.0,1.0
6003.0,8.0,0.0
6003.0,9.0,0.278322
6003.0,10.0,0.260597
6003.0,11.0,0.0
6003.0,12.0,0.006269
6003.0,13.0,1.0
6003.0,14.0,0.0
6003.0,15.0,0.0
6003.0,16.0,0.887802
6003.0,17.0,0.39457
6004.0,0.0,1.0
6004.0,1.0,0.000162
6004.0,2.0,0.0
6004.0,3.0,0.053596
6004.0,4.0,0.291153
6004.0,5.0,0.361208
6004.0,6.0,0.308186
6004.0,7.0,1.0
6004.0,8.0,0.0
6004.0,9.0,0.286041
6004.0,10.0,0.262884
6004.0,11.0,0.0
6004.0,12.0,0.006352
6004.0,13.0,1.0
6004.0,14.0,0.0
6004.0,15.0,0.0
6004.0,16.0,0.888738
6004.0,17.0,0.418078
6005.0,0.0,1.0
6005.0,1.0,0.000171
6005.0,2.0,0.0
6005.0,3.0,0.054478
6005.0,4.0,0.297713
6005.0,5.0,0.363094
6005.0,6.0,0.318067
6005.0,7.0,1.0
6005.0,8.0,0.0
6005.0,9.0,0.294137
6005.0,10.0,0.264516
6005.0,11.0,0.0
6005.0,12.0,0.006452
6005.0,13.0,1.0
6005.0,14.0,0.0
6005.0,15.0,0.0
6005.0,16.0,0.889959
6005.0,17.0,0.440785
6006.0,0.0,1.0
6006.0,1.0,0.00018
6006.0,2.0,0.0
6006.0,3.0,0.055466
6006.0,4.0,0.305508
6006.0,5.0,0.36541
6006.0,6.0,0.327634
6006.0,7.0,1.0
6006.0,8.0,0.0
6006.0,9.0,0.302378
6006.0,10.0,0.267473
6006.0,11.0,0.0
6006.0,12.0,0.006517
6006.0,13.0,1.0
6006.0,14.0,0.0
6006.0,15.0,0.0
6006.0,16.0,0.890858
6006.0,17.0,0.462181
6007.0,0.0,1.0
6007.0,1.0,0.000177
6007.0,2.0,0.0
6007.0,3.0,0.056793
6007.0,4.0,0.312961
6007.0,5.0,0.368033
6007.0,6.0,0.337304
6007.0,7.0,1.0
6007.0,8.0,0.0
6007.0,9.0,0.310798
6007.0,10.0,0.269716
6007.0,11.0,0.0
6007.0,12.0,0.006714
6007.0,13.0,1.0
6007.0,14.0,0.0
6007.0,15.0,0.0
6007.0,16.0,0.891695
6007.0,17.0,0.483153
6008.0,0.0,1.0
6008.0,1.0,0.000173
6008.0,2.0,0.0
6008.0,3.0,0.058257
6008.0,4.0,0.319528
6008.0,5.0,0.370158
6008.0,6.0,0.346428
6008.0,7.0,1.0
6008.0,8.0,0.0
6008.0,9.0,0.319027
6008.0,10.0,0.272117
6008.0,11.0,0.0
6008.0,12.0,0.006825
6008.0,13.0,1.0
6008.0,14.0,0.0
6008.0,15.0,0.0
6008.0,16.0,0.892576
6008.0,17.0,0.503021
6009.0,0.0,1.0
6009.0,1.0,0.000176
6009.0,2.0,0.0
6009.0,3.0,0.053777
6009.0,4.0,0.291476
6009.0,5.0,0.360622
6009.0,6.0,0.307116
6009.0,7.0,1.0
6009.0,8.0,0.0
6009.0,9.0,0.283942
6009.0,10.0,0.263258
6009.0,11.0,0.0
6009.0,12.0,0.006111
6009.0,13.0,1.0
6009.0,14.0,0.0
6009.0,15.0,0.0
6009.0,16.0,0.888879
6009.0,17.0,0.407405
6010.0,0.0,1.0
6010.0,1.0,0.00018
6010.0,2.0,0.0
6010.0,3.0,0.049776
6010.0,4.0,0.266811
6010.0,5.0,0.351401
6010.0,6.0,0.271416
6010.0,7.0,1.0
6010.0,8.0,0.0
6010.0,9.0,0.254829
6010.0,10.0,0.254937
6010.0,11.0,0.0
6010.0,12.0,0.005771
6010.0,13.0,1.0
6010.0,14.0,0.0
6010.0,15.0,0.0
6010.0,16.0,0.886029
6010.0,17.0,0.322025
7000.0,0.0,1.0
7000.0,1.0,0.0
7000.0,2.0,0.0
7000.0,3.0,0.05478
7000.0,4.0,0.274293
7000.0,5.0,0.354993
7000.0,6.0,0.277414
7000.0,7.0,1.0
7000.0,8.0,0.0
7000.0,9.0,0.255917
7000.0,10.0,0.251941
7000.0,11.0,0.0
7000.0,12.0,0.001197
7000.0,13.0,1.0
7000.0,14.0,0.0
7000.0,15.0,0.0
7000.0,16.0,0.879635
7000.0,17.0,0.324058
7001.0,0.0,1.0
7001.0,1.0,0.0
7001.0,2.0,0.0
7001.0,3.0,0.055745
7001.0,4.0,0.280024
7001.0,5.0,0.358012
7001.0,6.0,0.286679
7001.0,7.0,1.0
7001.0,8.0,0.0
7001.0,9.0,0.263565
7001.0,10.0,0.254472
7001.0,11.0,0.0
7001.0,12.0,0.001188
7001.0,13.0,1.0
7001.0,14.0,0.0
7001.0,15.0,0.0
7001.0,16.0,0.880707
7001.0,17.0,0.347917
7002.0,0.0,1.0
7002.0,1.0,0.0
7002.0,2.0,0.0
7002.0,3.0,0.056691
7002.0,4.0,0.286935
7002.0,5.0,0.361515
7002.0,6.0,0.296105
7002.0,7.0,1.0
7002.0,8.0,0.0
7002.0,9.0,0.27135
7002.0,10.0,0.256597
7002.0,11.0,0.0
7002.0,12.0,0.001232
7002.0,13.0,1.0
7002.0,14.0,0.0
7002.0,15.0,0.0
7002.0,16.0,0.881063
7002.0,17.0,0.371475
7003.0,0.0,1.0
7003.0,1.0,0.0
7003.0,2.0,0.0
7003.0,3.0,0.057469
7003.0,4.0,0.293618
7003.0,5.0,0.362814
7003.0,6.0,0.304887
7003.0,7.0,1.0
7003.0,8.0,0.0
7003.0,9.0,0.279081
7003.0,10.0,0.259013
7003.0,11.0,0.0
7003.0,12.0,0.001285
7003.0,13.0,1.0
7003.0,14.0,0.0
7003.0,15.0,0.0
7003.0,16.0,0.881836
7003.0,17.0,0.395105
7004.0,0.0,1.0
7004.0,1.0,0.0
7004.0,2.0,0.0
7004.0,3.0,0.058633
7004.0,4.0,0.300613
7004.0,5.0,0.365702
7004.0,6.0,0.313903
7004.0,7.0,1.0
7004.0,8.0,0.0
7004.0,9.0,0.287422
7004.0,10.0,0.260812
7004.0,11.0,0.0
7004.0,12.0,0.001307
7004.0,13.0,1.0
7004.0,14.0,0.0
7004.0,15.0,0.0
7004.0,16.0,0.882696
7004.0,17.0,0.418919
7005.0,0.0,1.0
7005.0,1.0,0.0
7005.0,2.0,0.0
7005.0,3.0,0.059852
7005.0,4.0,0.307714
7005.0,5.0,0.367556
7005.0,6.0,0.3235
7005.0,7.0,1.0
7005.0,8.0,0.0
7005.0,9.0,0.295721
7005.0,10.0,0.262823
7005.0,11.0,0.0
7005.0,12.0,0.001363
7005.0,13.0,1.0
7005.0,14.0,0.0
7005.0,15.0,0.0
7005.0,16.0,0.883156
7005.0,17.0,0.441294
7006.0,0.0,1.0
7006.0,1.0,0.0
7006.0,2.0,0.0
7006.0,3.0,0.061056
7006.0,4.0,0.313855
7006.0,5.0,0.370098
7006.0,6.0,0.333961
7006.0,7.0,1.0
7006.0,8.0,0.0
7006.0,9.0,0.304501
7006.0,10.0,0.265194
7006.0,11.0,0.0
7006.0,12.0,0.001375
7006.0,13.0,1.0
7006.0,14.0,0.0
7006.0,15.0,0.0
7006.0,16.0,0.883583
7006.0,17.0,0.464018
7007.0,0.0,1.0
7007.0,1.0,0.0
7007.0,2.0,0.0
7007.0,3.0,0.062272
7007.0,4.0,0.320454
7007.0,5.0,0.372566
7007.0,6.0,0.343242
7007.0,7.0,1.0
7007.0,8.0,0.0
7007.0,9.0,0.31274
7007.0,10.0,0.268221
7007.0,11.0,0.0
7007.0,12.0,0.001464
7007.0,13.0,1.0
7007.0,14.0,0.0
7007.0,15.0,0.0
7007.0,16.0,0.884098
7007.0,17.0,0.484496
7008.0,0.0,1.0
7008.0,1.0,0.0
7008.0,2.0,0.0
7008.0,3.0,0.063325
7008.0,4.0,0.327997
7008.0,5.0,0.374753
7008.0,6.0,0.352117
7008.0,7.0,1.0
7008.0,8.0,0.0
7008.0,9.0,0.320786
7008.0,10.0,0.270484
7008.0,11.0,0.0
7008.0,12.0,0.001482
7008.0,13.0,1.0
7008.0,14.0,0.0
7008.0,15.0,0.0
7008.0,16.0,0.885461
7008.0,17.0,0.504804
7009.0,0.0,1.0
7009.0,1.0,0.0
7009.0,2.0,0.0
7009.0,3.0,0.058761
7009.0,4.0,0.298878
7009.0,5.0,0.366169
7009.0,6.0,0.312546
7009.0,7.0,1.0
7009.0,8.0,0.0
7009.0,9.0,0.285744
7009.0,10.0,0.262618
7009.0,11.0,0.0
7009.0,12.0,0.001351
7009.0,13.0,1.0
7009.0,14.0,0.0
7009.0,15.0,0.0
7009.0,16.0,0.881752
7009.0,17.0,0.409022
7010.0,0.0,1.0
7010.0,1.0,0.0
7010.0,2.0,0.0
7010.0,3.0,0.053989
7010.0,4.0,0.274268
7010.0,5.0,0.356046
7010.0,6.0,0.277584
7010.0,7.0,1.0
7010.0,8.0,0.0
7010.0,9.0,0.256341
7010.0,10.0,0.254178
7010.0,11.0,0.0
7010.0,12.0,0.001293
7010.0,13.0,1.0
7010.0,14.0,0.0
7010.0,15.0,0.0
7010.0,16.0,0.877749
7010.0,17.0,0.323611
8000.0,0.0,1.0
8000.0,1.0,0.0
8000.0,2.0,0.0
8000.0,3.0,0.047356
8000.0,4.0,0.269673
8000.0,5.0,0.3504
8000.0,6.0,0.27548
8000.0,7.0,1.0
8000.0,8.0,0.0
8000.0,9.0,0.256396
8000.0,10.0,0.257206
8000.0,11.0,0.0
8000.0,12.0,0.0
8000.0,13.0,1.0
8000.0,14.0,0.0
8000.0,15.0,0.0
8000.0,16.0,0.881005
8000.0,17.0,0.321352
8001.0,0.0,1.0
8001.0,1.0,0.0
8001.0,2.0,0.0
8001.0,3.0,0.048194
8001.0,4.0,0.275139
8001.0,5.0,0.35272
8001.0,6.0,0.28417
8001.0,7.0,1.0
8001.0,8.0,0.0
8001.0,9.0,0.26456
8001.0,10.0,0.259145
8001.0,11.0,0.0
8001.0,12.0,0.0
8001.0,13.0,1.0
8001.0,14.0,0.0
8001.0,15.0,0.0
8001.0,16.0,0.882064
8001.0,17.0,0.344674
8002.0,0.0,1.0
8002.0,1.0,0.0
8002.0,2.0,0.0
8002.0,3.0,0.049183
8002.0,4.0,0.281103
8002.0,5.0,0.355274
8002.0,6.0,0.293491
8002.0,7.0,1.0
8002.0,8.0,0.0
8002.0,9.0,0.271791
8002.0,10.0,0.260666
8002.0,11.0,0.0
8002.0,12.0,0.0
8002.0,13.0,1.0
8002.0,14.0,0.0
8002.0,15.0,0.0
8002.0,16.0,0.882042
8002.0,17.0,0.368144
8003.0,0.0,1.0
8003.0,1.0,0.0
8003.0,2.0,0.0
8003.0,3.0,0.049984
8003.0,4.0,0.287236
8003.0,5.0,0.358399
8003.0,6.0,0.302838
8003.0,7.0,1.0
8003.0,8.0,0.0
8003.0,9.0,0.279663
8003.0,10.0,0.262885
8003.0,11.0,0.0
8003.0,12.0,0.0
8003.0,13.0,1.0
8003.0,14.0,0.0
8003.0,15.0,0.0
8003.0,16.0,0.883011
8003.0,17.0,0.391316
8004.0,0.0,1.0
8004.0,1.0,0.0
8004.0,2.0,0.0
8004.0,3.0,0.050884
8004.0,4.0,0.293327
8004.0,5.0,0.361335
8004.0,6.0,0.31189
8004.0,7.0,1.0
8004.0,8.0,0.0
8004.0,9.0,0.286378
8004.0,10.0,0.264658
8004.0,11.0,0.0
8004.0,12.0,0.0
8004.0,13.0,1.0
8004.0,14.0,0.0
8004.0,15.0,0.0
8004.0,16.0,0.883861
8004.0,17.0,0.41428
8005.0,0.0,1.0
8005.0,1.0,0.0
8005.0,2.0,0.0
8005.0,3.0,0.051841
8005.0,4.0,0.29921
8005.0,5.0,0.363751
8005.0,6.0,0.32054
8005.0,7.0,1.0
8005.0,8.0,0.0
8005.0,9.0,0.294097
8005.0,10.0,0.266635
8005.0,11.0,0.0
8005.0,12.0,0.0
8005.0,13.0,1.0
8005.0,14.0,0.0
8005.0,15.0,0.0
8005.0,16.0,0.884565
8005.0,17.0,0.436324
8006.0,0.0,1.0
8006.0,1.0,0.0
8006.0,2.0,0.0
8006.0,3.0,0.052562
8006.0,4.0,0.30653
8006.0,5.0,0.365771
8006.0,6.0,0.329815
8006.0,7.0,1.0
8006.0,8.0,0.0
8006.0,9.0,0.30296
8006.0,10.0,0.269034
8006.0,11.0,0.0
8006.0,12.0,0.0
8006.0,13.0,1.0
8006.0,14.0,0.0
8006.0,15.0,0.0
8006.0,16.0,0.885575
8006.0,17.0,0.459103
8007.0,0.0,1.0
8007.0,1.0,0.0
8007.0,2.0,0.0
8007.0,3.0,0.053034
8007.0,4.0,0.313153
8007.0,5.0,0.368046
8007.0,6.0,0.339399
8007.0,7.0,1.0
8007.0,8.0,0.0
8007.0,9.0,0.311677
8007.0,10.0,0.271367
8007.0,11.0,0.0
8007.0,12.0,0.0
8007.0,13.0,1.0
8007.0,14.0,0.0
8007.0,15.0,0.0
8007.0,16.0,0.886528
8007.0,17.0,0.480066
8008.0,0.0,1.0
8008.0,1.0,0.0
8008.0,2.0,0.0
8008.0,3.0,0.053533
8008.0,4.0,0.319872
8008.0,5.0,0.370294
8008.0,6.0,0.347888
8008.0,7.0,1.0
8008.0,8.0,0.0
8008.0,9.0,0.320201
8008.0,10.0,0.274059
8008.0,11.0,0.0
8008.0,12.0,0.0
8008.0,13.0,1.0
8008.0,14.0,0.0
8008.0,15.0,0.0
8008.0,16.0,0.887267
8008.0,17.0,0.500669
8009.0,0.0,1.0
8009.0,1.0,0.0
8009.0,2.0,0.0
8009.0,3.0,0.049351
8009.0,4.0,0.291934
8009.0,5.0,0.360492
8009.0,6.0,0.308101
8009.0,7.0,1.0
8009.0,8.0,0.0
8009.0,9.0,0.284405
8009.0,10.0,0.26629
8009.0,11.0,0.0
8009.0,12.0,0.0
8009.0,13.0,1.0
8009.0,14.0,0.0
8009.0,15.0,0.0
8009.0,16.0,0.883705
8009.0,17.0,0.405058
8010.0,0.0,1.0
8010.0,1.0,0.0
8010.0,2.0,0.0
8010.0,3.0,0.045896
8010.0,4.0,0.26698
8010.0,5.0,0.351717
8010.0,6.0,0.273367
8010.0,7.0,1.0
8010.0,8.0,0.0
8010.0,9.0,0.255942
8010.0,10.0,0.258259
8010.0,11.0,0.0
8010.0,12.0,0.0
8010.0,13.0,1.0
8010.0,14.0,0.0
8010.0,15.0,0.0
8010.0,16.0,0.880525
8010.0,17.0,0.321668
9000.0,0.0,1.0
9000.0,1.0,0.0
9000.0,2.0,0.0
9000.0,3.0,0.048653
9000.0,4.0,0.267784
9000.0,5.0,0.352822
9000.0,6.0,0.27821
9000.0,7.0,1.0
9000.0,8.0,0.0
9000.0,9.0,0.25859
9000.0,10.0,0.255459
9000.0,11.0,0.0
9000.0,12.0,0.0
9000.0,13.0,1.0
9000.0,14.0,0.0
9000.0,15.0,0.0
9000.0,16.0,0.897459
9000.0,17.0,0.325149
9001.0,0.0,1.0
9001.0,1.0,0.0
9001.0,2.0,0.0
9001.0,3.0,0.049627
9001.0,4.0,0.274079
9001.0,5.0,0.355336
9001.0,6.0,0.287403
9001.0,7.0,1.0
9001.0,8.0,0.0
9001.0,9.0,0.266655
9001.0,10.0,0.257643
9001.0,11.0,0.0
9001.0,12.0,0.0
9001.0,13.0,1.0
9001.0,14.0,0.0
9001.0,15.0,0.0
9001.0,16.0,0.898475
9001.0,17.0,0.349298
9002.0,0.0,1.0
9002.0,1.0,0.0
9002.0,2.0,0.0
9002.0,3.0,0.050787
9002.0,4.0,0.280468
9002.0,5.0,0.35801
9002.0,6.0,0.296239
9002.0,7.0,1.0
9002.0,8.0,0.0
9002.0,9.0,0.274516
9002.0,10.0,0.259586
9002.0,11.0,0.0
9002.0,12.0,0.0
9002.0,13.0,1.0
9002.0,14.0,0.0
9002.0,15.0,0.0
9002.0,16.0,0.899786
9002.0,17.0,0.373624
9003.0,0.0,1.0
9003.0,1.0,0.0
9003.0,2.0,0.0
9003.0,3.0,0.052141
9003.0,4.0,0.287388
9003.0,5.0,0.360898
9003.0,6.0,0.30593
9003.0,7.0,1.0
9003.0,8.0,0.0
9003.0,9.0,0.282856
9003.0,10.0,0.262115
9003.0,11.0,0.0
9003.0,12.0,0.0
9003.0,13.0,1.0
9003.0,14.0,0.0
9003.0,15.0,0.0
9003.0,16.0,0.900767
9003.0,17.0,0.397397
9004.0,0.0,1.0
9004.0,1.0,0.0
9004.0,2.0,0.0
9004.0,3.0,0.053005
9004.0,4.0,0.294036
9004.0,5.0,0.36375
9004.0,6.0,0.315399
9004.0,7.0,1.0
9004.0,8.0,0.0
9004.0,9.0,0.289762
9004.0,10.0,0.264905
9004.0,11.0,0.0
9004.0,12.0,0.0
9004.0,13.0,1.0
9004.0,14.0,0.0
9004.0,15.0,0.0
9004.0,16.0,0.901345
9004.0,17.0,0.419694
9005.0,0.0,1.0
9005.0,1.0,0.0
9005.0,2.0,0.0
9005.0,3.0,0.054188
9005.0,4.0,0.300905
9005.0,5.0,0.366159
9005.0,6.0,0.324621
9005.0,7.0,1.0
9005.0,8.0,0.0
9005.0,9.0,0.297751
9005.0,10.0,0.26739
9005.0,11.0,0.0
9005.0,12.0,0.0
9005.0,13.0,1.0
9005.0,14.0,0.0
9005.0,15.0,0.0
9005.0,16.0,0.901372
9005.0,17.0,0.441883
9006.0,0.0,1.0
9006.0,1.0,0.0
9006.0,2.0,0.0
9006.0,3.0,0.055316
9006.0,4.0,0.308509
9006.0,5.0,0.368281
9006.0,6.0,0.333515
9006.0,7.0,1.0
9006.0,8.0,0.0
9006.0,9.0,0.305407
9006.0,10.0,0.270438
9006.0,11.0,0.0
9006.0,12.0,0.0
9006.0,13.0,1.0
9006.0,14.0,0.0
9006.0,15.0,0.0
9006.0,16.0,0.902768
9006.0,17.0,0.464529
9007.0,0.0,1.0
9007.0,1.0,0.0
9007.0,2.0,0.0
9007.0,3.0,0.056808
9007.0,4.0,0.315359
9007.0,5.0,0.371506
9007.0,6.0,0.342343
9007.0,7.0,1.0
9007.0,8.0,0.0
9007.0,9.0,0.313914
9007.0,10.0,0.273332
9007.0,11.0,0.0
9007.0,12.0,0.0
9007.0,13.0,1.0
9007.0,14.0,0.0
9007.0,15.0,0.0
9007.0,16.0,0.903427
9007.0,17.0,0.485302
9008.0,0.0,1.0
9008.0,1.0,0.0
9008.0,2.0,0.0
9008.0,3.0,0.057808
9008.0,4.0,0.322666
9008.0,5.0,0.374263
9008.0,6.0,0.352136
9008.0,7.0,1.0
9008.0,8.0,0.0
9008.0,9.0,0.322515
9008.0,10.0,0.275988
9008.0,11.0,0.0
9008.0,12.0,0.0
9008.0,13.0,1.0
9008.0,14.0,0.0
9008.0,15.0,0.0
9008.0,16.0,0.90435
9008.0,17.0,0.506501
9009.0,0.0,1.0
9009.0,1.0,0.0
9009.0,2.0,0.0
9009.0,3.0,0.053501
9009.0,4.0,0.293821
9009.0,5.0,0.36471
9009.0,6.0,0.312461
9009.0,7.0,1.0
9009.0,8.0,0.0
9009.0,9.0,0.286463
9009.0,10.0,0.266883
9009.0,11.0,0.0
9009.0,12.0,0.0
9009.0,13.0,1.0
9009.0,14.0,0.0
9009.0,15.0,0.0
9009.0,16.0,0.901138
9009.0,17.0,0.410687
9010.0,0.0,1.0
9010.0,1.0,0.0
9010.0,2.0,0.0
9010.0,3.0,0.049568
9010.0,4.0,0.268532
9010.0,5.0,0.354894
9010.0,6.0,0.277112
9010.0,7.0,1.0
9010.0,8.0,0.0
9010.0,9.0,0.257567
9010.0,10.0,0.257581
9010.0,11.0,0.0
9010.0,12.0,0.0
9010.0,13.0,1.0
9010.0,14.0,0.0
9010.0,15.0,0.0
9010.0,16.0,0.898199
9010.0,17.0,0.325416
10000.0,0.0,1.0
10000.0,1.0,0.0
10000.0,2.0,0.0
10000.0,3.0,0.046245
10000.0,4.0,0.276361
10000.0,5.0,0.368536
10000.0,6.0,0.276151
10000.0,7.0,1.0
10000.0,8.0,0.0
10000.0,9.0,0.253457
10000.0,10.0,0.251538
10000.0,11.0,0.0
10000.0,12.0,0.0
10000.0,13.0,1.0
10000.0,14.0,0.0
10000.0,15.0,0.0
10000.0,16.0,0.881493
10000.0,17.0,0.322445
10001.0,0.0,1.0
10001.0,1.0,0.0
10001.0,2.0,0.0
10001.0,3.0,0.047137
10001.0,4.0,0.282034
10001.0,5.0,0.371305
10001.0,6.0,0.285788
10001.0,7.0,1.0
10001.0,8.0,0.0
10001.0,9.0,0.260725
10001.0,10.0,0.253399
10001.0,11.0,0.0
10001.0,12.0,0.0
10001.0,13.0,1.0
10001.0,14.0,0.0
10001.0,15.0,0.0
10001.0,16.0,0.882688
10001.0,17.0,0.346255
10002.0,0.0,1.0
10002.0,1.0,0.0
10002.0,2.0,0.0
10002.0,3.0,0.048159
10002.0,4.0,0.289073
10002.0,5.0,0.374181
10002.0,6.0,0.295465
10002.0,7.0,1.0
10002.0,8.0,0.0
10002.0,9.0,0.268246
10002.0,10.0,0.255083
10002.0,11.0,0.0
10002.0,12.0,0.0
10002.0,13.0,1.0
10002.0,14.0,0.0
10002.0,15.0,0.0
10002.0,16.0,0.883428
10002.0,17.0,0.370205
10003.0,0.0,1.0
10003.0,1.0,0.0
10003.0,2.0,0.0
10003.0,3.0,0.049297
10003.0,4.0,0.295766
10003.0,5.0,0.377297
10003.0,6.0,0.305542
10003.0,7.0,1.0
10003.0,8.0,0.0
10003.0,9.0,0.276312
10003.0,10.0,0.257016
10003.0,11.0,0.0
10003.0,12.0,0.0
10003.0,13.0,1.0
10003.0,14.0,0.0
10003.0,15.0,0.0
10003.0,16.0,0.884375
10003.0,17.0,0.393524
10004.0,0.0,1.0
10004.0,1.0,0.0
10004.0,2.0,0.0
10004.0,3.0,0.050712
10004.0,4.0,0.302199
10004.0,5.0,0.380038
10004.0,6.0,0.314731
10004.0,7.0,1.0
10004.0,8.0,0.0
10004.0,9.0,0.285073
10004.0,10.0,0.258839
10004.0,11.0,0.0
10004.0,12.0,0.0
10004.0,13.0,1.0
10004.0,14.0,0.0
10004.0,15.0,0.0
10004.0,16.0,0.884516
10004.0,17.0,0.417718
10005.0,0.0,1.0
10005.0,1.0,0.0
10005.0,2.0,0.0
10005.0,3.0,0.052293
10005.0,4.0,0.309482
10005.0,5.0,0.382442
10005.0,6.0,0.323827
10005.0,7.0,1.0
10005.0,8.0,0.0
10005.0,9.0,0.293273
10005.0,10.0,0.261245
10005.0,11.0,0.0
10005.0,12.0,0.0
10005.0,13.0,1.0
10005.0,14.0,0.0
10005.0,15.0,0.0
10005.0,16.0,0.885318
10005.0,17.0,0.440625
10006.0,0.0,1.0
10006.0,1.0,0.0
10006.0,2.0,0.0
10006.0,3.0,0.053182
10006.0,4.0,0.316385
10006.0,5.0,0.384882
10006.0,6.0,0.332406
10006.0,7.0,1.0
10006.0,8.0,0.0
10006.0,9.0,0.301435
10006.0,10.0,0.262907
10006.0,11.0,0.0
10006.0,12.0,0.0
10006.0,13.0,1.0
10006.0,14.0,0.0
10006.0,15.0,0.0
10006.0,16.0,0.885851
10006.0,17.0,0.462727
10007.0,0.0,1.0
10007.0,1.0,0.0
10007.0,2.0,0.0
10007.0,3.0,0.05424
10007.0,4.0,0.322825
10007.0,5.0,0.38789
10007.0,6.0,0.340669
10007.0,7.0,1.0
10007.0,8.0,0.0
10007.0,9.0,0.309489
10007.0,10.0,0.264705
10007.0,11.0,0.0
10007.0,12.0,0.0
10007.0,13.0,1.0
10007.0,14.0,0.0
10007.0,15.0,0.0
10007.0,16.0,0.886185
10007.0,17.0,0.484095
10008.0,0.0,1.0
10008.0,1.0,0.0
10008.0,2.0,0.0
10008.0,3.0,0.054749
10008.0,4.0,0.329839
10008.0,5.0,0.390681
10008.0,6.0,0.350414
10008.0,7.0,1.0
10008.0,8.0,0.0
10008.0,9.0,0.318408
10008.0,10.0,0.267293
10008.0,11.0,0.0
10008.0,12.0,0.0
10008.0,13.0,1.0
10008.0,14.0,0.0
10008.0,15.0,0.0
10008.0,16.0,0.8864
10008.0,17.0,0.504487
10009.0,0.0,1.0
10009.0,1.0,0.0
10009.0,2.0,0.0
10009.0,3.0,0.050525
10009.0,4.0,0.301943
10009.0,5.0,0.379817
10009.0,6.0,0.311123
10009.0,7.0,1.0
10009.0,8.0,0.0
10009.0,9.0,0.283138
10009.0,10.0,0.259515
10009.0,11.0,0.0
10009.0,12.0,0.0
10009.0,13.0,1.0
10009.0,14.0,0.0
10009.0,15.0,0.0
10009.0,16.0,0.882993
10009.0,17.0,0.408845
10010.0,0.0,1.0
10010.0,1.0,0.0
10010.0,2.0,0.0
10010.0,3.0,0.046961
10010.0,4.0,0.276627
10010.0,5.0,0.37037
10010.0,6.0,0.276009
10010.0,7.0,1.0
10010.0,8.0,0.0
10010.0,9.0,0.254916
10010.0,10.0,0.252003
10010.0,11.0,0.0
10010.0,12.0,0.0
10010.0,13.0,1.0
10010.0,14.0,0.0
10010.0,15.0,0.0
10010.0,16.0,0.879374
10010.0,17.0,0.3238
