FREQUENCIES 
Gen,mut_id,mut_freq
1.0,0.0,0.5
1.0,1.0,0.5
1.0,2.0,0.5
1.0,3.0,0.5
1.0,4.0,0.5
1.0,5.0,0.5
1.0,6.0,0.5
1.0,7.0,0.5
1.0,8.0,0.5
1.0,9.0,0.5
1.0,10.0,0.5
1.0,11.0,0.5
1.0,12.0,0.5
1.0,13.0,0.5
1.0,14.0,0.5
1.0,15.0,0.5
1.0,16.0,0.5
1.0,17.0,0.5
1.0,18.0,0.5
1.0,19.0,0.5
1.0,20.0,0.5
1.0,21.0,0.5
1.0,22.0,0.5
1.0,23.0,0.5
1.0,24.0,0.5
1.0,25.0,0.5
1.0,26.0,0.5
1.0,27.0,0.5
1.0,28.0,0.5
1.0,29.0,0.5
1.0,30.0,0.5
1.0,31.0,0.5
1.0,32.0,0.5
1.0,33.0,0.5
1.0,34.0,0.5
1.0,35.0,0.5
1.0,36.0,0.5
1000.0,0.0,0.592673
1000.0,1.0,0.413103
1000.0,2.0,0.986796
1000.0,3.0,0.678847
1000.0,4.0,0.54314
1000.0,5.0,0.923132
1000.0,6.0,0.999462
1000.0,7.0,0.424948
1000.0,8.0,0.434816
1000.0,9.0,0.524625
1000.0,10.0,0.765944
1000.0,11.0,1.0
1000.0,12.0,0.999939
1000.0,13.0,0.996116
1000.0,14.0,0.918073
1000.0,15.0,1.0
1000.0,16.0,1.0
1000.0,17.0,0.699478
1000.0,18.0,0.967934
1000.0,19.0,0.946299
1000.0,20.0,0.990545
1000.0,21.0,0.999053
1000.0,22.0,0.759435
1000.0,23.0,0.39156
1000.0,24.0,0.625322
1000.0,25.0,0.884174
1000.0,26.0,0.999199
1000.0,27.0,0.895839
1000.0,28.0,0.936832
1000.0,29.0,0.843538
1000.0,30.0,0.527858
1000.0,31.0,1.0
1000.0,32.0,0.849428
1000.0,33.0,1.0
1000.0,34.0,1.0
1000.0,35.0,0.603231
1000.0,36.0,0.99506
1001.0,0.0,0.594148
1001.0,1.0,0.416425
1001.0,2.0,0.987005
1001.0,3.0,0.688436
1001.0,4.0,0.540992
1001.0,5.0,0.92351
1001.0,6.0,0.999469
1001.0,7.0,0.464828
1001.0,8.0,0.452336
1001.0,9.0,0.533615
1001.0,10.0,0.766949
1001.0,11.0,1.0
1001.0,12.0,0.999937
1001.0,13.0,0.99623
1001.0,14.0,0.919078
1001.0,15.0,1.0
1001.0,16.0,1.0
1001.0,17.0,0.702669
1001.0,18.0,0.968994
1001.0,19.0,0.947074
1001.0,20.0,0.990672
1001.0,21.0,0.999055
1001.0,22.0,0.769675
1001.0,23.0,0.393538
1001.0,24.0,0.625878
1001.0,25.0,0.886882
1001.0,26.0,0.999216
1001.0,27.0,0.896405
1001.0,28.0,0.937377
1001.0,29.0,0.84425
1001.0,30.0,0.531268
1001.0,31.0,1.0
1001.0,32.0,0.849893
1001.0,33.0,1.0
1001.0,34.0,1.0
1001.0,35.0,0.606251
1001.0,36.0,0.995136
1002.0,0.0,0.594908
1002.0,1.0,0.419927
1002.0,2.0,0.987231
1002.0,3.0,0.697643
1002.0,4.0,0.539837
1002.0,5.0,0.924064
1002.0,6.0,0.999446
1002.0,7.0,0.505228
1002.0,8.0,0.47163
1002.0,9.0,0.54153
1002.0,10.0,0.767803
1002.0,11.0,1.0
1002.0,12.0,0.999934
1002.0,13.0,0.996296
1002.0,14.0,0.920162
1002.0,15.0,1.0
1002.0,16.0,1.0
1002.0,17.0,0.70569
1002.0,18.0,0.970346
1002.0,19.0,0.947665
1002.0,20.0,0.990826
1002.0,21.0,0.999077
1002.0,22.0,0.779955
1002.0,23.0,0.39439
1002.0,24.0,0.626448
1002.0,25.0,0.889351
1002.0,26.0,0.999251
1002.0,27.0,0.896566
1002.0,28.0,0.938202
1002.0,29.0,0.844753
1002.0,30.0,0.534542
1002.0,31.0,1.0
1002.0,32.0,0.850351
1002.0,33.0,1.0
1002.0,34.0,1.0
1002.0,35.0,0.607854
1002.0,36.0,0.995337
1003.0,0.0,0.596136
1003.0,1.0,0.423074
1003.0,2.0,0.987331
1003.0,3.0,0.706788
1003.0,4.0,0.536744
1003.0,5.0,0.924245
1003.0,6.0,0.999466
1003.0,7.0,0.547061
1003.0,8.0,0.491696
1003.0,9.0,0.549749
1003.0,10.0,0.768184
1003.0,11.0,1.0
1003.0,12.0,0.999938
1003.0,13.0,0.996377
1003.0,14.0,0.921454
1003.0,15.0,1.0
1003.0,16.0,1.0
1003.0,17.0,0.707408
1003.0,18.0,0.97118
1003.0,19.0,0.948236
1003.0,20.0,0.991205
1003.0,21.0,0.999067
1003.0,22.0,0.789567
1003.0,23.0,0.396127
1003.0,24.0,0.627347
1003.0,25.0,0.891329
1003.0,26.0,0.999215
1003.0,27.0,0.897054
1003.0,28.0,0.938532
1003.0,29.0,0.845281
1003.0,30.0,0.538205
1003.0,31.0,1.0
1003.0,32.0,0.850787
1003.0,33.0,1.0
1003.0,34.0,1.0
1003.0,35.0,0.610358
1003.0,36.0,0.995369
1004.0,0.0,0.597462
1004.0,1.0,0.426816
1004.0,2.0,0.98742
1004.0,3.0,0.715635
1004.0,4.0,0.534892
1004.0,5.0,0.924637
1004.0,6.0,0.999442
1004.0,7.0,0.587724
1004.0,8.0,0.511562
1004.0,9.0,0.559125
1004.0,10.0,0.768465
1004.0,11.0,1.0
1004.0,12.0,0.999942
1004.0,13.0,0.996525
1004.0,14.0,0.922531
1004.0,15.0,1.0
1004.0,16.0,1.0
1004.0,17.0,0.710138
1004.0,18.0,0.972169
1004.0,19.0,0.94885
1004.0,20.0,0.99118
1004.0,21.0,0.999134
1004.0,22.0,0.799178
1004.0,23.0,0.397714
1004.0,24.0,0.628299
1004.0,25.0,0.893755
1004.0,26.0,0.999213
1004.0,27.0,0.897423
1004.0,28.0,0.939351
1004.0,29.0,0.846325
1004.0,30.0,0.541774
1004.0,31.0,1.0
1004.0,32.0,0.851397
1004.0,33.0,1.0
1004.0,34.0,1.0
1004.0,35.0,0.612305
1004.0,36.0,0.995341
1005.0,0.0,0.598568
1005.0,1.0,0.429739
1005.0,2.0,0.987642
1005.0,3.0,0.724431
1005.0,4.0,0.532602
1005.0,5.0,0.925027
1005.0,6.0,0.999476
1005.0,7.0,0.628197
1005.0,8.0,0.531086
1005.0,9.0,0.568591
1005.0,10.0,0.770086
1005.0,11.0,1.0
1005.0,12.0,0.999943
1005.0,13.0,0.996448
1005.0,14.0,0.923949
1005.0,15.0,1.0
1005.0,16.0,1.0
1005.0,17.0,0.712226
1005.0,18.0,0.972919
1005.0,19.0,0.949185
1005.0,20.0,0.991176
1005.0,21.0,0.99921
1005.0,22.0,0.8082
1005.0,23.0,0.398725
1005.0,24.0,0.629842
1005.0,25.0,0.895806
1005.0,26.0,0.999255
1005.0,27.0,0.897845
1005.0,28.0,0.94003
1005.0,29.0,0.84682
1005.0,30.0,0.545791
1005.0,31.0,1.0
1005.0,32.0,0.852086
1005.0,33.0,1.0
1005.0,34.0,1.0
1005.0,35.0,0.615094
1005.0,36.0,0.995412
1006.0,0.0,0.599467
1006.0,1.0,0.432482
1006.0,2.0,0.98765
1006.0,3.0,0.733839
1006.0,4.0,0.530659
1006.0,5.0,0.925479
1006.0,6.0,0.999529
1006.0,7.0,0.666251
1006.0,8.0,0.550294
1006.0,9.0,0.577181
1006.0,10.0,0.770509
1006.0,11.0,1.0
1006.0,12.0,0.999938
1006.0,13.0,0.996416
1006.0,14.0,0.925102
1006.0,15.0,1.0
1006.0,16.0,1.0
1006.0,17.0,0.714572
1006.0,18.0,0.973874
1006.0,19.0,0.949424
1006.0,20.0,0.991569
1006.0,21.0,0.999226
1006.0,22.0,0.817042
1006.0,23.0,0.400614
1006.0,24.0,0.631375
1006.0,25.0,0.898103
1006.0,26.0,0.999284
1006.0,27.0,0.898438
1006.0,28.0,0.940388
1006.0,29.0,0.847557
1006.0,30.0,0.549205
1006.0,31.0,1.0
1006.0,32.0,0.852881
1006.0,33.0,1.0
1006.0,34.0,1.0
1006.0,35.0,0.615926
1006.0,36.0,0.9955
1007.0,0.0,0.601149
1007.0,1.0,0.435407
1007.0,2.0,0.98803
1007.0,3.0,0.741919
1007.0,4.0,0.529144
1007.0,5.0,0.925142
1007.0,6.0,0.999535
1007.0,7.0,0.703034
1007.0,8.0,0.56855
1007.0,9.0,0.584784
1007.0,10.0,0.771123
1007.0,11.0,1.0
1007.0,12.0,0.999949
1007.0,13.0,0.996488
1007.0,14.0,0.926344
1007.0,15.0,1.0
1007.0,16.0,1.0
1007.0,17.0,0.717593
1007.0,18.0,0.974493
1007.0,19.0,0.950174
1007.0,20.0,0.991699
1007.0,21.0,0.999321
1007.0,22.0,0.825336
1007.0,23.0,0.40202
1007.0,24.0,0.632713
1007.0,25.0,0.900542
1007.0,26.0,0.999358
1007.0,27.0,0.899409
1007.0,28.0,0.940769
1007.0,29.0,0.847998
1007.0,30.0,0.55222
1007.0,31.0,1.0
1007.0,32.0,0.853623
1007.0,33.0,1.0
1007.0,34.0,1.0
1007.0,35.0,0.618616
1007.0,36.0,0.995422
1008.0,0.0,0.601753
1008.0,1.0,0.438523
1008.0,2.0,0.988348
1008.0,3.0,0.750013
1008.0,4.0,0.527228
1008.0,5.0,0.924954
1008.0,6.0,0.999515
1008.0,7.0,0.737483
1008.0,8.0,0.587275
1008.0,9.0,0.593663
1008.0,10.0,0.771238
1008.0,11.0,1.0
1008.0,12.0,0.999956
1008.0,13.0,0.996576
1008.0,14.0,0.927479
1008.0,15.0,1.0
1008.0,16.0,1.0
1008.0,17.0,0.720593
1008.0,18.0,0.975242
1008.0,19.0,0.950537
1008.0,20.0,0.991907
1008.0,21.0,0.999309
1008.0,22.0,0.833691
1008.0,23.0,0.404276
1008.0,24.0,0.633832
1008.0,25.0,0.902074
1008.0,26.0,0.999403
1008.0,27.0,0.900389
1008.0,28.0,0.941138
1008.0,29.0,0.848119
1008.0,30.0,0.555799
1008.0,31.0,1.0
1008.0,32.0,0.85382
1008.0,33.0,1.0
1008.0,34.0,1.0
1008.0,35.0,0.620827
1008.0,36.0,0.995489
1009.0,0.0,0.59761
1009.0,1.0,0.424376
1009.0,2.0,0.987886
1009.0,3.0,0.713705
1009.0,4.0,0.536032
1009.0,5.0,0.923169
1009.0,6.0,0.999485
1009.0,7.0,0.568784
1009.0,8.0,0.498672
1009.0,9.0,0.55466
1009.0,10.0,0.769351
1009.0,11.0,1.0
1009.0,12.0,0.999947
1009.0,13.0,0.996406
1009.0,14.0,0.9229
1009.0,15.0,1.0
1009.0,16.0,1.0
1009.0,17.0,0.710915
1009.0,18.0,0.972357
1009.0,19.0,0.948746
1009.0,20.0,0.991277
1009.0,21.0,0.999273
1009.0,22.0,0.793201
1009.0,23.0,0.397819
1009.0,24.0,0.628725
1009.0,25.0,0.893607
1009.0,26.0,0.999324
1009.0,27.0,0.89866
1009.0,28.0,0.939164
1009.0,29.0,0.846612
1009.0,30.0,0.540309
1009.0,31.0,1.0
1009.0,32.0,0.853405
1009.0,33.0,1.0
1009.0,34.0,1.0
1009.0,35.0,0.610678
1009.0,36.0,0.995315
1010.0,0.0,0.593391
1010.0,1.0,0.413329
1010.0,2.0,0.98767
1010.0,3.0,0.682682
1010.0,4.0,0.543315
1010.0,5.0,0.922467
1010.0,6.0,0.999428
1010.0,7.0,0.426296
1010.0,8.0,0.435013
1010.0,9.0,0.524938
1010.0,10.0,0.768101
1010.0,11.0,1.0
1010.0,12.0,0.999933
1010.0,13.0,0.99619
1010.0,14.0,0.919225
1010.0,15.0,1.0
1010.0,16.0,1.0
1010.0,17.0,0.704173
1010.0,18.0,0.969623
1010.0,19.0,0.946929
1010.0,20.0,0.990608
1010.0,21.0,0.999273
1010.0,22.0,0.757399
1010.0,23.0,0.392253
1010.0,24.0,0.624518
1010.0,25.0,0.885945
1010.0,26.0,0.999177
1010.0,27.0,0.897042
1010.0,28.0,0.937664
1010.0,29.0,0.844655
1010.0,30.0,0.526966
1010.0,31.0,1.0
1010.0,32.0,0.852469
1010.0,33.0,1.0
1010.0,34.0,1.0
1010.0,35.0,0.602202
1010.0,36.0,0.995303
2000.0,0.0,0.591664
2000.0,1.0,0.41936
2000.0,2.0,1.0
2000.0,3.0,0.675477
2000.0,4.0,0.544235
2000.0,5.0,0.929845
2000.0,6.0,1.0
2000.0,7.0,0.406468
2000.0,8.0,0.429256
2000.0,9.0,0.514367
2000.0,10.0,0.833275
2000.0,11.0,1.0
2000.0,12.0,1.0
2000.0,13.0,0.99988
2000.0,14.0,0.957614
2000.0,15.0,1.0
2000.0,16.0,1.0
2000.0,17.0,0.704018
2000.0,18.0,0.996945
2000.0,19.0,0.988442
2000.0,20.0,0.999395
2000.0,21.0,1.0
2000.0,22.0,0.759603
2000.0,23.0,0.345951
2000.0,24.0,0.624622
2000.0,25.0,0.959639
2000.0,26.0,1.0
2000.0,27.0,0.955214
2000.0,28.0,0.967581
2000.0,29.0,0.884343
2000.0,30.0,0.537555
2000.0,31.0,1.0
2000.0,32.0,0.886415
2000.0,33.0,1.0
2000.0,34.0,1.0
2000.0,35.0,0.610002
2000.0,36.0,0.999982
2001.0,0.0,0.592358
2001.0,1.0,0.423492
2001.0,2.0,1.0
2001.0,3.0,0.685258
2001.0,4.0,0.542469
2001.0,5.0,0.930433
2001.0,6.0,1.0
2001.0,7.0,0.445557
2001.0,8.0,0.446739
2001.0,9.0,0.522341
2001.0,10.0,0.834319
2001.0,11.0,1.0
2001.0,12.0,1.0
2001.0,13.0,0.999878
2001.0,14.0,0.958161
2001.0,15.0,1.0
2001.0,16.0,1.0
2001.0,17.0,0.706646
2001.0,18.0,0.996948
2001.0,19.0,0.988548
2001.0,20.0,0.999422
2001.0,21.0,1.0
2001.0,22.0,0.770418
2001.0,23.0,0.346616
2001.0,24.0,0.625989
2001.0,25.0,0.960815
2001.0,26.0,1.0
2001.0,27.0,0.955122
2001.0,28.0,0.967927
2001.0,29.0,0.884404
2001.0,30.0,0.540596
2001.0,31.0,1.0
2001.0,32.0,0.886861
2001.0,33.0,1.0
2001.0,34.0,1.0
2001.0,35.0,0.61224
2001.0,36.0,0.999981
2002.0,0.0,0.59291
2002.0,1.0,0.426324
2002.0,2.0,1.0
2002.0,3.0,0.694466
2002.0,4.0,0.540757
2002.0,5.0,0.930666
2002.0,6.0,1.0
2002.0,7.0,0.485576
2002.0,8.0,0.464844
2002.0,9.0,0.531155
2002.0,10.0,0.833773
2002.0,11.0,1.0
2002.0,12.0,1.0
2002.0,13.0,0.999886
2002.0,14.0,0.958883
2002.0,15.0,1.0
2002.0,16.0,1.0
2002.0,17.0,0.708701
2002.0,18.0,0.997062
2002.0,19.0,0.988756
2002.0,20.0,0.999413
2002.0,21.0,1.0
2002.0,22.0,0.780372
2002.0,23.0,0.348225
2002.0,24.0,0.627212
2002.0,25.0,0.961988
2002.0,26.0,1.0
2002.0,27.0,0.955281
2002.0,28.0,0.968085
2002.0,29.0,0.883965
2002.0,30.0,0.544345
2002.0,31.0,1.0
2002.0,32.0,0.886978
2002.0,33.0,1.0
2002.0,34.0,1.0
2002.0,35.0,0.615217
2002.0,36.0,0.999977
2003.0,0.0,0.593231
2003.0,1.0,0.429967
2003.0,2.0,1.0
2003.0,3.0,0.703592
2003.0,4.0,0.539666
2003.0,5.0,0.930568
2003.0,6.0,1.0
2003.0,7.0,0.526038
2003.0,8.0,0.484551
2003.0,9.0,0.539161
2003.0,10.0,0.834082
2003.0,11.0,1.0
2003.0,12.0,1.0
2003.0,13.0,0.999873
2003.0,14.0,0.958994
2003.0,15.0,1.0
2003.0,16.0,1.0
2003.0,17.0,0.71067
2003.0,18.0,0.997126
2003.0,19.0,0.988797
2003.0,20.0,0.999398
2003.0,21.0,1.0
2003.0,22.0,0.789763
2003.0,23.0,0.349322
2003.0,24.0,0.627847
2003.0,25.0,0.963182
2003.0,26.0,1.0
2003.0,27.0,0.954913
2003.0,28.0,0.968385
2003.0,29.0,0.883735
2003.0,30.0,0.547464
2003.0,31.0,1.0
2003.0,32.0,0.886886
2003.0,33.0,1.0
2003.0,34.0,1.0
2003.0,35.0,0.617784
2003.0,36.0,0.999983
2004.0,0.0,0.59424
2004.0,1.0,0.432734
2004.0,2.0,1.0
2004.0,3.0,0.713423
2004.0,4.0,0.539277
2004.0,5.0,0.931176
2004.0,6.0,1.0
2004.0,7.0,0.566903
2004.0,8.0,0.504803
2004.0,9.0,0.54801
2004.0,10.0,0.834237
2004.0,11.0,1.0
2004.0,12.0,1.0
2004.0,13.0,0.99987
2004.0,14.0,0.959719
2004.0,15.0,1.0
2004.0,16.0,1.0
2004.0,17.0,0.713104
2004.0,18.0,0.997216
2004.0,19.0,0.988973
2004.0,20.0,0.999437
2004.0,21.0,1.0
2004.0,22.0,0.799664
2004.0,23.0,0.350706
2004.0,24.0,0.62901
2004.0,25.0,0.964082
2004.0,26.0,1.0
2004.0,27.0,0.955161
2004.0,28.0,0.968751
2004.0,29.0,0.883874
2004.0,30.0,0.551653
2004.0,31.0,1.0
2004.0,32.0,0.886931
2004.0,33.0,1.0
2004.0,34.0,1.0
2004.0,35.0,0.620119
2004.0,36.0,0.99999
2005.0,0.0,0.595119
2005.0,1.0,0.435172
2005.0,2.0,1.0
2005.0,3.0,0.722104
2005.0,4.0,0.537418
2005.0,5.0,0.931418
2005.0,6.0,1.0
2005.0,7.0,0.606504
2005.0,8.0,0.52363
2005.0,9.0,0.556863
2005.0,10.0,0.83432
2005.0,11.0,1.0
2005.0,12.0,1.0
2005.0,13.0,0.999882
2005.0,14.0,0.960378
2005.0,15.0,1.0
2005.0,16.0,1.0
2005.0,17.0,0.715125
2005.0,18.0,0.997301
2005.0,19.0,0.989256
2005.0,20.0,0.999434
2005.0,21.0,1.0
2005.0,22.0,0.80904
2005.0,23.0,0.351568
2005.0,24.0,0.629797
2005.0,25.0,0.96516
2005.0,26.0,1.0
2005.0,27.0,0.955536
2005.0,28.0,0.969197
2005.0,29.0,0.88438
2005.0,30.0,0.55544
2005.0,31.0,1.0
2005.0,32.0,0.887501
2005.0,33.0,1.0
2005.0,34.0,1.0
2005.0,35.0,0.623416
2005.0,36.0,0.999995
2006.0,0.0,0.597311
2006.0,1.0,0.439206
2006.0,2.0,1.0
2006.0,3.0,0.729831
2006.0,4.0,0.535216
2006.0,5.0,0.931624
2006.0,6.0,1.0
2006.0,7.0,0.645198
2006.0,8.0,0.54296
2006.0,9.0,0.565614
2006.0,10.0,0.835223
2006.0,11.0,1.0
2006.0,12.0,1.0
2006.0,13.0,0.999882
2006.0,14.0,0.960914
2006.0,15.0,1.0
2006.0,16.0,1.0
2006.0,17.0,0.717852
2006.0,18.0,0.997288
2006.0,19.0,0.989541
2006.0,20.0,0.999457
2006.0,21.0,1.0
2006.0,22.0,0.817926
2006.0,23.0,0.353245
2006.0,24.0,0.631016
2006.0,25.0,0.966055
2006.0,26.0,1.0
2006.0,27.0,0.955713
2006.0,28.0,0.969447
2006.0,29.0,0.884825
2006.0,30.0,0.558018
2006.0,31.0,1.0
2006.0,32.0,0.888168
2006.0,33.0,1.0
2006.0,34.0,1.0
2006.0,35.0,0.625256
2006.0,36.0,1.0
2007.0,0.0,0.598111
2007.0,1.0,0.443156
2007.0,2.0,1.0
2007.0,3.0,0.738653
2007.0,4.0,0.533675
2007.0,5.0,0.932029
2007.0,6.0,1.0
2007.0,7.0,0.683423
2007.0,8.0,0.5622
2007.0,9.0,0.574401
2007.0,10.0,0.835262
2007.0,11.0,1.0
2007.0,12.0,1.0
2007.0,13.0,0.999882
2007.0,14.0,0.96144
2007.0,15.0,1.0
2007.0,16.0,1.0
2007.0,17.0,0.719931
2007.0,18.0,0.997308
2007.0,19.0,0.989829
2007.0,20.0,0.999489
2007.0,21.0,1.0
2007.0,22.0,0.82668
2007.0,23.0,0.353877
2007.0,24.0,0.631513
2007.0,25.0,0.966724
2007.0,26.0,1.0
2007.0,27.0,0.955587
2007.0,28.0,0.969654
2007.0,29.0,0.88463
2007.0,30.0,0.561534
2007.0,31.0,1.0
2007.0,32.0,0.888351
2007.0,33.0,1.0
2007.0,34.0,1.0
2007.0,35.0,0.627686
2007.0,36.0,1.0
2008.0,0.0,0.598908
2008.0,1.0,0.446457
2008.0,2.0,1.0
2008.0,3.0,0.745701
2008.0,4.0,0.532617
2008.0,5.0,0.932347
2008.0,6.0,1.0
2008.0,7.0,0.718619
2008.0,8.0,0.581035
2008.0,9.0,0.582237
2008.0,10.0,0.835271
2008.0,11.0,1.0
2008.0,12.0,1.0
2008.0,13.0,0.999897
2008.0,14.0,0.962048
2008.0,15.0,1.0
2008.0,16.0,1.0
2008.0,17.0,0.721995
2008.0,18.0,0.997454
2008.0,19.0,0.990124
2008.0,20.0,0.999474
2008.0,21.0,1.0
2008.0,22.0,0.835168
2008.0,23.0,0.355306
2008.0,24.0,0.633526
2008.0,25.0,0.967236
2008.0,26.0,1.0
2008.0,27.0,0.955852
2008.0,28.0,0.969796
2008.0,29.0,0.885061
2008.0,30.0,0.564479
2008.0,31.0,1.0
2008.0,32.0,0.888545
2008.0,33.0,1.0
2008.0,34.0,1.0
2008.0,35.0,0.63039
2008.0,36.0,1.0
2009.0,0.0,0.594016
2009.0,1.0,0.432424
2009.0,2.0,1.0
2009.0,3.0,0.708308
2009.0,4.0,0.537331
2009.0,5.0,0.930787
2009.0,6.0,1.0
2009.0,7.0,0.5467
2009.0,8.0,0.492568
2009.0,9.0,0.543939
2009.0,10.0,0.834485
2009.0,11.0,1.0
2009.0,12.0,1.0
2009.0,13.0,0.999893
2009.0,14.0,0.960131
2009.0,15.0,1.0
2009.0,16.0,1.0
2009.0,17.0,0.712132
2009.0,18.0,0.997174
2009.0,19.0,0.989821
2009.0,20.0,0.999448
2009.0,21.0,1.0
2009.0,22.0,0.795342
2009.0,23.0,0.350023
2009.0,24.0,0.62866
2009.0,25.0,0.963867
2009.0,26.0,1.0
2009.0,27.0,0.955127
2009.0,28.0,0.968724
2009.0,29.0,0.884289
2009.0,30.0,0.548903
2009.0,31.0,1.0
2009.0,32.0,0.888287
2009.0,33.0,1.0
2009.0,34.0,1.0
2009.0,35.0,0.620089
2009.0,36.0,1.0
2010.0,0.0,0.590527
2010.0,1.0,0.421567
2010.0,2.0,1.0
2010.0,3.0,0.677329
2010.0,4.0,0.540855
2010.0,5.0,0.929626
2010.0,6.0,1.0
2010.0,7.0,0.407617
2010.0,8.0,0.429382
2010.0,9.0,0.514412
2010.0,10.0,0.833651
2010.0,11.0,1.0
2010.0,12.0,1.0
2010.0,13.0,0.999896
2010.0,14.0,0.958001
2010.0,15.0,1.0
2010.0,16.0,1.0
2010.0,17.0,0.704462
2010.0,18.0,0.99689
2010.0,19.0,0.989604
2010.0,20.0,0.999431
2010.0,21.0,1.0
2010.0,22.0,0.759782
2010.0,23.0,0.345562
2010.0,24.0,0.623975
2010.0,25.0,0.961193
2010.0,26.0,1.0
2010.0,27.0,0.954574
2010.0,28.0,0.967889
2010.0,29.0,0.88399
2010.0,30.0,0.536224
2010.0,31.0,1.0
2010.0,32.0,0.887084
2010.0,33.0,1.0
2010.0,34.0,1.0
2010.0,35.0,0.611691
2010.0,36.0,1.0
3000.0,0.0,0.612048
3000.0,1.0,0.40724
3000.0,2.0,1.0
3000.0,3.0,0.684276
3000.0,4.0,0.53647
3000.0,5.0,0.927378
3000.0,6.0,1.0
3000.0,7.0,0.405047
3000.0,8.0,0.431636
3000.0,9.0,0.517562
3000.0,10.0,0.854125
3000.0,11.0,1.0
3000.0,12.0,1.0
3000.0,13.0,1.0
3000.0,14.0,0.977115
3000.0,15.0,1.0
3000.0,16.0,1.0
3000.0,17.0,0.702917
3000.0,18.0,0.999742
3000.0,19.0,0.998327
3000.0,20.0,1.0
3000.0,21.0,1.0
3000.0,22.0,0.754449
3000.0,23.0,0.336544
3000.0,24.0,0.628695
3000.0,25.0,0.980207
3000.0,26.0,1.0
3000.0,27.0,0.976513
3000.0,28.0,0.977086
3000.0,29.0,0.896223
3000.0,30.0,0.554248
3000.0,31.0,1.0
3000.0,32.0,0.909386
3000.0,33.0,1.0
3000.0,34.0,1.0
3000.0,35.0,0.606321
3000.0,36.0,1.0
3001.0,0.0,0.613086
3001.0,1.0,0.411009
3001.0,2.0,1.0
3001.0,3.0,0.693244
3001.0,4.0,0.534408
3001.0,5.0,0.92783
3001.0,6.0,1.0
3001.0,7.0,0.443686
3001.0,8.0,0.449093
3001.0,9.0,0.526116
3001.0,10.0,0.854866
3001.0,11.0,1.0
3001.0,12.0,1.0
3001.0,13.0,1.0
3001.0,14.0,0.977414
3001.0,15.0,1.0
3001.0,16.0,1.0
3001.0,17.0,0.705429
3001.0,18.0,0.999716
3001.0,19.0,0.998392
3001.0,20.0,1.0
3001.0,21.0,1.0
3001.0,22.0,0.765038
3001.0,23.0,0.337322
3001.0,24.0,0.629608
3001.0,25.0,0.980581
3001.0,26.0,1.0
3001.0,27.0,0.976738
3001.0,28.0,0.977167
3001.0,29.0,0.89625
3001.0,30.0,0.557474
3001.0,31.0,1.0
3001.0,32.0,0.909294
3001.0,33.0,1.0
3001.0,34.0,1.0
3001.0,35.0,0.609539
3001.0,36.0,1.0
3002.0,0.0,0.613584
3002.0,1.0,0.413392
3002.0,2.0,1.0
3002.0,3.0,0.702609
3002.0,4.0,0.533224
3002.0,5.0,0.928016
3002.0,6.0,1.0
3002.0,7.0,0.483541
3002.0,8.0,0.467458
3002.0,9.0,0.535363
3002.0,10.0,0.855796
3002.0,11.0,1.0
3002.0,12.0,1.0
3002.0,13.0,1.0
3002.0,14.0,0.977742
3002.0,15.0,1.0
3002.0,16.0,1.0
3002.0,17.0,0.708344
3002.0,18.0,0.999735
3002.0,19.0,0.998413
3002.0,20.0,1.0
3002.0,21.0,1.0
3002.0,22.0,0.775853
3002.0,23.0,0.339205
3002.0,24.0,0.630238
3002.0,25.0,0.981234
3002.0,26.0,1.0
3002.0,27.0,0.976948
3002.0,28.0,0.977236
3002.0,29.0,0.896238
3002.0,30.0,0.561377
3002.0,31.0,1.0
3002.0,32.0,0.909018
3002.0,33.0,1.0
3002.0,34.0,1.0
3002.0,35.0,0.611794
3002.0,36.0,1.0
3003.0,0.0,0.614957
3003.0,1.0,0.416489
3003.0,2.0,1.0
3003.0,3.0,0.711658
3003.0,4.0,0.531874
3003.0,5.0,0.928461
3003.0,6.0,1.0
3003.0,7.0,0.523796
3003.0,8.0,0.486686
3003.0,9.0,0.544403
3003.0,10.0,0.856361
3003.0,11.0,1.0
3003.0,12.0,1.0
3003.0,13.0,1.0
3003.0,14.0,0.978401
3003.0,15.0,1.0
3003.0,16.0,1.0
3003.0,17.0,0.710824
3003.0,18.0,0.999738
3003.0,19.0,0.998394
3003.0,20.0,1.0
3003.0,21.0,1.0
3003.0,22.0,0.786634
3003.0,23.0,0.341388
3003.0,24.0,0.632329
3003.0,25.0,0.981762
3003.0,26.0,1.0
3003.0,27.0,0.976836
3003.0,28.0,0.977484
3003.0,29.0,0.896265
3003.0,30.0,0.56426
3003.0,31.0,1.0
3003.0,32.0,0.908971
3003.0,33.0,1.0
3003.0,34.0,1.0
3003.0,35.0,0.614249
3003.0,36.0,1.0
3004.0,0.0,0.615684
3004.0,1.0,0.420002
3004.0,2.0,1.0
3004.0,3.0,0.720197
3004.0,4.0,0.530768
3004.0,5.0,0.92847
3004.0,6.0,1.0
3004.0,7.0,0.564489
3004.0,8.0,0.507268
3004.0,9.0,0.553424
3004.0,10.0,0.856706
3004.0,11.0,1.0
3004.0,12.0,1.0
3004.0,13.0,1.0
3004.0,14.0,0.978935
3004.0,15.0,1.0
3004.0,16.0,1.0
3004.0,17.0,0.712788
3004.0,18.0,0.999745
3004.0,19.0,0.998327
3004.0,20.0,1.0
3004.0,21.0,1.0
3004.0,22.0,0.796774
3004.0,23.0,0.343187
3004.0,24.0,0.633715
3004.0,25.0,0.982152
3004.0,26.0,1.0
3004.0,27.0,0.97709
3004.0,28.0,0.977625
3004.0,29.0,0.896515
3004.0,30.0,0.568035
3004.0,31.0,1.0
3004.0,32.0,0.909199
3004.0,33.0,1.0
3004.0,34.0,1.0
3004.0,35.0,0.616715
3004.0,36.0,1.0
3005.0,0.0,0.617291
3005.0,1.0,0.423039
3005.0,2.0,1.0
3005.0,3.0,0.727927
3005.0,4.0,0.529142
3005.0,5.0,0.929095
3005.0,6.0,1.0
3005.0,7.0,0.605033
3005.0,8.0,0.526676
3005.0,9.0,0.561784
3005.0,10.0,0.856878
3005.0,11.0,1.0
3005.0,12.0,1.0
3005.0,13.0,1.0
3005.0,14.0,0.979419
3005.0,15.0,1.0
3005.0,16.0,1.0
3005.0,17.0,0.71477
3005.0,18.0,0.999776
3005.0,19.0,0.998308
3005.0,20.0,1.0
3005.0,21.0,1.0
3005.0,22.0,0.805771
3005.0,23.0,0.344236
3005.0,24.0,0.634574
3005.0,25.0,0.9825
3005.0,26.0,1.0
3005.0,27.0,0.977286
3005.0,28.0,0.977936
3005.0,29.0,0.896584
3005.0,30.0,0.570767
3005.0,31.0,1.0
3005.0,32.0,0.909285
3005.0,33.0,1.0
3005.0,34.0,1.0
3005.0,35.0,0.618574
3005.0,36.0,1.0
3006.0,0.0,0.618108
3006.0,1.0,0.42586
3006.0,2.0,1.0
3006.0,3.0,0.735352
3006.0,4.0,0.527763
3006.0,5.0,0.929575
3006.0,6.0,1.0
3006.0,7.0,0.644748
3006.0,8.0,0.545747
3006.0,9.0,0.570998
3006.0,10.0,0.857298
3006.0,11.0,1.0
3006.0,12.0,1.0
3006.0,13.0,1.0
3006.0,14.0,0.979906
3006.0,15.0,1.0
3006.0,16.0,1.0
3006.0,17.0,0.716171
3006.0,18.0,0.999767
3006.0,19.0,0.998358
3006.0,20.0,1.0
3006.0,21.0,1.0
3006.0,22.0,0.815353
3006.0,23.0,0.345698
3006.0,24.0,0.63578
3006.0,25.0,0.982905
3006.0,26.0,1.0
3006.0,27.0,0.97713
3006.0,28.0,0.978298
3006.0,29.0,0.896857
3006.0,30.0,0.574701
3006.0,31.0,1.0
3006.0,32.0,0.909291
3006.0,33.0,1.0
3006.0,34.0,1.0
3006.0,35.0,0.621612
3006.0,36.0,1.0
3007.0,0.0,0.619033
3007.0,1.0,0.429403
3007.0,2.0,1.0
3007.0,3.0,0.743217
3007.0,4.0,0.526297
3007.0,5.0,0.929356
3007.0,6.0,1.0
3007.0,7.0,0.682549
3007.0,8.0,0.564791
3007.0,9.0,0.579301
3007.0,10.0,0.857717
3007.0,11.0,1.0
3007.0,12.0,1.0
3007.0,13.0,1.0
3007.0,14.0,0.979981
3007.0,15.0,1.0
3007.0,16.0,1.0
3007.0,17.0,0.718821
3007.0,18.0,0.999778
3007.0,19.0,0.998352
3007.0,20.0,1.0
3007.0,21.0,1.0
3007.0,22.0,0.823089
3007.0,23.0,0.347388
3007.0,24.0,0.636754
3007.0,25.0,0.983496
3007.0,26.0,1.0
3007.0,27.0,0.976996
3007.0,28.0,0.978508
3007.0,29.0,0.897431
3007.0,30.0,0.577688
3007.0,31.0,1.0
3007.0,32.0,0.909268
3007.0,33.0,1.0
3007.0,34.0,1.0
3007.0,35.0,0.624583
3007.0,36.0,1.0
3008.0,0.0,0.6199
3008.0,1.0,0.431921
3008.0,2.0,1.0
3008.0,3.0,0.751549
3008.0,4.0,0.524912
3008.0,5.0,0.929728
3008.0,6.0,1.0
3008.0,7.0,0.718643
3008.0,8.0,0.584685
3008.0,9.0,0.587943
3008.0,10.0,0.857722
3008.0,11.0,1.0
3008.0,12.0,1.0
3008.0,13.0,1.0
3008.0,14.0,0.980258
3008.0,15.0,1.0
3008.0,16.0,1.0
3008.0,17.0,0.721326
3008.0,18.0,0.999763
3008.0,19.0,0.998324
3008.0,20.0,1.0
3008.0,21.0,1.0
3008.0,22.0,0.831771
3008.0,23.0,0.348952
3008.0,24.0,0.637979
3008.0,25.0,0.983759
3008.0,26.0,1.0
3008.0,27.0,0.9771
3008.0,28.0,0.978703
3008.0,29.0,0.897306
3008.0,30.0,0.581755
3008.0,31.0,1.0
3008.0,32.0,0.909017
3008.0,33.0,1.0
3008.0,34.0,1.0
3008.0,35.0,0.627562
3008.0,36.0,1.0
3009.0,0.0,0.616004
3009.0,1.0,0.417284
3009.0,2.0,1.0
3009.0,3.0,0.713696
3009.0,4.0,0.530415
3009.0,5.0,0.928269
3009.0,6.0,1.0
3009.0,7.0,0.543754
3009.0,8.0,0.4956
3009.0,9.0,0.549014
3009.0,10.0,0.856417
3009.0,11.0,1.0
3009.0,12.0,1.0
3009.0,13.0,1.0
3009.0,14.0,0.979153
3009.0,15.0,1.0
3009.0,16.0,1.0
3009.0,17.0,0.710782
3009.0,18.0,0.999708
3009.0,19.0,0.998218
3009.0,20.0,1.0
3009.0,21.0,1.0
3009.0,22.0,0.791049
3009.0,23.0,0.343257
3009.0,24.0,0.633674
3009.0,25.0,0.981843
3009.0,26.0,1.0
3009.0,27.0,0.976657
3009.0,28.0,0.978165
3009.0,29.0,0.896998
3009.0,30.0,0.568196
3009.0,31.0,1.0
3009.0,32.0,0.907835
3009.0,33.0,1.0
3009.0,34.0,1.0
3009.0,35.0,0.616566
3009.0,36.0,1.0
3010.0,0.0,0.613357
3010.0,1.0,0.405798
3010.0,2.0,1.0
3010.0,3.0,0.682129
3010.0,4.0,0.535115
3010.0,5.0,0.927256
3010.0,6.0,1.0
3010.0,7.0,0.402715
3010.0,8.0,0.431535
3010.0,9.0,0.519184
3010.0,10.0,0.855457
3010.0,11.0,1.0
3010.0,12.0,1.0
3010.0,13.0,1.0
3010.0,14.0,0.978254
3010.0,15.0,1.0
3010.0,16.0,1.0
3010.0,17.0,0.702283
3010.0,18.0,0.999672
3010.0,19.0,0.998168
3010.0,20.0,1.0
3010.0,21.0,1.0
3010.0,22.0,0.753546
3010.0,23.0,0.33851
3010.0,24.0,0.63065
3010.0,25.0,0.980233
3010.0,26.0,1.0
3010.0,27.0,0.976291
3010.0,28.0,0.977613
3010.0,29.0,0.896723
3010.0,30.0,0.556674
3010.0,31.0,1.0
3010.0,32.0,0.906819
3010.0,33.0,1.0
3010.0,34.0,1.0
3010.0,35.0,0.607283
3010.0,36.0,1.0
4000.0,0.0,0.601742
4000.0,1.0,0.413542
4000.0,2.0,1.0
4000.0,3.0,0.676769
4000.0,4.0,0.54698
4000.0,5.0,0.928638
4000.0,6.0,1.0
4000.0,7.0,0.402515
4000.0,8.0,0.430311
4000.0,9.0,0.505097
4000.0,10.0,0.878323
4000.0,11.0,1.0
4000.0,12.0,1.0
4000.0,13.0,1.0
4000.0,14.0,0.982809
4000.0,15.0,1.0
4000.0,16.0,1.0
4000.0,17.0,0.703013
4000.0,18.0,0.999926
4000.0,19.0,0.998842
4000.0,20.0,1.0
4000.0,21.0,1.0
4000.0,22.0,0.754942
4000.0,23.0,0.323488
4000.0,24.0,0.614058
4000.0,25.0,0.993173
4000.0,26.0,1.0
4000.0,27.0,0.984042
4000.0,28.0,0.985651
4000.0,29.0,0.896716
4000.0,30.0,0.550283
4000.0,31.0,1.0
4000.0,32.0,0.898603
4000.0,33.0,1.0
4000.0,34.0,1.0
4000.0,35.0,0.603301
4000.0,36.0,1.0
4001.0,0.0,0.602934
4001.0,1.0,0.416086
4001.0,2.0,1.0
4001.0,3.0,0.686233
4001.0,4.0,0.545442
4001.0,5.0,0.928693
4001.0,6.0,1.0
4001.0,7.0,0.440785
4001.0,8.0,0.448506
4001.0,9.0,0.513509
4001.0,10.0,0.878546
4001.0,11.0,1.0
4001.0,12.0,1.0
4001.0,13.0,1.0
4001.0,14.0,0.983234
4001.0,15.0,1.0
4001.0,16.0,1.0
4001.0,17.0,0.705684
4001.0,18.0,0.999928
4001.0,19.0,0.998721
4001.0,20.0,1.0
4001.0,21.0,1.0
4001.0,22.0,0.765707
4001.0,23.0,0.324278
4001.0,24.0,0.616247
4001.0,25.0,0.993333
4001.0,26.0,1.0
4001.0,27.0,0.98423
4001.0,28.0,0.985573
4001.0,29.0,0.896969
4001.0,30.0,0.554005
4001.0,31.0,1.0
4001.0,32.0,0.898782
4001.0,33.0,1.0
4001.0,34.0,1.0
4001.0,35.0,0.60545
4001.0,36.0,1.0
4002.0,0.0,0.60411
4002.0,1.0,0.419344
4002.0,2.0,1.0
4002.0,3.0,0.695315
4002.0,4.0,0.544515
4002.0,5.0,0.928971
4002.0,6.0,1.0
4002.0,7.0,0.480372
4002.0,8.0,0.46722
4002.0,9.0,0.522464
4002.0,10.0,0.879024
4002.0,11.0,1.0
4002.0,12.0,1.0
4002.0,13.0,1.0
4002.0,14.0,0.98342
4002.0,15.0,1.0
4002.0,16.0,1.0
4002.0,17.0,0.708129
4002.0,18.0,0.999939
4002.0,19.0,0.998725
4002.0,20.0,1.0
4002.0,21.0,1.0
4002.0,22.0,0.776068
4002.0,23.0,0.325174
4002.0,24.0,0.617196
4002.0,25.0,0.99353
4002.0,26.0,1.0
4002.0,27.0,0.984404
4002.0,28.0,0.985504
4002.0,29.0,0.896936
4002.0,30.0,0.557332
4002.0,31.0,1.0
4002.0,32.0,0.899259
4002.0,33.0,1.0
4002.0,34.0,1.0
4002.0,35.0,0.608202
4002.0,36.0,1.0
4003.0,0.0,0.604665
4003.0,1.0,0.422101
4003.0,2.0,1.0
4003.0,3.0,0.704617
4003.0,4.0,0.543754
4003.0,5.0,0.929151
4003.0,6.0,1.0
4003.0,7.0,0.520213
4003.0,8.0,0.486377
4003.0,9.0,0.531109
4003.0,10.0,0.879637
4003.0,11.0,1.0
4003.0,12.0,1.0
4003.0,13.0,1.0
4003.0,14.0,0.98366
4003.0,15.0,1.0
4003.0,16.0,1.0
4003.0,17.0,0.709753
4003.0,18.0,0.999948
4003.0,19.0,0.998758
4003.0,20.0,1.0
4003.0,21.0,1.0
4003.0,22.0,0.786355
4003.0,23.0,0.326521
4003.0,24.0,0.617253
4003.0,25.0,0.993787
4003.0,26.0,1.0
4003.0,27.0,0.984279
4003.0,28.0,0.985496
4003.0,29.0,0.897347
4003.0,30.0,0.561722
4003.0,31.0,1.0
4003.0,32.0,0.898867
4003.0,33.0,1.0
4003.0,34.0,1.0
4003.0,35.0,0.610853
4003.0,36.0,1.0
4004.0,0.0,0.604986
4004.0,1.0,0.425962
4004.0,2.0,1.0
4004.0,3.0,0.713497
4004.0,4.0,0.541816
4004.0,5.0,0.929457
4004.0,6.0,1.0
4004.0,7.0,0.560651
4004.0,8.0,0.505126
4004.0,9.0,0.540679
4004.0,10.0,0.879692
4004.0,11.0,1.0
4004.0,12.0,1.0
4004.0,13.0,1.0
4004.0,14.0,0.983949
4004.0,15.0,1.0
4004.0,16.0,1.0
4004.0,17.0,0.711436
4004.0,18.0,0.999957
4004.0,19.0,0.998762
4004.0,20.0,1.0
4004.0,21.0,1.0
4004.0,22.0,0.79617
4004.0,23.0,0.327427
4004.0,24.0,0.618979
4004.0,25.0,0.993876
4004.0,26.0,1.0
4004.0,27.0,0.98445
4004.0,28.0,0.985727
4004.0,29.0,0.897304
4004.0,30.0,0.564889
4004.0,31.0,1.0
4004.0,32.0,0.899318
4004.0,33.0,1.0
4004.0,34.0,1.0
4004.0,35.0,0.613441
4004.0,36.0,1.0
4005.0,0.0,0.605174
4005.0,1.0,0.429119
4005.0,2.0,1.0
4005.0,3.0,0.722138
4005.0,4.0,0.540083
4005.0,5.0,0.929754
4005.0,6.0,1.0
4005.0,7.0,0.601252
4005.0,8.0,0.52508
4005.0,9.0,0.549976
4005.0,10.0,0.880316
4005.0,11.0,1.0
4005.0,12.0,1.0
4005.0,13.0,1.0
4005.0,14.0,0.9842
4005.0,15.0,1.0
4005.0,16.0,1.0
4005.0,17.0,0.71333
4005.0,18.0,0.999966
4005.0,19.0,0.99877
4005.0,20.0,1.0
4005.0,21.0,1.0
4005.0,22.0,0.805917
4005.0,23.0,0.328623
4005.0,24.0,0.619967
4005.0,25.0,0.994027
4005.0,26.0,1.0
4005.0,27.0,0.984597
4005.0,28.0,0.985869
4005.0,29.0,0.896955
4005.0,30.0,0.567686
4005.0,31.0,1.0
4005.0,32.0,0.899472
4005.0,33.0,1.0
4005.0,34.0,1.0
4005.0,35.0,0.614642
4005.0,36.0,1.0
4006.0,0.0,0.606772
4006.0,1.0,0.432464
4006.0,2.0,1.0
4006.0,3.0,0.730904
4006.0,4.0,0.538484
4006.0,5.0,0.929651
4006.0,6.0,1.0
4006.0,7.0,0.640967
4006.0,8.0,0.544017
4006.0,9.0,0.55825
4006.0,10.0,0.88046
4006.0,11.0,1.0
4006.0,12.0,1.0
4006.0,13.0,1.0
4006.0,14.0,0.984584
4006.0,15.0,1.0
4006.0,16.0,1.0
4006.0,17.0,0.715691
4006.0,18.0,0.999962
4006.0,19.0,0.998793
4006.0,20.0,1.0
4006.0,21.0,1.0
4006.0,22.0,0.815516
4006.0,23.0,0.330993
4006.0,24.0,0.620644
4006.0,25.0,0.994122
4006.0,26.0,1.0
4006.0,27.0,0.984579
4006.0,28.0,0.985919
4006.0,29.0,0.89734
4006.0,30.0,0.571201
4006.0,31.0,1.0
4006.0,32.0,0.899163
4006.0,33.0,1.0
4006.0,34.0,1.0
4006.0,35.0,0.616124
4006.0,36.0,1.0
4007.0,0.0,0.60745
4007.0,1.0,0.435063
4007.0,2.0,1.0
4007.0,3.0,0.738429
4007.0,4.0,0.536165
4007.0,5.0,0.929595
4007.0,6.0,1.0
4007.0,7.0,0.678296
4007.0,8.0,0.563394
4007.0,9.0,0.567208
4007.0,10.0,0.88066
4007.0,11.0,1.0
4007.0,12.0,1.0
4007.0,13.0,1.0
4007.0,14.0,0.984709
4007.0,15.0,1.0
4007.0,16.0,1.0
4007.0,17.0,0.717886
4007.0,18.0,0.999958
4007.0,19.0,0.99882
4007.0,20.0,1.0
4007.0,21.0,1.0
4007.0,22.0,0.824571
4007.0,23.0,0.331741
4007.0,24.0,0.621942
4007.0,25.0,0.994239
4007.0,26.0,1.0
4007.0,27.0,0.984649
4007.0,28.0,0.986085
4007.0,29.0,0.897573
4007.0,30.0,0.575003
4007.0,31.0,1.0
4007.0,32.0,0.899639
4007.0,33.0,1.0
4007.0,34.0,1.0
4007.0,35.0,0.619377
4007.0,36.0,1.0
4008.0,0.0,0.607668
4008.0,1.0,0.437573
4008.0,2.0,1.0
4008.0,3.0,0.746134
4008.0,4.0,0.536244
4008.0,5.0,0.930211
4008.0,6.0,1.0
4008.0,7.0,0.714645
4008.0,8.0,0.583053
4008.0,9.0,0.574876
4008.0,10.0,0.880432
4008.0,11.0,1.0
4008.0,12.0,1.0
4008.0,13.0,1.0
4008.0,14.0,0.985032
4008.0,15.0,1.0
4008.0,16.0,1.0
4008.0,17.0,0.720107
4008.0,18.0,0.999962
4008.0,19.0,0.9988
4008.0,20.0,1.0
4008.0,21.0,1.0
4008.0,22.0,0.832466
4008.0,23.0,0.332413
4008.0,24.0,0.622987
4008.0,25.0,0.99429
4008.0,26.0,1.0
4008.0,27.0,0.984734
4008.0,28.0,0.986256
4008.0,29.0,0.897348
4008.0,30.0,0.578571
4008.0,31.0,1.0
4008.0,32.0,0.899809
4008.0,33.0,1.0
4008.0,34.0,1.0
4008.0,35.0,0.622173
4008.0,36.0,1.0
4009.0,0.0,0.603859
4009.0,1.0,0.42163
4009.0,2.0,1.0
4009.0,3.0,0.707835
4009.0,4.0,0.542357
4009.0,5.0,0.929163
4009.0,6.0,1.0
4009.0,7.0,0.541424
4009.0,8.0,0.495187
4009.0,9.0,0.536842
4009.0,10.0,0.879855
4009.0,11.0,1.0
4009.0,12.0,1.0
4009.0,13.0,1.0
4009.0,14.0,0.984266
4009.0,15.0,1.0
4009.0,16.0,1.0
4009.0,17.0,0.710361
4009.0,18.0,0.999963
4009.0,19.0,0.998756
4009.0,20.0,1.0
4009.0,21.0,1.0
4009.0,22.0,0.792434
4009.0,23.0,0.326183
4009.0,24.0,0.617959
4009.0,25.0,0.993748
4009.0,26.0,1.0
4009.0,27.0,0.984763
4009.0,28.0,0.985839
4009.0,29.0,0.896388
4009.0,30.0,0.564007
4009.0,31.0,1.0
4009.0,32.0,0.899114
4009.0,33.0,1.0
4009.0,34.0,1.0
4009.0,35.0,0.611284
4009.0,36.0,1.0
4010.0,0.0,0.600303
4010.0,1.0,0.410744
4010.0,2.0,1.0
4010.0,3.0,0.675858
4010.0,4.0,0.547734
4010.0,5.0,0.928311
4010.0,6.0,1.0
4010.0,7.0,0.401537
4010.0,8.0,0.430301
4010.0,9.0,0.507247
4010.0,10.0,0.878819
4010.0,11.0,1.0
4010.0,12.0,1.0
4010.0,13.0,1.0
4010.0,14.0,0.983805
4010.0,15.0,1.0
4010.0,16.0,1.0
4010.0,17.0,0.702126
4010.0,18.0,0.999955
4010.0,19.0,0.998678
4010.0,20.0,1.0
4010.0,21.0,1.0
4010.0,22.0,0.756298
4010.0,23.0,0.322332
4010.0,24.0,0.614226
4010.0,25.0,0.993402
4010.0,26.0,1.0
4010.0,27.0,0.984577
4010.0,28.0,0.985318
4010.0,29.0,0.895996
4010.0,30.0,0.551127
4010.0,31.0,1.0
4010.0,32.0,0.898856
4010.0,33.0,1.0
4010.0,34.0,1.0
4010.0,35.0,0.602099
4010.0,36.0,1.0
5000.0,0.0,0.600117
5000.0,1.0,0.410814
5000.0,2.0,1.0
5000.0,3.0,0.67687
5000.0,4.0,0.5254
5000.0,5.0,0.922363
5000.0,6.0,1.0
5000.0,7.0,0.402517
5000.0,8.0,0.430586
5000.0,9.0,0.508852
5000.0,10.0,0.899883
5000.0,11.0,1.0
5000.0,12.0,1.0
5000.0,13.0,1.0
5000.0,14.0,0.988471
5000.0,15.0,1.0
5000.0,16.0,1.0
5000.0,17.0,0.689711
5000.0,18.0,1.0
5000.0,19.0,1.0
5000.0,20.0,1.0
5000.0,21.0,1.0
5000.0,22.0,0.756427
5000.0,23.0,0.335354
5000.0,24.0,0.618321
5000.0,25.0,0.997748
5000.0,26.0,1.0
5000.0,27.0,0.992491
5000.0,28.0,0.988951
5000.0,29.0,0.886503
5000.0,30.0,0.543201
5000.0,31.0,1.0
5000.0,32.0,0.910465
5000.0,33.0,1.0
5000.0,34.0,1.0
5000.0,35.0,0.60377
5000.0,36.0,1.0
5001.0,0.0,0.601346
5001.0,1.0,0.414635
5001.0,2.0,1.0
5001.0,3.0,0.685991
5001.0,4.0,0.525107
5001.0,5.0,0.922694
5001.0,6.0,1.0
5001.0,7.0,0.440367
5001.0,8.0,0.448849
5001.0,9.0,0.517056
5001.0,10.0,0.900144
5001.0,11.0,1.0
5001.0,12.0,1.0
5001.0,13.0,1.0
5001.0,14.0,0.988704
5001.0,15.0,1.0
5001.0,16.0,1.0
5001.0,17.0,0.692222
5001.0,18.0,1.0
5001.0,19.0,1.0
5001.0,20.0,1.0
5001.0,21.0,1.0
5001.0,22.0,0.767388
5001.0,23.0,0.337093
5001.0,24.0,0.619593
5001.0,25.0,0.997825
5001.0,26.0,1.0
5001.0,27.0,0.992354
5001.0,28.0,0.989154
5001.0,29.0,0.886565
5001.0,30.0,0.546344
5001.0,31.0,1.0
5001.0,32.0,0.911284
5001.0,33.0,1.0
5001.0,34.0,1.0
5001.0,35.0,0.605398
5001.0,36.0,1.0
5002.0,0.0,0.602482
5002.0,1.0,0.417926
5002.0,2.0,1.0
5002.0,3.0,0.695116
5002.0,4.0,0.524673
5002.0,5.0,0.922806
5002.0,6.0,1.0
5002.0,7.0,0.48046
5002.0,8.0,0.467201
5002.0,9.0,0.525326
5002.0,10.0,0.900359
5002.0,11.0,1.0
5002.0,12.0,1.0
5002.0,13.0,1.0
5002.0,14.0,0.988646
5002.0,15.0,1.0
5002.0,16.0,1.0
5002.0,17.0,0.694941
5002.0,18.0,1.0
5002.0,19.0,1.0
5002.0,20.0,1.0
5002.0,21.0,1.0
5002.0,22.0,0.778045
5002.0,23.0,0.337888
5002.0,24.0,0.619611
5002.0,25.0,0.997868
5002.0,26.0,1.0
5002.0,27.0,0.992297
5002.0,28.0,0.989311
5002.0,29.0,0.887573
5002.0,30.0,0.549593
5002.0,31.0,1.0
5002.0,32.0,0.911685
5002.0,33.0,1.0
5002.0,34.0,1.0
5002.0,35.0,0.607548
5002.0,36.0,1.0
5003.0,0.0,0.603282
5003.0,1.0,0.420583
5003.0,2.0,1.0
5003.0,3.0,0.704486
5003.0,4.0,0.523538
5003.0,5.0,0.92326
5003.0,6.0,1.0
5003.0,7.0,0.5209
5003.0,8.0,0.486728
5003.0,9.0,0.533799
5003.0,10.0,0.901049
5003.0,11.0,1.0
5003.0,12.0,1.0
5003.0,13.0,1.0
5003.0,14.0,0.988648
5003.0,15.0,1.0
5003.0,16.0,1.0
5003.0,17.0,0.697535
5003.0,18.0,1.0
5003.0,19.0,1.0
5003.0,20.0,1.0
5003.0,21.0,1.0
5003.0,22.0,0.788543
5003.0,23.0,0.339695
5003.0,24.0,0.620793
5003.0,25.0,0.997866
5003.0,26.0,1.0
5003.0,27.0,0.992287
5003.0,28.0,0.989347
5003.0,29.0,0.887367
5003.0,30.0,0.553747
5003.0,31.0,1.0
5003.0,32.0,0.911917
5003.0,33.0,1.0
5003.0,34.0,1.0
5003.0,35.0,0.610687
5003.0,36.0,1.0
5004.0,0.0,0.605206
5004.0,1.0,0.424227
5004.0,2.0,1.0
5004.0,3.0,0.713747
5004.0,4.0,0.522749
5004.0,5.0,0.923347
5004.0,6.0,1.0
5004.0,7.0,0.561587
5004.0,8.0,0.505488
5004.0,9.0,0.542457
5004.0,10.0,0.900915
5004.0,11.0,1.0
5004.0,12.0,1.0
5004.0,13.0,1.0
5004.0,14.0,0.988851
5004.0,15.0,1.0
5004.0,16.0,1.0
5004.0,17.0,0.69974
5004.0,18.0,1.0
5004.0,19.0,1.0
5004.0,20.0,1.0
5004.0,21.0,1.0
5004.0,22.0,0.798262
5004.0,23.0,0.341256
5004.0,24.0,0.621635
5004.0,25.0,0.997945
5004.0,26.0,1.0
5004.0,27.0,0.992256
5004.0,28.0,0.989402
5004.0,29.0,0.887973
5004.0,30.0,0.556526
5004.0,31.0,1.0
5004.0,32.0,0.91228
5004.0,33.0,1.0
5004.0,34.0,1.0
5004.0,35.0,0.6131
5004.0,36.0,1.0
5005.0,0.0,0.606306
5005.0,1.0,0.427581
5005.0,2.0,1.0
5005.0,3.0,0.722612
5005.0,4.0,0.520665
5005.0,5.0,0.923668
5005.0,6.0,1.0
5005.0,7.0,0.601954
5005.0,8.0,0.524046
5005.0,9.0,0.551071
5005.0,10.0,0.900875
5005.0,11.0,1.0
5005.0,12.0,1.0
5005.0,13.0,1.0
5005.0,14.0,0.989137
5005.0,15.0,1.0
5005.0,16.0,1.0
5005.0,17.0,0.702394
5005.0,18.0,1.0
5005.0,19.0,1.0
5005.0,20.0,1.0
5005.0,21.0,1.0
5005.0,22.0,0.808315
5005.0,23.0,0.342047
5005.0,24.0,0.622248
5005.0,25.0,0.998035
5005.0,26.0,1.0
5005.0,27.0,0.992278
5005.0,28.0,0.989394
5005.0,29.0,0.888587
5005.0,30.0,0.560486
5005.0,31.0,1.0
5005.0,32.0,0.912824
5005.0,33.0,1.0
5005.0,34.0,1.0
5005.0,35.0,0.614774
5005.0,36.0,1.0
5006.0,0.0,0.607554
5006.0,1.0,0.430156
5006.0,2.0,1.0
5006.0,3.0,0.731037
5006.0,4.0,0.519199
5006.0,5.0,0.923824
5006.0,6.0,1.0
5006.0,7.0,0.641594
5006.0,8.0,0.544048
5006.0,9.0,0.560251
5006.0,10.0,0.901066
5006.0,11.0,1.0
5006.0,12.0,1.0
5006.0,13.0,1.0
5006.0,14.0,0.989277
5006.0,15.0,1.0
5006.0,16.0,1.0
5006.0,17.0,0.704289
5006.0,18.0,1.0
5006.0,19.0,1.0
5006.0,20.0,1.0
5006.0,21.0,1.0
5006.0,22.0,0.816853
5006.0,23.0,0.344081
5006.0,24.0,0.623408
5006.0,25.0,0.998067
5006.0,26.0,1.0
5006.0,27.0,0.99224
5006.0,28.0,0.989364
5006.0,29.0,0.888702
5006.0,30.0,0.564191
5006.0,31.0,1.0
5006.0,32.0,0.913265
5006.0,33.0,1.0
5006.0,34.0,1.0
5006.0,35.0,0.617818
5006.0,36.0,1.0
5007.0,0.0,0.609146
5007.0,1.0,0.432644
5007.0,2.0,1.0
5007.0,3.0,0.738511
5007.0,4.0,0.51909
5007.0,5.0,0.924488
5007.0,6.0,1.0
5007.0,7.0,0.679751
5007.0,8.0,0.563137
5007.0,9.0,0.56841
5007.0,10.0,0.900987
5007.0,11.0,1.0
5007.0,12.0,1.0
5007.0,13.0,1.0
5007.0,14.0,0.989497
5007.0,15.0,1.0
5007.0,16.0,1.0
5007.0,17.0,0.707227
5007.0,18.0,1.0
5007.0,19.0,1.0
5007.0,20.0,1.0
5007.0,21.0,1.0
5007.0,22.0,0.825824
5007.0,23.0,0.344675
5007.0,24.0,0.624635
5007.0,25.0,0.998102
5007.0,26.0,1.0
5007.0,27.0,0.992224
5007.0,28.0,0.989268
5007.0,29.0,0.88858
5007.0,30.0,0.568029
5007.0,31.0,1.0
5007.0,32.0,0.913406
5007.0,33.0,1.0
5007.0,34.0,1.0
5007.0,35.0,0.620339
5007.0,36.0,1.0
5008.0,0.0,0.610812
5008.0,1.0,0.436155
5008.0,2.0,1.0
5008.0,3.0,0.745899
5008.0,4.0,0.517856
5008.0,5.0,0.925019
5008.0,6.0,1.0
5008.0,7.0,0.715505
5008.0,8.0,0.582246
5008.0,9.0,0.576173
5008.0,10.0,0.900832
5008.0,11.0,1.0
5008.0,12.0,1.0
5008.0,13.0,1.0
5008.0,14.0,0.989531
5008.0,15.0,1.0
5008.0,16.0,1.0
5008.0,17.0,0.709554
5008.0,18.0,1.0
5008.0,19.0,1.0
5008.0,20.0,1.0
5008.0,21.0,1.0
5008.0,22.0,0.833681
5008.0,23.0,0.346563
5008.0,24.0,0.625433
5008.0,25.0,0.998097
5008.0,26.0,1.0
5008.0,27.0,0.992121
5008.0,28.0,0.989388
5008.0,29.0,0.888975
5008.0,30.0,0.572315
5008.0,31.0,1.0
5008.0,32.0,0.913626
5008.0,33.0,1.0
5008.0,34.0,1.0
5008.0,35.0,0.622638
5008.0,36.0,1.0
5009.0,0.0,0.605532
5009.0,1.0,0.421985
5009.0,2.0,1.0
5009.0,3.0,0.707962
5009.0,4.0,0.522379
5009.0,5.0,0.923312
5009.0,6.0,1.0
5009.0,7.0,0.54165
5009.0,8.0,0.49321
5009.0,9.0,0.538756
5009.0,10.0,0.89922
5009.0,11.0,1.0
5009.0,12.0,1.0
5009.0,13.0,1.0
5009.0,14.0,0.988958
5009.0,15.0,1.0
5009.0,16.0,1.0
5009.0,17.0,0.700532
5009.0,18.0,1.0
5009.0,19.0,1.0
5009.0,20.0,1.0
5009.0,21.0,1.0
5009.0,22.0,0.793849
5009.0,23.0,0.341893
5009.0,24.0,0.620384
5009.0,25.0,0.997921
5009.0,26.0,1.0
5009.0,27.0,0.992164
5009.0,28.0,0.989107
5009.0,29.0,0.887106
5009.0,30.0,0.557111
5009.0,31.0,1.0
5009.0,32.0,0.912568
5009.0,33.0,1.0
5009.0,34.0,1.0
5009.0,35.0,0.610432
5009.0,36.0,1.0
5010.0,0.0,0.600603
5010.0,1.0,0.409663
5010.0,2.0,1.0
5010.0,3.0,0.676597
5010.0,4.0,0.527203
5010.0,5.0,0.921943
5010.0,6.0,1.0
5010.0,7.0,0.401397
5010.0,8.0,0.430309
5010.0,9.0,0.509082
5010.0,10.0,0.898637
5010.0,11.0,1.0
5010.0,12.0,1.0
5010.0,13.0,1.0
5010.0,14.0,0.988314
5010.0,15.0,1.0
5010.0,16.0,1.0
5010.0,17.0,0.692775
5010.0,18.0,1.0
5010.0,19.0,1.0
5010.0,20.0,1.0
5010.0,21.0,1.0
5010.0,22.0,0.758054
5010.0,23.0,0.337745
5010.0,24.0,0.616451
5010.0,25.0,0.997702
5010.0,26.0,1.0
5010.0,27.0,0.991999
5010.0,28.0,0.988779
5010.0,29.0,0.88602
5010.0,30.0,0.545427
5010.0,31.0,1.0
5010.0,32.0,0.912081
5010.0,33.0,1.0
5010.0,34.0,1.0
5010.0,35.0,0.601844
5010.0,36.0,1.0
6000.0,0.0,0.591421
6000.0,1.0,0.411169
6000.0,2.0,1.0
6000.0,3.0,0.678917
6000.0,4.0,0.541486
6000.0,5.0,0.929325
6000.0,6.0,1.0
6000.0,7.0,0.396119
6000.0,8.0,0.432084
6000.0,9.0,0.509509
6000.0,10.0,0.907744
6000.0,11.0,1.0
6000.0,12.0,1.0
6000.0,13.0,1.0
6000.0,14.0,0.990344
6000.0,15.0,1.0
6000.0,16.0,1.0
6000.0,17.0,0.702641
6000.0,18.0,1.0
6000.0,19.0,1.0
6000.0,20.0,1.0
6000.0,21.0,1.0
6000.0,22.0,0.76078
6000.0,23.0,0.350273
6000.0,24.0,0.622975
6000.0,25.0,0.996929
6000.0,26.0,1.0
6000.0,27.0,0.99344
6000.0,28.0,0.983305
6000.0,29.0,0.906269
6000.0,30.0,0.538308
6000.0,31.0,1.0
6000.0,32.0,0.931348
6000.0,33.0,1.0
6000.0,34.0,1.0
6000.0,35.0,0.604654
6000.0,36.0,1.0
6001.0,0.0,0.593296
6001.0,1.0,0.414106
6001.0,2.0,1.0
6001.0,3.0,0.688438
6001.0,4.0,0.539782
6001.0,5.0,0.929618
6001.0,6.0,1.0
6001.0,7.0,0.434103
6001.0,8.0,0.450413
6001.0,9.0,0.517765
6001.0,10.0,0.907921
6001.0,11.0,1.0
6001.0,12.0,1.0
6001.0,13.0,1.0
6001.0,14.0,0.990465
6001.0,15.0,1.0
6001.0,16.0,1.0
6001.0,17.0,0.704051
6001.0,18.0,1.0
6001.0,19.0,1.0
6001.0,20.0,1.0
6001.0,21.0,1.0
6001.0,22.0,0.771571
6001.0,23.0,0.351446
6001.0,24.0,0.624133
6001.0,25.0,0.996974
6001.0,26.0,1.0
6001.0,27.0,0.993574
6001.0,28.0,0.983239
6001.0,29.0,0.906935
6001.0,30.0,0.542211
6001.0,31.0,1.0
6001.0,32.0,0.931296
6001.0,33.0,1.0
6001.0,34.0,1.0
6001.0,35.0,0.607113
6001.0,36.0,1.0
6002.0,0.0,0.594426
6002.0,1.0,0.417202
6002.0,2.0,1.0
6002.0,3.0,0.697393
6002.0,4.0,0.538119
6002.0,5.0,0.929903
6002.0,6.0,1.0
6002.0,7.0,0.473766
6002.0,8.0,0.468674
6002.0,9.0,0.525899
6002.0,10.0,0.908364
6002.0,11.0,1.0
6002.0,12.0,1.0
6002.0,13.0,1.0
6002.0,14.0,0.990625
6002.0,15.0,1.0
6002.0,16.0,1.0
6002.0,17.0,0.706633
6002.0,18.0,1.0
6002.0,19.0,1.0
6002.0,20.0,1.0
6002.0,21.0,1.0
6002.0,22.0,0.781616
6002.0,23.0,0.353045
6002.0,24.0,0.625168
6002.0,25.0,0.997007
6002.0,26.0,1.0
6002.0,27.0,0.993626
6002.0,28.0,0.983375
6002.0,29.0,0.906656
6002.0,30.0,0.545944
6002.0,31.0,1.0
6002.0,32.0,0.931422
6002.0,33.0,1.0
6002.0,34.0,1.0
6002.0,35.0,0.610621
6002.0,36.0,1.0
6003.0,0.0,0.595877
6003.0,1.0,0.419988
6003.0,2.0,1.0
6003.0,3.0,0.706442
6003.0,4.0,0.535935
6003.0,5.0,0.930192
6003.0,6.0,1.0
6003.0,7.0,0.514793
6003.0,8.0,0.488062
6003.0,9.0,0.534742
6003.0,10.0,0.908724
6003.0,11.0,1.0
6003.0,12.0,1.0
6003.0,13.0,1.0
6003.0,14.0,0.990715
6003.0,15.0,1.0
6003.0,16.0,1.0
6003.0,17.0,0.709314
6003.0,18.0,1.0
6003.0,19.0,1.0
6003.0,20.0,1.0
6003.0,21.0,1.0
6003.0,22.0,0.792414
6003.0,23.0,0.355389
6003.0,24.0,0.626191
6003.0,25.0,0.996983
6003.0,26.0,1.0
6003.0,27.0,0.993642
6003.0,28.0,0.98363
6003.0,29.0,0.90629
6003.0,30.0,0.549745
6003.0,31.0,1.0
6003.0,32.0,0.931993
6003.0,33.0,1.0
6003.0,34.0,1.0
6003.0,35.0,0.612897
6003.0,36.0,1.0
6004.0,0.0,0.597326
6004.0,1.0,0.422572
6004.0,2.0,1.0
6004.0,3.0,0.715329
6004.0,4.0,0.534651
6004.0,5.0,0.930668
6004.0,6.0,1.0
6004.0,7.0,0.556007
6004.0,8.0,0.50775
6004.0,9.0,0.544003
6004.0,10.0,0.909148
6004.0,11.0,1.0
6004.0,12.0,1.0
6004.0,13.0,1.0
6004.0,14.0,0.99095
6004.0,15.0,1.0
6004.0,16.0,1.0
6004.0,17.0,0.710935
6004.0,18.0,1.0
6004.0,19.0,1.0
6004.0,20.0,1.0
6004.0,21.0,1.0
6004.0,22.0,0.801741
6004.0,23.0,0.356793
6004.0,24.0,0.627564
6004.0,25.0,0.99706
6004.0,26.0,1.0
6004.0,27.0,0.993801
6004.0,28.0,0.983755
6004.0,29.0,0.906123
6004.0,30.0,0.552872
6004.0,31.0,1.0
6004.0,32.0,0.932226
6004.0,33.0,1.0
6004.0,34.0,1.0
6004.0,35.0,0.616108
6004.0,36.0,1.0
6005.0,0.0,0.597169
6005.0,1.0,0.425715
6005.0,2.0,1.0
6005.0,3.0,0.724286
6005.0,4.0,0.533004
6005.0,5.0,0.930513
6005.0,6.0,1.0
6005.0,7.0,0.596385
6005.0,8.0,0.526902
6005.0,9.0,0.553066
6005.0,10.0,0.90924
6005.0,11.0,1.0
6005.0,12.0,1.0
6005.0,13.0,1.0
6005.0,14.0,0.991191
6005.0,15.0,1.0
6005.0,16.0,1.0
6005.0,17.0,0.712937
6005.0,18.0,1.0
6005.0,19.0,1.0
6005.0,20.0,1.0
6005.0,21.0,1.0
6005.0,22.0,0.810964
6005.0,23.0,0.358836
6005.0,24.0,0.628475
6005.0,25.0,0.997079
6005.0,26.0,1.0
6005.0,27.0,0.993711
6005.0,28.0,0.983742
6005.0,29.0,0.906037
6005.0,30.0,0.556534
6005.0,31.0,1.0
6005.0,32.0,0.932382
6005.0,33.0,1.0
6005.0,34.0,1.0
6005.0,35.0,0.618214
6005.0,36.0,1.0
6006.0,0.0,0.598015
6006.0,1.0,0.429522
6006.0,2.0,1.0
6006.0,3.0,0.732745
6006.0,4.0,0.531329
6006.0,5.0,0.931547
6006.0,6.0,1.0
6006.0,7.0,0.6358
6006.0,8.0,0.545677
6006.0,9.0,0.561393
6006.0,10.0,0.909648
6006.0,11.0,1.0
6006.0,12.0,1.0
6006.0,13.0,1.0
6006.0,14.0,0.991441
6006.0,15.0,1.0
6006.0,16.0,1.0
6006.0,17.0,0.715757
6006.0,18.0,1.0
6006.0,19.0,1.0
6006.0,20.0,1.0
6006.0,21.0,1.0
6006.0,22.0,0.819607
6006.0,23.0,0.359761
6006.0,24.0,0.629878
6006.0,25.0,0.997173
6006.0,26.0,1.0
6006.0,27.0,0.99351
6006.0,28.0,0.984072
6006.0,29.0,0.905803
6006.0,30.0,0.559675
6006.0,31.0,1.0
6006.0,32.0,0.93212
6006.0,33.0,1.0
6006.0,34.0,1.0
6006.0,35.0,0.620992
6006.0,36.0,1.0
6007.0,0.0,0.599524
6007.0,1.0,0.433519
6007.0,2.0,1.0
6007.0,3.0,0.741037
6007.0,4.0,0.530715
6007.0,5.0,0.931742
6007.0,6.0,1.0
6007.0,7.0,0.674028
6007.0,8.0,0.564084
6007.0,9.0,0.57006
6007.0,10.0,0.91017
6007.0,11.0,1.0
6007.0,12.0,1.0
6007.0,13.0,1.0
6007.0,14.0,0.991371
6007.0,15.0,1.0
6007.0,16.0,1.0
6007.0,17.0,0.718155
6007.0,18.0,1.0
6007.0,19.0,1.0
6007.0,20.0,1.0
6007.0,21.0,1.0
6007.0,22.0,0.828253
6007.0,23.0,0.360678
6007.0,24.0,0.630465
6007.0,25.0,0.997302
6007.0,26.0,1.0
6007.0,27.0,0.993595
6007.0,28.0,0.984114
6007.0,29.0,0.906155
6007.0,30.0,0.56306
6007.0,31.0,1.0
6007.0,32.0,0.932111
6007.0,33.0,1.0
6007.0,34.0,1.0
6007.0,35.0,0.623418
6007.0,36.0,1.0
6008.0,0.0,0.601284
6008.0,1.0,0.436989
6008.0,2.0,1.0
6008.0,3.0,0.749368
6008.0,4.0,0.529097
6008.0,5.0,0.932276
6008.0,6.0,1.0
6008.0,7.0,0.708878
6008.0,8.0,0.583344
6008.0,9.0,0.577702
6008.0,10.0,0.909924
6008.0,11.0,1.0
6008.0,12.0,1.0
6008.0,13.0,1.0
6008.0,14.0,0.991576
6008.0,15.0,1.0
6008.0,16.0,1.0
6008.0,17.0,0.719676
6008.0,18.0,1.0
6008.0,19.0,1.0
6008.0,20.0,1.0
6008.0,21.0,1.0
6008.0,22.0,0.836066
6008.0,23.0,0.362255
6008.0,24.0,0.631133
6008.0,25.0,0.997317
6008.0,26.0,1.0
6008.0,27.0,0.993676
6008.0,28.0,0.984442
6008.0,29.0,0.906029
6008.0,30.0,0.566995
6008.0,31.0,1.0
6008.0,32.0,0.932126
6008.0,33.0,1.0
6008.0,34.0,1.0
6008.0,35.0,0.625269
6008.0,36.0,1.0
6009.0,0.0,0.595685
6009.0,1.0,0.423845
6009.0,2.0,1.0
6009.0,3.0,0.711183
6009.0,4.0,0.537253
6009.0,5.0,0.930998
6009.0,6.0,1.0
6009.0,7.0,0.534751
6009.0,8.0,0.495613
6009.0,9.0,0.539734
6009.0,10.0,0.909254
6009.0,11.0,1.0
6009.0,12.0,1.0
6009.0,13.0,1.0
6009.0,14.0,0.991022
6009.0,15.0,1.0
6009.0,16.0,1.0
6009.0,17.0,0.710817
6009.0,18.0,1.0
6009.0,19.0,1.0
6009.0,20.0,1.0
6009.0,21.0,1.0
6009.0,22.0,0.796916
6009.0,23.0,0.355781
6009.0,24.0,0.626411
6009.0,25.0,0.997169
6009.0,26.0,1.0
6009.0,27.0,0.993633
6009.0,28.0,0.984019
6009.0,29.0,0.904582
6009.0,30.0,0.552299
6009.0,31.0,1.0
6009.0,32.0,0.932121
6009.0,33.0,1.0
6009.0,34.0,1.0
6009.0,35.0,0.614345
6009.0,36.0,1.0
6010.0,0.0,0.590976
6010.0,1.0,0.412621
6010.0,2.0,1.0
6010.0,3.0,0.678933
6010.0,4.0,0.54296
6010.0,5.0,0.929936
6010.0,6.0,1.0
6010.0,7.0,0.395856
6010.0,8.0,0.431852
6010.0,9.0,0.510306
6010.0,10.0,0.908686
6010.0,11.0,1.0
6010.0,12.0,1.0
6010.0,13.0,1.0
6010.0,14.0,0.990517
6010.0,15.0,1.0
6010.0,16.0,1.0
6010.0,17.0,0.701951
6010.0,18.0,1.0
6010.0,19.0,1.0
6010.0,20.0,1.0
6010.0,21.0,1.0
6010.0,22.0,0.761278
6010.0,23.0,0.350347
6010.0,24.0,0.622284
6010.0,25.0,0.996922
6010.0,26.0,1.0
6010.0,27.0,0.993661
6010.0,28.0,0.983503
6010.0,29.0,0.903505
6010.0,30.0,0.539853
6010.0,31.0,1.0
6010.0,32.0,0.931778
6010.0,33.0,1.0
6010.0,34.0,1.0
6010.0,35.0,0.606308
6010.0,36.0,1.0
7000.0,0.0,0.597017
7000.0,1.0,0.413994
7000.0,2.0,1.0
7000.0,3.0,0.684
7000.0,4.0,0.539302
7000.0,5.0,0.928692
7000.0,6.0,1.0
7000.0,7.0,0.396871
7000.0,8.0,0.430027
7000.0,9.0,0.513727
7000.0,10.0,0.910069
7000.0,11.0,1.0
7000.0,12.0,1.0
7000.0,13.0,1.0
7000.0,14.0,0.989196
7000.0,15.0,1.0
7000.0,16.0,1.0
7000.0,17.0,0.692672
7000.0,18.0,1.0
7000.0,19.0,1.0
7000.0,20.0,1.0
7000.0,21.0,1.0
7000.0,22.0,0.757796
7000.0,23.0,0.349031
7000.0,24.0,0.615399
7000.0,25.0,0.997775
7000.0,26.0,1.0
7000.0,27.0,0.993181
7000.0,28.0,0.985204
7000.0,29.0,0.920629
7000.0,30.0,0.540813
7000.0,31.0,1.0
7000.0,32.0,0.920487
7000.0,33.0,1.0
7000.0,34.0,1.0
7000.0,35.0,0.6005
7000.0,36.0,1.0
7001.0,0.0,0.598152
7001.0,1.0,0.416737
7001.0,2.0,1.0
7001.0,3.0,0.692884
7001.0,4.0,0.538474
7001.0,5.0,0.928674
7001.0,6.0,1.0
7001.0,7.0,0.434311
7001.0,8.0,0.447889
7001.0,9.0,0.521121
7001.0,10.0,0.90995
7001.0,11.0,1.0
7001.0,12.0,1.0
7001.0,13.0,1.0
7001.0,14.0,0.989554
7001.0,15.0,1.0
7001.0,16.0,1.0
7001.0,17.0,0.695056
7001.0,18.0,1.0
7001.0,19.0,1.0
7001.0,20.0,1.0
7001.0,21.0,1.0
7001.0,22.0,0.767834
7001.0,23.0,0.350096
7001.0,24.0,0.617036
7001.0,25.0,0.997866
7001.0,26.0,1.0
7001.0,27.0,0.993168
7001.0,28.0,0.985365
7001.0,29.0,0.921007
7001.0,30.0,0.543917
7001.0,31.0,1.0
7001.0,32.0,0.920757
7001.0,33.0,1.0
7001.0,34.0,1.0
7001.0,35.0,0.603826
7001.0,36.0,1.0
7002.0,0.0,0.597938
7002.0,1.0,0.420621
7002.0,2.0,1.0
7002.0,3.0,0.701516
7002.0,4.0,0.53651
7002.0,5.0,0.929227
7002.0,6.0,1.0
7002.0,7.0,0.473704
7002.0,8.0,0.467117
7002.0,9.0,0.530574
7002.0,10.0,0.91042
7002.0,11.0,1.0
7002.0,12.0,1.0
7002.0,13.0,1.0
7002.0,14.0,0.989616
7002.0,15.0,1.0
7002.0,16.0,1.0
7002.0,17.0,0.697822
7002.0,18.0,1.0
7002.0,19.0,1.0
7002.0,20.0,1.0
7002.0,21.0,1.0
7002.0,22.0,0.778035
7002.0,23.0,0.351134
7002.0,24.0,0.618157
7002.0,25.0,0.997907
7002.0,26.0,1.0
7002.0,27.0,0.993091
7002.0,28.0,0.985493
7002.0,29.0,0.921292
7002.0,30.0,0.54714
7002.0,31.0,1.0
7002.0,32.0,0.921053
7002.0,33.0,1.0
7002.0,34.0,1.0
7002.0,35.0,0.606998
7002.0,36.0,1.0
7003.0,0.0,0.599139
7003.0,1.0,0.423009
7003.0,2.0,1.0
7003.0,3.0,0.710426
7003.0,4.0,0.534551
7003.0,5.0,0.929751
7003.0,6.0,1.0
7003.0,7.0,0.51388
7003.0,8.0,0.486484
7003.0,9.0,0.539601
7003.0,10.0,0.910572
7003.0,11.0,1.0
7003.0,12.0,1.0
7003.0,13.0,1.0
7003.0,14.0,0.989717
7003.0,15.0,1.0
7003.0,16.0,1.0
7003.0,17.0,0.700321
7003.0,18.0,1.0
7003.0,19.0,1.0
7003.0,20.0,1.0
7003.0,21.0,1.0
7003.0,22.0,0.788625
7003.0,23.0,0.353186
7003.0,24.0,0.619333
7003.0,25.0,0.997957
7003.0,26.0,1.0
7003.0,27.0,0.993225
7003.0,28.0,0.985743
7003.0,29.0,0.921528
7003.0,30.0,0.550333
7003.0,31.0,1.0
7003.0,32.0,0.921584
7003.0,33.0,1.0
7003.0,34.0,1.0
7003.0,35.0,0.608474
7003.0,36.0,1.0
7004.0,0.0,0.60058
7004.0,1.0,0.426334
7004.0,2.0,1.0
7004.0,3.0,0.719437
7004.0,4.0,0.532135
7004.0,5.0,0.930124
7004.0,6.0,1.0
7004.0,7.0,0.554709
7004.0,8.0,0.506003
7004.0,9.0,0.548217
7004.0,10.0,0.910061
7004.0,11.0,1.0
7004.0,12.0,1.0
7004.0,13.0,1.0
7004.0,14.0,0.990008
7004.0,15.0,1.0
7004.0,16.0,1.0
7004.0,17.0,0.703201
7004.0,18.0,1.0
7004.0,19.0,1.0
7004.0,20.0,1.0
7004.0,21.0,1.0
7004.0,22.0,0.798729
7004.0,23.0,0.355112
7004.0,24.0,0.620132
7004.0,25.0,0.998048
7004.0,26.0,1.0
7004.0,27.0,0.993213
7004.0,28.0,0.985823
7004.0,29.0,0.921737
7004.0,30.0,0.554134
7004.0,31.0,1.0
7004.0,32.0,0.922046
7004.0,33.0,1.0
7004.0,34.0,1.0
7004.0,35.0,0.612032
7004.0,36.0,1.0
7005.0,0.0,0.600847
7005.0,1.0,0.430154
7005.0,2.0,1.0
7005.0,3.0,0.728548
7005.0,4.0,0.530705
7005.0,5.0,0.930306
7005.0,6.0,1.0
7005.0,7.0,0.595328
7005.0,8.0,0.525742
7005.0,9.0,0.557723
7005.0,10.0,0.910055
7005.0,11.0,1.0
7005.0,12.0,1.0
7005.0,13.0,1.0
7005.0,14.0,0.990024
7005.0,15.0,1.0
7005.0,16.0,1.0
7005.0,17.0,0.706292
7005.0,18.0,1.0
7005.0,19.0,1.0
7005.0,20.0,1.0
7005.0,21.0,1.0
7005.0,22.0,0.808443
7005.0,23.0,0.356939
7005.0,24.0,0.62086
7005.0,25.0,0.99813
7005.0,26.0,1.0
7005.0,27.0,0.993312
7005.0,28.0,0.986048
7005.0,29.0,0.921679
7005.0,30.0,0.557336
7005.0,31.0,1.0
7005.0,32.0,0.921594
7005.0,33.0,1.0
7005.0,34.0,1.0
7005.0,35.0,0.614416
7005.0,36.0,1.0
7006.0,0.0,0.602701
7006.0,1.0,0.433503
7006.0,2.0,1.0
7006.0,3.0,0.737006
7006.0,4.0,0.529073
7006.0,5.0,0.930498
7006.0,6.0,1.0
7006.0,7.0,0.63489
7006.0,8.0,0.544662
7006.0,9.0,0.565872
7006.0,10.0,0.910224
7006.0,11.0,1.0
7006.0,12.0,1.0
7006.0,13.0,1.0
7006.0,14.0,0.990208
7006.0,15.0,1.0
7006.0,16.0,1.0
7006.0,17.0,0.708543
7006.0,18.0,1.0
7006.0,19.0,1.0
7006.0,20.0,1.0
7006.0,21.0,1.0
7006.0,22.0,0.81714
7006.0,23.0,0.358634
7006.0,24.0,0.622011
7006.0,25.0,0.998192
7006.0,26.0,1.0
7006.0,27.0,0.993288
7006.0,28.0,0.986167
7006.0,29.0,0.921839
7006.0,30.0,0.561014
7006.0,31.0,1.0
7006.0,32.0,0.921894
7006.0,33.0,1.0
7006.0,34.0,1.0
7006.0,35.0,0.616198
7006.0,36.0,1.0
7007.0,0.0,0.604117
7007.0,1.0,0.436511
7007.0,2.0,1.0
7007.0,3.0,0.745272
7007.0,4.0,0.528225
7007.0,5.0,0.931131
7007.0,6.0,1.0
7007.0,7.0,0.672891
7007.0,8.0,0.563327
7007.0,9.0,0.573978
7007.0,10.0,0.909333
7007.0,11.0,1.0
7007.0,12.0,1.0
7007.0,13.0,1.0
7007.0,14.0,0.990193
7007.0,15.0,1.0
7007.0,16.0,1.0
7007.0,17.0,0.711228
7007.0,18.0,1.0
7007.0,19.0,1.0
7007.0,20.0,1.0
7007.0,21.0,1.0
7007.0,22.0,0.825854
7007.0,23.0,0.360243
7007.0,24.0,0.623525
7007.0,25.0,0.998288
7007.0,26.0,1.0
7007.0,27.0,0.993325
7007.0,28.0,0.986179
7007.0,29.0,0.922218
7007.0,30.0,0.564555
7007.0,31.0,1.0
7007.0,32.0,0.922136
7007.0,33.0,1.0
7007.0,34.0,1.0
7007.0,35.0,0.617982
7007.0,36.0,1.0
7008.0,0.0,0.604672
7008.0,1.0,0.4403
7008.0,2.0,1.0
7008.0,3.0,0.752729
7008.0,4.0,0.527008
7008.0,5.0,0.930893
7008.0,6.0,1.0
7008.0,7.0,0.708808
7008.0,8.0,0.582923
7008.0,9.0,0.581854
7008.0,10.0,0.909593
7008.0,11.0,1.0
7008.0,12.0,1.0
7008.0,13.0,1.0
7008.0,14.0,0.990273
7008.0,15.0,1.0
7008.0,16.0,1.0
7008.0,17.0,0.713551
7008.0,18.0,1.0
7008.0,19.0,1.0
7008.0,20.0,1.0
7008.0,21.0,1.0
7008.0,22.0,0.834008
7008.0,23.0,0.361738
7008.0,24.0,0.624047
7008.0,25.0,0.998372
7008.0,26.0,1.0
7008.0,27.0,0.993346
7008.0,28.0,0.986243
7008.0,29.0,0.922542
7008.0,30.0,0.567465
7008.0,31.0,1.0
7008.0,32.0,0.922604
7008.0,33.0,1.0
7008.0,34.0,1.0
7008.0,35.0,0.620534
7008.0,36.0,1.0
7009.0,0.0,0.599625
7009.0,1.0,0.42638
7009.0,2.0,1.0
7009.0,3.0,0.714941
7009.0,4.0,0.535057
7009.0,5.0,0.929358
7009.0,6.0,1.0
7009.0,7.0,0.534813
7009.0,8.0,0.495201
7009.0,9.0,0.543005
7009.0,10.0,0.909561
7009.0,11.0,1.0
7009.0,12.0,1.0
7009.0,13.0,1.0
7009.0,14.0,0.989785
7009.0,15.0,1.0
7009.0,16.0,1.0
7009.0,17.0,0.703051
7009.0,18.0,1.0
7009.0,19.0,1.0
7009.0,20.0,1.0
7009.0,21.0,1.0
7009.0,22.0,0.793884
7009.0,23.0,0.355396
7009.0,24.0,0.619457
7009.0,25.0,0.998089
7009.0,26.0,1.0
7009.0,27.0,0.993114
7009.0,28.0,0.98574
7009.0,29.0,0.921772
7009.0,30.0,0.552387
7009.0,31.0,1.0
7009.0,32.0,0.922108
7009.0,33.0,1.0
7009.0,34.0,1.0
7009.0,35.0,0.608567
7009.0,36.0,1.0
7010.0,0.0,0.595752
7010.0,1.0,0.415791
7010.0,2.0,1.0
7010.0,3.0,0.68309
7010.0,4.0,0.541723
7010.0,5.0,0.928432
7010.0,6.0,1.0
7010.0,7.0,0.395609
7010.0,8.0,0.432101
7010.0,9.0,0.512943
7010.0,10.0,0.908975
7010.0,11.0,1.0
7010.0,12.0,1.0
7010.0,13.0,1.0
7010.0,14.0,0.989169
7010.0,15.0,1.0
7010.0,16.0,1.0
7010.0,17.0,0.69481
7010.0,18.0,1.0
7010.0,19.0,1.0
7010.0,20.0,1.0
7010.0,21.0,1.0
7010.0,22.0,0.756735
7010.0,23.0,0.351478
7010.0,24.0,0.616697
7010.0,25.0,0.997809
7010.0,26.0,1.0
7010.0,27.0,0.992949
7010.0,28.0,0.985278
7010.0,29.0,0.921429
7010.0,30.0,0.540946
7010.0,31.0,1.0
7010.0,32.0,0.921621
7010.0,33.0,1.0
7010.0,34.0,1.0
7010.0,35.0,0.599708
7010.0,36.0,1.0
8000.0,0.0,0.60823
8000.0,1.0,0.413386
8000.0,2.0,1.0
8000.0,3.0,0.683302
8000.0,4.0,0.54311
8000.0,5.0,0.934034
8000.0,6.0,1.0
8000.0,7.0,0.404408
8000.0,8.0,0.430535
8000.0,9.0,0.505122
8000.0,10.0,0.925099
8000.0,11.0,1.0
8000.0,12.0,1.0
8000.0,13.0,1.0
8000.0,14.0,0.990108
8000.0,15.0,1.0
8000.0,16.0,1.0
8000.0,17.0,0.691534
8000.0,18.0,1.0
8000.0,19.0,1.0
8000.0,20.0,1.0
8000.0,21.0,1.0
8000.0,22.0,0.755611
8000.0,23.0,0.339893
8000.0,24.0,0.619238
8000.0,25.0,0.999342
8000.0,26.0,1.0
8000.0,27.0,0.996601
8000.0,28.0,0.983525
8000.0,29.0,0.921058
8000.0,30.0,0.536761
8000.0,31.0,1.0
8000.0,32.0,0.92182
8000.0,33.0,1.0
8000.0,34.0,1.0
8000.0,35.0,0.606613
8000.0,36.0,1.0
8001.0,0.0,0.608695
8001.0,1.0,0.416582
8001.0,2.0,1.0
8001.0,3.0,0.692342
8001.0,4.0,0.540809
8001.0,5.0,0.934498
8001.0,6.0,1.0
8001.0,7.0,0.443252
8001.0,8.0,0.448708
8001.0,9.0,0.513313
8001.0,10.0,0.925385
8001.0,11.0,1.0
8001.0,12.0,1.0
8001.0,13.0,1.0
8001.0,14.0,0.990313
8001.0,15.0,1.0
8001.0,16.0,1.0
8001.0,17.0,0.694273
8001.0,18.0,1.0
8001.0,19.0,1.0
8001.0,20.0,1.0
8001.0,21.0,1.0
8001.0,22.0,0.766353
8001.0,23.0,0.340456
8001.0,24.0,0.61993
8001.0,25.0,0.999362
8001.0,26.0,1.0
8001.0,27.0,0.996598
8001.0,28.0,0.983535
8001.0,29.0,0.920962
8001.0,30.0,0.54064
8001.0,31.0,1.0
8001.0,32.0,0.921998
8001.0,33.0,1.0
8001.0,34.0,1.0
8001.0,35.0,0.609133
8001.0,36.0,1.0
8002.0,0.0,0.610368
8002.0,1.0,0.420055
8002.0,2.0,1.0
8002.0,3.0,0.701544
8002.0,4.0,0.539642
8002.0,5.0,0.934757
8002.0,6.0,1.0
8002.0,7.0,0.482897
8002.0,8.0,0.467066
8002.0,9.0,0.521936
8002.0,10.0,0.925569
8002.0,11.0,1.0
8002.0,12.0,1.0
8002.0,13.0,1.0
8002.0,14.0,0.99039
8002.0,15.0,1.0
8002.0,16.0,1.0
8002.0,17.0,0.697035
8002.0,18.0,1.0
8002.0,19.0,1.0
8002.0,20.0,1.0
8002.0,21.0,1.0
8002.0,22.0,0.777034
8002.0,23.0,0.341754
8002.0,24.0,0.621461
8002.0,25.0,0.999371
8002.0,26.0,1.0
8002.0,27.0,0.996641
8002.0,28.0,0.983291
8002.0,29.0,0.921179
8002.0,30.0,0.544612
8002.0,31.0,1.0
8002.0,32.0,0.922055
8002.0,33.0,1.0
8002.0,34.0,1.0
8002.0,35.0,0.611801
8002.0,36.0,1.0
8003.0,0.0,0.61175
8003.0,1.0,0.423674
8003.0,2.0,1.0
8003.0,3.0,0.710939
8003.0,4.0,0.538624
8003.0,5.0,0.935393
8003.0,6.0,1.0
8003.0,7.0,0.52329
8003.0,8.0,0.486062
8003.0,9.0,0.53137
8003.0,10.0,0.926006
8003.0,11.0,1.0
8003.0,12.0,1.0
8003.0,13.0,1.0
8003.0,14.0,0.990594
8003.0,15.0,1.0
8003.0,16.0,1.0
8003.0,17.0,0.699039
8003.0,18.0,1.0
8003.0,19.0,1.0
8003.0,20.0,1.0
8003.0,21.0,1.0
8003.0,22.0,0.78734
8003.0,23.0,0.343055
8003.0,24.0,0.621526
8003.0,25.0,0.999382
8003.0,26.0,1.0
8003.0,27.0,0.99673
8003.0,28.0,0.983338
8003.0,29.0,0.921503
8003.0,30.0,0.548719
8003.0,31.0,1.0
8003.0,32.0,0.921552
8003.0,33.0,1.0
8003.0,34.0,1.0
8003.0,35.0,0.613891
8003.0,36.0,1.0
8004.0,0.0,0.612637
8004.0,1.0,0.425769
8004.0,2.0,1.0
8004.0,3.0,0.719548
8004.0,4.0,0.537926
8004.0,5.0,0.93577
8004.0,6.0,1.0
8004.0,7.0,0.564055
8004.0,8.0,0.504985
8004.0,9.0,0.539106
8004.0,10.0,0.926116
8004.0,11.0,1.0
8004.0,12.0,1.0
8004.0,13.0,1.0
8004.0,14.0,0.990715
8004.0,15.0,1.0
8004.0,16.0,1.0
8004.0,17.0,0.701293
8004.0,18.0,1.0
8004.0,19.0,1.0
8004.0,20.0,1.0
8004.0,21.0,1.0
8004.0,22.0,0.797012
8004.0,23.0,0.344159
8004.0,24.0,0.622174
8004.0,25.0,0.999456
8004.0,26.0,1.0
8004.0,27.0,0.996733
8004.0,28.0,0.983655
8004.0,29.0,0.921578
8004.0,30.0,0.552492
8004.0,31.0,1.0
8004.0,32.0,0.921518
8004.0,33.0,1.0
8004.0,34.0,1.0
8004.0,35.0,0.616349
8004.0,36.0,1.0
8005.0,0.0,0.613736
8005.0,1.0,0.429759
8005.0,2.0,1.0
8005.0,3.0,0.7277
8005.0,4.0,0.536971
8005.0,5.0,0.93625
8005.0,6.0,1.0
8005.0,7.0,0.603919
8005.0,8.0,0.524678
8005.0,9.0,0.547681
8005.0,10.0,0.925432
8005.0,11.0,1.0
8005.0,12.0,1.0
8005.0,13.0,1.0
8005.0,14.0,0.990733
8005.0,15.0,1.0
8005.0,16.0,1.0
8005.0,17.0,0.703475
8005.0,18.0,1.0
8005.0,19.0,1.0
8005.0,20.0,1.0
8005.0,21.0,1.0
8005.0,22.0,0.806271
8005.0,23.0,0.345087
8005.0,24.0,0.623626
8005.0,25.0,0.999502
8005.0,26.0,1.0
8005.0,27.0,0.996878
8005.0,28.0,0.983985
8005.0,29.0,0.921537
8005.0,30.0,0.555341
8005.0,31.0,1.0
8005.0,32.0,0.922014
8005.0,33.0,1.0
8005.0,34.0,1.0
8005.0,35.0,0.618552
8005.0,36.0,1.0
8006.0,0.0,0.615209
8006.0,1.0,0.433954
8006.0,2.0,1.0
8006.0,3.0,0.736915
8006.0,4.0,0.535407
8006.0,5.0,0.936361
8006.0,6.0,1.0
8006.0,7.0,0.642534
8006.0,8.0,0.5435
8006.0,9.0,0.556696
8006.0,10.0,0.925499
8006.0,11.0,1.0
8006.0,12.0,1.0
8006.0,13.0,1.0
8006.0,14.0,0.9908
8006.0,15.0,1.0
8006.0,16.0,1.0
8006.0,17.0,0.706261
8006.0,18.0,1.0
8006.0,19.0,1.0
8006.0,20.0,1.0
8006.0,21.0,1.0
8006.0,22.0,0.81534
8006.0,23.0,0.347206
8006.0,24.0,0.624727
8006.0,25.0,0.999514
8006.0,26.0,1.0
8006.0,27.0,0.996989
8006.0,28.0,0.984197
8006.0,29.0,0.921715
8006.0,30.0,0.558651
8006.0,31.0,1.0
8006.0,32.0,0.922488
8006.0,33.0,1.0
8006.0,34.0,1.0
8006.0,35.0,0.620577
8006.0,36.0,1.0
8007.0,0.0,0.616627
8007.0,1.0,0.437137
8007.0,2.0,1.0
8007.0,3.0,0.744834
8007.0,4.0,0.533284
8007.0,5.0,0.936598
8007.0,6.0,1.0
8007.0,7.0,0.680979
8007.0,8.0,0.563485
8007.0,9.0,0.565382
8007.0,10.0,0.925933
8007.0,11.0,1.0
8007.0,12.0,1.0
8007.0,13.0,1.0
8007.0,14.0,0.991088
8007.0,15.0,1.0
8007.0,16.0,1.0
8007.0,17.0,0.708068
8007.0,18.0,1.0
8007.0,19.0,1.0
8007.0,20.0,1.0
8007.0,21.0,1.0
8007.0,22.0,0.823841
8007.0,23.0,0.348705
8007.0,24.0,0.625693
8007.0,25.0,0.999537
8007.0,26.0,1.0
8007.0,27.0,0.996939
8007.0,28.0,0.98425
8007.0,29.0,0.921692
8007.0,30.0,0.562558
8007.0,31.0,1.0
8007.0,32.0,0.921867
8007.0,33.0,1.0
8007.0,34.0,1.0
8007.0,35.0,0.623212
8007.0,36.0,1.0
8008.0,0.0,0.617792
8008.0,1.0,0.440566
8008.0,2.0,1.0
8008.0,3.0,0.753247
8008.0,4.0,0.531756
8008.0,5.0,0.936351
8008.0,6.0,1.0
8008.0,7.0,0.715665
8008.0,8.0,0.582374
8008.0,9.0,0.573676
8008.0,10.0,0.925843
8008.0,11.0,1.0
8008.0,12.0,1.0
8008.0,13.0,1.0
8008.0,14.0,0.990952
8008.0,15.0,1.0
8008.0,16.0,1.0
8008.0,17.0,0.710563
8008.0,18.0,1.0
8008.0,19.0,1.0
8008.0,20.0,1.0
8008.0,21.0,1.0
8008.0,22.0,0.83128
8008.0,23.0,0.349376
8008.0,24.0,0.62722
8008.0,25.0,0.999538
8008.0,26.0,1.0
8008.0,27.0,0.996922
8008.0,28.0,0.984349
8008.0,29.0,0.921968
8008.0,30.0,0.566079
8008.0,31.0,1.0
8008.0,32.0,0.922439
8008.0,33.0,1.0
8008.0,34.0,1.0
8008.0,35.0,0.625658
8008.0,36.0,1.0
8009.0,0.0,0.612226
8009.0,1.0,0.425825
8009.0,2.0,1.0
8009.0,3.0,0.715827
8009.0,4.0,0.538166
8009.0,5.0,0.935472
8009.0,6.0,1.0
8009.0,7.0,0.542231
8009.0,8.0,0.494707
8009.0,9.0,0.534457
8009.0,10.0,0.925077
8009.0,11.0,1.0
8009.0,12.0,1.0
8009.0,13.0,1.0
8009.0,14.0,0.990365
8009.0,15.0,1.0
8009.0,16.0,1.0
8009.0,17.0,0.700548
8009.0,18.0,1.0
8009.0,19.0,1.0
8009.0,20.0,1.0
8009.0,21.0,1.0
8009.0,22.0,0.79109
8009.0,23.0,0.343121
8009.0,24.0,0.622567
8009.0,25.0,0.999496
8009.0,26.0,1.0
8009.0,27.0,0.99674
8009.0,28.0,0.983731
8009.0,29.0,0.921136
8009.0,30.0,0.552362
8009.0,31.0,1.0
8009.0,32.0,0.920832
8009.0,33.0,1.0
8009.0,34.0,1.0
8009.0,35.0,0.614759
8009.0,36.0,1.0
8010.0,0.0,0.608373
8010.0,1.0,0.414371
8010.0,2.0,1.0
8010.0,3.0,0.684142
8010.0,4.0,0.544369
8010.0,5.0,0.935008
8010.0,6.0,1.0
8010.0,7.0,0.401978
8010.0,8.0,0.429829
8010.0,9.0,0.504453
8010.0,10.0,0.924298
8010.0,11.0,1.0
8010.0,12.0,1.0
8010.0,13.0,1.0
8010.0,14.0,0.989892
8010.0,15.0,1.0
8010.0,16.0,1.0
8010.0,17.0,0.693366
8010.0,18.0,1.0
8010.0,19.0,1.0
8010.0,20.0,1.0
8010.0,21.0,1.0
8010.0,22.0,0.754144
8010.0,23.0,0.339288
8010.0,24.0,0.6188
8010.0,25.0,0.999493
8010.0,26.0,1.0
8010.0,27.0,0.996822
8010.0,28.0,0.983424
8010.0,29.0,0.920728
8010.0,30.0,0.540818
8010.0,31.0,1.0
8010.0,32.0,0.920246
8010.0,33.0,1.0
8010.0,34.0,1.0
8010.0,35.0,0.606527
8010.0,36.0,1.0
9000.0,0.0,0.593283
9000.0,1.0,0.415026
9000.0,2.0,1.0
9000.0,3.0,0.684483
9000.0,4.0,0.541714
9000.0,5.0,0.928134
9000.0,6.0,1.0
9000.0,7.0,0.399348
9000.0,8.0,0.428648
9000.0,9.0,0.506036
9000.0,10.0,0.930109
9000.0,11.0,1.0
9000.0,12.0,1.0
9000.0,13.0,1.0
9000.0,14.0,0.988469
9000.0,15.0,1.0
9000.0,16.0,1.0
9000.0,17.0,0.703849
9000.0,18.0,1.0
9000.0,19.0,1.0
9000.0,20.0,1.0
9000.0,21.0,1.0
9000.0,22.0,0.754901
9000.0,23.0,0.330145
9000.0,24.0,0.630687
9000.0,25.0,1.0
9000.0,26.0,1.0
9000.0,27.0,0.998784
9000.0,28.0,0.98007
9000.0,29.0,0.918702
9000.0,30.0,0.553609
9000.0,31.0,1.0
9000.0,32.0,0.92195
9000.0,33.0,1.0
9000.0,34.0,1.0
9000.0,35.0,0.595936
9000.0,36.0,1.0
9001.0,0.0,0.593202
9001.0,1.0,0.418393
9001.0,2.0,1.0
9001.0,3.0,0.693069
9001.0,4.0,0.53942
9001.0,5.0,0.928422
9001.0,6.0,1.0
9001.0,7.0,0.437695
9001.0,8.0,0.447907
9001.0,9.0,0.515277
9001.0,10.0,0.930738
9001.0,11.0,1.0
9001.0,12.0,1.0
9001.0,13.0,1.0
9001.0,14.0,0.988697
9001.0,15.0,1.0
9001.0,16.0,1.0
9001.0,17.0,0.707026
9001.0,18.0,1.0
9001.0,19.0,1.0
9001.0,20.0,1.0
9001.0,21.0,1.0
9001.0,22.0,0.765033
9001.0,23.0,0.331524
9001.0,24.0,0.631578
9001.0,25.0,1.0
9001.0,26.0,1.0
9001.0,27.0,0.99875
9001.0,28.0,0.980455
9001.0,29.0,0.919002
9001.0,30.0,0.55706
9001.0,31.0,1.0
9001.0,32.0,0.922068
9001.0,33.0,1.0
9001.0,34.0,1.0
9001.0,35.0,0.598132
9001.0,36.0,1.0
9002.0,0.0,0.594157
9002.0,1.0,0.422235
9002.0,2.0,1.0
9002.0,3.0,0.702359
9002.0,4.0,0.53786
9002.0,5.0,0.928751
9002.0,6.0,1.0
9002.0,7.0,0.477335
9002.0,8.0,0.466481
9002.0,9.0,0.522997
9002.0,10.0,0.930963
9002.0,11.0,1.0
9002.0,12.0,1.0
9002.0,13.0,1.0
9002.0,14.0,0.988887
9002.0,15.0,1.0
9002.0,16.0,1.0
9002.0,17.0,0.709888
9002.0,18.0,1.0
9002.0,19.0,1.0
9002.0,20.0,1.0
9002.0,21.0,1.0
9002.0,22.0,0.775612
9002.0,23.0,0.332878
9002.0,24.0,0.633023
9002.0,25.0,1.0
9002.0,26.0,1.0
9002.0,27.0,0.998754
9002.0,28.0,0.9808
9002.0,29.0,0.919037
9002.0,30.0,0.560095
9002.0,31.0,1.0
9002.0,32.0,0.922244
9002.0,33.0,1.0
9002.0,34.0,1.0
9002.0,35.0,0.601633
9002.0,36.0,1.0
9003.0,0.0,0.595863
9003.0,1.0,0.425059
9003.0,2.0,1.0
9003.0,3.0,0.71087
9003.0,4.0,0.536374
9003.0,5.0,0.928936
9003.0,6.0,1.0
9003.0,7.0,0.518613
9003.0,8.0,0.485501
9003.0,9.0,0.531611
9003.0,10.0,0.931307
9003.0,11.0,1.0
9003.0,12.0,1.0
9003.0,13.0,1.0
9003.0,14.0,0.989108
9003.0,15.0,1.0
9003.0,16.0,1.0
9003.0,17.0,0.712063
9003.0,18.0,1.0
9003.0,19.0,1.0
9003.0,20.0,1.0
9003.0,21.0,1.0
9003.0,22.0,0.786133
9003.0,23.0,0.334381
9003.0,24.0,0.633847
9003.0,25.0,1.0
9003.0,26.0,1.0
9003.0,27.0,0.998718
9003.0,28.0,0.980869
9003.0,29.0,0.918893
9003.0,30.0,0.563173
9003.0,31.0,1.0
9003.0,32.0,0.921827
9003.0,33.0,1.0
9003.0,34.0,1.0
9003.0,35.0,0.604128
9003.0,36.0,1.0
9004.0,0.0,0.597264
9004.0,1.0,0.428748
9004.0,2.0,1.0
9004.0,3.0,0.719126
9004.0,4.0,0.534111
9004.0,5.0,0.929031
9004.0,6.0,1.0
9004.0,7.0,0.558667
9004.0,8.0,0.503842
9004.0,9.0,0.540142
9004.0,10.0,0.930984
9004.0,11.0,1.0
9004.0,12.0,1.0
9004.0,13.0,1.0
9004.0,14.0,0.989358
9004.0,15.0,1.0
9004.0,16.0,1.0
9004.0,17.0,0.714628
9004.0,18.0,1.0
9004.0,19.0,1.0
9004.0,20.0,1.0
9004.0,21.0,1.0
9004.0,22.0,0.796206
9004.0,23.0,0.335163
9004.0,24.0,0.63392
9004.0,25.0,1.0
9004.0,26.0,1.0
9004.0,27.0,0.998719
9004.0,28.0,0.981271
9004.0,29.0,0.919077
9004.0,30.0,0.566571
9004.0,31.0,1.0
9004.0,32.0,0.921829
9004.0,33.0,1.0
9004.0,34.0,1.0
9004.0,35.0,0.607679
9004.0,36.0,1.0
9005.0,0.0,0.598129
9005.0,1.0,0.432315
9005.0,2.0,1.0
9005.0,3.0,0.727703
9005.0,4.0,0.532918
9005.0,5.0,0.929426
9005.0,6.0,1.0
9005.0,7.0,0.598566
9005.0,8.0,0.523669
9005.0,9.0,0.548523
9005.0,10.0,0.930957
9005.0,11.0,1.0
9005.0,12.0,1.0
9005.0,13.0,1.0
9005.0,14.0,0.989387
9005.0,15.0,1.0
9005.0,16.0,1.0
9005.0,17.0,0.717722
9005.0,18.0,1.0
9005.0,19.0,1.0
9005.0,20.0,1.0
9005.0,21.0,1.0
9005.0,22.0,0.80602
9005.0,23.0,0.336961
9005.0,24.0,0.635674
9005.0,25.0,1.0
9005.0,26.0,1.0
9005.0,27.0,0.998725
9005.0,28.0,0.981324
9005.0,29.0,0.918767
9005.0,30.0,0.569681
9005.0,31.0,1.0
9005.0,32.0,0.921547
9005.0,33.0,1.0
9005.0,34.0,1.0
9005.0,35.0,0.609495
9005.0,36.0,1.0
9006.0,0.0,0.599114
9006.0,1.0,0.435604
9006.0,2.0,1.0
9006.0,3.0,0.736268
9006.0,4.0,0.531461
9006.0,5.0,0.93016
9006.0,6.0,1.0
9006.0,7.0,0.638497
9006.0,8.0,0.543607
9006.0,9.0,0.557169
9006.0,10.0,0.931052
9006.0,11.0,1.0
9006.0,12.0,1.0
9006.0,13.0,1.0
9006.0,14.0,0.989624
9006.0,15.0,1.0
9006.0,16.0,1.0
9006.0,17.0,0.720411
9006.0,18.0,1.0
9006.0,19.0,1.0
9006.0,20.0,1.0
9006.0,21.0,1.0
9006.0,22.0,0.815638
9006.0,23.0,0.337699
9006.0,24.0,0.636122
9006.0,25.0,1.0
9006.0,26.0,1.0
9006.0,27.0,0.99875
9006.0,28.0,0.981352
9006.0,29.0,0.918896
9006.0,30.0,0.5725
9006.0,31.0,1.0
9006.0,32.0,0.922181
9006.0,33.0,1.0
9006.0,34.0,1.0
9006.0,35.0,0.61176
9006.0,36.0,1.0
9007.0,0.0,0.600778
9007.0,1.0,0.439042
9007.0,2.0,1.0
9007.0,3.0,0.744815
9007.0,4.0,0.530842
9007.0,5.0,0.930146
9007.0,6.0,1.0
9007.0,7.0,0.67619
9007.0,8.0,0.56292
9007.0,9.0,0.566221
9007.0,10.0,0.930661
9007.0,11.0,1.0
9007.0,12.0,1.0
9007.0,13.0,1.0
9007.0,14.0,0.989725
9007.0,15.0,1.0
9007.0,16.0,1.0
9007.0,17.0,0.722024
9007.0,18.0,1.0
9007.0,19.0,1.0
9007.0,20.0,1.0
9007.0,21.0,1.0
9007.0,22.0,0.824636
9007.0,23.0,0.338819
9007.0,24.0,0.637165
9007.0,25.0,1.0
9007.0,26.0,1.0
9007.0,27.0,0.998745
9007.0,28.0,0.981696
9007.0,29.0,0.919015
9007.0,30.0,0.575416
9007.0,31.0,1.0
9007.0,32.0,0.922893
9007.0,33.0,1.0
9007.0,34.0,1.0
9007.0,35.0,0.614155
9007.0,36.0,1.0
9008.0,0.0,0.602495
9008.0,1.0,0.441748
9008.0,2.0,1.0
9008.0,3.0,0.752291
9008.0,4.0,0.529158
9008.0,5.0,0.929908
9008.0,6.0,1.0
9008.0,7.0,0.71248
9008.0,8.0,0.581757
9008.0,9.0,0.57498
9008.0,10.0,0.930547
9008.0,11.0,1.0
9008.0,12.0,1.0
9008.0,13.0,1.0
9008.0,14.0,0.989801
9008.0,15.0,1.0
9008.0,16.0,1.0
9008.0,17.0,0.724194
9008.0,18.0,1.0
9008.0,19.0,1.0
9008.0,20.0,1.0
9008.0,21.0,1.0
9008.0,22.0,0.832797
9008.0,23.0,0.339948
9008.0,24.0,0.637663
9008.0,25.0,1.0
9008.0,26.0,1.0
9008.0,27.0,0.998752
9008.0,28.0,0.981791
9008.0,29.0,0.918529
9008.0,30.0,0.578089
9008.0,31.0,1.0
9008.0,32.0,0.923559
9008.0,33.0,1.0
9008.0,34.0,1.0
9008.0,35.0,0.617074
9008.0,36.0,1.0
9009.0,0.0,0.597692
9009.0,1.0,0.427998
9009.0,2.0,1.0
9009.0,3.0,0.714195
9009.0,4.0,0.535493
9009.0,5.0,0.929326
9009.0,6.0,1.0
9009.0,7.0,0.538365
9009.0,8.0,0.493541
9009.0,9.0,0.537895
9009.0,10.0,0.928862
9009.0,11.0,1.0
9009.0,12.0,1.0
9009.0,13.0,1.0
9009.0,14.0,0.989433
9009.0,15.0,1.0
9009.0,16.0,1.0
9009.0,17.0,0.715087
9009.0,18.0,1.0
9009.0,19.0,1.0
9009.0,20.0,1.0
9009.0,21.0,1.0
9009.0,22.0,0.792425
9009.0,23.0,0.334201
9009.0,24.0,0.63266
9009.0,25.0,1.0
9009.0,26.0,1.0
9009.0,27.0,0.998735
9009.0,28.0,0.980995
9009.0,29.0,0.918455
9009.0,30.0,0.563366
9009.0,31.0,1.0
9009.0,32.0,0.922653
9009.0,33.0,1.0
9009.0,34.0,1.0
9009.0,35.0,0.606234
9009.0,36.0,1.0
9010.0,0.0,0.593958
9010.0,1.0,0.416234
9010.0,2.0,1.0
9010.0,3.0,0.68209
9010.0,4.0,0.540835
9010.0,5.0,0.928524
9010.0,6.0,1.0
9010.0,7.0,0.399197
9010.0,8.0,0.429912
9010.0,9.0,0.508713
9010.0,10.0,0.928404
9010.0,11.0,1.0
9010.0,12.0,1.0
9010.0,13.0,1.0
9010.0,14.0,0.988969
9010.0,15.0,1.0
9010.0,16.0,1.0
9010.0,17.0,0.707087
9010.0,18.0,1.0
9010.0,19.0,1.0
9010.0,20.0,1.0
9010.0,21.0,1.0
9010.0,22.0,0.75606
9010.0,23.0,0.330422
9010.0,24.0,0.628723
9010.0,25.0,1.0
9010.0,26.0,1.0
9010.0,27.0,0.998639
9010.0,28.0,0.980499
9010.0,29.0,0.918225
9010.0,30.0,0.549681
9010.0,31.0,1.0
9010.0,32.0,0.922046
9010.0,33.0,1.0
9010.0,34.0,1.0
9010.0,35.0,0.596851
9010.0,36.0,1.0
10000.0,0.0,0.589067
10000.0,1.0,0.410383
10000.0,2.0,1.0
10000.0,3.0,0.681216
10000.0,4.0,0.534597
10000.0,5.0,0.922815
10000.0,6.0,1.0
10000.0,7.0,0.398821
10000.0,8.0,0.432157
10000.0,9.0,0.518588
10000.0,10.0,0.927777
10000.0,11.0,1.0
10000.0,12.0,1.0
10000.0,13.0,1.0
10000.0,14.0,0.992355
10000.0,15.0,1.0
10000.0,16.0,1.0
10000.0,17.0,0.69932
10000.0,18.0,1.0
10000.0,19.0,1.0
10000.0,20.0,1.0
10000.0,21.0,1.0
10000.0,22.0,0.757028
10000.0,23.0,0.32777
10000.0,24.0,0.623261
10000.0,25.0,1.0
10000.0,26.0,1.0
10000.0,27.0,0.999643
10000.0,28.0,0.97099
10000.0,29.0,0.919059
10000.0,30.0,0.536222
10000.0,31.0,1.0
10000.0,32.0,0.900163
10000.0,33.0,1.0
10000.0,34.0,1.0
10000.0,35.0,0.594061
10000.0,36.0,1.0
10001.0,0.0,0.590481
10001.0,1.0,0.413653
10001.0,2.0,1.0
10001.0,3.0,0.689754
10001.0,4.0,0.53308
10001.0,5.0,0.923303
10001.0,6.0,1.0
10001.0,7.0,0.436513
10001.0,8.0,0.449151
10001.0,9.0,0.527537
10001.0,10.0,0.927977
10001.0,11.0,1.0
10001.0,12.0,1.0
10001.0,13.0,1.0
10001.0,14.0,0.992524
10001.0,15.0,1.0
10001.0,16.0,1.0
10001.0,17.0,0.701677
10001.0,18.0,1.0
10001.0,19.0,1.0
10001.0,20.0,1.0
10001.0,21.0,1.0
10001.0,22.0,0.767301
10001.0,23.0,0.328316
10001.0,24.0,0.624335
10001.0,25.0,1.0
10001.0,26.0,1.0
10001.0,27.0,0.999638
10001.0,28.0,0.97125
10001.0,29.0,0.919149
10001.0,30.0,0.540276
10001.0,31.0,1.0
10001.0,32.0,0.900324
10001.0,33.0,1.0
10001.0,34.0,1.0
10001.0,35.0,0.595774
10001.0,36.0,1.0
10002.0,0.0,0.591994
10002.0,1.0,0.417368
10002.0,2.0,1.0
10002.0,3.0,0.698135
10002.0,4.0,0.533439
10002.0,5.0,0.923308
10002.0,6.0,1.0
10002.0,7.0,0.475609
10002.0,8.0,0.468284
10002.0,9.0,0.536318
10002.0,10.0,0.928289
10002.0,11.0,1.0
10002.0,12.0,1.0
10002.0,13.0,1.0
10002.0,14.0,0.992548
10002.0,15.0,1.0
10002.0,16.0,1.0
10002.0,17.0,0.703398
10002.0,18.0,1.0
10002.0,19.0,1.0
10002.0,20.0,1.0
10002.0,21.0,1.0
10002.0,22.0,0.777756
10002.0,23.0,0.329162
10002.0,24.0,0.62642
10002.0,25.0,1.0
10002.0,26.0,1.0
10002.0,27.0,0.999628
10002.0,28.0,0.97158
10002.0,29.0,0.919435
10002.0,30.0,0.544173
10002.0,31.0,1.0
10002.0,32.0,0.900572
10002.0,33.0,1.0
10002.0,34.0,1.0
10002.0,35.0,0.597785
10002.0,36.0,1.0
10003.0,0.0,0.593499
10003.0,1.0,0.420082
10003.0,2.0,1.0
10003.0,3.0,0.706925
10003.0,4.0,0.532437
10003.0,5.0,0.923408
10003.0,6.0,1.0
10003.0,7.0,0.516621
10003.0,8.0,0.487023
10003.0,9.0,0.544852
10003.0,10.0,0.928197
10003.0,11.0,1.0
10003.0,12.0,1.0
10003.0,13.0,1.0
10003.0,14.0,0.992593
10003.0,15.0,1.0
10003.0,16.0,1.0
10003.0,17.0,0.70504
10003.0,18.0,1.0
10003.0,19.0,1.0
10003.0,20.0,1.0
10003.0,21.0,1.0
10003.0,22.0,0.787754
10003.0,23.0,0.331018
10003.0,24.0,0.627702
10003.0,25.0,1.0
10003.0,26.0,1.0
10003.0,27.0,0.999643
10003.0,28.0,0.97161
10003.0,29.0,0.91948
10003.0,30.0,0.547872
10003.0,31.0,1.0
10003.0,32.0,0.900627
10003.0,33.0,1.0
10003.0,34.0,1.0
10003.0,35.0,0.60042
10003.0,36.0,1.0
10004.0,0.0,0.594591
10004.0,1.0,0.423583
10004.0,2.0,1.0
10004.0,3.0,0.715902
10004.0,4.0,0.53218
10004.0,5.0,0.923782
10004.0,6.0,1.0
10004.0,7.0,0.557355
10004.0,8.0,0.506392
10004.0,9.0,0.553405
10004.0,10.0,0.92838
10004.0,11.0,1.0
10004.0,12.0,1.0
10004.0,13.0,1.0
10004.0,14.0,0.992707
10004.0,15.0,1.0
10004.0,16.0,1.0
10004.0,17.0,0.706592
10004.0,18.0,1.0
10004.0,19.0,1.0
10004.0,20.0,1.0
10004.0,21.0,1.0
10004.0,22.0,0.797363
10004.0,23.0,0.332743
10004.0,24.0,0.629117
10004.0,25.0,1.0
10004.0,26.0,1.0
10004.0,27.0,0.999649
10004.0,28.0,0.971751
10004.0,29.0,0.919099
10004.0,30.0,0.551102
10004.0,31.0,1.0
10004.0,32.0,0.901214
10004.0,33.0,1.0
10004.0,34.0,1.0
10004.0,35.0,0.603051
10004.0,36.0,1.0
10005.0,0.0,0.594869
10005.0,1.0,0.427138
10005.0,2.0,1.0
10005.0,3.0,0.725419
10005.0,4.0,0.531584
10005.0,5.0,0.924374
10005.0,6.0,1.0
10005.0,7.0,0.598147
10005.0,8.0,0.525697
10005.0,9.0,0.562219
10005.0,10.0,0.928387
10005.0,11.0,1.0
10005.0,12.0,1.0
10005.0,13.0,1.0
10005.0,14.0,0.992999
10005.0,15.0,1.0
10005.0,16.0,1.0
10005.0,17.0,0.708657
10005.0,18.0,1.0
10005.0,19.0,1.0
10005.0,20.0,1.0
10005.0,21.0,1.0
10005.0,22.0,0.807348
10005.0,23.0,0.333861
10005.0,24.0,0.630294
10005.0,25.0,1.0
10005.0,26.0,1.0
10005.0,27.0,0.999638
10005.0,28.0,0.971803
10005.0,29.0,0.918917
10005.0,30.0,0.554487
10005.0,31.0,1.0
10005.0,32.0,0.901403
10005.0,33.0,1.0
10005.0,34.0,1.0
10005.0,35.0,0.605657
10005.0,36.0,1.0
10006.0,0.0,0.595933
10006.0,1.0,0.430466
10006.0,2.0,1.0
10006.0,3.0,0.733977
10006.0,4.0,0.530378
10006.0,5.0,0.924476
10006.0,6.0,1.0
10006.0,7.0,0.637493
10006.0,8.0,0.54576
10006.0,9.0,0.569948
10006.0,10.0,0.92866
10006.0,11.0,1.0
10006.0,12.0,1.0
10006.0,13.0,1.0
10006.0,14.0,0.993268
10006.0,15.0,1.0
10006.0,16.0,1.0
10006.0,17.0,0.71045
10006.0,18.0,1.0
10006.0,19.0,1.0
10006.0,20.0,1.0
10006.0,21.0,1.0
10006.0,22.0,0.816813
10006.0,23.0,0.335551
10006.0,24.0,0.631103
10006.0,25.0,1.0
10006.0,26.0,1.0
10006.0,27.0,0.9997
10006.0,28.0,0.972194
10006.0,29.0,0.919174
10006.0,30.0,0.558723
10006.0,31.0,1.0
10006.0,32.0,0.901776
10006.0,33.0,1.0
10006.0,34.0,1.0
10006.0,35.0,0.608523
10006.0,36.0,1.0
10007.0,0.0,0.596931
10007.0,1.0,0.433533
10007.0,2.0,1.0
10007.0,3.0,0.742283
10007.0,4.0,0.52941
10007.0,5.0,0.92467
10007.0,6.0,1.0
10007.0,7.0,0.675957
10007.0,8.0,0.564633
10007.0,9.0,0.577795
10007.0,10.0,0.929159
10007.0,11.0,1.0
10007.0,12.0,1.0
10007.0,13.0,1.0
10007.0,14.0,0.993436
10007.0,15.0,1.0
10007.0,16.0,1.0
10007.0,17.0,0.713242
10007.0,18.0,1.0
10007.0,19.0,1.0
10007.0,20.0,1.0
10007.0,21.0,1.0
10007.0,22.0,0.825627
10007.0,23.0,0.337211
10007.0,24.0,0.632058
10007.0,25.0,1.0
10007.0,26.0,1.0
10007.0,27.0,0.999695
10007.0,28.0,0.972511
10007.0,29.0,0.91906
10007.0,30.0,0.562378
10007.0,31.0,1.0
10007.0,32.0,0.901554
10007.0,33.0,1.0
10007.0,34.0,1.0
10007.0,35.0,0.611883
10007.0,36.0,1.0
10008.0,0.0,0.597878
10008.0,1.0,0.436903
10008.0,2.0,1.0
10008.0,3.0,0.750031
10008.0,4.0,0.528895
10008.0,5.0,0.924964
10008.0,6.0,1.0
10008.0,7.0,0.712189
10008.0,8.0,0.583457
10008.0,9.0,0.586563
10008.0,10.0,0.928947
10008.0,11.0,1.0
10008.0,12.0,1.0
10008.0,13.0,1.0
10008.0,14.0,0.993445
10008.0,15.0,1.0
10008.0,16.0,1.0
10008.0,17.0,0.71521
10008.0,18.0,1.0
10008.0,19.0,1.0
10008.0,20.0,1.0
10008.0,21.0,1.0
10008.0,22.0,0.83388
10008.0,23.0,0.338498
10008.0,24.0,0.632987
10008.0,25.0,1.0
10008.0,26.0,1.0
10008.0,27.0,0.9997
10008.0,28.0,0.9729
10008.0,29.0,0.919432
10008.0,30.0,0.564609
10008.0,31.0,1.0
10008.0,32.0,0.902077
10008.0,33.0,1.0
10008.0,34.0,1.0
10008.0,35.0,0.613864
10008.0,36.0,1.0
10009.0,0.0,0.594209
10009.0,1.0,0.42208
10009.0,2.0,1.0
10009.0,3.0,0.712176
10009.0,4.0,0.53003
10009.0,5.0,0.923493
10009.0,6.0,1.0
10009.0,7.0,0.538216
10009.0,8.0,0.495571
10009.0,9.0,0.547706
10009.0,10.0,0.928568
10009.0,11.0,1.0
10009.0,12.0,1.0
10009.0,13.0,1.0
10009.0,14.0,0.992961
10009.0,15.0,1.0
10009.0,16.0,1.0
10009.0,17.0,0.706133
10009.0,18.0,1.0
10009.0,19.0,1.0
10009.0,20.0,1.0
10009.0,21.0,1.0
10009.0,22.0,0.794457
10009.0,23.0,0.332063
10009.0,24.0,0.62767
10009.0,25.0,1.0
10009.0,26.0,1.0
10009.0,27.0,0.999701
10009.0,28.0,0.972191
10009.0,29.0,0.919227
10009.0,30.0,0.549588
10009.0,31.0,1.0
10009.0,32.0,0.901034
10009.0,33.0,1.0
10009.0,34.0,1.0
10009.0,35.0,0.602846
10009.0,36.0,1.0
10010.0,0.0,0.591785
10010.0,1.0,0.410509
10010.0,2.0,1.0
10010.0,3.0,0.679636
10010.0,4.0,0.531788
10010.0,5.0,0.922812
10010.0,6.0,1.0
10010.0,7.0,0.398612
10010.0,8.0,0.431724
10010.0,9.0,0.51791
10010.0,10.0,0.928111
10010.0,11.0,1.0
10010.0,12.0,1.0
10010.0,13.0,1.0
10010.0,14.0,0.992686
10010.0,15.0,1.0
10010.0,16.0,1.0
10010.0,17.0,0.698056
10010.0,18.0,1.0
10010.0,19.0,1.0
10010.0,20.0,1.0
10010.0,21.0,1.0
10010.0,22.0,0.758574
10010.0,23.0,0.327495
10010.0,24.0,0.623644
10010.0,25.0,1.0
10010.0,26.0,1.0
10010.0,27.0,0.999681
10010.0,28.0,0.971114
10010.0,29.0,0.918312
10010.0,30.0,0.537375
10010.0,31.0,1.0
10010.0,32.0,0.900871
10010.0,33.0,1.0
10010.0,34.0,1.0
10010.0,35.0,0.593838
10010.0,36.0,1.0
