FREQUENCIES 
Gen,mut_id,mut_freq
1.0,0.0,0.5
1.0,1.0,0.5
1.0,2.0,0.5
1.0,3.0,0.5
1.0,4.0,0.5
1.0,5.0,0.5
1.0,6.0,0.5
1.0,7.0,0.5
1.0,8.0,0.5
1.0,9.0,0.5
1.0,10.0,0.5
1.0,11.0,0.5
1.0,12.0,0.5
1.0,13.0,0.5
1.0,14.0,0.5
1.0,15.0,0.5
1.0,16.0,0.5
1.0,17.0,0.5
1000.0,0.0,0.990006
1000.0,1.0,0.995095
1000.0,2.0,0.332362
1000.0,3.0,0.582385
1000.0,4.0,0.461761
1000.0,5.0,1.0
1000.0,6.0,0.009948
1000.0,7.0,1.0
1000.0,8.0,0.541371
1000.0,9.0,0.985377
1000.0,10.0,1.0
1000.0,11.0,0.325848
1000.0,12.0,0.728877
1000.0,13.0,0.981264
1000.0,14.0,1.0
1000.0,15.0,0.390682
1000.0,16.0,0.757528
1000.0,17.0,0.742549
1001.0,0.0,0.990921
1001.0,1.0,0.995457
1001.0,2.0,0.359148
1001.0,3.0,0.585731
1001.0,4.0,0.492804
1001.0,5.0,1.0
1001.0,6.0,0.011253
1001.0,7.0,1.0
1001.0,8.0,0.547266
1001.0,9.0,0.985247
1001.0,10.0,1.0
1001.0,11.0,0.333253
1001.0,12.0,0.740568
1001.0,13.0,0.982597
1001.0,14.0,1.0
1001.0,15.0,0.423337
1001.0,16.0,0.796892
1001.0,17.0,0.7601
1002.0,0.0,0.991738
1002.0,1.0,0.995653
1002.0,2.0,0.386603
1002.0,3.0,0.588825
1002.0,4.0,0.523026
1002.0,5.0,1.0
1002.0,6.0,0.012581
1002.0,7.0,1.0
1002.0,8.0,0.553924
1002.0,9.0,0.985105
1002.0,10.0,1.0
1002.0,11.0,0.340924
1002.0,12.0,0.751939
1002.0,13.0,0.98402
1002.0,14.0,1.0
1002.0,15.0,0.456324
1002.0,16.0,0.828518
1002.0,17.0,0.776266
1003.0,0.0,0.992538
1003.0,1.0,0.995913
1003.0,2.0,0.414171
1003.0,3.0,0.591492
1003.0,4.0,0.552454
1003.0,5.0,1.0
1003.0,6.0,0.014101
1003.0,7.0,1.0
1003.0,8.0,0.560839
1003.0,9.0,0.985007
1003.0,10.0,1.0
1003.0,11.0,0.349337
1003.0,12.0,0.763497
1003.0,13.0,0.985076
1003.0,14.0,1.0
1003.0,15.0,0.488395
1003.0,16.0,0.853874
1003.0,17.0,0.791399
1004.0,0.0,0.993443
1004.0,1.0,0.996155
1004.0,2.0,0.440559
1004.0,3.0,0.594792
1004.0,4.0,0.579266
1004.0,5.0,1.0
1004.0,6.0,0.015994
1004.0,7.0,1.0
1004.0,8.0,0.567768
1004.0,9.0,0.985111
1004.0,10.0,1.0
1004.0,11.0,0.357435
1004.0,12.0,0.77464
1004.0,13.0,0.986311
1004.0,14.0,1.0
1004.0,15.0,0.521457
1004.0,16.0,0.873945
1004.0,17.0,0.804532
1005.0,0.0,0.994171
1005.0,1.0,0.996435
1005.0,2.0,0.465972
1005.0,3.0,0.59737
1005.0,4.0,0.604626
1005.0,5.0,1.0
1005.0,6.0,0.018034
1005.0,7.0,1.0
1005.0,8.0,0.574778
1005.0,9.0,0.98519
1005.0,10.0,1.0
1005.0,11.0,0.365755
1005.0,12.0,0.784785
1005.0,13.0,0.9873
1005.0,14.0,1.0
1005.0,15.0,0.553002
1005.0,16.0,0.890497
1005.0,17.0,0.816486
1006.0,0.0,0.994891
1006.0,1.0,0.996605
1006.0,2.0,0.490511
1006.0,3.0,0.601037
1006.0,4.0,0.629063
1006.0,5.0,1.0
1006.0,6.0,0.020363
1006.0,7.0,1.0
1006.0,8.0,0.582034
1006.0,9.0,0.985492
1006.0,10.0,1.0
1006.0,11.0,0.37347
1006.0,12.0,0.794876
1006.0,13.0,0.98832
1006.0,14.0,1.0
1006.0,15.0,0.58291
1006.0,16.0,0.904171
1006.0,17.0,0.826646
1007.0,0.0,0.995365
1007.0,1.0,0.996874
1007.0,2.0,0.513728
1007.0,3.0,0.603563
1007.0,4.0,0.651665
1007.0,5.0,1.0
1007.0,6.0,0.022865
1007.0,7.0,1.0
1007.0,8.0,0.588744
1007.0,9.0,0.985672
1007.0,10.0,1.0
1007.0,11.0,0.381904
1007.0,12.0,0.804056
1007.0,13.0,0.989233
1007.0,14.0,1.0
1007.0,15.0,0.610334
1007.0,16.0,0.915649
1007.0,17.0,0.835803
1008.0,0.0,0.995743
1008.0,1.0,0.997064
1008.0,2.0,0.535778
1008.0,3.0,0.606251
1008.0,4.0,0.672848
1008.0,5.0,1.0
1008.0,6.0,0.025905
1008.0,7.0,1.0
1008.0,8.0,0.595962
1008.0,9.0,0.986196
1008.0,10.0,1.0
1008.0,11.0,0.389013
1008.0,12.0,0.813485
1008.0,13.0,0.990111
1008.0,14.0,1.0
1008.0,15.0,0.637076
1008.0,16.0,0.925397
1008.0,17.0,0.844191
1009.0,0.0,0.993423
1009.0,1.0,0.996314
1009.0,2.0,0.414826
1009.0,3.0,0.592653
1009.0,4.0,0.563908
1009.0,5.0,1.0
1009.0,6.0,0.015573
1009.0,7.0,1.0
1009.0,8.0,0.565202
1009.0,9.0,0.985441
1009.0,10.0,1.0
1009.0,11.0,0.354125
1009.0,12.0,0.770683
1009.0,13.0,0.986258
1009.0,14.0,1.0
1009.0,15.0,0.505433
1009.0,16.0,0.859702
1009.0,17.0,0.793675
1010.0,0.0,0.990825
1010.0,1.0,0.995553
1010.0,2.0,0.328694
1010.0,3.0,0.581703
1010.0,4.0,0.46214
1010.0,5.0,1.0
1010.0,6.0,0.010038
1010.0,7.0,1.0
1010.0,8.0,0.538948
1010.0,9.0,0.985401
1010.0,10.0,1.0
1010.0,11.0,0.325366
1010.0,12.0,0.731008
1010.0,13.0,0.982132
1010.0,14.0,1.0
1010.0,15.0,0.391583
1010.0,16.0,0.756323
1010.0,17.0,0.741211
2000.0,0.0,1.0
2000.0,1.0,1.0
2000.0,2.0,0.328326
2000.0,3.0,0.588382
2000.0,4.0,0.459998
2000.0,5.0,1.0
2000.0,6.0,0.001138
2000.0,7.0,1.0
2000.0,8.0,0.540211
2000.0,9.0,0.995174
2000.0,10.0,1.0
2000.0,11.0,0.318954
2000.0,12.0,0.731696
2000.0,13.0,0.992833
2000.0,14.0,1.0
2000.0,15.0,0.391854
2000.0,16.0,0.757754
2000.0,17.0,0.739008
2001.0,0.0,1.0
2001.0,1.0,1.0
2001.0,2.0,0.356139
2001.0,3.0,0.591163
2001.0,4.0,0.492011
2001.0,5.0,1.0
2001.0,6.0,0.001306
2001.0,7.0,1.0
2001.0,8.0,0.547149
2001.0,9.0,0.995151
2001.0,10.0,1.0
2001.0,11.0,0.327591
2001.0,12.0,0.743105
2001.0,13.0,0.993433
2001.0,14.0,1.0
2001.0,15.0,0.423904
2001.0,16.0,0.796774
2001.0,17.0,0.757487
2002.0,0.0,1.0
2002.0,1.0,1.0
2002.0,2.0,0.383557
2002.0,3.0,0.593963
2002.0,4.0,0.522387
2002.0,5.0,1.0
2002.0,6.0,0.001457
2002.0,7.0,1.0
2002.0,8.0,0.55477
2002.0,9.0,0.99515
2002.0,10.0,1.0
2002.0,11.0,0.33615
2002.0,12.0,0.754105
2002.0,13.0,0.993815
2002.0,14.0,1.0
2002.0,15.0,0.457815
2002.0,16.0,0.828794
2002.0,17.0,0.774005
2003.0,0.0,1.0
2003.0,1.0,1.0
2003.0,2.0,0.410555
2003.0,3.0,0.596767
2003.0,4.0,0.551362
2003.0,5.0,1.0
2003.0,6.0,0.001678
2003.0,7.0,1.0
2003.0,8.0,0.563062
2003.0,9.0,0.995271
2003.0,10.0,1.0
2003.0,11.0,0.344836
2003.0,12.0,0.764896
2003.0,13.0,0.994367
2003.0,14.0,1.0
2003.0,15.0,0.491777
2003.0,16.0,0.853195
2003.0,17.0,0.788234
2004.0,0.0,1.0
2004.0,1.0,1.0
2004.0,2.0,0.436254
2004.0,3.0,0.59876
2004.0,4.0,0.579753
2004.0,5.0,1.0
2004.0,6.0,0.001874
2004.0,7.0,1.0
2004.0,8.0,0.570765
2004.0,9.0,0.995334
2004.0,10.0,1.0
2004.0,11.0,0.352553
2004.0,12.0,0.775711
2004.0,13.0,0.994812
2004.0,14.0,1.0
2004.0,15.0,0.52377
2004.0,16.0,0.873667
2004.0,17.0,0.801121
2005.0,0.0,1.0
2005.0,1.0,1.0
2005.0,2.0,0.46115
2005.0,3.0,0.601744
2005.0,4.0,0.605549
2005.0,5.0,1.0
2005.0,6.0,0.002114
2005.0,7.0,1.0
2005.0,8.0,0.578478
2005.0,9.0,0.995409
2005.0,10.0,1.0
2005.0,11.0,0.361439
2005.0,12.0,0.786688
2005.0,13.0,0.995234
2005.0,14.0,1.0
2005.0,15.0,0.554558
2005.0,16.0,0.890218
2005.0,17.0,0.813055
2006.0,0.0,1.0
2006.0,1.0,1.0
2006.0,2.0,0.486607
2006.0,3.0,0.604151
2006.0,4.0,0.62928
2006.0,5.0,1.0
2006.0,6.0,0.002372
2006.0,7.0,1.0
2006.0,8.0,0.586056
2006.0,9.0,0.995418
2006.0,10.0,1.0
2006.0,11.0,0.37013
2006.0,12.0,0.797431
2006.0,13.0,0.995751
2006.0,14.0,1.0
2006.0,15.0,0.584136
2006.0,16.0,0.904156
2006.0,17.0,0.823784
2007.0,0.0,1.0
2007.0,1.0,1.0
2007.0,2.0,0.510566
2007.0,3.0,0.607163
2007.0,4.0,0.652602
2007.0,5.0,1.0
2007.0,6.0,0.002748
2007.0,7.0,1.0
2007.0,8.0,0.593989
2007.0,9.0,0.995569
2007.0,10.0,1.0
2007.0,11.0,0.378243
2007.0,12.0,0.807842
2007.0,13.0,0.996158
2007.0,14.0,1.0
2007.0,15.0,0.611626
2007.0,16.0,0.91563
2007.0,17.0,0.834145
2008.0,0.0,1.0
2008.0,1.0,1.0
2008.0,2.0,0.533626
2008.0,3.0,0.61019
2008.0,4.0,0.67334
2008.0,5.0,1.0
2008.0,6.0,0.003148
2008.0,7.0,1.0
2008.0,8.0,0.600477
2008.0,9.0,0.995781
2008.0,10.0,1.0
2008.0,11.0,0.386877
2008.0,12.0,0.816567
2008.0,13.0,0.996555
2008.0,14.0,1.0
2008.0,15.0,0.638225
2008.0,16.0,0.92547
2008.0,17.0,0.843316
2009.0,0.0,1.0
2009.0,1.0,1.0
2009.0,2.0,0.41364
2009.0,3.0,0.598171
2009.0,4.0,0.564794
2009.0,5.0,1.0
2009.0,6.0,0.001859
2009.0,7.0,1.0
2009.0,8.0,0.569593
2009.0,9.0,0.995669
2009.0,10.0,1.0
2009.0,11.0,0.349206
2009.0,12.0,0.77424
2009.0,13.0,0.995241
2009.0,14.0,1.0
2009.0,15.0,0.507273
2009.0,16.0,0.858485
2009.0,17.0,0.794638
2010.0,0.0,1.0
2010.0,1.0,1.0
2010.0,2.0,0.326796
2010.0,3.0,0.587392
2010.0,4.0,0.462055
2010.0,5.0,1.0
2010.0,6.0,0.001209
2010.0,7.0,1.0
2010.0,8.0,0.54277
2010.0,9.0,0.99582
2010.0,10.0,1.0
2010.0,11.0,0.318671
2010.0,12.0,0.733759
2010.0,13.0,0.993666
2010.0,14.0,1.0
2010.0,15.0,0.393311
2010.0,16.0,0.753101
2010.0,17.0,0.741972
3000.0,0.0,1.0
3000.0,1.0,1.0
3000.0,2.0,0.33169
3000.0,3.0,0.582474
3000.0,4.0,0.465648
3000.0,5.0,1.0
3000.0,6.0,0.0
3000.0,7.0,1.0
3000.0,8.0,0.533187
3000.0,9.0,0.999846
3000.0,10.0,1.0
3000.0,11.0,0.312454
3000.0,12.0,0.725008
3000.0,13.0,0.996987
3000.0,14.0,1.0
3000.0,15.0,0.391917
3000.0,16.0,0.758685
3000.0,17.0,0.738369
3001.0,0.0,1.0
3001.0,1.0,1.0
3001.0,2.0,0.359142
3001.0,3.0,0.585586
3001.0,4.0,0.495669
3001.0,5.0,1.0
3001.0,6.0,0.0
3001.0,7.0,1.0
3001.0,8.0,0.540795
3001.0,9.0,0.999853
3001.0,10.0,1.0
3001.0,11.0,0.320126
3001.0,12.0,0.736654
3001.0,13.0,0.997199
3001.0,14.0,1.0
3001.0,15.0,0.424366
3001.0,16.0,0.798013
3001.0,17.0,0.756908
3002.0,0.0,1.0
3002.0,1.0,1.0
3002.0,2.0,0.386521
3002.0,3.0,0.589733
3002.0,4.0,0.526399
3002.0,5.0,1.0
3002.0,6.0,0.0
3002.0,7.0,1.0
3002.0,8.0,0.548233
3002.0,9.0,0.999838
3002.0,10.0,1.0
3002.0,11.0,0.328344
3002.0,12.0,0.747577
3002.0,13.0,0.997382
3002.0,14.0,1.0
3002.0,15.0,0.457225
3002.0,16.0,0.829196
3002.0,17.0,0.773222
3003.0,0.0,1.0
3003.0,1.0,1.0
3003.0,2.0,0.413626
3003.0,3.0,0.592063
3003.0,4.0,0.555518
3003.0,5.0,1.0
3003.0,6.0,0.0
3003.0,7.0,1.0
3003.0,8.0,0.554901
3003.0,9.0,0.999854
3003.0,10.0,1.0
3003.0,11.0,0.336331
3003.0,12.0,0.758552
3003.0,13.0,0.997507
3003.0,14.0,1.0
3003.0,15.0,0.490579
3003.0,16.0,0.853904
3003.0,17.0,0.78787
3004.0,0.0,1.0
3004.0,1.0,1.0
3004.0,2.0,0.440221
3004.0,3.0,0.595446
3004.0,4.0,0.582528
3004.0,5.0,1.0
3004.0,6.0,0.0
3004.0,7.0,1.0
3004.0,8.0,0.56241
3004.0,9.0,0.999873
3004.0,10.0,1.0
3004.0,11.0,0.345093
3004.0,12.0,0.769256
3004.0,13.0,0.997729
3004.0,14.0,1.0
3004.0,15.0,0.522527
3004.0,16.0,0.873819
3004.0,17.0,0.801035
3005.0,0.0,1.0
3005.0,1.0,1.0
3005.0,2.0,0.465817
3005.0,3.0,0.59834
3005.0,4.0,0.607837
3005.0,5.0,1.0
3005.0,6.0,0.0
3005.0,7.0,1.0
3005.0,8.0,0.568895
3005.0,9.0,0.999867
3005.0,10.0,1.0
3005.0,11.0,0.352986
3005.0,12.0,0.779327
3005.0,13.0,0.997949
3005.0,14.0,1.0
3005.0,15.0,0.553617
3005.0,16.0,0.89034
3005.0,17.0,0.81294
3006.0,0.0,1.0
3006.0,1.0,1.0
3006.0,2.0,0.491134
3006.0,3.0,0.601308
3006.0,4.0,0.631621
3006.0,5.0,1.0
3006.0,6.0,0.0
3006.0,7.0,1.0
3006.0,8.0,0.575974
3006.0,9.0,0.99987
3006.0,10.0,1.0
3006.0,11.0,0.361691
3006.0,12.0,0.790026
3006.0,13.0,0.998022
3006.0,14.0,1.0
3006.0,15.0,0.583081
3006.0,16.0,0.904234
3006.0,17.0,0.823682
3007.0,0.0,1.0
3007.0,1.0,1.0
3007.0,2.0,0.515504
3007.0,3.0,0.60411
3007.0,4.0,0.653247
3007.0,5.0,1.0
3007.0,6.0,0.0
3007.0,7.0,1.0
3007.0,8.0,0.583077
3007.0,9.0,0.999878
3007.0,10.0,1.0
3007.0,11.0,0.369976
3007.0,12.0,0.79952
3007.0,13.0,0.998269
3007.0,14.0,1.0
3007.0,15.0,0.611479
3007.0,16.0,0.915898
3007.0,17.0,0.833561
3008.0,0.0,1.0
3008.0,1.0,1.0
3008.0,2.0,0.53857
3008.0,3.0,0.606736
3008.0,4.0,0.673921
3008.0,5.0,1.0
3008.0,6.0,0.0
3008.0,7.0,1.0
3008.0,8.0,0.589859
3008.0,9.0,0.999876
3008.0,10.0,1.0
3008.0,11.0,0.378431
3008.0,12.0,0.809047
3008.0,13.0,0.99841
3008.0,14.0,1.0
3008.0,15.0,0.637395
3008.0,16.0,0.925934
3008.0,17.0,0.841917
3009.0,0.0,1.0
3009.0,1.0,1.0
3009.0,2.0,0.417739
3009.0,3.0,0.593368
3009.0,4.0,0.564693
3009.0,5.0,1.0
3009.0,6.0,0.0
3009.0,7.0,1.0
3009.0,8.0,0.560399
3009.0,9.0,0.99987
3009.0,10.0,1.0
3009.0,11.0,0.341163
3009.0,12.0,0.765691
3009.0,13.0,0.997746
3009.0,14.0,1.0
3009.0,15.0,0.505531
3009.0,16.0,0.860759
3009.0,17.0,0.791758
3010.0,0.0,1.0
3010.0,1.0,1.0
3010.0,2.0,0.331745
3010.0,3.0,0.581618
3010.0,4.0,0.462905
3010.0,5.0,1.0
3010.0,6.0,0.0
3010.0,7.0,1.0
3010.0,8.0,0.53489
3010.0,9.0,0.999843
3010.0,10.0,1.0
3010.0,11.0,0.312688
3010.0,12.0,0.72494
3010.0,13.0,0.997082
3010.0,14.0,1.0
3010.0,15.0,0.391775
3010.0,16.0,0.759299
3010.0,17.0,0.738269
4000.0,0.0,1.0
4000.0,1.0,1.0
4000.0,2.0,0.328289
4000.0,3.0,0.584131
4000.0,4.0,0.465592
4000.0,5.0,1.0
4000.0,6.0,0.0
4000.0,7.0,1.0
4000.0,8.0,0.520824
4000.0,9.0,1.0
4000.0,10.0,1.0
4000.0,11.0,0.320039
4000.0,12.0,0.733768
4000.0,13.0,0.998583
4000.0,14.0,1.0
4000.0,15.0,0.390029
4000.0,16.0,0.757724
4000.0,17.0,0.741191
4001.0,0.0,1.0
4001.0,1.0,1.0
4001.0,2.0,0.355688
4001.0,3.0,0.586371
4001.0,4.0,0.49646
4001.0,5.0,1.0
4001.0,6.0,0.0
4001.0,7.0,1.0
4001.0,8.0,0.527742
4001.0,9.0,1.0
4001.0,10.0,1.0
4001.0,11.0,0.328609
4001.0,12.0,0.744767
4001.0,13.0,0.998668
4001.0,14.0,1.0
4001.0,15.0,0.422737
4001.0,16.0,0.796801
4001.0,17.0,0.75891
4002.0,0.0,1.0
4002.0,1.0,1.0
4002.0,2.0,0.383777
4002.0,3.0,0.589697
4002.0,4.0,0.526924
4002.0,5.0,1.0
4002.0,6.0,0.0
4002.0,7.0,1.0
4002.0,8.0,0.535937
4002.0,9.0,1.0
4002.0,10.0,1.0
4002.0,11.0,0.337272
4002.0,12.0,0.756352
4002.0,13.0,0.998749
4002.0,14.0,1.0
4002.0,15.0,0.456694
4002.0,16.0,0.828311
4002.0,17.0,0.775679
4003.0,0.0,1.0
4003.0,1.0,1.0
4003.0,2.0,0.412519
4003.0,3.0,0.592505
4003.0,4.0,0.555978
4003.0,5.0,1.0
4003.0,6.0,0.0
4003.0,7.0,1.0
4003.0,8.0,0.54351
4003.0,9.0,1.0
4003.0,10.0,1.0
4003.0,11.0,0.346428
4003.0,12.0,0.767555
4003.0,13.0,0.998818
4003.0,14.0,1.0
4003.0,15.0,0.490037
4003.0,16.0,0.853434
4003.0,17.0,0.79023
4004.0,0.0,1.0
4004.0,1.0,1.0
4004.0,2.0,0.439649
4004.0,3.0,0.596009
4004.0,4.0,0.583426
4004.0,5.0,1.0
4004.0,6.0,0.0
4004.0,7.0,1.0
4004.0,8.0,0.550902
4004.0,9.0,1.0
4004.0,10.0,1.0
4004.0,11.0,0.355859
4004.0,12.0,0.777984
4004.0,13.0,0.998903
4004.0,14.0,1.0
4004.0,15.0,0.522568
4004.0,16.0,0.873601
4004.0,17.0,0.803224
4005.0,0.0,1.0
4005.0,1.0,1.0
4005.0,2.0,0.465947
4005.0,3.0,0.599543
4005.0,4.0,0.609265
4005.0,5.0,1.0
4005.0,6.0,0.0
4005.0,7.0,1.0
4005.0,8.0,0.558641
4005.0,9.0,1.0
4005.0,10.0,1.0
4005.0,11.0,0.364388
4005.0,12.0,0.787822
4005.0,13.0,0.999001
4005.0,14.0,1.0
4005.0,15.0,0.553904
4005.0,16.0,0.890476
4005.0,17.0,0.815558
4006.0,0.0,1.0
4006.0,1.0,1.0
4006.0,2.0,0.490568
4006.0,3.0,0.602815
4006.0,4.0,0.632323
4006.0,5.0,1.0
4006.0,6.0,0.0
4006.0,7.0,1.0
4006.0,8.0,0.565609
4006.0,9.0,1.0
4006.0,10.0,1.0
4006.0,11.0,0.372457
4006.0,12.0,0.79801
4006.0,13.0,0.999082
4006.0,14.0,1.0
4006.0,15.0,0.583831
4006.0,16.0,0.904611
4006.0,17.0,0.825273
4007.0,0.0,1.0
4007.0,1.0,1.0
4007.0,2.0,0.514906
4007.0,3.0,0.605883
4007.0,4.0,0.654073
4007.0,5.0,1.0
4007.0,6.0,0.0
4007.0,7.0,1.0
4007.0,8.0,0.573398
4007.0,9.0,1.0
4007.0,10.0,1.0
4007.0,11.0,0.381265
4007.0,12.0,0.807334
4007.0,13.0,0.999121
4007.0,14.0,1.0
4007.0,15.0,0.612464
4007.0,16.0,0.915947
4007.0,17.0,0.834995
4008.0,0.0,1.0
4008.0,1.0,1.0
4008.0,2.0,0.537618
4008.0,3.0,0.608945
4008.0,4.0,0.674135
4008.0,5.0,1.0
4008.0,6.0,0.0
4008.0,7.0,1.0
4008.0,8.0,0.580395
4008.0,9.0,1.0
4008.0,10.0,1.0
4008.0,11.0,0.389901
4008.0,12.0,0.816764
4008.0,13.0,0.999188
4008.0,14.0,1.0
4008.0,15.0,0.638275
4008.0,16.0,0.925753
4008.0,17.0,0.84382
4009.0,0.0,1.0
4009.0,1.0,1.0
4009.0,2.0,0.417261
4009.0,3.0,0.596643
4009.0,4.0,0.564657
4009.0,5.0,1.0
4009.0,6.0,0.0
4009.0,7.0,1.0
4009.0,8.0,0.54929
4009.0,9.0,1.0
4009.0,10.0,1.0
4009.0,11.0,0.351241
4009.0,12.0,0.773514
4009.0,13.0,0.998902
4009.0,14.0,1.0
4009.0,15.0,0.506668
4009.0,16.0,0.859142
4009.0,17.0,0.794217
4010.0,0.0,1.0
4010.0,1.0,1.0
4010.0,2.0,0.330768
4010.0,3.0,0.585242
4010.0,4.0,0.463222
4010.0,5.0,1.0
4010.0,6.0,0.0
4010.0,7.0,1.0
4010.0,8.0,0.523167
4010.0,9.0,1.0
4010.0,10.0,1.0
4010.0,11.0,0.320732
4010.0,12.0,0.732945
4010.0,13.0,0.998474
4010.0,14.0,1.0
4010.0,15.0,0.392987
4010.0,16.0,0.756492
4010.0,17.0,0.742687
5000.0,0.0,1.0
5000.0,1.0,1.0
5000.0,2.0,0.33172
5000.0,3.0,0.583522
5000.0,4.0,0.464676
5000.0,5.0,1.0
5000.0,6.0,0.0
5000.0,7.0,1.0
5000.0,8.0,0.522078
5000.0,9.0,1.0
5000.0,10.0,1.0
5000.0,11.0,0.31651
5000.0,12.0,0.730328
5000.0,13.0,1.0
5000.0,14.0,1.0
5000.0,15.0,0.394688
5000.0,16.0,0.752267
5000.0,17.0,0.741436
5001.0,0.0,1.0
5001.0,1.0,1.0
5001.0,2.0,0.35908
5001.0,3.0,0.585838
5001.0,4.0,0.496405
5001.0,5.0,1.0
5001.0,6.0,0.0
5001.0,7.0,1.0
5001.0,8.0,0.529288
5001.0,9.0,1.0
5001.0,10.0,1.0
5001.0,11.0,0.324695
5001.0,12.0,0.740898
5001.0,13.0,1.0
5001.0,14.0,1.0
5001.0,15.0,0.427744
5001.0,16.0,0.792608
5001.0,17.0,0.759215
5002.0,0.0,1.0
5002.0,1.0,1.0
5002.0,2.0,0.386884
5002.0,3.0,0.588176
5002.0,4.0,0.527082
5002.0,5.0,1.0
5002.0,6.0,0.0
5002.0,7.0,1.0
5002.0,8.0,0.536195
5002.0,9.0,1.0
5002.0,10.0,1.0
5002.0,11.0,0.33282
5002.0,12.0,0.75249
5002.0,13.0,1.0
5002.0,14.0,1.0
5002.0,15.0,0.460922
5002.0,16.0,0.824607
5002.0,17.0,0.775155
5003.0,0.0,1.0
5003.0,1.0,1.0
5003.0,2.0,0.413842
5003.0,3.0,0.59139
5003.0,4.0,0.557171
5003.0,5.0,1.0
5003.0,6.0,0.0
5003.0,7.0,1.0
5003.0,8.0,0.543596
5003.0,9.0,1.0
5003.0,10.0,1.0
5003.0,11.0,0.340901
5003.0,12.0,0.763598
5003.0,13.0,1.0
5003.0,14.0,1.0
5003.0,15.0,0.493453
5003.0,16.0,0.850307
5003.0,17.0,0.789652
5004.0,0.0,1.0
5004.0,1.0,1.0
5004.0,2.0,0.440604
5004.0,3.0,0.595094
5004.0,4.0,0.585506
5004.0,5.0,1.0
5004.0,6.0,0.0
5004.0,7.0,1.0
5004.0,8.0,0.551095
5004.0,9.0,1.0
5004.0,10.0,1.0
5004.0,11.0,0.350035
5004.0,12.0,0.774388
5004.0,13.0,1.0
5004.0,14.0,1.0
5004.0,15.0,0.524898
5004.0,16.0,0.871361
5004.0,17.0,0.803017
5005.0,0.0,1.0
5005.0,1.0,1.0
5005.0,2.0,0.466306
5005.0,3.0,0.599022
5005.0,4.0,0.61073
5005.0,5.0,1.0
5005.0,6.0,0.0
5005.0,7.0,1.0
5005.0,8.0,0.55858
5005.0,9.0,1.0
5005.0,10.0,1.0
5005.0,11.0,0.357742
5005.0,12.0,0.784313
5005.0,13.0,1.0
5005.0,14.0,1.0
5005.0,15.0,0.555719
5005.0,16.0,0.888946
5005.0,17.0,0.814261
5006.0,0.0,1.0
5006.0,1.0,1.0
5006.0,2.0,0.491611
5006.0,3.0,0.601748
5006.0,4.0,0.634667
5006.0,5.0,1.0
5006.0,6.0,0.0
5006.0,7.0,1.0
5006.0,8.0,0.566203
5006.0,9.0,1.0
5006.0,10.0,1.0
5006.0,11.0,0.365644
5006.0,12.0,0.793404
5006.0,13.0,1.0
5006.0,14.0,1.0
5006.0,15.0,0.584387
5006.0,16.0,0.903196
5006.0,17.0,0.825144
5007.0,0.0,1.0
5007.0,1.0,1.0
5007.0,2.0,0.51494
5007.0,3.0,0.60477
5007.0,4.0,0.657292
5007.0,5.0,1.0
5007.0,6.0,0.0
5007.0,7.0,1.0
5007.0,8.0,0.573953
5007.0,9.0,1.0
5007.0,10.0,1.0
5007.0,11.0,0.373682
5007.0,12.0,0.802986
5007.0,13.0,1.0
5007.0,14.0,1.0
5007.0,15.0,0.612441
5007.0,16.0,0.915085
5007.0,17.0,0.835033
5008.0,0.0,1.0
5008.0,1.0,1.0
5008.0,2.0,0.537523
5008.0,3.0,0.607331
5008.0,4.0,0.67795
5008.0,5.0,1.0
5008.0,6.0,0.0
5008.0,7.0,1.0
5008.0,8.0,0.581826
5008.0,9.0,1.0
5008.0,10.0,1.0
5008.0,11.0,0.382347
5008.0,12.0,0.811875
5008.0,13.0,1.0
5008.0,14.0,1.0
5008.0,15.0,0.639324
5008.0,16.0,0.925192
5008.0,17.0,0.843211
5009.0,0.0,1.0
5009.0,1.0,1.0
5009.0,2.0,0.416516
5009.0,3.0,0.595803
5009.0,4.0,0.569267
5009.0,5.0,1.0
5009.0,6.0,0.0
5009.0,7.0,1.0
5009.0,8.0,0.549211
5009.0,9.0,1.0
5009.0,10.0,1.0
5009.0,11.0,0.345801
5009.0,12.0,0.769242
5009.0,13.0,1.0
5009.0,14.0,1.0
5009.0,15.0,0.507258
5009.0,16.0,0.858067
5009.0,17.0,0.79316
5010.0,0.0,1.0
5010.0,1.0,1.0
5010.0,2.0,0.330313
5010.0,3.0,0.584671
5010.0,4.0,0.468469
5010.0,5.0,1.0
5010.0,6.0,0.0
5010.0,7.0,1.0
5010.0,8.0,0.521403
5010.0,9.0,1.0
5010.0,10.0,1.0
5010.0,11.0,0.31622
5010.0,12.0,0.729117
5010.0,13.0,1.0
5010.0,14.0,1.0
5010.0,15.0,0.394554
5010.0,16.0,0.754662
5010.0,17.0,0.741775
6000.0,0.0,1.0
6000.0,1.0,1.0
6000.0,2.0,0.329933
6000.0,3.0,0.56942
6000.0,4.0,0.462775
6000.0,5.0,1.0
6000.0,6.0,0.0
6000.0,7.0,1.0
6000.0,8.0,0.52983
6000.0,9.0,1.0
6000.0,10.0,1.0
6000.0,11.0,0.318357
6000.0,12.0,0.724449
6000.0,13.0,1.0
6000.0,14.0,1.0
6000.0,15.0,0.393825
6000.0,16.0,0.756619
6000.0,17.0,0.74103
6001.0,0.0,1.0
6001.0,1.0,1.0
6001.0,2.0,0.3565
6001.0,3.0,0.571778
6001.0,4.0,0.494673
6001.0,5.0,1.0
6001.0,6.0,0.0
6001.0,7.0,1.0
6001.0,8.0,0.536832
6001.0,9.0,1.0
6001.0,10.0,1.0
6001.0,11.0,0.325709
6001.0,12.0,0.735527
6001.0,13.0,1.0
6001.0,14.0,1.0
6001.0,15.0,0.42678
6001.0,16.0,0.796392
6001.0,17.0,0.759133
6002.0,0.0,1.0
6002.0,1.0,1.0
6002.0,2.0,0.384075
6002.0,3.0,0.574764
6002.0,4.0,0.525475
6002.0,5.0,1.0
6002.0,6.0,0.0
6002.0,7.0,1.0
6002.0,8.0,0.543944
6002.0,9.0,1.0
6002.0,10.0,1.0
6002.0,11.0,0.334033
6002.0,12.0,0.746546
6002.0,13.0,1.0
6002.0,14.0,1.0
6002.0,15.0,0.459853
6002.0,16.0,0.828108
6002.0,17.0,0.775293
6003.0,0.0,1.0
6003.0,1.0,1.0
6003.0,2.0,0.41112
6003.0,3.0,0.577763
6003.0,4.0,0.553952
6003.0,5.0,1.0
6003.0,6.0,0.0
6003.0,7.0,1.0
6003.0,8.0,0.551119
6003.0,9.0,1.0
6003.0,10.0,1.0
6003.0,11.0,0.343274
6003.0,12.0,0.75726
6003.0,13.0,1.0
6003.0,14.0,1.0
6003.0,15.0,0.492318
6003.0,16.0,0.852835
6003.0,17.0,0.789772
6004.0,0.0,1.0
6004.0,1.0,1.0
6004.0,2.0,0.437457
6004.0,3.0,0.58023
6004.0,4.0,0.581445
6004.0,5.0,1.0
6004.0,6.0,0.0
6004.0,7.0,1.0
6004.0,8.0,0.557462
6004.0,9.0,1.0
6004.0,10.0,1.0
6004.0,11.0,0.352783
6004.0,12.0,0.767223
6004.0,13.0,1.0
6004.0,14.0,1.0
6004.0,15.0,0.523876
6004.0,16.0,0.872991
6004.0,17.0,0.803076
6005.0,0.0,1.0
6005.0,1.0,1.0
6005.0,2.0,0.463601
6005.0,3.0,0.583614
6005.0,4.0,0.606762
6005.0,5.0,1.0
6005.0,6.0,0.0
6005.0,7.0,1.0
6005.0,8.0,0.564043
6005.0,9.0,1.0
6005.0,10.0,1.0
6005.0,11.0,0.361188
6005.0,12.0,0.777105
6005.0,13.0,1.0
6005.0,14.0,1.0
6005.0,15.0,0.554963
6005.0,16.0,0.889397
6005.0,17.0,0.81438
6006.0,0.0,1.0
6006.0,1.0,1.0
6006.0,2.0,0.489067
6006.0,3.0,0.585506
6006.0,4.0,0.630876
6006.0,5.0,1.0
6006.0,6.0,0.0
6006.0,7.0,1.0
6006.0,8.0,0.571199
6006.0,9.0,1.0
6006.0,10.0,1.0
6006.0,11.0,0.370156
6006.0,12.0,0.787387
6006.0,13.0,1.0
6006.0,14.0,1.0
6006.0,15.0,0.584299
6006.0,16.0,0.903604
6006.0,17.0,0.824851
6007.0,0.0,1.0
6007.0,1.0,1.0
6007.0,2.0,0.512539
6007.0,3.0,0.58905
6007.0,4.0,0.65325
6007.0,5.0,1.0
6007.0,6.0,0.0
6007.0,7.0,1.0
6007.0,8.0,0.578042
6007.0,9.0,1.0
6007.0,10.0,1.0
6007.0,11.0,0.378712
6007.0,12.0,0.7978
6007.0,13.0,1.0
6007.0,14.0,1.0
6007.0,15.0,0.613269
6007.0,16.0,0.915686
6007.0,17.0,0.834693
6008.0,0.0,1.0
6008.0,1.0,1.0
6008.0,2.0,0.535565
6008.0,3.0,0.592513
6008.0,4.0,0.673542
6008.0,5.0,1.0
6008.0,6.0,0.0
6008.0,7.0,1.0
6008.0,8.0,0.585552
6008.0,9.0,1.0
6008.0,10.0,1.0
6008.0,11.0,0.387546
6008.0,12.0,0.806741
6008.0,13.0,1.0
6008.0,14.0,1.0
6008.0,15.0,0.640474
6008.0,16.0,0.925497
6008.0,17.0,0.843195
6009.0,0.0,1.0
6009.0,1.0,1.0
6009.0,2.0,0.414367
6009.0,3.0,0.579243
6009.0,4.0,0.565602
6009.0,5.0,1.0
6009.0,6.0,0.0
6009.0,7.0,1.0
6009.0,8.0,0.555266
6009.0,9.0,1.0
6009.0,10.0,1.0
6009.0,11.0,0.348967
6009.0,12.0,0.762147
6009.0,13.0,1.0
6009.0,14.0,1.0
6009.0,15.0,0.5079
6009.0,16.0,0.858893
6009.0,17.0,0.793836
6010.0,0.0,1.0
6010.0,1.0,1.0
6010.0,2.0,0.328014
6010.0,3.0,0.56759
6010.0,4.0,0.46375
6010.0,5.0,1.0
6010.0,6.0,0.0
6010.0,7.0,1.0
6010.0,8.0,0.52927
6010.0,9.0,1.0
6010.0,10.0,1.0
6010.0,11.0,0.317941
6010.0,12.0,0.720849
6010.0,13.0,1.0
6010.0,14.0,1.0
6010.0,15.0,0.3942
6010.0,16.0,0.755244
6010.0,17.0,0.742102
7000.0,0.0,1.0
7000.0,1.0,1.0
7000.0,2.0,0.329187
7000.0,3.0,0.573722
7000.0,4.0,0.467971
7000.0,5.0,1.0
7000.0,6.0,0.0
7000.0,7.0,1.0
7000.0,8.0,0.547301
7000.0,9.0,1.0
7000.0,10.0,1.0
7000.0,11.0,0.318996
7000.0,12.0,0.730532
7000.0,13.0,1.0
7000.0,14.0,1.0
7000.0,15.0,0.395598
7000.0,16.0,0.752155
7000.0,17.0,0.743634
7001.0,0.0,1.0
7001.0,1.0,1.0
7001.0,2.0,0.355923
7001.0,3.0,0.577003
7001.0,4.0,0.498147
7001.0,5.0,1.0
7001.0,6.0,0.0
7001.0,7.0,1.0
7001.0,8.0,0.553546
7001.0,9.0,1.0
7001.0,10.0,1.0
7001.0,11.0,0.326368
7001.0,12.0,0.741499
7001.0,13.0,1.0
7001.0,14.0,1.0
7001.0,15.0,0.4287
7001.0,16.0,0.792457
7001.0,17.0,0.762282
7002.0,0.0,1.0
7002.0,1.0,1.0
7002.0,2.0,0.383368
7002.0,3.0,0.580045
7002.0,4.0,0.528178
7002.0,5.0,1.0
7002.0,6.0,0.0
7002.0,7.0,1.0
7002.0,8.0,0.561372
7002.0,9.0,1.0
7002.0,10.0,1.0
7002.0,11.0,0.334325
7002.0,12.0,0.753112
7002.0,13.0,1.0
7002.0,14.0,1.0
7002.0,15.0,0.461871
7002.0,16.0,0.824139
7002.0,17.0,0.777416
7003.0,0.0,1.0
7003.0,1.0,1.0
7003.0,2.0,0.410036
7003.0,3.0,0.583052
7003.0,4.0,0.557303
7003.0,5.0,1.0
7003.0,6.0,0.0
7003.0,7.0,1.0
7003.0,8.0,0.568779
7003.0,9.0,1.0
7003.0,10.0,1.0
7003.0,11.0,0.341414
7003.0,12.0,0.764564
7003.0,13.0,1.0
7003.0,14.0,1.0
7003.0,15.0,0.495011
7003.0,16.0,0.850404
7003.0,17.0,0.792622
7004.0,0.0,1.0
7004.0,1.0,1.0
7004.0,2.0,0.436621
7004.0,3.0,0.585152
7004.0,4.0,0.58417
7004.0,5.0,1.0
7004.0,6.0,0.0
7004.0,7.0,1.0
7004.0,8.0,0.575345
7004.0,9.0,1.0
7004.0,10.0,1.0
7004.0,11.0,0.349708
7004.0,12.0,0.775304
7004.0,13.0,1.0
7004.0,14.0,1.0
7004.0,15.0,0.526699
7004.0,16.0,0.871
7004.0,17.0,0.804892
7005.0,0.0,1.0
7005.0,1.0,1.0
7005.0,2.0,0.4618
7005.0,3.0,0.588663
7005.0,4.0,0.610151
7005.0,5.0,1.0
7005.0,6.0,0.0
7005.0,7.0,1.0
7005.0,8.0,0.581674
7005.0,9.0,1.0
7005.0,10.0,1.0
7005.0,11.0,0.358587
7005.0,12.0,0.785171
7005.0,13.0,1.0
7005.0,14.0,1.0
7005.0,15.0,0.557224
7005.0,16.0,0.88817
7005.0,17.0,0.817061
7006.0,0.0,1.0
7006.0,1.0,1.0
7006.0,2.0,0.487296
7006.0,3.0,0.592816
7006.0,4.0,0.633692
7006.0,5.0,1.0
7006.0,6.0,0.0
7006.0,7.0,1.0
7006.0,8.0,0.587889
7006.0,9.0,1.0
7006.0,10.0,1.0
7006.0,11.0,0.366541
7006.0,12.0,0.795233
7006.0,13.0,1.0
7006.0,14.0,1.0
7006.0,15.0,0.586074
7006.0,16.0,0.902617
7006.0,17.0,0.826792
7007.0,0.0,1.0
7007.0,1.0,1.0
7007.0,2.0,0.510009
7007.0,3.0,0.596207
7007.0,4.0,0.655137
7007.0,5.0,1.0
7007.0,6.0,0.0
7007.0,7.0,1.0
7007.0,8.0,0.594534
7007.0,9.0,1.0
7007.0,10.0,1.0
7007.0,11.0,0.375466
7007.0,12.0,0.804791
7007.0,13.0,1.0
7007.0,14.0,1.0
7007.0,15.0,0.615025
7007.0,16.0,0.914132
7007.0,17.0,0.835855
7008.0,0.0,1.0
7008.0,1.0,1.0
7008.0,2.0,0.533695
7008.0,3.0,0.59918
7008.0,4.0,0.6755
7008.0,5.0,1.0
7008.0,6.0,0.0
7008.0,7.0,1.0
7008.0,8.0,0.601007
7008.0,9.0,1.0
7008.0,10.0,1.0
7008.0,11.0,0.383592
7008.0,12.0,0.814385
7008.0,13.0,1.0
7008.0,14.0,1.0
7008.0,15.0,0.641417
7008.0,16.0,0.924748
7008.0,17.0,0.844676
7009.0,0.0,1.0
7009.0,1.0,1.0
7009.0,2.0,0.412535
7009.0,3.0,0.585197
7009.0,4.0,0.567421
7009.0,5.0,1.0
7009.0,6.0,0.0
7009.0,7.0,1.0
7009.0,8.0,0.568356
7009.0,9.0,1.0
7009.0,10.0,1.0
7009.0,11.0,0.345829
7009.0,12.0,0.771242
7009.0,13.0,1.0
7009.0,14.0,1.0
7009.0,15.0,0.510055
7009.0,16.0,0.857018
7009.0,17.0,0.794934
7010.0,0.0,1.0
7010.0,1.0,1.0
7010.0,2.0,0.326797
7010.0,3.0,0.572857
7010.0,4.0,0.465068
7010.0,5.0,1.0
7010.0,6.0,0.0
7010.0,7.0,1.0
7010.0,8.0,0.541408
7010.0,9.0,1.0
7010.0,10.0,1.0
7010.0,11.0,0.315798
7010.0,12.0,0.730795
7010.0,13.0,1.0
7010.0,14.0,1.0
7010.0,15.0,0.395879
7010.0,16.0,0.752042
7010.0,17.0,0.742803
8000.0,0.0,1.0
8000.0,1.0,1.0
8000.0,2.0,0.330545
8000.0,3.0,0.571468
8000.0,4.0,0.46637
8000.0,5.0,1.0
8000.0,6.0,0.0
8000.0,7.0,1.0
8000.0,8.0,0.534419
8000.0,9.0,1.0
8000.0,10.0,1.0
8000.0,11.0,0.319637
8000.0,12.0,0.728918
8000.0,13.0,1.0
8000.0,14.0,1.0
8000.0,15.0,0.391281
8000.0,16.0,0.754122
8000.0,17.0,0.741849
8001.0,0.0,1.0
8001.0,1.0,1.0
8001.0,2.0,0.357422
8001.0,3.0,0.57464
8001.0,4.0,0.496947
8001.0,5.0,1.0
8001.0,6.0,0.0
8001.0,7.0,1.0
8001.0,8.0,0.54119
8001.0,9.0,1.0
8001.0,10.0,1.0
8001.0,11.0,0.326894
8001.0,12.0,0.739351
8001.0,13.0,1.0
8001.0,14.0,1.0
8001.0,15.0,0.423918
8001.0,16.0,0.793738
8001.0,17.0,0.759766
8002.0,0.0,1.0
8002.0,1.0,1.0
8002.0,2.0,0.384715
8002.0,3.0,0.578478
8002.0,4.0,0.527687
8002.0,5.0,1.0
8002.0,6.0,0.0
8002.0,7.0,1.0
8002.0,8.0,0.548799
8002.0,9.0,1.0
8002.0,10.0,1.0
8002.0,11.0,0.335102
8002.0,12.0,0.750732
8002.0,13.0,1.0
8002.0,14.0,1.0
8002.0,15.0,0.457953
8002.0,16.0,0.82577
8002.0,17.0,0.776154
8003.0,0.0,1.0
8003.0,1.0,1.0
8003.0,2.0,0.411758
8003.0,3.0,0.581853
8003.0,4.0,0.556057
8003.0,5.0,1.0
8003.0,6.0,0.0
8003.0,7.0,1.0
8003.0,8.0,0.555631
8003.0,9.0,1.0
8003.0,10.0,1.0
8003.0,11.0,0.34356
8003.0,12.0,0.761544
8003.0,13.0,1.0
8003.0,14.0,1.0
8003.0,15.0,0.490942
8003.0,16.0,0.851427
8003.0,17.0,0.79057
8004.0,0.0,1.0
8004.0,1.0,1.0
8004.0,2.0,0.43845
8004.0,3.0,0.584786
8004.0,4.0,0.58305
8004.0,5.0,1.0
8004.0,6.0,0.0
8004.0,7.0,1.0
8004.0,8.0,0.562777
8004.0,9.0,1.0
8004.0,10.0,1.0
8004.0,11.0,0.35252
8004.0,12.0,0.77206
8004.0,13.0,1.0
8004.0,14.0,1.0
8004.0,15.0,0.523158
8004.0,16.0,0.871899
8004.0,17.0,0.803097
8005.0,0.0,1.0
8005.0,1.0,1.0
8005.0,2.0,0.464175
8005.0,3.0,0.587587
8005.0,4.0,0.60887
8005.0,5.0,1.0
8005.0,6.0,0.0
8005.0,7.0,1.0
8005.0,8.0,0.570275
8005.0,9.0,1.0
8005.0,10.0,1.0
8005.0,11.0,0.361675
8005.0,12.0,0.782736
8005.0,13.0,1.0
8005.0,14.0,1.0
8005.0,15.0,0.554798
8005.0,16.0,0.888321
8005.0,17.0,0.814812
8006.0,0.0,1.0
8006.0,1.0,1.0
8006.0,2.0,0.488611
8006.0,3.0,0.591017
8006.0,4.0,0.632394
8006.0,5.0,1.0
8006.0,6.0,0.0
8006.0,7.0,1.0
8006.0,8.0,0.577168
8006.0,9.0,1.0
8006.0,10.0,1.0
8006.0,11.0,0.369592
8006.0,12.0,0.792414
8006.0,13.0,1.0
8006.0,14.0,1.0
8006.0,15.0,0.583828
8006.0,16.0,0.902232
8006.0,17.0,0.82548
8007.0,0.0,1.0
8007.0,1.0,1.0
8007.0,2.0,0.511383
8007.0,3.0,0.594364
8007.0,4.0,0.655021
8007.0,5.0,1.0
8007.0,6.0,0.0
8007.0,7.0,1.0
8007.0,8.0,0.584866
8007.0,9.0,1.0
8007.0,10.0,1.0
8007.0,11.0,0.378941
8007.0,12.0,0.801654
8007.0,13.0,1.0
8007.0,14.0,1.0
8007.0,15.0,0.612599
8007.0,16.0,0.914075
8007.0,17.0,0.834607
8008.0,0.0,1.0
8008.0,1.0,1.0
8008.0,2.0,0.534171
8008.0,3.0,0.597146
8008.0,4.0,0.675547
8008.0,5.0,1.0
8008.0,6.0,0.0
8008.0,7.0,1.0
8008.0,8.0,0.591957
8008.0,9.0,1.0
8008.0,10.0,1.0
8008.0,11.0,0.387166
8008.0,12.0,0.810818
8008.0,13.0,1.0
8008.0,14.0,1.0
8008.0,15.0,0.640374
8008.0,16.0,0.924136
8008.0,17.0,0.843383
8009.0,0.0,1.0
8009.0,1.0,1.0
8009.0,2.0,0.4139
8009.0,3.0,0.584269
8009.0,4.0,0.568154
8009.0,5.0,1.0
8009.0,6.0,0.0
8009.0,7.0,1.0
8009.0,8.0,0.560996
8009.0,9.0,1.0
8009.0,10.0,1.0
8009.0,11.0,0.348598
8009.0,12.0,0.76771
8009.0,13.0,1.0
8009.0,14.0,1.0
8009.0,15.0,0.508385
8009.0,16.0,0.855707
8009.0,17.0,0.794162
8010.0,0.0,1.0
8010.0,1.0,1.0
8010.0,2.0,0.329225
8010.0,3.0,0.571574
8010.0,4.0,0.466569
8010.0,5.0,1.0
8010.0,6.0,0.0
8010.0,7.0,1.0
8010.0,8.0,0.535115
8010.0,9.0,1.0
8010.0,10.0,1.0
8010.0,11.0,0.318374
8010.0,12.0,0.728173
8010.0,13.0,1.0
8010.0,14.0,1.0
8010.0,15.0,0.395234
8010.0,16.0,0.751339
8010.0,17.0,0.742382
9000.0,0.0,1.0
9000.0,1.0,1.0
9000.0,2.0,0.328557
9000.0,3.0,0.571328
9000.0,4.0,0.46611
9000.0,5.0,1.0
9000.0,6.0,0.0
9000.0,7.0,1.0
9000.0,8.0,0.541315
9000.0,9.0,1.0
9000.0,10.0,1.0
9000.0,11.0,0.317155
9000.0,12.0,0.73414
9000.0,13.0,1.0
9000.0,14.0,1.0
9000.0,15.0,0.391574
9000.0,16.0,0.753087
9000.0,17.0,0.740027
9001.0,0.0,1.0
9001.0,1.0,1.0
9001.0,2.0,0.356409
9001.0,3.0,0.574388
9001.0,4.0,0.497542
9001.0,5.0,1.0
9001.0,6.0,0.0
9001.0,7.0,1.0
9001.0,8.0,0.548501
9001.0,9.0,1.0
9001.0,10.0,1.0
9001.0,11.0,0.325854
9001.0,12.0,0.744992
9001.0,13.0,1.0
9001.0,14.0,1.0
9001.0,15.0,0.424817
9001.0,16.0,0.792902
9001.0,17.0,0.758112
9002.0,0.0,1.0
9002.0,1.0,1.0
9002.0,2.0,0.383303
9002.0,3.0,0.577531
9002.0,4.0,0.528038
9002.0,5.0,1.0
9002.0,6.0,0.0
9002.0,7.0,1.0
9002.0,8.0,0.556598
9002.0,9.0,1.0
9002.0,10.0,1.0
9002.0,11.0,0.334283
9002.0,12.0,0.756295
9002.0,13.0,1.0
9002.0,14.0,1.0
9002.0,15.0,0.458324
9002.0,16.0,0.824634
9002.0,17.0,0.77474
9003.0,0.0,1.0
9003.0,1.0,1.0
9003.0,2.0,0.411002
9003.0,3.0,0.580118
9003.0,4.0,0.557045
9003.0,5.0,1.0
9003.0,6.0,0.0
9003.0,7.0,1.0
9003.0,8.0,0.564053
9003.0,9.0,1.0
9003.0,10.0,1.0
9003.0,11.0,0.342288
9003.0,12.0,0.76762
9003.0,13.0,1.0
9003.0,14.0,1.0
9003.0,15.0,0.491141
9003.0,16.0,0.850858
9003.0,17.0,0.789625
9004.0,0.0,1.0
9004.0,1.0,1.0
9004.0,2.0,0.438367
9004.0,3.0,0.583317
9004.0,4.0,0.584587
9004.0,5.0,1.0
9004.0,6.0,0.0
9004.0,7.0,1.0
9004.0,8.0,0.570521
9004.0,9.0,1.0
9004.0,10.0,1.0
9004.0,11.0,0.350391
9004.0,12.0,0.777815
9004.0,13.0,1.0
9004.0,14.0,1.0
9004.0,15.0,0.522837
9004.0,16.0,0.871625
9004.0,17.0,0.803508
9005.0,0.0,1.0
9005.0,1.0,1.0
9005.0,2.0,0.464497
9005.0,3.0,0.587
9005.0,4.0,0.60967
9005.0,5.0,1.0
9005.0,6.0,0.0
9005.0,7.0,1.0
9005.0,8.0,0.5779
9005.0,9.0,1.0
9005.0,10.0,1.0
9005.0,11.0,0.359852
9005.0,12.0,0.787954
9005.0,13.0,1.0
9005.0,14.0,1.0
9005.0,15.0,0.553996
9005.0,16.0,0.88878
9005.0,17.0,0.815156
9006.0,0.0,1.0
9006.0,1.0,1.0
9006.0,2.0,0.48783
9006.0,3.0,0.590866
9006.0,4.0,0.633645
9006.0,5.0,1.0
9006.0,6.0,0.0
9006.0,7.0,1.0
9006.0,8.0,0.585194
9006.0,9.0,1.0
9006.0,10.0,1.0
9006.0,11.0,0.369431
9006.0,12.0,0.797962
9006.0,13.0,1.0
9006.0,14.0,1.0
9006.0,15.0,0.58408
9006.0,16.0,0.902543
9006.0,17.0,0.825491
9007.0,0.0,1.0
9007.0,1.0,1.0
9007.0,2.0,0.511823
9007.0,3.0,0.594581
9007.0,4.0,0.655398
9007.0,5.0,1.0
9007.0,6.0,0.0
9007.0,7.0,1.0
9007.0,8.0,0.592284
9007.0,9.0,1.0
9007.0,10.0,1.0
9007.0,11.0,0.377909
9007.0,12.0,0.806979
9007.0,13.0,1.0
9007.0,14.0,1.0
9007.0,15.0,0.611728
9007.0,16.0,0.914075
9007.0,17.0,0.835121
9008.0,0.0,1.0
9008.0,1.0,1.0
9008.0,2.0,0.534278
9008.0,3.0,0.597268
9008.0,4.0,0.675797
9008.0,5.0,1.0
9008.0,6.0,0.0
9008.0,7.0,1.0
9008.0,8.0,0.599374
9008.0,9.0,1.0
9008.0,10.0,1.0
9008.0,11.0,0.386874
9008.0,12.0,0.816423
9008.0,13.0,1.0
9008.0,14.0,1.0
9008.0,15.0,0.637992
9008.0,16.0,0.924084
9008.0,17.0,0.843994
9009.0,0.0,1.0
9009.0,1.0,1.0
9009.0,2.0,0.413911
9009.0,3.0,0.583031
9009.0,4.0,0.567336
9009.0,5.0,1.0
9009.0,6.0,0.0
9009.0,7.0,1.0
9009.0,8.0,0.567149
9009.0,9.0,1.0
9009.0,10.0,1.0
9009.0,11.0,0.348417
9009.0,12.0,0.773954
9009.0,13.0,1.0
9009.0,14.0,1.0
9009.0,15.0,0.505368
9009.0,16.0,0.856269
9009.0,17.0,0.794315
9010.0,0.0,1.0
9010.0,1.0,1.0
9010.0,2.0,0.328018
9010.0,3.0,0.571223
9010.0,4.0,0.465266
9010.0,5.0,1.0
9010.0,6.0,0.0
9010.0,7.0,1.0
9010.0,8.0,0.539651
9010.0,9.0,1.0
9010.0,10.0,1.0
9010.0,11.0,0.318447
9010.0,12.0,0.733804
9010.0,13.0,1.0
9010.0,14.0,1.0
9010.0,15.0,0.391784
9010.0,16.0,0.75197
9010.0,17.0,0.742424
10000.0,0.0,1.0
10000.0,1.0,1.0
10000.0,2.0,0.330562
10000.0,3.0,0.58632
10000.0,4.0,0.464242
10000.0,5.0,1.0
10000.0,6.0,0.0
10000.0,7.0,1.0
10000.0,8.0,0.539398
10000.0,9.0,1.0
10000.0,10.0,1.0
10000.0,11.0,0.309611
10000.0,12.0,0.725936
10000.0,13.0,1.0
10000.0,14.0,1.0
10000.0,15.0,0.391114
10000.0,16.0,0.752571
10000.0,17.0,0.743212
10001.0,0.0,1.0
10001.0,1.0,1.0
10001.0,2.0,0.3574
10001.0,3.0,0.58942
10001.0,4.0,0.495914
10001.0,5.0,1.0
10001.0,6.0,0.0
10001.0,7.0,1.0
10001.0,8.0,0.547349
10001.0,9.0,1.0
10001.0,10.0,1.0
10001.0,11.0,0.317451
10001.0,12.0,0.736559
10001.0,13.0,1.0
10001.0,14.0,1.0
10001.0,15.0,0.423423
10001.0,16.0,0.792588
10001.0,17.0,0.760371
10002.0,0.0,1.0
10002.0,1.0,1.0
10002.0,2.0,0.38534
10002.0,3.0,0.591647
10002.0,4.0,0.527123
10002.0,5.0,1.0
10002.0,6.0,0.0
10002.0,7.0,1.0
10002.0,8.0,0.555172
10002.0,9.0,1.0
10002.0,10.0,1.0
10002.0,11.0,0.325799
10002.0,12.0,0.747334
10002.0,13.0,1.0
10002.0,14.0,1.0
10002.0,15.0,0.456975
10002.0,16.0,0.824646
10002.0,17.0,0.77592
10003.0,0.0,1.0
10003.0,1.0,1.0
10003.0,2.0,0.412671
10003.0,3.0,0.594638
10003.0,4.0,0.555852
10003.0,5.0,1.0
10003.0,6.0,0.0
10003.0,7.0,1.0
10003.0,8.0,0.561326
10003.0,9.0,1.0
10003.0,10.0,1.0
10003.0,11.0,0.334286
10003.0,12.0,0.758533
10003.0,13.0,1.0
10003.0,14.0,1.0
10003.0,15.0,0.489072
10003.0,16.0,0.849855
10003.0,17.0,0.790457
10004.0,0.0,1.0
10004.0,1.0,1.0
10004.0,2.0,0.439285
10004.0,3.0,0.598413
10004.0,4.0,0.583663
10004.0,5.0,1.0
10004.0,6.0,0.0
10004.0,7.0,1.0
10004.0,8.0,0.568107
10004.0,9.0,1.0
10004.0,10.0,1.0
10004.0,11.0,0.342816
10004.0,12.0,0.769136
10004.0,13.0,1.0
10004.0,14.0,1.0
10004.0,15.0,0.521158
10004.0,16.0,0.870751
10004.0,17.0,0.804246
10005.0,0.0,1.0
10005.0,1.0,1.0
10005.0,2.0,0.464169
10005.0,3.0,0.601952
10005.0,4.0,0.609268
10005.0,5.0,1.0
10005.0,6.0,0.0
10005.0,7.0,1.0
10005.0,8.0,0.574888
10005.0,9.0,1.0
10005.0,10.0,1.0
10005.0,11.0,0.351984
10005.0,12.0,0.780505
10005.0,13.0,1.0
10005.0,14.0,1.0
10005.0,15.0,0.552712
10005.0,16.0,0.888145
10005.0,17.0,0.815836
10006.0,0.0,1.0
10006.0,1.0,1.0
10006.0,2.0,0.488696
10006.0,3.0,0.604658
10006.0,4.0,0.633575
10006.0,5.0,1.0
10006.0,6.0,0.0
10006.0,7.0,1.0
10006.0,8.0,0.581718
10006.0,9.0,1.0
10006.0,10.0,1.0
10006.0,11.0,0.360286
10006.0,12.0,0.79076
10006.0,13.0,1.0
10006.0,14.0,1.0
10006.0,15.0,0.582586
10006.0,16.0,0.902555
10006.0,17.0,0.826811
10007.0,0.0,1.0
10007.0,1.0,1.0
10007.0,2.0,0.513798
10007.0,3.0,0.607095
10007.0,4.0,0.655647
10007.0,5.0,1.0
10007.0,6.0,0.0
10007.0,7.0,1.0
10007.0,8.0,0.588478
10007.0,9.0,1.0
10007.0,10.0,1.0
10007.0,11.0,0.368632
10007.0,12.0,0.800525
10007.0,13.0,1.0
10007.0,14.0,1.0
10007.0,15.0,0.611155
10007.0,16.0,0.914178
10007.0,17.0,0.835981
10008.0,0.0,1.0
10008.0,1.0,1.0
10008.0,2.0,0.53581
10008.0,3.0,0.60958
10008.0,4.0,0.676384
10008.0,5.0,1.0
10008.0,6.0,0.0
10008.0,7.0,1.0
10008.0,8.0,0.596398
10008.0,9.0,1.0
10008.0,10.0,1.0
10008.0,11.0,0.376833
10008.0,12.0,0.810108
10008.0,13.0,1.0
10008.0,14.0,1.0
10008.0,15.0,0.637802
10008.0,16.0,0.924209
10008.0,17.0,0.844214
10009.0,0.0,1.0
10009.0,1.0,1.0
10009.0,2.0,0.415617
10009.0,3.0,0.596896
10009.0,4.0,0.569116
10009.0,5.0,1.0
10009.0,6.0,0.0
10009.0,7.0,1.0
10009.0,8.0,0.56507
10009.0,9.0,1.0
10009.0,10.0,1.0
10009.0,11.0,0.340196
10009.0,12.0,0.766639
10009.0,13.0,1.0
10009.0,14.0,1.0
10009.0,15.0,0.50634
10009.0,16.0,0.856288
10009.0,17.0,0.794573
10010.0,0.0,1.0
10010.0,1.0,1.0
10010.0,2.0,0.32941
10010.0,3.0,0.585018
10010.0,4.0,0.469201
10010.0,5.0,1.0
10010.0,6.0,0.0
10010.0,7.0,1.0
10010.0,8.0,0.538495
10010.0,9.0,1.0
10010.0,10.0,1.0
10010.0,11.0,0.30984
10010.0,12.0,0.726634
10010.0,13.0,1.0
10010.0,14.0,1.0
10010.0,15.0,0.392094
10010.0,16.0,0.751254
10010.0,17.0,0.742787
