FREQUENCIES 
Gen,mut_id,mut_freq
1.0,0.0,0.5
1.0,1.0,0.5
1.0,2.0,0.5
1.0,3.0,0.5
1.0,4.0,0.5
1.0,5.0,0.5
1.0,6.0,0.5
1.0,7.0,0.5
1.0,8.0,0.5
1.0,9.0,0.5
1.0,10.0,0.5
1.0,11.0,0.5
1.0,12.0,0.5
1.0,13.0,0.5
1.0,14.0,0.5
1.0,15.0,0.5
1.0,16.0,0.5
1.0,17.0,0.5
1.0,18.0,0.5
1.0,19.0,0.5
1.0,20.0,0.5
1.0,21.0,0.5
1.0,22.0,0.5
1.0,23.0,0.5
1.0,24.0,0.5
1.0,25.0,0.5
1.0,26.0,0.5
1.0,27.0,0.5
1.0,28.0,0.5
1.0,29.0,0.5
1.0,30.0,0.5
1.0,31.0,0.5
1.0,32.0,0.5
1.0,33.0,0.5
1.0,34.0,0.5
1.0,35.0,0.5
1.0,36.0,0.5
1000.0,0.0,0.511077
1000.0,1.0,0.614264
1000.0,2.0,1.0
1000.0,3.0,0.621271
1000.0,4.0,0.530089
1000.0,5.0,0.024791
1000.0,6.0,0.678413
1000.0,7.0,0.573961
1000.0,8.0,0.906275
1000.0,9.0,0.950999
1000.0,10.0,1.0
1000.0,11.0,0.962534
1000.0,12.0,0.210277
1000.0,13.0,1.0
1000.0,14.0,1.0
1000.0,15.0,0.788636
1000.0,16.0,0.492333
1000.0,17.0,0.399467
1000.0,18.0,0.805846
1000.0,19.0,0.924838
1000.0,20.0,0.999947
1000.0,21.0,0.328077
1000.0,22.0,0.999462
1000.0,23.0,0.999646
1000.0,24.0,0.904738
1000.0,25.0,1.0
1000.0,26.0,0.604784
1000.0,27.0,0.887958
1000.0,28.0,1.0
1000.0,29.0,0.721321
1000.0,30.0,0.962448
1000.0,31.0,1.0
1000.0,32.0,0.016265
1000.0,33.0,1.0
1000.0,34.0,0.834419
1000.0,35.0,0.767643
1000.0,36.0,0.828108
1001.0,0.0,0.52024
1001.0,1.0,0.626111
1001.0,2.0,1.0
1001.0,3.0,0.633827
1001.0,4.0,0.531391
1001.0,5.0,0.025697
1001.0,6.0,0.679363
1001.0,7.0,0.575918
1001.0,8.0,0.907477
1001.0,9.0,0.95182
1001.0,10.0,1.0
1001.0,11.0,0.962707
1001.0,12.0,0.211666
1001.0,13.0,1.0
1001.0,14.0,1.0
1001.0,15.0,0.78947
1001.0,16.0,0.49548
1001.0,17.0,0.405727
1001.0,18.0,0.806046
1001.0,19.0,0.925561
1001.0,20.0,0.999959
1001.0,21.0,0.330038
1001.0,22.0,0.999481
1001.0,23.0,0.999661
1001.0,24.0,0.904879
1001.0,25.0,1.0
1001.0,26.0,0.616996
1001.0,27.0,0.889389
1001.0,28.0,1.0
1001.0,29.0,0.735471
1001.0,30.0,0.96281
1001.0,31.0,1.0
1001.0,32.0,0.016508
1001.0,33.0,1.0
1001.0,34.0,0.835339
1001.0,35.0,0.76676
1001.0,36.0,0.828425
1002.0,0.0,0.52892
1002.0,1.0,0.638433
1002.0,2.0,1.0
1002.0,3.0,0.645895
1002.0,4.0,0.532723
1002.0,5.0,0.0265
1002.0,6.0,0.680432
1002.0,7.0,0.577378
1002.0,8.0,0.908761
1002.0,9.0,0.952431
1002.0,10.0,1.0
1002.0,11.0,0.963179
1002.0,12.0,0.213693
1002.0,13.0,1.0
1002.0,14.0,1.0
1002.0,15.0,0.790384
1002.0,16.0,0.497502
1002.0,17.0,0.412108
1002.0,18.0,0.805712
1002.0,19.0,0.926254
1002.0,20.0,0.999962
1002.0,21.0,0.332383
1002.0,22.0,0.999502
1002.0,23.0,0.999675
1002.0,24.0,0.905078
1002.0,25.0,1.0
1002.0,26.0,0.626675
1002.0,27.0,0.891757
1002.0,28.0,1.0
1002.0,29.0,0.748599
1002.0,30.0,0.963442
1002.0,31.0,1.0
1002.0,32.0,0.017041
1002.0,33.0,1.0
1002.0,34.0,0.836271
1002.0,35.0,0.766139
1002.0,36.0,0.828687
1003.0,0.0,0.537885
1003.0,1.0,0.650745
1003.0,2.0,1.0
1003.0,3.0,0.657914
1003.0,4.0,0.533637
1003.0,5.0,0.027511
1003.0,6.0,0.681698
1003.0,7.0,0.578801
1003.0,8.0,0.90985
1003.0,9.0,0.95337
1003.0,10.0,1.0
1003.0,11.0,0.963692
1003.0,12.0,0.215658
1003.0,13.0,1.0
1003.0,14.0,1.0
1003.0,15.0,0.791092
1003.0,16.0,0.500323
1003.0,17.0,0.418579
1003.0,18.0,0.806303
1003.0,19.0,0.926618
1003.0,20.0,0.999963
1003.0,21.0,0.334495
1003.0,22.0,0.999539
1003.0,23.0,0.99973
1003.0,24.0,0.905114
1003.0,25.0,1.0
1003.0,26.0,0.636828
1003.0,27.0,0.893893
1003.0,28.0,1.0
1003.0,29.0,0.760667
1003.0,30.0,0.964006
1003.0,31.0,1.0
1003.0,32.0,0.017389
1003.0,33.0,1.0
1003.0,34.0,0.837411
1003.0,35.0,0.7661
1003.0,36.0,0.82962
1004.0,0.0,0.545947
1004.0,1.0,0.661775
1004.0,2.0,1.0
1004.0,3.0,0.670172
1004.0,4.0,0.534928
1004.0,5.0,0.028609
1004.0,6.0,0.683347
1004.0,7.0,0.580883
1004.0,8.0,0.910961
1004.0,9.0,0.954048
1004.0,10.0,1.0
1004.0,11.0,0.964011
1004.0,12.0,0.217419
1004.0,13.0,1.0
1004.0,14.0,1.0
1004.0,15.0,0.791691
1004.0,16.0,0.503529
1004.0,17.0,0.424479
1004.0,18.0,0.806212
1004.0,19.0,0.927413
1004.0,20.0,0.999978
1004.0,21.0,0.336181
1004.0,22.0,0.999543
1004.0,23.0,0.999743
1004.0,24.0,0.905549
1004.0,25.0,1.0
1004.0,26.0,0.646567
1004.0,27.0,0.895154
1004.0,28.0,1.0
1004.0,29.0,0.771585
1004.0,30.0,0.964353
1004.0,31.0,1.0
1004.0,32.0,0.017783
1004.0,33.0,1.0
1004.0,34.0,0.838896
1004.0,35.0,0.765718
1004.0,36.0,0.830596
1005.0,0.0,0.554112
1005.0,1.0,0.673205
1005.0,2.0,1.0
1005.0,3.0,0.680343
1005.0,4.0,0.535415
1005.0,5.0,0.029661
1005.0,6.0,0.684919
1005.0,7.0,0.582478
1005.0,8.0,0.911706
1005.0,9.0,0.954722
1005.0,10.0,1.0
1005.0,11.0,0.964317
1005.0,12.0,0.218324
1005.0,13.0,1.0
1005.0,14.0,1.0
1005.0,15.0,0.792834
1005.0,16.0,0.506754
1005.0,17.0,0.431019
1005.0,18.0,0.80672
1005.0,19.0,0.928234
1005.0,20.0,0.999988
1005.0,21.0,0.33891
1005.0,22.0,0.999568
1005.0,23.0,0.999728
1005.0,24.0,0.905985
1005.0,25.0,1.0
1005.0,26.0,0.656504
1005.0,27.0,0.896595
1005.0,28.0,1.0
1005.0,29.0,0.781281
1005.0,30.0,0.964919
1005.0,31.0,1.0
1005.0,32.0,0.018211
1005.0,33.0,1.0
1005.0,34.0,0.839579
1005.0,35.0,0.76586
1005.0,36.0,0.831952
1006.0,0.0,0.562497
1006.0,1.0,0.685125
1006.0,2.0,1.0
1006.0,3.0,0.690513
1006.0,4.0,0.536836
1006.0,5.0,0.03088
1006.0,6.0,0.685563
1006.0,7.0,0.583952
1006.0,8.0,0.912546
1006.0,9.0,0.955327
1006.0,10.0,1.0
1006.0,11.0,0.96467
1006.0,12.0,0.220654
1006.0,13.0,1.0
1006.0,14.0,1.0
1006.0,15.0,0.793312
1006.0,16.0,0.508085
1006.0,17.0,0.437595
1006.0,18.0,0.806859
1006.0,19.0,0.928526
1006.0,20.0,0.99999
1006.0,21.0,0.34083
1006.0,22.0,0.999526
1006.0,23.0,0.999765
1006.0,24.0,0.905896
1006.0,25.0,1.0
1006.0,26.0,0.665588
1006.0,27.0,0.897956
1006.0,28.0,1.0
1006.0,29.0,0.79058
1006.0,30.0,0.965217
1006.0,31.0,1.0
1006.0,32.0,0.018705
1006.0,33.0,1.0
1006.0,34.0,0.840574
1006.0,35.0,0.765803
1006.0,36.0,0.832529
1007.0,0.0,0.570008
1007.0,1.0,0.695967
1007.0,2.0,1.0
1007.0,3.0,0.700741
1007.0,4.0,0.537707
1007.0,5.0,0.032025
1007.0,6.0,0.686702
1007.0,7.0,0.584937
1007.0,8.0,0.913032
1007.0,9.0,0.955814
1007.0,10.0,1.0
1007.0,11.0,0.965121
1007.0,12.0,0.222836
1007.0,13.0,1.0
1007.0,14.0,1.0
1007.0,15.0,0.794789
1007.0,16.0,0.510399
1007.0,17.0,0.443588
1007.0,18.0,0.806981
1007.0,19.0,0.928906
1007.0,20.0,0.999983
1007.0,21.0,0.343405
1007.0,22.0,0.999532
1007.0,23.0,0.999776
1007.0,24.0,0.905993
1007.0,25.0,1.0
1007.0,26.0,0.674027
1007.0,27.0,0.899379
1007.0,28.0,1.0
1007.0,29.0,0.799674
1007.0,30.0,0.965598
1007.0,31.0,1.0
1007.0,32.0,0.019217
1007.0,33.0,1.0
1007.0,34.0,0.84197
1007.0,35.0,0.766394
1007.0,36.0,0.832662
1008.0,0.0,0.578203
1008.0,1.0,0.706735
1008.0,2.0,1.0
1008.0,3.0,0.711181
1008.0,4.0,0.538645
1008.0,5.0,0.033435
1008.0,6.0,0.688534
1008.0,7.0,0.586035
1008.0,8.0,0.91437
1008.0,9.0,0.956491
1008.0,10.0,1.0
1008.0,11.0,0.965221
1008.0,12.0,0.223943
1008.0,13.0,1.0
1008.0,14.0,1.0
1008.0,15.0,0.796075
1008.0,16.0,0.512884
1008.0,17.0,0.44882
1008.0,18.0,0.806579
1008.0,19.0,0.929562
1008.0,20.0,0.999982
1008.0,21.0,0.345975
1008.0,22.0,0.999566
1008.0,23.0,0.999781
1008.0,24.0,0.906273
1008.0,25.0,1.0
1008.0,26.0,0.682732
1008.0,27.0,0.900775
1008.0,28.0,1.0
1008.0,29.0,0.808156
1008.0,30.0,0.966033
1008.0,31.0,1.0
1008.0,32.0,0.019661
1008.0,33.0,1.0
1008.0,34.0,0.843235
1008.0,35.0,0.76626
1008.0,36.0,0.833497
1009.0,0.0,0.542851
1009.0,1.0,0.659829
1009.0,2.0,1.0
1009.0,3.0,0.665352
1009.0,4.0,0.53402
1009.0,5.0,0.028312
1009.0,6.0,0.683445
1009.0,7.0,0.58044
1009.0,8.0,0.911078
1009.0,9.0,0.953885
1009.0,10.0,1.0
1009.0,11.0,0.963992
1009.0,12.0,0.21717
1009.0,13.0,1.0
1009.0,14.0,1.0
1009.0,15.0,0.792487
1009.0,16.0,0.503089
1009.0,17.0,0.423713
1009.0,18.0,0.804485
1009.0,19.0,0.927809
1009.0,20.0,0.999984
1009.0,21.0,0.336349
1009.0,22.0,0.999533
1009.0,23.0,0.999721
1009.0,24.0,0.905098
1009.0,25.0,1.0
1009.0,26.0,0.643881
1009.0,27.0,0.895446
1009.0,28.0,1.0
1009.0,29.0,0.766338
1009.0,30.0,0.964274
1009.0,31.0,1.0
1009.0,32.0,0.017634
1009.0,33.0,1.0
1009.0,34.0,0.840682
1009.0,35.0,0.765382
1009.0,36.0,0.829935
1010.0,0.0,0.510223
1010.0,1.0,0.616632
1010.0,2.0,1.0
1010.0,3.0,0.621599
1010.0,4.0,0.530233
1010.0,5.0,0.023942
1010.0,6.0,0.677771
1010.0,7.0,0.574399
1010.0,8.0,0.908108
1010.0,9.0,0.951364
1010.0,10.0,1.0
1010.0,11.0,0.962807
1010.0,12.0,0.210948
1010.0,13.0,1.0
1010.0,14.0,1.0
1010.0,15.0,0.789208
1010.0,16.0,0.493322
1010.0,17.0,0.399973
1010.0,18.0,0.803626
1010.0,19.0,0.926194
1010.0,20.0,0.99998
1010.0,21.0,0.327485
1010.0,22.0,0.999499
1010.0,23.0,0.999651
1010.0,24.0,0.904707
1010.0,25.0,1.0
1010.0,26.0,0.606701
1010.0,27.0,0.890254
1010.0,28.0,1.0
1010.0,29.0,0.721759
1010.0,30.0,0.962297
1010.0,31.0,1.0
1010.0,32.0,0.015597
1010.0,33.0,1.0
1010.0,34.0,0.837921
1010.0,35.0,0.76677
1010.0,36.0,0.826812
2000.0,0.0,0.515061
2000.0,1.0,0.606554
2000.0,2.0,1.0
2000.0,3.0,0.618021
2000.0,4.0,0.514554
2000.0,5.0,0.000911
2000.0,6.0,0.669746
2000.0,7.0,0.608677
2000.0,8.0,0.98125
2000.0,9.0,0.952938
2000.0,10.0,1.0
2000.0,11.0,0.996102
2000.0,12.0,0.127203
2000.0,13.0,1.0
2000.0,14.0,1.0
2000.0,15.0,0.900698
2000.0,16.0,0.490172
2000.0,17.0,0.393634
2000.0,18.0,0.85276
2000.0,19.0,0.989932
2000.0,20.0,1.0
2000.0,21.0,0.296059
2000.0,22.0,1.0
2000.0,23.0,1.0
2000.0,24.0,0.938199
2000.0,25.0,1.0
2000.0,26.0,0.604365
2000.0,27.0,0.981243
2000.0,28.0,1.0
2000.0,29.0,0.722398
2000.0,30.0,0.975195
2000.0,31.0,1.0
2000.0,32.0,0.001004
2000.0,33.0,1.0
2000.0,34.0,0.927268
2000.0,35.0,0.781171
2000.0,36.0,0.864135
2001.0,0.0,0.523386
2001.0,1.0,0.617853
2001.0,2.0,1.0
2001.0,3.0,0.630449
2001.0,4.0,0.515364
2001.0,5.0,0.000931
2001.0,6.0,0.670781
2001.0,7.0,0.609993
2001.0,8.0,0.981272
2001.0,9.0,0.954116
2001.0,10.0,1.0
2001.0,11.0,0.996081
2001.0,12.0,0.128345
2001.0,13.0,1.0
2001.0,14.0,1.0
2001.0,15.0,0.901231
2001.0,16.0,0.492574
2001.0,17.0,0.400074
2001.0,18.0,0.852004
2001.0,19.0,0.990059
2001.0,20.0,1.0
2001.0,21.0,0.297916
2001.0,22.0,1.0
2001.0,23.0,1.0
2001.0,24.0,0.938392
2001.0,25.0,1.0
2001.0,26.0,0.614995
2001.0,27.0,0.981557
2001.0,28.0,1.0
2001.0,29.0,0.736349
2001.0,30.0,0.975666
2001.0,31.0,1.0
2001.0,32.0,0.001017
2001.0,33.0,1.0
2001.0,34.0,0.928014
2001.0,35.0,0.779622
2001.0,36.0,0.865399
2002.0,0.0,0.532569
2002.0,1.0,0.62949
2002.0,2.0,1.0
2002.0,3.0,0.643236
2002.0,4.0,0.516584
2002.0,5.0,0.001001
2002.0,6.0,0.67119
2002.0,7.0,0.610629
2002.0,8.0,0.981567
2002.0,9.0,0.95514
2002.0,10.0,1.0
2002.0,11.0,0.996073
2002.0,12.0,0.128858
2002.0,13.0,1.0
2002.0,14.0,1.0
2002.0,15.0,0.901619
2002.0,16.0,0.494957
2002.0,17.0,0.406341
2002.0,18.0,0.85255
2002.0,19.0,0.99003
2002.0,20.0,1.0
2002.0,21.0,0.300053
2002.0,22.0,1.0
2002.0,23.0,1.0
2002.0,24.0,0.9383
2002.0,25.0,1.0
2002.0,26.0,0.625209
2002.0,27.0,0.981908
2002.0,28.0,1.0
2002.0,29.0,0.748997
2002.0,30.0,0.97575
2002.0,31.0,1.0
2002.0,32.0,0.001047
2002.0,33.0,1.0
2002.0,34.0,0.92828
2002.0,35.0,0.778719
2002.0,36.0,0.865959
2003.0,0.0,0.543095
2003.0,1.0,0.64143
2003.0,2.0,1.0
2003.0,3.0,0.655114
2003.0,4.0,0.517076
2003.0,5.0,0.001129
2003.0,6.0,0.671655
2003.0,7.0,0.612128
2003.0,8.0,0.981853
2003.0,9.0,0.955847
2003.0,10.0,1.0
2003.0,11.0,0.996078
2003.0,12.0,0.129857
2003.0,13.0,1.0
2003.0,14.0,1.0
2003.0,15.0,0.901697
2003.0,16.0,0.497527
2003.0,17.0,0.412906
2003.0,18.0,0.852602
2003.0,19.0,0.990206
2003.0,20.0,1.0
2003.0,21.0,0.302188
2003.0,22.0,1.0
2003.0,23.0,1.0
2003.0,24.0,0.938669
2003.0,25.0,1.0
2003.0,26.0,0.635092
2003.0,27.0,0.982129
2003.0,28.0,1.0
2003.0,29.0,0.760776
2003.0,30.0,0.976299
2003.0,31.0,1.0
2003.0,32.0,0.001075
2003.0,33.0,1.0
2003.0,34.0,0.92921
2003.0,35.0,0.776998
2003.0,36.0,0.866935
2004.0,0.0,0.551943
2004.0,1.0,0.65278
2004.0,2.0,1.0
2004.0,3.0,0.666605
2004.0,4.0,0.517682
2004.0,5.0,0.001191
2004.0,6.0,0.672627
2004.0,7.0,0.613966
2004.0,8.0,0.98219
2004.0,9.0,0.956045
2004.0,10.0,1.0
2004.0,11.0,0.9962
2004.0,12.0,0.129898
2004.0,13.0,1.0
2004.0,14.0,1.0
2004.0,15.0,0.902276
2004.0,16.0,0.499876
2004.0,17.0,0.418916
2004.0,18.0,0.852888
2004.0,19.0,0.990343
2004.0,20.0,1.0
2004.0,21.0,0.304463
2004.0,22.0,1.0
2004.0,23.0,1.0
2004.0,24.0,0.938734
2004.0,25.0,1.0
2004.0,26.0,0.645015
2004.0,27.0,0.982418
2004.0,28.0,1.0
2004.0,29.0,0.771639
2004.0,30.0,0.97673
2004.0,31.0,1.0
2004.0,32.0,0.001081
2004.0,33.0,1.0
2004.0,34.0,0.929745
2004.0,35.0,0.775892
2004.0,36.0,0.867877
2005.0,0.0,0.559862
2005.0,1.0,0.664214
2005.0,2.0,1.0
2005.0,3.0,0.67876
2005.0,4.0,0.518668
2005.0,5.0,0.001291
2005.0,6.0,0.674612
2005.0,7.0,0.615923
2005.0,8.0,0.982479
2005.0,9.0,0.95604
2005.0,10.0,1.0
2005.0,11.0,0.996248
2005.0,12.0,0.130006
2005.0,13.0,1.0
2005.0,14.0,1.0
2005.0,15.0,0.902628
2005.0,16.0,0.50291
2005.0,17.0,0.425507
2005.0,18.0,0.853692
2005.0,19.0,0.990358
2005.0,20.0,1.0
2005.0,21.0,0.306438
2005.0,22.0,1.0
2005.0,23.0,1.0
2005.0,24.0,0.938902
2005.0,25.0,1.0
2005.0,26.0,0.6541
2005.0,27.0,0.98282
2005.0,28.0,1.0
2005.0,29.0,0.781372
2005.0,30.0,0.976876
2005.0,31.0,1.0
2005.0,32.0,0.001168
2005.0,33.0,1.0
2005.0,34.0,0.93048
2005.0,35.0,0.775745
2005.0,36.0,0.869176
2006.0,0.0,0.568816
2006.0,1.0,0.675654
2006.0,2.0,1.0
2006.0,3.0,0.689427
2006.0,4.0,0.519484
2006.0,5.0,0.001379
2006.0,6.0,0.675494
2006.0,7.0,0.617604
2006.0,8.0,0.982784
2006.0,9.0,0.957031
2006.0,10.0,1.0
2006.0,11.0,0.996291
2006.0,12.0,0.130294
2006.0,13.0,1.0
2006.0,14.0,1.0
2006.0,15.0,0.90323
2006.0,16.0,0.505583
2006.0,17.0,0.431988
2006.0,18.0,0.854497
2006.0,19.0,0.990403
2006.0,20.0,1.0
2006.0,21.0,0.307886
2006.0,22.0,1.0
2006.0,23.0,1.0
2006.0,24.0,0.938941
2006.0,25.0,1.0
2006.0,26.0,0.663855
2006.0,27.0,0.983156
2006.0,28.0,1.0
2006.0,29.0,0.790858
2006.0,30.0,0.976993
2006.0,31.0,1.0
2006.0,32.0,0.001126
2006.0,33.0,1.0
2006.0,34.0,0.931378
2006.0,35.0,0.776086
2006.0,36.0,0.869546
2007.0,0.0,0.57585
2007.0,1.0,0.68663
2007.0,2.0,1.0
2007.0,3.0,0.699288
2007.0,4.0,0.520478
2007.0,5.0,0.00155
2007.0,6.0,0.677291
2007.0,7.0,0.619425
2007.0,8.0,0.982793
2007.0,9.0,0.95765
2007.0,10.0,1.0
2007.0,11.0,0.99632
2007.0,12.0,0.130319
2007.0,13.0,1.0
2007.0,14.0,1.0
2007.0,15.0,0.903579
2007.0,16.0,0.508664
2007.0,17.0,0.438024
2007.0,18.0,0.854698
2007.0,19.0,0.990547
2007.0,20.0,1.0
2007.0,21.0,0.309532
2007.0,22.0,1.0
2007.0,23.0,1.0
2007.0,24.0,0.93927
2007.0,25.0,1.0
2007.0,26.0,0.672923
2007.0,27.0,0.983527
2007.0,28.0,1.0
2007.0,29.0,0.79965
2007.0,30.0,0.977351
2007.0,31.0,1.0
2007.0,32.0,0.001124
2007.0,33.0,1.0
2007.0,34.0,0.931715
2007.0,35.0,0.775736
2007.0,36.0,0.870055
2008.0,0.0,0.583203
2008.0,1.0,0.697718
2008.0,2.0,1.0
2008.0,3.0,0.70923
2008.0,4.0,0.521455
2008.0,5.0,0.00158
2008.0,6.0,0.679216
2008.0,7.0,0.620609
2008.0,8.0,0.982993
2008.0,9.0,0.958135
2008.0,10.0,1.0
2008.0,11.0,0.99642
2008.0,12.0,0.130768
2008.0,13.0,1.0
2008.0,14.0,1.0
2008.0,15.0,0.903754
2008.0,16.0,0.511251
2008.0,17.0,0.444006
2008.0,18.0,0.854604
2008.0,19.0,0.990443
2008.0,20.0,1.0
2008.0,21.0,0.312837
2008.0,22.0,1.0
2008.0,23.0,1.0
2008.0,24.0,0.939333
2008.0,25.0,1.0
2008.0,26.0,0.681566
2008.0,27.0,0.983694
2008.0,28.0,1.0
2008.0,29.0,0.807222
2008.0,30.0,0.977602
2008.0,31.0,1.0
2008.0,32.0,0.001186
2008.0,33.0,1.0
2008.0,34.0,0.9323
2008.0,35.0,0.776116
2008.0,36.0,0.870965
2009.0,0.0,0.547284
2009.0,1.0,0.650117
2009.0,2.0,1.0
2009.0,3.0,0.662587
2009.0,4.0,0.517456
2009.0,5.0,0.001367
2009.0,6.0,0.673261
2009.0,7.0,0.613967
2009.0,8.0,0.982253
2009.0,9.0,0.95593
2009.0,10.0,1.0
2009.0,11.0,0.996234
2009.0,12.0,0.12701
2009.0,13.0,1.0
2009.0,14.0,1.0
2009.0,15.0,0.901464
2009.0,16.0,0.501517
2009.0,17.0,0.4191
2009.0,18.0,0.853815
2009.0,19.0,0.990221
2009.0,20.0,1.0
2009.0,21.0,0.303936
2009.0,22.0,1.0
2009.0,23.0,1.0
2009.0,24.0,0.938925
2009.0,25.0,1.0
2009.0,26.0,0.642538
2009.0,27.0,0.982829
2009.0,28.0,1.0
2009.0,29.0,0.764578
2009.0,30.0,0.976554
2009.0,31.0,1.0
2009.0,32.0,0.001095
2009.0,33.0,1.0
2009.0,34.0,0.930739
2009.0,35.0,0.777352
2009.0,36.0,0.868905
2010.0,0.0,0.51402
2010.0,1.0,0.607371
2010.0,2.0,1.0
2010.0,3.0,0.618081
2010.0,4.0,0.514447
2010.0,5.0,0.001087
2010.0,6.0,0.667957
2010.0,7.0,0.609254
2010.0,8.0,0.981818
2010.0,9.0,0.953693
2010.0,10.0,1.0
2010.0,11.0,0.996117
2010.0,12.0,0.123215
2010.0,13.0,1.0
2010.0,14.0,1.0
2010.0,15.0,0.899227
2010.0,16.0,0.491624
2010.0,17.0,0.394672
2010.0,18.0,0.852721
2010.0,19.0,0.989885
2010.0,20.0,1.0
2010.0,21.0,0.295556
2010.0,22.0,1.0
2010.0,23.0,1.0
2010.0,24.0,0.938711
2010.0,25.0,1.0
2010.0,26.0,0.605645
2010.0,27.0,0.981836
2010.0,28.0,1.0
2010.0,29.0,0.719981
2010.0,30.0,0.975589
2010.0,31.0,1.0
2010.0,32.0,0.001006
2010.0,33.0,1.0
2010.0,34.0,0.929229
2010.0,35.0,0.780845
2010.0,36.0,0.866528
3000.0,0.0,0.50477
3000.0,1.0,0.609252
3000.0,2.0,1.0
3000.0,3.0,0.613982
3000.0,4.0,0.52506
3000.0,5.0,0.0
3000.0,6.0,0.686273
3000.0,7.0,0.648338
3000.0,8.0,0.996421
3000.0,9.0,0.955845
3000.0,10.0,1.0
3000.0,11.0,0.999513
3000.0,12.0,0.089323
3000.0,13.0,1.0
3000.0,14.0,1.0
3000.0,15.0,0.945705
3000.0,16.0,0.481674
3000.0,17.0,0.399772
3000.0,18.0,0.848276
3000.0,19.0,0.997786
3000.0,20.0,1.0
3000.0,21.0,0.287552
3000.0,22.0,1.0
3000.0,23.0,1.0
3000.0,24.0,0.958208
3000.0,25.0,1.0
3000.0,26.0,0.602446
3000.0,27.0,0.99742
3000.0,28.0,1.0
3000.0,29.0,0.720185
3000.0,30.0,0.9823
3000.0,31.0,1.0
3000.0,32.0,0.000326
3000.0,33.0,1.0
3000.0,34.0,0.97182
3000.0,35.0,0.778848
3000.0,36.0,0.880602
3001.0,0.0,0.513892
3001.0,1.0,0.621291
3001.0,2.0,1.0
3001.0,3.0,0.62637
3001.0,4.0,0.525615
3001.0,5.0,0.0
3001.0,6.0,0.687393
3001.0,7.0,0.649391
3001.0,8.0,0.996453
3001.0,9.0,0.956196
3001.0,10.0,1.0
3001.0,11.0,0.99955
3001.0,12.0,0.089822
3001.0,13.0,1.0
3001.0,14.0,1.0
3001.0,15.0,0.945778
3001.0,16.0,0.483857
3001.0,17.0,0.405109
3001.0,18.0,0.848392
3001.0,19.0,0.99766
3001.0,20.0,1.0
3001.0,21.0,0.290431
3001.0,22.0,1.0
3001.0,23.0,1.0
3001.0,24.0,0.958
3001.0,25.0,1.0
3001.0,26.0,0.612845
3001.0,27.0,0.997435
3001.0,28.0,1.0
3001.0,29.0,0.734405
3001.0,30.0,0.98253
3001.0,31.0,1.0
3001.0,32.0,0.00033
3001.0,33.0,1.0
3001.0,34.0,0.972092
3001.0,35.0,0.776709
3001.0,36.0,0.881654
3002.0,0.0,0.523193
3002.0,1.0,0.633434
3002.0,2.0,1.0
3002.0,3.0,0.639297
3002.0,4.0,0.526475
3002.0,5.0,0.0
3002.0,6.0,0.68867
3002.0,7.0,0.651094
3002.0,8.0,0.996582
3002.0,9.0,0.95697
3002.0,10.0,1.0
3002.0,11.0,0.999528
3002.0,12.0,0.090269
3002.0,13.0,1.0
3002.0,14.0,1.0
3002.0,15.0,0.946412
3002.0,16.0,0.485709
3002.0,17.0,0.411396
3002.0,18.0,0.848514
3002.0,19.0,0.997665
3002.0,20.0,1.0
3002.0,21.0,0.292633
3002.0,22.0,1.0
3002.0,23.0,1.0
3002.0,24.0,0.958209
3002.0,25.0,1.0
3002.0,26.0,0.622832
3002.0,27.0,0.997382
3002.0,28.0,1.0
3002.0,29.0,0.747553
3002.0,30.0,0.982787
3002.0,31.0,1.0
3002.0,32.0,0.000334
3002.0,33.0,1.0
3002.0,34.0,0.972454
3002.0,35.0,0.775446
3002.0,36.0,0.882487
3003.0,0.0,0.531653
3003.0,1.0,0.645346
3003.0,2.0,1.0
3003.0,3.0,0.650918
3003.0,4.0,0.527556
3003.0,5.0,0.0
3003.0,6.0,0.689907
3003.0,7.0,0.652998
3003.0,8.0,0.996599
3003.0,9.0,0.957355
3003.0,10.0,1.0
3003.0,11.0,0.999508
3003.0,12.0,0.090981
3003.0,13.0,1.0
3003.0,14.0,1.0
3003.0,15.0,0.946821
3003.0,16.0,0.48885
3003.0,17.0,0.417324
3003.0,18.0,0.848712
3003.0,19.0,0.997736
3003.0,20.0,1.0
3003.0,21.0,0.293809
3003.0,22.0,1.0
3003.0,23.0,1.0
3003.0,24.0,0.958408
3003.0,25.0,1.0
3003.0,26.0,0.632579
3003.0,27.0,0.997434
3003.0,28.0,1.0
3003.0,29.0,0.760176
3003.0,30.0,0.983035
3003.0,31.0,1.0
3003.0,32.0,0.000336
3003.0,33.0,1.0
3003.0,34.0,0.972735
3003.0,35.0,0.774539
3003.0,36.0,0.883013
3004.0,0.0,0.541606
3004.0,1.0,0.657185
3004.0,2.0,1.0
3004.0,3.0,0.662777
3004.0,4.0,0.528461
3004.0,5.0,0.0
3004.0,6.0,0.691373
3004.0,7.0,0.654961
3004.0,8.0,0.996654
3004.0,9.0,0.957604
3004.0,10.0,1.0
3004.0,11.0,0.999517
3004.0,12.0,0.091708
3004.0,13.0,1.0
3004.0,14.0,1.0
3004.0,15.0,0.947079
3004.0,16.0,0.490328
3004.0,17.0,0.423697
3004.0,18.0,0.849239
3004.0,19.0,0.997753
3004.0,20.0,1.0
3004.0,21.0,0.295933
3004.0,22.0,1.0
3004.0,23.0,1.0
3004.0,24.0,0.957978
3004.0,25.0,1.0
3004.0,26.0,0.642855
3004.0,27.0,0.997454
3004.0,28.0,1.0
3004.0,29.0,0.771224
3004.0,30.0,0.983323
3004.0,31.0,1.0
3004.0,32.0,0.00034
3004.0,33.0,1.0
3004.0,34.0,0.972952
3004.0,35.0,0.774073
3004.0,36.0,0.883312
3005.0,0.0,0.549494
3005.0,1.0,0.668421
3005.0,2.0,1.0
3005.0,3.0,0.674502
3005.0,4.0,0.528862
3005.0,5.0,0.0
3005.0,6.0,0.692098
3005.0,7.0,0.656311
3005.0,8.0,0.996674
3005.0,9.0,0.958428
3005.0,10.0,1.0
3005.0,11.0,0.999543
3005.0,12.0,0.09256
3005.0,13.0,1.0
3005.0,14.0,1.0
3005.0,15.0,0.947709
3005.0,16.0,0.492604
3005.0,17.0,0.430067
3005.0,18.0,0.849406
3005.0,19.0,0.997772
3005.0,20.0,1.0
3005.0,21.0,0.298182
3005.0,22.0,1.0
3005.0,23.0,1.0
3005.0,24.0,0.958161
3005.0,25.0,1.0
3005.0,26.0,0.652901
3005.0,27.0,0.997496
3005.0,28.0,1.0
3005.0,29.0,0.782233
3005.0,30.0,0.983703
3005.0,31.0,1.0
3005.0,32.0,0.00035
3005.0,33.0,1.0
3005.0,34.0,0.973024
3005.0,35.0,0.773119
3005.0,36.0,0.883043
3006.0,0.0,0.557827
3006.0,1.0,0.679452
3006.0,2.0,1.0
3006.0,3.0,0.685144
3006.0,4.0,0.530079
3006.0,5.0,0.0
3006.0,6.0,0.693895
3006.0,7.0,0.656512
3006.0,8.0,0.996636
3006.0,9.0,0.958763
3006.0,10.0,1.0
3006.0,11.0,0.999582
3006.0,12.0,0.093531
3006.0,13.0,1.0
3006.0,14.0,1.0
3006.0,15.0,0.948346
3006.0,16.0,0.495062
3006.0,17.0,0.435941
3006.0,18.0,0.849723
3006.0,19.0,0.997744
3006.0,20.0,1.0
3006.0,21.0,0.300234
3006.0,22.0,1.0
3006.0,23.0,1.0
3006.0,24.0,0.958201
3006.0,25.0,1.0
3006.0,26.0,0.661172
3006.0,27.0,0.99748
3006.0,28.0,1.0
3006.0,29.0,0.791577
3006.0,30.0,0.983758
3006.0,31.0,1.0
3006.0,32.0,0.000358
3006.0,33.0,1.0
3006.0,34.0,0.973231
3006.0,35.0,0.772699
3006.0,36.0,0.883509
3007.0,0.0,0.565611
3007.0,1.0,0.691431
3007.0,2.0,1.0
3007.0,3.0,0.695177
3007.0,4.0,0.531016
3007.0,5.0,0.0
3007.0,6.0,0.695127
3007.0,7.0,0.658342
3007.0,8.0,0.996768
3007.0,9.0,0.959239
3007.0,10.0,1.0
3007.0,11.0,0.999586
3007.0,12.0,0.094422
3007.0,13.0,1.0
3007.0,14.0,1.0
3007.0,15.0,0.948682
3007.0,16.0,0.497471
3007.0,17.0,0.442747
3007.0,18.0,0.85038
3007.0,19.0,0.997714
3007.0,20.0,1.0
3007.0,21.0,0.302716
3007.0,22.0,1.0
3007.0,23.0,1.0
3007.0,24.0,0.958701
3007.0,25.0,1.0
3007.0,26.0,0.670925
3007.0,27.0,0.997606
3007.0,28.0,1.0
3007.0,29.0,0.800387
3007.0,30.0,0.98385
3007.0,31.0,1.0
3007.0,32.0,0.000401
3007.0,33.0,1.0
3007.0,34.0,0.973586
3007.0,35.0,0.773177
3007.0,36.0,0.884367
3008.0,0.0,0.574216
3008.0,1.0,0.702776
3008.0,2.0,1.0
3008.0,3.0,0.70459
3008.0,4.0,0.532307
3008.0,5.0,0.0
3008.0,6.0,0.696265
3008.0,7.0,0.659514
3008.0,8.0,0.996832
3008.0,9.0,0.959927
3008.0,10.0,1.0
3008.0,11.0,0.999623
3008.0,12.0,0.095387
3008.0,13.0,1.0
3008.0,14.0,1.0
3008.0,15.0,0.949446
3008.0,16.0,0.500046
3008.0,17.0,0.448572
3008.0,18.0,0.850261
3008.0,19.0,0.99775
3008.0,20.0,1.0
3008.0,21.0,0.305667
3008.0,22.0,1.0
3008.0,23.0,1.0
3008.0,24.0,0.958621
3008.0,25.0,1.0
3008.0,26.0,0.67974
3008.0,27.0,0.997545
3008.0,28.0,1.0
3008.0,29.0,0.807754
3008.0,30.0,0.984165
3008.0,31.0,1.0
3008.0,32.0,0.00041
3008.0,33.0,1.0
3008.0,34.0,0.973679
3008.0,35.0,0.772749
3008.0,36.0,0.884943
3009.0,0.0,0.538483
3009.0,1.0,0.655924
3009.0,2.0,1.0
3009.0,3.0,0.658731
3009.0,4.0,0.52786
3009.0,5.0,0.0
3009.0,6.0,0.690537
3009.0,7.0,0.653952
3009.0,8.0,0.99668
3009.0,9.0,0.957735
3009.0,10.0,1.0
3009.0,11.0,0.999608
3009.0,12.0,0.093412
3009.0,13.0,1.0
3009.0,14.0,1.0
3009.0,15.0,0.948138
3009.0,16.0,0.489469
3009.0,17.0,0.423837
3009.0,18.0,0.849891
3009.0,19.0,0.997642
3009.0,20.0,1.0
3009.0,21.0,0.296385
3009.0,22.0,1.0
3009.0,23.0,1.0
3009.0,24.0,0.958317
3009.0,25.0,1.0
3009.0,26.0,0.640455
3009.0,27.0,0.997365
3009.0,28.0,1.0
3009.0,29.0,0.765357
3009.0,30.0,0.983315
3009.0,31.0,1.0
3009.0,32.0,0.000335
3009.0,33.0,1.0
3009.0,34.0,0.973263
3009.0,35.0,0.775173
3009.0,36.0,0.882712
3010.0,0.0,0.505224
3010.0,1.0,0.611683
3010.0,2.0,1.0
3010.0,3.0,0.614537
3010.0,4.0,0.523315
3010.0,5.0,0.0
3010.0,6.0,0.685017
3010.0,7.0,0.648699
3010.0,8.0,0.996557
3010.0,9.0,0.955439
3010.0,10.0,1.0
3010.0,11.0,0.999598
3010.0,12.0,0.090965
3010.0,13.0,1.0
3010.0,14.0,1.0
3010.0,15.0,0.946947
3010.0,16.0,0.480118
3010.0,17.0,0.399577
3010.0,18.0,0.848882
3010.0,19.0,0.997496
3010.0,20.0,1.0
3010.0,21.0,0.288526
3010.0,22.0,1.0
3010.0,23.0,1.0
3010.0,24.0,0.957951
3010.0,25.0,1.0
3010.0,26.0,0.603132
3010.0,27.0,0.997269
3010.0,28.0,1.0
3010.0,29.0,0.721085
3010.0,30.0,0.982526
3010.0,31.0,1.0
3010.0,32.0,0.000296
3010.0,33.0,1.0
3010.0,34.0,0.972845
3010.0,35.0,0.779267
3010.0,36.0,0.880006
4000.0,0.0,0.501592
4000.0,1.0,0.598016
4000.0,2.0,1.0
4000.0,3.0,0.613808
4000.0,4.0,0.530493
4000.0,5.0,0.0
4000.0,6.0,0.686409
4000.0,7.0,0.678295
4000.0,8.0,0.999766
4000.0,9.0,0.959008
4000.0,10.0,1.0
4000.0,11.0,1.0
4000.0,12.0,0.074218
4000.0,13.0,1.0
4000.0,14.0,1.0
4000.0,15.0,0.978027
4000.0,16.0,0.478575
4000.0,17.0,0.388497
4000.0,18.0,0.85935
4000.0,19.0,0.999542
4000.0,20.0,1.0
4000.0,21.0,0.2981
4000.0,22.0,1.0
4000.0,23.0,1.0
4000.0,24.0,0.960168
4000.0,25.0,1.0
4000.0,26.0,0.60386
4000.0,27.0,0.99999
4000.0,28.0,1.0
4000.0,29.0,0.723635
4000.0,30.0,0.980977
4000.0,31.0,1.0
4000.0,32.0,0.000104
4000.0,33.0,1.0
4000.0,34.0,0.986444
4000.0,35.0,0.777818
4000.0,36.0,0.875379
4001.0,0.0,0.510704
4001.0,1.0,0.610185
4001.0,2.0,1.0
4001.0,3.0,0.625857
4001.0,4.0,0.531506
4001.0,5.0,0.0
4001.0,6.0,0.68654
4001.0,7.0,0.679094
4001.0,8.0,0.999737
4001.0,9.0,0.959401
4001.0,10.0,1.0
4001.0,11.0,1.0
4001.0,12.0,0.074563
4001.0,13.0,1.0
4001.0,14.0,1.0
4001.0,15.0,0.978285
4001.0,16.0,0.481158
4001.0,17.0,0.39413
4001.0,18.0,0.859762
4001.0,19.0,0.999549
4001.0,20.0,1.0
4001.0,21.0,0.300462
4001.0,22.0,1.0
4001.0,23.0,1.0
4001.0,24.0,0.960356
4001.0,25.0,1.0
4001.0,26.0,0.61435
4001.0,27.0,0.999991
4001.0,28.0,1.0
4001.0,29.0,0.736716
4001.0,30.0,0.981126
4001.0,31.0,1.0
4001.0,32.0,0.000103
4001.0,33.0,1.0
4001.0,34.0,0.986627
4001.0,35.0,0.776063
4001.0,36.0,0.875755
4002.0,0.0,0.519633
4002.0,1.0,0.621412
4002.0,2.0,1.0
4002.0,3.0,0.638546
4002.0,4.0,0.532301
4002.0,5.0,0.0
4002.0,6.0,0.687182
4002.0,7.0,0.680509
4002.0,8.0,0.999744
4002.0,9.0,0.959982
4002.0,10.0,1.0
4002.0,11.0,1.0
4002.0,12.0,0.074531
4002.0,13.0,1.0
4002.0,14.0,1.0
4002.0,15.0,0.978409
4002.0,16.0,0.483624
4002.0,17.0,0.399732
4002.0,18.0,0.859605
4002.0,19.0,0.999543
4002.0,20.0,1.0
4002.0,21.0,0.302273
4002.0,22.0,1.0
4002.0,23.0,1.0
4002.0,24.0,0.960395
4002.0,25.0,1.0
4002.0,26.0,0.624572
4002.0,27.0,0.999988
4002.0,28.0,1.0
4002.0,29.0,0.749628
4002.0,30.0,0.981332
4002.0,31.0,1.0
4002.0,32.0,0.000114
4002.0,33.0,1.0
4002.0,34.0,0.986724
4002.0,35.0,0.774654
4002.0,36.0,0.875693
4003.0,0.0,0.528143
4003.0,1.0,0.632992
4003.0,2.0,1.0
4003.0,3.0,0.6506
4003.0,4.0,0.533734
4003.0,5.0,0.0
4003.0,6.0,0.68923
4003.0,7.0,0.681267
4003.0,8.0,0.999765
4003.0,9.0,0.960491
4003.0,10.0,1.0
4003.0,11.0,1.0
4003.0,12.0,0.075059
4003.0,13.0,1.0
4003.0,14.0,1.0
4003.0,15.0,0.978909
4003.0,16.0,0.486714
4003.0,17.0,0.405393
4003.0,18.0,0.859702
4003.0,19.0,0.99952
4003.0,20.0,1.0
4003.0,21.0,0.303525
4003.0,22.0,1.0
4003.0,23.0,1.0
4003.0,24.0,0.960484
4003.0,25.0,1.0
4003.0,26.0,0.635704
4003.0,27.0,0.999984
4003.0,28.0,1.0
4003.0,29.0,0.76263
4003.0,30.0,0.981455
4003.0,31.0,1.0
4003.0,32.0,0.000127
4003.0,33.0,1.0
4003.0,34.0,0.987022
4003.0,35.0,0.773151
4003.0,36.0,0.87602
4004.0,0.0,0.537407
4004.0,1.0,0.644828
4004.0,2.0,1.0
4004.0,3.0,0.661666
4004.0,4.0,0.535647
4004.0,5.0,0.0
4004.0,6.0,0.690389
4004.0,7.0,0.681841
4004.0,8.0,0.999768
4004.0,9.0,0.961269
4004.0,10.0,1.0
4004.0,11.0,1.0
4004.0,12.0,0.07534
4004.0,13.0,1.0
4004.0,14.0,1.0
4004.0,15.0,0.979091
4004.0,16.0,0.490045
4004.0,17.0,0.410316
4004.0,18.0,0.860391
4004.0,19.0,0.99949
4004.0,20.0,1.0
4004.0,21.0,0.305626
4004.0,22.0,1.0
4004.0,23.0,1.0
4004.0,24.0,0.960462
4004.0,25.0,1.0
4004.0,26.0,0.645691
4004.0,27.0,0.999988
4004.0,28.0,1.0
4004.0,29.0,0.773575
4004.0,30.0,0.981927
4004.0,31.0,1.0
4004.0,32.0,0.000114
4004.0,33.0,1.0
4004.0,34.0,0.986953
4004.0,35.0,0.772187
4004.0,36.0,0.876257
4005.0,0.0,0.545961
4005.0,1.0,0.655463
4005.0,2.0,1.0
4005.0,3.0,0.672668
4005.0,4.0,0.537052
4005.0,5.0,0.0
4005.0,6.0,0.691417
4005.0,7.0,0.682618
4005.0,8.0,0.999762
4005.0,9.0,0.96168
4005.0,10.0,1.0
4005.0,11.0,1.0
4005.0,12.0,0.076135
4005.0,13.0,1.0
4005.0,14.0,1.0
4005.0,15.0,0.979402
4005.0,16.0,0.492147
4005.0,17.0,0.415618
4005.0,18.0,0.860651
4005.0,19.0,0.999491
4005.0,20.0,1.0
4005.0,21.0,0.307783
4005.0,22.0,1.0
4005.0,23.0,1.0
4005.0,24.0,0.960594
4005.0,25.0,1.0
4005.0,26.0,0.655346
4005.0,27.0,0.999992
4005.0,28.0,1.0
4005.0,29.0,0.783096
4005.0,30.0,0.982136
4005.0,31.0,1.0
4005.0,32.0,0.000114
4005.0,33.0,1.0
4005.0,34.0,0.987278
4005.0,35.0,0.772117
4005.0,36.0,0.876864
4006.0,0.0,0.554666
4006.0,1.0,0.667054
4006.0,2.0,1.0
4006.0,3.0,0.683086
4006.0,4.0,0.538271
4006.0,5.0,0.0
4006.0,6.0,0.693183
4006.0,7.0,0.683926
4006.0,8.0,0.999758
4006.0,9.0,0.962259
4006.0,10.0,1.0
4006.0,11.0,1.0
4006.0,12.0,0.076559
4006.0,13.0,1.0
4006.0,14.0,1.0
4006.0,15.0,0.979396
4006.0,16.0,0.49475
4006.0,17.0,0.421327
4006.0,18.0,0.861273
4006.0,19.0,0.999485
4006.0,20.0,1.0
4006.0,21.0,0.310233
4006.0,22.0,1.0
4006.0,23.0,1.0
4006.0,24.0,0.960567
4006.0,25.0,1.0
4006.0,26.0,0.664346
4006.0,27.0,0.999994
4006.0,28.0,1.0
4006.0,29.0,0.79259
4006.0,30.0,0.982583
4006.0,31.0,1.0
4006.0,32.0,0.000114
4006.0,33.0,1.0
4006.0,34.0,0.987483
4006.0,35.0,0.771663
4006.0,36.0,0.877657
4007.0,0.0,0.563216
4007.0,1.0,0.67904
4007.0,2.0,1.0
4007.0,3.0,0.693063
4007.0,4.0,0.539235
4007.0,5.0,0.0
4007.0,6.0,0.695087
4007.0,7.0,0.685966
4007.0,8.0,0.999763
4007.0,9.0,0.962893
4007.0,10.0,1.0
4007.0,11.0,1.0
4007.0,12.0,0.076929
4007.0,13.0,1.0
4007.0,14.0,1.0
4007.0,15.0,0.979364
4007.0,16.0,0.497536
4007.0,17.0,0.427952
4007.0,18.0,0.861102
4007.0,19.0,0.999511
4007.0,20.0,1.0
4007.0,21.0,0.312616
4007.0,22.0,1.0
4007.0,23.0,1.0
4007.0,24.0,0.960405
4007.0,25.0,1.0
4007.0,26.0,0.673083
4007.0,27.0,0.999998
4007.0,28.0,1.0
4007.0,29.0,0.80061
4007.0,30.0,0.982752
4007.0,31.0,1.0
4007.0,32.0,0.00012
4007.0,33.0,1.0
4007.0,34.0,0.987438
4007.0,35.0,0.771837
4007.0,36.0,0.878138
4008.0,0.0,0.571717
4008.0,1.0,0.689918
4008.0,2.0,1.0
4008.0,3.0,0.702315
4008.0,4.0,0.540303
4008.0,5.0,0.0
4008.0,6.0,0.696699
4008.0,7.0,0.687142
4008.0,8.0,0.999766
4008.0,9.0,0.963245
4008.0,10.0,1.0
4008.0,11.0,1.0
4008.0,12.0,0.077493
4008.0,13.0,1.0
4008.0,14.0,1.0
4008.0,15.0,0.979425
4008.0,16.0,0.49979
4008.0,17.0,0.4341
4008.0,18.0,0.860804
4008.0,19.0,0.999488
4008.0,20.0,1.0
4008.0,21.0,0.314154
4008.0,22.0,1.0
4008.0,23.0,1.0
4008.0,24.0,0.960667
4008.0,25.0,1.0
4008.0,26.0,0.68149
4008.0,27.0,1.0
4008.0,28.0,1.0
4008.0,29.0,0.808174
4008.0,30.0,0.983105
4008.0,31.0,1.0
4008.0,32.0,9.0e-05
4008.0,33.0,1.0
4008.0,34.0,0.987451
4008.0,35.0,0.772038
4008.0,36.0,0.879591
4009.0,0.0,0.536192
4009.0,1.0,0.643699
4009.0,2.0,1.0
4009.0,3.0,0.65636
4009.0,4.0,0.535461
4009.0,5.0,0.0
4009.0,6.0,0.690965
4009.0,7.0,0.682444
4009.0,8.0,0.999752
4009.0,9.0,0.961217
4009.0,10.0,1.0
4009.0,11.0,1.0
4009.0,12.0,0.075273
4009.0,13.0,1.0
4009.0,14.0,1.0
4009.0,15.0,0.978815
4009.0,16.0,0.48918
4009.0,17.0,0.409009
4009.0,18.0,0.859781
4009.0,19.0,0.999451
4009.0,20.0,1.0
4009.0,21.0,0.305391
4009.0,22.0,1.0
4009.0,23.0,1.0
4009.0,24.0,0.960618
4009.0,25.0,1.0
4009.0,26.0,0.642481
4009.0,27.0,1.0
4009.0,28.0,1.0
4009.0,29.0,0.765776
4009.0,30.0,0.981984
4009.0,31.0,1.0
4009.0,32.0,7.2e-05
4009.0,33.0,1.0
4009.0,34.0,0.987188
4009.0,35.0,0.774093
4009.0,36.0,0.87697
4010.0,0.0,0.503029
4010.0,1.0,0.599891
4010.0,2.0,1.0
4010.0,3.0,0.612135
4010.0,4.0,0.531114
4010.0,5.0,0.0
4010.0,6.0,0.685074
4010.0,7.0,0.677846
4010.0,8.0,0.999767
4010.0,9.0,0.95909
4010.0,10.0,1.0
4010.0,11.0,1.0
4010.0,12.0,0.073156
4010.0,13.0,1.0
4010.0,14.0,1.0
4010.0,15.0,0.978297
4010.0,16.0,0.480578
4010.0,17.0,0.386411
4010.0,18.0,0.85886
4010.0,19.0,0.999458
4010.0,20.0,1.0
4010.0,21.0,0.297753
4010.0,22.0,1.0
4010.0,23.0,1.0
4010.0,24.0,0.960437
4010.0,25.0,1.0
4010.0,26.0,0.605534
4010.0,27.0,1.0
4010.0,28.0,1.0
4010.0,29.0,0.721954
4010.0,30.0,0.98132
4010.0,31.0,1.0
4010.0,32.0,6.7e-05
4010.0,33.0,1.0
4010.0,34.0,0.987078
4010.0,35.0,0.778144
4010.0,36.0,0.873818
5000.0,0.0,0.502389
5000.0,1.0,0.607432
5000.0,2.0,1.0
5000.0,3.0,0.613434
5000.0,4.0,0.52243
5000.0,5.0,0.0
5000.0,6.0,0.670897
5000.0,7.0,0.742653
5000.0,8.0,1.0
5000.0,9.0,0.958347
5000.0,10.0,1.0
5000.0,11.0,1.0
5000.0,12.0,0.049249
5000.0,13.0,1.0
5000.0,14.0,1.0
5000.0,15.0,0.988949
5000.0,16.0,0.472545
5000.0,17.0,0.388815
5000.0,18.0,0.856192
5000.0,19.0,0.999549
5000.0,20.0,1.0
5000.0,21.0,0.285284
5000.0,22.0,1.0
5000.0,23.0,1.0
5000.0,24.0,0.963127
5000.0,25.0,1.0
5000.0,26.0,0.606682
5000.0,27.0,1.0
5000.0,28.0,1.0
5000.0,29.0,0.720496
5000.0,30.0,0.989983
5000.0,31.0,1.0
5000.0,32.0,0.0
5000.0,33.0,1.0
5000.0,34.0,0.991033
5000.0,35.0,0.780749
5000.0,36.0,0.862054
5001.0,0.0,0.511297
5001.0,1.0,0.619036
5001.0,2.0,1.0
5001.0,3.0,0.62507
5001.0,4.0,0.522647
5001.0,5.0,0.0
5001.0,6.0,0.672281
5001.0,7.0,0.743629
5001.0,8.0,1.0
5001.0,9.0,0.958713
5001.0,10.0,1.0
5001.0,11.0,1.0
5001.0,12.0,0.049433
5001.0,13.0,1.0
5001.0,14.0,1.0
5001.0,15.0,0.988872
5001.0,16.0,0.474883
5001.0,17.0,0.394281
5001.0,18.0,0.856616
5001.0,19.0,0.999561
5001.0,20.0,1.0
5001.0,21.0,0.286294
5001.0,22.0,1.0
5001.0,23.0,1.0
5001.0,24.0,0.963283
5001.0,25.0,1.0
5001.0,26.0,0.616859
5001.0,27.0,1.0
5001.0,28.0,1.0
5001.0,29.0,0.734311
5001.0,30.0,0.990084
5001.0,31.0,1.0
5001.0,32.0,0.0
5001.0,33.0,1.0
5001.0,34.0,0.991079
5001.0,35.0,0.778339
5001.0,36.0,0.862908
5002.0,0.0,0.520495
5002.0,1.0,0.629837
5002.0,2.0,1.0
5002.0,3.0,0.637236
5002.0,4.0,0.524378
5002.0,5.0,0.0
5002.0,6.0,0.674357
5002.0,7.0,0.745052
5002.0,8.0,1.0
5002.0,9.0,0.959136
5002.0,10.0,1.0
5002.0,11.0,1.0
5002.0,12.0,0.049731
5002.0,13.0,1.0
5002.0,14.0,1.0
5002.0,15.0,0.988847
5002.0,16.0,0.477797
5002.0,17.0,0.401413
5002.0,18.0,0.856659
5002.0,19.0,0.999586
5002.0,20.0,1.0
5002.0,21.0,0.288571
5002.0,22.0,1.0
5002.0,23.0,1.0
5002.0,24.0,0.963497
5002.0,25.0,1.0
5002.0,26.0,0.626736
5002.0,27.0,1.0
5002.0,28.0,1.0
5002.0,29.0,0.746648
5002.0,30.0,0.990284
5002.0,31.0,1.0
5002.0,32.0,0.0
5002.0,33.0,1.0
5002.0,34.0,0.991268
5002.0,35.0,0.776331
5002.0,36.0,0.864281
5003.0,0.0,0.52967
5003.0,1.0,0.641412
5003.0,2.0,1.0
5003.0,3.0,0.649674
5003.0,4.0,0.524253
5003.0,5.0,0.0
5003.0,6.0,0.675822
5003.0,7.0,0.744856
5003.0,8.0,1.0
5003.0,9.0,0.959539
5003.0,10.0,1.0
5003.0,11.0,1.0
5003.0,12.0,0.05026
5003.0,13.0,1.0
5003.0,14.0,1.0
5003.0,15.0,0.989014
5003.0,16.0,0.480269
5003.0,17.0,0.407523
5003.0,18.0,0.856906
5003.0,19.0,0.999633
5003.0,20.0,1.0
5003.0,21.0,0.290197
5003.0,22.0,1.0
5003.0,23.0,1.0
5003.0,24.0,0.963551
5003.0,25.0,1.0
5003.0,26.0,0.636432
5003.0,27.0,1.0
5003.0,28.0,1.0
5003.0,29.0,0.75844
5003.0,30.0,0.990438
5003.0,31.0,1.0
5003.0,32.0,0.0
5003.0,33.0,1.0
5003.0,34.0,0.991178
5003.0,35.0,0.775016
5003.0,36.0,0.865145
5004.0,0.0,0.537879
5004.0,1.0,0.652854
5004.0,2.0,1.0
5004.0,3.0,0.661201
5004.0,4.0,0.524842
5004.0,5.0,0.0
5004.0,6.0,0.677125
5004.0,7.0,0.745988
5004.0,8.0,1.0
5004.0,9.0,0.960074
5004.0,10.0,1.0
5004.0,11.0,1.0
5004.0,12.0,0.050503
5004.0,13.0,1.0
5004.0,14.0,1.0
5004.0,15.0,0.989079
5004.0,16.0,0.482372
5004.0,17.0,0.413429
5004.0,18.0,0.857317
5004.0,19.0,0.999636
5004.0,20.0,1.0
5004.0,21.0,0.292934
5004.0,22.0,1.0
5004.0,23.0,1.0
5004.0,24.0,0.963682
5004.0,25.0,1.0
5004.0,26.0,0.646564
5004.0,27.0,1.0
5004.0,28.0,1.0
5004.0,29.0,0.769105
5004.0,30.0,0.990697
5004.0,31.0,1.0
5004.0,32.0,0.0
5004.0,33.0,1.0
5004.0,34.0,0.991277
5004.0,35.0,0.774467
5004.0,36.0,0.865926
5005.0,0.0,0.54603
5005.0,1.0,0.664344
5005.0,2.0,1.0
5005.0,3.0,0.672718
5005.0,4.0,0.52607
5005.0,5.0,0.0
5005.0,6.0,0.678442
5005.0,7.0,0.746955
5005.0,8.0,1.0
5005.0,9.0,0.960842
5005.0,10.0,1.0
5005.0,11.0,1.0
5005.0,12.0,0.05075
5005.0,13.0,1.0
5005.0,14.0,1.0
5005.0,15.0,0.989166
5005.0,16.0,0.484882
5005.0,17.0,0.419608
5005.0,18.0,0.85731
5005.0,19.0,0.999662
5005.0,20.0,1.0
5005.0,21.0,0.294683
5005.0,22.0,1.0
5005.0,23.0,1.0
5005.0,24.0,0.963456
5005.0,25.0,1.0
5005.0,26.0,0.656109
5005.0,27.0,1.0
5005.0,28.0,1.0
5005.0,29.0,0.77926
5005.0,30.0,0.990705
5005.0,31.0,1.0
5005.0,32.0,0.0
5005.0,33.0,1.0
5005.0,34.0,0.991298
5005.0,35.0,0.773864
5005.0,36.0,0.86635
5006.0,0.0,0.554429
5006.0,1.0,0.675373
5006.0,2.0,1.0
5006.0,3.0,0.683546
5006.0,4.0,0.527204
5006.0,5.0,0.0
5006.0,6.0,0.680098
5006.0,7.0,0.748105
5006.0,8.0,1.0
5006.0,9.0,0.961376
5006.0,10.0,1.0
5006.0,11.0,1.0
5006.0,12.0,0.051188
5006.0,13.0,1.0
5006.0,14.0,1.0
5006.0,15.0,0.989286
5006.0,16.0,0.487505
5006.0,17.0,0.425897
5006.0,18.0,0.857597
5006.0,19.0,0.999685
5006.0,20.0,1.0
5006.0,21.0,0.297293
5006.0,22.0,1.0
5006.0,23.0,1.0
5006.0,24.0,0.96331
5006.0,25.0,1.0
5006.0,26.0,0.665402
5006.0,27.0,1.0
5006.0,28.0,1.0
5006.0,29.0,0.78842
5006.0,30.0,0.990719
5006.0,31.0,1.0
5006.0,32.0,0.0
5006.0,33.0,1.0
5006.0,34.0,0.991577
5006.0,35.0,0.773257
5006.0,36.0,0.866883
5007.0,0.0,0.563361
5007.0,1.0,0.68692
5007.0,2.0,1.0
5007.0,3.0,0.693349
5007.0,4.0,0.528547
5007.0,5.0,0.0
5007.0,6.0,0.681208
5007.0,7.0,0.748734
5007.0,8.0,1.0
5007.0,9.0,0.961606
5007.0,10.0,1.0
5007.0,11.0,1.0
5007.0,12.0,0.051908
5007.0,13.0,1.0
5007.0,14.0,1.0
5007.0,15.0,0.989436
5007.0,16.0,0.489487
5007.0,17.0,0.431888
5007.0,18.0,0.857571
5007.0,19.0,0.999695
5007.0,20.0,1.0
5007.0,21.0,0.299727
5007.0,22.0,1.0
5007.0,23.0,1.0
5007.0,24.0,0.963068
5007.0,25.0,1.0
5007.0,26.0,0.674438
5007.0,27.0,1.0
5007.0,28.0,1.0
5007.0,29.0,0.797241
5007.0,30.0,0.990755
5007.0,31.0,1.0
5007.0,32.0,0.0
5007.0,33.0,1.0
5007.0,34.0,0.991569
5007.0,35.0,0.773072
5007.0,36.0,0.867289
5008.0,0.0,0.571692
5008.0,1.0,0.697732
5008.0,2.0,1.0
5008.0,3.0,0.703304
5008.0,4.0,0.529288
5008.0,5.0,0.0
5008.0,6.0,0.682382
5008.0,7.0,0.74913
5008.0,8.0,1.0
5008.0,9.0,0.961724
5008.0,10.0,1.0
5008.0,11.0,1.0
5008.0,12.0,0.052102
5008.0,13.0,1.0
5008.0,14.0,1.0
5008.0,15.0,0.98942
5008.0,16.0,0.492489
5008.0,17.0,0.437618
5008.0,18.0,0.85752
5008.0,19.0,0.999676
5008.0,20.0,1.0
5008.0,21.0,0.301768
5008.0,22.0,1.0
5008.0,23.0,1.0
5008.0,24.0,0.963078
5008.0,25.0,1.0
5008.0,26.0,0.683193
5008.0,27.0,1.0
5008.0,28.0,1.0
5008.0,29.0,0.804943
5008.0,30.0,0.990853
5008.0,31.0,1.0
5008.0,32.0,0.0
5008.0,33.0,1.0
5008.0,34.0,0.991644
5008.0,35.0,0.773262
5008.0,36.0,0.86826
5009.0,0.0,0.536388
5009.0,1.0,0.651096
5009.0,2.0,1.0
5009.0,3.0,0.657288
5009.0,4.0,0.52489
5009.0,5.0,0.0
5009.0,6.0,0.6771
5009.0,7.0,0.744821
5009.0,8.0,1.0
5009.0,9.0,0.959792
5009.0,10.0,1.0
5009.0,11.0,1.0
5009.0,12.0,0.050803
5009.0,13.0,1.0
5009.0,14.0,1.0
5009.0,15.0,0.989387
5009.0,16.0,0.482476
5009.0,17.0,0.411284
5009.0,18.0,0.855964
5009.0,19.0,0.999678
5009.0,20.0,1.0
5009.0,21.0,0.293863
5009.0,22.0,1.0
5009.0,23.0,1.0
5009.0,24.0,0.963107
5009.0,25.0,1.0
5009.0,26.0,0.64448
5009.0,27.0,1.0
5009.0,28.0,1.0
5009.0,29.0,0.763414
5009.0,30.0,0.990152
5009.0,31.0,1.0
5009.0,32.0,0.0
5009.0,33.0,1.0
5009.0,34.0,0.991426
5009.0,35.0,0.776207
5009.0,36.0,0.865722
5010.0,0.0,0.502657
5010.0,1.0,0.60662
5010.0,2.0,1.0
5010.0,3.0,0.612293
5010.0,4.0,0.521372
5010.0,5.0,0.0
5010.0,6.0,0.671486
5010.0,7.0,0.740344
5010.0,8.0,1.0
5010.0,9.0,0.957568
5010.0,10.0,1.0
5010.0,11.0,1.0
5010.0,12.0,0.049632
5010.0,13.0,1.0
5010.0,14.0,1.0
5010.0,15.0,0.988986
5010.0,16.0,0.472671
5010.0,17.0,0.3876
5010.0,18.0,0.855331
5010.0,19.0,0.999677
5010.0,20.0,1.0
5010.0,21.0,0.285129
5010.0,22.0,1.0
5010.0,23.0,1.0
5010.0,24.0,0.963158
5010.0,25.0,1.0
5010.0,26.0,0.607493
5010.0,27.0,1.0
5010.0,28.0,1.0
5010.0,29.0,0.719743
5010.0,30.0,0.989647
5010.0,31.0,1.0
5010.0,32.0,0.0
5010.0,33.0,1.0
5010.0,34.0,0.991053
5010.0,35.0,0.781655
5010.0,36.0,0.863072
6000.0,0.0,0.50627
6000.0,1.0,0.599286
6000.0,2.0,1.0
6000.0,3.0,0.612301
6000.0,4.0,0.496235
6000.0,5.0,0.0
6000.0,6.0,0.679893
6000.0,7.0,0.758322
6000.0,8.0,1.0
6000.0,9.0,0.958581
6000.0,10.0,1.0
6000.0,11.0,1.0
6000.0,12.0,0.040177
6000.0,13.0,1.0
6000.0,14.0,1.0
6000.0,15.0,0.997466
6000.0,16.0,0.457662
6000.0,17.0,0.389115
6000.0,18.0,0.851191
6000.0,19.0,1.0
6000.0,20.0,1.0
6000.0,21.0,0.286162
6000.0,22.0,1.0
6000.0,23.0,1.0
6000.0,24.0,0.966097
6000.0,25.0,1.0
6000.0,26.0,0.602669
6000.0,27.0,1.0
6000.0,28.0,1.0
6000.0,29.0,0.720733
6000.0,30.0,0.989671
6000.0,31.0,1.0
6000.0,32.0,0.0
6000.0,33.0,1.0
6000.0,34.0,0.99823
6000.0,35.0,0.769771
6000.0,36.0,0.882824
6001.0,0.0,0.515157
6001.0,1.0,0.611812
6001.0,2.0,1.0
6001.0,3.0,0.625041
6001.0,4.0,0.496758
6001.0,5.0,0.0
6001.0,6.0,0.681497
6001.0,7.0,0.759327
6001.0,8.0,1.0
6001.0,9.0,0.958678
6001.0,10.0,1.0
6001.0,11.0,1.0
6001.0,12.0,0.039965
6001.0,13.0,1.0
6001.0,14.0,1.0
6001.0,15.0,0.99753
6001.0,16.0,0.45954
6001.0,17.0,0.394993
6001.0,18.0,0.851746
6001.0,19.0,1.0
6001.0,20.0,1.0
6001.0,21.0,0.288092
6001.0,22.0,1.0
6001.0,23.0,1.0
6001.0,24.0,0.965921
6001.0,25.0,1.0
6001.0,26.0,0.613414
6001.0,27.0,1.0
6001.0,28.0,1.0
6001.0,29.0,0.734667
6001.0,30.0,0.989734
6001.0,31.0,1.0
6001.0,32.0,0.0
6001.0,33.0,1.0
6001.0,34.0,0.998213
6001.0,35.0,0.767253
6001.0,36.0,0.88291
6002.0,0.0,0.524669
6002.0,1.0,0.623751
6002.0,2.0,1.0
6002.0,3.0,0.637438
6002.0,4.0,0.497113
6002.0,5.0,0.0
6002.0,6.0,0.68259
6002.0,7.0,0.760414
6002.0,8.0,1.0
6002.0,9.0,0.959251
6002.0,10.0,1.0
6002.0,11.0,1.0
6002.0,12.0,0.04008
6002.0,13.0,1.0
6002.0,14.0,1.0
6002.0,15.0,0.997591
6002.0,16.0,0.461603
6002.0,17.0,0.399574
6002.0,18.0,0.852473
6002.0,19.0,1.0
6002.0,20.0,1.0
6002.0,21.0,0.290745
6002.0,22.0,1.0
6002.0,23.0,1.0
6002.0,24.0,0.965951
6002.0,25.0,1.0
6002.0,26.0,0.624109
6002.0,27.0,1.0
6002.0,28.0,1.0
6002.0,29.0,0.747226
6002.0,30.0,0.989835
6002.0,31.0,1.0
6002.0,32.0,0.0
6002.0,33.0,1.0
6002.0,34.0,0.998212
6002.0,35.0,0.765163
6002.0,36.0,0.883491
6003.0,0.0,0.533142
6003.0,1.0,0.634942
6003.0,2.0,1.0
6003.0,3.0,0.649738
6003.0,4.0,0.497674
6003.0,5.0,0.0
6003.0,6.0,0.684163
6003.0,7.0,0.761468
6003.0,8.0,1.0
6003.0,9.0,0.959638
6003.0,10.0,1.0
6003.0,11.0,1.0
6003.0,12.0,0.040044
6003.0,13.0,1.0
6003.0,14.0,1.0
6003.0,15.0,0.997597
6003.0,16.0,0.463182
6003.0,17.0,0.406179
6003.0,18.0,0.85327
6003.0,19.0,1.0
6003.0,20.0,1.0
6003.0,21.0,0.292675
6003.0,22.0,1.0
6003.0,23.0,1.0
6003.0,24.0,0.966493
6003.0,25.0,1.0
6003.0,26.0,0.633628
6003.0,27.0,1.0
6003.0,28.0,1.0
6003.0,29.0,0.759064
6003.0,30.0,0.989996
6003.0,31.0,1.0
6003.0,32.0,0.0
6003.0,33.0,1.0
6003.0,34.0,0.998157
6003.0,35.0,0.763544
6003.0,36.0,0.884074
6004.0,0.0,0.542163
6004.0,1.0,0.646987
6004.0,2.0,1.0
6004.0,3.0,0.661385
6004.0,4.0,0.498994
6004.0,5.0,0.0
6004.0,6.0,0.685075
6004.0,7.0,0.76187
6004.0,8.0,1.0
6004.0,9.0,0.960283
6004.0,10.0,1.0
6004.0,11.0,1.0
6004.0,12.0,0.040119
6004.0,13.0,1.0
6004.0,14.0,1.0
6004.0,15.0,0.997628
6004.0,16.0,0.465627
6004.0,17.0,0.412092
6004.0,18.0,0.853238
6004.0,19.0,1.0
6004.0,20.0,1.0
6004.0,21.0,0.295495
6004.0,22.0,1.0
6004.0,23.0,1.0
6004.0,24.0,0.966439
6004.0,25.0,1.0
6004.0,26.0,0.643962
6004.0,27.0,1.0
6004.0,28.0,1.0
6004.0,29.0,0.770122
6004.0,30.0,0.989962
6004.0,31.0,1.0
6004.0,32.0,0.0
6004.0,33.0,1.0
6004.0,34.0,0.998229
6004.0,35.0,0.762618
6004.0,36.0,0.884341
6005.0,0.0,0.551911
6005.0,1.0,0.658348
6005.0,2.0,1.0
6005.0,3.0,0.673019
6005.0,4.0,0.500223
6005.0,5.0,0.0
6005.0,6.0,0.686214
6005.0,7.0,0.763151
6005.0,8.0,1.0
6005.0,9.0,0.960747
6005.0,10.0,1.0
6005.0,11.0,1.0
6005.0,12.0,0.040342
6005.0,13.0,1.0
6005.0,14.0,1.0
6005.0,15.0,0.99762
6005.0,16.0,0.468188
6005.0,17.0,0.418531
6005.0,18.0,0.854368
6005.0,19.0,1.0
6005.0,20.0,1.0
6005.0,21.0,0.29751
6005.0,22.0,1.0
6005.0,23.0,1.0
6005.0,24.0,0.966207
6005.0,25.0,1.0
6005.0,26.0,0.653833
6005.0,27.0,1.0
6005.0,28.0,1.0
6005.0,29.0,0.780388
6005.0,30.0,0.9901
6005.0,31.0,1.0
6005.0,32.0,0.0
6005.0,33.0,1.0
6005.0,34.0,0.998255
6005.0,35.0,0.761889
6005.0,36.0,0.885144
6006.0,0.0,0.560466
6006.0,1.0,0.670678
6006.0,2.0,1.0
6006.0,3.0,0.683677
6006.0,4.0,0.500465
6006.0,5.0,0.0
6006.0,6.0,0.68746
6006.0,7.0,0.764053
6006.0,8.0,1.0
6006.0,9.0,0.961035
6006.0,10.0,1.0
6006.0,11.0,1.0
6006.0,12.0,0.040823
6006.0,13.0,1.0
6006.0,14.0,1.0
6006.0,15.0,0.99761
6006.0,16.0,0.471471
6006.0,17.0,0.424912
6006.0,18.0,0.854546
6006.0,19.0,1.0
6006.0,20.0,1.0
6006.0,21.0,0.299628
6006.0,22.0,1.0
6006.0,23.0,1.0
6006.0,24.0,0.965686
6006.0,25.0,1.0
6006.0,26.0,0.662605
6006.0,27.0,1.0
6006.0,28.0,1.0
6006.0,29.0,0.789979
6006.0,30.0,0.990288
6006.0,31.0,1.0
6006.0,32.0,0.0
6006.0,33.0,1.0
6006.0,34.0,0.998237
6006.0,35.0,0.761466
6006.0,36.0,0.885415
6007.0,0.0,0.568912
6007.0,1.0,0.681999
6007.0,2.0,1.0
6007.0,3.0,0.694165
6007.0,4.0,0.50193
6007.0,5.0,0.0
6007.0,6.0,0.689039
6007.0,7.0,0.765355
6007.0,8.0,1.0
6007.0,9.0,0.961646
6007.0,10.0,1.0
6007.0,11.0,1.0
6007.0,12.0,0.040985
6007.0,13.0,1.0
6007.0,14.0,1.0
6007.0,15.0,0.99762
6007.0,16.0,0.473384
6007.0,17.0,0.431734
6007.0,18.0,0.855072
6007.0,19.0,1.0
6007.0,20.0,1.0
6007.0,21.0,0.30138
6007.0,22.0,1.0
6007.0,23.0,1.0
6007.0,24.0,0.965685
6007.0,25.0,1.0
6007.0,26.0,0.671611
6007.0,27.0,1.0
6007.0,28.0,1.0
6007.0,29.0,0.798325
6007.0,30.0,0.990515
6007.0,31.0,1.0
6007.0,32.0,0.0
6007.0,33.0,1.0
6007.0,34.0,0.99824
6007.0,35.0,0.76161
6007.0,36.0,0.886329
6008.0,0.0,0.576818
6008.0,1.0,0.691907
6008.0,2.0,1.0
6008.0,3.0,0.704846
6008.0,4.0,0.502973
6008.0,5.0,0.0
6008.0,6.0,0.690051
6008.0,7.0,0.766441
6008.0,8.0,1.0
6008.0,9.0,0.962396
6008.0,10.0,1.0
6008.0,11.0,1.0
6008.0,12.0,0.041015
6008.0,13.0,1.0
6008.0,14.0,1.0
6008.0,15.0,0.997613
6008.0,16.0,0.476411
6008.0,17.0,0.437615
6008.0,18.0,0.854928
6008.0,19.0,1.0
6008.0,20.0,1.0
6008.0,21.0,0.303968
6008.0,22.0,1.0
6008.0,23.0,1.0
6008.0,24.0,0.966105
6008.0,25.0,1.0
6008.0,26.0,0.680405
6008.0,27.0,1.0
6008.0,28.0,1.0
6008.0,29.0,0.806715
6008.0,30.0,0.990623
6008.0,31.0,1.0
6008.0,32.0,0.0
6008.0,33.0,1.0
6008.0,34.0,0.998308
6008.0,35.0,0.761301
6008.0,36.0,0.887436
6009.0,0.0,0.540375
6009.0,1.0,0.645012
6009.0,2.0,1.0
6009.0,3.0,0.658691
6009.0,4.0,0.499694
6009.0,5.0,0.0
6009.0,6.0,0.685011
6009.0,7.0,0.76242
6009.0,8.0,1.0
6009.0,9.0,0.960462
6009.0,10.0,1.0
6009.0,11.0,1.0
6009.0,12.0,0.040082
6009.0,13.0,1.0
6009.0,14.0,1.0
6009.0,15.0,0.997579
6009.0,16.0,0.466068
6009.0,17.0,0.411533
6009.0,18.0,0.854076
6009.0,19.0,1.0
6009.0,20.0,1.0
6009.0,21.0,0.295172
6009.0,22.0,1.0
6009.0,23.0,1.0
6009.0,24.0,0.965611
6009.0,25.0,1.0
6009.0,26.0,0.640623
6009.0,27.0,1.0
6009.0,28.0,1.0
6009.0,29.0,0.765418
6009.0,30.0,0.990062
6009.0,31.0,1.0
6009.0,32.0,0.0
6009.0,33.0,1.0
6009.0,34.0,0.998226
6009.0,35.0,0.763769
6009.0,36.0,0.88485
6010.0,0.0,0.508065
6010.0,1.0,0.601902
6010.0,2.0,1.0
6010.0,3.0,0.614152
6010.0,4.0,0.496355
6010.0,5.0,0.0
6010.0,6.0,0.679685
6010.0,7.0,0.757834
6010.0,8.0,1.0
6010.0,9.0,0.958113
6010.0,10.0,1.0
6010.0,11.0,1.0
6010.0,12.0,0.038899
6010.0,13.0,1.0
6010.0,14.0,1.0
6010.0,15.0,0.997547
6010.0,16.0,0.456975
6010.0,17.0,0.387541
6010.0,18.0,0.852919
6010.0,19.0,1.0
6010.0,20.0,1.0
6010.0,21.0,0.287111
6010.0,22.0,1.0
6010.0,23.0,1.0
6010.0,24.0,0.965399
6010.0,25.0,1.0
6010.0,26.0,0.603254
6010.0,27.0,1.0
6010.0,28.0,1.0
6010.0,29.0,0.721844
6010.0,30.0,0.98957
6010.0,31.0,1.0
6010.0,32.0,0.0
6010.0,33.0,1.0
6010.0,34.0,0.998172
6010.0,35.0,0.769247
6010.0,36.0,0.882232
7000.0,0.0,0.50682
7000.0,1.0,0.597238
7000.0,2.0,1.0
7000.0,3.0,0.618092
7000.0,4.0,0.503505
7000.0,5.0,0.0
7000.0,6.0,0.666862
7000.0,7.0,0.785278
7000.0,8.0,1.0
7000.0,9.0,0.953777
7000.0,10.0,1.0
7000.0,11.0,1.0
7000.0,12.0,0.037275
7000.0,13.0,1.0
7000.0,14.0,1.0
7000.0,15.0,0.999231
7000.0,16.0,0.446391
7000.0,17.0,0.398718
7000.0,18.0,0.851367
7000.0,19.0,1.0
7000.0,20.0,1.0
7000.0,21.0,0.292495
7000.0,22.0,1.0
7000.0,23.0,1.0
7000.0,24.0,0.974332
7000.0,25.0,1.0
7000.0,26.0,0.607374
7000.0,27.0,1.0
7000.0,28.0,1.0
7000.0,29.0,0.720269
7000.0,30.0,0.988614
7000.0,31.0,1.0
7000.0,32.0,0.0
7000.0,33.0,1.0
7000.0,34.0,0.998107
7000.0,35.0,0.774637
7000.0,36.0,0.867611
7001.0,0.0,0.516379
7001.0,1.0,0.608453
7001.0,2.0,1.0
7001.0,3.0,0.630359
7001.0,4.0,0.50457
7001.0,5.0,0.0
7001.0,6.0,0.667748
7001.0,7.0,0.786485
7001.0,8.0,1.0
7001.0,9.0,0.954187
7001.0,10.0,1.0
7001.0,11.0,1.0
7001.0,12.0,0.037257
7001.0,13.0,1.0
7001.0,14.0,1.0
7001.0,15.0,0.999198
7001.0,16.0,0.448647
7001.0,17.0,0.404345
7001.0,18.0,0.852557
7001.0,19.0,1.0
7001.0,20.0,1.0
7001.0,21.0,0.294191
7001.0,22.0,1.0
7001.0,23.0,1.0
7001.0,24.0,0.974341
7001.0,25.0,1.0
7001.0,26.0,0.618148
7001.0,27.0,1.0
7001.0,28.0,1.0
7001.0,29.0,0.73457
7001.0,30.0,0.9889
7001.0,31.0,1.0
7001.0,32.0,0.0
7001.0,33.0,1.0
7001.0,34.0,0.998114
7001.0,35.0,0.772764
7001.0,36.0,0.868723
7002.0,0.0,0.525721
7002.0,1.0,0.619919
7002.0,2.0,1.0
7002.0,3.0,0.641668
7002.0,4.0,0.504663
7002.0,5.0,0.0
7002.0,6.0,0.668509
7002.0,7.0,0.787525
7002.0,8.0,1.0
7002.0,9.0,0.955022
7002.0,10.0,1.0
7002.0,11.0,1.0
7002.0,12.0,0.037442
7002.0,13.0,1.0
7002.0,14.0,1.0
7002.0,15.0,0.999196
7002.0,16.0,0.450645
7002.0,17.0,0.410965
7002.0,18.0,0.85316
7002.0,19.0,1.0
7002.0,20.0,1.0
7002.0,21.0,0.296984
7002.0,22.0,1.0
7002.0,23.0,1.0
7002.0,24.0,0.974387
7002.0,25.0,1.0
7002.0,26.0,0.628445
7002.0,27.0,1.0
7002.0,28.0,1.0
7002.0,29.0,0.748073
7002.0,30.0,0.989126
7002.0,31.0,1.0
7002.0,32.0,0.0
7002.0,33.0,1.0
7002.0,34.0,0.9982
7002.0,35.0,0.771239
7002.0,36.0,0.868846
7003.0,0.0,0.534345
7003.0,1.0,0.631432
7003.0,2.0,1.0
7003.0,3.0,0.654136
7003.0,4.0,0.505697
7003.0,5.0,0.0
7003.0,6.0,0.669666
7003.0,7.0,0.788796
7003.0,8.0,1.0
7003.0,9.0,0.955576
7003.0,10.0,1.0
7003.0,11.0,1.0
7003.0,12.0,0.038193
7003.0,13.0,1.0
7003.0,14.0,1.0
7003.0,15.0,0.999218
7003.0,16.0,0.453438
7003.0,17.0,0.417084
7003.0,18.0,0.853577
7003.0,19.0,1.0
7003.0,20.0,1.0
7003.0,21.0,0.297554
7003.0,22.0,1.0
7003.0,23.0,1.0
7003.0,24.0,0.97454
7003.0,25.0,1.0
7003.0,26.0,0.638881
7003.0,27.0,1.0
7003.0,28.0,1.0
7003.0,29.0,0.759898
7003.0,30.0,0.989409
7003.0,31.0,1.0
7003.0,32.0,0.0
7003.0,33.0,1.0
7003.0,34.0,0.998202
7003.0,35.0,0.768699
7003.0,36.0,0.869803
7004.0,0.0,0.54349
7004.0,1.0,0.642518
7004.0,2.0,1.0
7004.0,3.0,0.666108
7004.0,4.0,0.506688
7004.0,5.0,0.0
7004.0,6.0,0.671443
7004.0,7.0,0.789938
7004.0,8.0,1.0
7004.0,9.0,0.956138
7004.0,10.0,1.0
7004.0,11.0,1.0
7004.0,12.0,0.038461
7004.0,13.0,1.0
7004.0,14.0,1.0
7004.0,15.0,0.999174
7004.0,16.0,0.456309
7004.0,17.0,0.422707
7004.0,18.0,0.853984
7004.0,19.0,1.0
7004.0,20.0,1.0
7004.0,21.0,0.299368
7004.0,22.0,1.0
7004.0,23.0,1.0
7004.0,24.0,0.97461
7004.0,25.0,1.0
7004.0,26.0,0.649033
7004.0,27.0,1.0
7004.0,28.0,1.0
7004.0,29.0,0.770301
7004.0,30.0,0.989595
7004.0,31.0,1.0
7004.0,32.0,0.0
7004.0,33.0,1.0
7004.0,34.0,0.998253
7004.0,35.0,0.768832
7004.0,36.0,0.87102
7005.0,0.0,0.551626
7005.0,1.0,0.654009
7005.0,2.0,1.0
7005.0,3.0,0.677059
7005.0,4.0,0.507321
7005.0,5.0,0.0
7005.0,6.0,0.672784
7005.0,7.0,0.791093
7005.0,8.0,1.0
7005.0,9.0,0.956887
7005.0,10.0,1.0
7005.0,11.0,1.0
7005.0,12.0,0.038879
7005.0,13.0,1.0
7005.0,14.0,1.0
7005.0,15.0,0.999177
7005.0,16.0,0.458928
7005.0,17.0,0.429051
7005.0,18.0,0.854605
7005.0,19.0,1.0
7005.0,20.0,1.0
7005.0,21.0,0.301625
7005.0,22.0,1.0
7005.0,23.0,1.0
7005.0,24.0,0.974812
7005.0,25.0,1.0
7005.0,26.0,0.658988
7005.0,27.0,1.0
7005.0,28.0,1.0
7005.0,29.0,0.779412
7005.0,30.0,0.989821
7005.0,31.0,1.0
7005.0,32.0,0.0
7005.0,33.0,1.0
7005.0,34.0,0.998256
7005.0,35.0,0.768924
7005.0,36.0,0.87187
7006.0,0.0,0.559656
7006.0,1.0,0.664177
7006.0,2.0,1.0
7006.0,3.0,0.687299
7006.0,4.0,0.507816
7006.0,5.0,0.0
7006.0,6.0,0.674453
7006.0,7.0,0.792766
7006.0,8.0,1.0
7006.0,9.0,0.957412
7006.0,10.0,1.0
7006.0,11.0,1.0
7006.0,12.0,0.039234
7006.0,13.0,1.0
7006.0,14.0,1.0
7006.0,15.0,0.999222
7006.0,16.0,0.461344
7006.0,17.0,0.435888
7006.0,18.0,0.854694
7006.0,19.0,1.0
7006.0,20.0,1.0
7006.0,21.0,0.303408
7006.0,22.0,1.0
7006.0,23.0,1.0
7006.0,24.0,0.974954
7006.0,25.0,1.0
7006.0,26.0,0.668272
7006.0,27.0,1.0
7006.0,28.0,1.0
7006.0,29.0,0.789119
7006.0,30.0,0.989933
7006.0,31.0,1.0
7006.0,32.0,0.0
7006.0,33.0,1.0
7006.0,34.0,0.998345
7006.0,35.0,0.768637
7006.0,36.0,0.872285
7007.0,0.0,0.56747
7007.0,1.0,0.67505
7007.0,2.0,1.0
7007.0,3.0,0.698878
7007.0,4.0,0.508772
7007.0,5.0,0.0
7007.0,6.0,0.676226
7007.0,7.0,0.793989
7007.0,8.0,1.0
7007.0,9.0,0.957753
7007.0,10.0,1.0
7007.0,11.0,1.0
7007.0,12.0,0.039377
7007.0,13.0,1.0
7007.0,14.0,1.0
7007.0,15.0,0.999216
7007.0,16.0,0.464333
7007.0,17.0,0.442465
7007.0,18.0,0.854865
7007.0,19.0,1.0
7007.0,20.0,1.0
7007.0,21.0,0.306307
7007.0,22.0,1.0
7007.0,23.0,1.0
7007.0,24.0,0.97504
7007.0,25.0,1.0
7007.0,26.0,0.677396
7007.0,27.0,1.0
7007.0,28.0,1.0
7007.0,29.0,0.797824
7007.0,30.0,0.990057
7007.0,31.0,1.0
7007.0,32.0,0.0
7007.0,33.0,1.0
7007.0,34.0,0.998327
7007.0,35.0,0.768489
7007.0,36.0,0.872925
7008.0,0.0,0.576139
7008.0,1.0,0.686688
7008.0,2.0,1.0
7008.0,3.0,0.708983
7008.0,4.0,0.509161
7008.0,5.0,0.0
7008.0,6.0,0.677577
7008.0,7.0,0.795045
7008.0,8.0,1.0
7008.0,9.0,0.957994
7008.0,10.0,1.0
7008.0,11.0,1.0
7008.0,12.0,0.039335
7008.0,13.0,1.0
7008.0,14.0,1.0
7008.0,15.0,0.999208
7008.0,16.0,0.467127
7008.0,17.0,0.448524
7008.0,18.0,0.8547
7008.0,19.0,1.0
7008.0,20.0,1.0
7008.0,21.0,0.308878
7008.0,22.0,1.0
7008.0,23.0,1.0
7008.0,24.0,0.975006
7008.0,25.0,1.0
7008.0,26.0,0.685727
7008.0,27.0,1.0
7008.0,28.0,1.0
7008.0,29.0,0.807056
7008.0,30.0,0.990052
7008.0,31.0,1.0
7008.0,32.0,0.0
7008.0,33.0,1.0
7008.0,34.0,0.99832
7008.0,35.0,0.768095
7008.0,36.0,0.873917
7009.0,0.0,0.541163
7009.0,1.0,0.639123
7009.0,2.0,1.0
7009.0,3.0,0.662455
7009.0,4.0,0.50394
7009.0,5.0,0.0
7009.0,6.0,0.670032
7009.0,7.0,0.791185
7009.0,8.0,1.0
7009.0,9.0,0.955342
7009.0,10.0,1.0
7009.0,11.0,1.0
7009.0,12.0,0.038623
7009.0,13.0,1.0
7009.0,14.0,1.0
7009.0,15.0,0.999209
7009.0,16.0,0.457561
7009.0,17.0,0.422807
7009.0,18.0,0.853284
7009.0,19.0,1.0
7009.0,20.0,1.0
7009.0,21.0,0.299841
7009.0,22.0,1.0
7009.0,23.0,1.0
7009.0,24.0,0.975045
7009.0,25.0,1.0
7009.0,26.0,0.647102
7009.0,27.0,1.0
7009.0,28.0,1.0
7009.0,29.0,0.765032
7009.0,30.0,0.989405
7009.0,31.0,1.0
7009.0,32.0,0.0
7009.0,33.0,1.0
7009.0,34.0,0.998294
7009.0,35.0,0.77166
7009.0,36.0,0.871807
7010.0,0.0,0.508169
7010.0,1.0,0.595929
7010.0,2.0,1.0
7010.0,3.0,0.617705
7010.0,4.0,0.500565
7010.0,5.0,0.0
7010.0,6.0,0.663815
7010.0,7.0,0.787861
7010.0,8.0,1.0
7010.0,9.0,0.952559
7010.0,10.0,1.0
7010.0,11.0,1.0
7010.0,12.0,0.037785
7010.0,13.0,1.0
7010.0,14.0,1.0
7010.0,15.0,0.999209
7010.0,16.0,0.44842
7010.0,17.0,0.398385
7010.0,18.0,0.852449
7010.0,19.0,1.0
7010.0,20.0,1.0
7010.0,21.0,0.291877
7010.0,22.0,1.0
7010.0,23.0,1.0
7010.0,24.0,0.975271
7010.0,25.0,1.0
7010.0,26.0,0.609163
7010.0,27.0,1.0
7010.0,28.0,1.0
7010.0,29.0,0.720701
7010.0,30.0,0.98892
7010.0,31.0,1.0
7010.0,32.0,0.0
7010.0,33.0,1.0
7010.0,34.0,0.998223
7010.0,35.0,0.777172
7010.0,36.0,0.869249
8000.0,0.0,0.507345
8000.0,1.0,0.606456
8000.0,2.0,1.0
8000.0,3.0,0.613269
8000.0,4.0,0.504062
8000.0,5.0,0.0
8000.0,6.0,0.675676
8000.0,7.0,0.820875
8000.0,8.0,1.0
8000.0,9.0,0.952796
8000.0,10.0,1.0
8000.0,11.0,1.0
8000.0,12.0,0.031475
8000.0,13.0,1.0
8000.0,14.0,1.0
8000.0,15.0,0.998874
8000.0,16.0,0.451531
8000.0,17.0,0.387319
8000.0,18.0,0.857862
8000.0,19.0,1.0
8000.0,20.0,1.0
8000.0,21.0,0.288403
8000.0,22.0,1.0
8000.0,23.0,1.0
8000.0,24.0,0.974151
8000.0,25.0,1.0
8000.0,26.0,0.601972
8000.0,27.0,1.0
8000.0,28.0,1.0
8000.0,29.0,0.718229
8000.0,30.0,0.985455
8000.0,31.0,1.0
8000.0,32.0,0.0
8000.0,33.0,1.0
8000.0,34.0,0.998405
8000.0,35.0,0.791634
8000.0,36.0,0.883112
8001.0,0.0,0.515538
8001.0,1.0,0.618159
8001.0,2.0,1.0
8001.0,3.0,0.625054
8001.0,4.0,0.506194
8001.0,5.0,0.0
8001.0,6.0,0.677023
8001.0,7.0,0.822317
8001.0,8.0,1.0
8001.0,9.0,0.953748
8001.0,10.0,1.0
8001.0,11.0,1.0
8001.0,12.0,0.031627
8001.0,13.0,1.0
8001.0,14.0,1.0
8001.0,15.0,0.998873
8001.0,16.0,0.452885
8001.0,17.0,0.394023
8001.0,18.0,0.858263
8001.0,19.0,1.0
8001.0,20.0,1.0
8001.0,21.0,0.290238
8001.0,22.0,1.0
8001.0,23.0,1.0
8001.0,24.0,0.974267
8001.0,25.0,1.0
8001.0,26.0,0.612859
8001.0,27.0,1.0
8001.0,28.0,1.0
8001.0,29.0,0.732814
8001.0,30.0,0.985541
8001.0,31.0,1.0
8001.0,32.0,0.0
8001.0,33.0,1.0
8001.0,34.0,0.998388
8001.0,35.0,0.7893
8001.0,36.0,0.88399
8002.0,0.0,0.524729
8002.0,1.0,0.62891
8002.0,2.0,1.0
8002.0,3.0,0.637281
8002.0,4.0,0.506828
8002.0,5.0,0.0
8002.0,6.0,0.678693
8002.0,7.0,0.823662
8002.0,8.0,1.0
8002.0,9.0,0.954531
8002.0,10.0,1.0
8002.0,11.0,1.0
8002.0,12.0,0.031711
8002.0,13.0,1.0
8002.0,14.0,1.0
8002.0,15.0,0.99888
8002.0,16.0,0.455583
8002.0,17.0,0.401067
8002.0,18.0,0.858287
8002.0,19.0,1.0
8002.0,20.0,1.0
8002.0,21.0,0.292111
8002.0,22.0,1.0
8002.0,23.0,1.0
8002.0,24.0,0.974418
8002.0,25.0,1.0
8002.0,26.0,0.622464
8002.0,27.0,1.0
8002.0,28.0,1.0
8002.0,29.0,0.745958
8002.0,30.0,0.985613
8002.0,31.0,1.0
8002.0,32.0,0.0
8002.0,33.0,1.0
8002.0,34.0,0.998363
8002.0,35.0,0.788003
8002.0,36.0,0.884462
8003.0,0.0,0.533146
8003.0,1.0,0.639744
8003.0,2.0,1.0
8003.0,3.0,0.649576
8003.0,4.0,0.507267
8003.0,5.0,0.0
8003.0,6.0,0.679988
8003.0,7.0,0.823775
8003.0,8.0,1.0
8003.0,9.0,0.955151
8003.0,10.0,1.0
8003.0,11.0,1.0
8003.0,12.0,0.031952
8003.0,13.0,1.0
8003.0,14.0,1.0
8003.0,15.0,0.998912
8003.0,16.0,0.457903
8003.0,17.0,0.407481
8003.0,18.0,0.859023
8003.0,19.0,1.0
8003.0,20.0,1.0
8003.0,21.0,0.294066
8003.0,22.0,1.0
8003.0,23.0,1.0
8003.0,24.0,0.974603
8003.0,25.0,1.0
8003.0,26.0,0.631999
8003.0,27.0,1.0
8003.0,28.0,1.0
8003.0,29.0,0.757878
8003.0,30.0,0.98558
8003.0,31.0,1.0
8003.0,32.0,0.0
8003.0,33.0,1.0
8003.0,34.0,0.998302
8003.0,35.0,0.786129
8003.0,36.0,0.88507
8004.0,0.0,0.542497
8004.0,1.0,0.650684
8004.0,2.0,1.0
8004.0,3.0,0.660725
8004.0,4.0,0.508794
8004.0,5.0,0.0
8004.0,6.0,0.682207
8004.0,7.0,0.824702
8004.0,8.0,1.0
8004.0,9.0,0.955803
8004.0,10.0,1.0
8004.0,11.0,1.0
8004.0,12.0,0.031856
8004.0,13.0,1.0
8004.0,14.0,1.0
8004.0,15.0,0.998957
8004.0,16.0,0.461201
8004.0,17.0,0.413489
8004.0,18.0,0.859181
8004.0,19.0,1.0
8004.0,20.0,1.0
8004.0,21.0,0.296128
8004.0,22.0,1.0
8004.0,23.0,1.0
8004.0,24.0,0.974773
8004.0,25.0,1.0
8004.0,26.0,0.6421
8004.0,27.0,1.0
8004.0,28.0,1.0
8004.0,29.0,0.769589
8004.0,30.0,0.985713
8004.0,31.0,1.0
8004.0,32.0,0.0
8004.0,33.0,1.0
8004.0,34.0,0.998392
8004.0,35.0,0.784949
8004.0,36.0,0.885771
8005.0,0.0,0.551115
8005.0,1.0,0.663407
8005.0,2.0,1.0
8005.0,3.0,0.671987
8005.0,4.0,0.509535
8005.0,5.0,0.0
8005.0,6.0,0.683613
8005.0,7.0,0.826148
8005.0,8.0,1.0
8005.0,9.0,0.956247
8005.0,10.0,1.0
8005.0,11.0,1.0
8005.0,12.0,0.031883
8005.0,13.0,1.0
8005.0,14.0,1.0
8005.0,15.0,0.998976
8005.0,16.0,0.463847
8005.0,17.0,0.419891
8005.0,18.0,0.859342
8005.0,19.0,1.0
8005.0,20.0,1.0
8005.0,21.0,0.298263
8005.0,22.0,1.0
8005.0,23.0,1.0
8005.0,24.0,0.974766
8005.0,25.0,1.0
8005.0,26.0,0.65151
8005.0,27.0,1.0
8005.0,28.0,1.0
8005.0,29.0,0.779478
8005.0,30.0,0.986098
8005.0,31.0,1.0
8005.0,32.0,0.0
8005.0,33.0,1.0
8005.0,34.0,0.998482
8005.0,35.0,0.783747
8005.0,36.0,0.886062
8006.0,0.0,0.55952
8006.0,1.0,0.67414
8006.0,2.0,1.0
8006.0,3.0,0.682754
8006.0,4.0,0.509268
8006.0,5.0,0.0
8006.0,6.0,0.685132
8006.0,7.0,0.826663
8006.0,8.0,1.0
8006.0,9.0,0.95683
8006.0,10.0,1.0
8006.0,11.0,1.0
8006.0,12.0,0.031923
8006.0,13.0,1.0
8006.0,14.0,1.0
8006.0,15.0,0.998977
8006.0,16.0,0.466111
8006.0,17.0,0.426312
8006.0,18.0,0.859431
8006.0,19.0,1.0
8006.0,20.0,1.0
8006.0,21.0,0.300992
8006.0,22.0,1.0
8006.0,23.0,1.0
8006.0,24.0,0.974554
8006.0,25.0,1.0
8006.0,26.0,0.660957
8006.0,27.0,1.0
8006.0,28.0,1.0
8006.0,29.0,0.789513
8006.0,30.0,0.9862
8006.0,31.0,1.0
8006.0,32.0,0.0
8006.0,33.0,1.0
8006.0,34.0,0.998473
8006.0,35.0,0.783486
8006.0,36.0,0.88662
8007.0,0.0,0.567968
8007.0,1.0,0.685848
8007.0,2.0,1.0
8007.0,3.0,0.694169
8007.0,4.0,0.510181
8007.0,5.0,0.0
8007.0,6.0,0.686544
8007.0,7.0,0.827237
8007.0,8.0,1.0
8007.0,9.0,0.957521
8007.0,10.0,1.0
8007.0,11.0,1.0
8007.0,12.0,0.032077
8007.0,13.0,1.0
8007.0,14.0,1.0
8007.0,15.0,0.998996
8007.0,16.0,0.468985
8007.0,17.0,0.43226
8007.0,18.0,0.859277
8007.0,19.0,1.0
8007.0,20.0,1.0
8007.0,21.0,0.303542
8007.0,22.0,1.0
8007.0,23.0,1.0
8007.0,24.0,0.974599
8007.0,25.0,1.0
8007.0,26.0,0.670114
8007.0,27.0,1.0
8007.0,28.0,1.0
8007.0,29.0,0.798702
8007.0,30.0,0.986068
8007.0,31.0,1.0
8007.0,32.0,0.0
8007.0,33.0,1.0
8007.0,34.0,0.998451
8007.0,35.0,0.782195
8007.0,36.0,0.887229
8008.0,0.0,0.575364
8008.0,1.0,0.697018
8008.0,2.0,1.0
8008.0,3.0,0.703031
8008.0,4.0,0.510412
8008.0,5.0,0.0
8008.0,6.0,0.687578
8008.0,7.0,0.827891
8008.0,8.0,1.0
8008.0,9.0,0.95839
8008.0,10.0,1.0
8008.0,11.0,1.0
8008.0,12.0,0.032233
8008.0,13.0,1.0
8008.0,14.0,1.0
8008.0,15.0,0.999041
8008.0,16.0,0.471731
8008.0,17.0,0.439021
8008.0,18.0,0.859283
8008.0,19.0,1.0
8008.0,20.0,1.0
8008.0,21.0,0.305638
8008.0,22.0,1.0
8008.0,23.0,1.0
8008.0,24.0,0.974599
8008.0,25.0,1.0
8008.0,26.0,0.678159
8008.0,27.0,1.0
8008.0,28.0,1.0
8008.0,29.0,0.807183
8008.0,30.0,0.986189
8008.0,31.0,1.0
8008.0,32.0,0.0
8008.0,33.0,1.0
8008.0,34.0,0.998524
8008.0,35.0,0.782439
8008.0,36.0,0.887907
8009.0,0.0,0.539244
8009.0,1.0,0.650568
8009.0,2.0,1.0
8009.0,3.0,0.656341
8009.0,4.0,0.50592
8009.0,5.0,0.0
8009.0,6.0,0.682457
8009.0,7.0,0.82453
8009.0,8.0,1.0
8009.0,9.0,0.956176
8009.0,10.0,1.0
8009.0,11.0,1.0
8009.0,12.0,0.031419
8009.0,13.0,1.0
8009.0,14.0,1.0
8009.0,15.0,0.999012
8009.0,16.0,0.461195
8009.0,17.0,0.413655
8009.0,18.0,0.858872
8009.0,19.0,1.0
8009.0,20.0,1.0
8009.0,21.0,0.296709
8009.0,22.0,1.0
8009.0,23.0,1.0
8009.0,24.0,0.974343
8009.0,25.0,1.0
8009.0,26.0,0.639019
8009.0,27.0,1.0
8009.0,28.0,1.0
8009.0,29.0,0.764854
8009.0,30.0,0.985379
8009.0,31.0,1.0
8009.0,32.0,0.0
8009.0,33.0,1.0
8009.0,34.0,0.998482
8009.0,35.0,0.78435
8009.0,36.0,0.88546
8010.0,0.0,0.506378
8010.0,1.0,0.606331
8010.0,2.0,1.0
8010.0,3.0,0.612063
8010.0,4.0,0.501532
8010.0,5.0,0.0
8010.0,6.0,0.677846
8010.0,7.0,0.821749
8010.0,8.0,1.0
8010.0,9.0,0.954239
8010.0,10.0,1.0
8010.0,11.0,1.0
8010.0,12.0,0.030778
8010.0,13.0,1.0
8010.0,14.0,1.0
8010.0,15.0,0.998987
8010.0,16.0,0.452044
8010.0,17.0,0.390422
8010.0,18.0,0.857547
8010.0,19.0,1.0
8010.0,20.0,1.0
8010.0,21.0,0.289152
8010.0,22.0,1.0
8010.0,23.0,1.0
8010.0,24.0,0.974356
8010.0,25.0,1.0
8010.0,26.0,0.601293
8010.0,27.0,1.0
8010.0,28.0,1.0
8010.0,29.0,0.720283
8010.0,30.0,0.984639
8010.0,31.0,1.0
8010.0,32.0,0.0
8010.0,33.0,1.0
8010.0,34.0,0.99843
8010.0,35.0,0.788095
8010.0,36.0,0.883445
9000.0,0.0,0.501802
9000.0,1.0,0.605371
9000.0,2.0,1.0
9000.0,3.0,0.614389
9000.0,4.0,0.489065
9000.0,5.0,0.0
9000.0,6.0,0.665388
9000.0,7.0,0.864423
9000.0,8.0,1.0
9000.0,9.0,0.956534
9000.0,10.0,1.0
9000.0,11.0,1.0
9000.0,12.0,0.019606
9000.0,13.0,1.0
9000.0,14.0,1.0
9000.0,15.0,0.998667
9000.0,16.0,0.449923
9000.0,17.0,0.3966
9000.0,18.0,0.846541
9000.0,19.0,1.0
9000.0,20.0,1.0
9000.0,21.0,0.277638
9000.0,22.0,1.0
9000.0,23.0,1.0
9000.0,24.0,0.970043
9000.0,25.0,1.0
9000.0,26.0,0.5999
9000.0,27.0,1.0
9000.0,28.0,1.0
9000.0,29.0,0.720625
9000.0,30.0,0.984718
9000.0,31.0,1.0
9000.0,32.0,0.0
9000.0,33.0,1.0
9000.0,34.0,0.999237
9000.0,35.0,0.787534
9000.0,36.0,0.867476
9001.0,0.0,0.510338
9001.0,1.0,0.618107
9001.0,2.0,1.0
9001.0,3.0,0.626699
9001.0,4.0,0.488874
9001.0,5.0,0.0
9001.0,6.0,0.666746
9001.0,7.0,0.865066
9001.0,8.0,1.0
9001.0,9.0,0.956966
9001.0,10.0,1.0
9001.0,11.0,1.0
9001.0,12.0,0.019313
9001.0,13.0,1.0
9001.0,14.0,1.0
9001.0,15.0,0.9987
9001.0,16.0,0.452548
9001.0,17.0,0.403014
9001.0,18.0,0.846411
9001.0,19.0,1.0
9001.0,20.0,1.0
9001.0,21.0,0.279607
9001.0,22.0,1.0
9001.0,23.0,1.0
9001.0,24.0,0.97008
9001.0,25.0,1.0
9001.0,26.0,0.61112
9001.0,27.0,1.0
9001.0,28.0,1.0
9001.0,29.0,0.734204
9001.0,30.0,0.984877
9001.0,31.0,1.0
9001.0,32.0,0.0
9001.0,33.0,1.0
9001.0,34.0,0.999293
9001.0,35.0,0.785254
9001.0,36.0,0.867974
9002.0,0.0,0.51954
9002.0,1.0,0.629188
9002.0,2.0,1.0
9002.0,3.0,0.638311
9002.0,4.0,0.490415
9002.0,5.0,0.0
9002.0,6.0,0.667815
9002.0,7.0,0.865077
9002.0,8.0,1.0
9002.0,9.0,0.957145
9002.0,10.0,1.0
9002.0,11.0,1.0
9002.0,12.0,0.019218
9002.0,13.0,1.0
9002.0,14.0,1.0
9002.0,15.0,0.998742
9002.0,16.0,0.454466
9002.0,17.0,0.409438
9002.0,18.0,0.84642
9002.0,19.0,1.0
9002.0,20.0,1.0
9002.0,21.0,0.282193
9002.0,22.0,1.0
9002.0,23.0,1.0
9002.0,24.0,0.970217
9002.0,25.0,1.0
9002.0,26.0,0.621505
9002.0,27.0,1.0
9002.0,28.0,1.0
9002.0,29.0,0.747269
9002.0,30.0,0.985121
9002.0,31.0,1.0
9002.0,32.0,0.0
9002.0,33.0,1.0
9002.0,34.0,0.999324
9002.0,35.0,0.784303
9002.0,36.0,0.869018
9003.0,0.0,0.528092
9003.0,1.0,0.640769
9003.0,2.0,1.0
9003.0,3.0,0.650565
9003.0,4.0,0.491934
9003.0,5.0,0.0
9003.0,6.0,0.669223
9003.0,7.0,0.865549
9003.0,8.0,1.0
9003.0,9.0,0.957932
9003.0,10.0,1.0
9003.0,11.0,1.0
9003.0,12.0,0.019438
9003.0,13.0,1.0
9003.0,14.0,1.0
9003.0,15.0,0.99881
9003.0,16.0,0.456579
9003.0,17.0,0.414752
9003.0,18.0,0.84611
9003.0,19.0,1.0
9003.0,20.0,1.0
9003.0,21.0,0.283505
9003.0,22.0,1.0
9003.0,23.0,1.0
9003.0,24.0,0.970045
9003.0,25.0,1.0
9003.0,26.0,0.631099
9003.0,27.0,1.0
9003.0,28.0,1.0
9003.0,29.0,0.758678
9003.0,30.0,0.985182
9003.0,31.0,1.0
9003.0,32.0,0.0
9003.0,33.0,1.0
9003.0,34.0,0.999346
9003.0,35.0,0.783394
9003.0,36.0,0.869839
9004.0,0.0,0.53464
9004.0,1.0,0.652172
9004.0,2.0,1.0
9004.0,3.0,0.66152
9004.0,4.0,0.492652
9004.0,5.0,0.0
9004.0,6.0,0.669678
9004.0,7.0,0.867192
9004.0,8.0,1.0
9004.0,9.0,0.958599
9004.0,10.0,1.0
9004.0,11.0,1.0
9004.0,12.0,0.01976
9004.0,13.0,1.0
9004.0,14.0,1.0
9004.0,15.0,0.998791
9004.0,16.0,0.458545
9004.0,17.0,0.42117
9004.0,18.0,0.846881
9004.0,19.0,1.0
9004.0,20.0,1.0
9004.0,21.0,0.285516
9004.0,22.0,1.0
9004.0,23.0,1.0
9004.0,24.0,0.970014
9004.0,25.0,1.0
9004.0,26.0,0.641024
9004.0,27.0,1.0
9004.0,28.0,1.0
9004.0,29.0,0.769094
9004.0,30.0,0.985701
9004.0,31.0,1.0
9004.0,32.0,0.0
9004.0,33.0,1.0
9004.0,34.0,0.99934
9004.0,35.0,0.782529
9004.0,36.0,0.870748
9005.0,0.0,0.543903
9005.0,1.0,0.663568
9005.0,2.0,1.0
9005.0,3.0,0.672248
9005.0,4.0,0.493865
9005.0,5.0,0.0
9005.0,6.0,0.671316
9005.0,7.0,0.868272
9005.0,8.0,1.0
9005.0,9.0,0.959099
9005.0,10.0,1.0
9005.0,11.0,1.0
9005.0,12.0,0.020033
9005.0,13.0,1.0
9005.0,14.0,1.0
9005.0,15.0,0.998813
9005.0,16.0,0.461665
9005.0,17.0,0.427061
9005.0,18.0,0.846998
9005.0,19.0,1.0
9005.0,20.0,1.0
9005.0,21.0,0.288728
9005.0,22.0,1.0
9005.0,23.0,1.0
9005.0,24.0,0.970179
9005.0,25.0,1.0
9005.0,26.0,0.650553
9005.0,27.0,1.0
9005.0,28.0,1.0
9005.0,29.0,0.779494
9005.0,30.0,0.985832
9005.0,31.0,1.0
9005.0,32.0,0.0
9005.0,33.0,1.0
9005.0,34.0,0.999369
9005.0,35.0,0.782534
9005.0,36.0,0.871706
9006.0,0.0,0.552133
9006.0,1.0,0.674793
9006.0,2.0,1.0
9006.0,3.0,0.683434
9006.0,4.0,0.49441
9006.0,5.0,0.0
9006.0,6.0,0.673078
9006.0,7.0,0.868354
9006.0,8.0,1.0
9006.0,9.0,0.959504
9006.0,10.0,1.0
9006.0,11.0,1.0
9006.0,12.0,0.020232
9006.0,13.0,1.0
9006.0,14.0,1.0
9006.0,15.0,0.99884
9006.0,16.0,0.463855
9006.0,17.0,0.43234
9006.0,18.0,0.847043
9006.0,19.0,1.0
9006.0,20.0,1.0
9006.0,21.0,0.290927
9006.0,22.0,1.0
9006.0,23.0,1.0
9006.0,24.0,0.969987
9006.0,25.0,1.0
9006.0,26.0,0.659743
9006.0,27.0,1.0
9006.0,28.0,1.0
9006.0,29.0,0.790146
9006.0,30.0,0.985993
9006.0,31.0,1.0
9006.0,32.0,0.0
9006.0,33.0,1.0
9006.0,34.0,0.99937
9006.0,35.0,0.78131
9006.0,36.0,0.871981
9007.0,0.0,0.560476
9007.0,1.0,0.686476
9007.0,2.0,1.0
9007.0,3.0,0.694002
9007.0,4.0,0.495717
9007.0,5.0,0.0
9007.0,6.0,0.674549
9007.0,7.0,0.869485
9007.0,8.0,1.0
9007.0,9.0,0.960142
9007.0,10.0,1.0
9007.0,11.0,1.0
9007.0,12.0,0.02045
9007.0,13.0,1.0
9007.0,14.0,1.0
9007.0,15.0,0.998855
9007.0,16.0,0.465314
9007.0,17.0,0.438675
9007.0,18.0,0.846335
9007.0,19.0,1.0
9007.0,20.0,1.0
9007.0,21.0,0.293186
9007.0,22.0,1.0
9007.0,23.0,1.0
9007.0,24.0,0.970288
9007.0,25.0,1.0
9007.0,26.0,0.668779
9007.0,27.0,1.0
9007.0,28.0,1.0
9007.0,29.0,0.798507
9007.0,30.0,0.986153
9007.0,31.0,1.0
9007.0,32.0,0.0
9007.0,33.0,1.0
9007.0,34.0,0.999358
9007.0,35.0,0.781522
9007.0,36.0,0.872352
9008.0,0.0,0.568116
9008.0,1.0,0.697622
9008.0,2.0,1.0
9008.0,3.0,0.70432
9008.0,4.0,0.496818
9008.0,5.0,0.0
9008.0,6.0,0.6759
9008.0,7.0,0.870233
9008.0,8.0,1.0
9008.0,9.0,0.96071
9008.0,10.0,1.0
9008.0,11.0,1.0
9008.0,12.0,0.020584
9008.0,13.0,1.0
9008.0,14.0,1.0
9008.0,15.0,0.998853
9008.0,16.0,0.467618
9008.0,17.0,0.444342
9008.0,18.0,0.846125
9008.0,19.0,1.0
9008.0,20.0,1.0
9008.0,21.0,0.296055
9008.0,22.0,1.0
9008.0,23.0,1.0
9008.0,24.0,0.970397
9008.0,25.0,1.0
9008.0,26.0,0.677326
9008.0,27.0,1.0
9008.0,28.0,1.0
9008.0,29.0,0.807255
9008.0,30.0,0.98646
9008.0,31.0,1.0
9008.0,32.0,0.0
9008.0,33.0,1.0
9008.0,34.0,0.999331
9008.0,35.0,0.780783
9008.0,36.0,0.872643
9009.0,0.0,0.532072
9009.0,1.0,0.651046
9009.0,2.0,1.0
9009.0,3.0,0.658259
9009.0,4.0,0.492817
9009.0,5.0,0.0
9009.0,6.0,0.670776
9009.0,7.0,0.867822
9009.0,8.0,1.0
9009.0,9.0,0.958464
9009.0,10.0,1.0
9009.0,11.0,1.0
9009.0,12.0,0.020031
9009.0,13.0,1.0
9009.0,14.0,1.0
9009.0,15.0,0.998859
9009.0,16.0,0.458504
9009.0,17.0,0.4189
9009.0,18.0,0.844967
9009.0,19.0,1.0
9009.0,20.0,1.0
9009.0,21.0,0.287438
9009.0,22.0,1.0
9009.0,23.0,1.0
9009.0,24.0,0.970299
9009.0,25.0,1.0
9009.0,26.0,0.638333
9009.0,27.0,1.0
9009.0,28.0,1.0
9009.0,29.0,0.765226
9009.0,30.0,0.985502
9009.0,31.0,1.0
9009.0,32.0,0.0
9009.0,33.0,1.0
9009.0,34.0,0.999349
9009.0,35.0,0.78362
9009.0,36.0,0.869666
9010.0,0.0,0.499211
9010.0,1.0,0.606987
9010.0,2.0,1.0
9010.0,3.0,0.613314
9010.0,4.0,0.489415
9010.0,5.0,0.0
9010.0,6.0,0.665158
9010.0,7.0,0.865332
9010.0,8.0,1.0
9010.0,9.0,0.956343
9010.0,10.0,1.0
9010.0,11.0,1.0
9010.0,12.0,0.019665
9010.0,13.0,1.0
9010.0,14.0,1.0
9010.0,15.0,0.998829
9010.0,16.0,0.449697
9010.0,17.0,0.395722
9010.0,18.0,0.843734
9010.0,19.0,1.0
9010.0,20.0,1.0
9010.0,21.0,0.279944
9010.0,22.0,1.0
9010.0,23.0,1.0
9010.0,24.0,0.970379
9010.0,25.0,1.0
9010.0,26.0,0.599972
9010.0,27.0,1.0
9010.0,28.0,1.0
9010.0,29.0,0.721442
9010.0,30.0,0.984836
9010.0,31.0,1.0
9010.0,32.0,0.0
9010.0,33.0,1.0
9010.0,34.0,0.999357
9010.0,35.0,0.788125
9010.0,36.0,0.867178
10000.0,0.0,0.503838
10000.0,1.0,0.595123
10000.0,2.0,1.0
10000.0,3.0,0.619948
10000.0,4.0,0.519244
10000.0,5.0,0.0
10000.0,6.0,0.671349
10000.0,7.0,0.863803
10000.0,8.0,1.0
10000.0,9.0,0.954512
10000.0,10.0,1.0
10000.0,11.0,1.0
10000.0,12.0,0.022268
10000.0,13.0,1.0
10000.0,14.0,1.0
10000.0,15.0,0.99962
10000.0,16.0,0.448919
10000.0,17.0,0.39318
10000.0,18.0,0.839858
10000.0,19.0,1.0
10000.0,20.0,1.0
10000.0,21.0,0.289857
10000.0,22.0,1.0
10000.0,23.0,1.0
10000.0,24.0,0.961031
10000.0,25.0,1.0
10000.0,26.0,0.600272
10000.0,27.0,1.0
10000.0,28.0,1.0
10000.0,29.0,0.720235
10000.0,30.0,0.981612
10000.0,31.0,1.0
10000.0,32.0,0.0
10000.0,33.0,1.0
10000.0,34.0,1.0
10000.0,35.0,0.786469
10000.0,36.0,0.874962
10001.0,0.0,0.512091
10001.0,1.0,0.606339
10001.0,2.0,1.0
10001.0,3.0,0.632422
10001.0,4.0,0.519747
10001.0,5.0,0.0
10001.0,6.0,0.672966
10001.0,7.0,0.864219
10001.0,8.0,1.0
10001.0,9.0,0.954892
10001.0,10.0,1.0
10001.0,11.0,1.0
10001.0,12.0,0.022219
10001.0,13.0,1.0
10001.0,14.0,1.0
10001.0,15.0,0.999665
10001.0,16.0,0.451051
10001.0,17.0,0.399867
10001.0,18.0,0.840346
10001.0,19.0,1.0
10001.0,20.0,1.0
10001.0,21.0,0.291683
10001.0,22.0,1.0
10001.0,23.0,1.0
10001.0,24.0,0.961089
10001.0,25.0,1.0
10001.0,26.0,0.610519
10001.0,27.0,1.0
10001.0,28.0,1.0
10001.0,29.0,0.735272
10001.0,30.0,0.982017
10001.0,31.0,1.0
10001.0,32.0,0.0
10001.0,33.0,1.0
10001.0,34.0,1.0
10001.0,35.0,0.783855
10001.0,36.0,0.875767
10002.0,0.0,0.521662
10002.0,1.0,0.617696
10002.0,2.0,1.0
10002.0,3.0,0.644678
10002.0,4.0,0.52122
10002.0,5.0,0.0
10002.0,6.0,0.674358
10002.0,7.0,0.865168
10002.0,8.0,1.0
10002.0,9.0,0.95557
10002.0,10.0,1.0
10002.0,11.0,1.0
10002.0,12.0,0.022288
10002.0,13.0,1.0
10002.0,14.0,1.0
10002.0,15.0,0.999671
10002.0,16.0,0.453994
10002.0,17.0,0.405057
10002.0,18.0,0.840738
10002.0,19.0,1.0
10002.0,20.0,1.0
10002.0,21.0,0.293971
10002.0,22.0,1.0
10002.0,23.0,1.0
10002.0,24.0,0.960903
10002.0,25.0,1.0
10002.0,26.0,0.62065
10002.0,27.0,1.0
10002.0,28.0,1.0
10002.0,29.0,0.747852
10002.0,30.0,0.982386
10002.0,31.0,1.0
10002.0,32.0,0.0
10002.0,33.0,1.0
10002.0,34.0,1.0
10002.0,35.0,0.78213
10002.0,36.0,0.87615
10003.0,0.0,0.530472
10003.0,1.0,0.629552
10003.0,2.0,1.0
10003.0,3.0,0.65538
10003.0,4.0,0.521884
10003.0,5.0,0.0
10003.0,6.0,0.674388
10003.0,7.0,0.866097
10003.0,8.0,1.0
10003.0,9.0,0.956567
10003.0,10.0,1.0
10003.0,11.0,1.0
10003.0,12.0,0.022304
10003.0,13.0,1.0
10003.0,14.0,1.0
10003.0,15.0,0.999664
10003.0,16.0,0.456471
10003.0,17.0,0.411171
10003.0,18.0,0.841474
10003.0,19.0,1.0
10003.0,20.0,1.0
10003.0,21.0,0.296579
10003.0,22.0,1.0
10003.0,23.0,1.0
10003.0,24.0,0.960992
10003.0,25.0,1.0
10003.0,26.0,0.631425
10003.0,27.0,1.0
10003.0,28.0,1.0
10003.0,29.0,0.759423
10003.0,30.0,0.982612
10003.0,31.0,1.0
10003.0,32.0,0.0
10003.0,33.0,1.0
10003.0,34.0,1.0
10003.0,35.0,0.780967
10003.0,36.0,0.876966
10004.0,0.0,0.538218
10004.0,1.0,0.640733
10004.0,2.0,1.0
10004.0,3.0,0.666414
10004.0,4.0,0.522941
10004.0,5.0,0.0
10004.0,6.0,0.675987
10004.0,7.0,0.866495
10004.0,8.0,1.0
10004.0,9.0,0.95707
10004.0,10.0,1.0
10004.0,11.0,1.0
10004.0,12.0,0.022431
10004.0,13.0,1.0
10004.0,14.0,1.0
10004.0,15.0,0.999652
10004.0,16.0,0.458866
10004.0,17.0,0.416633
10004.0,18.0,0.841366
10004.0,19.0,1.0
10004.0,20.0,1.0
10004.0,21.0,0.298668
10004.0,22.0,1.0
10004.0,23.0,1.0
10004.0,24.0,0.961061
10004.0,25.0,1.0
10004.0,26.0,0.641076
10004.0,27.0,1.0
10004.0,28.0,1.0
10004.0,29.0,0.770622
10004.0,30.0,0.982723
10004.0,31.0,1.0
10004.0,32.0,0.0
10004.0,33.0,1.0
10004.0,34.0,1.0
10004.0,35.0,0.780235
10004.0,36.0,0.877014
10005.0,0.0,0.547036
10005.0,1.0,0.651205
10005.0,2.0,1.0
10005.0,3.0,0.677178
10005.0,4.0,0.524212
10005.0,5.0,0.0
10005.0,6.0,0.677052
10005.0,7.0,0.866894
10005.0,8.0,1.0
10005.0,9.0,0.957694
10005.0,10.0,1.0
10005.0,11.0,1.0
10005.0,12.0,0.022785
10005.0,13.0,1.0
10005.0,14.0,1.0
10005.0,15.0,0.99964
10005.0,16.0,0.461069
10005.0,17.0,0.422629
10005.0,18.0,0.841227
10005.0,19.0,1.0
10005.0,20.0,1.0
10005.0,21.0,0.300576
10005.0,22.0,1.0
10005.0,23.0,1.0
10005.0,24.0,0.961112
10005.0,25.0,1.0
10005.0,26.0,0.650515
10005.0,27.0,1.0
10005.0,28.0,1.0
10005.0,29.0,0.780621
10005.0,30.0,0.98292
10005.0,31.0,1.0
10005.0,32.0,0.0
10005.0,33.0,1.0
10005.0,34.0,1.0
10005.0,35.0,0.779308
10005.0,36.0,0.877618
10006.0,0.0,0.554945
10006.0,1.0,0.663145
10006.0,2.0,1.0
10006.0,3.0,0.688396
10006.0,4.0,0.525572
10006.0,5.0,0.0
10006.0,6.0,0.679174
10006.0,7.0,0.867443
10006.0,8.0,1.0
10006.0,9.0,0.958093
10006.0,10.0,1.0
10006.0,11.0,1.0
10006.0,12.0,0.022943
10006.0,13.0,1.0
10006.0,14.0,1.0
10006.0,15.0,0.999651
10006.0,16.0,0.46191
10006.0,17.0,0.428607
10006.0,18.0,0.84159
10006.0,19.0,1.0
10006.0,20.0,1.0
10006.0,21.0,0.301772
10006.0,22.0,1.0
10006.0,23.0,1.0
10006.0,24.0,0.961415
10006.0,25.0,1.0
10006.0,26.0,0.660638
10006.0,27.0,1.0
10006.0,28.0,1.0
10006.0,29.0,0.790019
10006.0,30.0,0.982989
10006.0,31.0,1.0
10006.0,32.0,0.0
10006.0,33.0,1.0
10006.0,34.0,1.0
10006.0,35.0,0.779075
10006.0,36.0,0.87832
10007.0,0.0,0.563338
10007.0,1.0,0.674563
10007.0,2.0,1.0
10007.0,3.0,0.69834
10007.0,4.0,0.526485
10007.0,5.0,0.0
10007.0,6.0,0.680183
10007.0,7.0,0.867828
10007.0,8.0,1.0
10007.0,9.0,0.958852
10007.0,10.0,1.0
10007.0,11.0,1.0
10007.0,12.0,0.022888
10007.0,13.0,1.0
10007.0,14.0,1.0
10007.0,15.0,0.99965
10007.0,16.0,0.463548
10007.0,17.0,0.434635
10007.0,18.0,0.842408
10007.0,19.0,1.0
10007.0,20.0,1.0
10007.0,21.0,0.303468
10007.0,22.0,1.0
10007.0,23.0,1.0
10007.0,24.0,0.961424
10007.0,25.0,1.0
10007.0,26.0,0.669475
10007.0,27.0,1.0
10007.0,28.0,1.0
10007.0,29.0,0.798485
10007.0,30.0,0.98331
10007.0,31.0,1.0
10007.0,32.0,0.0
10007.0,33.0,1.0
10007.0,34.0,1.0
10007.0,35.0,0.779139
10007.0,36.0,0.878839
10008.0,0.0,0.571181
10008.0,1.0,0.685399
10008.0,2.0,1.0
10008.0,3.0,0.708778
10008.0,4.0,0.527816
10008.0,5.0,0.0
10008.0,6.0,0.681917
10008.0,7.0,0.868565
10008.0,8.0,1.0
10008.0,9.0,0.959714
10008.0,10.0,1.0
10008.0,11.0,1.0
10008.0,12.0,0.023048
10008.0,13.0,1.0
10008.0,14.0,1.0
10008.0,15.0,0.999653
10008.0,16.0,0.46736
10008.0,17.0,0.440507
10008.0,18.0,0.842709
10008.0,19.0,1.0
10008.0,20.0,1.0
10008.0,21.0,0.305799
10008.0,22.0,1.0
10008.0,23.0,1.0
10008.0,24.0,0.961602
10008.0,25.0,1.0
10008.0,26.0,0.678175
10008.0,27.0,1.0
10008.0,28.0,1.0
10008.0,29.0,0.806933
10008.0,30.0,0.983341
10008.0,31.0,1.0
10008.0,32.0,0.0
10008.0,33.0,1.0
10008.0,34.0,1.0
10008.0,35.0,0.77919
10008.0,36.0,0.879526
10009.0,0.0,0.535272
10009.0,1.0,0.639305
10009.0,2.0,1.0
10009.0,3.0,0.663205
10009.0,4.0,0.524063
10009.0,5.0,0.0
10009.0,6.0,0.675321
10009.0,7.0,0.865802
10009.0,8.0,1.0
10009.0,9.0,0.957645
10009.0,10.0,1.0
10009.0,11.0,1.0
10009.0,12.0,0.02239
10009.0,13.0,1.0
10009.0,14.0,1.0
10009.0,15.0,0.999618
10009.0,16.0,0.457143
10009.0,17.0,0.414887
10009.0,18.0,0.841332
10009.0,19.0,1.0
10009.0,20.0,1.0
10009.0,21.0,0.296415
10009.0,22.0,1.0
10009.0,23.0,1.0
10009.0,24.0,0.961369
10009.0,25.0,1.0
10009.0,26.0,0.638967
10009.0,27.0,1.0
10009.0,28.0,1.0
10009.0,29.0,0.764648
10009.0,30.0,0.982422
10009.0,31.0,1.0
10009.0,32.0,0.0
10009.0,33.0,1.0
10009.0,34.0,1.0
10009.0,35.0,0.781783
10009.0,36.0,0.876677
10010.0,0.0,0.5022
10010.0,1.0,0.594388
10010.0,2.0,1.0
10010.0,3.0,0.619668
10010.0,4.0,0.520617
10010.0,5.0,0.0
10010.0,6.0,0.670253
10010.0,7.0,0.863664
10010.0,8.0,1.0
10010.0,9.0,0.955407
10010.0,10.0,1.0
10010.0,11.0,1.0
10010.0,12.0,0.022023
10010.0,13.0,1.0
10010.0,14.0,1.0
10010.0,15.0,0.999599
10010.0,16.0,0.448306
10010.0,17.0,0.391674
10010.0,18.0,0.840386
10010.0,19.0,1.0
10010.0,20.0,1.0
10010.0,21.0,0.289068
10010.0,22.0,1.0
10010.0,23.0,1.0
10010.0,24.0,0.961171
10010.0,25.0,1.0
10010.0,26.0,0.601985
10010.0,27.0,1.0
10010.0,28.0,1.0
10010.0,29.0,0.720955
10010.0,30.0,0.981826
10010.0,31.0,1.0
10010.0,32.0,0.0
10010.0,33.0,1.0
10010.0,34.0,1.0
10010.0,35.0,0.786076
10010.0,36.0,0.874492
