FREQUENCIES 
Gen,mut_id,mut_freq
1.0,0.0,0.5
1.0,1.0,0.5
1.0,2.0,0.5
1.0,3.0,0.5
1.0,4.0,0.5
1.0,5.0,0.5
1.0,6.0,0.5
1.0,7.0,0.5
1.0,8.0,0.5
1.0,9.0,0.5
1.0,10.0,0.5
1.0,11.0,0.5
1.0,12.0,0.5
1.0,13.0,0.5
1.0,14.0,0.5
1.0,15.0,0.5
1.0,16.0,0.5
1.0,17.0,0.5
1000.0,0.0,1.0
1000.0,1.0,0.666458
1000.0,2.0,0.68519
1000.0,3.0,0.635476
1000.0,4.0,0.717523
1000.0,5.0,1.0
1000.0,6.0,0.905747
1000.0,7.0,0.987222
1000.0,8.0,0.725915
1000.0,9.0,0.711821
1000.0,10.0,0.725747
1000.0,11.0,0.999716
1000.0,12.0,1.0
1000.0,13.0,0.746957
1000.0,14.0,1.0
1000.0,15.0,1.0
1000.0,16.0,0.995508
1000.0,17.0,0.0
1001.0,0.0,1.0
1001.0,1.0,0.674744
1001.0,2.0,0.722248
1001.0,3.0,0.638445
1001.0,4.0,0.721611
1001.0,5.0,1.0
1001.0,6.0,0.916081
1001.0,7.0,0.988286
1001.0,8.0,0.739035
1001.0,9.0,0.754996
1001.0,10.0,0.737344
1001.0,11.0,0.999702
1001.0,12.0,1.0
1001.0,13.0,0.74932
1001.0,14.0,1.0
1001.0,15.0,1.0
1001.0,16.0,0.995546
1001.0,17.0,0.0
1002.0,0.0,1.0
1002.0,1.0,0.683005
1002.0,2.0,0.755242
1002.0,3.0,0.641757
1002.0,4.0,0.726464
1002.0,5.0,1.0
1002.0,6.0,0.924973
1002.0,7.0,0.989256
1002.0,8.0,0.750936
1002.0,9.0,0.790935
1002.0,10.0,0.748586
1002.0,11.0,0.999735
1002.0,12.0,1.0
1002.0,13.0,0.751253
1002.0,14.0,1.0
1002.0,15.0,1.0
1002.0,16.0,0.995602
1002.0,17.0,0.0
1003.0,0.0,1.0
1003.0,1.0,0.690519
1003.0,2.0,0.784891
1003.0,3.0,0.646213
1003.0,4.0,0.731697
1003.0,5.0,1.0
1003.0,6.0,0.933496
1003.0,7.0,0.990264
1003.0,8.0,0.762714
1003.0,9.0,0.820847
1003.0,10.0,0.759368
1003.0,11.0,0.999767
1003.0,12.0,1.0
1003.0,13.0,0.752848
1003.0,14.0,1.0
1003.0,15.0,1.0
1003.0,16.0,0.99575
1003.0,17.0,0.0
1004.0,0.0,1.0
1004.0,1.0,0.697558
1004.0,2.0,0.811263
1004.0,3.0,0.64938
1004.0,4.0,0.736701
1004.0,5.0,1.0
1004.0,6.0,0.94128
1004.0,7.0,0.991087
1004.0,8.0,0.772934
1004.0,9.0,0.845282
1004.0,10.0,0.76952
1004.0,11.0,0.9998
1004.0,12.0,1.0
1004.0,13.0,0.75546
1004.0,14.0,1.0
1004.0,15.0,1.0
1004.0,16.0,0.995882
1004.0,17.0,0.0
1005.0,0.0,1.0
1005.0,1.0,0.704024
1005.0,2.0,0.83457
1005.0,3.0,0.652906
1005.0,4.0,0.741341
1005.0,5.0,1.0
1005.0,6.0,0.948093
1005.0,7.0,0.991704
1005.0,8.0,0.781962
1005.0,9.0,0.865351
1005.0,10.0,0.779964
1005.0,11.0,0.99982
1005.0,12.0,1.0
1005.0,13.0,0.75712
1005.0,14.0,1.0
1005.0,15.0,1.0
1005.0,16.0,0.996012
1005.0,17.0,0.0
1006.0,0.0,1.0
1006.0,1.0,0.711313
1006.0,2.0,0.854071
1006.0,3.0,0.657408
1006.0,4.0,0.746583
1006.0,5.0,1.0
1006.0,6.0,0.954722
1006.0,7.0,0.992516
1006.0,8.0,0.791371
1006.0,9.0,0.882319
1006.0,10.0,0.788369
1006.0,11.0,0.999835
1006.0,12.0,1.0
1006.0,13.0,0.759067
1006.0,14.0,1.0
1006.0,15.0,1.0
1006.0,16.0,0.996054
1006.0,17.0,0.0
1007.0,0.0,1.0
1007.0,1.0,0.718842
1007.0,2.0,0.871867
1007.0,3.0,0.660349
1007.0,4.0,0.751488
1007.0,5.0,1.0
1007.0,6.0,0.960541
1007.0,7.0,0.993209
1007.0,8.0,0.79926
1007.0,9.0,0.897036
1007.0,10.0,0.797372
1007.0,11.0,0.999844
1007.0,12.0,1.0
1007.0,13.0,0.762039
1007.0,14.0,1.0
1007.0,15.0,1.0
1007.0,16.0,0.996146
1007.0,17.0,0.0
1008.0,0.0,1.0
1008.0,1.0,0.725836
1008.0,2.0,0.887051
1008.0,3.0,0.664871
1008.0,4.0,0.756669
1008.0,5.0,1.0
1008.0,6.0,0.965574
1008.0,7.0,0.993815
1008.0,8.0,0.806512
1008.0,9.0,0.909623
1008.0,10.0,0.806116
1008.0,11.0,0.999873
1008.0,12.0,1.0
1008.0,13.0,0.764461
1008.0,14.0,1.0
1008.0,15.0,1.0
1008.0,16.0,0.99633
1008.0,17.0,0.0
1009.0,0.0,1.0
1009.0,1.0,0.69458
1009.0,2.0,0.795576
1009.0,3.0,0.651239
1009.0,4.0,0.737359
1009.0,5.0,1.0
1009.0,6.0,0.941181
1009.0,7.0,0.990847
1009.0,8.0,0.765784
1009.0,9.0,0.831124
1009.0,10.0,0.766887
1009.0,11.0,0.999845
1009.0,12.0,1.0
1009.0,13.0,0.755019
1009.0,14.0,1.0
1009.0,15.0,1.0
1009.0,16.0,0.995998
1009.0,17.0,0.0
1010.0,0.0,1.0
1010.0,1.0,0.667484
1010.0,2.0,0.686634
1010.0,3.0,0.638138
1010.0,4.0,0.720763
1010.0,5.0,1.0
1010.0,6.0,0.908045
1010.0,7.0,0.987317
1010.0,8.0,0.725331
1010.0,9.0,0.712057
1010.0,10.0,0.727228
1010.0,11.0,0.999804
1010.0,12.0,1.0
1010.0,13.0,0.746704
1010.0,14.0,1.0
1010.0,15.0,1.0
1010.0,16.0,0.995589
1010.0,17.0,0.0
2000.0,0.0,1.0
2000.0,1.0,0.6634
2000.0,2.0,0.686778
2000.0,3.0,0.63911
2000.0,4.0,0.726345
2000.0,5.0,1.0
2000.0,6.0,0.908986
2000.0,7.0,0.991083
2000.0,8.0,0.723053
2000.0,9.0,0.705132
2000.0,10.0,0.729084
2000.0,11.0,1.0
2000.0,12.0,1.0
2000.0,13.0,0.74691
2000.0,14.0,1.0
2000.0,15.0,1.0
2000.0,16.0,0.999869
2000.0,17.0,0.0
2001.0,0.0,1.0
2001.0,1.0,0.671883
2001.0,2.0,0.723585
2001.0,3.0,0.642358
2001.0,4.0,0.73049
2001.0,5.0,1.0
2001.0,6.0,0.918533
2001.0,7.0,0.99199
2001.0,8.0,0.736236
2001.0,9.0,0.749813
2001.0,10.0,0.740401
2001.0,11.0,1.0
2001.0,12.0,1.0
2001.0,13.0,0.749094
2001.0,14.0,1.0
2001.0,15.0,1.0
2001.0,16.0,0.999894
2001.0,17.0,0.0
2002.0,0.0,1.0
2002.0,1.0,0.679986
2002.0,2.0,0.756404
2002.0,3.0,0.645288
2002.0,4.0,0.734141
2002.0,5.0,1.0
2002.0,6.0,0.92774
2002.0,7.0,0.992842
2002.0,8.0,0.74876
2002.0,9.0,0.787174
2002.0,10.0,0.752026
2002.0,11.0,1.0
2002.0,12.0,1.0
2002.0,13.0,0.751711
2002.0,14.0,1.0
2002.0,15.0,1.0
2002.0,16.0,0.999904
2002.0,17.0,0.0
2003.0,0.0,1.0
2003.0,1.0,0.687605
2003.0,2.0,0.785608
2003.0,3.0,0.648874
2003.0,4.0,0.738964
2003.0,5.0,1.0
2003.0,6.0,0.936562
2003.0,7.0,0.99348
2003.0,8.0,0.759699
2003.0,9.0,0.817003
2003.0,10.0,0.762523
2003.0,11.0,1.0
2003.0,12.0,1.0
2003.0,13.0,0.754756
2003.0,14.0,1.0
2003.0,15.0,1.0
2003.0,16.0,0.999915
2003.0,17.0,0.0
2004.0,0.0,1.0
2004.0,1.0,0.695098
2004.0,2.0,0.811751
2004.0,3.0,0.652342
2004.0,4.0,0.743848
2004.0,5.0,1.0
2004.0,6.0,0.944366
2004.0,7.0,0.994043
2004.0,8.0,0.769998
2004.0,9.0,0.842473
2004.0,10.0,0.773422
2004.0,11.0,1.0
2004.0,12.0,1.0
2004.0,13.0,0.757037
2004.0,14.0,1.0
2004.0,15.0,1.0
2004.0,16.0,0.99993
2004.0,17.0,0.0
2005.0,0.0,1.0
2005.0,1.0,0.702203
2005.0,2.0,0.834248
2005.0,3.0,0.655152
2005.0,4.0,0.747952
2005.0,5.0,1.0
2005.0,6.0,0.951009
2005.0,7.0,0.994552
2005.0,8.0,0.780545
2005.0,9.0,0.863387
2005.0,10.0,0.782948
2005.0,11.0,1.0
2005.0,12.0,1.0
2005.0,13.0,0.759619
2005.0,14.0,1.0
2005.0,15.0,1.0
2005.0,16.0,0.999917
2005.0,17.0,0.0
2006.0,0.0,1.0
2006.0,1.0,0.709221
2006.0,2.0,0.854495
2006.0,3.0,0.657788
2006.0,4.0,0.752804
2006.0,5.0,1.0
2006.0,6.0,0.956966
2006.0,7.0,0.995147
2006.0,8.0,0.789434
2006.0,9.0,0.880772
2006.0,10.0,0.791918
2006.0,11.0,1.0
2006.0,12.0,1.0
2006.0,13.0,0.762508
2006.0,14.0,1.0
2006.0,15.0,1.0
2006.0,16.0,0.999945
2006.0,17.0,0.0
2007.0,0.0,1.0
2007.0,1.0,0.716316
2007.0,2.0,0.871517
2007.0,3.0,0.661346
2007.0,4.0,0.756906
2007.0,5.0,1.0
2007.0,6.0,0.962033
2007.0,7.0,0.995556
2007.0,8.0,0.798128
2007.0,9.0,0.89611
2007.0,10.0,0.800138
2007.0,11.0,1.0
2007.0,12.0,1.0
2007.0,13.0,0.764068
2007.0,14.0,1.0
2007.0,15.0,1.0
2007.0,16.0,0.999944
2007.0,17.0,0.0
2008.0,0.0,1.0
2008.0,1.0,0.723517
2008.0,2.0,0.886762
2008.0,3.0,0.66458
2008.0,4.0,0.761143
2008.0,5.0,1.0
2008.0,6.0,0.966751
2008.0,7.0,0.995975
2008.0,8.0,0.805812
2008.0,9.0,0.908789
2008.0,10.0,0.808616
2008.0,11.0,1.0
2008.0,12.0,1.0
2008.0,13.0,0.76626
2008.0,14.0,1.0
2008.0,15.0,1.0
2008.0,16.0,0.999944
2008.0,17.0,0.0
2009.0,0.0,1.0
2009.0,1.0,0.693285
2009.0,2.0,0.794528
2009.0,3.0,0.650078
2009.0,4.0,0.74174
2009.0,5.0,1.0
2009.0,6.0,0.942967
2009.0,7.0,0.994045
2009.0,8.0,0.764306
2009.0,9.0,0.829686
2009.0,10.0,0.767154
2009.0,11.0,1.0
2009.0,12.0,1.0
2009.0,13.0,0.755575
2009.0,14.0,1.0
2009.0,15.0,1.0
2009.0,16.0,0.999939
2009.0,17.0,0.0
2010.0,0.0,1.0
2010.0,1.0,0.665021
2010.0,2.0,0.685475
2010.0,3.0,0.636995
2010.0,4.0,0.724997
2010.0,5.0,1.0
2010.0,6.0,0.910643
2010.0,7.0,0.991572
2010.0,8.0,0.72341
2010.0,9.0,0.709655
2010.0,10.0,0.726804
2010.0,11.0,1.0
2010.0,12.0,1.0
2010.0,13.0,0.746957
2010.0,14.0,1.0
2010.0,15.0,1.0
2010.0,16.0,0.999929
2010.0,17.0,0.0
3000.0,0.0,1.0
3000.0,1.0,0.65721
3000.0,2.0,0.687406
3000.0,3.0,0.637798
3000.0,4.0,0.727289
3000.0,5.0,1.0
3000.0,6.0,0.907117
3000.0,7.0,0.994447
3000.0,8.0,0.720089
3000.0,9.0,0.70619
3000.0,10.0,0.729497
3000.0,11.0,1.0
3000.0,12.0,1.0
3000.0,13.0,0.745638
3000.0,14.0,1.0
3000.0,15.0,1.0
3000.0,16.0,1.0
3000.0,17.0,0.0
3001.0,0.0,1.0
3001.0,1.0,0.664298
3001.0,2.0,0.724321
3001.0,3.0,0.640492
3001.0,4.0,0.730975
3001.0,5.0,1.0
3001.0,6.0,0.917645
3001.0,7.0,0.994965
3001.0,8.0,0.733065
3001.0,9.0,0.750933
3001.0,10.0,0.741048
3001.0,11.0,1.0
3001.0,12.0,1.0
3001.0,13.0,0.74775
3001.0,14.0,1.0
3001.0,15.0,1.0
3001.0,16.0,1.0
3001.0,17.0,0.0
3002.0,0.0,1.0
3002.0,1.0,0.671507
3002.0,2.0,0.75785
3002.0,3.0,0.643851
3002.0,4.0,0.735859
3002.0,5.0,1.0
3002.0,6.0,0.926528
3002.0,7.0,0.995454
3002.0,8.0,0.745743
3002.0,9.0,0.786922
3002.0,10.0,0.751892
3002.0,11.0,1.0
3002.0,12.0,1.0
3002.0,13.0,0.750576
3002.0,14.0,1.0
3002.0,15.0,1.0
3002.0,16.0,1.0
3002.0,17.0,0.0
3003.0,0.0,1.0
3003.0,1.0,0.67835
3003.0,2.0,0.787289
3003.0,3.0,0.647896
3003.0,4.0,0.740958
3003.0,5.0,1.0
3003.0,6.0,0.934524
3003.0,7.0,0.995872
3003.0,8.0,0.757591
3003.0,9.0,0.817922
3003.0,10.0,0.763192
3003.0,11.0,1.0
3003.0,12.0,1.0
3003.0,13.0,0.753337
3003.0,14.0,1.0
3003.0,15.0,1.0
3003.0,16.0,1.0
3003.0,17.0,0.0
3004.0,0.0,1.0
3004.0,1.0,0.685338
3004.0,2.0,0.8127
3004.0,3.0,0.651034
3004.0,4.0,0.746284
3004.0,5.0,1.0
3004.0,6.0,0.942343
3004.0,7.0,0.996181
3004.0,8.0,0.768355
3004.0,9.0,0.842857
3004.0,10.0,0.773367
3004.0,11.0,1.0
3004.0,12.0,1.0
3004.0,13.0,0.755752
3004.0,14.0,1.0
3004.0,15.0,1.0
3004.0,16.0,1.0
3004.0,17.0,0.0
3005.0,0.0,1.0
3005.0,1.0,0.693783
3005.0,2.0,0.83524
3005.0,3.0,0.654454
3005.0,4.0,0.751153
3005.0,5.0,1.0
3005.0,6.0,0.948735
3005.0,7.0,0.996627
3005.0,8.0,0.778805
3005.0,9.0,0.863445
3005.0,10.0,0.783711
3005.0,11.0,1.0
3005.0,12.0,1.0
3005.0,13.0,0.758876
3005.0,14.0,1.0
3005.0,15.0,1.0
3005.0,16.0,1.0
3005.0,17.0,0.0
3006.0,0.0,1.0
3006.0,1.0,0.70126
3006.0,2.0,0.855607
3006.0,3.0,0.657885
3006.0,4.0,0.755565
3006.0,5.0,1.0
3006.0,6.0,0.955079
3006.0,7.0,0.997036
3006.0,8.0,0.787756
3006.0,9.0,0.881006
3006.0,10.0,0.792695
3006.0,11.0,1.0
3006.0,12.0,1.0
3006.0,13.0,0.761311
3006.0,14.0,1.0
3006.0,15.0,1.0
3006.0,16.0,1.0
3006.0,17.0,0.0
3007.0,0.0,1.0
3007.0,1.0,0.708431
3007.0,2.0,0.872569
3007.0,3.0,0.661395
3007.0,4.0,0.759917
3007.0,5.0,1.0
3007.0,6.0,0.960474
3007.0,7.0,0.997236
3007.0,8.0,0.796348
3007.0,9.0,0.89664
3007.0,10.0,0.800609
3007.0,11.0,1.0
3007.0,12.0,1.0
3007.0,13.0,0.763657
3007.0,14.0,1.0
3007.0,15.0,1.0
3007.0,16.0,1.0
3007.0,17.0,0.0
3008.0,0.0,1.0
3008.0,1.0,0.715338
3008.0,2.0,0.887793
3008.0,3.0,0.664453
3008.0,4.0,0.764093
3008.0,5.0,1.0
3008.0,6.0,0.965217
3008.0,7.0,0.997619
3008.0,8.0,0.804654
3008.0,9.0,0.909143
3008.0,10.0,0.808554
3008.0,11.0,1.0
3008.0,12.0,1.0
3008.0,13.0,0.766795
3008.0,14.0,1.0
3008.0,15.0,1.0
3008.0,16.0,1.0
3008.0,17.0,0.0
3009.0,0.0,1.0
3009.0,1.0,0.684334
3009.0,2.0,0.796534
3009.0,3.0,0.650138
3009.0,4.0,0.744864
3009.0,5.0,1.0
3009.0,6.0,0.940191
3009.0,7.0,0.996458
3009.0,8.0,0.763682
3009.0,9.0,0.828752
3009.0,10.0,0.768319
3009.0,11.0,1.0
3009.0,12.0,1.0
3009.0,13.0,0.757139
3009.0,14.0,1.0
3009.0,15.0,1.0
3009.0,16.0,1.0
3009.0,17.0,0.0
3010.0,0.0,1.0
3010.0,1.0,0.655517
3010.0,2.0,0.687705
3010.0,3.0,0.638144
3010.0,4.0,0.728123
3010.0,5.0,1.0
3010.0,6.0,0.906389
3010.0,7.0,0.995001
3010.0,8.0,0.722903
3010.0,9.0,0.708566
3010.0,10.0,0.730185
3010.0,11.0,1.0
3010.0,12.0,1.0
3010.0,13.0,0.749527
3010.0,14.0,1.0
3010.0,15.0,1.0
3010.0,16.0,1.0
3010.0,17.0,0.0
4000.0,0.0,1.0
4000.0,1.0,0.663618
4000.0,2.0,0.686895
4000.0,3.0,0.639404
4000.0,4.0,0.724965
4000.0,5.0,1.0
4000.0,6.0,0.907281
4000.0,7.0,0.994992
4000.0,8.0,0.723941
4000.0,9.0,0.706983
4000.0,10.0,0.726178
4000.0,11.0,1.0
4000.0,12.0,1.0
4000.0,13.0,0.74326
4000.0,14.0,1.0
4000.0,15.0,1.0
4000.0,16.0,1.0
4000.0,17.0,0.0
4001.0,0.0,1.0
4001.0,1.0,0.672171
4001.0,2.0,0.724273
4001.0,3.0,0.641676
4001.0,4.0,0.729148
4001.0,5.0,1.0
4001.0,6.0,0.916756
4001.0,7.0,0.99544
4001.0,8.0,0.736475
4001.0,9.0,0.751523
4001.0,10.0,0.738427
4001.0,11.0,1.0
4001.0,12.0,1.0
4001.0,13.0,0.745565
4001.0,14.0,1.0
4001.0,15.0,1.0
4001.0,16.0,1.0
4001.0,17.0,0.0
4002.0,0.0,1.0
4002.0,1.0,0.680525
4002.0,2.0,0.75761
4002.0,3.0,0.645736
4002.0,4.0,0.733983
4002.0,5.0,1.0
4002.0,6.0,0.925404
4002.0,7.0,0.99584
4002.0,8.0,0.749143
4002.0,9.0,0.787462
4002.0,10.0,0.749465
4002.0,11.0,1.0
4002.0,12.0,1.0
4002.0,13.0,0.748051
4002.0,14.0,1.0
4002.0,15.0,1.0
4002.0,16.0,1.0
4002.0,17.0,0.0
4003.0,0.0,1.0
4003.0,1.0,0.687426
4003.0,2.0,0.786446
4003.0,3.0,0.648616
4003.0,4.0,0.737883
4003.0,5.0,1.0
4003.0,6.0,0.933781
4003.0,7.0,0.996168
4003.0,8.0,0.760866
4003.0,9.0,0.816836
4003.0,10.0,0.759781
4003.0,11.0,1.0
4003.0,12.0,1.0
4003.0,13.0,0.750546
4003.0,14.0,1.0
4003.0,15.0,1.0
4003.0,16.0,1.0
4003.0,17.0,0.0
4004.0,0.0,1.0
4004.0,1.0,0.695122
4004.0,2.0,0.812859
4004.0,3.0,0.652356
4004.0,4.0,0.742532
4004.0,5.0,1.0
4004.0,6.0,0.941675
4004.0,7.0,0.996658
4004.0,8.0,0.771376
4004.0,9.0,0.842469
4004.0,10.0,0.769887
4004.0,11.0,1.0
4004.0,12.0,1.0
4004.0,13.0,0.753131
4004.0,14.0,1.0
4004.0,15.0,1.0
4004.0,16.0,1.0
4004.0,17.0,0.0
4005.0,0.0,1.0
4005.0,1.0,0.7013
4005.0,2.0,0.835418
4005.0,3.0,0.654543
4005.0,4.0,0.746238
4005.0,5.0,1.0
4005.0,6.0,0.948393
4005.0,7.0,0.996941
4005.0,8.0,0.780285
4005.0,9.0,0.862657
4005.0,10.0,0.779701
4005.0,11.0,1.0
4005.0,12.0,1.0
4005.0,13.0,0.755493
4005.0,14.0,1.0
4005.0,15.0,1.0
4005.0,16.0,1.0
4005.0,17.0,0.0
4006.0,0.0,1.0
4006.0,1.0,0.708723
4006.0,2.0,0.85516
4006.0,3.0,0.658972
4006.0,4.0,0.750542
4006.0,5.0,1.0
4006.0,6.0,0.954862
4006.0,7.0,0.997223
4006.0,8.0,0.788806
4006.0,9.0,0.88046
4006.0,10.0,0.788363
4006.0,11.0,1.0
4006.0,12.0,1.0
4006.0,13.0,0.758309
4006.0,14.0,1.0
4006.0,15.0,1.0
4006.0,16.0,1.0
4006.0,17.0,0.0
4007.0,0.0,1.0
4007.0,1.0,0.715231
4007.0,2.0,0.872003
4007.0,3.0,0.662405
4007.0,4.0,0.755627
4007.0,5.0,1.0
4007.0,6.0,0.960296
4007.0,7.0,0.997446
4007.0,8.0,0.797363
4007.0,9.0,0.896431
4007.0,10.0,0.797705
4007.0,11.0,1.0
4007.0,12.0,1.0
4007.0,13.0,0.760522
4007.0,14.0,1.0
4007.0,15.0,1.0
4007.0,16.0,1.0
4007.0,17.0,0.0
4008.0,0.0,1.0
4008.0,1.0,0.721981
4008.0,2.0,0.886848
4008.0,3.0,0.665913
4008.0,4.0,0.758469
4008.0,5.0,1.0
4008.0,6.0,0.96501
4008.0,7.0,0.997697
4008.0,8.0,0.805156
4008.0,9.0,0.909281
4008.0,10.0,0.806256
4008.0,11.0,1.0
4008.0,12.0,1.0
4008.0,13.0,0.763121
4008.0,14.0,1.0
4008.0,15.0,1.0
4008.0,16.0,1.0
4008.0,17.0,0.0
4009.0,0.0,1.0
4009.0,1.0,0.691078
4009.0,2.0,0.794844
4009.0,3.0,0.651968
4009.0,4.0,0.739074
4009.0,5.0,1.0
4009.0,6.0,0.939852
4009.0,7.0,0.996572
4009.0,8.0,0.763746
4009.0,9.0,0.830111
4009.0,10.0,0.766071
4009.0,11.0,1.0
4009.0,12.0,1.0
4009.0,13.0,0.753788
4009.0,14.0,1.0
4009.0,15.0,1.0
4009.0,16.0,1.0
4009.0,17.0,0.0
4010.0,0.0,1.0
4010.0,1.0,0.664147
4010.0,2.0,0.686801
4010.0,3.0,0.63961
4010.0,4.0,0.722425
4010.0,5.0,1.0
4010.0,6.0,0.906399
4010.0,7.0,0.995099
4010.0,8.0,0.724177
4010.0,9.0,0.710795
4010.0,10.0,0.727281
4010.0,11.0,1.0
4010.0,12.0,1.0
4010.0,13.0,0.74508
4010.0,14.0,1.0
4010.0,15.0,1.0
4010.0,16.0,1.0
4010.0,17.0,0.0
5000.0,0.0,1.0
5000.0,1.0,0.659568
5000.0,2.0,0.688575
5000.0,3.0,0.631581
5000.0,4.0,0.716161
5000.0,5.0,1.0
5000.0,6.0,0.904313
5000.0,7.0,0.999261
5000.0,8.0,0.722678
5000.0,9.0,0.714165
5000.0,10.0,0.721799
5000.0,11.0,1.0
5000.0,12.0,1.0
5000.0,13.0,0.751142
5000.0,14.0,1.0
5000.0,15.0,1.0
5000.0,16.0,1.0
5000.0,17.0,0.0
5001.0,0.0,1.0
5001.0,1.0,0.666944
5001.0,2.0,0.725226
5001.0,3.0,0.635198
5001.0,4.0,0.720466
5001.0,5.0,1.0
5001.0,6.0,0.914804
5001.0,7.0,0.999314
5001.0,8.0,0.73524
5001.0,9.0,0.756392
5001.0,10.0,0.734005
5001.0,11.0,1.0
5001.0,12.0,1.0
5001.0,13.0,0.753196
5001.0,14.0,1.0
5001.0,15.0,1.0
5001.0,16.0,1.0
5001.0,17.0,0.0
5002.0,0.0,1.0
5002.0,1.0,0.674219
5002.0,2.0,0.758403
5002.0,3.0,0.638922
5002.0,4.0,0.725745
5002.0,5.0,1.0
5002.0,6.0,0.924246
5002.0,7.0,0.999382
5002.0,8.0,0.747673
5002.0,9.0,0.791952
5002.0,10.0,0.746141
5002.0,11.0,1.0
5002.0,12.0,1.0
5002.0,13.0,0.756233
5002.0,14.0,1.0
5002.0,15.0,1.0
5002.0,16.0,1.0
5002.0,17.0,0.0
5003.0,0.0,1.0
5003.0,1.0,0.682158
5003.0,2.0,0.788061
5003.0,3.0,0.641991
5003.0,4.0,0.730735
5003.0,5.0,1.0
5003.0,6.0,0.932762
5003.0,7.0,0.999448
5003.0,8.0,0.758728
5003.0,9.0,0.820831
5003.0,10.0,0.757097
5003.0,11.0,1.0
5003.0,12.0,1.0
5003.0,13.0,0.75815
5003.0,14.0,1.0
5003.0,15.0,1.0
5003.0,16.0,1.0
5003.0,17.0,0.0
5004.0,0.0,1.0
5004.0,1.0,0.689633
5004.0,2.0,0.813477
5004.0,3.0,0.645599
5004.0,4.0,0.735727
5004.0,5.0,1.0
5004.0,6.0,0.941352
5004.0,7.0,0.999539
5004.0,8.0,0.769311
5004.0,9.0,0.845178
5004.0,10.0,0.767371
5004.0,11.0,1.0
5004.0,12.0,1.0
5004.0,13.0,0.759348
5004.0,14.0,1.0
5004.0,15.0,1.0
5004.0,16.0,1.0
5004.0,17.0,0.0
5005.0,0.0,1.0
5005.0,1.0,0.697223
5005.0,2.0,0.83594
5005.0,3.0,0.64852
5005.0,4.0,0.740548
5005.0,5.0,1.0
5005.0,6.0,0.948635
5005.0,7.0,0.999592
5005.0,8.0,0.779419
5005.0,9.0,0.865559
5005.0,10.0,0.777831
5005.0,11.0,1.0
5005.0,12.0,1.0
5005.0,13.0,0.76172
5005.0,14.0,1.0
5005.0,15.0,1.0
5005.0,16.0,1.0
5005.0,17.0,0.0
5006.0,0.0,1.0
5006.0,1.0,0.704518
5006.0,2.0,0.855665
5006.0,3.0,0.652156
5006.0,4.0,0.74475
5006.0,5.0,1.0
5006.0,6.0,0.95492
5006.0,7.0,0.999662
5006.0,8.0,0.788767
5006.0,9.0,0.882313
5006.0,10.0,0.787202
5006.0,11.0,1.0
5006.0,12.0,1.0
5006.0,13.0,0.763962
5006.0,14.0,1.0
5006.0,15.0,1.0
5006.0,16.0,1.0
5006.0,17.0,0.0
5007.0,0.0,1.0
5007.0,1.0,0.711882
5007.0,2.0,0.872936
5007.0,3.0,0.655686
5007.0,4.0,0.749182
5007.0,5.0,1.0
5007.0,6.0,0.960251
5007.0,7.0,0.999678
5007.0,8.0,0.796918
5007.0,9.0,0.896367
5007.0,10.0,0.796935
5007.0,11.0,1.0
5007.0,12.0,1.0
5007.0,13.0,0.765924
5007.0,14.0,1.0
5007.0,15.0,1.0
5007.0,16.0,1.0
5007.0,17.0,0.0
5008.0,0.0,1.0
5008.0,1.0,0.718225
5008.0,2.0,0.888059
5008.0,3.0,0.658717
5008.0,4.0,0.753778
5008.0,5.0,1.0
5008.0,6.0,0.965033
5008.0,7.0,0.999698
5008.0,8.0,0.805227
5008.0,9.0,0.909202
5008.0,10.0,0.80527
5008.0,11.0,1.0
5008.0,12.0,1.0
5008.0,13.0,0.767902
5008.0,14.0,1.0
5008.0,15.0,1.0
5008.0,16.0,1.0
5008.0,17.0,0.0
5009.0,0.0,1.0
5009.0,1.0,0.687173
5009.0,2.0,0.796073
5009.0,3.0,0.643744
5009.0,4.0,0.732895
5009.0,5.0,1.0
5009.0,6.0,0.939645
5009.0,7.0,0.999553
5009.0,8.0,0.764267
5009.0,9.0,0.829412
5009.0,10.0,0.764457
5009.0,11.0,1.0
5009.0,12.0,1.0
5009.0,13.0,0.758962
5009.0,14.0,1.0
5009.0,15.0,1.0
5009.0,16.0,1.0
5009.0,17.0,0.0
5010.0,0.0,1.0
5010.0,1.0,0.660299
5010.0,2.0,0.68831
5010.0,3.0,0.630679
5010.0,4.0,0.713549
5010.0,5.0,1.0
5010.0,6.0,0.904992
5010.0,7.0,0.999332
5010.0,8.0,0.722755
5010.0,9.0,0.70857
5010.0,10.0,0.725554
5010.0,11.0,1.0
5010.0,12.0,1.0
5010.0,13.0,0.750732
5010.0,14.0,1.0
5010.0,15.0,1.0
5010.0,16.0,1.0
5010.0,17.0,0.0
6000.0,0.0,1.0
6000.0,1.0,0.664176
6000.0,2.0,0.686466
6000.0,3.0,0.637076
6000.0,4.0,0.726671
6000.0,5.0,1.0
6000.0,6.0,0.906971
6000.0,7.0,0.999019
6000.0,8.0,0.722537
6000.0,9.0,0.708769
6000.0,10.0,0.730829
6000.0,11.0,1.0
6000.0,12.0,1.0
6000.0,13.0,0.747412
6000.0,14.0,1.0
6000.0,15.0,1.0
6000.0,16.0,1.0
6000.0,17.0,0.0
6001.0,0.0,1.0
6001.0,1.0,0.67156
6001.0,2.0,0.72429
6001.0,3.0,0.640871
6001.0,4.0,0.731531
6001.0,5.0,1.0
6001.0,6.0,0.91667
6001.0,7.0,0.999086
6001.0,8.0,0.734928
6001.0,9.0,0.753323
6001.0,10.0,0.74143
6001.0,11.0,1.0
6001.0,12.0,1.0
6001.0,13.0,0.749034
6001.0,14.0,1.0
6001.0,15.0,1.0
6001.0,16.0,1.0
6001.0,17.0,0.0
6002.0,0.0,1.0
6002.0,1.0,0.679453
6002.0,2.0,0.757609
6002.0,3.0,0.644264
6002.0,4.0,0.735842
6002.0,5.0,1.0
6002.0,6.0,0.925649
6002.0,7.0,0.999158
6002.0,8.0,0.746594
6002.0,9.0,0.788823
6002.0,10.0,0.752776
6002.0,11.0,1.0
6002.0,12.0,1.0
6002.0,13.0,0.751486
6002.0,14.0,1.0
6002.0,15.0,1.0
6002.0,16.0,1.0
6002.0,17.0,0.0
6003.0,0.0,1.0
6003.0,1.0,0.687304
6003.0,2.0,0.78722
6003.0,3.0,0.647732
6003.0,4.0,0.73974
6003.0,5.0,1.0
6003.0,6.0,0.933988
6003.0,7.0,0.999259
6003.0,8.0,0.758277
6003.0,9.0,0.818465
6003.0,10.0,0.763434
6003.0,11.0,1.0
6003.0,12.0,1.0
6003.0,13.0,0.753362
6003.0,14.0,1.0
6003.0,15.0,1.0
6003.0,16.0,1.0
6003.0,17.0,0.0
6004.0,0.0,1.0
6004.0,1.0,0.694476
6004.0,2.0,0.812588
6004.0,3.0,0.650809
6004.0,4.0,0.744463
6004.0,5.0,1.0
6004.0,6.0,0.942033
6004.0,7.0,0.999319
6004.0,8.0,0.768088
6004.0,9.0,0.843722
6004.0,10.0,0.773339
6004.0,11.0,1.0
6004.0,12.0,1.0
6004.0,13.0,0.755184
6004.0,14.0,1.0
6004.0,15.0,1.0
6004.0,16.0,1.0
6004.0,17.0,0.0
6005.0,0.0,1.0
6005.0,1.0,0.701551
6005.0,2.0,0.835637
6005.0,3.0,0.653745
6005.0,4.0,0.748815
6005.0,5.0,1.0
6005.0,6.0,0.94907
6005.0,7.0,0.999426
6005.0,8.0,0.777813
6005.0,9.0,0.864887
6005.0,10.0,0.782917
6005.0,11.0,1.0
6005.0,12.0,1.0
6005.0,13.0,0.7579
6005.0,14.0,1.0
6005.0,15.0,1.0
6005.0,16.0,1.0
6005.0,17.0,0.0
6006.0,0.0,1.0
6006.0,1.0,0.709561
6006.0,2.0,0.855311
6006.0,3.0,0.656827
6006.0,4.0,0.752467
6006.0,5.0,1.0
6006.0,6.0,0.955168
6006.0,7.0,0.999443
6006.0,8.0,0.787079
6006.0,9.0,0.881992
6006.0,10.0,0.792251
6006.0,11.0,1.0
6006.0,12.0,1.0
6006.0,13.0,0.760622
6006.0,14.0,1.0
6006.0,15.0,1.0
6006.0,16.0,1.0
6006.0,17.0,0.0
6007.0,0.0,1.0
6007.0,1.0,0.716611
6007.0,2.0,0.872871
6007.0,3.0,0.66049
6007.0,4.0,0.757882
6007.0,5.0,1.0
6007.0,6.0,0.96075
6007.0,7.0,0.999479
6007.0,8.0,0.794924
6007.0,9.0,0.896832
6007.0,10.0,0.801085
6007.0,11.0,1.0
6007.0,12.0,1.0
6007.0,13.0,0.762365
6007.0,14.0,1.0
6007.0,15.0,1.0
6007.0,16.0,1.0
6007.0,17.0,0.0
6008.0,0.0,1.0
6008.0,1.0,0.72293
6008.0,2.0,0.887345
6008.0,3.0,0.663736
6008.0,4.0,0.762516
6008.0,5.0,1.0
6008.0,6.0,0.965567
6008.0,7.0,0.999508
6008.0,8.0,0.803152
6008.0,9.0,0.909308
6008.0,10.0,0.809486
6008.0,11.0,1.0
6008.0,12.0,1.0
6008.0,13.0,0.764446
6008.0,14.0,1.0
6008.0,15.0,1.0
6008.0,16.0,1.0
6008.0,17.0,0.0
6009.0,0.0,1.0
6009.0,1.0,0.692627
6009.0,2.0,0.796252
6009.0,3.0,0.649601
6009.0,4.0,0.743096
6009.0,5.0,1.0
6009.0,6.0,0.940732
6009.0,7.0,0.999222
6009.0,8.0,0.760832
6009.0,9.0,0.830403
6009.0,10.0,0.769027
6009.0,11.0,1.0
6009.0,12.0,1.0
6009.0,13.0,0.755296
6009.0,14.0,1.0
6009.0,15.0,1.0
6009.0,16.0,1.0
6009.0,17.0,0.0
6010.0,0.0,1.0
6010.0,1.0,0.665455
6010.0,2.0,0.687448
6010.0,3.0,0.636872
6010.0,4.0,0.726266
6010.0,5.0,1.0
6010.0,6.0,0.906759
6010.0,7.0,0.998941
6010.0,8.0,0.719655
6010.0,9.0,0.712215
6010.0,10.0,0.730526
6010.0,11.0,1.0
6010.0,12.0,1.0
6010.0,13.0,0.747427
6010.0,14.0,1.0
6010.0,15.0,1.0
6010.0,16.0,1.0
6010.0,17.0,0.0
7000.0,0.0,1.0
7000.0,1.0,0.66286
7000.0,2.0,0.687143
7000.0,3.0,0.622843
7000.0,4.0,0.723572
7000.0,5.0,1.0
7000.0,6.0,0.908522
7000.0,7.0,1.0
7000.0,8.0,0.722354
7000.0,9.0,0.707653
7000.0,10.0,0.726586
7000.0,11.0,1.0
7000.0,12.0,1.0
7000.0,13.0,0.739734
7000.0,14.0,1.0
7000.0,15.0,1.0
7000.0,16.0,1.0
7000.0,17.0,0.0
7001.0,0.0,1.0
7001.0,1.0,0.670536
7001.0,2.0,0.724247
7001.0,3.0,0.626205
7001.0,4.0,0.728539
7001.0,5.0,1.0
7001.0,6.0,0.918981
7001.0,7.0,1.0
7001.0,8.0,0.735047
7001.0,9.0,0.750909
7001.0,10.0,0.737243
7001.0,11.0,1.0
7001.0,12.0,1.0
7001.0,13.0,0.742442
7001.0,14.0,1.0
7001.0,15.0,1.0
7001.0,16.0,1.0
7001.0,17.0,0.0
7002.0,0.0,1.0
7002.0,1.0,0.678656
7002.0,2.0,0.75732
7002.0,3.0,0.629614
7002.0,4.0,0.733183
7002.0,5.0,1.0
7002.0,6.0,0.928332
7002.0,7.0,1.0
7002.0,8.0,0.746571
7002.0,9.0,0.787192
7002.0,10.0,0.748164
7002.0,11.0,1.0
7002.0,12.0,1.0
7002.0,13.0,0.745293
7002.0,14.0,1.0
7002.0,15.0,1.0
7002.0,16.0,1.0
7002.0,17.0,0.0
7003.0,0.0,1.0
7003.0,1.0,0.68549
7003.0,2.0,0.786727
7003.0,3.0,0.632861
7003.0,4.0,0.73749
7003.0,5.0,1.0
7003.0,6.0,0.936612
7003.0,7.0,1.0
7003.0,8.0,0.757755
7003.0,9.0,0.81668
7003.0,10.0,0.759633
7003.0,11.0,1.0
7003.0,12.0,1.0
7003.0,13.0,0.746846
7003.0,14.0,1.0
7003.0,15.0,1.0
7003.0,16.0,1.0
7003.0,17.0,0.0
7004.0,0.0,1.0
7004.0,1.0,0.692835
7004.0,2.0,0.813119
7004.0,3.0,0.636099
7004.0,4.0,0.742089
7004.0,5.0,1.0
7004.0,6.0,0.943845
7004.0,7.0,1.0
7004.0,8.0,0.767717
7004.0,9.0,0.84123
7004.0,10.0,0.7702
7004.0,11.0,1.0
7004.0,12.0,1.0
7004.0,13.0,0.750076
7004.0,14.0,1.0
7004.0,15.0,1.0
7004.0,16.0,1.0
7004.0,17.0,0.0
7005.0,0.0,1.0
7005.0,1.0,0.700466
7005.0,2.0,0.835834
7005.0,3.0,0.639541
7005.0,4.0,0.747111
7005.0,5.0,1.0
7005.0,6.0,0.950955
7005.0,7.0,1.0
7005.0,8.0,0.777913
7005.0,9.0,0.862442
7005.0,10.0,0.780289
7005.0,11.0,1.0
7005.0,12.0,1.0
7005.0,13.0,0.753418
7005.0,14.0,1.0
7005.0,15.0,1.0
7005.0,16.0,1.0
7005.0,17.0,0.0
7006.0,0.0,1.0
7006.0,1.0,0.707809
7006.0,2.0,0.855821
7006.0,3.0,0.64287
7006.0,4.0,0.751783
7006.0,5.0,1.0
7006.0,6.0,0.95679
7006.0,7.0,1.0
7006.0,8.0,0.787038
7006.0,9.0,0.880038
7006.0,10.0,0.789064
7006.0,11.0,1.0
7006.0,12.0,1.0
7006.0,13.0,0.75544
7006.0,14.0,1.0
7006.0,15.0,1.0
7006.0,16.0,1.0
7006.0,17.0,0.0
7007.0,0.0,1.0
7007.0,1.0,0.714701
7007.0,2.0,0.873001
7007.0,3.0,0.645956
7007.0,4.0,0.756273
7007.0,5.0,1.0
7007.0,6.0,0.962451
7007.0,7.0,1.0
7007.0,8.0,0.796115
7007.0,9.0,0.895281
7007.0,10.0,0.797887
7007.0,11.0,1.0
7007.0,12.0,1.0
7007.0,13.0,0.757377
7007.0,14.0,1.0
7007.0,15.0,1.0
7007.0,16.0,1.0
7007.0,17.0,0.0
7008.0,0.0,1.0
7008.0,1.0,0.721383
7008.0,2.0,0.887528
7008.0,3.0,0.649202
7008.0,4.0,0.760729
7008.0,5.0,1.0
7008.0,6.0,0.967448
7008.0,7.0,1.0
7008.0,8.0,0.803439
7008.0,9.0,0.908242
7008.0,10.0,0.805695
7008.0,11.0,1.0
7008.0,12.0,1.0
7008.0,13.0,0.759492
7008.0,14.0,1.0
7008.0,15.0,1.0
7008.0,16.0,1.0
7008.0,17.0,0.0
7009.0,0.0,1.0
7009.0,1.0,0.690228
7009.0,2.0,0.795931
7009.0,3.0,0.635006
7009.0,4.0,0.740529
7009.0,5.0,1.0
7009.0,6.0,0.944033
7009.0,7.0,1.0
7009.0,8.0,0.761371
7009.0,9.0,0.8271
7009.0,10.0,0.764287
7009.0,11.0,1.0
7009.0,12.0,1.0
7009.0,13.0,0.750608
7009.0,14.0,1.0
7009.0,15.0,1.0
7009.0,16.0,1.0
7009.0,17.0,0.0
7010.0,0.0,1.0
7010.0,1.0,0.661954
7010.0,2.0,0.687342
7010.0,3.0,0.623443
7010.0,4.0,0.723096
7010.0,5.0,1.0
7010.0,6.0,0.912277
7010.0,7.0,1.0
7010.0,8.0,0.719735
7010.0,9.0,0.705672
7010.0,10.0,0.72481
7010.0,11.0,1.0
7010.0,12.0,1.0
7010.0,13.0,0.74296
7010.0,14.0,1.0
7010.0,15.0,1.0
7010.0,16.0,1.0
7010.0,17.0,0.0
8000.0,0.0,1.0
8000.0,1.0,0.661758
8000.0,2.0,0.685245
8000.0,3.0,0.633084
8000.0,4.0,0.719097
8000.0,5.0,1.0
8000.0,6.0,0.906181
8000.0,7.0,1.0
8000.0,8.0,0.719039
8000.0,9.0,0.706597
8000.0,10.0,0.724281
8000.0,11.0,1.0
8000.0,12.0,1.0
8000.0,13.0,0.748263
8000.0,14.0,1.0
8000.0,15.0,1.0
8000.0,16.0,1.0
8000.0,17.0,0.0
8001.0,0.0,1.0
8001.0,1.0,0.669033
8001.0,2.0,0.721936
8001.0,3.0,0.636244
8001.0,4.0,0.723795
8001.0,5.0,1.0
8001.0,6.0,0.916762
8001.0,7.0,1.0
8001.0,8.0,0.732218
8001.0,9.0,0.750249
8001.0,10.0,0.735606
8001.0,11.0,1.0
8001.0,12.0,1.0
8001.0,13.0,0.750808
8001.0,14.0,1.0
8001.0,15.0,1.0
8001.0,16.0,1.0
8001.0,17.0,0.0
8002.0,0.0,1.0
8002.0,1.0,0.677518
8002.0,2.0,0.755529
8002.0,3.0,0.639618
8002.0,4.0,0.72949
8002.0,5.0,1.0
8002.0,6.0,0.926104
8002.0,7.0,1.0
8002.0,8.0,0.744606
8002.0,9.0,0.786949
8002.0,10.0,0.747218
8002.0,11.0,1.0
8002.0,12.0,1.0
8002.0,13.0,0.753227
8002.0,14.0,1.0
8002.0,15.0,1.0
8002.0,16.0,1.0
8002.0,17.0,0.0
8003.0,0.0,1.0
8003.0,1.0,0.684648
8003.0,2.0,0.784921
8003.0,3.0,0.643226
8003.0,4.0,0.733956
8003.0,5.0,1.0
8003.0,6.0,0.934601
8003.0,7.0,1.0
8003.0,8.0,0.756506
8003.0,9.0,0.817279
8003.0,10.0,0.758516
8003.0,11.0,1.0
8003.0,12.0,1.0
8003.0,13.0,0.755232
8003.0,14.0,1.0
8003.0,15.0,1.0
8003.0,16.0,1.0
8003.0,17.0,0.0
8004.0,0.0,1.0
8004.0,1.0,0.691896
8004.0,2.0,0.810601
8004.0,3.0,0.646496
8004.0,4.0,0.738291
8004.0,5.0,1.0
8004.0,6.0,0.942451
8004.0,7.0,1.0
8004.0,8.0,0.766694
8004.0,9.0,0.842165
8004.0,10.0,0.769231
8004.0,11.0,1.0
8004.0,12.0,1.0
8004.0,13.0,0.757075
8004.0,14.0,1.0
8004.0,15.0,1.0
8004.0,16.0,1.0
8004.0,17.0,0.0
8005.0,0.0,1.0
8005.0,1.0,0.69996
8005.0,2.0,0.833119
8005.0,3.0,0.650183
8005.0,4.0,0.742795
8005.0,5.0,1.0
8005.0,6.0,0.949578
8005.0,7.0,1.0
8005.0,8.0,0.777521
8005.0,9.0,0.862947
8005.0,10.0,0.778965
8005.0,11.0,1.0
8005.0,12.0,1.0
8005.0,13.0,0.759353
8005.0,14.0,1.0
8005.0,15.0,1.0
8005.0,16.0,1.0
8005.0,17.0,0.0
8006.0,0.0,1.0
8006.0,1.0,0.707308
8006.0,2.0,0.85257
8006.0,3.0,0.653771
8006.0,4.0,0.748201
8006.0,5.0,1.0
8006.0,6.0,0.955465
8006.0,7.0,1.0
8006.0,8.0,0.786471
8006.0,9.0,0.880218
8006.0,10.0,0.787526
8006.0,11.0,1.0
8006.0,12.0,1.0
8006.0,13.0,0.761381
8006.0,14.0,1.0
8006.0,15.0,1.0
8006.0,16.0,1.0
8006.0,17.0,0.0
8007.0,0.0,1.0
8007.0,1.0,0.714896
8007.0,2.0,0.869896
8007.0,3.0,0.657343
8007.0,4.0,0.753038
8007.0,5.0,1.0
8007.0,6.0,0.961136
8007.0,7.0,1.0
8007.0,8.0,0.794802
8007.0,9.0,0.895233
8007.0,10.0,0.79627
8007.0,11.0,1.0
8007.0,12.0,1.0
8007.0,13.0,0.763636
8007.0,14.0,1.0
8007.0,15.0,1.0
8007.0,16.0,1.0
8007.0,17.0,0.0
8008.0,0.0,1.0
8008.0,1.0,0.721617
8008.0,2.0,0.885442
8008.0,3.0,0.660751
8008.0,4.0,0.757638
8008.0,5.0,1.0
8008.0,6.0,0.965861
8008.0,7.0,1.0
8008.0,8.0,0.802768
8008.0,9.0,0.907856
8008.0,10.0,0.805008
8008.0,11.0,1.0
8008.0,12.0,1.0
8008.0,13.0,0.765606
8008.0,14.0,1.0
8008.0,15.0,1.0
8008.0,16.0,1.0
8008.0,17.0,0.0
8009.0,0.0,1.0
8009.0,1.0,0.690311
8009.0,2.0,0.792555
8009.0,3.0,0.646504
8009.0,4.0,0.738134
8009.0,5.0,1.0
8009.0,6.0,0.94119
8009.0,7.0,1.0
8009.0,8.0,0.760448
8009.0,9.0,0.826552
8009.0,10.0,0.764165
8009.0,11.0,1.0
8009.0,12.0,1.0
8009.0,13.0,0.755556
8009.0,14.0,1.0
8009.0,15.0,1.0
8009.0,16.0,1.0
8009.0,17.0,0.0
8010.0,0.0,1.0
8010.0,1.0,0.661976
8010.0,2.0,0.684221
8010.0,3.0,0.633361
8010.0,4.0,0.720959
8010.0,5.0,1.0
8010.0,6.0,0.907635
8010.0,7.0,1.0
8010.0,8.0,0.718897
8010.0,9.0,0.705674
8010.0,10.0,0.724515
8010.0,11.0,1.0
8010.0,12.0,1.0
8010.0,13.0,0.746568
8010.0,14.0,1.0
8010.0,15.0,1.0
8010.0,16.0,1.0
8010.0,17.0,0.0
9000.0,0.0,1.0
9000.0,1.0,0.663105
9000.0,2.0,0.684949
9000.0,3.0,0.646894
9000.0,4.0,0.726564
9000.0,5.0,1.0
9000.0,6.0,0.907694
9000.0,7.0,1.0
9000.0,8.0,0.722354
9000.0,9.0,0.708451
9000.0,10.0,0.729057
9000.0,11.0,1.0
9000.0,12.0,1.0
9000.0,13.0,0.736447
9000.0,14.0,1.0
9000.0,15.0,1.0
9000.0,16.0,1.0
9000.0,17.0,0.0
9001.0,0.0,1.0
9001.0,1.0,0.670815
9001.0,2.0,0.721142
9001.0,3.0,0.650177
9001.0,4.0,0.730966
9001.0,5.0,1.0
9001.0,6.0,0.917802
9001.0,7.0,1.0
9001.0,8.0,0.734811
9001.0,9.0,0.752196
9001.0,10.0,0.740825
9001.0,11.0,1.0
9001.0,12.0,1.0
9001.0,13.0,0.73927
9001.0,14.0,1.0
9001.0,15.0,1.0
9001.0,16.0,1.0
9001.0,17.0,0.0
9002.0,0.0,1.0
9002.0,1.0,0.678768
9002.0,2.0,0.753855
9002.0,3.0,0.653533
9002.0,4.0,0.735751
9002.0,5.0,1.0
9002.0,6.0,0.927066
9002.0,7.0,1.0
9002.0,8.0,0.746824
9002.0,9.0,0.788182
9002.0,10.0,0.752405
9002.0,11.0,1.0
9002.0,12.0,1.0
9002.0,13.0,0.741867
9002.0,14.0,1.0
9002.0,15.0,1.0
9002.0,16.0,1.0
9002.0,17.0,0.0
9003.0,0.0,1.0
9003.0,1.0,0.685766
9003.0,2.0,0.783496
9003.0,3.0,0.656896
9003.0,4.0,0.741
9003.0,5.0,1.0
9003.0,6.0,0.935189
9003.0,7.0,1.0
9003.0,8.0,0.758455
9003.0,9.0,0.818369
9003.0,10.0,0.762207
9003.0,11.0,1.0
9003.0,12.0,1.0
9003.0,13.0,0.744686
9003.0,14.0,1.0
9003.0,15.0,1.0
9003.0,16.0,1.0
9003.0,17.0,0.0
9004.0,0.0,1.0
9004.0,1.0,0.692621
9004.0,2.0,0.809492
9004.0,3.0,0.65968
9004.0,4.0,0.745884
9004.0,5.0,1.0
9004.0,6.0,0.942704
9004.0,7.0,1.0
9004.0,8.0,0.768812
9004.0,9.0,0.843236
9004.0,10.0,0.771668
9004.0,11.0,1.0
9004.0,12.0,1.0
9004.0,13.0,0.747224
9004.0,14.0,1.0
9004.0,15.0,1.0
9004.0,16.0,1.0
9004.0,17.0,0.0
9005.0,0.0,1.0
9005.0,1.0,0.70002
9005.0,2.0,0.832253
9005.0,3.0,0.66294
9005.0,4.0,0.74995
9005.0,5.0,1.0
9005.0,6.0,0.949353
9005.0,7.0,1.0
9005.0,8.0,0.777813
9005.0,9.0,0.863524
9005.0,10.0,0.781855
9005.0,11.0,1.0
9005.0,12.0,1.0
9005.0,13.0,0.749073
9005.0,14.0,1.0
9005.0,15.0,1.0
9005.0,16.0,1.0
9005.0,17.0,0.0
9006.0,0.0,1.0
9006.0,1.0,0.706961
9006.0,2.0,0.852775
9006.0,3.0,0.667023
9006.0,4.0,0.754849
9006.0,5.0,1.0
9006.0,6.0,0.955377
9006.0,7.0,1.0
9006.0,8.0,0.786804
9006.0,9.0,0.880706
9006.0,10.0,0.791206
9006.0,11.0,1.0
9006.0,12.0,1.0
9006.0,13.0,0.751127
9006.0,14.0,1.0
9006.0,15.0,1.0
9006.0,16.0,1.0
9006.0,17.0,0.0
9007.0,0.0,1.0
9007.0,1.0,0.714393
9007.0,2.0,0.869838
9007.0,3.0,0.670838
9007.0,4.0,0.759816
9007.0,5.0,1.0
9007.0,6.0,0.960647
9007.0,7.0,1.0
9007.0,8.0,0.795081
9007.0,9.0,0.895443
9007.0,10.0,0.800188
9007.0,11.0,1.0
9007.0,12.0,1.0
9007.0,13.0,0.753526
9007.0,14.0,1.0
9007.0,15.0,1.0
9007.0,16.0,1.0
9007.0,17.0,0.0
9008.0,0.0,1.0
9008.0,1.0,0.720638
9008.0,2.0,0.885409
9008.0,3.0,0.673608
9008.0,4.0,0.764188
9008.0,5.0,1.0
9008.0,6.0,0.96532
9008.0,7.0,1.0
9008.0,8.0,0.803486
9008.0,9.0,0.90826
9008.0,10.0,0.808048
9008.0,11.0,1.0
9008.0,12.0,1.0
9008.0,13.0,0.755701
9008.0,14.0,1.0
9008.0,15.0,1.0
9008.0,16.0,1.0
9008.0,17.0,0.0
9009.0,0.0,1.0
9009.0,1.0,0.690127
9009.0,2.0,0.792608
9009.0,3.0,0.659078
9009.0,4.0,0.745273
9009.0,5.0,1.0
9009.0,6.0,0.940215
9009.0,7.0,1.0
9009.0,8.0,0.761733
9009.0,9.0,0.827388
9009.0,10.0,0.767549
9009.0,11.0,1.0
9009.0,12.0,1.0
9009.0,13.0,0.745407
9009.0,14.0,1.0
9009.0,15.0,1.0
9009.0,16.0,1.0
9009.0,17.0,0.0
9010.0,0.0,1.0
9010.0,1.0,0.662093
9010.0,2.0,0.684344
9010.0,3.0,0.646404
9010.0,4.0,0.728227
9010.0,5.0,1.0
9010.0,6.0,0.905624
9010.0,7.0,1.0
9010.0,8.0,0.720517
9010.0,9.0,0.70626
9010.0,10.0,0.728406
9010.0,11.0,1.0
9010.0,12.0,1.0
9010.0,13.0,0.737414
9010.0,14.0,1.0
9010.0,15.0,1.0
9010.0,16.0,1.0
9010.0,17.0,0.0
10000.0,0.0,1.0
10000.0,1.0,0.662758
10000.0,2.0,0.685193
10000.0,3.0,0.64674
10000.0,4.0,0.725163
10000.0,5.0,1.0
10000.0,6.0,0.906859
10000.0,7.0,1.0
10000.0,8.0,0.720129
10000.0,9.0,0.711061
10000.0,10.0,0.727081
10000.0,11.0,1.0
10000.0,12.0,1.0
10000.0,13.0,0.750594
10000.0,14.0,1.0
10000.0,15.0,1.0
10000.0,16.0,1.0
10000.0,17.0,0.0
10001.0,0.0,1.0
10001.0,1.0,0.669609
10001.0,2.0,0.722413
10001.0,3.0,0.649956
10001.0,4.0,0.729845
10001.0,5.0,1.0
10001.0,6.0,0.916728
10001.0,7.0,1.0
10001.0,8.0,0.73267
10001.0,9.0,0.75438
10001.0,10.0,0.738811
10001.0,11.0,1.0
10001.0,12.0,1.0
10001.0,13.0,0.752951
10001.0,14.0,1.0
10001.0,15.0,1.0
10001.0,16.0,1.0
10001.0,17.0,0.0
10002.0,0.0,1.0
10002.0,1.0,0.67714
10002.0,2.0,0.755181
10002.0,3.0,0.652877
10002.0,4.0,0.734494
10002.0,5.0,1.0
10002.0,6.0,0.925779
10002.0,7.0,1.0
10002.0,8.0,0.745669
10002.0,9.0,0.790702
10002.0,10.0,0.750044
10002.0,11.0,1.0
10002.0,12.0,1.0
10002.0,13.0,0.75401
10002.0,14.0,1.0
10002.0,15.0,1.0
10002.0,16.0,1.0
10002.0,17.0,0.0
10003.0,0.0,1.0
10003.0,1.0,0.683761
10003.0,2.0,0.784731
10003.0,3.0,0.656303
10003.0,4.0,0.739195
10003.0,5.0,1.0
10003.0,6.0,0.934404
10003.0,7.0,1.0
10003.0,8.0,0.757188
10003.0,9.0,0.819987
10003.0,10.0,0.760501
10003.0,11.0,1.0
10003.0,12.0,1.0
10003.0,13.0,0.756571
10003.0,14.0,1.0
10003.0,15.0,1.0
10003.0,16.0,1.0
10003.0,17.0,0.0
10004.0,0.0,1.0
10004.0,1.0,0.690692
10004.0,2.0,0.81105
10004.0,3.0,0.660107
10004.0,4.0,0.743037
10004.0,5.0,1.0
10004.0,6.0,0.942314
10004.0,7.0,1.0
10004.0,8.0,0.767939
10004.0,9.0,0.844927
10004.0,10.0,0.770529
10004.0,11.0,1.0
10004.0,12.0,1.0
10004.0,13.0,0.759396
10004.0,14.0,1.0
10004.0,15.0,1.0
10004.0,16.0,1.0
10004.0,17.0,0.0
10005.0,0.0,1.0
10005.0,1.0,0.698096
10005.0,2.0,0.833904
10005.0,3.0,0.664009
10005.0,4.0,0.748315
10005.0,5.0,1.0
10005.0,6.0,0.949227
10005.0,7.0,1.0
10005.0,8.0,0.777395
10005.0,9.0,0.865595
10005.0,10.0,0.780001
10005.0,11.0,1.0
10005.0,12.0,1.0
10005.0,13.0,0.762663
10005.0,14.0,1.0
10005.0,15.0,1.0
10005.0,16.0,1.0
10005.0,17.0,0.0
10006.0,0.0,1.0
10006.0,1.0,0.705437
10006.0,2.0,0.854043
10006.0,3.0,0.66797
10006.0,4.0,0.753387
10006.0,5.0,1.0
10006.0,6.0,0.955618
10006.0,7.0,1.0
10006.0,8.0,0.786223
10006.0,9.0,0.882322
10006.0,10.0,0.788962
10006.0,11.0,1.0
10006.0,12.0,1.0
10006.0,13.0,0.765306
10006.0,14.0,1.0
10006.0,15.0,1.0
10006.0,16.0,1.0
10006.0,17.0,0.0
10007.0,0.0,1.0
10007.0,1.0,0.712857
10007.0,2.0,0.872039
10007.0,3.0,0.670673
10007.0,4.0,0.757971
10007.0,5.0,1.0
10007.0,6.0,0.961366
10007.0,7.0,1.0
10007.0,8.0,0.794117
10007.0,9.0,0.89667
10007.0,10.0,0.797832
10007.0,11.0,1.0
10007.0,12.0,1.0
10007.0,13.0,0.767862
10007.0,14.0,1.0
10007.0,15.0,1.0
10007.0,16.0,1.0
10007.0,17.0,0.0
10008.0,0.0,1.0
10008.0,1.0,0.719097
10008.0,2.0,0.887278
10008.0,3.0,0.673697
10008.0,4.0,0.762229
10008.0,5.0,1.0
10008.0,6.0,0.965816
10008.0,7.0,1.0
10008.0,8.0,0.802002
10008.0,9.0,0.909223
10008.0,10.0,0.805346
10008.0,11.0,1.0
10008.0,12.0,1.0
10008.0,13.0,0.77072
10008.0,14.0,1.0
10008.0,15.0,1.0
10008.0,16.0,1.0
10008.0,17.0,0.0
10009.0,0.0,1.0
10009.0,1.0,0.688111
10009.0,2.0,0.795408
10009.0,3.0,0.658555
10009.0,4.0,0.742514
10009.0,5.0,1.0
10009.0,6.0,0.941747
10009.0,7.0,1.0
10009.0,8.0,0.759981
10009.0,9.0,0.83033
10009.0,10.0,0.764778
10009.0,11.0,1.0
10009.0,12.0,1.0
10009.0,13.0,0.761669
10009.0,14.0,1.0
10009.0,15.0,1.0
10009.0,16.0,1.0
10009.0,17.0,0.0
10010.0,0.0,1.0
10010.0,1.0,0.660206
10010.0,2.0,0.68647
10010.0,3.0,0.646649
10010.0,4.0,0.725504
10010.0,5.0,1.0
10010.0,6.0,0.909172
10010.0,7.0,1.0
10010.0,8.0,0.718423
10010.0,9.0,0.710351
10010.0,10.0,0.725561
10010.0,11.0,1.0
10010.0,12.0,1.0
10010.0,13.0,0.752808
10010.0,14.0,1.0
10010.0,15.0,1.0
10010.0,16.0,1.0
10010.0,17.0,0.0
