FREQUENCIES 
Gen,mut_id,mut_freq
1.0,0.0,0.5
1.0,1.0,0.5
1.0,2.0,0.5
1.0,3.0,0.5
1.0,4.0,0.5
1.0,5.0,0.5
1.0,6.0,0.5
1.0,7.0,0.5
1.0,8.0,0.5
1.0,9.0,0.5
1.0,10.0,0.5
1.0,11.0,0.5
1.0,12.0,0.5
1.0,13.0,0.5
1.0,14.0,0.5
1.0,15.0,0.5
1.0,16.0,0.5
1.0,17.0,0.5
1000.0,0.0,0.0
1000.0,1.0,1.0
1000.0,2.0,1.0
1000.0,3.0,1.0
1000.0,4.0,0.998823
1000.0,5.0,1.0
1000.0,6.0,0.971307
1000.0,7.0,1.0
1000.0,8.0,0.681189
1000.0,9.0,0.968213
1000.0,10.0,1.0
1000.0,11.0,0.991586
1000.0,12.0,0.719498
1000.0,13.0,0.54615
1000.0,14.0,0.398352
1000.0,15.0,1.0
1000.0,16.0,1.0
1000.0,17.0,1.0
1001.0,0.0,0.0
1001.0,1.0,1.0
1001.0,2.0,1.0
1001.0,3.0,1.0
1001.0,4.0,0.998888
1001.0,5.0,1.0
1001.0,6.0,0.97252
1001.0,7.0,1.0
1001.0,8.0,0.749302
1001.0,9.0,0.968342
1001.0,10.0,1.0
1001.0,11.0,0.991593
1001.0,12.0,0.732906
1001.0,13.0,0.555377
1001.0,14.0,0.448378
1001.0,15.0,1.0
1001.0,16.0,1.0
1001.0,17.0,1.0
1002.0,0.0,0.0
1002.0,1.0,1.0
1002.0,2.0,1.0
1002.0,3.0,1.0
1002.0,4.0,0.998903
1002.0,5.0,1.0
1002.0,6.0,0.973369
1002.0,7.0,1.0
1002.0,8.0,0.803381
1002.0,9.0,0.968505
1002.0,10.0,1.0
1002.0,11.0,0.99152
1002.0,12.0,0.746176
1002.0,13.0,0.564747
1002.0,14.0,0.497962
1002.0,15.0,1.0
1002.0,16.0,1.0
1002.0,17.0,1.0
1003.0,0.0,0.0
1003.0,1.0,1.0
1003.0,2.0,1.0
1003.0,3.0,1.0
1003.0,4.0,0.998919
1003.0,5.0,1.0
1003.0,6.0,0.974267
1003.0,7.0,1.0
1003.0,8.0,0.846959
1003.0,9.0,0.969078
1003.0,10.0,1.0
1003.0,11.0,0.991684
1003.0,12.0,0.759234
1003.0,13.0,0.572902
1003.0,14.0,0.544057
1003.0,15.0,1.0
1003.0,16.0,1.0
1003.0,17.0,1.0
1004.0,0.0,0.0
1004.0,1.0,1.0
1004.0,2.0,1.0
1004.0,3.0,1.0
1004.0,4.0,0.998955
1004.0,5.0,1.0
1004.0,6.0,0.974825
1004.0,7.0,1.0
1004.0,8.0,0.881115
1004.0,9.0,0.969184
1004.0,10.0,1.0
1004.0,11.0,0.991732
1004.0,12.0,0.771494
1004.0,13.0,0.581663
1004.0,14.0,0.586827
1004.0,15.0,1.0
1004.0,16.0,1.0
1004.0,17.0,1.0
1005.0,0.0,0.0
1005.0,1.0,1.0
1005.0,2.0,1.0
1005.0,3.0,1.0
1005.0,4.0,0.999016
1005.0,5.0,1.0
1005.0,6.0,0.97548
1005.0,7.0,1.0
1005.0,8.0,0.907877
1005.0,9.0,0.969718
1005.0,10.0,1.0
1005.0,11.0,0.991674
1005.0,12.0,0.783061
1005.0,13.0,0.590657
1005.0,14.0,0.627318
1005.0,15.0,1.0
1005.0,16.0,1.0
1005.0,17.0,1.0
1006.0,0.0,0.0
1006.0,1.0,1.0
1006.0,2.0,1.0
1006.0,3.0,1.0
1006.0,4.0,0.999011
1006.0,5.0,1.0
1006.0,6.0,0.976057
1006.0,7.0,1.0
1006.0,8.0,0.928404
1006.0,9.0,0.970361
1006.0,10.0,1.0
1006.0,11.0,0.991723
1006.0,12.0,0.793898
1006.0,13.0,0.599572
1006.0,14.0,0.663272
1006.0,15.0,1.0
1006.0,16.0,1.0
1006.0,17.0,1.0
1007.0,0.0,0.0
1007.0,1.0,1.0
1007.0,2.0,1.0
1007.0,3.0,1.0
1007.0,4.0,0.999009
1007.0,5.0,1.0
1007.0,6.0,0.976578
1007.0,7.0,1.0
1007.0,8.0,0.944332
1007.0,9.0,0.970419
1007.0,10.0,1.0
1007.0,11.0,0.991816
1007.0,12.0,0.804584
1007.0,13.0,0.60786
1007.0,14.0,0.695679
1007.0,15.0,1.0
1007.0,16.0,1.0
1007.0,17.0,1.0
1008.0,0.0,0.0
1008.0,1.0,1.0
1008.0,2.0,1.0
1008.0,3.0,1.0
1008.0,4.0,0.998984
1008.0,5.0,1.0
1008.0,6.0,0.97756
1008.0,7.0,1.0
1008.0,8.0,0.956602
1008.0,9.0,0.970819
1008.0,10.0,1.0
1008.0,11.0,0.991707
1008.0,12.0,0.814229
1008.0,13.0,0.615892
1008.0,14.0,0.724241
1008.0,15.0,1.0
1008.0,16.0,1.0
1008.0,17.0,1.0
1009.0,0.0,0.0
1009.0,1.0,1.0
1009.0,2.0,1.0
1009.0,3.0,1.0
1009.0,4.0,0.99883
1009.0,5.0,1.0
1009.0,6.0,0.974143
1009.0,7.0,1.0
1009.0,8.0,0.854239
1009.0,9.0,0.96992
1009.0,10.0,1.0
1009.0,11.0,0.99175
1009.0,12.0,0.76408
1009.0,13.0,0.575651
1009.0,14.0,0.538729
1009.0,15.0,1.0
1009.0,16.0,1.0
1009.0,17.0,1.0
1010.0,0.0,0.0
1010.0,1.0,1.0
1010.0,2.0,1.0
1010.0,3.0,1.0
1010.0,4.0,0.998693
1010.0,5.0,1.0
1010.0,6.0,0.971553
1010.0,7.0,1.0
1010.0,8.0,0.683191
1010.0,9.0,0.969278
1010.0,10.0,1.0
1010.0,11.0,0.991694
1010.0,12.0,0.720211
1010.0,13.0,0.543156
1010.0,14.0,0.397657
1010.0,15.0,1.0
1010.0,16.0,1.0
1010.0,17.0,1.0
2000.0,0.0,0.0
2000.0,1.0,1.0
2000.0,2.0,1.0
2000.0,3.0,1.0
2000.0,4.0,1.0
2000.0,5.0,1.0
2000.0,6.0,0.967435
2000.0,7.0,1.0
2000.0,8.0,0.679439
2000.0,9.0,0.998944
2000.0,10.0,1.0
2000.0,11.0,0.994421
2000.0,12.0,0.714283
2000.0,13.0,0.548917
2000.0,14.0,0.395213
2000.0,15.0,1.0
2000.0,16.0,1.0
2000.0,17.0,1.0
2001.0,0.0,0.0
2001.0,1.0,1.0
2001.0,2.0,1.0
2001.0,3.0,1.0
2001.0,4.0,1.0
2001.0,5.0,1.0
2001.0,6.0,0.968366
2001.0,7.0,1.0
2001.0,8.0,0.747114
2001.0,9.0,0.998968
2001.0,10.0,1.0
2001.0,11.0,0.994412
2001.0,12.0,0.726826
2001.0,13.0,0.55851
2001.0,14.0,0.445839
2001.0,15.0,1.0
2001.0,16.0,1.0
2001.0,17.0,1.0
2002.0,0.0,0.0
2002.0,1.0,1.0
2002.0,2.0,1.0
2002.0,3.0,1.0
2002.0,4.0,1.0
2002.0,5.0,1.0
2002.0,6.0,0.969567
2002.0,7.0,1.0
2002.0,8.0,0.80144
2002.0,9.0,0.998949
2002.0,10.0,1.0
2002.0,11.0,0.994459
2002.0,12.0,0.740945
2002.0,13.0,0.568115
2002.0,14.0,0.4949
2002.0,15.0,1.0
2002.0,16.0,1.0
2002.0,17.0,1.0
2003.0,0.0,0.0
2003.0,1.0,1.0
2003.0,2.0,1.0
2003.0,3.0,1.0
2003.0,4.0,1.0
2003.0,5.0,1.0
2003.0,6.0,0.970419
2003.0,7.0,1.0
2003.0,8.0,0.845203
2003.0,9.0,0.998904
2003.0,10.0,1.0
2003.0,11.0,0.994518
2003.0,12.0,0.7536
2003.0,13.0,0.576466
2003.0,14.0,0.540912
2003.0,15.0,1.0
2003.0,16.0,1.0
2003.0,17.0,1.0
2004.0,0.0,0.0
2004.0,1.0,1.0
2004.0,2.0,1.0
2004.0,3.0,1.0
2004.0,4.0,1.0
2004.0,5.0,1.0
2004.0,6.0,0.971149
2004.0,7.0,1.0
2004.0,8.0,0.879342
2004.0,9.0,0.998869
2004.0,10.0,1.0
2004.0,11.0,0.994609
2004.0,12.0,0.766458
2004.0,13.0,0.585911
2004.0,14.0,0.585328
2004.0,15.0,1.0
2004.0,16.0,1.0
2004.0,17.0,1.0
2005.0,0.0,0.0
2005.0,1.0,1.0
2005.0,2.0,1.0
2005.0,3.0,1.0
2005.0,4.0,1.0
2005.0,5.0,1.0
2005.0,6.0,0.972325
2005.0,7.0,1.0
2005.0,8.0,0.906483
2005.0,9.0,0.998843
2005.0,10.0,1.0
2005.0,11.0,0.994584
2005.0,12.0,0.777832
2005.0,13.0,0.59505
2005.0,14.0,0.624871
2005.0,15.0,1.0
2005.0,16.0,1.0
2005.0,17.0,1.0
2006.0,0.0,0.0
2006.0,1.0,1.0
2006.0,2.0,1.0
2006.0,3.0,1.0
2006.0,4.0,1.0
2006.0,5.0,1.0
2006.0,6.0,0.973048
2006.0,7.0,1.0
2006.0,8.0,0.926945
2006.0,9.0,0.998867
2006.0,10.0,1.0
2006.0,11.0,0.994655
2006.0,12.0,0.78938
2006.0,13.0,0.603513
2006.0,14.0,0.659961
2006.0,15.0,1.0
2006.0,16.0,1.0
2006.0,17.0,1.0
2007.0,0.0,0.0
2007.0,1.0,1.0
2007.0,2.0,1.0
2007.0,3.0,1.0
2007.0,4.0,1.0
2007.0,5.0,1.0
2007.0,6.0,0.973976
2007.0,7.0,1.0
2007.0,8.0,0.9431
2007.0,9.0,0.998918
2007.0,10.0,1.0
2007.0,11.0,0.994723
2007.0,12.0,0.800337
2007.0,13.0,0.611613
2007.0,14.0,0.692286
2007.0,15.0,1.0
2007.0,16.0,1.0
2007.0,17.0,1.0
2008.0,0.0,0.0
2008.0,1.0,1.0
2008.0,2.0,1.0
2008.0,3.0,1.0
2008.0,4.0,1.0
2008.0,5.0,1.0
2008.0,6.0,0.974549
2008.0,7.0,1.0
2008.0,8.0,0.955758
2008.0,9.0,0.998988
2008.0,10.0,1.0
2008.0,11.0,0.99475
2008.0,12.0,0.809924
2008.0,13.0,0.619244
2008.0,14.0,0.721421
2008.0,15.0,1.0
2008.0,16.0,1.0
2008.0,17.0,1.0
2009.0,0.0,0.0
2009.0,1.0,1.0
2009.0,2.0,1.0
2009.0,3.0,1.0
2009.0,4.0,1.0
2009.0,5.0,1.0
2009.0,6.0,0.970877
2009.0,7.0,1.0
2009.0,8.0,0.852962
2009.0,9.0,0.998987
2009.0,10.0,1.0
2009.0,11.0,0.994458
2009.0,12.0,0.758465
2009.0,13.0,0.580972
2009.0,14.0,0.537657
2009.0,15.0,1.0
2009.0,16.0,1.0
2009.0,17.0,1.0
2010.0,0.0,0.0
2010.0,1.0,1.0
2010.0,2.0,1.0
2010.0,3.0,1.0
2010.0,4.0,1.0
2010.0,5.0,1.0
2010.0,6.0,0.967325
2010.0,7.0,1.0
2010.0,8.0,0.681281
2010.0,9.0,0.998971
2010.0,10.0,1.0
2010.0,11.0,0.994227
2010.0,12.0,0.711185
2010.0,13.0,0.549263
2010.0,14.0,0.39677
2010.0,15.0,1.0
2010.0,16.0,1.0
2010.0,17.0,1.0
3000.0,0.0,0.0
3000.0,1.0,1.0
3000.0,2.0,1.0
3000.0,3.0,1.0
3000.0,4.0,1.0
3000.0,5.0,1.0
3000.0,6.0,0.971822
3000.0,7.0,1.0
3000.0,8.0,0.676835
3000.0,9.0,1.0
3000.0,10.0,1.0
3000.0,11.0,0.993869
3000.0,12.0,0.711852
3000.0,13.0,0.549546
3000.0,14.0,0.395627
3000.0,15.0,1.0
3000.0,16.0,1.0
3000.0,17.0,1.0
3001.0,0.0,0.0
3001.0,1.0,1.0
3001.0,2.0,1.0
3001.0,3.0,1.0
3001.0,4.0,1.0
3001.0,5.0,1.0
3001.0,6.0,0.97286
3001.0,7.0,1.0
3001.0,8.0,0.745753
3001.0,9.0,1.0
3001.0,10.0,1.0
3001.0,11.0,0.994043
3001.0,12.0,0.725517
3001.0,13.0,0.558334
3001.0,14.0,0.445301
3001.0,15.0,1.0
3001.0,16.0,1.0
3001.0,17.0,1.0
3002.0,0.0,0.0
3002.0,1.0,1.0
3002.0,2.0,1.0
3002.0,3.0,1.0
3002.0,4.0,1.0
3002.0,5.0,1.0
3002.0,6.0,0.973805
3002.0,7.0,1.0
3002.0,8.0,0.800885
3002.0,9.0,1.0
3002.0,10.0,1.0
3002.0,11.0,0.99408
3002.0,12.0,0.739642
3002.0,13.0,0.567526
3002.0,14.0,0.493984
3002.0,15.0,1.0
3002.0,16.0,1.0
3002.0,17.0,1.0
3003.0,0.0,0.0
3003.0,1.0,1.0
3003.0,2.0,1.0
3003.0,3.0,1.0
3003.0,4.0,1.0
3003.0,5.0,1.0
3003.0,6.0,0.974609
3003.0,7.0,1.0
3003.0,8.0,0.844416
3003.0,9.0,1.0
3003.0,10.0,1.0
3003.0,11.0,0.994028
3003.0,12.0,0.752315
3003.0,13.0,0.577408
3003.0,14.0,0.539849
3003.0,15.0,1.0
3003.0,16.0,1.0
3003.0,17.0,1.0
3004.0,0.0,0.0
3004.0,1.0,1.0
3004.0,2.0,1.0
3004.0,3.0,1.0
3004.0,4.0,1.0
3004.0,5.0,1.0
3004.0,6.0,0.975393
3004.0,7.0,1.0
3004.0,8.0,0.879127
3004.0,9.0,1.0
3004.0,10.0,1.0
3004.0,11.0,0.994051
3004.0,12.0,0.765258
3004.0,13.0,0.586206
3004.0,14.0,0.583497
3004.0,15.0,1.0
3004.0,16.0,1.0
3004.0,17.0,1.0
3005.0,0.0,0.0
3005.0,1.0,1.0
3005.0,2.0,1.0
3005.0,3.0,1.0
3005.0,4.0,1.0
3005.0,5.0,1.0
3005.0,6.0,0.976552
3005.0,7.0,1.0
3005.0,8.0,0.904853
3005.0,9.0,1.0
3005.0,10.0,1.0
3005.0,11.0,0.994001
3005.0,12.0,0.776948
3005.0,13.0,0.595225
3005.0,14.0,0.622988
3005.0,15.0,1.0
3005.0,16.0,1.0
3005.0,17.0,1.0
3006.0,0.0,0.0
3006.0,1.0,1.0
3006.0,2.0,1.0
3006.0,3.0,1.0
3006.0,4.0,1.0
3006.0,5.0,1.0
3006.0,6.0,0.97713
3006.0,7.0,1.0
3006.0,8.0,0.925905
3006.0,9.0,1.0
3006.0,10.0,1.0
3006.0,11.0,0.994062
3006.0,12.0,0.787995
3006.0,13.0,0.603148
3006.0,14.0,0.658789
3006.0,15.0,1.0
3006.0,16.0,1.0
3006.0,17.0,1.0
3007.0,0.0,0.0
3007.0,1.0,1.0
3007.0,2.0,1.0
3007.0,3.0,1.0
3007.0,4.0,1.0
3007.0,5.0,1.0
3007.0,6.0,0.978129
3007.0,7.0,1.0
3007.0,8.0,0.942265
3007.0,9.0,1.0
3007.0,10.0,1.0
3007.0,11.0,0.994218
3007.0,12.0,0.79854
3007.0,13.0,0.611777
3007.0,14.0,0.691544
3007.0,15.0,1.0
3007.0,16.0,1.0
3007.0,17.0,1.0
3008.0,0.0,0.0
3008.0,1.0,1.0
3008.0,2.0,1.0
3008.0,3.0,1.0
3008.0,4.0,1.0
3008.0,5.0,1.0
3008.0,6.0,0.978885
3008.0,7.0,1.0
3008.0,8.0,0.954648
3008.0,9.0,1.0
3008.0,10.0,1.0
3008.0,11.0,0.994269
3008.0,12.0,0.809096
3008.0,13.0,0.6206
3008.0,14.0,0.721093
3008.0,15.0,1.0
3008.0,16.0,1.0
3008.0,17.0,1.0
3009.0,0.0,0.0
3009.0,1.0,1.0
3009.0,2.0,1.0
3009.0,3.0,1.0
3009.0,4.0,1.0
3009.0,5.0,1.0
3009.0,6.0,0.975463
3009.0,7.0,1.0
3009.0,8.0,0.849019
3009.0,9.0,1.0
3009.0,10.0,1.0
3009.0,11.0,0.9941
3009.0,12.0,0.757888
3009.0,13.0,0.582386
3009.0,14.0,0.535544
3009.0,15.0,1.0
3009.0,16.0,1.0
3009.0,17.0,1.0
3010.0,0.0,0.0
3010.0,1.0,1.0
3010.0,2.0,1.0
3010.0,3.0,1.0
3010.0,4.0,1.0
3010.0,5.0,1.0
3010.0,6.0,0.972671
3010.0,7.0,1.0
3010.0,8.0,0.675089
3010.0,9.0,1.0
3010.0,10.0,1.0
3010.0,11.0,0.993906
3010.0,12.0,0.712269
3010.0,13.0,0.550919
3010.0,14.0,0.394709
3010.0,15.0,1.0
3010.0,16.0,1.0
3010.0,17.0,1.0
4000.0,0.0,0.0
4000.0,1.0,1.0
4000.0,2.0,1.0
4000.0,3.0,1.0
4000.0,4.0,1.0
4000.0,5.0,1.0
4000.0,6.0,0.973365
4000.0,7.0,1.0
4000.0,8.0,0.676682
4000.0,9.0,1.0
4000.0,10.0,1.0
4000.0,11.0,0.997862
4000.0,12.0,0.714721
4000.0,13.0,0.547273
4000.0,14.0,0.395614
4000.0,15.0,1.0
4000.0,16.0,1.0
4000.0,17.0,1.0
4001.0,0.0,0.0
4001.0,1.0,1.0
4001.0,2.0,1.0
4001.0,3.0,1.0
4001.0,4.0,1.0
4001.0,5.0,1.0
4001.0,6.0,0.973988
4001.0,7.0,1.0
4001.0,8.0,0.74528
4001.0,9.0,1.0
4001.0,10.0,1.0
4001.0,11.0,0.997831
4001.0,12.0,0.728903
4001.0,13.0,0.556034
4001.0,14.0,0.446515
4001.0,15.0,1.0
4001.0,16.0,1.0
4001.0,17.0,1.0
4002.0,0.0,0.0
4002.0,1.0,1.0
4002.0,2.0,1.0
4002.0,3.0,1.0
4002.0,4.0,1.0
4002.0,5.0,1.0
4002.0,6.0,0.974653
4002.0,7.0,1.0
4002.0,8.0,0.801134
4002.0,9.0,1.0
4002.0,10.0,1.0
4002.0,11.0,0.997785
4002.0,12.0,0.742273
4002.0,13.0,0.565512
4002.0,14.0,0.495336
4002.0,15.0,1.0
4002.0,16.0,1.0
4002.0,17.0,1.0
4003.0,0.0,0.0
4003.0,1.0,1.0
4003.0,2.0,1.0
4003.0,3.0,1.0
4003.0,4.0,1.0
4003.0,5.0,1.0
4003.0,6.0,0.975447
4003.0,7.0,1.0
4003.0,8.0,0.844865
4003.0,9.0,1.0
4003.0,10.0,1.0
4003.0,11.0,0.997746
4003.0,12.0,0.755397
4003.0,13.0,0.573722
4003.0,14.0,0.541434
4003.0,15.0,1.0
4003.0,16.0,1.0
4003.0,17.0,1.0
4004.0,0.0,0.0
4004.0,1.0,1.0
4004.0,2.0,1.0
4004.0,3.0,1.0
4004.0,4.0,1.0
4004.0,5.0,1.0
4004.0,6.0,0.976106
4004.0,7.0,1.0
4004.0,8.0,0.878924
4004.0,9.0,1.0
4004.0,10.0,1.0
4004.0,11.0,0.99781
4004.0,12.0,0.768767
4004.0,13.0,0.582886
4004.0,14.0,0.586055
4004.0,15.0,1.0
4004.0,16.0,1.0
4004.0,17.0,1.0
4005.0,0.0,0.0
4005.0,1.0,1.0
4005.0,2.0,1.0
4005.0,3.0,1.0
4005.0,4.0,1.0
4005.0,5.0,1.0
4005.0,6.0,0.976732
4005.0,7.0,1.0
4005.0,8.0,0.905594
4005.0,9.0,1.0
4005.0,10.0,1.0
4005.0,11.0,0.997744
4005.0,12.0,0.781165
4005.0,13.0,0.591426
4005.0,14.0,0.625509
4005.0,15.0,1.0
4005.0,16.0,1.0
4005.0,17.0,1.0
4006.0,0.0,0.0
4006.0,1.0,1.0
4006.0,2.0,1.0
4006.0,3.0,1.0
4006.0,4.0,1.0
4006.0,5.0,1.0
4006.0,6.0,0.977314
4006.0,7.0,1.0
4006.0,8.0,0.926315
4006.0,9.0,1.0
4006.0,10.0,1.0
4006.0,11.0,0.997786
4006.0,12.0,0.792525
4006.0,13.0,0.600799
4006.0,14.0,0.660958
4006.0,15.0,1.0
4006.0,16.0,1.0
4006.0,17.0,1.0
4007.0,0.0,0.0
4007.0,1.0,1.0
4007.0,2.0,1.0
4007.0,3.0,1.0
4007.0,4.0,1.0
4007.0,5.0,1.0
4007.0,6.0,0.977949
4007.0,7.0,1.0
4007.0,8.0,0.94239
4007.0,9.0,1.0
4007.0,10.0,1.0
4007.0,11.0,0.997714
4007.0,12.0,0.803686
4007.0,13.0,0.608684
4007.0,14.0,0.692518
4007.0,15.0,1.0
4007.0,16.0,1.0
4007.0,17.0,1.0
4008.0,0.0,0.0
4008.0,1.0,1.0
4008.0,2.0,1.0
4008.0,3.0,1.0
4008.0,4.0,1.0
4008.0,5.0,1.0
4008.0,6.0,0.978678
4008.0,7.0,1.0
4008.0,8.0,0.95521
4008.0,9.0,1.0
4008.0,10.0,1.0
4008.0,11.0,0.997762
4008.0,12.0,0.813866
4008.0,13.0,0.61718
4008.0,14.0,0.721856
4008.0,15.0,1.0
4008.0,16.0,1.0
4008.0,17.0,1.0
4009.0,0.0,0.0
4009.0,1.0,1.0
4009.0,2.0,1.0
4009.0,3.0,1.0
4009.0,4.0,1.0
4009.0,5.0,1.0
4009.0,6.0,0.975738
4009.0,7.0,1.0
4009.0,8.0,0.850653
4009.0,9.0,1.0
4009.0,10.0,1.0
4009.0,11.0,0.997648
4009.0,12.0,0.762118
4009.0,13.0,0.577842
4009.0,14.0,0.536315
4009.0,15.0,1.0
4009.0,16.0,1.0
4009.0,17.0,1.0
4010.0,0.0,0.0
4010.0,1.0,1.0
4010.0,2.0,1.0
4010.0,3.0,1.0
4010.0,4.0,1.0
4010.0,5.0,1.0
4010.0,6.0,0.973474
4010.0,7.0,1.0
4010.0,8.0,0.677246
4010.0,9.0,1.0
4010.0,10.0,1.0
4010.0,11.0,0.99763
4010.0,12.0,0.715934
4010.0,13.0,0.546101
4010.0,14.0,0.395639
4010.0,15.0,1.0
4010.0,16.0,1.0
4010.0,17.0,1.0
5000.0,0.0,0.0
5000.0,1.0,1.0
5000.0,2.0,1.0
5000.0,3.0,1.0
5000.0,4.0,1.0
5000.0,5.0,1.0
5000.0,6.0,0.968845
5000.0,7.0,1.0
5000.0,8.0,0.678173
5000.0,9.0,1.0
5000.0,10.0,1.0
5000.0,11.0,0.999435
5000.0,12.0,0.71804
5000.0,13.0,0.54999
5000.0,14.0,0.396036
5000.0,15.0,1.0
5000.0,16.0,1.0
5000.0,17.0,1.0
5001.0,0.0,0.0
5001.0,1.0,1.0
5001.0,2.0,1.0
5001.0,3.0,1.0
5001.0,4.0,1.0
5001.0,5.0,1.0
5001.0,6.0,0.96973
5001.0,7.0,1.0
5001.0,8.0,0.746256
5001.0,9.0,1.0
5001.0,10.0,1.0
5001.0,11.0,0.99945
5001.0,12.0,0.731326
5001.0,13.0,0.559661
5001.0,14.0,0.445711
5001.0,15.0,1.0
5001.0,16.0,1.0
5001.0,17.0,1.0
5002.0,0.0,0.0
5002.0,1.0,1.0
5002.0,2.0,1.0
5002.0,3.0,1.0
5002.0,4.0,1.0
5002.0,5.0,1.0
5002.0,6.0,0.970632
5002.0,7.0,1.0
5002.0,8.0,0.801073
5002.0,9.0,1.0
5002.0,10.0,1.0
5002.0,11.0,0.999461
5002.0,12.0,0.745088
5002.0,13.0,0.568313
5002.0,14.0,0.494572
5002.0,15.0,1.0
5002.0,16.0,1.0
5002.0,17.0,1.0
5003.0,0.0,0.0
5003.0,1.0,1.0
5003.0,2.0,1.0
5003.0,3.0,1.0
5003.0,4.0,1.0
5003.0,5.0,1.0
5003.0,6.0,0.971573
5003.0,7.0,1.0
5003.0,8.0,0.844824
5003.0,9.0,1.0
5003.0,10.0,1.0
5003.0,11.0,0.999422
5003.0,12.0,0.75898
5003.0,13.0,0.577777
5003.0,14.0,0.541324
5003.0,15.0,1.0
5003.0,16.0,1.0
5003.0,17.0,1.0
5004.0,0.0,0.0
5004.0,1.0,1.0
5004.0,2.0,1.0
5004.0,3.0,1.0
5004.0,4.0,1.0
5004.0,5.0,1.0
5004.0,6.0,0.972699
5004.0,7.0,1.0
5004.0,8.0,0.879794
5004.0,9.0,1.0
5004.0,10.0,1.0
5004.0,11.0,0.999423
5004.0,12.0,0.771545
5004.0,13.0,0.587087
5004.0,14.0,0.584419
5004.0,15.0,1.0
5004.0,16.0,1.0
5004.0,17.0,1.0
5005.0,0.0,0.0
5005.0,1.0,1.0
5005.0,2.0,1.0
5005.0,3.0,1.0
5005.0,4.0,1.0
5005.0,5.0,1.0
5005.0,6.0,0.973521
5005.0,7.0,1.0
5005.0,8.0,0.906219
5005.0,9.0,1.0
5005.0,10.0,1.0
5005.0,11.0,0.999391
5005.0,12.0,0.783136
5005.0,13.0,0.595461
5005.0,14.0,0.62382
5005.0,15.0,1.0
5005.0,16.0,1.0
5005.0,17.0,1.0
5006.0,0.0,0.0
5006.0,1.0,1.0
5006.0,2.0,1.0
5006.0,3.0,1.0
5006.0,4.0,1.0
5006.0,5.0,1.0
5006.0,6.0,0.974377
5006.0,7.0,1.0
5006.0,8.0,0.926785
5006.0,9.0,1.0
5006.0,10.0,1.0
5006.0,11.0,0.999408
5006.0,12.0,0.794517
5006.0,13.0,0.604223
5006.0,14.0,0.659974
5006.0,15.0,1.0
5006.0,16.0,1.0
5006.0,17.0,1.0
5007.0,0.0,0.0
5007.0,1.0,1.0
5007.0,2.0,1.0
5007.0,3.0,1.0
5007.0,4.0,1.0
5007.0,5.0,1.0
5007.0,6.0,0.975175
5007.0,7.0,1.0
5007.0,8.0,0.94299
5007.0,9.0,1.0
5007.0,10.0,1.0
5007.0,11.0,0.999393
5007.0,12.0,0.805219
5007.0,13.0,0.612735
5007.0,14.0,0.691767
5007.0,15.0,1.0
5007.0,16.0,1.0
5007.0,17.0,1.0
5008.0,0.0,0.0
5008.0,1.0,1.0
5008.0,2.0,1.0
5008.0,3.0,1.0
5008.0,4.0,1.0
5008.0,5.0,1.0
5008.0,6.0,0.976082
5008.0,7.0,1.0
5008.0,8.0,0.955558
5008.0,9.0,1.0
5008.0,10.0,1.0
5008.0,11.0,0.999404
5008.0,12.0,0.815112
5008.0,13.0,0.620166
5008.0,14.0,0.721385
5008.0,15.0,1.0
5008.0,16.0,1.0
5008.0,17.0,1.0
5009.0,0.0,0.0
5009.0,1.0,1.0
5009.0,2.0,1.0
5009.0,3.0,1.0
5009.0,4.0,1.0
5009.0,5.0,1.0
5009.0,6.0,0.972464
5009.0,7.0,1.0
5009.0,8.0,0.852095
5009.0,9.0,1.0
5009.0,10.0,1.0
5009.0,11.0,0.999364
5009.0,12.0,0.764531
5009.0,13.0,0.581796
5009.0,14.0,0.535629
5009.0,15.0,1.0
5009.0,16.0,1.0
5009.0,17.0,1.0
5010.0,0.0,0.0
5010.0,1.0,1.0
5010.0,2.0,1.0
5010.0,3.0,1.0
5010.0,4.0,1.0
5010.0,5.0,1.0
5010.0,6.0,0.968919
5010.0,7.0,1.0
5010.0,8.0,0.678782
5010.0,9.0,1.0
5010.0,10.0,1.0
5010.0,11.0,0.999316
5010.0,12.0,0.719151
5010.0,13.0,0.551913
5010.0,14.0,0.394842
5010.0,15.0,1.0
5010.0,16.0,1.0
5010.0,17.0,1.0
6000.0,0.0,0.0
6000.0,1.0,1.0
6000.0,2.0,1.0
6000.0,3.0,1.0
6000.0,4.0,1.0
6000.0,5.0,1.0
6000.0,6.0,0.971593
6000.0,7.0,1.0
6000.0,8.0,0.678257
6000.0,9.0,1.0
6000.0,10.0,1.0
6000.0,11.0,0.99851
6000.0,12.0,0.718131
6000.0,13.0,0.544908
6000.0,14.0,0.396705
6000.0,15.0,1.0
6000.0,16.0,1.0
6000.0,17.0,1.0
6001.0,0.0,0.0
6001.0,1.0,1.0
6001.0,2.0,1.0
6001.0,3.0,1.0
6001.0,4.0,1.0
6001.0,5.0,1.0
6001.0,6.0,0.972234
6001.0,7.0,1.0
6001.0,8.0,0.746499
6001.0,9.0,1.0
6001.0,10.0,1.0
6001.0,11.0,0.998567
6001.0,12.0,0.731732
6001.0,13.0,0.554236
6001.0,14.0,0.446558
6001.0,15.0,1.0
6001.0,16.0,1.0
6001.0,17.0,1.0
6002.0,0.0,0.0
6002.0,1.0,1.0
6002.0,2.0,1.0
6002.0,3.0,1.0
6002.0,4.0,1.0
6002.0,5.0,1.0
6002.0,6.0,0.973317
6002.0,7.0,1.0
6002.0,8.0,0.800924
6002.0,9.0,1.0
6002.0,10.0,1.0
6002.0,11.0,0.998556
6002.0,12.0,0.746055
6002.0,13.0,0.563547
6002.0,14.0,0.495545
6002.0,15.0,1.0
6002.0,16.0,1.0
6002.0,17.0,1.0
6003.0,0.0,0.0
6003.0,1.0,1.0
6003.0,2.0,1.0
6003.0,3.0,1.0
6003.0,4.0,1.0
6003.0,5.0,1.0
6003.0,6.0,0.974362
6003.0,7.0,1.0
6003.0,8.0,0.844878
6003.0,9.0,1.0
6003.0,10.0,1.0
6003.0,11.0,0.998569
6003.0,12.0,0.758856
6003.0,13.0,0.572943
6003.0,14.0,0.542787
6003.0,15.0,1.0
6003.0,16.0,1.0
6003.0,17.0,1.0
6004.0,0.0,0.0
6004.0,1.0,1.0
6004.0,2.0,1.0
6004.0,3.0,1.0
6004.0,4.0,1.0
6004.0,5.0,1.0
6004.0,6.0,0.975066
6004.0,7.0,1.0
6004.0,8.0,0.878332
6004.0,9.0,1.0
6004.0,10.0,1.0
6004.0,11.0,0.99862
6004.0,12.0,0.771626
6004.0,13.0,0.582011
6004.0,14.0,0.585593
6004.0,15.0,1.0
6004.0,16.0,1.0
6004.0,17.0,1.0
6005.0,0.0,0.0
6005.0,1.0,1.0
6005.0,2.0,1.0
6005.0,3.0,1.0
6005.0,4.0,1.0
6005.0,5.0,1.0
6005.0,6.0,0.976174
6005.0,7.0,1.0
6005.0,8.0,0.904742
6005.0,9.0,1.0
6005.0,10.0,1.0
6005.0,11.0,0.998603
6005.0,12.0,0.783461
6005.0,13.0,0.590447
6005.0,14.0,0.625149
6005.0,15.0,1.0
6005.0,16.0,1.0
6005.0,17.0,1.0
6006.0,0.0,0.0
6006.0,1.0,1.0
6006.0,2.0,1.0
6006.0,3.0,1.0
6006.0,4.0,1.0
6006.0,5.0,1.0
6006.0,6.0,0.977123
6006.0,7.0,1.0
6006.0,8.0,0.925932
6006.0,9.0,1.0
6006.0,10.0,1.0
6006.0,11.0,0.998516
6006.0,12.0,0.794372
6006.0,13.0,0.599078
6006.0,14.0,0.660922
6006.0,15.0,1.0
6006.0,16.0,1.0
6006.0,17.0,1.0
6007.0,0.0,0.0
6007.0,1.0,1.0
6007.0,2.0,1.0
6007.0,3.0,1.0
6007.0,4.0,1.0
6007.0,5.0,1.0
6007.0,6.0,0.977652
6007.0,7.0,1.0
6007.0,8.0,0.942427
6007.0,9.0,1.0
6007.0,10.0,1.0
6007.0,11.0,0.998552
6007.0,12.0,0.804635
6007.0,13.0,0.607471
6007.0,14.0,0.692644
6007.0,15.0,1.0
6007.0,16.0,1.0
6007.0,17.0,1.0
6008.0,0.0,0.0
6008.0,1.0,1.0
6008.0,2.0,1.0
6008.0,3.0,1.0
6008.0,4.0,1.0
6008.0,5.0,1.0
6008.0,6.0,0.978233
6008.0,7.0,1.0
6008.0,8.0,0.955131
6008.0,9.0,1.0
6008.0,10.0,1.0
6008.0,11.0,0.998575
6008.0,12.0,0.814461
6008.0,13.0,0.615527
6008.0,14.0,0.721421
6008.0,15.0,1.0
6008.0,16.0,1.0
6008.0,17.0,1.0
6009.0,0.0,0.0
6009.0,1.0,1.0
6009.0,2.0,1.0
6009.0,3.0,1.0
6009.0,4.0,1.0
6009.0,5.0,1.0
6009.0,6.0,0.974833
6009.0,7.0,1.0
6009.0,8.0,0.849852
6009.0,9.0,1.0
6009.0,10.0,1.0
6009.0,11.0,0.998495
6009.0,12.0,0.763767
6009.0,13.0,0.576588
6009.0,14.0,0.535028
6009.0,15.0,1.0
6009.0,16.0,1.0
6009.0,17.0,1.0
6010.0,0.0,0.0
6010.0,1.0,1.0
6010.0,2.0,1.0
6010.0,3.0,1.0
6010.0,4.0,1.0
6010.0,5.0,1.0
6010.0,6.0,0.972286
6010.0,7.0,1.0
6010.0,8.0,0.676856
6010.0,9.0,1.0
6010.0,10.0,1.0
6010.0,11.0,0.998484
6010.0,12.0,0.718257
6010.0,13.0,0.54603
6010.0,14.0,0.395028
6010.0,15.0,1.0
6010.0,16.0,1.0
6010.0,17.0,1.0
7000.0,0.0,0.0
7000.0,1.0,1.0
7000.0,2.0,1.0
7000.0,3.0,1.0
7000.0,4.0,1.0
7000.0,5.0,1.0
7000.0,6.0,0.973138
7000.0,7.0,1.0
7000.0,8.0,0.67684
7000.0,9.0,1.0
7000.0,10.0,1.0
7000.0,11.0,0.998234
7000.0,12.0,0.721031
7000.0,13.0,0.54632
7000.0,14.0,0.396094
7000.0,15.0,1.0
7000.0,16.0,1.0
7000.0,17.0,1.0
7001.0,0.0,0.0
7001.0,1.0,1.0
7001.0,2.0,1.0
7001.0,3.0,1.0
7001.0,4.0,1.0
7001.0,5.0,1.0
7001.0,6.0,0.973764
7001.0,7.0,1.0
7001.0,8.0,0.745375
7001.0,9.0,1.0
7001.0,10.0,1.0
7001.0,11.0,0.998234
7001.0,12.0,0.734527
7001.0,13.0,0.555699
7001.0,14.0,0.445627
7001.0,15.0,1.0
7001.0,16.0,1.0
7001.0,17.0,1.0
7002.0,0.0,0.0
7002.0,1.0,1.0
7002.0,2.0,1.0
7002.0,3.0,1.0
7002.0,4.0,1.0
7002.0,5.0,1.0
7002.0,6.0,0.974576
7002.0,7.0,1.0
7002.0,8.0,0.801271
7002.0,9.0,1.0
7002.0,10.0,1.0
7002.0,11.0,0.998329
7002.0,12.0,0.747929
7002.0,13.0,0.564588
7002.0,14.0,0.494278
7002.0,15.0,1.0
7002.0,16.0,1.0
7002.0,17.0,1.0
7003.0,0.0,0.0
7003.0,1.0,1.0
7003.0,2.0,1.0
7003.0,3.0,1.0
7003.0,4.0,1.0
7003.0,5.0,1.0
7003.0,6.0,0.975324
7003.0,7.0,1.0
7003.0,8.0,0.844623
7003.0,9.0,1.0
7003.0,10.0,1.0
7003.0,11.0,0.998344
7003.0,12.0,0.76102
7003.0,13.0,0.574078
7003.0,14.0,0.541589
7003.0,15.0,1.0
7003.0,16.0,1.0
7003.0,17.0,1.0
7004.0,0.0,0.0
7004.0,1.0,1.0
7004.0,2.0,1.0
7004.0,3.0,1.0
7004.0,4.0,1.0
7004.0,5.0,1.0
7004.0,6.0,0.976082
7004.0,7.0,1.0
7004.0,8.0,0.877619
7004.0,9.0,1.0
7004.0,10.0,1.0
7004.0,11.0,0.998344
7004.0,12.0,0.772731
7004.0,13.0,0.583039
7004.0,14.0,0.585859
7004.0,15.0,1.0
7004.0,16.0,1.0
7004.0,17.0,1.0
7005.0,0.0,0.0
7005.0,1.0,1.0
7005.0,2.0,1.0
7005.0,3.0,1.0
7005.0,4.0,1.0
7005.0,5.0,1.0
7005.0,6.0,0.977104
7005.0,7.0,1.0
7005.0,8.0,0.904654
7005.0,9.0,1.0
7005.0,10.0,1.0
7005.0,11.0,0.998399
7005.0,12.0,0.784023
7005.0,13.0,0.592264
7005.0,14.0,0.625423
7005.0,15.0,1.0
7005.0,16.0,1.0
7005.0,17.0,1.0
7006.0,0.0,0.0
7006.0,1.0,1.0
7006.0,2.0,1.0
7006.0,3.0,1.0
7006.0,4.0,1.0
7006.0,5.0,1.0
7006.0,6.0,0.978028
7006.0,7.0,1.0
7006.0,8.0,0.925901
7006.0,9.0,1.0
7006.0,10.0,1.0
7006.0,11.0,0.99841
7006.0,12.0,0.795615
7006.0,13.0,0.600821
7006.0,14.0,0.661314
7006.0,15.0,1.0
7006.0,16.0,1.0
7006.0,17.0,1.0
7007.0,0.0,0.0
7007.0,1.0,1.0
7007.0,2.0,1.0
7007.0,3.0,1.0
7007.0,4.0,1.0
7007.0,5.0,1.0
7007.0,6.0,0.979066
7007.0,7.0,1.0
7007.0,8.0,0.94228
7007.0,9.0,1.0
7007.0,10.0,1.0
7007.0,11.0,0.998413
7007.0,12.0,0.806768
7007.0,13.0,0.610136
7007.0,14.0,0.693612
7007.0,15.0,1.0
7007.0,16.0,1.0
7007.0,17.0,1.0
7008.0,0.0,0.0
7008.0,1.0,1.0
7008.0,2.0,1.0
7008.0,3.0,1.0
7008.0,4.0,1.0
7008.0,5.0,1.0
7008.0,6.0,0.979615
7008.0,7.0,1.0
7008.0,8.0,0.954843
7008.0,9.0,1.0
7008.0,10.0,1.0
7008.0,11.0,0.998366
7008.0,12.0,0.81605
7008.0,13.0,0.618291
7008.0,14.0,0.72298
7008.0,15.0,1.0
7008.0,16.0,1.0
7008.0,17.0,1.0
7009.0,0.0,0.0
7009.0,1.0,1.0
7009.0,2.0,1.0
7009.0,3.0,1.0
7009.0,4.0,1.0
7009.0,5.0,1.0
7009.0,6.0,0.976479
7009.0,7.0,1.0
7009.0,8.0,0.849207
7009.0,9.0,1.0
7009.0,10.0,1.0
7009.0,11.0,0.998299
7009.0,12.0,0.766417
7009.0,13.0,0.578795
7009.0,14.0,0.537905
7009.0,15.0,1.0
7009.0,16.0,1.0
7009.0,17.0,1.0
7010.0,0.0,0.0
7010.0,1.0,1.0
7010.0,2.0,1.0
7010.0,3.0,1.0
7010.0,4.0,1.0
7010.0,5.0,1.0
7010.0,6.0,0.973662
7010.0,7.0,1.0
7010.0,8.0,0.675242
7010.0,9.0,1.0
7010.0,10.0,1.0
7010.0,11.0,0.998228
7010.0,12.0,0.721876
7010.0,13.0,0.5466
7010.0,14.0,0.397218
7010.0,15.0,1.0
7010.0,16.0,1.0
7010.0,17.0,1.0
8000.0,0.0,0.0
8000.0,1.0,1.0
8000.0,2.0,1.0
8000.0,3.0,1.0
8000.0,4.0,1.0
8000.0,5.0,1.0
8000.0,6.0,0.965852
8000.0,7.0,1.0
8000.0,8.0,0.678422
8000.0,9.0,1.0
8000.0,10.0,1.0
8000.0,11.0,0.999553
8000.0,12.0,0.713586
8000.0,13.0,0.548172
8000.0,14.0,0.399045
8000.0,15.0,1.0
8000.0,16.0,1.0
8000.0,17.0,1.0
8001.0,0.0,0.0
8001.0,1.0,1.0
8001.0,2.0,1.0
8001.0,3.0,1.0
8001.0,4.0,1.0
8001.0,5.0,1.0
8001.0,6.0,0.96702
8001.0,7.0,1.0
8001.0,8.0,0.747672
8001.0,9.0,1.0
8001.0,10.0,1.0
8001.0,11.0,0.999522
8001.0,12.0,0.727606
8001.0,13.0,0.557272
8001.0,14.0,0.448956
8001.0,15.0,1.0
8001.0,16.0,1.0
8001.0,17.0,1.0
8002.0,0.0,0.0
8002.0,1.0,1.0
8002.0,2.0,1.0
8002.0,3.0,1.0
8002.0,4.0,1.0
8002.0,5.0,1.0
8002.0,6.0,0.96827
8002.0,7.0,1.0
8002.0,8.0,0.802914
8002.0,9.0,1.0
8002.0,10.0,1.0
8002.0,11.0,0.999534
8002.0,12.0,0.741606
8002.0,13.0,0.566355
8002.0,14.0,0.498575
8002.0,15.0,1.0
8002.0,16.0,1.0
8002.0,17.0,1.0
8003.0,0.0,0.0
8003.0,1.0,1.0
8003.0,2.0,1.0
8003.0,3.0,1.0
8003.0,4.0,1.0
8003.0,5.0,1.0
8003.0,6.0,0.969313
8003.0,7.0,1.0
8003.0,8.0,0.84599
8003.0,9.0,1.0
8003.0,10.0,1.0
8003.0,11.0,0.999545
8003.0,12.0,0.754573
8003.0,13.0,0.57583
8003.0,14.0,0.545039
8003.0,15.0,1.0
8003.0,16.0,1.0
8003.0,17.0,1.0
8004.0,0.0,0.0
8004.0,1.0,1.0
8004.0,2.0,1.0
8004.0,3.0,1.0
8004.0,4.0,1.0
8004.0,5.0,1.0
8004.0,6.0,0.97034
8004.0,7.0,1.0
8004.0,8.0,0.880312
8004.0,9.0,1.0
8004.0,10.0,1.0
8004.0,11.0,0.999534
8004.0,12.0,0.767725
8004.0,13.0,0.58529
8004.0,14.0,0.588711
8004.0,15.0,1.0
8004.0,16.0,1.0
8004.0,17.0,1.0
8005.0,0.0,0.0
8005.0,1.0,1.0
8005.0,2.0,1.0
8005.0,3.0,1.0
8005.0,4.0,1.0
8005.0,5.0,1.0
8005.0,6.0,0.971243
8005.0,7.0,1.0
8005.0,8.0,0.906735
8005.0,9.0,1.0
8005.0,10.0,1.0
8005.0,11.0,0.999533
8005.0,12.0,0.77988
8005.0,13.0,0.594152
8005.0,14.0,0.627992
8005.0,15.0,1.0
8005.0,16.0,1.0
8005.0,17.0,1.0
8006.0,0.0,0.0
8006.0,1.0,1.0
8006.0,2.0,1.0
8006.0,3.0,1.0
8006.0,4.0,1.0
8006.0,5.0,1.0
8006.0,6.0,0.972009
8006.0,7.0,1.0
8006.0,8.0,0.927112
8006.0,9.0,1.0
8006.0,10.0,1.0
8006.0,11.0,0.999506
8006.0,12.0,0.791524
8006.0,13.0,0.602909
8006.0,14.0,0.664469
8006.0,15.0,1.0
8006.0,16.0,1.0
8006.0,17.0,1.0
8007.0,0.0,0.0
8007.0,1.0,1.0
8007.0,2.0,1.0
8007.0,3.0,1.0
8007.0,4.0,1.0
8007.0,5.0,1.0
8007.0,6.0,0.97273
8007.0,7.0,1.0
8007.0,8.0,0.942983
8007.0,9.0,1.0
8007.0,10.0,1.0
8007.0,11.0,0.999531
8007.0,12.0,0.801554
8007.0,13.0,0.610529
8007.0,14.0,0.696422
8007.0,15.0,1.0
8007.0,16.0,1.0
8007.0,17.0,1.0
8008.0,0.0,0.0
8008.0,1.0,1.0
8008.0,2.0,1.0
8008.0,3.0,1.0
8008.0,4.0,1.0
8008.0,5.0,1.0
8008.0,6.0,0.97366
8008.0,7.0,1.0
8008.0,8.0,0.955201
8008.0,9.0,1.0
8008.0,10.0,1.0
8008.0,11.0,0.999534
8008.0,12.0,0.81132
8008.0,13.0,0.618673
8008.0,14.0,0.724876
8008.0,15.0,1.0
8008.0,16.0,1.0
8008.0,17.0,1.0
8009.0,0.0,0.0
8009.0,1.0,1.0
8009.0,2.0,1.0
8009.0,3.0,1.0
8009.0,4.0,1.0
8009.0,5.0,1.0
8009.0,6.0,0.969611
8009.0,7.0,1.0
8009.0,8.0,0.850479
8009.0,9.0,1.0
8009.0,10.0,1.0
8009.0,11.0,0.999576
8009.0,12.0,0.759406
8009.0,13.0,0.579852
8009.0,14.0,0.538754
8009.0,15.0,1.0
8009.0,16.0,1.0
8009.0,17.0,1.0
8010.0,0.0,0.0
8010.0,1.0,1.0
8010.0,2.0,1.0
8010.0,3.0,1.0
8010.0,4.0,1.0
8010.0,5.0,1.0
8010.0,6.0,0.966182
8010.0,7.0,1.0
8010.0,8.0,0.677068
8010.0,9.0,1.0
8010.0,10.0,1.0
8010.0,11.0,0.99957
8010.0,12.0,0.713758
8010.0,13.0,0.549437
8010.0,14.0,0.398811
8010.0,15.0,1.0
8010.0,16.0,1.0
8010.0,17.0,1.0
9000.0,0.0,0.0
9000.0,1.0,1.0
9000.0,2.0,1.0
9000.0,3.0,1.0
9000.0,4.0,1.0
9000.0,5.0,1.0
9000.0,6.0,0.96647
9000.0,7.0,1.0
9000.0,8.0,0.675332
9000.0,9.0,1.0
9000.0,10.0,1.0
9000.0,11.0,1.0
9000.0,12.0,0.718738
9000.0,13.0,0.548135
9000.0,14.0,0.396709
9000.0,15.0,1.0
9000.0,16.0,1.0
9000.0,17.0,1.0
9001.0,0.0,0.0
9001.0,1.0,1.0
9001.0,2.0,1.0
9001.0,3.0,1.0
9001.0,4.0,1.0
9001.0,5.0,1.0
9001.0,6.0,0.967543
9001.0,7.0,1.0
9001.0,8.0,0.743946
9001.0,9.0,1.0
9001.0,10.0,1.0
9001.0,11.0,1.0
9001.0,12.0,0.731801
9001.0,13.0,0.557527
9001.0,14.0,0.446794
9001.0,15.0,1.0
9001.0,16.0,1.0
9001.0,17.0,1.0
9002.0,0.0,0.0
9002.0,1.0,1.0
9002.0,2.0,1.0
9002.0,3.0,1.0
9002.0,4.0,1.0
9002.0,5.0,1.0
9002.0,6.0,0.968583
9002.0,7.0,1.0
9002.0,8.0,0.799673
9002.0,9.0,1.0
9002.0,10.0,1.0
9002.0,11.0,1.0
9002.0,12.0,0.745054
9002.0,13.0,0.566862
9002.0,14.0,0.496256
9002.0,15.0,1.0
9002.0,16.0,1.0
9002.0,17.0,1.0
9003.0,0.0,0.0
9003.0,1.0,1.0
9003.0,2.0,1.0
9003.0,3.0,1.0
9003.0,4.0,1.0
9003.0,5.0,1.0
9003.0,6.0,0.96968
9003.0,7.0,1.0
9003.0,8.0,0.843819
9003.0,9.0,1.0
9003.0,10.0,1.0
9003.0,11.0,1.0
9003.0,12.0,0.758221
9003.0,13.0,0.575508
9003.0,14.0,0.542697
9003.0,15.0,1.0
9003.0,16.0,1.0
9003.0,17.0,1.0
9004.0,0.0,0.0
9004.0,1.0,1.0
9004.0,2.0,1.0
9004.0,3.0,1.0
9004.0,4.0,1.0
9004.0,5.0,1.0
9004.0,6.0,0.970746
9004.0,7.0,1.0
9004.0,8.0,0.878185
9004.0,9.0,1.0
9004.0,10.0,1.0
9004.0,11.0,1.0
9004.0,12.0,0.770722
9004.0,13.0,0.584593
9004.0,14.0,0.585724
9004.0,15.0,1.0
9004.0,16.0,1.0
9004.0,17.0,1.0
9005.0,0.0,0.0
9005.0,1.0,1.0
9005.0,2.0,1.0
9005.0,3.0,1.0
9005.0,4.0,1.0
9005.0,5.0,1.0
9005.0,6.0,0.971899
9005.0,7.0,1.0
9005.0,8.0,0.904673
9005.0,9.0,1.0
9005.0,10.0,1.0
9005.0,11.0,1.0
9005.0,12.0,0.782564
9005.0,13.0,0.593038
9005.0,14.0,0.625065
9005.0,15.0,1.0
9005.0,16.0,1.0
9005.0,17.0,1.0
9006.0,0.0,0.0
9006.0,1.0,1.0
9006.0,2.0,1.0
9006.0,3.0,1.0
9006.0,4.0,1.0
9006.0,5.0,1.0
9006.0,6.0,0.972994
9006.0,7.0,1.0
9006.0,8.0,0.925457
9006.0,9.0,1.0
9006.0,10.0,1.0
9006.0,11.0,1.0
9006.0,12.0,0.793694
9006.0,13.0,0.602307
9006.0,14.0,0.661015
9006.0,15.0,1.0
9006.0,16.0,1.0
9006.0,17.0,1.0
9007.0,0.0,0.0
9007.0,1.0,1.0
9007.0,2.0,1.0
9007.0,3.0,1.0
9007.0,4.0,1.0
9007.0,5.0,1.0
9007.0,6.0,0.973818
9007.0,7.0,1.0
9007.0,8.0,0.941547
9007.0,9.0,1.0
9007.0,10.0,1.0
9007.0,11.0,1.0
9007.0,12.0,0.804091
9007.0,13.0,0.611384
9007.0,14.0,0.692265
9007.0,15.0,1.0
9007.0,16.0,1.0
9007.0,17.0,1.0
9008.0,0.0,0.0
9008.0,1.0,1.0
9008.0,2.0,1.0
9008.0,3.0,1.0
9008.0,4.0,1.0
9008.0,5.0,1.0
9008.0,6.0,0.974823
9008.0,7.0,1.0
9008.0,8.0,0.954597
9008.0,9.0,1.0
9008.0,10.0,1.0
9008.0,11.0,1.0
9008.0,12.0,0.813689
9008.0,13.0,0.619748
9008.0,14.0,0.721561
9008.0,15.0,1.0
9008.0,16.0,1.0
9008.0,17.0,1.0
9009.0,0.0,0.0
9009.0,1.0,1.0
9009.0,2.0,1.0
9009.0,3.0,1.0
9009.0,4.0,1.0
9009.0,5.0,1.0
9009.0,6.0,0.971197
9009.0,7.0,1.0
9009.0,8.0,0.850213
9009.0,9.0,1.0
9009.0,10.0,1.0
9009.0,11.0,1.0
9009.0,12.0,0.763078
9009.0,13.0,0.581199
9009.0,14.0,0.536489
9009.0,15.0,1.0
9009.0,16.0,1.0
9009.0,17.0,1.0
9010.0,0.0,0.0
9010.0,1.0,1.0
9010.0,2.0,1.0
9010.0,3.0,1.0
9010.0,4.0,1.0
9010.0,5.0,1.0
9010.0,6.0,0.968008
9010.0,7.0,1.0
9010.0,8.0,0.675826
9010.0,9.0,1.0
9010.0,10.0,1.0
9010.0,11.0,1.0
9010.0,12.0,0.718372
9010.0,13.0,0.549592
9010.0,14.0,0.397336
9010.0,15.0,1.0
9010.0,16.0,1.0
9010.0,17.0,1.0
10000.0,0.0,0.0
10000.0,1.0,1.0
10000.0,2.0,1.0
10000.0,3.0,1.0
10000.0,4.0,1.0
10000.0,5.0,1.0
10000.0,6.0,0.972011
10000.0,7.0,1.0
10000.0,8.0,0.674258
10000.0,9.0,1.0
10000.0,10.0,1.0
10000.0,11.0,1.0
10000.0,12.0,0.715897
10000.0,13.0,0.546606
10000.0,14.0,0.396974
10000.0,15.0,1.0
10000.0,16.0,1.0
10000.0,17.0,1.0
10001.0,0.0,0.0
10001.0,1.0,1.0
10001.0,2.0,1.0
10001.0,3.0,1.0
10001.0,4.0,1.0
10001.0,5.0,1.0
10001.0,6.0,0.972621
10001.0,7.0,1.0
10001.0,8.0,0.743718
10001.0,9.0,1.0
10001.0,10.0,1.0
10001.0,11.0,1.0
10001.0,12.0,0.730193
10001.0,13.0,0.55631
10001.0,14.0,0.447154
10001.0,15.0,1.0
10001.0,16.0,1.0
10001.0,17.0,1.0
10002.0,0.0,0.0
10002.0,1.0,1.0
10002.0,2.0,1.0
10002.0,3.0,1.0
10002.0,4.0,1.0
10002.0,5.0,1.0
10002.0,6.0,0.973395
10002.0,7.0,1.0
10002.0,8.0,0.800114
10002.0,9.0,1.0
10002.0,10.0,1.0
10002.0,11.0,1.0
10002.0,12.0,0.743677
10002.0,13.0,0.56526
10002.0,14.0,0.496176
10002.0,15.0,1.0
10002.0,16.0,1.0
10002.0,17.0,1.0
10003.0,0.0,0.0
10003.0,1.0,1.0
10003.0,2.0,1.0
10003.0,3.0,1.0
10003.0,4.0,1.0
10003.0,5.0,1.0
10003.0,6.0,0.973892
10003.0,7.0,1.0
10003.0,8.0,0.843884
10003.0,9.0,1.0
10003.0,10.0,1.0
10003.0,11.0,1.0
10003.0,12.0,0.756837
10003.0,13.0,0.574328
10003.0,14.0,0.543309
10003.0,15.0,1.0
10003.0,16.0,1.0
10003.0,17.0,1.0
10004.0,0.0,0.0
10004.0,1.0,1.0
10004.0,2.0,1.0
10004.0,3.0,1.0
10004.0,4.0,1.0
10004.0,5.0,1.0
10004.0,6.0,0.974448
10004.0,7.0,1.0
10004.0,8.0,0.87905
10004.0,9.0,1.0
10004.0,10.0,1.0
10004.0,11.0,1.0
10004.0,12.0,0.770044
10004.0,13.0,0.583013
10004.0,14.0,0.586048
10004.0,15.0,1.0
10004.0,16.0,1.0
10004.0,17.0,1.0
10005.0,0.0,0.0
10005.0,1.0,1.0
10005.0,2.0,1.0
10005.0,3.0,1.0
10005.0,4.0,1.0
10005.0,5.0,1.0
10005.0,6.0,0.975438
10005.0,7.0,1.0
10005.0,8.0,0.905396
10005.0,9.0,1.0
10005.0,10.0,1.0
10005.0,11.0,1.0
10005.0,12.0,0.781418
10005.0,13.0,0.592348
10005.0,14.0,0.624684
10005.0,15.0,1.0
10005.0,16.0,1.0
10005.0,17.0,1.0
10006.0,0.0,0.0
10006.0,1.0,1.0
10006.0,2.0,1.0
10006.0,3.0,1.0
10006.0,4.0,1.0
10006.0,5.0,1.0
10006.0,6.0,0.976321
10006.0,7.0,1.0
10006.0,8.0,0.925971
10006.0,9.0,1.0
10006.0,10.0,1.0
10006.0,11.0,1.0
10006.0,12.0,0.792293
10006.0,13.0,0.600629
10006.0,14.0,0.660305
10006.0,15.0,1.0
10006.0,16.0,1.0
10006.0,17.0,1.0
10007.0,0.0,0.0
10007.0,1.0,1.0
10007.0,2.0,1.0
10007.0,3.0,1.0
10007.0,4.0,1.0
10007.0,5.0,1.0
10007.0,6.0,0.977269
10007.0,7.0,1.0
10007.0,8.0,0.941852
10007.0,9.0,1.0
10007.0,10.0,1.0
10007.0,11.0,1.0
10007.0,12.0,0.803215
10007.0,13.0,0.608304
10007.0,14.0,0.69225
10007.0,15.0,1.0
10007.0,16.0,1.0
10007.0,17.0,1.0
10008.0,0.0,0.0
10008.0,1.0,1.0
10008.0,2.0,1.0
10008.0,3.0,1.0
10008.0,4.0,1.0
10008.0,5.0,1.0
10008.0,6.0,0.978103
10008.0,7.0,1.0
10008.0,8.0,0.954547
10008.0,9.0,1.0
10008.0,10.0,1.0
10008.0,11.0,1.0
10008.0,12.0,0.81396
10008.0,13.0,0.616064
10008.0,14.0,0.720788
10008.0,15.0,1.0
10008.0,16.0,1.0
10008.0,17.0,1.0
10009.0,0.0,0.0
10009.0,1.0,1.0
10009.0,2.0,1.0
10009.0,3.0,1.0
10009.0,4.0,1.0
10009.0,5.0,1.0
10009.0,6.0,0.974609
10009.0,7.0,1.0
10009.0,8.0,0.849111
10009.0,9.0,1.0
10009.0,10.0,1.0
10009.0,11.0,1.0
10009.0,12.0,0.763004
10009.0,13.0,0.577783
10009.0,14.0,0.534526
10009.0,15.0,1.0
10009.0,16.0,1.0
10009.0,17.0,1.0
10010.0,0.0,0.0
10010.0,1.0,1.0
10010.0,2.0,1.0
10010.0,3.0,1.0
10010.0,4.0,1.0
10010.0,5.0,1.0
10010.0,6.0,0.971249
10010.0,7.0,1.0
10010.0,8.0,0.675058
10010.0,9.0,1.0
10010.0,10.0,1.0
10010.0,11.0,1.0
10010.0,12.0,0.718098
10010.0,13.0,0.547212
10010.0,14.0,0.394605
10010.0,15.0,1.0
10010.0,16.0,1.0
10010.0,17.0,1.0
