FREQUENCIES 
Gen,mut_id,mut_freq
1.0,0.0,0.5
1.0,1.0,0.5
1.0,2.0,0.5
1.0,3.0,0.5
1.0,4.0,0.5
1.0,5.0,0.5
1.0,6.0,0.5
1.0,7.0,0.5
1.0,8.0,0.5
1.0,9.0,0.5
1.0,10.0,0.5
1.0,11.0,0.5
1.0,12.0,0.5
1.0,13.0,0.5
1.0,14.0,0.5
1.0,15.0,0.5
1.0,16.0,0.5
1.0,17.0,0.5
1000.0,0.0,0.980341
1000.0,1.0,1.0
1000.0,2.0,1.0
1000.0,3.0,0.347476
1000.0,4.0,0.410098
1000.0,5.0,0.557766
1000.0,6.0,0.955836
1000.0,7.0,0.797835
1000.0,8.0,1.0
1000.0,9.0,1.0
1000.0,10.0,0.690609
1000.0,11.0,0.987684
1000.0,12.0,0.56432
1000.0,13.0,0.524235
1000.0,14.0,0.95117
1000.0,15.0,0.650376
1000.0,16.0,0.443142
1000.0,17.0,1.0
1001.0,0.0,0.980876
1001.0,1.0,1.0
1001.0,2.0,1.0
1001.0,3.0,0.438915
1001.0,4.0,0.418938
1001.0,5.0,0.517346
1001.0,6.0,0.955774
1001.0,7.0,0.818337
1001.0,8.0,1.0
1001.0,9.0,1.0
1001.0,10.0,0.724997
1001.0,11.0,0.987837
1001.0,12.0,0.577928
1001.0,13.0,0.527015
1001.0,14.0,0.954346
1001.0,15.0,0.652106
1001.0,16.0,0.489546
1001.0,17.0,1.0
1002.0,0.0,0.981535
1002.0,1.0,1.0
1002.0,2.0,1.0
1002.0,3.0,0.527147
1002.0,4.0,0.428958
1002.0,5.0,0.47985
1002.0,6.0,0.955106
1002.0,7.0,0.837885
1002.0,8.0,1.0
1002.0,9.0,1.0
1002.0,10.0,0.754577
1002.0,11.0,0.987938
1002.0,12.0,0.591318
1002.0,13.0,0.530344
1002.0,14.0,0.957567
1002.0,15.0,0.654315
1002.0,16.0,0.535248
1002.0,17.0,1.0
1003.0,0.0,0.981916
1003.0,1.0,1.0
1003.0,2.0,1.0
1003.0,3.0,0.606939
1003.0,4.0,0.439904
1003.0,5.0,0.448306
1003.0,6.0,0.95485
1003.0,7.0,0.854747
1003.0,8.0,1.0
1003.0,9.0,1.0
1003.0,10.0,0.778498
1003.0,11.0,0.98817
1003.0,12.0,0.605669
1003.0,13.0,0.532872
1003.0,14.0,0.960941
1003.0,15.0,0.65428
1003.0,16.0,0.580452
1003.0,17.0,1.0
1004.0,0.0,0.982918
1004.0,1.0,1.0
1004.0,2.0,1.0
1004.0,3.0,0.675738
1004.0,4.0,0.449907
1004.0,5.0,0.42436
1004.0,6.0,0.954606
1004.0,7.0,0.870585
1004.0,8.0,1.0
1004.0,9.0,1.0
1004.0,10.0,0.799677
1004.0,11.0,0.9883
1004.0,12.0,0.61871
1004.0,13.0,0.535788
1004.0,14.0,0.963633
1004.0,15.0,0.65477
1004.0,16.0,0.622587
1004.0,17.0,1.0
1005.0,0.0,0.983491
1005.0,1.0,1.0
1005.0,2.0,1.0
1005.0,3.0,0.733146
1005.0,4.0,0.459756
1005.0,5.0,0.408646
1005.0,6.0,0.954211
1005.0,7.0,0.884628
1005.0,8.0,1.0
1005.0,9.0,1.0
1005.0,10.0,0.817653
1005.0,11.0,0.988431
1005.0,12.0,0.63226
1005.0,13.0,0.539157
1005.0,14.0,0.966326
1005.0,15.0,0.655961
1005.0,16.0,0.662213
1005.0,17.0,1.0
1006.0,0.0,0.984163
1006.0,1.0,1.0
1006.0,2.0,1.0
1006.0,3.0,0.7818
1006.0,4.0,0.469334
1006.0,5.0,0.400305
1006.0,6.0,0.954113
1006.0,7.0,0.896858
1006.0,8.0,1.0
1006.0,9.0,1.0
1006.0,10.0,0.833661
1006.0,11.0,0.988623
1006.0,12.0,0.644821
1006.0,13.0,0.542817
1006.0,14.0,0.968643
1006.0,15.0,0.656393
1006.0,16.0,0.699082
1006.0,17.0,1.0
1007.0,0.0,0.984449
1007.0,1.0,1.0
1007.0,2.0,1.0
1007.0,3.0,0.822244
1007.0,4.0,0.478555
1007.0,5.0,0.397773
1007.0,6.0,0.953575
1007.0,7.0,0.907213
1007.0,8.0,1.0
1007.0,9.0,1.0
1007.0,10.0,0.84727
1007.0,11.0,0.988672
1007.0,12.0,0.657435
1007.0,13.0,0.545636
1007.0,14.0,0.971119
1007.0,15.0,0.657437
1007.0,16.0,0.733515
1007.0,17.0,1.0
1008.0,0.0,0.984869
1008.0,1.0,1.0
1008.0,2.0,1.0
1008.0,3.0,0.85573
1008.0,4.0,0.487711
1008.0,5.0,0.400964
1008.0,6.0,0.953726
1008.0,7.0,0.916627
1008.0,8.0,1.0
1008.0,9.0,1.0
1008.0,10.0,0.859736
1008.0,11.0,0.988883
1008.0,12.0,0.669124
1008.0,13.0,0.547539
1008.0,14.0,0.973249
1008.0,15.0,0.659203
1008.0,16.0,0.765441
1008.0,17.0,1.0
1009.0,0.0,0.982205
1009.0,1.0,1.0
1009.0,2.0,1.0
1009.0,3.0,0.556736
1009.0,4.0,0.444255
1009.0,5.0,0.489426
1009.0,6.0,0.956538
1009.0,7.0,0.857446
1009.0,8.0,1.0
1009.0,9.0,1.0
1009.0,10.0,0.777706
1009.0,11.0,0.988007
1009.0,12.0,0.606747
1009.0,13.0,0.533969
1009.0,14.0,0.963058
1009.0,15.0,0.65643
1009.0,16.0,0.569482
1009.0,17.0,1.0
1010.0,0.0,0.980506
1010.0,1.0,1.0
1010.0,2.0,1.0
1010.0,3.0,0.346222
1010.0,4.0,0.412877
1010.0,5.0,0.563089
1010.0,6.0,0.957622
1010.0,7.0,0.796064
1010.0,8.0,1.0
1010.0,9.0,1.0
1010.0,10.0,0.688242
1010.0,11.0,0.9871
1010.0,12.0,0.561385
1010.0,13.0,0.525599
1010.0,14.0,0.95299
1010.0,15.0,0.654978
1010.0,16.0,0.443453
1010.0,17.0,1.0
2000.0,0.0,0.989177
2000.0,1.0,1.0
2000.0,2.0,1.0
2000.0,3.0,0.348075
2000.0,4.0,0.399869
2000.0,5.0,0.55348
2000.0,6.0,0.971249
2000.0,7.0,0.796331
2000.0,8.0,1.0
2000.0,9.0,1.0
2000.0,10.0,0.687444
2000.0,11.0,0.999523
2000.0,12.0,0.566297
2000.0,13.0,0.522789
2000.0,14.0,0.961948
2000.0,15.0,0.735927
2000.0,16.0,0.443878
2000.0,17.0,1.0
2001.0,0.0,0.989558
2001.0,1.0,1.0
2001.0,2.0,1.0
2001.0,3.0,0.44072
2001.0,4.0,0.408848
2001.0,5.0,0.513285
2001.0,6.0,0.970656
2001.0,7.0,0.816752
2001.0,8.0,1.0
2001.0,9.0,1.0
2001.0,10.0,0.722405
2001.0,11.0,0.999491
2001.0,12.0,0.579159
2001.0,13.0,0.526129
2001.0,14.0,0.964489
2001.0,15.0,0.736507
2001.0,16.0,0.490141
2001.0,17.0,1.0
2002.0,0.0,0.990061
2002.0,1.0,1.0
2002.0,2.0,1.0
2002.0,3.0,0.529126
2002.0,4.0,0.418297
2002.0,5.0,0.475873
2002.0,6.0,0.970166
2002.0,7.0,0.836324
2002.0,8.0,1.0
2002.0,9.0,1.0
2002.0,10.0,0.751434
2002.0,11.0,0.999453
2002.0,12.0,0.592891
2002.0,13.0,0.530592
2002.0,14.0,0.966859
2002.0,15.0,0.736625
2002.0,16.0,0.536777
2002.0,17.0,1.0
2003.0,0.0,0.990349
2003.0,1.0,1.0
2003.0,2.0,1.0
2003.0,3.0,0.609051
2003.0,4.0,0.427987
2003.0,5.0,0.443661
2003.0,6.0,0.969777
2003.0,7.0,0.853849
2003.0,8.0,1.0
2003.0,9.0,1.0
2003.0,10.0,0.776387
2003.0,11.0,0.999473
2003.0,12.0,0.606039
2003.0,13.0,0.533518
2003.0,14.0,0.969096
2003.0,15.0,0.737512
2003.0,16.0,0.580268
2003.0,17.0,1.0
2004.0,0.0,0.990678
2004.0,1.0,1.0
2004.0,2.0,1.0
2004.0,3.0,0.6786
2004.0,4.0,0.437399
2004.0,5.0,0.419553
2004.0,6.0,0.969585
2004.0,7.0,0.869239
2004.0,8.0,1.0
2004.0,9.0,1.0
2004.0,10.0,0.797571
2004.0,11.0,0.999476
2004.0,12.0,0.619666
2004.0,13.0,0.536529
2004.0,14.0,0.971108
2004.0,15.0,0.738046
2004.0,16.0,0.62272
2004.0,17.0,1.0
2005.0,0.0,0.991039
2005.0,1.0,1.0
2005.0,2.0,1.0
2005.0,3.0,0.736477
2005.0,4.0,0.447341
2005.0,5.0,0.404101
2005.0,6.0,0.969112
2005.0,7.0,0.883365
2005.0,8.0,1.0
2005.0,9.0,1.0
2005.0,10.0,0.816437
2005.0,11.0,0.999521
2005.0,12.0,0.632576
2005.0,13.0,0.540464
2005.0,14.0,0.973013
2005.0,15.0,0.738679
2005.0,16.0,0.662338
2005.0,17.0,1.0
2006.0,0.0,0.991382
2006.0,1.0,1.0
2006.0,2.0,1.0
2006.0,3.0,0.784434
2006.0,4.0,0.457093
2006.0,5.0,0.396541
2006.0,6.0,0.969183
2006.0,7.0,0.895761
2006.0,8.0,1.0
2006.0,9.0,1.0
2006.0,10.0,0.832101
2006.0,11.0,0.999515
2006.0,12.0,0.645234
2006.0,13.0,0.543969
2006.0,14.0,0.975029
2006.0,15.0,0.739002
2006.0,16.0,0.700119
2006.0,17.0,1.0
2007.0,0.0,0.991609
2007.0,1.0,1.0
2007.0,2.0,1.0
2007.0,3.0,0.824769
2007.0,4.0,0.466956
2007.0,5.0,0.395443
2007.0,6.0,0.969079
2007.0,7.0,0.906562
2007.0,8.0,1.0
2007.0,9.0,1.0
2007.0,10.0,0.846172
2007.0,11.0,0.999527
2007.0,12.0,0.657144
2007.0,13.0,0.547546
2007.0,14.0,0.976632
2007.0,15.0,0.739731
2007.0,16.0,0.73427
2007.0,17.0,1.0
2008.0,0.0,0.991931
2008.0,1.0,1.0
2008.0,2.0,1.0
2008.0,3.0,0.857292
2008.0,4.0,0.476661
2008.0,5.0,0.400262
2008.0,6.0,0.969075
2008.0,7.0,0.91639
2008.0,8.0,1.0
2008.0,9.0,1.0
2008.0,10.0,0.85903
2008.0,11.0,0.999494
2008.0,12.0,0.670047
2008.0,13.0,0.550216
2008.0,14.0,0.978268
2008.0,15.0,0.739903
2008.0,16.0,0.765423
2008.0,17.0,1.0
2009.0,0.0,0.990552
2009.0,1.0,1.0
2009.0,2.0,1.0
2009.0,3.0,0.556419
2009.0,4.0,0.430108
2009.0,5.0,0.487075
2009.0,6.0,0.971125
2009.0,7.0,0.857604
2009.0,8.0,1.0
2009.0,9.0,1.0
2009.0,10.0,0.77865
2009.0,11.0,0.999519
2009.0,12.0,0.608316
2009.0,13.0,0.533102
2009.0,14.0,0.969292
2009.0,15.0,0.736385
2009.0,16.0,0.567878
2009.0,17.0,1.0
2010.0,0.0,0.989619
2010.0,1.0,1.0
2010.0,2.0,1.0
2010.0,3.0,0.34644
2010.0,4.0,0.397131
2010.0,5.0,0.556049
2010.0,6.0,0.971796
2010.0,7.0,0.797888
2010.0,8.0,1.0
2010.0,9.0,1.0
2010.0,10.0,0.688926
2010.0,11.0,0.999545
2010.0,12.0,0.563886
2010.0,13.0,0.521956
2010.0,14.0,0.961122
2010.0,15.0,0.733437
2010.0,16.0,0.441078
2010.0,17.0,1.0
3000.0,0.0,0.98845
3000.0,1.0,1.0
3000.0,2.0,1.0
3000.0,3.0,0.346972
3000.0,4.0,0.412316
3000.0,5.0,0.548081
3000.0,6.0,0.973923
3000.0,7.0,0.795927
3000.0,8.0,1.0
3000.0,9.0,1.0
3000.0,10.0,0.685652
3000.0,11.0,1.0
3000.0,12.0,0.567705
3000.0,13.0,0.524172
3000.0,14.0,0.969865
3000.0,15.0,0.836221
3000.0,16.0,0.441977
3000.0,17.0,1.0
3001.0,0.0,0.98889
3001.0,1.0,1.0
3001.0,2.0,1.0
3001.0,3.0,0.439669
3001.0,4.0,0.422056
3001.0,5.0,0.509157
3001.0,6.0,0.974328
3001.0,7.0,0.816133
3001.0,8.0,1.0
3001.0,9.0,1.0
3001.0,10.0,0.722416
3001.0,11.0,1.0
3001.0,12.0,0.581473
3001.0,13.0,0.526656
3001.0,14.0,0.971838
3001.0,15.0,0.836348
3001.0,16.0,0.48796
3001.0,17.0,1.0
3002.0,0.0,0.989391
3002.0,1.0,1.0
3002.0,2.0,1.0
3002.0,3.0,0.528725
3002.0,4.0,0.431198
3002.0,5.0,0.473087
3002.0,6.0,0.974964
3002.0,7.0,0.835145
3002.0,8.0,1.0
3002.0,9.0,1.0
3002.0,10.0,0.752402
3002.0,11.0,1.0
3002.0,12.0,0.594959
3002.0,13.0,0.530514
3002.0,14.0,0.973784
3002.0,15.0,0.836688
3002.0,16.0,0.534792
3002.0,17.0,1.0
3003.0,0.0,0.989745
3003.0,1.0,1.0
3003.0,2.0,1.0
3003.0,3.0,0.609363
3003.0,4.0,0.440131
3003.0,5.0,0.442655
3003.0,6.0,0.975562
3003.0,7.0,0.85271
3003.0,8.0,1.0
3003.0,9.0,1.0
3003.0,10.0,0.77663
3003.0,11.0,1.0
3003.0,12.0,0.608065
3003.0,13.0,0.533837
3003.0,14.0,0.975704
3003.0,15.0,0.837394
3003.0,16.0,0.579494
3003.0,17.0,1.0
3004.0,0.0,0.99019
3004.0,1.0,1.0
3004.0,2.0,1.0
3004.0,3.0,0.67879
3004.0,4.0,0.450301
3004.0,5.0,0.419566
3004.0,6.0,0.975756
3004.0,7.0,0.868319
3004.0,8.0,1.0
3004.0,9.0,1.0
3004.0,10.0,0.798347
3004.0,11.0,1.0
3004.0,12.0,0.622024
3004.0,13.0,0.537566
3004.0,14.0,0.977507
3004.0,15.0,0.838351
3004.0,16.0,0.621963
3004.0,17.0,1.0
3005.0,0.0,0.990448
3005.0,1.0,1.0
3005.0,2.0,1.0
3005.0,3.0,0.737582
3005.0,4.0,0.460337
3005.0,5.0,0.404687
3005.0,6.0,0.97592
3005.0,7.0,0.882577
3005.0,8.0,1.0
3005.0,9.0,1.0
3005.0,10.0,0.816949
3005.0,11.0,1.0
3005.0,12.0,0.635325
3005.0,13.0,0.541468
3005.0,14.0,0.979117
3005.0,15.0,0.838055
3005.0,16.0,0.662048
3005.0,17.0,1.0
3006.0,0.0,0.990764
3006.0,1.0,1.0
3006.0,2.0,1.0
3006.0,3.0,0.785047
3006.0,4.0,0.470293
3006.0,5.0,0.397734
3006.0,6.0,0.975859
3006.0,7.0,0.894999
3006.0,8.0,1.0
3006.0,9.0,1.0
3006.0,10.0,0.832892
3006.0,11.0,1.0
3006.0,12.0,0.64869
3006.0,13.0,0.545044
3006.0,14.0,0.980432
3006.0,15.0,0.837855
3006.0,16.0,0.69928
3006.0,17.0,1.0
3007.0,0.0,0.991073
3007.0,1.0,1.0
3007.0,2.0,1.0
3007.0,3.0,0.825979
3007.0,4.0,0.480793
3007.0,5.0,0.396553
3007.0,6.0,0.97586
3007.0,7.0,0.906339
3007.0,8.0,1.0
3007.0,9.0,1.0
3007.0,10.0,0.846778
3007.0,11.0,1.0
3007.0,12.0,0.661342
3007.0,13.0,0.548132
3007.0,14.0,0.981607
3007.0,15.0,0.838115
3007.0,16.0,0.733575
3007.0,17.0,1.0
3008.0,0.0,0.991328
3008.0,1.0,1.0
3008.0,2.0,1.0
3008.0,3.0,0.858426
3008.0,4.0,0.491007
3008.0,5.0,0.401557
3008.0,6.0,0.975871
3008.0,7.0,0.916249
3008.0,8.0,1.0
3008.0,9.0,1.0
3008.0,10.0,0.858951
3008.0,11.0,1.0
3008.0,12.0,0.67311
3008.0,13.0,0.550656
3008.0,14.0,0.982801
3008.0,15.0,0.838874
3008.0,16.0,0.764098
3008.0,17.0,1.0
3009.0,0.0,0.990084
3009.0,1.0,1.0
3009.0,2.0,1.0
3009.0,3.0,0.558366
3009.0,4.0,0.446709
3009.0,5.0,0.480967
3009.0,6.0,0.975252
3009.0,7.0,0.856384
3009.0,8.0,1.0
3009.0,9.0,1.0
3009.0,10.0,0.77545
3009.0,11.0,1.0
3009.0,12.0,0.613079
3009.0,13.0,0.538912
3009.0,14.0,0.976017
3009.0,15.0,0.838508
3009.0,16.0,0.567275
3009.0,17.0,1.0
3010.0,0.0,0.988666
3010.0,1.0,1.0
3010.0,2.0,1.0
3010.0,3.0,0.347166
3010.0,4.0,0.414945
3010.0,5.0,0.544897
3010.0,6.0,0.973883
3010.0,7.0,0.79557
3010.0,8.0,1.0
3010.0,9.0,1.0
3010.0,10.0,0.684377
3010.0,11.0,1.0
3010.0,12.0,0.567081
3010.0,13.0,0.528241
3010.0,14.0,0.969307
3010.0,15.0,0.837718
3010.0,16.0,0.44277
3010.0,17.0,1.0
4000.0,0.0,0.992633
4000.0,1.0,1.0
4000.0,2.0,1.0
4000.0,3.0,0.349221
4000.0,4.0,0.402404
4000.0,5.0,0.535294
4000.0,6.0,0.979356
4000.0,7.0,0.794631
4000.0,8.0,1.0
4000.0,9.0,1.0
4000.0,10.0,0.691605
4000.0,11.0,1.0
4000.0,12.0,0.558703
4000.0,13.0,0.523742
4000.0,14.0,0.966224
4000.0,15.0,0.88696
4000.0,16.0,0.440886
4000.0,17.0,1.0
4001.0,0.0,0.992703
4001.0,1.0,1.0
4001.0,2.0,1.0
4001.0,3.0,0.441547
4001.0,4.0,0.412557
4001.0,5.0,0.497846
4001.0,6.0,0.979739
4001.0,7.0,0.816182
4001.0,8.0,1.0
4001.0,9.0,1.0
4001.0,10.0,0.725456
4001.0,11.0,1.0
4001.0,12.0,0.57286
4001.0,13.0,0.525818
4001.0,14.0,0.968829
4001.0,15.0,0.886886
4001.0,16.0,0.487329
4001.0,17.0,1.0
4002.0,0.0,0.992747
4002.0,1.0,1.0
4002.0,2.0,1.0
4002.0,3.0,0.530467
4002.0,4.0,0.421557
4002.0,5.0,0.462403
4002.0,6.0,0.98
4002.0,7.0,0.836094
4002.0,8.0,1.0
4002.0,9.0,1.0
4002.0,10.0,0.754377
4002.0,11.0,1.0
4002.0,12.0,0.586754
4002.0,13.0,0.528271
4002.0,14.0,0.971285
4002.0,15.0,0.887482
4002.0,16.0,0.533667
4002.0,17.0,1.0
4003.0,0.0,0.993054
4003.0,1.0,1.0
4003.0,2.0,1.0
4003.0,3.0,0.610178
4003.0,4.0,0.430717
4003.0,5.0,0.433728
4003.0,6.0,0.980301
4003.0,7.0,0.853516
4003.0,8.0,1.0
4003.0,9.0,1.0
4003.0,10.0,0.779655
4003.0,11.0,1.0
4003.0,12.0,0.599951
4003.0,13.0,0.531018
4003.0,14.0,0.973433
4003.0,15.0,0.888463
4003.0,16.0,0.577935
4003.0,17.0,1.0
4004.0,0.0,0.993302
4004.0,1.0,1.0
4004.0,2.0,1.0
4004.0,3.0,0.679748
4004.0,4.0,0.440739
4004.0,5.0,0.411693
4004.0,6.0,0.980471
4004.0,7.0,0.869168
4004.0,8.0,1.0
4004.0,9.0,1.0
4004.0,10.0,0.800075
4004.0,11.0,1.0
4004.0,12.0,0.612911
4004.0,13.0,0.534299
4004.0,14.0,0.975549
4004.0,15.0,0.888601
4004.0,16.0,0.620589
4004.0,17.0,1.0
4005.0,0.0,0.99354
4005.0,1.0,1.0
4005.0,2.0,1.0
4005.0,3.0,0.737441
4005.0,4.0,0.4509
4005.0,5.0,0.396396
4005.0,6.0,0.980512
4005.0,7.0,0.883377
4005.0,8.0,1.0
4005.0,9.0,1.0
4005.0,10.0,0.818247
4005.0,11.0,1.0
4005.0,12.0,0.625712
4005.0,13.0,0.536791
4005.0,14.0,0.977343
4005.0,15.0,0.889508
4005.0,16.0,0.660258
4005.0,17.0,1.0
4006.0,0.0,0.993816
4006.0,1.0,1.0
4006.0,2.0,1.0
4006.0,3.0,0.785041
4006.0,4.0,0.460607
4006.0,5.0,0.388926
4006.0,6.0,0.980582
4006.0,7.0,0.895331
4006.0,8.0,1.0
4006.0,9.0,1.0
4006.0,10.0,0.834034
4006.0,11.0,1.0
4006.0,12.0,0.639005
4006.0,13.0,0.539134
4006.0,14.0,0.97889
4006.0,15.0,0.890057
4006.0,16.0,0.697333
4006.0,17.0,1.0
4007.0,0.0,0.994051
4007.0,1.0,1.0
4007.0,2.0,1.0
4007.0,3.0,0.825004
4007.0,4.0,0.46952
4007.0,5.0,0.38754
4007.0,6.0,0.980749
4007.0,7.0,0.906782
4007.0,8.0,1.0
4007.0,9.0,1.0
4007.0,10.0,0.848272
4007.0,11.0,1.0
4007.0,12.0,0.650967
4007.0,13.0,0.541499
4007.0,14.0,0.980614
4007.0,15.0,0.890705
4007.0,16.0,0.732204
4007.0,17.0,1.0
4008.0,0.0,0.994358
4008.0,1.0,1.0
4008.0,2.0,1.0
4008.0,3.0,0.857996
4008.0,4.0,0.47809
4008.0,5.0,0.391841
4008.0,6.0,0.98094
4008.0,7.0,0.916108
4008.0,8.0,1.0
4008.0,9.0,1.0
4008.0,10.0,0.860006
4008.0,11.0,1.0
4008.0,12.0,0.662442
4008.0,13.0,0.543246
4008.0,14.0,0.981774
4008.0,15.0,0.890958
4008.0,16.0,0.764136
4008.0,17.0,1.0
4009.0,0.0,0.993592
4009.0,1.0,1.0
4009.0,2.0,1.0
4009.0,3.0,0.561361
4009.0,4.0,0.43096
4009.0,5.0,0.475685
4009.0,6.0,0.979904
4009.0,7.0,0.858328
4009.0,8.0,1.0
4009.0,9.0,1.0
4009.0,10.0,0.779745
4009.0,11.0,1.0
4009.0,12.0,0.603124
4009.0,13.0,0.529863
4009.0,14.0,0.974296
4009.0,15.0,0.890375
4009.0,16.0,0.569453
4009.0,17.0,1.0
4010.0,0.0,0.993161
4010.0,1.0,1.0
4010.0,2.0,1.0
4010.0,3.0,0.349617
4010.0,4.0,0.398131
4010.0,5.0,0.539508
4010.0,6.0,0.979006
4010.0,7.0,0.798307
4010.0,8.0,1.0
4010.0,9.0,1.0
4010.0,10.0,0.693205
4010.0,11.0,1.0
4010.0,12.0,0.559455
4010.0,13.0,0.520439
4010.0,14.0,0.967229
4010.0,15.0,0.889388
4010.0,16.0,0.443818
4010.0,17.0,1.0
5000.0,0.0,0.990193
5000.0,1.0,1.0
5000.0,2.0,1.0
5000.0,3.0,0.347193
5000.0,4.0,0.405219
5000.0,5.0,0.555953
5000.0,6.0,0.984867
5000.0,7.0,0.80274
5000.0,8.0,1.0
5000.0,9.0,1.0
5000.0,10.0,0.680504
5000.0,11.0,1.0
5000.0,12.0,0.560752
5000.0,13.0,0.522291
5000.0,14.0,0.958483
5000.0,15.0,0.915916
5000.0,16.0,0.442438
5000.0,17.0,1.0
5001.0,0.0,0.990558
5001.0,1.0,1.0
5001.0,2.0,1.0
5001.0,3.0,0.439365
5001.0,4.0,0.413671
5001.0,5.0,0.517057
5001.0,6.0,0.984386
5001.0,7.0,0.823048
5001.0,8.0,1.0
5001.0,9.0,1.0
5001.0,10.0,0.71796
5001.0,11.0,1.0
5001.0,12.0,0.574033
5001.0,13.0,0.525364
5001.0,14.0,0.961368
5001.0,15.0,0.916033
5001.0,16.0,0.488776
5001.0,17.0,1.0
5002.0,0.0,0.990901
5002.0,1.0,1.0
5002.0,2.0,1.0
5002.0,3.0,0.527951
5002.0,4.0,0.422677
5002.0,5.0,0.479654
5002.0,6.0,0.983868
5002.0,7.0,0.841629
5002.0,8.0,1.0
5002.0,9.0,1.0
5002.0,10.0,0.74858
5002.0,11.0,1.0
5002.0,12.0,0.587562
5002.0,13.0,0.527845
5002.0,14.0,0.964309
5002.0,15.0,0.916402
5002.0,16.0,0.534081
5002.0,17.0,1.0
5003.0,0.0,0.991133
5003.0,1.0,1.0
5003.0,2.0,1.0
5003.0,3.0,0.607379
5003.0,4.0,0.432341
5003.0,5.0,0.448271
5003.0,6.0,0.9833
5003.0,7.0,0.858864
5003.0,8.0,1.0
5003.0,9.0,1.0
5003.0,10.0,0.775377
5003.0,11.0,1.0
5003.0,12.0,0.601967
5003.0,13.0,0.530173
5003.0,14.0,0.966837
5003.0,15.0,0.916294
5003.0,16.0,0.578172
5003.0,17.0,1.0
5004.0,0.0,0.991476
5004.0,1.0,1.0
5004.0,2.0,1.0
5004.0,3.0,0.676757
5004.0,4.0,0.441667
5004.0,5.0,0.424118
5004.0,6.0,0.98272
5004.0,7.0,0.874431
5004.0,8.0,1.0
5004.0,9.0,1.0
5004.0,10.0,0.796577
5004.0,11.0,1.0
5004.0,12.0,0.614847
5004.0,13.0,0.533609
5004.0,14.0,0.969137
5004.0,15.0,0.916513
5004.0,16.0,0.621678
5004.0,17.0,1.0
5005.0,0.0,0.991693
5005.0,1.0,1.0
5005.0,2.0,1.0
5005.0,3.0,0.73414
5005.0,4.0,0.45111
5005.0,5.0,0.408106
5005.0,6.0,0.982335
5005.0,7.0,0.887546
5005.0,8.0,1.0
5005.0,9.0,1.0
5005.0,10.0,0.815986
5005.0,11.0,1.0
5005.0,12.0,0.627612
5005.0,13.0,0.536384
5005.0,14.0,0.971446
5005.0,15.0,0.916622
5005.0,16.0,0.661289
5005.0,17.0,1.0
5006.0,0.0,0.992003
5006.0,1.0,1.0
5006.0,2.0,1.0
5006.0,3.0,0.781922
5006.0,4.0,0.46026
5006.0,5.0,0.40041
5006.0,6.0,0.981953
5006.0,7.0,0.899752
5006.0,8.0,1.0
5006.0,9.0,1.0
5006.0,10.0,0.832476
5006.0,11.0,1.0
5006.0,12.0,0.639924
5006.0,13.0,0.537986
5006.0,14.0,0.97362
5006.0,15.0,0.916742
5006.0,16.0,0.699139
5006.0,17.0,1.0
5007.0,0.0,0.992392
5007.0,1.0,1.0
5007.0,2.0,1.0
5007.0,3.0,0.822395
5007.0,4.0,0.470257
5007.0,5.0,0.398238
5007.0,6.0,0.981557
5007.0,7.0,0.909942
5007.0,8.0,1.0
5007.0,9.0,1.0
5007.0,10.0,0.846195
5007.0,11.0,1.0
5007.0,12.0,0.652395
5007.0,13.0,0.540906
5007.0,14.0,0.975469
5007.0,15.0,0.916615
5007.0,16.0,0.733402
5007.0,17.0,1.0
5008.0,0.0,0.992839
5008.0,1.0,1.0
5008.0,2.0,1.0
5008.0,3.0,0.855412
5008.0,4.0,0.48001
5008.0,5.0,0.402467
5008.0,6.0,0.981321
5008.0,7.0,0.919091
5008.0,8.0,1.0
5008.0,9.0,1.0
5008.0,10.0,0.858445
5008.0,11.0,1.0
5008.0,12.0,0.664068
5008.0,13.0,0.543274
5008.0,14.0,0.977357
5008.0,15.0,0.917424
5008.0,16.0,0.764262
5008.0,17.0,1.0
5009.0,0.0,0.991679
5009.0,1.0,1.0
5009.0,2.0,1.0
5009.0,3.0,0.554382
5009.0,4.0,0.436014
5009.0,5.0,0.49193
5009.0,6.0,0.983165
5009.0,7.0,0.86179
5009.0,8.0,1.0
5009.0,9.0,1.0
5009.0,10.0,0.774706
5009.0,11.0,1.0
5009.0,12.0,0.602469
5009.0,13.0,0.528561
5009.0,14.0,0.967848
5009.0,15.0,0.916143
5009.0,16.0,0.56757
5009.0,17.0,1.0
5010.0,0.0,0.990915
5010.0,1.0,1.0
5010.0,2.0,1.0
5010.0,3.0,0.344398
5010.0,4.0,0.40463
5010.0,5.0,0.561839
5010.0,6.0,0.984542
5010.0,7.0,0.801294
5010.0,8.0,1.0
5010.0,9.0,1.0
5010.0,10.0,0.680945
5010.0,11.0,1.0
5010.0,12.0,0.558305
5010.0,13.0,0.519065
5010.0,14.0,0.958071
5010.0,15.0,0.915677
5010.0,16.0,0.442595
5010.0,17.0,1.0
6000.0,0.0,0.991564
6000.0,1.0,1.0
6000.0,2.0,1.0
6000.0,3.0,0.347799
6000.0,4.0,0.419301
6000.0,5.0,0.523601
6000.0,6.0,0.984535
6000.0,7.0,0.794038
6000.0,8.0,1.0
6000.0,9.0,1.0
6000.0,10.0,0.693071
6000.0,11.0,1.0
6000.0,12.0,0.561799
6000.0,13.0,0.527103
6000.0,14.0,0.959414
6000.0,15.0,0.94812
6000.0,16.0,0.441047
6000.0,17.0,1.0
6001.0,0.0,0.991939
6001.0,1.0,1.0
6001.0,2.0,1.0
6001.0,3.0,0.439759
6001.0,4.0,0.428874
6001.0,5.0,0.488976
6001.0,6.0,0.984488
6001.0,7.0,0.815847
6001.0,8.0,1.0
6001.0,9.0,1.0
6001.0,10.0,0.727437
6001.0,11.0,1.0
6001.0,12.0,0.574262
6001.0,13.0,0.530133
6001.0,14.0,0.962209
6001.0,15.0,0.947997
6001.0,16.0,0.48711
6001.0,17.0,1.0
6002.0,0.0,0.992098
6002.0,1.0,1.0
6002.0,2.0,1.0
6002.0,3.0,0.528604
6002.0,4.0,0.439277
6002.0,5.0,0.456186
6002.0,6.0,0.984336
6002.0,7.0,0.835614
6002.0,8.0,1.0
6002.0,9.0,1.0
6002.0,10.0,0.755858
6002.0,11.0,1.0
6002.0,12.0,0.588433
6002.0,13.0,0.533938
6002.0,14.0,0.965
6002.0,15.0,0.948375
6002.0,16.0,0.533064
6002.0,17.0,1.0
6003.0,0.0,0.992413
6003.0,1.0,1.0
6003.0,2.0,1.0
6003.0,3.0,0.60894
6003.0,4.0,0.448883
6003.0,5.0,0.427888
6003.0,6.0,0.984024
6003.0,7.0,0.853357
6003.0,8.0,1.0
6003.0,9.0,1.0
6003.0,10.0,0.780612
6003.0,11.0,1.0
6003.0,12.0,0.602576
6003.0,13.0,0.536821
6003.0,14.0,0.967461
6003.0,15.0,0.94891
6003.0,16.0,0.577674
6003.0,17.0,1.0
6004.0,0.0,0.992827
6004.0,1.0,1.0
6004.0,2.0,1.0
6004.0,3.0,0.67825
6004.0,4.0,0.457179
6004.0,5.0,0.407345
6004.0,6.0,0.983767
6004.0,7.0,0.868734
6004.0,8.0,1.0
6004.0,9.0,1.0
6004.0,10.0,0.801527
6004.0,11.0,1.0
6004.0,12.0,0.616424
6004.0,13.0,0.539753
6004.0,14.0,0.969782
6004.0,15.0,0.948881
6004.0,16.0,0.620094
6004.0,17.0,1.0
6005.0,0.0,0.992954
6005.0,1.0,1.0
6005.0,2.0,1.0
6005.0,3.0,0.73639
6005.0,4.0,0.468199
6005.0,5.0,0.393545
6005.0,6.0,0.983532
6005.0,7.0,0.882353
6005.0,8.0,1.0
6005.0,9.0,1.0
6005.0,10.0,0.819649
6005.0,11.0,1.0
6005.0,12.0,0.629587
6005.0,13.0,0.54211
6005.0,14.0,0.971862
6005.0,15.0,0.948802
6005.0,16.0,0.660051
6005.0,17.0,1.0
6006.0,0.0,0.993106
6006.0,1.0,1.0
6006.0,2.0,1.0
6006.0,3.0,0.784763
6006.0,4.0,0.477581
6006.0,5.0,0.386372
6006.0,6.0,0.98323
6006.0,7.0,0.894771
6006.0,8.0,1.0
6006.0,9.0,1.0
6006.0,10.0,0.835048
6006.0,11.0,1.0
6006.0,12.0,0.642253
6006.0,13.0,0.545675
6006.0,14.0,0.973895
6006.0,15.0,0.948889
6006.0,16.0,0.697785
6006.0,17.0,1.0
6007.0,0.0,0.993224
6007.0,1.0,1.0
6007.0,2.0,1.0
6007.0,3.0,0.825425
6007.0,4.0,0.48751
6007.0,5.0,0.385564
6007.0,6.0,0.982756
6007.0,7.0,0.906066
6007.0,8.0,1.0
6007.0,9.0,1.0
6007.0,10.0,0.84849
6007.0,11.0,1.0
6007.0,12.0,0.654258
6007.0,13.0,0.548898
6007.0,14.0,0.975729
6007.0,15.0,0.948769
6007.0,16.0,0.732056
6007.0,17.0,1.0
6008.0,0.0,0.993328
6008.0,1.0,1.0
6008.0,2.0,1.0
6008.0,3.0,0.858257
6008.0,4.0,0.496976
6008.0,5.0,0.390304
6008.0,6.0,0.982515
6008.0,7.0,0.915974
6008.0,8.0,1.0
6008.0,9.0,1.0
6008.0,10.0,0.860011
6008.0,11.0,1.0
6008.0,12.0,0.665097
6008.0,13.0,0.55164
6008.0,14.0,0.97761
6008.0,15.0,0.948512
6008.0,16.0,0.762853
6008.0,17.0,1.0
6009.0,0.0,0.992391
6009.0,1.0,1.0
6009.0,2.0,1.0
6009.0,3.0,0.561299
6009.0,4.0,0.452647
6009.0,5.0,0.464726
6009.0,6.0,0.983493
6009.0,7.0,0.857754
6009.0,8.0,1.0
6009.0,9.0,1.0
6009.0,10.0,0.779157
6009.0,11.0,1.0
6009.0,12.0,0.6056
6009.0,13.0,0.537129
6009.0,14.0,0.968673
6009.0,15.0,0.947855
6009.0,16.0,0.566967
6009.0,17.0,1.0
6010.0,0.0,0.991108
6010.0,1.0,1.0
6010.0,2.0,1.0
6010.0,3.0,0.350928
6010.0,4.0,0.420064
6010.0,5.0,0.520311
6010.0,6.0,0.984046
6010.0,7.0,0.798507
6010.0,8.0,1.0
6010.0,9.0,1.0
6010.0,10.0,0.688923
6010.0,11.0,1.0
6010.0,12.0,0.561813
6010.0,13.0,0.525672
6010.0,14.0,0.959705
6010.0,15.0,0.948
6010.0,16.0,0.441955
6010.0,17.0,1.0
7000.0,0.0,0.997453
7000.0,1.0,1.0
7000.0,2.0,1.0
7000.0,3.0,0.347622
7000.0,4.0,0.411334
7000.0,5.0,0.545879
7000.0,6.0,0.976284
7000.0,7.0,0.792677
7000.0,8.0,1.0
7000.0,9.0,1.0
7000.0,10.0,0.687112
7000.0,11.0,1.0
7000.0,12.0,0.570211
7000.0,13.0,0.529077
7000.0,14.0,0.957168
7000.0,15.0,0.96873
7000.0,16.0,0.441842
7000.0,17.0,1.0
7001.0,0.0,0.997539
7001.0,1.0,1.0
7001.0,2.0,1.0
7001.0,3.0,0.439551
7001.0,4.0,0.420416
7001.0,5.0,0.508153
7001.0,6.0,0.976117
7001.0,7.0,0.813657
7001.0,8.0,1.0
7001.0,9.0,1.0
7001.0,10.0,0.720941
7001.0,11.0,1.0
7001.0,12.0,0.582574
7001.0,13.0,0.530593
7001.0,14.0,0.959782
7001.0,15.0,0.968947
7001.0,16.0,0.488354
7001.0,17.0,1.0
7002.0,0.0,0.997641
7002.0,1.0,1.0
7002.0,2.0,1.0
7002.0,3.0,0.527739
7002.0,4.0,0.430809
7002.0,5.0,0.472876
7002.0,6.0,0.97606
7002.0,7.0,0.833323
7002.0,8.0,1.0
7002.0,9.0,1.0
7002.0,10.0,0.750565
7002.0,11.0,1.0
7002.0,12.0,0.596565
7002.0,13.0,0.534323
7002.0,14.0,0.962846
7002.0,15.0,0.968952
7002.0,16.0,0.534866
7002.0,17.0,1.0
7003.0,0.0,0.997732
7003.0,1.0,1.0
7003.0,2.0,1.0
7003.0,3.0,0.60764
7003.0,4.0,0.440823
7003.0,5.0,0.443007
7003.0,6.0,0.976193
7003.0,7.0,0.851512
7003.0,8.0,1.0
7003.0,9.0,1.0
7003.0,10.0,0.775472
7003.0,11.0,1.0
7003.0,12.0,0.610166
7003.0,13.0,0.537735
7003.0,14.0,0.965366
7003.0,15.0,0.969358
7003.0,16.0,0.579541
7003.0,17.0,1.0
7004.0,0.0,0.997847
7004.0,1.0,1.0
7004.0,2.0,1.0
7004.0,3.0,0.676313
7004.0,4.0,0.450569
7004.0,5.0,0.420452
7004.0,6.0,0.9762
7004.0,7.0,0.867223
7004.0,8.0,1.0
7004.0,9.0,1.0
7004.0,10.0,0.79732
7004.0,11.0,1.0
7004.0,12.0,0.623578
7004.0,13.0,0.540613
7004.0,14.0,0.967923
7004.0,15.0,0.969271
7004.0,16.0,0.62206
7004.0,17.0,1.0
7005.0,0.0,0.998002
7005.0,1.0,1.0
7005.0,2.0,1.0
7005.0,3.0,0.735128
7005.0,4.0,0.460856
7005.0,5.0,0.405127
7005.0,6.0,0.976279
7005.0,7.0,0.881416
7005.0,8.0,1.0
7005.0,9.0,1.0
7005.0,10.0,0.81563
7005.0,11.0,1.0
7005.0,12.0,0.636519
7005.0,13.0,0.543062
7005.0,14.0,0.970205
7005.0,15.0,0.969632
7005.0,16.0,0.662697
7005.0,17.0,1.0
7006.0,0.0,0.998023
7006.0,1.0,1.0
7006.0,2.0,1.0
7006.0,3.0,0.783541
7006.0,4.0,0.470764
7006.0,5.0,0.397755
7006.0,6.0,0.976021
7006.0,7.0,0.894096
7006.0,8.0,1.0
7006.0,9.0,1.0
7006.0,10.0,0.832105
7006.0,11.0,1.0
7006.0,12.0,0.649136
7006.0,13.0,0.546533
7006.0,14.0,0.972256
7006.0,15.0,0.969644
7006.0,16.0,0.700206
7006.0,17.0,1.0
7007.0,0.0,0.99812
7007.0,1.0,1.0
7007.0,2.0,1.0
7007.0,3.0,0.824078
7007.0,4.0,0.481517
7007.0,5.0,0.396061
7007.0,6.0,0.976116
7007.0,7.0,0.90559
7007.0,8.0,1.0
7007.0,9.0,1.0
7007.0,10.0,0.845803
7007.0,11.0,1.0
7007.0,12.0,0.661766
7007.0,13.0,0.550334
7007.0,14.0,0.973949
7007.0,15.0,0.969776
7007.0,16.0,0.734043
7007.0,17.0,1.0
7008.0,0.0,0.99812
7008.0,1.0,1.0
7008.0,2.0,1.0
7008.0,3.0,0.856768
7008.0,4.0,0.491585
7008.0,5.0,0.401096
7008.0,6.0,0.976235
7008.0,7.0,0.915192
7008.0,8.0,1.0
7008.0,9.0,1.0
7008.0,10.0,0.858307
7008.0,11.0,1.0
7008.0,12.0,0.673107
7008.0,13.0,0.55313
7008.0,14.0,0.976077
7008.0,15.0,0.97004
7008.0,16.0,0.76446
7008.0,17.0,1.0
7009.0,0.0,0.997745
7009.0,1.0,1.0
7009.0,2.0,1.0
7009.0,3.0,0.556954
7009.0,4.0,0.445366
7009.0,5.0,0.486189
7009.0,6.0,0.976697
7009.0,7.0,0.854255
7009.0,8.0,1.0
7009.0,9.0,1.0
7009.0,10.0,0.77412
7009.0,11.0,1.0
7009.0,12.0,0.612253
7009.0,13.0,0.540378
7009.0,14.0,0.965959
7009.0,15.0,0.970132
7009.0,16.0,0.567742
7009.0,17.0,1.0
7010.0,0.0,0.997438
7010.0,1.0,1.0
7010.0,2.0,1.0
7010.0,3.0,0.347216
7010.0,4.0,0.412899
7010.0,5.0,0.554266
7010.0,6.0,0.976996
7010.0,7.0,0.790815
7010.0,8.0,1.0
7010.0,9.0,1.0
7010.0,10.0,0.683268
7010.0,11.0,1.0
7010.0,12.0,0.568586
7010.0,13.0,0.530921
7010.0,14.0,0.956182
7010.0,15.0,0.970381
7010.0,16.0,0.441845
7010.0,17.0,1.0
8000.0,0.0,0.998455
8000.0,1.0,1.0
8000.0,2.0,1.0
8000.0,3.0,0.350894
8000.0,4.0,0.402615
8000.0,5.0,0.522923
8000.0,6.0,0.979761
8000.0,7.0,0.799307
8000.0,8.0,1.0
8000.0,9.0,1.0
8000.0,10.0,0.687036
8000.0,11.0,1.0
8000.0,12.0,0.563077
8000.0,13.0,0.523881
8000.0,14.0,0.964847
8000.0,15.0,0.984013
8000.0,16.0,0.443588
8000.0,17.0,1.0
8001.0,0.0,0.998493
8001.0,1.0,1.0
8001.0,2.0,1.0
8001.0,3.0,0.44256
8001.0,4.0,0.412074
8001.0,5.0,0.486262
8001.0,6.0,0.979239
8001.0,7.0,0.820008
8001.0,8.0,1.0
8001.0,9.0,1.0
8001.0,10.0,0.72331
8001.0,11.0,1.0
8001.0,12.0,0.576086
8001.0,13.0,0.527041
8001.0,14.0,0.96771
8001.0,15.0,0.984006
8001.0,16.0,0.489007
8001.0,17.0,1.0
8002.0,0.0,0.998593
8002.0,1.0,1.0
8002.0,2.0,1.0
8002.0,3.0,0.530604
8002.0,4.0,0.421246
8002.0,5.0,0.450855
8002.0,6.0,0.978981
8002.0,7.0,0.839316
8002.0,8.0,1.0
8002.0,9.0,1.0
8002.0,10.0,0.752742
8002.0,11.0,1.0
8002.0,12.0,0.590787
8002.0,13.0,0.529346
8002.0,14.0,0.970243
8002.0,15.0,0.984193
8002.0,16.0,0.535226
8002.0,17.0,1.0
8003.0,0.0,0.998664
8003.0,1.0,1.0
8003.0,2.0,1.0
8003.0,3.0,0.609324
8003.0,4.0,0.430584
8003.0,5.0,0.421069
8003.0,6.0,0.978374
8003.0,7.0,0.856917
8003.0,8.0,1.0
8003.0,9.0,1.0
8003.0,10.0,0.777692
8003.0,11.0,1.0
8003.0,12.0,0.604884
8003.0,13.0,0.532656
8003.0,14.0,0.972549
8003.0,15.0,0.984418
8003.0,16.0,0.58038
8003.0,17.0,1.0
8004.0,0.0,0.998673
8004.0,1.0,1.0
8004.0,2.0,1.0
8004.0,3.0,0.677739
8004.0,4.0,0.440741
8004.0,5.0,0.39865
8004.0,6.0,0.978158
8004.0,7.0,0.872406
8004.0,8.0,1.0
8004.0,9.0,1.0
8004.0,10.0,0.798538
8004.0,11.0,1.0
8004.0,12.0,0.618163
8004.0,13.0,0.535489
8004.0,14.0,0.974554
8004.0,15.0,0.984366
8004.0,16.0,0.623301
8004.0,17.0,1.0
8005.0,0.0,0.998756
8005.0,1.0,1.0
8005.0,2.0,1.0
8005.0,3.0,0.735823
8005.0,4.0,0.449416
8005.0,5.0,0.383231
8005.0,6.0,0.978115
8005.0,7.0,0.886053
8005.0,8.0,1.0
8005.0,9.0,1.0
8005.0,10.0,0.817191
8005.0,11.0,1.0
8005.0,12.0,0.631312
8005.0,13.0,0.539196
8005.0,14.0,0.976041
8005.0,15.0,0.984578
8005.0,16.0,0.663457
8005.0,17.0,1.0
8006.0,0.0,0.998845
8006.0,1.0,1.0
8006.0,2.0,1.0
8006.0,3.0,0.783493
8006.0,4.0,0.458508
8006.0,5.0,0.374805
8006.0,6.0,0.977827
8006.0,7.0,0.898289
8006.0,8.0,1.0
8006.0,9.0,1.0
8006.0,10.0,0.833256
8006.0,11.0,1.0
8006.0,12.0,0.6442
8006.0,13.0,0.543042
8006.0,14.0,0.977887
8006.0,15.0,0.984654
8006.0,16.0,0.699898
8006.0,17.0,1.0
8007.0,0.0,0.998868
8007.0,1.0,1.0
8007.0,2.0,1.0
8007.0,3.0,0.822923
8007.0,4.0,0.467049
8007.0,5.0,0.373513
8007.0,6.0,0.977672
8007.0,7.0,0.909153
8007.0,8.0,1.0
8007.0,9.0,1.0
8007.0,10.0,0.846936
8007.0,11.0,1.0
8007.0,12.0,0.656324
8007.0,13.0,0.545626
8007.0,14.0,0.97954
8007.0,15.0,0.984788
8007.0,16.0,0.734638
8007.0,17.0,1.0
8008.0,0.0,0.998964
8008.0,1.0,1.0
8008.0,2.0,1.0
8008.0,3.0,0.855731
8008.0,4.0,0.476346
8008.0,5.0,0.377186
8008.0,6.0,0.977787
8008.0,7.0,0.918825
8008.0,8.0,1.0
8008.0,9.0,1.0
8008.0,10.0,0.859683
8008.0,11.0,1.0
8008.0,12.0,0.668655
8008.0,13.0,0.548577
8008.0,14.0,0.980961
8008.0,15.0,0.98464
8008.0,16.0,0.765411
8008.0,17.0,1.0
8009.0,0.0,0.998815
8009.0,1.0,1.0
8009.0,2.0,1.0
8009.0,3.0,0.558082
8009.0,4.0,0.431668
8009.0,5.0,0.461462
8009.0,6.0,0.97881
8009.0,7.0,0.859581
8009.0,8.0,1.0
8009.0,9.0,1.0
8009.0,10.0,0.775623
8009.0,11.0,1.0
8009.0,12.0,0.607395
8009.0,13.0,0.533881
8009.0,14.0,0.972864
8009.0,15.0,0.984699
8009.0,16.0,0.567884
8009.0,17.0,1.0
8010.0,0.0,0.998796
8010.0,1.0,1.0
8010.0,2.0,1.0
8010.0,3.0,0.348372
8010.0,4.0,0.400611
8010.0,5.0,0.521272
8010.0,6.0,0.979573
8010.0,7.0,0.797871
8010.0,8.0,1.0
8010.0,9.0,1.0
8010.0,10.0,0.68347
8010.0,11.0,1.0
8010.0,12.0,0.562587
8010.0,13.0,0.522823
8010.0,14.0,0.96472
8010.0,15.0,0.984647
8010.0,16.0,0.441751
8010.0,17.0,1.0
9000.0,0.0,0.999409
9000.0,1.0,1.0
9000.0,2.0,1.0
9000.0,3.0,0.34884
9000.0,4.0,0.401159
9000.0,5.0,0.543585
9000.0,6.0,0.980226
9000.0,7.0,0.791879
9000.0,8.0,1.0
9000.0,9.0,1.0
9000.0,10.0,0.683047
9000.0,11.0,1.0
9000.0,12.0,0.562403
9000.0,13.0,0.524434
9000.0,14.0,0.958832
9000.0,15.0,0.992995
9000.0,16.0,0.439991
9000.0,17.0,1.0
9001.0,0.0,0.999466
9001.0,1.0,1.0
9001.0,2.0,1.0
9001.0,3.0,0.440523
9001.0,4.0,0.410817
9001.0,5.0,0.504917
9001.0,6.0,0.979837
9001.0,7.0,0.814058
9001.0,8.0,1.0
9001.0,9.0,1.0
9001.0,10.0,0.719501
9001.0,11.0,1.0
9001.0,12.0,0.576658
9001.0,13.0,0.527027
9001.0,14.0,0.961443
9001.0,15.0,0.993003
9001.0,16.0,0.48641
9001.0,17.0,1.0
9002.0,0.0,0.999443
9002.0,1.0,1.0
9002.0,2.0,1.0
9002.0,3.0,0.528637
9002.0,4.0,0.42025
9002.0,5.0,0.46877
9002.0,6.0,0.979558
9002.0,7.0,0.833871
9002.0,8.0,1.0
9002.0,9.0,1.0
9002.0,10.0,0.749592
9002.0,11.0,1.0
9002.0,12.0,0.59026
9002.0,13.0,0.529011
9002.0,14.0,0.964184
9002.0,15.0,0.992961
9002.0,16.0,0.532747
9002.0,17.0,1.0
9003.0,0.0,0.999434
9003.0,1.0,1.0
9003.0,2.0,1.0
9003.0,3.0,0.607982
9003.0,4.0,0.429636
9003.0,5.0,0.437311
9003.0,6.0,0.97934
9003.0,7.0,0.851062
9003.0,8.0,1.0
9003.0,9.0,1.0
9003.0,10.0,0.77553
9003.0,11.0,1.0
9003.0,12.0,0.603584
9003.0,13.0,0.531556
9003.0,14.0,0.966405
9003.0,15.0,0.992923
9003.0,16.0,0.577794
9003.0,17.0,1.0
9004.0,0.0,0.999418
9004.0,1.0,1.0
9004.0,2.0,1.0
9004.0,3.0,0.676557
9004.0,4.0,0.439147
9004.0,5.0,0.413854
9004.0,6.0,0.978842
9004.0,7.0,0.86705
9004.0,8.0,1.0
9004.0,9.0,1.0
9004.0,10.0,0.797747
9004.0,11.0,1.0
9004.0,12.0,0.617329
9004.0,13.0,0.534968
9004.0,14.0,0.968726
9004.0,15.0,0.992853
9004.0,16.0,0.621261
9004.0,17.0,1.0
9005.0,0.0,0.99945
9005.0,1.0,1.0
9005.0,2.0,1.0
9005.0,3.0,0.734808
9005.0,4.0,0.447681
9005.0,5.0,0.398225
9005.0,6.0,0.978632
9005.0,7.0,0.881322
9005.0,8.0,1.0
9005.0,9.0,1.0
9005.0,10.0,0.817311
9005.0,11.0,1.0
9005.0,12.0,0.630987
9005.0,13.0,0.537418
9005.0,14.0,0.970975
9005.0,15.0,0.992882
9005.0,16.0,0.660697
9005.0,17.0,1.0
9006.0,0.0,0.999458
9006.0,1.0,1.0
9006.0,2.0,1.0
9006.0,3.0,0.783488
9006.0,4.0,0.457784
9006.0,5.0,0.388809
9006.0,6.0,0.978351
9006.0,7.0,0.893757
9006.0,8.0,1.0
9006.0,9.0,1.0
9006.0,10.0,0.83411
9006.0,11.0,1.0
9006.0,12.0,0.643487
9006.0,13.0,0.539588
9006.0,14.0,0.972825
9006.0,15.0,0.992755
9006.0,16.0,0.697715
9006.0,17.0,1.0
9007.0,0.0,0.999428
9007.0,1.0,1.0
9007.0,2.0,1.0
9007.0,3.0,0.823548
9007.0,4.0,0.467122
9007.0,5.0,0.386702
9007.0,6.0,0.978162
9007.0,7.0,0.90525
9007.0,8.0,1.0
9007.0,9.0,1.0
9007.0,10.0,0.847789
9007.0,11.0,1.0
9007.0,12.0,0.655944
9007.0,13.0,0.542467
9007.0,14.0,0.974838
9007.0,15.0,0.992782
9007.0,16.0,0.731485
9007.0,17.0,1.0
9008.0,0.0,0.999485
9008.0,1.0,1.0
9008.0,2.0,1.0
9008.0,3.0,0.856241
9008.0,4.0,0.476021
9008.0,5.0,0.390244
9008.0,6.0,0.978092
9008.0,7.0,0.91548
9008.0,8.0,1.0
9008.0,9.0,1.0
9008.0,10.0,0.859963
9008.0,11.0,1.0
9008.0,12.0,0.667698
9008.0,13.0,0.545429
9008.0,14.0,0.976786
9008.0,15.0,0.992841
9008.0,16.0,0.762409
9008.0,17.0,1.0
9009.0,0.0,0.999321
9009.0,1.0,1.0
9009.0,2.0,1.0
9009.0,3.0,0.557658
9009.0,4.0,0.431574
9009.0,5.0,0.476591
9009.0,6.0,0.979075
9009.0,7.0,0.854997
9009.0,8.0,1.0
9009.0,9.0,1.0
9009.0,10.0,0.779548
9009.0,11.0,1.0
9009.0,12.0,0.609625
9009.0,13.0,0.532406
9009.0,14.0,0.967173
9009.0,15.0,0.992382
9009.0,16.0,0.566627
9009.0,17.0,1.0
9010.0,0.0,0.999319
9010.0,1.0,1.0
9010.0,2.0,1.0
9010.0,3.0,0.347691
9010.0,4.0,0.401213
9010.0,5.0,0.545448
9010.0,6.0,0.979571
9010.0,7.0,0.793149
9010.0,8.0,1.0
9010.0,9.0,1.0
9010.0,10.0,0.689379
9010.0,11.0,1.0
9010.0,12.0,0.566849
9010.0,13.0,0.522027
9010.0,14.0,0.957839
9010.0,15.0,0.992199
9010.0,16.0,0.441628
9010.0,17.0,1.0
10000.0,0.0,0.998422
10000.0,1.0,1.0
10000.0,2.0,1.0
10000.0,3.0,0.348819
10000.0,4.0,0.408904
10000.0,5.0,0.558785
10000.0,6.0,0.977728
10000.0,7.0,0.80327
10000.0,8.0,1.0
10000.0,9.0,1.0
10000.0,10.0,0.692316
10000.0,11.0,1.0
10000.0,12.0,0.555563
10000.0,13.0,0.51918
10000.0,14.0,0.950254
10000.0,15.0,0.997382
10000.0,16.0,0.441939
10000.0,17.0,1.0
10001.0,0.0,0.998531
10001.0,1.0,1.0
10001.0,2.0,1.0
10001.0,3.0,0.440512
10001.0,4.0,0.418317
10001.0,5.0,0.519071
10001.0,6.0,0.976685
10001.0,7.0,0.823812
10001.0,8.0,1.0
10001.0,9.0,1.0
10001.0,10.0,0.726212
10001.0,11.0,1.0
10001.0,12.0,0.569167
10001.0,13.0,0.521746
10001.0,14.0,0.953499
10001.0,15.0,0.997464
10001.0,16.0,0.488334
10001.0,17.0,1.0
10002.0,0.0,0.99859
10002.0,1.0,1.0
10002.0,2.0,1.0
10002.0,3.0,0.529234
10002.0,4.0,0.428638
10002.0,5.0,0.481724
10002.0,6.0,0.975714
10002.0,7.0,0.842667
10002.0,8.0,1.0
10002.0,9.0,1.0
10002.0,10.0,0.75495
10002.0,11.0,1.0
10002.0,12.0,0.582546
10002.0,13.0,0.524226
10002.0,14.0,0.956538
10002.0,15.0,0.997611
10002.0,16.0,0.534308
10002.0,17.0,1.0
10003.0,0.0,0.99863
10003.0,1.0,1.0
10003.0,2.0,1.0
10003.0,3.0,0.608605
10003.0,4.0,0.438303
10003.0,5.0,0.450227
10003.0,6.0,0.974692
10003.0,7.0,0.859192
10003.0,8.0,1.0
10003.0,9.0,1.0
10003.0,10.0,0.779384
10003.0,11.0,1.0
10003.0,12.0,0.595855
10003.0,13.0,0.527176
10003.0,14.0,0.959764
10003.0,15.0,0.997639
10003.0,16.0,0.579178
10003.0,17.0,1.0
10004.0,0.0,0.998584
10004.0,1.0,1.0
10004.0,2.0,1.0
10004.0,3.0,0.677004
10004.0,4.0,0.448194
10004.0,5.0,0.426486
10004.0,6.0,0.973991
10004.0,7.0,0.874395
10004.0,8.0,1.0
10004.0,9.0,1.0
10004.0,10.0,0.800337
10004.0,11.0,1.0
10004.0,12.0,0.609537
10004.0,13.0,0.531294
10004.0,14.0,0.963009
10004.0,15.0,0.99762
10004.0,16.0,0.621309
10004.0,17.0,1.0
10005.0,0.0,0.998678
10005.0,1.0,1.0
10005.0,2.0,1.0
10005.0,3.0,0.736177
10005.0,4.0,0.458235
10005.0,5.0,0.410366
10005.0,6.0,0.972968
10005.0,7.0,0.887475
10005.0,8.0,1.0
10005.0,9.0,1.0
10005.0,10.0,0.817969
10005.0,11.0,1.0
10005.0,12.0,0.621432
10005.0,13.0,0.534192
10005.0,14.0,0.965544
10005.0,15.0,0.997642
10005.0,16.0,0.661672
10005.0,17.0,1.0
10006.0,0.0,0.998785
10006.0,1.0,1.0
10006.0,2.0,1.0
10006.0,3.0,0.784755
10006.0,4.0,0.468191
10006.0,5.0,0.402241
10006.0,6.0,0.97244
10006.0,7.0,0.899271
10006.0,8.0,1.0
10006.0,9.0,1.0
10006.0,10.0,0.834116
10006.0,11.0,1.0
10006.0,12.0,0.634263
10006.0,13.0,0.536595
10006.0,14.0,0.967682
10006.0,15.0,0.99764
10006.0,16.0,0.698379
10006.0,17.0,1.0
10007.0,0.0,0.99888
10007.0,1.0,1.0
10007.0,2.0,1.0
10007.0,3.0,0.82473
10007.0,4.0,0.477181
10007.0,5.0,0.401141
10007.0,6.0,0.971941
10007.0,7.0,0.909734
10007.0,8.0,1.0
10007.0,9.0,1.0
10007.0,10.0,0.84878
10007.0,11.0,1.0
10007.0,12.0,0.646866
10007.0,13.0,0.539478
10007.0,14.0,0.969709
10007.0,15.0,0.997699
10007.0,16.0,0.732894
10007.0,17.0,1.0
10008.0,0.0,0.998948
10008.0,1.0,1.0
10008.0,2.0,1.0
10008.0,3.0,0.858123
10008.0,4.0,0.485946
10008.0,5.0,0.404739
10008.0,6.0,0.971171
10008.0,7.0,0.919461
10008.0,8.0,1.0
10008.0,9.0,1.0
10008.0,10.0,0.860986
10008.0,11.0,1.0
10008.0,12.0,0.658827
10008.0,13.0,0.542308
10008.0,14.0,0.971639
10008.0,15.0,0.99781
10008.0,16.0,0.762873
10008.0,17.0,1.0
10009.0,0.0,0.998619
10009.0,1.0,1.0
10009.0,2.0,1.0
10009.0,3.0,0.559234
10009.0,4.0,0.441173
10009.0,5.0,0.487372
10009.0,6.0,0.974991
10009.0,7.0,0.861353
10009.0,8.0,1.0
10009.0,9.0,1.0
10009.0,10.0,0.780281
10009.0,11.0,1.0
10009.0,12.0,0.600694
10009.0,13.0,0.526857
10009.0,14.0,0.960682
10009.0,15.0,0.997692
10009.0,16.0,0.565079
10009.0,17.0,1.0
10010.0,0.0,0.99831
10010.0,1.0,1.0
10010.0,2.0,1.0
10010.0,3.0,0.346841
10010.0,4.0,0.410096
10010.0,5.0,0.556188
10010.0,6.0,0.978145
10010.0,7.0,0.801452
10010.0,8.0,1.0
10010.0,9.0,1.0
10010.0,10.0,0.691914
10010.0,11.0,1.0
10010.0,12.0,0.556486
10010.0,13.0,0.517322
10010.0,14.0,0.950096
10010.0,15.0,0.997556
10010.0,16.0,0.440148
10010.0,17.0,1.0
